1.5 10.864445 10.819702 10.976688
4.5 3.6916382 3.6767163 3.7293022
7.5 1.7430562 1.7388669 1.7536977
10.5 0.986033 0.98234229 0.99543338
13.5 0.62153005 0.6168077 0.63357266
16.5 0.42126718 0.41812942 0.42929838
19.5 0.3013417 0.29858205 0.30842491
22.5 0.22310725 0.21949721 0.23238641
25.5 0.16893252 0.16531026 0.17826736
28.5 0.12804564 0.1265026 0.13204882
31.5 0.10179344 0.10164201 0.10221322
34.5 0.080000985 0.08014186 0.079664735
37.5 0.063911908 0.063160415 0.065889835
40.5 0.053787595 0.052981246 0.055912681
43.5 0.042735399 0.042787903 0.042625957
46.5 0.035316548 0.035259542 0.035492879
49.5 0.029417461 0.029550793 0.029095219
52.5 0.024414608 0.024785178 0.023468257
55.5 0.020820982 0.021212052 0.019818168
58.5 0.015828331 0.016908324 0.013004242
61.5 0.013308291 0.013771174 0.012110234
64.5 0.011875545 0.012416174 0.010468197
67.5 0.0095419289 0.0098442274 0.0087648552
70.5 0.0079886377 0.0085627306 0.0064851147
73.5 0.0061702082 0.0066366952 0.0049504436
76.5 0.0045486581 0.0049140878 0.0035964962
79.5 0.0044551936 0.0047559019 0.0036744793
82.5 0.0038437628 0.0038960381 0.0037297751
85.5 0.0039340468 0.0040386246 0.003678616
88.5 0.0030005743 0.0035141178 0.001638416
91.5 0.0044590719 0.0046171912 0.0040571976
94.5 0.0045194859 0.0044148324 0.0048306576
97.5 0.0050322475 0.0048275653 0.0056166155
100.5 0.0047345012 0.004949886 0.0041732018
103.5 0.0045268526 0.0048597707 0.0036424113
106.5 0.0048949545 0.005237305 0.0039825622
109.5 0.0040075625 0.0042800156 0.0032850897
112.5 0.0034466042 0.0037742434 0.0025702434
115.5 0.002855299 0.0033758867 0.0014435224
118.5 0.0021189612 0.002475662 0.0011577395
121.5 0.0019075116 0.0025034297 0.00027962407
124.5 0.0015473254 0.0017938574 0.0008879935
127.5 0.00099523059 0.0013058646 0.0001554187
130.5 0.0010816238 0.0013848552 0.00026044987
133.5 0.00042475022 0.00064562587 -0.00016758176
136.5 5.8965785e-05 0.00014125379 -0.00014536102
139.5 -0.00037442923 -0.00032129289 -0.00049718318
142.5 -0.00041449164 -0.00027125496 -0.00079202344
145.5 3.9271995e-05 -4.9368666e-05 0.00031716826
148.5 8.2056202e-05 0.00022322207 -0.00029148431
151.5 0.00023049846 0.00036432782 -0.00012310634
154.5 0.00074607453 0.00071985986 0.00084789563
157.5 0.00042141807 0.00056552737 3.6660702e-05
160.5 0.00018159129 5.1704114e-05 0.00058080494
163.5 -8.3938213e-06 -9.8815247e-05 0.00027839217
166.5 -0.0001140632 -0.00026159143 0.00033774936
169.5 -9.9089978e-05 -0.00035083512 0.00065445485
172.5 -8.6053605e-05 -0.00034280799 0.00068372571
175.5 -0.00016313302 -0.00045517466 0.0007107417
178.5 -0.00056791635 -0.00070040796 -0.00015565703
181.5 -0.00086259407 -0.00083702557 -0.00090983342
184.5 -0.00074474524 -0.00097730078 -3.8415509e-05
187.5 -0.00077953104 -0.0010051107 -9.1992887e-05
190.5 -0.0011350233 -0.0012644579 -0.00072798528
193.5 -0.00085262547 -0.00081373791 -0.00093966678
196.5 -0.001221279 -0.0012925909 -0.00098372939
