1.5 10.945243 10.823873 11.257653
4.5 3.7137188 3.7037498 3.7396173
7.5 1.7557712 1.7570652 1.7524842
10.5 0.98420586 0.98861741 0.97277003
13.5 0.61710485 0.61723539 0.61680579
16.5 0.41666746 0.41819274 0.41271053
19.5 0.29841844 0.29791969 0.29976199
22.5 0.21771689 0.21765796 0.21790426
25.5 0.16484683 0.16450506 0.16578006
28.5 0.12568142 0.12418274 0.12967792
31.5 0.098350768 0.09637005 0.10363538
34.5 0.080645813 0.080300466 0.081593321
37.5 0.065862634 0.066400676 0.06445653
40.5 0.052598497 0.052232784 0.053604478
43.5 0.04352097 0.04376816 0.042886697
46.5 0.035341425 0.035867884 0.033955015
49.5 0.029300777 0.030000874 0.027443004
52.5 0.024925774 0.025876173 0.022387803
55.5 0.02132285 0.022599783 0.017894747
58.5 0.017125832 0.018622762 0.013092298
61.5 0.015035582 0.015805169 0.012970173
64.5 0.011502514 0.012857274 0.007836518
67.5 0.0091671102 0.010095915 0.0066562544
70.5 0.0075103415 0.0086514717 0.0044116651
73.5 0.006005706 0.0069644938 0.0034000904
76.5 0.0055158027 0.006982399 0.0015057629
79.5 0.0037316547 0.0047923339 0.00083203646
82.5 0.003267487 0.0039855129 0.0013087343
85.5 0.0029456678 0.0035234038 0.0013710318
88.5 0.0033000773 0.00382192 0.0018770006
91.5 0.0034399622 0.0038697378 0.00227
94.5 0.0041772212 0.0043570101 0.0037025164
97.5 0.0038190026 0.0038557812 0.0037434659
100.5 0.0037261907 0.0036785228 0.0038873996
103.5 0.0036119721 0.0040606506 0.0023772818
106.5 0.0035955249 0.0039596293 0.0025964096
109.5 0.0027415658 0.0031780252 0.001535409
112.5 0.0026804144 0.0032611089 0.0010627535
115.5 0.0019874028 0.0023641918 0.00094481594
118.5 0.0011662092 0.0015051458 0.00022883017
121.5 0.00040089424 0.00071145027 -0.00045785054
124.5 0.00031656557 0.00064770671 -0.00060315601
127.5 0.00031577668 0.0003174312 0.00033857405
130.5 0.00032447548 0.00010440903 0.00098457265
133.5 -0.00023702724 -0.00045538571 0.00041968857
136.5 -3.9554521e-05 -1.8209087e-05 -7.3606635e-05
139.5 -0.00018033997 -0.00036279832 0.00037550096
142.5 0.00018325156 -3.6147324e-06 0.00075321258
145.5 -1.4417283e-05 -0.00034683979 0.00098027616
148.5 5.3527312e-05 -0.0001124185 0.00056513035
151.5 -0.00018083367 -0.00033551488 0.00029901564
154.5 0.00022280395 0.00015186562 0.00045839947
157.5 0.00038823583 0.00056447815 -0.00010163916
160.5 0.00059852517 0.0010189139 -0.00061137863
163.5 0.0008340752 0.001274519 -0.00043793393
166.5 0.000547002 0.00084144013 -0.00029619163
169.5 0.0002617311 0.00085701638 -0.0014756052
172.5 -0.00010766464 0.00027186757 -0.0012078923
175.5 -0.00013109996 0.00053375868 -0.0020841143
178.5 -0.00036717046 0.00031480489 -0.0023760481
181.5 -0.0003071306 0.00027083639 -0.0020095221
184.5 -0.00025369819 0.00035551344 -0.0020539388
187.5 -0.00041826686 0.00031397643 -0.002592894
190.5 -0.00074470759 -2.3668265e-05 -0.0028907618
193.5 -0.00073936059 -3.9227453e-05 -0.0028273975
196.5 -0.00038500898 0.00035079151 -0.0025860671
