1.5 10.965912 11.002107 10.876671
4.5 3.7172537 3.7239258 3.7007714
7.5 1.7550296 1.7592796 1.744494
10.5 0.98364496 0.98614147 0.97744244
13.5 0.61784675 0.6176127 0.61847572
16.5 0.41830064 0.41656462 0.42270925
19.5 0.2939273 0.29233265 0.29798733
22.5 0.22196046 0.21766321 0.23287312
25.5 0.16826889 0.16544819 0.17546126
28.5 0.12722799 0.12594704 0.13051816
31.5 0.099576325 0.098079429 0.10342503
34.5 0.077277049 0.075177336 0.082676607
37.5 0.063016054 0.061281119 0.067493927
40.5 0.050512435 0.048875148 0.054749724
43.5 0.040641044 0.039244643 0.044267748
46.5 0.032001735 0.031143054 0.03424784
49.5 0.026492011 0.024738007 0.031062983
52.5 0.021658948 0.019944655 0.026137238
55.5 0.017850455 0.01601222 0.022662338
58.5 0.015489812 0.014289238 0.018649488
61.5 0.012997095 0.012193895 0.01512492
64.5 0.011340059 0.011400897 0.011207351
67.5 0.0081474998 0.0081319693 0.0082150863
70.5 0.0073051664 0.0068287021 0.0085873432
73.5 0.0065393474 0.0068301564 0.0057979931
76.5 0.0054699668 0.0054882734 0.0054482394
79.5 0.0050364125 0.0049607066 0.0052640984
82.5 0.0045504559 0.0046118093 0.004413989
85.5 0.0043741443 0.0047335245 0.0034424536
88.5 0.0042297063 0.0048677957 0.0025506457
91.5 0.0044139489 0.0051088591 0.0025786478
94.5 0.004996717 0.0060800847 0.0021133947
97.5 0.0047877331 0.0057437463 0.0022403578
100.5 0.0047664271 0.0058185803 0.0019534486
103.5 0.0050495743 0.0059576466 0.0026195029
106.5 0.0043186694 0.0045775211 0.003643577
109.5 0.0036433114 0.0038779561 0.003032308
112.5 0.0027381365 0.0028344082 0.0025027007
115.5 0.0018229127 0.001836391 0.0018129996
118.5 0.00090804289 0.00074803348 0.0013730781
121.5 0.00071030843 0.00059443862 0.0010552763
124.5 7.9136817e-05 -0.00014304284 0.00071736758
127.5 0.00015394328 0.00020095596 5.1238285e-05
130.5 2.7515501e-05 0.00030753655 -0.00071965961
133.5 -0.00039842502 -3.8044712e-05 -0.0013701641
136.5 -0.00065106115 -0.00027120501 -0.0016792691
139.5 -0.00083307778 -0.00085424459 -0.0007471297
142.5 -0.00073089794 -0.00042239795 -0.0015650089
145.5 -0.000800083 -0.0010014385 -0.00020963325
148.5 -0.0010665975 -0.0010976753 -0.0009523658
151.5 -0.00046125737 -0.00045071338 -0.00046380159
154.5 -0.0005995021 -0.00060436607 -0.000558674
157.5 -0.0003243769 -0.00063971603 0.00059360645
160.5 -0.00073414605 -0.00098833032 1.2816151e-05
163.5 -0.0007075799 -0.00085028685 -0.00027531788
166.5 -0.00067800443 -0.00087556397 -8.8669288e-05
169.5 -0.00047147831 -0.00071711285 0.00025632615
172.5 -0.00046411447 -0.00062775877 3.0975203e-05
175.5 -0.00038401506 -0.00050134274 -2.0514517e-05
178.5 -0.00054552168 -0.0006968772 -8.3443041e-05
181.5 -0.00069901304 -0.00079149974 -0.00040538204
184.5 -0.00037269029 -0.00045440227 -0.00010949946
187.5 -0.0004869685 -0.00070113866 0.00016002283
190.5 -0.00028969672 -0.00052902879 0.00043175945
193.5 -0.00026939751 -0.00047839879 0.00036556798
196.5 -3.9745817e-05 -0.00016857278 0.0003630621
