1.5 10.860914 10.855723 10.873652
4.5 3.7318235 3.7252694 3.7477581
7.5 1.7751755 1.768308 1.791871
10.5 1.0021469 0.99850613 1.0110448
13.5 0.63270557 0.62679106 0.64716557
16.5 0.42837537 0.42517015 0.4362455
19.5 0.30739446 0.30333769 0.3173689
22.5 0.22755826 0.22124505 0.24310302
25.5 0.17414348 0.17018366 0.18393093
28.5 0.13409755 0.13167149 0.14012003
31.5 0.10540846 0.10365872 0.1097702
34.5 0.084262855 0.082939544 0.087576054
37.5 0.066135998 0.064367141 0.070566567
40.5 0.053997685 0.052090855 0.058782883
43.5 0.043937045 0.042158573 0.048412848
46.5 0.035644174 0.03428858 0.039070561
49.5 0.029595946 0.027999119 0.033637255
52.5 0.023873679 0.022553173 0.027227889
55.5 0.019317922 0.017764146 0.023269568
58.5 0.014690872 0.013633429 0.017395203
61.5 0.011949101 0.010594474 0.015414304
64.5 0.010891646 0.009983598 0.013228895
67.5 0.008600496 0.0078787949 0.010467909
70.5 0.007180141 0.006998361 0.0076713943
73.5 0.0059295453 0.0053161865 0.0075281931
76.5 0.005548512 0.0048289118 0.0074240443
79.5 0.0043681235 0.004093423 0.0051021208
82.5 0.0040242946 0.0042062551 0.003580947
85.5 0.0041867001 0.0039389952 0.0048542798
88.5 0.0040338425 0.0040185703 0.0040999552
91.5 0.0050114001 0.005262578 0.0043847531
94.5 0.0054729193 0.0056320329 0.0050847095
97.5 0.0057339939 0.0057885749 0.0056179726
100.5 0.0058775386 0.0061636094 0.005154852
103.5 0.0060153395 0.0063101072 0.0052680099
106.5 0.0053639049 0.0054762166 0.0050949899
109.5 0.0048011965 0.0050098092 0.0042774905
112.5 0.0038545488 0.0039551046 0.00361531
115.5 0.0026397196 0.0027229859 0.002445661
118.5 0.0013032553 0.0014107659 0.001044244
121.5 0.00061560351 0.0011470104 -0.00077326131
124.5 0.00016809223 0.00081262388 -0.0015261906
127.5 -0.00017782591 0.00054534482 -0.0020866754
130.5 -0.00067074298 2.4910966e-05 -0.0025104234
133.5 -0.00050293285 0.00053709796 -0.0032732947
136.5 -0.00050930837 0.00041297579 -0.0029688883
139.5 -0.00047022456 0.00042060921 -0.0028507583
142.5 -0.00042557083 0.00020322586 -0.0021021341
145.5 -7.8077547e-05 0.00056161304 -0.0017882452
148.5 -1.3401661e-05 0.00055932817 -0.0015454851
151.5 0.00025927598 0.00095934706 -0.0016239527
154.5 2.1561955e-05 0.00072579558 -0.0018776472
157.5 -0.00010839129 0.00031181119 -0.0012334854
160.5 -0.0001844809 0.00032871371 -0.0015678924
163.5 -0.00061909085 -0.00028452793 -0.0015137753
166.5 -0.00032968518 0.0001438217 -0.0016102205
169.5 3.6482936e-05 0.00052143861 -0.0012788112
172.5 -5.5072897e-05 0.00041561793 -0.0013339566
175.5 0.0003613918 0.00091306763 -0.0011458135
178.5 0.00086190204 0.0014915577 -0.0008663454
181.5 0.00072162363 0.001285692 -0.0008275646
184.5 0.0011089035 0.0016445924 -0.00036450405
187.5 0.00087928877 0.0015818786 -0.0010662691
190.5 0.00088547891 0.0015245542 -0.00088598243
193.5 0.00083637557 0.0014121366 -0.00076074974
196.5 0.00051196442 0.0011901829 -0.0013787093
