1.5 10.89873 10.936696 10.803022
4.5 3.73237 3.7154632 3.7754762
7.5 1.7523308 1.7539234 1.7483377
10.5 0.98179548 0.98256701 0.97987056
13.5 0.61792003 0.61958491 0.6136861
16.5 0.42023404 0.42313282 0.4128077
19.5 0.30158093 0.30339883 0.29692239
22.5 0.22245898 0.22408912 0.21827162
25.5 0.16587081 0.16676043 0.16359251
28.5 0.13018845 0.1312126 0.12755336
31.5 0.10108275 0.099983616 0.10397922
34.5 0.079910522 0.078766207 0.082931622
37.5 0.063377492 0.062527832 0.065633593
40.5 0.051030063 0.050452256 0.052576771
43.5 0.040952405 0.040931005 0.041036659
46.5 0.033387002 0.032915451 0.03466031
49.5 0.028626086 0.028783698 0.028236325
52.5 0.023256672 0.023740943 0.021998787
55.5 0.02005679 0.019928605 0.020425317
58.5 0.016917863 0.017114893 0.016419691
61.5 0.013727959 0.01356885 0.014180731
64.5 0.011143883 0.010963329 0.011655142
67.5 0.0091365313 0.0086703405 0.010416409
70.5 0.0076230673 0.0067878756 0.0098998292
73.5 0.006378536 0.0054959906 0.0087886505
76.5 0.0050921569 0.0037547206 0.0087393795
79.5 0.0040410381 0.0028819317 0.0072130841
82.5 0.0040305892 0.0025251253 0.0081520327
85.5 0.0043236931 0.0029646461 0.0080560614
88.5 0.0036719942 0.0025220286 0.0068418312
91.5 0.0042689256 0.0031075036 0.0074775552
94.5 0.0040894627 0.0030537674 0.0069606804
97.5 0.0046285134 0.0033822089 0.0080863084
100.5 0.0045826641 0.0037097468 0.0070184507
103.5 0.0038247099 0.0031301253 0.0057731532
106.5 0.0035275721 0.0030558462 0.0048626371
109.5 0.0032976719 0.0029368828 0.0043276728
112.5 0.0029035454 0.0030055426 0.0026467889
115.5 0.0020802212 0.0022160956 0.0017281698
118.5 0.0019909089 0.0021630753 0.0015363906
121.5 0.0013467903 0.0015403098 0.00083118351
124.5 0.00064326173 0.00096596831 -0.00023698665
127.5 -0.00011251319 9.8637289e-05 -0.00068042262
130.5 -0.00016974855 0.00011488293 -0.00094673489
133.5 -0.00041296412 -0.00021144071 -0.00095645209
136.5 -0.0006867518 -0.0006261194 -0.00083150942
139.5 -0.0012986425 -0.0012981906 -0.0012725022
142.5 -0.0010363493 -0.0008284467 -0.0016021373
145.5 -0.0010653309 -0.0007783895 -0.0018585822
148.5 -0.00079660937 -0.00070867756 -0.0010212311
151.5 -0.00099372295 -0.00088709561 -0.0012726676
154.5 -0.00063410466 -0.00069152945 -0.0004411365
157.5 -0.0013683468 -0.001510901 -0.00092914335
160.5 -0.0013092585 -0.0014791076 -0.00079003338
163.5 -0.001391007 -0.0013403255 -0.0015104962
166.5 -0.00073046574 -0.00063881273 -0.00096944524
169.5 -0.00042286738 -0.00027327432 -0.00083137345
172.5 1.8596691e-05 4.0957847e-05 -1.9094317e-05
175.5 -2.8061888e-05 -0.00013518492 0.00031342084
178.5 -0.00044248556 -0.00027012481 -0.00092093058
181.5 -0.00011471977 9.1107777e-05 -0.00069287658
184.5 0.00018893993 0.0006497924 -0.0011430906
187.5 0.00010950245 0.00036650976 -0.00062285583
190.5 -0.00030162812 -0.00028986578 -0.00030874382
193.5 -0.00022871096 -0.00010972683 -0.00055451567
196.5 -0.00023965375 -6.7909887e-05 -0.00072342997
