1.5 10.824033 10.86636 10.719175
4.5 3.7054759 3.7073226 3.7009766
7.5 1.7606383 1.7617758 1.7578558
10.5 0.98825516 0.9928175 0.97683027
13.5 0.62703104 0.63036183 0.61866902
16.5 0.42186757 0.42373412 0.41718267
19.5 0.2999182 0.30035321 0.29884832
22.5 0.22007036 0.22140949 0.21669654
25.5 0.16564558 0.16601986 0.16472132
28.5 0.12596096 0.12679362 0.12386152
31.5 0.099608808 0.10159014 0.094559683
34.5 0.079306913 0.080781176 0.075547629
37.5 0.06279201 0.063102048 0.062021108
40.5 0.050778975 0.05116133 0.049819154
43.5 0.041140188 0.041984283 0.038982453
46.5 0.033698796 0.034202432 0.032418892
49.5 0.028231863 0.029265147 0.025570612
52.5 0.023200949 0.023870699 0.0214813
55.5 0.019470802 0.020198627 0.017594931
58.5 0.017257974 0.017211128 0.017407422
61.5 0.013996444 0.013935288 0.01418371
64.5 0.012286051 0.011859925 0.013434786
67.5 0.0098248523 0.0094056542 0.010957936
70.5 0.0085043259 0.0085107564 0.0085138242
73.5 0.0071110835 0.0075284343 0.0060305385
76.5 0.0062854432 0.0068297791 0.004864505
79.5 0.0057351258 0.0060236088 0.004992678
82.5 0.0061596919 0.0062062031 0.0060619291
85.5 0.0059484365 0.0059592957 0.0059458706
88.5 0.0054455553 0.0057565905 0.0046370247
91.5 0.0057431875 0.0058451776 0.0054952607
94.5 0.0055421689 0.0054622191 0.0057843843
97.5 0.0059700421 0.0056892523 0.0067558921
100.5 0.005822466 0.0057366469 0.0060816581
103.5 0.0054708129 0.0052283157 0.0061563053
106.5 0.0046529882 0.0044044856 0.0053563441
109.5 0.0043486998 0.0040364217 0.0052278475
112.5 0.0028777298 0.0026163875 0.0036194611
115.5 0.0021030857 0.0020139372 0.0023741937
118.5 0.00096043571 0.00064317788 0.0018593648
121.5 0.00052230238 0.00021043883 0.0014084994
124.5 -0.00024998101 -0.00053333218 0.0005594779
127.5 -0.00056094754 -0.0010271552 0.00075683755
130.5 -0.0010353073 -0.0015631382 0.00045667828
133.5 -0.00099511283 -0.0013996492 0.00015730906
136.5 -0.0011617242 -0.0013029707 -0.00074111104
139.5 -0.0010247171 -0.0015156694 0.00037477355
142.5 -0.0013977857 -0.0017223106 -0.00046146543
145.5 -0.00097649347 -0.0013094508 -1.4292345e-05
148.5 -0.0009000029 -0.00089040669 -0.00090039432
151.5 -0.00091122394 -0.00078238986 -0.0012483261
154.5 -0.00099120943 -0.00069504367 -0.00180277
157.5 -0.00068398255 -0.0005705525 -0.0009790935
160.5 -0.0005104813 -0.00021251244 -0.0013311488
163.5 -0.00068550627 -0.0002331049 -0.0019484076
166.5 -0.00027392566 -2.1474586e-05 -0.00096854557
169.5 -0.00033804037 5.1186702e-05 -0.0014261162
172.5 -0.00018358864 8.143159e-05 -0.00091769038
175.5 -0.00016112219 -6.444989e-05 -0.00041254073
178.5 -0.00054988652 -0.0005218916 -0.00060383745
181.5 -0.00076942068 -0.00098459341 -0.00012036717
184.5 -0.00072406576 -0.00098674806 6.4197081e-05
187.5 -0.0011723156 -0.0013793158 -0.00054402815
190.5 -0.00085528551 -0.0010945889 -0.00013146823
193.5 -0.00097634063 -0.0010597423 -0.00070597762
196.5 -0.00049618039 -0.00054474082 -0.00032716629
