1.5 10.883354 10.885942 10.877021
4.5 3.7133174 3.7059345 3.7324271
7.5 1.7556382 1.7535642 1.7610589
10.5 0.99024455 0.99202904 0.98567317
13.5 0.62619513 0.62577183 0.62733668
16.5 0.42567446 0.42721668 0.42169431
19.5 0.30164754 0.30232013 0.29992504
22.5 0.22435435 0.22513528 0.22234143
25.5 0.1693724 0.17024569 0.16710996
28.5 0.12899089 0.12845077 0.13044271
31.5 0.10232268 0.10201773 0.10315673
34.5 0.081265302 0.080082515 0.084423258
37.5 0.06405977 0.063851703 0.064640021
40.5 0.052456268 0.052125218 0.053364614
43.5 0.043006339 0.042635119 0.044023755
46.5 0.035383012 0.035037196 0.036334852
49.5 0.028034811 0.027898327 0.028427996
52.5 0.023086669 0.022667719 0.024239119
55.5 0.017346012 0.016922501 0.018513407
58.5 0.014212294 0.013419736 0.016378371
61.5 0.011281159 0.010996859 0.012077421
64.5 0.0082250727 0.0072798186 0.01081565
67.5 0.0068415758 0.0063082931 0.0083183665
70.5 0.0056584011 0.0052324666 0.0068461585
73.5 0.0047468216 0.0046571505 0.005018859
76.5 0.0027330544 0.0025949476 0.0031383025
79.5 0.0029334148 0.0030667162 0.0025945835
82.5 0.0028933668 0.0034584534 0.0013656402
85.5 0.0022002802 0.0030617947 -0.00014888198
88.5 0.0023319526 0.0033091276 -0.00034263922
91.5 0.0021929468 0.0028301225 0.0004542717
94.5 0.0018108492 0.0025793876 -0.00029708679
97.5 0.0019351103 0.0026669957 -7.5862262e-05
100.5 0.0019796611 0.0026575615 0.00011454425
103.5 0.0018951319 0.0025390277 0.00012056346
106.5 0.0021078703 0.0028290053 0.00011254655
109.5 0.0016177858 0.0020502178 0.00042921497
112.5 0.0012953577 0.0016400006 0.00035135609
115.5 0.00063008015 0.00086094012 5.1571418e-06
118.5 0.00035278786 0.00044140761 0.00012913076
121.5 -0.00026232631 -0.00012913189 -0.00061312515
124.5 -0.00039330853 -0.00060420262 0.00023411943
127.5 -0.00013156942 -0.0001823424 4.0601037e-05
130.5 -0.00030648407 -9.7172019e-05 -0.00087757714
133.5 -0.00046619502 -0.00043331788 -0.00053303749
136.5 -0.00062447873 -0.00069916391 -0.00038250217
139.5 -0.00078465516 -0.00058630793 -0.001328432
142.5 -0.00077181042 -0.00059470181 -0.0012556498
145.5 -0.00067440947 -0.00064926101 -0.00071970136
148.5 -0.00034107604 -0.00020615547 -0.00070493853
151.5 0.00046641907 0.00055487601 0.00023677028
154.5 -0.00010390722 6.214182e-05 -0.00056032199
157.5 -1.7552714e-05 0.00015656462 -0.00049866728
160.5 8.5294519e-05 0.00020641919 -0.00024182393
163.5 0.00036441865 0.0005123817 -4.229956e-05
166.5 0.00042318859 0.000371386 0.00060331387
169.5 0.00014616308 0.00021929377 -4.1848113e-05
172.5 0.0008493637 0.0011340318 3.5430881e-05
175.5 0.00054110785 0.00073192553 3.3321833e-06
178.5 0.00057154672 0.00066202983 0.00033052032
181.5 0.00047904729 0.00063239312 5.0184618e-05
184.5 0.00034989938 0.0004378327 0.00011524141
187.5 0.00036803071 0.00045035822 0.00014955054
190.5 0.00023966524 0.00031998021 2.6657914e-05
193.5 0.00015447316 0.00015036721 0.00019472181
196.5 0.0006121038 0.00051884675 0.00092107701
