1.5 11.134524 11.148719 11.099579
4.5 3.7692556 3.7667044 3.7757413
7.5 1.7762176 1.7703379 1.7910099
10.5 0.99861819 0.99734044 1.0018803
13.5 0.63267004 0.63004589 0.639328
16.5 0.42958304 0.42756189 0.43472887
19.5 0.30749739 0.30561008 0.31231442
22.5 0.2263908 0.22529832 0.22919919
25.5 0.17125113 0.17047898 0.17324958
28.5 0.13321328 0.13303329 0.13370297
31.5 0.10356104 0.10343046 0.10392462
34.5 0.081618496 0.081558119 0.081802129
37.5 0.066495453 0.066508975 0.066488919
40.5 0.053418265 0.053450171 0.053363908
43.5 0.043835537 0.043695457 0.044225673
46.5 0.037148323 0.037439777 0.036420075
49.5 0.028962713 0.029706034 0.027057536
52.5 0.024434707 0.025445308 0.021828406
55.5 0.018959963 0.018957934 0.018992498
58.5 0.016070909 0.015501717 0.017588756
61.5 0.013363887 0.012489995 0.01568523
64.5 0.010871307 0.0096409597 0.014136375
67.5 0.0092729644 0.0080785929 0.012450869
70.5 0.0079109543 0.0067192247 0.011089473
73.5 0.0069711356 0.0060311378 0.0094900467
76.5 0.005944367 0.0047497026 0.0091461741
79.5 0.0050278232 0.0044754303 0.0065263391
82.5 0.0049240629 0.003707187 0.0082003206
85.5 0.0042076542 0.0025237146 0.0087421095
88.5 0.0035956348 0.0017927856 0.0084598927
91.5 0.0030342655 0.0010611565 0.0083677965
94.5 0.0031735663 0.0015962545 0.00745309
97.5 0.003231333 0.0017803304 0.0071797639
100.5 0.0027944439 0.0016074727 0.006036997
103.5 0.0021893624 0.0012956422 0.0046434705
106.5 0.0020630564 0.0010612571 0.0048169315
109.5 0.0026675916 0.0019959483 0.0045273944
112.5 0.0022071935 0.0020426893 0.0026843324
115.5 0.00071367085 0.0009034739 0.00022054578
118.5 -6.9633348e-05 -2.2853349e-05 -0.00017094466
121.5 -0.00073507889 -0.00068691612 -0.00084049954
124.5 -0.00044715723 -0.00081191613 0.00058737019
127.5 -0.00090384948 -0.0014009178 0.00049932306
130.5 -0.0008548144 -0.0012185127 0.00018164536
133.5 -0.00082929079 -0.0011726293 0.00015301505
136.5 -0.0010287657 -0.0015265845 0.00038652247
139.5 -0.0011003645 -0.0016459892 0.0004518772
142.5 -0.0011740295 -0.0011483889 -0.0012184591
145.5 -0.0012796516 -0.0014240796 -0.00084664301
148.5 -0.0010875054 -0.0012621534 -0.00056842047
151.5 -0.00077994624 -0.0010699727 6.5914887e-05
154.5 -0.00076641757 -0.00095898117 -0.00019423742
157.5 -0.00075512164 -0.0010493783 0.00010670846
160.5 -0.00069213185 -0.0010746289 0.00042252999
163.5 -0.00024905102 -0.00071733913 0.0011126368
166.5 -0.00061406748 -0.00071927925 -0.00028600797
169.5 -0.00057141623 -0.00046599633 -0.00084554667
172.5 -1.2912778e-05 9.5487201e-05 -0.00029627733
175.5 -0.00031463917 -0.00016709113 -0.00071132468
178.5 0.00010574852 0.00039986959 -0.00071450573
181.5 -0.00027290043 5.3710269e-05 -0.0011890841
184.5 -0.0004399321 -9.5905688e-05 -0.0014087884
187.5 -0.00061259147 -0.00031855356 -0.0014386347
190.5 -0.00052535131 -0.00011495371 -0.001692072
193.5 -0.00046379357 -2.1767488e-05 -0.0017256234
196.5 -0.00050717447 0.00014973463 -0.0024004443
