1.5 11.046002 11.047107 11.043522
4.5 3.7448002 3.7347701 3.7702432
7.5 1.7552707 1.7554851 1.7547967
10.5 0.98121809 0.97642427 0.99345527
13.5 0.61662608 0.61409418 0.62312419
16.5 0.4205707 0.41968255 0.42287822
19.5 0.29808185 0.29689366 0.30116137
22.5 0.21958602 0.21959329 0.21959937
25.5 0.16596093 0.16793586 0.16090142
28.5 0.1276104 0.12894854 0.12418245
31.5 0.098871566 0.1009091 0.093622641
34.5 0.078012612 0.080759233 0.070909049
37.5 0.061321079 0.06386247 0.054732538
40.5 0.051262295 0.053128001 0.04642101
43.5 0.041528714 0.043045156 0.037588861
46.5 0.033896746 0.034544203 0.032226122
49.5 0.027864147 0.028391958 0.026503739
52.5 0.02276245 0.022921536 0.02237059
55.5 0.017808815 0.017331103 0.019098424
58.5 0.015815615 0.014929852 0.018189137
61.5 0.013353629 0.012871305 0.014661587
64.5 0.011187524 0.010622023 0.012720009
67.5 0.0086150787 0.0080597922 0.010123866
70.5 0.0060968731 0.0057106909 0.0071569075
73.5 0.0056947893 0.0058572275 0.0052864
76.5 0.004519887 0.0045607539 0.0044371658
79.5 0.003066331 0.0035525414 0.0017834721
82.5 0.0031626135 0.0030984857 0.0033629133
85.5 0.0027949126 0.0024480778 0.0037609973
88.5 0.0030644659 0.0029922287 0.0032876322
91.5 0.0037695116 0.0041335749 0.0028063937
94.5 0.0040428997 0.0046162513 0.0025066968
97.5 0.0037663959 0.0044667002 0.0018794377
100.5 0.0030439468 0.0035026159 0.0018144643
103.5 0.0029655944 0.0032471149 0.0022195844
106.5 0.0023715238 0.0027892517 0.0012487752
109.5 0.0013920367 0.0013487237 0.0015387494
112.5 0.00098491551 0.00078450523 0.0015664529
115.5 0.0011908285 0.0010528001 0.0016007733
118.5 0.00095527784 0.00075522966 0.0015385262
121.5 0.0011584375 0.00079802153 0.0021898944
124.5 0.00013142371 -0.00030667199 0.0013822219
127.5 -0.00014922854 -0.00049069148 0.00083396014
130.5 -0.00059026102 -0.0011529459 0.0010160615
133.5 -0.00051200983 -0.0011217371 0.001230496
136.5 -0.00058189144 -0.00099172148 0.00060104576
139.5 -0.00095194922 -0.0014664258 0.00052956232
142.5 -0.00086400486 -0.0016663478 0.001436766
145.5 -0.001399756 -0.0020240908 0.00040083875
148.5 -0.0015876794 -0.0021697505 9.6894164e-05
151.5 -0.0012274014 -0.0017351148 0.00024895134
154.5 -0.0010252657 -0.0013673566 -1.9213071e-05
157.5 -0.00093114477 -0.0012486766 6.8380668e-06
160.5 -0.0008321024 -0.001165078 0.00015249381
163.5 -0.00059425828 -0.00098880454 0.00057005362
166.5 -0.00031315655 -0.00081393122 0.0011607365
169.5 -0.00023661878 -0.00048930002 0.00052245138
172.5 -8.6471266e-05 -0.00044384361 0.00097817834
175.5 -0.00011073115 -0.0003542344 0.00062517221
178.5 0.00034453413 0.0002657819 0.00060176264
181.5 0.00048630825 0.00039106773 0.00079230989
184.5 0.0005703672 0.00057346507 0.00058892207
187.5 0.00062903552 0.00044672153 0.0011921217
190.5 0.0005656551 0.00035880095 0.0012022695
193.5 0.00077793797 0.00066582411 0.0011364635
196.5 0.00079577072 0.00066530541 0.0012093766
