1.5 10.895149 10.892071 10.903174
4.5 3.7443027 3.7244232 3.7947094
7.5 1.7812656 1.7639923 1.8251642
10.5 1.0085853 0.9931885 1.0478515
13.5 0.63427885 0.62268251 0.66394785
16.5 0.43191438 0.42339724 0.45376729
19.5 0.31456016 0.30857721 0.32995888
22.5 0.23022719 0.22465065 0.24461973
25.5 0.17672389 0.17122139 0.1909637
28.5 0.13960847 0.13536062 0.15063558
31.5 0.10970451 0.10521311 0.12139032
34.5 0.090088474 0.087799673 0.096071808
37.5 0.071556877 0.069297758 0.077478174
40.5 0.059278253 0.057294644 0.064493105
43.5 0.048166077 0.046926219 0.051443999
46.5 0.040476578 0.039598127 0.042812742
49.5 0.033170038 0.032742105 0.034324937
52.5 0.02894042 0.028789477 0.02936637
55.5 0.023437592 0.023566265 0.023124201
58.5 0.020824428 0.020092609 0.02279373
61.5 0.017601694 0.017185092 0.018737102
64.5 0.016350844 0.015730883 0.018031305
67.5 0.013741456 0.012880225 0.0160708
70.5 0.012211131 0.011553819 0.013999583
73.5 0.010512563 0.0098410391 0.012343471
76.5 0.0096040652 0.0088224808 0.011735787
79.5 0.0089224698 0.008188608 0.010930413
82.5 0.0075897428 0.0072215928 0.0086128428
85.5 0.0071574124 0.0070402102 0.0075023118
88.5 0.0069706309 0.0068417687 0.0073480014
91.5 0.0069901369 0.0071365741 0.0066180944
94.5 0.0061661174 0.0064835661 0.0053259116
97.5 0.0063494002 0.0068417142 0.0050282675
100.5 0.0065439525 0.0071447601 0.0049218117
103.5 0.0062857922 0.0067875289 0.0049322348
106.5 0.0055498497 0.0057575288 0.0050041433
109.5 0.0045393751 0.0046484713 0.0042648189
112.5 0.0038233376 0.0039832564 0.0034072272
115.5 0.0024966509 0.0022168582 0.0033010103
118.5 0.0016359182 0.0015122126 0.0020074693
121.5 0.00062241801 0.00013378773 0.0020135062
124.5 0.00038213178 -4.7265986e-05 0.0016107355
127.5 -0.00080843289 -0.0011957727 0.00030505667
130.5 -0.00028592854 -0.0003972379 5.4115448e-05
133.5 -0.00078506498 -0.00094880039 -0.00029649211
136.5 -0.00080348364 -0.00078104375 -0.00083977375
139.5 -0.001229421 -0.0009253126 -0.0020635289
142.5 -0.0012238403 -0.00091255169 -0.0020804235
145.5 -0.0010838628 -0.00090405239 -0.0015683961
148.5 -0.00097238958 -0.00051202292 -0.002258422
151.5 -0.0004810473 8.8136749e-05 -0.0020813428
154.5 -0.00058849891 -6.9535749e-05 -0.002048763
157.5 -0.00087132758 -0.0001484862 -0.0029208787
160.5 -0.00083547445 6.519562e-05 -0.0034021568
163.5 -0.00090651061 0.00010698148 -0.0038050513
166.5 -0.00079260923 -4.0219404e-05 -0.0029425791
169.5 -0.00099027114 -0.00018041069 -0.003312086
172.5 -0.0010758833 -0.00015324853 -0.0037311611
175.5 -0.00074973586 -2.4244057e-05 -0.0028368379
178.5 -0.00064356128 0.00015385605 -0.0029458541
181.5 -0.00064731175 6.7544771e-05 -0.0027134356
184.5 -0.00019580361 0.00058929709 -0.002473076
187.5 -0.00043387513 0.00036093325 -0.0027451545
190.5 -0.00075062609 0.00010950015 -0.0032600902
193.5 -0.00031895763 0.00030013391 -0.0021218516
196.5 -0.00073627465 -0.00031638986 -0.0019531508
