1.5 11.049999 11.050171 11.049859
4.5 3.7272639 3.7370017 3.702842
7.5 1.7468527 1.7464577 1.7479194
10.5 0.9754609 0.97459483 0.97770809
13.5 0.61636343 0.61644061 0.61620837
16.5 0.41821305 0.41786003 0.41915039
19.5 0.29822618 0.2977392 0.29950562
22.5 0.22092848 0.22106768 0.22060336
25.5 0.16747688 0.16755197 0.16731438
28.5 0.12765629 0.12719321 0.12888017
31.5 0.099594523 0.098427641 0.10264007
34.5 0.079602324 0.078730458 0.081890254
37.5 0.062596864 0.061494153 0.065490206
40.5 0.050680439 0.050350316 0.051568195
43.5 0.0421991 0.041833511 0.043181414
46.5 0.035474218 0.035243086 0.036106833
49.5 0.029677954 0.029509532 0.030147413
52.5 0.023792922 0.02282256 0.026372635
55.5 0.019344473 0.019218433 0.01970408
58.5 0.016209695 0.016143684 0.016411391
61.5 0.013116304 0.013400688 0.012389901
64.5 0.011028656 0.011276588 0.010397187
67.5 0.0087174031 0.008414385 0.0095513331
70.5 0.0074763976 0.0071964549 0.0082506779
73.5 0.0067336122 0.0063851809 0.0076929735
76.5 0.0057546218 0.0058211838 0.0056031569
79.5 0.0047942644 0.0050982756 0.0040039436
82.5 0.0043218624 0.0044189673 0.00408723
85.5 0.0035260771 0.003620741 0.0032973987
88.5 0.0030459302 0.0030222373 0.0031371611
91.5 0.003075704 0.0030537014 0.0031625192
94.5 0.0036007556 0.0033688345 0.0042589674
97.5 0.0036685047 0.0036658158 0.0037029829
100.5 0.0037198171 0.0034858615 0.0043866576
103.5 0.0026219195 0.002428817 0.0031783444
106.5 0.001968252 0.0021856804 0.0013980997
109.5 0.0018906359 0.0020184976 0.0015656949
112.5 0.0017635946 0.0017394623 0.001857411
115.5 0.00090108506 0.00065849561 0.0015995682
118.5 0.00028050552 -6.6110013e-05 0.0012691315
121.5 -0.00030038393 -0.00062345998 0.00062515241
124.5 0.00018811929 -5.8670387e-05 0.00090319935
127.5 -5.7094628e-05 -0.00011119166 0.00012129709
130.5 -0.00042036964 -0.0004145885 -0.00040929255
133.5 -0.00073443924 -0.00076890228 -0.00061040834
136.5 -0.00053918839 -0.0005908012 -0.00036664263
139.5 -0.00033315503 -0.00032744725 -0.00032191979
142.5 -0.00055864511 -0.00066353074 -0.00023471099
145.5 0.00011776956 0.00037410584 -0.00058139812
148.5 -1.5236846e-05 0.00015682943 -0.000476709
151.5 -0.00012189516 3.2166513e-05 -0.00053323734
154.5 -0.00027935786 -9.3955303e-05 -0.00078121471
157.5 -0.00045412349 -0.00047920882 -0.00035486059
160.5 -0.00079473059 -0.00067657566 -0.0011061809
163.5 -0.00084785848 -0.0009137297 -0.00063093747
166.5 -0.00089805771 -0.00091619014 -0.00081826218
169.5 -0.00069647617 -0.00064136119 -0.00082815306
172.5 -0.00058917894 -0.00085393627 0.00020515763
175.5 -0.0011123377 -0.0012419315 -0.00070852775
178.5 -0.0010928445 -0.0011014418 -0.0010402001
181.5 -0.00099178569 -0.0008076617 -0.0015012222
184.5 -0.00099483147 -0.0011062495 -0.00064138158
187.5 -0.00090299924 -0.0011277188 -0.00021668751
190.5 -0.00091504289 -0.0012168985 -5.3385594e-07
193.5 -0.00090938736 -0.0013243599 0.00034037242
196.5 -0.00080960288 -0.0011097461 0.00010412054
