1.5 10.887903 10.886357 10.891994
4.5 3.7056521 3.6874982 3.7507596
7.5 1.7501782 1.7382124 1.7799924
10.5 0.98834506 0.98631298 0.99346527
13.5 0.62152593 0.61422967 0.63982979
16.5 0.42056445 0.4189337 0.42469293
19.5 0.29845425 0.29743843 0.30104335
22.5 0.22082299 0.21950613 0.22417674
25.5 0.16754065 0.1673286 0.16810729
28.5 0.12833567 0.12722306 0.13118695
31.5 0.10087455 0.099329821 0.10483094
34.5 0.080598964 0.079127286 0.08437827
37.5 0.064199272 0.063808561 0.065225616
40.5 0.050724184 0.050463181 0.051420354
43.5 0.04324463 0.043051425 0.043768202
46.5 0.035162597 0.034685065 0.036419307
49.5 0.029941197 0.029671602 0.030664179
52.5 0.024508979 0.024324891 0.025012249
55.5 0.019756954 0.019569244 0.020270714
58.5 0.016790002 0.01658397 0.017352554
61.5 0.013455527 0.012646298 0.015591451
64.5 0.011627259 0.010953064 0.01341556
67.5 0.0094824142 0.0086388177 0.011718581
70.5 0.0071178556 0.0067568462 0.0080923771
73.5 0.0055858324 0.0050951256 0.0069040044
76.5 0.0046418077 0.0039851519 0.0064009769
79.5 0.0040758817 0.0038349445 0.0047398118
82.5 0.0035776274 0.0028821427 0.005447995
85.5 0.0035458704 0.003131018 0.0046750647
88.5 0.0036831029 0.0032333524 0.0049079047
91.5 0.0040660436 0.0038953861 0.0045485292
94.5 0.0040859853 0.0041937866 0.0038243193
97.5 0.0044074176 0.0043224837 0.0046621791
100.5 0.0044623778 0.004633254 0.0040297448
103.5 0.0040944052 0.0040032259 0.0043671431
106.5 0.0041431126 0.0040738136 0.004357312
109.5 0.0038473884 0.0037300867 0.0041920868
112.5 0.0036815532 0.0037118789 0.0036261889
115.5 0.0028877832 0.0029700433 0.0026908664
118.5 0.0017461804 0.0016434378 0.0020534548
121.5 0.0011072009 0.0010272922 0.0013527196
124.5 0.00072933641 0.00042388691 0.0015936908
127.5 0.00025639494 -0.00017356046 0.0014648902
130.5 -0.00012627911 -0.00052709584 0.0010048105
133.5 -0.0004322057 -0.00083087727 0.00069565246
136.5 -0.00098703424 -0.0014040475 0.00019422343
139.5 -0.00097793273 -0.0013995407 0.00021886408
142.5 -0.0010750201 -0.0015378242 0.00023923924
145.5 -0.00089652863 -0.0014298378 0.00061737665
148.5 -0.001093436 -0.001457683 -4.8381338e-05
151.5 -0.00099004685 -0.0014850954 0.00042387949
154.5 -0.001064772 -0.0014417905 2.1081363e-05
157.5 -0.0013499784 -0.0017559132 -0.00018020296
160.5 -0.0012181876 -0.0015016994 -0.00039105652
163.5 -0.0012163886 -0.0015900691 -0.00013231025
166.5 -0.0010696269 -0.0015858512 0.00042113599
169.5 -0.0012651799 -0.0016806083 -5.7377593e-05
172.5 -0.0010160443 -0.0013204163 -0.00012175824
175.5 -0.00068053332 -0.0012211362 0.00089037469
178.5 -0.00061132182 -0.0011823465 0.0010503902
181.5 -0.00086707792 -0.0013255203 0.00047558734
184.5 -0.00089269615 -0.001404235 0.00060581144
187.5 -0.00044594699 -0.00094121174 0.001009155
190.5 -0.00060403035 -0.0010098753 0.00059608953
193.5 -0.00036853121 -0.00072762129 0.00069899095
196.5 -0.00046823472 -0.0006827008 0.00018187213
