1.5 10.947626 10.949436 10.943256
4.5 3.7143778 3.7247692 3.6875788
7.5 1.7631642 1.7753797 1.7314978
10.5 0.98754759 0.99656303 0.9640879
13.5 0.62411139 0.62996428 0.60884286
16.5 0.42461077 0.42745533 0.41718775
19.5 0.30338997 0.30456962 0.30032234
22.5 0.22591252 0.22811935 0.22012621
25.5 0.17121094 0.17211239 0.16885856
28.5 0.13422024 0.13530539 0.13137397
31.5 0.10404075 0.10379336 0.10472755
34.5 0.083223739 0.083324039 0.082985508
37.5 0.068414126 0.068237767 0.068913749
40.5 0.054260427 0.054363272 0.054013364
43.5 0.044171964 0.044154299 0.044247415
46.5 0.036248567 0.036228711 0.036329854
49.5 0.02789177 0.028591684 0.026031416
52.5 0.023273791 0.024538202 0.019882667
55.5 0.018526784 0.019494102 0.01593234
58.5 0.015454478 0.016490875 0.012665831
61.5 0.012940877 0.01327338 0.012062572
64.5 0.012505419 0.012707922 0.01197985
67.5 0.010828439 0.010792218 0.010954917
70.5 0.0086256749 0.0085867113 0.0087598724
73.5 0.007716708 0.0075283947 0.0082619413
76.5 0.0070896089 0.0070983654 0.0070927782
79.5 0.0063228671 0.0062787832 0.0064720137
82.5 0.0054033897 0.0053996266 0.0054411229
85.5 0.0052164694 0.0055132238 0.0044196774
88.5 0.0056207346 0.0060085969 0.0045683892
91.5 0.006368861 0.0069169183 0.0048670298
94.5 0.0055803847 0.0059595375 0.0045472444
97.5 0.0056686111 0.0059952447 0.0047801934
100.5 0.0051553177 0.0049857529 0.0056593059
103.5 0.0042733187 0.0042147258 0.0044658187
106.5 0.0037903007 0.0034867436 0.0046749364
109.5 0.0027870179 0.0026733698 0.0031361612
112.5 0.0021414878 0.0020144674 0.0025293273
115.5 0.0016287792 0.0017689596 0.0012574762
118.5 0.0012412444 0.0014633373 0.00063545747
121.5 0.00053487391 0.00087104205 -0.00039850325
124.5 0.00039571963 0.00047539906 0.00019490192
127.5 -4.2635934e-06 0.00020785696 -0.00058596056
130.5 -0.00040418031 -0.00038896822 -0.00042048944
133.5 -0.00052487865 -0.0005738957 -0.00035592446
136.5 -0.00062652111 -0.00084212048 2.4645557e-05
139.5 -0.00057099688 -0.00068964003 -0.00019944048
142.5 -0.0011144802 -0.0012586987 -0.00066773109
145.5 -0.0010634461 -0.0014546659 0.00010396513
148.5 -0.0012878622 -0.0014271503 -0.00085346247
151.5 -0.0010404415 -0.0010992552 -0.00084063163
154.5 -0.00088704346 -0.0010710873 -0.00031928508
157.5 -0.00075161061 -0.0006920828 -0.00089904009
160.5 -0.00089910476 -0.0010617805 -0.00039172049
163.5 -0.00031776914 -0.00052147882 0.00031207668
166.5 -0.00077939022 -0.00088847562 -0.00042844418
169.5 -0.0011536624 -0.0015088305 -7.1105172e-05
172.5 -0.0008595896 -0.00124172 0.00030576856
175.5 -0.0012020444 -0.0014314371 -0.00048972649
178.5 -0.00084555282 -0.0013359856 0.00064926583
181.5 -0.00099851099 -0.001229198 -0.000278958
184.5 -0.000687256 -0.0009439452 0.00011211909
187.5 -0.00070202136 -0.00085993992 -0.00019836247
190.5 -0.00050773235 -0.00050702004 -0.00048195273
193.5 -0.00049752695 -0.00044612097 -0.00062517796
196.5 -0.00059398304 -0.00064411767 -0.00041389207
