1.5 10.988926 10.974311 11.024939
4.5 3.7380908 3.7441012 3.7234291
7.5 1.7637216 1.7615043 1.7692571
10.5 0.99139115 0.99281233 0.98792319
13.5 0.62402595 0.62471748 0.62235003
16.5 0.42421299 0.42370373 0.42551692
19.5 0.30239396 0.3001978 0.30790816
22.5 0.22485634 0.22495364 0.22464445
25.5 0.16978967 0.17049839 0.16804146
28.5 0.13088252 0.13119512 0.13012543
31.5 0.10252056 0.10186126 0.10421211
34.5 0.081448648 0.080940509 0.082761579
37.5 0.066078003 0.064270921 0.070686755
40.5 0.053230451 0.052347184 0.055502522
43.5 0.04367298 0.0427137 0.0461441
46.5 0.034503045 0.033903199 0.036062187
49.5 0.029116169 0.028604051 0.030454458
52.5 0.022804219 0.022669936 0.023175806
55.5 0.019425983 0.019796917 0.018498639
58.5 0.016227332 0.016518829 0.015502453
61.5 0.012439287 0.012963656 0.011110494
64.5 0.010991993 0.010948979 0.011130266
67.5 0.0091847529 0.0091527998 0.0092945368
70.5 0.0083862956 0.0080089873 0.0093956193
73.5 0.0070801261 0.0073863101 0.0063076171
76.5 0.005745669 0.0062656109 0.0044118004
79.5 0.0047278881 0.0048030556 0.0045574738
82.5 0.0036241719 0.0036278319 0.0036413111
85.5 0.0036152324 0.0033687614 0.0042916722
88.5 0.0033922889 0.003637167 0.0027720898
91.5 0.0033563893 0.0038969585 0.0019516036
94.5 0.0039438068 0.0043263129 0.0029551726
97.5 0.0043459815 0.0045552745 0.003815893
100.5 0.0043699511 0.0044770183 0.0041112538
103.5 0.0035598171 0.0037779843 0.00300334
106.5 0.0035189227 0.0034183 0.0038155457
109.5 0.0026001981 0.0030287975 0.0014755573
112.5 0.0024793464 0.002832445 0.0015553512
115.5 0.0019860392 0.0026496165 0.00022151369
118.5 0.0015109848 0.0021918794 -0.0003046585
121.5 0.0010189303 0.0016876433 -0.00076816466
124.5 0.00027837578 0.0010187604 -0.0017079264
127.5 0.00016559092 0.00071038903 -0.001292386
130.5 -0.00029147356 0.00022397815 -0.0016728317
133.5 -0.00014148533 0.00031132707 -0.0013546704
136.5 -0.0006831901 -0.00043262338 -0.0013440594
139.5 -0.00042158379 -7.2707386e-05 -0.001354633
142.5 -0.0001982719 0.00020599492 -0.0012864573
145.5 -0.00012270178 0.00022773252 -0.0010646532
148.5 0.00019742406 0.0006709778 -0.0010881345
151.5 4.2147038e-06 0.00011040598 -0.00026369374
154.5 -0.00019316959 -0.00034245478 0.00024982162
157.5 -0.00019258581 -0.00023931979 -3.490565e-05
160.5 -0.00054662682 -0.00024618058 -0.0013602815
163.5 -0.00011559761 0.00014975203 -0.00083276649
166.5 -0.00010234211 0.00019988194 -0.00092497033
169.5 -0.00029735284 0.00015253708 -0.0015382222
172.5 -0.0003971993 5.3821789e-05 -0.0016442562
175.5 -0.00063564668 -0.00038308084 -0.0013236643
178.5 -0.00068577893 -0.00035292302 -0.0016034416
181.5 -0.00057477676 -0.00024748347 -0.0014788723
184.5 -0.00038753985 -5.9690864e-05 -0.0012954075
187.5 -0.00039101995 -0.00027680959 -0.00069019754
190.5 -0.00033227716 -0.00016151861 -0.00079428455
193.5 -0.00070085542 -0.00051478391 -0.0012080207
196.5 -0.0001882741 -4.4620894e-05 -0.00057450909
