1.5 10.994024 10.863497 11.33037
4.5 3.7060419 3.6978639 3.7273325
7.5 1.753097 1.752599 1.7544596
10.5 0.99111411 0.99295573 0.9863642
13.5 0.61661 0.62100053 0.60517108
16.5 0.42075025 0.42597372 0.40709355
19.5 0.29616551 0.2995964 0.28718187
22.5 0.21996961 0.22086201 0.21764976
25.5 0.16557657 0.166039 0.16438533
28.5 0.12849111 0.12732816 0.13160257
31.5 0.1001269 0.099816782 0.10098003
34.5 0.079015463 0.078831753 0.079533499
37.5 0.064135634 0.06306203 0.067030461
40.5 0.05222022 0.051197892 0.054984484
43.5 0.042603105 0.041429046 0.045781089
46.5 0.034870204 0.033442545 0.038738055
49.5 0.029582821 0.028155782 0.033458581
52.5 0.025406892 0.025065285 0.026357871
55.5 0.02118167 0.020660801 0.022620555
58.5 0.016958627 0.016841541 0.017304174
61.5 0.014543531 0.014472385 0.014764733
64.5 0.01221479 0.012804451 0.010632801
67.5 0.010483196 0.010985156 0.0091372721
70.5 0.0087615663 0.009545382 0.0066392766
73.5 0.0073478985 0.0078271825 0.0060575824
76.5 0.0056066205 0.0062193578 0.003945235
79.5 0.0049829682 0.006028654 0.002121432
82.5 0.0043412032 0.004786889 0.0031343705
85.5 0.0037428692 0.0046172402 0.0013429581
88.5 0.0030856525 0.0038401317 0.001013573
91.5 0.003172361 0.0043975772 -0.00021760862
94.5 0.0033580499 0.0046604888 -0.00025620181
97.5 0.0040635983 0.0055518289 -8.0097451e-05
100.5 0.0035346987 0.0045870449 0.0006056636
103.5 0.0034648438 0.0041925551 0.0014428625
106.5 0.0029688981 0.0034068097 0.0017602504
109.5 0.0027560049 0.0032275989 0.0014490174
112.5 0.0022863004 0.002674643 0.0012123226
115.5 0.0020240574 0.002825942 -0.00022843989
118.5 0.0022100596 0.0030907914 -0.00027256103
121.5 0.0017071803 0.0026558969 -0.00097580856
124.5 0.0017056884 0.0025475971 -0.00067786029
127.5 0.0011492082 0.00182972 -0.00077676327
130.5 0.00084287802 0.0012368721 -0.00026329446
133.5 0.00071045398 0.0011144267 -0.00042723884
136.5 0.00072801745 0.0010765484 -0.0002521272
139.5 0.00022666009 0.00056533194 -0.00072732141
142.5 0.00015810415 0.00033756955 -0.00033568188
145.5 0.00030849219 0.00061841716 -0.00056646446
148.5 0.00023263408 0.00063285229 -0.00090809452
151.5 0.0001211139 0.0005345653 -0.0010611189
154.5 -9.9893636e-05 0.00010719728 -0.00067966864
157.5 -0.00058887893 -0.00043097616 -0.001025446
160.5 -0.0002813067 -0.00013324688 -0.0006899488
163.5 -0.00064178597 -0.00041442394 -0.0012857579
166.5 -0.00023279767 -4.2420504e-05 -0.00076881431
169.5 0.00012486978 0.00045195722 -0.00081830264
172.5 -8.499919e-05 8.9755414e-05 -0.00057715439
175.5 2.2007423e-05 0.00020088745 -0.00048367255
178.5 -0.00029012476 4.9074889e-05 -0.001276431
181.5 9.8386925e-05 0.00036730148 -0.00067967361
184.5 -0.00039337544 -0.00020150564 -0.0009418632
187.5 -0.00070000842 -0.00045131289 -0.0014209776
190.5 -0.0003527539 -0.00010543839 -0.0010713034
193.5 -0.00059402056 -0.00028287222 -0.0015074829
196.5 -0.0007694037 -0.00049568893 -0.0015715335
