1.5 11.000818 11.001119 11.000356
4.5 3.694819 3.70487 3.6697625
7.5 1.7471062 1.7571694 1.7218966
10.5 0.9903401 0.99048612 0.99002188
13.5 0.61804047 0.61858846 0.61669563
16.5 0.41633536 0.41452255 0.42096827
19.5 0.29835216 0.29728839 0.30108996
22.5 0.22001576 0.21868854 0.22343077
25.5 0.16628929 0.1655527 0.16820262
28.5 0.126565 0.12605656 0.12789747
31.5 0.096630984 0.096058368 0.098130893
34.5 0.075188904 0.074081503 0.078069187
37.5 0.059548234 0.059101307 0.060730239
40.5 0.047916945 0.048110609 0.047443295
43.5 0.038945932 0.039556749 0.037388334
46.5 0.030956901 0.031236275 0.030257398
49.5 0.025540264 0.026233719 0.02375885
52.5 0.020373847 0.020383521 0.02037563
55.5 0.017076739 0.01742078 0.016202145
58.5 0.013819105 0.013617239 0.014376366
61.5 0.010577714 0.010360262 0.011177258
64.5 0.0083012023 0.00754889 0.010314131
67.5 0.0067057409 0.006224907 0.0080050067
70.5 0.0062760573 0.0057471441 0.0077059481
73.5 0.0055727478 0.0049062878 0.0073718482
76.5 0.0049484285 0.0042781301 0.0067621411
79.5 0.0047100531 0.0039771843 0.0066952517
82.5 0.0036725491 0.0030284568 0.0054246001
85.5 0.0039617646 0.0038026772 0.0044158376
88.5 0.0037555529 0.0034963253 0.0044801838
91.5 0.0037236316 0.0032281847 0.0050871893
94.5 0.0036480897 0.0034785062 0.0041336948
97.5 0.004156385 0.0038935739 0.0048958576
100.5 0.0041634189 0.0035991085 0.0057238932
103.5 0.0040428287 0.003789976 0.004758675
106.5 0.0032815414 0.0028339929 0.004530547
109.5 0.0029313178 0.0027614279 0.0034234059
112.5 0.0034502675 0.003288517 0.0039211473
115.5 0.0026278943 0.00269733 0.0024640778
118.5 0.0016954557 0.0015658453 0.0020798994
121.5 0.0011975226 0.0010368658 0.0016686498
124.5 0.0010206773 0.00093388094 0.0012882861
127.5 0.00030905268 -0.00039192741 0.0022825968
130.5 0.00011090439 -0.00046708106 0.0017468241
133.5 -3.2822819e-05 -0.00060922929 0.0016026183
136.5 -0.0002707693 -0.001160466 0.0022447004
139.5 -0.00010596548 -0.00090474559 0.0021606261
142.5 1.3939837e-05 -0.00079508117 0.0023148226
145.5 -0.00012345776 -0.00079128863 0.0017851287
148.5 -0.00038987488 -0.0011147914 0.0016844717
151.5 -0.00015471248 -0.0010611043 0.0024382271
154.5 -0.00034319637 -0.0011611523 0.0020050277
157.5 -0.00042188396 -0.0013877943 0.0023526828
160.5 -0.00042525967 -0.0012917141 0.0020724042
163.5 -0.00071682484 -0.0015676864 0.0017421771
166.5 -0.00058790241 -0.0010997526 0.00090581781
169.5 -0.00098593315 -0.0018302348 0.0014658751
172.5 -0.0005192376 -0.0012438176 0.0015937722
175.5 -0.00069500466 -0.0013489814 0.0012193066
178.5 -0.00037930222 -0.00074880595 0.00071686527
181.5 8.839889e-05 -0.00032187184 0.0013053599
184.5 5.6223946e-05 -0.00033612929 0.0012239595
187.5 0.00015719289 1.6096511e-06 0.0006379836
190.5 0.00032253347 0.00014787203 0.00086012541
193.5 0.00018702032 0.00016408408 0.00028179858
196.5 0.00027011128 0.0002250032 0.00043010918
