1.5 10.929939 10.924063 10.945396
4.5 3.7172497 3.6956408 3.7734458
7.5 1.7647582 1.7580325 1.782335
10.5 0.99012587 0.98486394 1.0039254
13.5 0.62671864 0.62294761 0.63664441
16.5 0.42528001 0.42135854 0.43562155
19.5 0.30507483 0.30267634 0.31142796
22.5 0.22464951 0.2219959 0.23169211
25.5 0.17101027 0.16840452 0.17794422
28.5 0.13294317 0.13056511 0.13928916
31.5 0.10441313 0.10243494 0.10970947
34.5 0.081577735 0.079070819 0.088297467
37.5 0.065567035 0.064502633 0.06844404
40.5 0.052526563 0.051134642 0.056288698
43.5 0.042255352 0.041518901 0.04426395
46.5 0.035210067 0.034678758 0.036670466
49.5 0.028995655 0.029086017 0.028779338
52.5 0.023815954 0.02368021 0.024211472
55.5 0.01946855 0.019978977 0.018110092
58.5 0.016901405 0.017076114 0.01645344
61.5 0.012337434 0.012136769 0.012912627
64.5 0.010896853 0.010669571 0.011546205
67.5 0.0092295279 0.0092067912 0.0093194199
70.5 0.0081324706 0.0081601918 0.0080837997
73.5 0.0068930128 0.0070860213 0.0063886746
76.5 0.0060610602 0.0062955257 0.0054408832
79.5 0.0053421342 0.0053764231 0.0052747076
82.5 0.0043011615 0.0042517644 0.0044657794
85.5 0.0037269329 0.0032069291 0.0052013331
88.5 0.0039940309 0.0038033886 0.004553288
91.5 0.0036510027 0.0033508923 0.0045175536
94.5 0.004287972 0.0039581118 0.0052399975
97.5 0.0041010566 0.0037215431 0.0051948017
100.5 0.0036387696 0.0032198011 0.0048461703
103.5 0.0029231209 0.0023487022 0.0045722212
106.5 0.0018880528 0.001210554 0.0038325267
109.5 0.0014083734 0.0010080206 0.0025715096
112.5 0.0017730448 0.00083936431 0.0044550802
115.5 0.0010175028 0.00038462968 0.0028487793
118.5 0.0013071387 0.00068729412 0.0031055114
121.5 0.00065281755 0.00039495548 0.0014189364
124.5 0.00044545476 0.00017117921 0.0012604624
127.5 0.0005060448 0.00052339511 0.00048384112
130.5 5.0989335e-05 -0.00025071543 0.00094891614
133.5 -0.00022337444 -0.0002554662 -0.00010284351
136.5 -0.00071125259 -0.0007553515 -0.00055568971
139.5 -0.0012065601 -0.0011029666 -0.0014797478
142.5 -0.0010603981 -0.00099967742 -0.0012094421
145.5 -0.0011719255 -0.0014086426 -0.00045309918
148.5 -0.0012302193 -0.0012411454 -0.0011704116
151.5 -0.001389346 -0.0015859479 -0.00078481257
154.5 -0.00099083571 -0.0011361658 -0.00053562623
157.5 -0.00034578855 -0.00074456296 0.00085745191
160.5 -0.00049985093 -0.00096344664 0.00089775105
163.5 -0.00033796074 -0.00074235688 0.00088761254
166.5 -0.00038974093 -0.001053676 0.0016091828
169.5 -0.00060215588 -0.0010581013 0.00078256468
172.5 -0.00069072977 -0.0010353882 0.00036529954
175.5 -0.00069651672 -0.001195777 0.0008242167
178.5 -0.00089170425 -0.0014787511 0.00089573136
181.5 -0.00084074855 -0.0013900212 0.00083747635
184.5 -0.00069352932 -0.0011900573 0.00082980763
187.5 -0.00066752279 -0.001051695 0.00052023067
190.5 -0.00070304274 -0.0011758833 0.00075575383
193.5 -0.00065997373 -0.0011905984 0.00097751885
196.5 -0.00073401566 -0.0011730592 0.00062888656
