1.5 11.093285 11.097674 11.082643
4.5 3.7311299 3.7373555 3.715649
7.5 1.7541781 1.7619203 1.7347922
10.5 0.98118594 0.98491329 0.97183469
13.5 0.61569623 0.61866853 0.60821744
16.5 0.414415 0.41658519 0.4089467
19.5 0.29299387 0.29556338 0.28649289
22.5 0.21522123 0.21859905 0.20663912
25.5 0.16048911 0.1637029 0.15230138
28.5 0.12128632 0.12141332 0.12099022
31.5 0.095718145 0.095630636 0.095971907
34.5 0.076125715 0.076005008 0.076465104
37.5 0.060790217 0.060321636 0.062028696
40.5 0.049656136 0.049349589 0.050477725
43.5 0.039269364 0.038450273 0.041423206
46.5 0.031993611 0.031122384 0.034288342
49.5 0.02619518 0.024878367 0.029658036
52.5 0.021231201 0.019422818 0.02598739
55.5 0.017684939 0.015749201 0.022786656
58.5 0.014553984 0.013201645 0.018134989
61.5 0.012266131 0.011127529 0.015292696
64.5 0.010024192 0.0089926012 0.012775526
67.5 0.0086394766 0.0079655045 0.010450643
70.5 0.0069393557 0.0065344282 0.0080408791
73.5 0.0059787724 0.0053645368 0.0076397068
76.5 0.0048186016 0.0037341976 0.0077373193
79.5 0.0043322274 0.0033893751 0.0068795061
82.5 0.0042430649 0.0029190584 0.0078175533
85.5 0.003817189 0.0027953533 0.0065888082
88.5 0.0044062547 0.0035146958 0.0068337069
91.5 0.0042510266 0.0038422507 0.0053812575
94.5 0.0047001701 0.0042771699 0.005871627
97.5 0.0049534532 0.0047273265 0.0055938084
100.5 0.0047756779 0.0047292931 0.0049289248
103.5 0.004396611 0.0043997929 0.0044151214
106.5 0.0041890995 0.0043747144 0.0037093374
109.5 0.0034909774 0.0034485959 0.003634209
112.5 0.0024772225 0.0025019533 0.002436541
115.5 0.0016942676 0.0018289531 0.0013509333
118.5 0.0010649095 0.0013996051 0.00016915517
121.5 0.00040011539 0.00067202438 -0.00032432737
124.5 0.00017131714 0.00068203019 -0.0012166111
127.5 -0.00033731749 5.0499627e-05 -0.0013872596
130.5 -0.00072053423 -0.0003995202 -0.0015870605
133.5 -0.00085813945 -0.00059508023 -0.0015650652
136.5 -0.00076403169 -0.00065948842 -0.0010292155
139.5 -0.0004242942 -0.00051146011 -0.00015253139
142.5 -6.2603627e-06 0.00032143838 -0.00090014109
145.5 -2.4104108e-05 0.00014301425 -0.00046765632
148.5 -4.831008e-05 0.00014964846 -0.00058009219
151.5 -0.00016253791 -0.0002323994 6.2683958e-05
154.5 0.00010524967 0.00013870932 3.771796e-05
157.5 0.00020446995 0.00045589723 -0.00048339629
160.5 -6.797287e-05 0.00012559555 -0.00059254368
163.5 -0.00031317692 3.5931253e-05 -0.0012836876
166.5 -0.00014347449 0.00014827041 -0.00095197972
169.5 -0.00034950554 -0.00013739621 -0.00093123383
172.5 -0.00087389869 -0.0005399724 -0.0018078024
175.5 -0.0010879185 -0.00063299691 -0.0023733053
178.5 -0.0012057911 -0.00096299902 -0.0018806185
181.5 -0.0012750849 -0.00088100683 -0.0023903191
184.5 -0.0011313123 -0.00076474822 -0.0021692573
187.5 -0.0010726797 -0.00083708537 -0.0017315093
190.5 -0.0010310749 -0.00070639646 -0.0019516969
193.5 -0.0011627989 -0.00076298853 -0.0023056281
196.5 -0.00095959664 -0.0005027215 -0.0022726256
