1.5 10.95093 10.969514 10.903383
4.5 3.7312585 3.7323101 3.7286534
7.5 1.7667904 1.7751947 1.7450382
10.5 0.99739079 1.0022148 0.98486893
13.5 0.62490614 0.63011194 0.61133804
16.5 0.42516714 0.42859018 0.41623214
19.5 0.30495114 0.30929878 0.29356017
22.5 0.22687826 0.23067097 0.21691623
25.5 0.17224566 0.17569464 0.16316294
28.5 0.13323341 0.13626221 0.1252396
31.5 0.10351901 0.10746821 0.09306028
34.5 0.081882906 0.085497657 0.072288513
37.5 0.065432876 0.068051705 0.058470966
40.5 0.053264933 0.054790102 0.049212195
43.5 0.044025986 0.045929988 0.03894664
46.5 0.035318032 0.036470094 0.032247746
49.5 0.028266538 0.029158343 0.025889951
52.5 0.023511198 0.023638008 0.023196134
55.5 0.018748514 0.018486544 0.019485685
58.5 0.017233855 0.017469997 0.016620067
61.5 0.014527926 0.014845179 0.013691733
64.5 0.011722781 0.012452138 0.0097598066
67.5 0.010000601 0.010525438 0.0085922961
70.5 0.0087480314 0.0090474165 0.0079544506
73.5 0.0082087947 0.0086197242 0.0071065977
76.5 0.0073973783 0.0077572135 0.0064331968
79.5 0.0065016334 0.0065721717 0.0063341709
82.5 0.0064322996 0.0063703496 0.0066312188
85.5 0.0055727819 0.0055922774 0.0055460748
88.5 0.0054767512 0.0056263208 0.0050880503
91.5 0.0055925159 0.0059950016 0.0044975618
94.5 0.0061416639 0.0063024167 0.0057197591
97.5 0.0055909145 0.005974221 0.0045442873
100.5 0.0051852787 0.0050152498 0.0056903842
103.5 0.0042095469 0.0042106224 0.0042340307
106.5 0.0040066503 0.0039598042 0.00416639
109.5 0.0034368963 0.0033405318 0.0037370709
112.5 0.0033442077 0.0035825374 0.0026958902
115.5 0.0027827107 0.0029520381 0.0023289072
118.5 0.002372737 0.0023468625 0.0024740417
121.5 0.0010817809 0.00078927524 0.001944907
124.5 0.00077509234 0.00049272687 0.0016111895
127.5 -0.00011716852 -0.00050554598 0.0010251219
130.5 -0.00023015056 -0.00081973785 0.0014937498
133.5 -0.00037324248 -0.00078839633 0.00085170512
136.5 -0.00089752673 -0.00112608 -0.00020916953
139.5 -0.00093803644 -0.0011393825 -0.0003269174
142.5 -0.0011504063 -0.0012313069 -0.00088773519
145.5 -0.00089949891 -0.0010388751 -0.00046596519
148.5 -0.00127873 -0.0013275766 -0.0011084519
151.5 -0.0012056734 -0.0012874235 -0.00093876053
154.5 -0.001154903 -0.0011240746 -0.0012175839
157.5 -0.0012894148 -0.0013004667 -0.0012291692
160.5 -0.00132336 -0.0010686689 -0.0020461776
163.5 -0.0012892909 -0.0010380521 -0.002003675
166.5 -0.0010856908 -0.00066278705 -0.0023101606
169.5 -0.0014147505 -0.0010404513 -0.0024979077
172.5 -0.0013834931 -0.00097923634 -0.0025584018
175.5 -0.00096760738 -0.00046805509 -0.0024295645
178.5 -0.00070025475 -0.00013062034 -0.002375272
181.5 -0.00090117732 -0.00023808345 -0.0028603688
184.5 -0.00061522935 0.00015503893 -0.0029010493
187.5 -0.00051527145 0.0001911826 -0.002614397
190.5 -0.00020785754 0.00040243001 -0.002021761
193.5 -0.00028482841 0.00039130787 -0.002302328
196.5 -0.0001776376 0.00045387899 -0.0020646369
