# Columns: s_cen(1) s_min(2) s_max(3) xi_iso(4)
0.05 0 0.1 43.60143241
0.15 0.1 0.2 12.85298973
0.25 0.2 0.3 14.57595863
0.35 0.3 0.4 17.15977203
0.45 0.4 0.5 18.43686032
0.55 0.5 0.6 24.14663297
0.65 0.6 0.7 21.23609447
0.75 0.7 0.8 22.09558135
0.85 0.8 0.9 20.42645962
0.95 0.9 1 20.00963819
1.05 1 1.1 19.14345419
1.15 1.1 1.2 19.40468727
1.25 1.2 1.3 18.50016914
1.35 1.3 1.4 17.27338968
1.45 1.4 1.5 16.15620743
1.55 1.5 1.6 15.83076166
1.65 1.6 1.7 14.55176205
1.75 1.7 1.8 14.31427956
1.85 1.8 1.9 13.562511
1.95 1.9 2 12.40987824
2.05 2 2.1 11.85135993
2.15 2.1 2.2 11.07939176
2.25 2.2 2.3 10.26531464
2.35 2.3 2.4 9.762395514
2.45 2.4 2.5 9.360044725
2.55 2.5 2.6 8.642614865
2.65 2.6 2.7 8.112083352
2.75 2.7 2.8 7.798879674
2.85 2.8 2.9 7.095805964
2.95 2.9 3 6.920406003
3.05 3 3.1 6.602215654
3.15 3.1 3.2 6.457843938
3.25 3.2 3.3 6.048021801
3.35 3.3 3.4 5.761784228
3.45 3.4 3.5 5.588677857
3.55 3.5 3.6 5.367209678
3.65 3.6 3.7 5.211720977
3.75 3.7 3.8 5.074598399
3.85 3.8 3.9 4.91361346
3.95 3.9 4 4.688337284
4.05 4 4.1 4.440295865
4.15 4.1 4.2 4.337272312
4.25 4.2 4.3 4.218680644
4.35 4.3 4.4 4.118415628
4.45 4.4 4.5 3.905178332
4.55 4.5 4.6 3.829960074
4.65 4.6 4.7 3.791313262
4.75 4.7 4.8 3.535251738
4.85 4.8 4.9 3.532284753
4.95 4.9 5 3.458678948
5.05 5 5.1 3.223916085
5.15 5.1 5.2 3.228026303
5.25 5.2 5.3 3.172204418
5.35 5.3 5.4 3.076782769
5.45 5.4 5.5 2.933500574
5.55 5.5 5.6 2.860516763
5.65 5.6 5.7 2.81146872
5.75 5.7 5.8 2.751555063
5.85 5.8 5.9 2.579075051
5.95 5.9 6 2.582251527
6.05 6 6.1 2.511136886
6.15 6.1 6.2 2.464161448
6.25 6.2 6.3 2.365323455
6.35 6.3 6.4 2.340789567
6.45 6.4 6.5 2.2920255
6.55 6.5 6.6 2.238517977
6.65 6.6 6.7 2.208155476
6.75 6.7 6.8 2.144209365
6.85 6.8 6.9 2.067857906
6.95 6.9 7 1.949820263
7.05 7 7.1 2.046166969
7.15 7.1 7.2 1.94276091
7.25 7.2 7.3 1.911725948
7.35 7.3 7.4 1.834560178
7.45 7.4 7.5 1.800914414
7.55 7.5 7.6 1.775659739
7.65 7.6 7.7 1.708793985
7.75 7.7 7.8 1.698079807
7.85 7.8 7.9 1.703476968
7.95 7.9 8 1.679090714
8.05 8 8.1 1.588722998
8.15 8.1 8.2 1.580689625
8.25 8.2 8.3 1.556058723
8.35 8.3 8.4 1.485977934
8.45 8.4 8.5 1.431827651
8.55 8.5 8.6 1.451391467
8.65 8.6 8.7 1.373245517
8.75 8.7 8.8 1.380869485
8.85 8.8 8.9 1.324669935
8.95 8.9 9 1.347478126
9.05 9 9.1 1.261653177
9.15 9.1 9.2 1.279738207
9.25 9.2 9.3 1.247517001
9.35 9.3 9.4 1.204165753
9.45 9.4 9.5 1.224467281
9.55 9.5 9.6 1.195884014
9.65 9.6 9.7 1.16726859
9.75 9.7 9.8 1.162732174
9.85 9.8 9.9 1.132844537
9.95 9.9 10 1.093787806
10.05 10 10.1 1.084368211
10.15 10.1 10.2 1.032765744
10.25 10.2 10.3 1.014406592
10.35 10.3 10.4 1.023931313
10.45 10.4 10.5 1.009707528
10.55 10.5 10.6 0.9420812248
10.65 10.6 10.7 1.027681136
10.75 10.7 10.8 0.9726762971
10.85 10.8 10.9 0.9577134942
10.95 10.9 11 0.895196453
11.05 11 11.1 0.8861277009
11.15 11.1 11.2 0.9079233579
11.25 11.2 11.3 0.8841194193
11.35 11.3 11.4 0.8785882487
11.45 11.4 11.5 0.8858333975
11.55 11.5 11.6 0.8455479638
11.65 11.6 11.7 0.8165164008
11.75 11.7 11.8 0.8142072837
11.85 11.8 11.9 0.7999175417
11.95 11.9 12 0.8097664422
12.05 12 12.1 0.802198443
12.15 12.1 12.2 0.7500776225
12.25 12.2 12.3 0.7640298922
12.35 12.3 12.4 0.7741149234
12.45 12.4 12.5 0.7380638834
12.55 12.5 12.6 0.7164864099
12.65 12.6 12.7 0.7328135293
12.75 12.7 12.8 0.7064631558
12.85 12.8 12.9 0.6780593537
12.95 12.9 13 0.6885272667
13.05 13 13.1 0.6643891841
13.15 13.1 13.2 0.6649866975
13.25 13.2 13.3 0.6660139776
13.35 13.3 13.4 0.6205931941
13.45 13.4 13.5 0.6317887256
13.55 13.5 13.6 0.6155625987
13.65 13.6 13.7 0.6248186598
13.75 13.7 13.8 0.5920663631
13.85 13.8 13.9 0.6024644026
13.95 13.9 14 0.5951949388
14.05 14 14.1 0.5753269044
14.15 14.1 14.2 0.5743873126
14.25 14.2 14.3 0.5812150475
14.35 14.3 14.4 0.5729142055
14.45 14.4 14.5 0.5567402578
14.55 14.5 14.6 0.5491224007
14.65 14.6 14.7 0.5392111948
14.75 14.7 14.8 0.5154604111
14.85 14.8 14.9 0.5304093914
14.95 14.9 15 0.519986716
15.05 15 15.1 0.4909060652
15.15 15.1 15.2 0.5062230413
15.25 15.2 15.3 0.4999598862
15.35 15.3 15.4 0.4940946103
15.45 15.4 15.5 0.4898129172
15.55 15.5 15.6 0.4960374426
15.65 15.6 15.7 0.4803346006
15.75 15.7 15.8 0.4650852115
15.85 15.8 15.9 0.4436460549
15.95 15.9 16 0.4457489125
16.05 16 16.1 0.4608399565
16.15 16.1 16.2 0.4566499983
16.25 16.2 16.3 0.4436494466
16.35 16.3 16.4 0.4472778232
16.45 16.4 16.5 0.4185880046
16.55 16.5 16.6 0.4365077008
16.65 16.6 16.7 0.4262605391
16.75 16.7 16.8 0.4284235041
16.85 16.8 16.9 0.4091790738
16.95 16.9 17 0.4071317224
17.05 17 17.1 0.3890257504
17.15 17.1 17.2 0.4001766688
17.25 17.2 17.3 0.3947197
17.35 17.3 17.4 0.3835159684
17.45 17.4 17.5 0.3900034906
17.55 17.5 17.6 0.3775808515
17.65 17.6 17.7 0.360805396
17.75 17.7 17.8 0.3594544876
17.85 17.8 17.9 0.3736399668
17.95 17.9 18 0.3523633274
18.05 18 18.1 0.355905094
18.15 18.1 18.2 0.3690080299
18.25 18.2 18.3 0.3441910925
18.35 18.3 18.4 0.3434728442
18.45 18.4 18.5 0.3418846268
18.55 18.5 18.6 0.3295707909
18.65 18.6 18.7 0.32345358
18.75 18.7 18.8 0.3364779946
18.85 18.8 18.9 0.3297415224
18.95 18.9 19 0.3218595485
19.05 19 19.1 0.3224012854
19.15 19.1 19.2 0.307212316
19.25 19.2 19.3 0.3095620209
19.35 19.3 19.4 0.3190758937
19.45 19.4 19.5 0.319185417
19.55 19.5 19.6 0.2987446427
19.65 19.6 19.7 0.2921560021
19.75 19.7 19.8 0.2961761825
19.85 19.8 19.9 0.2909965825
19.95 19.9 20 0.2934816435
20.05 20 20.1 0.3020103019
20.15 20.1 20.2 0.2825290146
20.25 20.2 20.3 0.2716672853
20.35 20.3 20.4 0.2914513218
20.45 20.4 20.5 0.2731073099
20.55 20.5 20.6 0.2762071061
20.65 20.6 20.7 0.2683000516
20.75 20.7 20.8 0.2637968227
20.85 20.8 20.9 0.2540706523
20.95 20.9 21 0.2635813409
21.05 21 21.1 0.2680184566
21.15 21.1 21.2 0.2578550954
21.25 21.2 21.3 0.2549763438
21.35 21.3 21.4 0.2662176675
21.45 21.4 21.5 0.245795142
21.55 21.5 21.6 0.2571714707
21.65 21.6 21.7 0.2504746848
21.75 21.7 21.8 0.2431055719
21.85 21.8 21.9 0.2437008376
21.95 21.9 22 0.2394361556
22.05 22 22.1 0.2382982756
22.15 22.1 22.2 0.2369358655
22.25 22.2 22.3 0.2194858456
22.35 22.3 22.4 0.2266052255
22.45 22.4 22.5 0.232107375
22.55 22.5 22.6 0.2256797707
22.65 22.6 22.7 0.2165654203
22.75 22.7 22.8 0.2289908095
22.85 22.8 22.9 0.2256041364
22.95 22.9 23 0.2238617071
23.05 23 23.1 0.19831037
23.15 23.1 23.2 0.2163330113
23.25 23.2 23.3 0.2164248848
23.35 23.3 23.4 0.2096908578
23.45 23.4 23.5 0.2005156534
23.55 23.5 23.6 0.2024621691
23.65 23.6 23.7 0.1928185076
23.75 23.7 23.8 0.2044514237
23.85 23.8 23.9 0.2022584121
23.95 23.9 24 0.1947717992
24.05 24 24.1 0.1889715181
24.15 24.1 24.2 0.1923921483
24.25 24.2 24.3 0.1869021191
24.35 24.3 24.4 0.1840141866
24.45 24.4 24.5 0.1944253716
24.55 24.5 24.6 0.1910852252
24.65 24.6 24.7 0.1818780547
24.75 24.7 24.8 0.1802494173
24.85 24.8 24.9 0.180060356
24.95 24.9 25 0.1769765343
25.05 25 25.1 0.170818682
25.15 25.1 25.2 0.1739568719
25.25 25.2 25.3 0.1757579397
25.35 25.3 25.4 0.1767951624
25.45 25.4 25.5 0.1702491867
25.55 25.5 25.6 0.1682404723
25.65 25.6 25.7 0.1579047508
25.75 25.7 25.8 0.1641298019
25.85 25.8 25.9 0.1715771598
25.95 25.9 26 0.1591679503
26.05 26 26.1 0.1575593211
26.15 26.1 26.2 0.1627112536
26.25 26.2 26.3 0.1591711113
26.35 26.3 26.4 0.1550294465
26.45 26.4 26.5 0.1470961206
26.55 26.5 26.6 0.1533151691
26.65 26.6 26.7 0.1459699419
26.75 26.7 26.8 0.1574547724
26.85 26.8 26.9 0.1445837547
26.95 26.9 27 0.1542412375
27.05 27 27.1 0.1546993494
27.15 27.1 27.2 0.14239416
27.25 27.2 27.3 0.1481601013
27.35 27.3 27.4 0.139011037
27.45 27.4 27.5 0.1368716965
27.55 27.5 27.6 0.1434050034
27.65 27.6 27.7 0.1420332013
27.75 27.7 27.8 0.130607256
27.85 27.8 27.9 0.1380671375
27.95 27.9 28 0.1395823868
28.05 28 28.1 0.1356491573
28.15 28.1 28.2 0.1337159789
28.25 28.2 28.3 0.1411413515
28.35 28.3 28.4 0.1305913463
28.45 28.4 28.5 0.1269109869
28.55 28.5 28.6 0.1257177116
28.65 28.6 28.7 0.1319260547
28.75 28.7 28.8 0.125030354
28.85 28.8 28.9 0.1316315571
28.95 28.9 29 0.1279821735
29.05 29 29.1 0.1211178471
29.15 29.1 29.2 0.1256971811
29.25 29.2 29.3 0.1240486395
29.35 29.3 29.4 0.1271741385
29.45 29.4 29.5 0.1166634077
29.55 29.5 29.6 0.1289356869
29.65 29.6 29.7 0.1160945731
29.75 29.7 29.8 0.1158640272
29.85 29.8 29.9 0.1113633232
29.95 29.9 30 0.1162520816
30.05 30 30.1 0.1128495139
30.15 30.1 30.2 0.1179080126
30.25 30.2 30.3 0.1087997519
30.35 30.3 30.4 0.1051187268
30.45 30.4 30.5 0.1143658262
30.55 30.5 30.6 0.10597584
30.65 30.6 30.7 0.104292951
30.75 30.7 30.8 0.1061293235
30.85 30.8 30.9 0.1128881987
30.95 30.9 31 0.106420278
31.05 31 31.1 0.1067712774
31.15 31.1 31.2 0.1097228193
31.25 31.2 31.3 0.1111534189
31.35 31.3 31.4 0.1083445128
31.45 31.4 31.5 0.102287222
31.55 31.5 31.6 0.09149135395
31.65 31.6 31.7 0.1029112201
31.75 31.7 31.8 0.1030180154
31.85 31.8 31.9 0.09731914923
31.95 31.9 32 0.08879665367
32.05 32 32.1 0.1011304032
32.15 32.1 32.2 0.09630968828
32.25 32.2 32.3 0.09182987576
32.35 32.3 32.4 0.09441093549
32.45 32.4 32.5 0.08802311091
32.55 32.5 32.6 0.09291968085
32.65 32.6 32.7 0.09807726284
32.75 32.7 32.8 0.0944881888
32.85 32.8 32.9 0.08571134797
32.95 32.9 33 0.09509601762
33.05 33 33.1 0.08626411363
33.15 33.1 33.2 0.08641475586
33.25 33.2 33.3 0.08987923244
33.35 33.3 33.4 0.08991712549
33.45 33.4 33.5 0.08699790155
33.55 33.5 33.6 0.08211065957
33.65 33.6 33.7 0.08911418494
33.75 33.7 33.8 0.08493392322
33.85 33.8 33.9 0.08770932025
33.95 33.9 34 0.08603530289
34.05 34 34.1 0.08420881077
34.15 34.1 34.2 0.08485554758
34.25 34.2 34.3 0.07996335809
34.35 34.3 34.4 0.08460447616
34.45 34.4 34.5 0.08169894383
34.55 34.5 34.6 0.07836512371
34.65 34.6 34.7 0.07943289485
34.75 34.7 34.8 0.08185923011
34.85 34.8 34.9 0.07983507767
34.95 34.9 35 0.07226406128
35.05 35 35.1 0.08883340197
35.15 35.1 35.2 0.08028369878
35.25 35.2 35.3 0.07832076991
35.35 35.3 35.4 0.07054609397
35.45 35.4 35.5 0.07211871693
35.55 35.5 35.6 0.07847473094
35.65 35.6 35.7 0.06827674406
35.75 35.7 35.8 0.07268761163
35.85 35.8 35.9 0.07202753064
35.95 35.9 36 0.07476226484
36.05 36 36.1 0.06671564305
36.15 36.1 36.2 0.07418527316
36.25 36.2 36.3 0.07127724015
36.35 36.3 36.4 0.07087187003
36.45 36.4 36.5 0.073578147
36.55 36.5 36.6 0.07019105573
36.65 36.6 36.7 0.06502902309
36.75 36.7 36.8 0.0652097065
36.85 36.8 36.9 0.06791938509
36.95 36.9 37 0.06122022683
37.05 37 37.1 0.06434460456
37.15 37.1 37.2 0.06927626967
37.25 37.2 37.3 0.05747452201
37.35 37.3 37.4 0.06516468791
37.45 37.4 37.5 0.06857818504
37.55 37.5 37.6 0.05838910081
37.65 37.6 37.7 0.06621267647
37.75 37.7 37.8 0.05907623085
37.85 37.8 37.9 0.06655981865
37.95 37.9 38 0.06388271291
38.05 38 38.1 0.069124528
38.15 38.1 38.2 0.06634973627
38.25 38.2 38.3 0.06328041677
38.35 38.3 38.4 0.06625475175
38.45 38.4 38.5 0.06290604239
38.55 38.5 38.6 0.06295196945
38.65 38.6 38.7 0.06050359766
38.75 38.7 38.8 0.05923703985
38.85 38.8 38.9 0.05489560669
38.95 38.9 39 0.06359310544
39.05 39 39.1 0.05899421858
39.15 39.1 39.2 0.0615786007
39.25 39.2 39.3 0.05378582301
39.35 39.3 39.4 0.05889830686
39.45 39.4 39.5 0.05696657133
39.55 39.5 39.6 0.05635215303
39.65 39.6 39.7 0.05997523461
39.75 39.7 39.8 0.05802639313
39.85 39.8 39.9 0.05112757131
39.95 39.9 40 0.05196415933
40.05 40 40.1 0.0549372821
40.15 40.1 40.2 0.05605507254
40.25 40.2 40.3 0.05247333864
40.35 40.3 40.4 0.05316978873
40.45 40.4 40.5 0.05454282208
40.55 40.5 40.6 0.05284648375
40.65 40.6 40.7 0.05161736583
40.75 40.7 40.8 0.04981554183
40.85 40.8 40.9 0.05623128002
40.95 40.9 41 0.05298158948
41.05 41 41.1 0.04610432648
41.15 41.1 41.2 0.05242573765
41.25 41.2 41.3 0.0494647219
41.35 41.3 41.4 0.0520505611
41.45 41.4 41.5 0.05449809311
41.55 41.5 41.6 0.04983720756
41.65 41.6 41.7 0.05332665214
41.75 41.7 41.8 0.05001149187
41.85 41.8 41.9 0.0526585953
41.95 41.9 42 0.04662797226
42.05 42 42.1 0.05123431095
42.15 42.1 42.2 0.04580271865
42.25 42.2 42.3 0.04823069559
42.35 42.3 42.4 0.04314809853
42.45 42.4 42.5 0.05018700889
42.55 42.5 42.6 0.04991664592
42.65 42.6 42.7 0.04652412459
42.75 42.7 42.8 0.052525021
42.85 42.8 42.9 0.04607729965
42.95 42.9 43 0.04730412774
43.05 43 43.1 0.04506565952
43.15 43.1 43.2 0.04669504559
43.25 43.2 43.3 0.04263085288
43.35 43.3 43.4 0.04162479308
43.45 43.4 43.5 0.03596490628
43.55 43.5 43.6 0.04349678288
43.65 43.6 43.7 0.0428025482
43.75 43.7 43.8 0.04549579704
43.85 43.8 43.9 0.04134548503
43.95 43.9 44 0.04350186442
44.05 44 44.1 0.03805372352
44.15 44.1 44.2 0.03949939411
44.25 44.2 44.3 0.03757749217
44.35 44.3 44.4 0.04090844082
44.45 44.4 44.5 0.03955273583
44.55 44.5 44.6 0.03914925672
44.65 44.6 44.7 0.03840507964
44.75 44.7 44.8 0.04005297603
44.85 44.8 44.9 0.03788019666
44.95 44.9 45 0.04143667547
45.05 45 45.1 0.03363365608
45.15 45.1 45.2 0.03802202454
45.25 45.2 45.3 0.03669449764
45.35 45.3 45.4 0.0347068587
45.45 45.4 45.5 0.04004020031
45.55 45.5 45.6 0.04007462809
45.65 45.6 45.7 0.03793281329
45.75 45.7 45.8 0.0365560983
45.85 45.8 45.9 0.03247213358
45.95 45.9 46 0.03421280347
46.05 46 46.1 0.03523440797
46.15 46.1 46.2 0.03285097983
46.25 46.2 46.3 0.03979864113
46.35 46.3 46.4 0.02958308036
46.45 46.4 46.5 0.02922960829
46.55 46.5 46.6 0.03823519974
46.65 46.6 46.7 0.03085532361
46.75 46.7 46.8 0.03300375343
46.85 46.8 46.9 0.03084844125
46.95 46.9 47 0.03168867125
47.05 47 47.1 0.03341262342
47.15 47.1 47.2 0.03084390565
47.25 47.2 47.3 0.03250748984
47.35 47.3 47.4 0.0326525357
47.45 47.4 47.5 0.02633064735
47.55 47.5 47.6 0.02762517719
47.65 47.6 47.7 0.03029243734
47.75 47.7 47.8 0.0279125352
47.85 47.8 47.9 0.03495525044
47.95 47.9 48 0.0322301648
48.05 48 48.1 0.03167483338
48.15 48.1 48.2 0.02796395338
48.25 48.2 48.3 0.03591528902
48.35 48.3 48.4 0.03346230415
48.45 48.4 48.5 0.02738492007
48.55 48.5 48.6 0.03242915259
48.65 48.6 48.7 0.02475281437
48.75 48.7 48.8 0.0274565621
48.85 48.8 48.9 0.02924618842
48.95 48.9 49 0.0286262134
49.05 49 49.1 0.03047372192
49.15 49.1 49.2 0.02955073662
49.25 49.2 49.3 0.02737137705
49.35 49.3 49.4 0.02895395107
49.45 49.4 49.5 0.02433822069
49.55 49.5 49.6 0.0263062639
49.65 49.6 49.7 0.02585310277
49.75 49.7 49.8 0.03446157174
49.85 49.8 49.9 0.02796029117
49.95 49.9 50 0.02730423277
50.05 50 50.1 0.02763931644
50.15 50.1 50.2 0.03410657819
50.25 50.2 50.3 0.02983612276
50.35 50.3 50.4 0.02605120109
50.45 50.4 50.5 0.0349937574
50.55 50.5 50.6 0.02615874774
50.65 50.6 50.7 0.02392063158
50.75 50.7 50.8 0.03023818647
50.85 50.8 50.9 0.02560738695
50.95 50.9 51 0.02845975976
51.05 51 51.1 0.02452636781
51.15 51.1 51.2 0.02443852185
51.25 51.2 51.3 0.02189848052
51.35 51.3 51.4 0.02824142939
51.45 51.4 51.5 0.02924721809
51.55 51.5 51.6 0.02629231187
51.65 51.6 51.7 0.02045228322
51.75 51.7 51.8 0.02330563804
51.85 51.8 51.9 0.02697901448
51.95 51.9 52 0.02135080586
52.05 52 52.1 0.02380775215
52.15 52.1 52.2 0.02387335174
52.25 52.2 52.3 0.02080472861
52.35 52.3 52.4 0.02048430154
52.45 52.4 52.5 0.02115154758
52.55 52.5 52.6 0.02396892054
52.65 52.6 52.7 0.0260869305
52.75 52.7 52.8 0.0251156533
52.85 52.8 52.9 0.02299707937
52.95 52.9 53 0.02261559743
53.05 53 53.1 0.02421737046
53.15 53.1 53.2 0.02339947722
53.25 53.2 53.3 0.02459366485
53.35 53.3 53.4 0.02581147048
53.45 53.4 53.5 0.02426156502
53.55 53.5 53.6 0.02016143032
53.65 53.6 53.7 0.02551973487
53.75 53.7 53.8 0.02501537165
53.85 53.8 53.9 0.02060416059
53.95 53.9 54 0.02192955894
54.05 54 54.1 0.0233437068
54.15 54.1 54.2 0.02329419714
54.25 54.2 54.3 0.0201572794
54.35 54.3 54.4 0.0222972707
54.45 54.4 54.5 0.01995129652
54.55 54.5 54.6 0.01945532659
54.65 54.6 54.7 0.02069151291
54.75 54.7 54.8 0.02265799236
54.85 54.8 54.9 0.02074045822
54.95 54.9 55 0.0235559553
55.05 55 55.1 0.01982488131
55.15 55.1 55.2 0.0211898419
55.25 55.2 55.3 0.01679545608
55.35 55.3 55.4 0.02113003136
55.45 55.4 55.5 0.02045889681
55.55 55.5 55.6 0.0182529276
55.65 55.6 55.7 0.01866694115
55.75 55.7 55.8 0.01964133196
55.85 55.8 55.9 0.02289758809
55.95 55.9 56 0.01706682353
56.05 56 56.1 0.02141100674
56.15 56.1 56.2 0.01972954355
56.25 56.2 56.3 0.01476071866
56.35 56.3 56.4 0.02271698935
56.45 56.4 56.5 0.0203087249
56.55 56.5 56.6 0.02292492763
56.65 56.6 56.7 0.01795434558
56.75 56.7 56.8 0.02073182652
56.85 56.8 56.9 0.02060275487
56.95 56.9 57 0.01529062934
57.05 57 57.1 0.02033320117
57.15 57.1 57.2 0.02237529034
57.25 57.2 57.3 0.01655011415
57.35 57.3 57.4 0.02194721943
57.45 57.4 57.5 0.01739383405
57.55 57.5 57.6 0.01787741681
57.65 57.6 57.7 0.01660828986
57.75 57.7 57.8 0.01778051397
57.85 57.8 57.9 0.01639325041
57.95 57.9 58 0.01831178979
58.05 58 58.1 0.02315316639
58.15 58.1 58.2 0.01390963197
58.25 58.2 58.3 0.01650027789
58.35 58.3 58.4 0.01568955883
58.45 58.4 58.5 0.01465023355
58.55 58.5 58.6 0.01584999374
58.65 58.6 58.7 0.01585683567
58.75 58.7 58.8 0.01659321297
58.85 58.8 58.9 0.01590124997
58.95 58.9 59 0.01285706803
59.05 59 59.1 0.01477512513
59.15 59.1 59.2 0.0123664402
59.25 59.2 59.3 0.01129126197
59.35 59.3 59.4 0.01392613546
59.45 59.4 59.5 0.01566649985
59.55 59.5 59.6 0.01775789605
59.65 59.6 59.7 0.01636686376
59.75 59.7 59.8 0.01599532743
59.85 59.8 59.9 0.01306736706
59.95 59.9 60 0.0178090442
60.05 60 60.1 0.01480156881
60.15 60.1 60.2 0.01507750989
60.25 60.2 60.3 0.01913349257
60.35 60.3 60.4 0.01481730693
60.45 60.4 60.5 0.0131541637
60.55 60.5 60.6 0.01682365169
60.65 60.6 60.7 0.01243276709
60.75 60.7 60.8 0.01357516759
60.85 60.8 60.9 0.01288387931
60.95 60.9 61 0.01520976764
61.05 61 61.1 0.01367826545
61.15 61.1 61.2 0.0102372996
61.25 61.2 61.3 0.01533332933
61.35 61.3 61.4 0.01110941349
61.45 61.4 61.5 0.01510029644
61.55 61.5 61.6 0.01394385921
61.65 61.6 61.7 0.01255992935
61.75 61.7 61.8 0.01451363964
61.85 61.8 61.9 0.0128064843
61.95 61.9 62 0.01364272837
62.05 62 62.1 0.0132500236
62.15 62.1 62.2 0.01415232999
62.25 62.2 62.3 0.01052152743
62.35 62.3 62.4 0.01324727204
62.45 62.4 62.5 0.01137220409
62.55 62.5 62.6 0.00675067606
62.65 62.6 62.7 0.01179281492
62.75 62.7 62.8 0.01320620331
62.85 62.8 62.9 0.01176012442
62.95 62.9 63 0.00985962905
63.05 63 63.1 0.01170988917
63.15 63.1 63.2 0.0121140556
63.25 63.2 63.3 0.01280889129
63.35 63.3 63.4 0.01069750631
63.45 63.4 63.5 0.01174248691
63.55 63.5 63.6 0.0130719352
63.65 63.6 63.7 0.01143003817
63.75 63.7 63.8 0.01297029264
63.85 63.8 63.9 0.01139220131
63.95 63.9 64 0.0105533877
64.05 64 64.1 0.0148187632
64.15 64.1 64.2 0.01329695895
64.25 64.2 64.3 0.009872771276
64.35 64.3 64.4 0.01083760078
64.45 64.4 64.5 0.007376766401
64.55 64.5 64.6 0.0110174932
64.65 64.6 64.7 0.01195393152
64.75 64.7 64.8 0.01109567264
64.85 64.8 64.9 0.01382511897
64.95 64.9 65 0.009699838378
65.05 65 65.1 0.01092676065
65.15 65.1 65.2 0.00837504691
65.25 65.2 65.3 0.009584102357
65.35 65.3 65.4 0.005315965977
65.45 65.4 65.5 0.01003353956
65.55 65.5 65.6 0.01321939472
65.65 65.6 65.7 0.01240205363
65.75 65.7 65.8 0.0120838941
65.85 65.8 65.9 0.01064350642
65.95 65.9 66 0.01329765572
66.05 66 66.1 0.00896393145
66.15 66.1 66.2 0.01033713408
66.25 66.2 66.3 0.009359965175
66.35 66.3 66.4 0.006325539832
66.45 66.4 66.5 0.01214306084
66.55 66.5 66.6 0.01151071767
66.65 66.6 66.7 0.008612816779
66.75 66.7 66.8 0.009761927608
66.85 66.8 66.9 0.01060451589
66.95 66.9 67 0.008852640348
67.05 67 67.1 0.007054711235
67.15 67.1 67.2 0.009966471139
67.25 67.2 67.3 0.008186458014
67.35 67.3 67.4 0.01440670559
67.45 67.4 67.5 0.009534222964
67.55 67.5 67.6 0.007303911898
67.65 67.6 67.7 0.006019620241
67.75 67.7 67.8 0.01167081786
67.85 67.8 67.9 0.009246491878
67.95 67.9 68 0.01013316202
68.05 68 68.1 0.012818714
68.15 68.1 68.2 0.009939160069
68.25 68.2 68.3 0.009333520573
68.35 68.3 68.4 0.008764540793
68.45 68.4 68.5 0.008460170955
68.55 68.5 68.6 0.009179445245
68.65 68.6 68.7 0.006192481107
68.75 68.7 68.8 0.010826696
68.85 68.8 68.9 0.008150893626
68.95 68.9 69 0.009071381729
69.05 69 69.1 0.01066871598
69.15 69.1 69.2 0.01053644173
69.25 69.2 69.3 0.006881255641
69.35 69.3 69.4 0.007190938781
69.45 69.4 69.5 0.008243849384
69.55 69.5 69.6 0.01089314975
69.65 69.6 69.7 0.008487044361
69.75 69.7 69.8 0.00795475279
69.85 69.8 69.9 0.003256420739
69.95 69.9 70 0.006678467912
70.05 70 70.1 0.009815822507
70.15 70.1 70.2 0.007137535217
70.25 70.2 70.3 0.006760980407
70.35 70.3 70.4 0.007694204741
70.45 70.4 70.5 0.007392875635
70.55 70.5 70.6 0.007276759675
70.65 70.6 70.7 0.008801219698
70.75 70.7 70.8 0.007190572684
70.85 70.8 70.9 0.008768470728
70.95 70.9 71 0.008248415785
71.05 71 71.1 0.006030956861
71.15 71.1 71.2 0.005342801008
71.25 71.2 71.3 0.007066738645
71.35 71.3 71.4 0.004536364445
71.45 71.4 71.5 0.008415326925
71.55 71.5 71.6 0.00417762115
71.65 71.6 71.7 0.006613852737
71.75 71.7 71.8 0.007152107188
71.85 71.8 71.9 0.005754366131
71.95 71.9 72 0.007121734938
72.05 72 72.1 0.004539672981
72.15 72.1 72.2 0.005828989008
72.25 72.2 72.3 0.006071240291
72.35 72.3 72.4 0.005489940477
72.45 72.4 72.5 0.006182232415
72.55 72.5 72.6 0.005807159665
72.65 72.6 72.7 0.007109804784
72.75 72.7 72.8 0.001749180182
72.85 72.8 72.9 0.006269409568
72.95 72.9 73 0.004903022042
73.05 73 73.1 0.008536835735
73.15 73.1 73.2 0.003752931937
73.25 73.2 73.3 0.003223472705
73.35 73.3 73.4 0.005294952767
73.45 73.4 73.5 0.005991549682
73.55 73.5 73.6 0.005118367021
73.65 73.6 73.7 0.005297971066
73.75 73.7 73.8 0.006939888678
73.85 73.8 73.9 0.007115328034
73.95 73.9 74 0.006837750887
74.05 74 74.1 0.005791278046
74.15 74.1 74.2 0.004100867708
74.25 74.2 74.3 0.003752579814
74.35 74.3 74.4 0.005586715276
74.45 74.4 74.5 0.004941722
74.55 74.5 74.6 0.005107800089
74.65 74.6 74.7 0.003451048691
74.75 74.7 74.8 0.005960931753
74.85 74.8 74.9 0.005683265604
74.95 74.9 75 0.006811675639
75.05 75 75.1 0.004744229706
75.15 75.1 75.2 0.005338063327
75.25 75.2 75.3 -0.0004495552931
75.35 75.3 75.4 0.005084950045
75.45 75.4 75.5 0.003791229982
75.55 75.5 75.6 0.003521466681
75.65 75.6 75.7 0.005940024263
75.75 75.7 75.8 0.006494052332
75.85 75.8 75.9 0.003949732942
75.95 75.9 76 0.009593394963
76.05 76 76.1 0.006136206286
76.15 76.1 76.2 0.005537425369
76.25 76.2 76.3 0.005508890799
76.35 76.3 76.4 0.004864731695
76.45 76.4 76.5 0.004148303407
76.55 76.5 76.6 0.001273460941
76.65 76.6 76.7 0.005678839877
76.75 76.7 76.8 0.006175204948
76.85 76.8 76.9 0.003800536651
76.95 76.9 77 0.004414521418
77.05 77 77.1 0.003962625903
77.15 77.1 77.2 0.00439863373
77.25 77.2 77.3 0.00439048116
77.35 77.3 77.4 0.004649690162
77.45 77.4 77.5 0.005276343224
77.55 77.5 77.6 0.006583626422
77.65 77.6 77.7 0.002860931841
77.75 77.7 77.8 0.003305137331
77.85 77.8 77.9 0.00229330427
77.95 77.9 78 0.004617417482
78.05 78 78.1 0.006160207736
78.15 78.1 78.2 0.005385733951
78.25 78.2 78.3 0.003463372083
78.35 78.3 78.4 0.002580466151
78.45 78.4 78.5 0.00288151325
78.55 78.5 78.6 0.002891008113
78.65 78.6 78.7 0.004891353133
78.75 78.7 78.8 0.002702635813
78.85 78.8 78.9 0.003640062784
78.95 78.9 79 0.002758855709
79.05 79 79.1 0.002838041335
79.15 79.1 79.2 0.0002585274064
79.25 79.2 79.3 0.006540456444
79.35 79.3 79.4 0.004704872463
79.45 79.4 79.5 0.005974839749
79.55 79.5 79.6 0.005410525908
79.65 79.6 79.7 0.002672707741
79.75 79.7 79.8 0.003485748731
79.85 79.8 79.9 0.003122434519
79.95 79.9 80 0.003240568955
80.05 80 80.1 0.003165589778
80.15 80.1 80.2 0.005398873644
80.25 80.2 80.3 0.003211194284
80.35 80.3 80.4 0.003615505255
80.45 80.4 80.5 0.005207102899
80.55 80.5 80.6 0.004589302217
80.65 80.6 80.7 0.004185887845
80.75 80.7 80.8 0.004645229811
80.85 80.8 80.9 0.00453188115
80.95 80.9 81 0.001165996585
81.05 81 81.1 0.003860573278
81.15 81.1 81.2 0.0042426731
81.25 81.2 81.3 0.003591358036
81.35 81.3 81.4 0.006591753258
81.45 81.4 81.5 0.00519954891
81.55 81.5 81.6 0.00637850047
81.65 81.6 81.7 0.003733307862
81.75 81.7 81.8 0.003610594715
81.85 81.8 81.9 0.003451107083
81.95 81.9 82 0.004385847794
82.05 82 82.1 0.004254869705
82.15 82.1 82.2 0.006854564885
82.25 82.2 82.3 0.006906065147
82.35 82.3 82.4 0.00470658537
82.45 82.4 82.5 0.004359246193
82.55 82.5 82.6 0.002477545584
82.65 82.6 82.7 0.004006268555
82.75 82.7 82.8 0.006393383164
82.85 82.8 82.9 0.005922115717
82.95 82.9 83 0.004189991698
83.05 83 83.1 0.001663034033
83.15 83.1 83.2 0.003891777604
83.25 83.2 83.3 0.006967322016
83.35 83.3 83.4 0.006544536436
83.45 83.4 83.5 0.001837071657
83.55 83.5 83.6 0.004577171014
83.65 83.6 83.7 0.004200728278
83.75 83.7 83.8 0.004335921488
83.85 83.8 83.9 0.001427273166
83.95 83.9 84 0.003481964352
84.05 84 84.1 0.003943596709
84.15 84.1 84.2 0.003396196916
84.25 84.2 84.3 0.004462888257
84.35 84.3 84.4 0.004475791106
84.45 84.4 84.5 0.0008401508149
84.55 84.5 84.6 0.001925788492
84.65 84.6 84.7 0.004639142336
84.75 84.7 84.8 7.068678054e-05
84.85 84.8 84.9 0.008174133179
84.95 84.9 85 4.356919362e-05
85.05 85 85.1 0.002592066932
85.15 85.1 85.2 9.518101555e-06
85.25 85.2 85.3 0.004863149117
85.35 85.3 85.4 0.004418614222
85.45 85.4 85.5 0.004876686884
85.55 85.5 85.6 0.0009891348621
85.65 85.6 85.7 0.004774760885
85.75 85.7 85.8 0.001886365538
85.85 85.8 85.9 0.002614515672
85.95 85.9 86 0.002322162851
86.05 86 86.1 0.003398294005
86.15 86.1 86.2 0.002437057453
86.25 86.2 86.3 0.001445543474
86.35 86.3 86.4 0.001205061704
86.45 86.4 86.5 0.001132694837
86.55 86.5 86.6 0.004599878865
86.65 86.6 86.7 0.0004939376853
86.75 86.7 86.8 0.002561819687
86.85 86.8 86.9 0.003067502114
86.95 86.9 87 0.004295445216
87.05 87 87.1 0.003932112789
87.15 87.1 87.2 0.004314566517
87.25 87.2 87.3 0.001546565763
87.35 87.3 87.4 0.0005988259357
87.45 87.4 87.5 0.004503973588
87.55 87.5 87.6 0.00293527825
87.65 87.6 87.7 0.002233553001
87.75 87.7 87.8 0.004018235028
87.85 87.8 87.9 0.001722486196
87.95 87.9 88 0.006101247584
88.05 88 88.1 0.004410782207
88.15 88.1 88.2 0.002496306666
88.25 88.2 88.3 0.004606122107
88.35 88.3 88.4 0.004051265035
88.45 88.4 88.5 0.001999110281
88.55 88.5 88.6 0.002087885037
88.65 88.6 88.7 0.005904823639
88.75 88.7 88.8 0.002786265558
88.85 88.8 88.9 0.00631643229
88.95 88.9 89 0.005061982121
89.05 89 89.1 0.004219159021
89.15 89.1 89.2 0.004130318386
89.25 89.2 89.3 0.004020587935
89.35 89.3 89.4 0.006554414943
89.45 89.4 89.5 0.005298937955
89.55 89.5 89.6 0.003217993676
89.65 89.6 89.7 0.001449820861
89.75 89.7 89.8 0.004297601682
89.85 89.8 89.9 0.005512228341
89.95 89.9 90 0.003202818093
90.05 90 90.1 0.0039826777
90.15 90.1 90.2 0.00597749116
90.25 90.2 90.3 0.003596178612
90.35 90.3 90.4 0.004763180725
90.45 90.4 90.5 0.004908497175
90.55 90.5 90.6 0.002919242893
90.65 90.6 90.7 0.004628051953
90.75 90.7 90.8 0.003714523833
90.85 90.8 90.9 0.004545182363
90.95 90.9 91 0.002621561012
91.05 91 91.1 0.003632370015
91.15 91.1 91.2 0.003042879271
91.25 91.2 91.3 0.003471226076
91.35 91.3 91.4 0.002356735862
91.45 91.4 91.5 0.00317802742
91.55 91.5 91.6 0.0003029218097
91.65 91.6 91.7 0.002792519203
91.75 91.7 91.8 0.004087941595
91.85 91.8 91.9 0.003321318614
91.95 91.9 92 0.006077653045
92.05 92 92.1 0.00416132702
92.15 92.1 92.2 0.002484860379
92.25 92.2 92.3 0.00334260072
92.35 92.3 92.4 0.002954433599
92.45 92.4 92.5 0.003473281359
92.55 92.5 92.6 0.002829559216
92.65 92.6 92.7 0.00340125618
92.75 92.7 92.8 0.002595641285
92.85 92.8 92.9 0.002717880904
92.95 92.9 93 0.003402644261
93.05 93 93.1 0.003202105267
93.15 93.1 93.2 0.003634334475
93.25 93.2 93.3 0.003412108901
93.35 93.3 93.4 0.0008335203944
93.45 93.4 93.5 0.001410612151
93.55 93.5 93.6 0.005846440389
93.65 93.6 93.7 0.002680139755
93.75 93.7 93.8 0.003670735531
93.85 93.8 93.9 0.005588455128
93.95 93.9 94 0.003776854667
94.05 94 94.1 0.002297915184
94.15 94.1 94.2 0.005161030591
94.25 94.2 94.3 0.001587101769
94.35 94.3 94.4 0.002927679454
94.45 94.4 94.5 0.003001179478
94.55 94.5 94.6 0.0004557494673
94.65 94.6 94.7 0.003779881015
94.75 94.7 94.8 0.003619091407
94.85 94.8 94.9 0.004128300357
94.95 94.9 95 0.002999917245
95.05 95 95.1 0.001199658011
95.15 95.1 95.2 0.005001264892
95.25 95.2 95.3 0.00407299158
95.35 95.3 95.4 0.005562127257
95.45 95.4 95.5 0.00610555875
95.55 95.5 95.6 0.003320773053
95.65 95.6 95.7 0.001705946833
95.75 95.7 95.8 0.003057417009
95.85 95.8 95.9 0.002638740021
95.95 95.9 96 0.006117820576
96.05 96 96.1 0.005706546745
96.15 96.1 96.2 0.005211599486
96.25 96.2 96.3 0.004886517606
96.35 96.3 96.4 0.00554923772
96.45 96.4 96.5 0.003192690415
96.55 96.5 96.6 0.006170393679
96.65 96.6 96.7 0.00163922312
96.75 96.7 96.8 0.006512562025
96.85 96.8 96.9 0.003970670367
96.95 96.9 97 0.002666619058
97.05 97 97.1 0.004383460855
97.15 97.1 97.2 0.001323259549
97.25 97.2 97.3 0.003179006212
97.35 97.3 97.4 0.004008090605
97.45 97.4 97.5 0.002776009098
97.55 97.5 97.6 0.005321919101
97.65 97.6 97.7 0.002217149931
97.75 97.7 97.8 0.003645893323
97.85 97.8 97.9 0.004386312109
97.95 97.9 98 0.00173458485
98.05 98 98.1 0.002198248719
98.15 98.1 98.2 0.003947453461
98.25 98.2 98.3 0.002896573921
98.35 98.3 98.4 0.000939447998
98.45 98.4 98.5 0.004200157989
98.55 98.5 98.6 0.004625864019
98.65 98.6 98.7 0.005312347274
98.75 98.7 98.8 0.003358612564
98.85 98.8 98.9 0.002115735801
98.95 98.9 99 0.003953103873
99.05 99 99.1 0.0005086853445
99.15 99.1 99.2 0.003565308881
99.25 99.2 99.3 0.002318546133
99.35 99.3 99.4 0.004525561758
99.45 99.4 99.5 0.001081548154
99.55 99.5 99.6 0.004934421318
99.65 99.6 99.7 0.004750936253
99.75 99.7 99.8 0.004225409716
99.85 99.8 99.9 0.003371227191
99.95 99.9 100 0.003278754112
100.05 100 100.1 0.002875251984
100.15 100.1 100.2 0.004045610476
100.25 100.2 100.3 0.001921350166
100.35 100.3 100.4 0.001196544659
100.45 100.4 100.5 0.002881912833
100.55 100.5 100.6 0.002053518991
100.65 100.6 100.7 0.003336897119
100.75 100.7 100.8 0.001686737206
100.85 100.8 100.9 0.00324868863
100.95 100.9 101 0.003589526461
101.05 101 101.1 -0.0001893033017
101.15 101.1 101.2 0.00542552935
101.25 101.2 101.3 0.003243544845
101.35 101.3 101.4 0.005271987801
101.45 101.4 101.5 0.002136710731
101.55 101.5 101.6 0.001837716845
101.65 101.6 101.7 0.005343697821
101.75 101.7 101.8 0.003637870147
101.85 101.8 101.9 0.00120767273
101.95 101.9 102 0.003290893786
102.05 102 102.1 0.003021782058
102.15 102.1 102.2 0.0006929948043
102.25 102.2 102.3 0.001617275759
102.35 102.3 102.4 0.004660113287
102.45 102.4 102.5 0.002497399972
102.55 102.5 102.6 0.002143106839
102.65 102.6 102.7 0.006665328236
102.75 102.7 102.8 0.002796465379
102.85 102.8 102.9 0.001023191067
102.95 102.9 103 0.00125777226
103.05 103 103.1 0.002182653609
103.15 103.1 103.2 0.003395680063
103.25 103.2 103.3 0.00326190721
103.35 103.3 103.4 0.003958676147
103.45 103.4 103.5 0.00534534198
103.55 103.5 103.6 0.00377806627
103.65 103.6 103.7 0.003761728005
103.75 103.7 103.8 0.001871018156
103.85 103.8 103.9 0.004340807538
103.95 103.9 104 0.003297451929
104.05 104 104.1 0.003559282046
104.15 104.1 104.2 0.005672680347
104.25 104.2 104.3 0.001457990996
104.35 104.3 104.4 0.00209615658
104.45 104.4 104.5 0.006593506834
104.55 104.5 104.6 0.002723211393
104.65 104.6 104.7 0.004338410986
104.75 104.7 104.8 0.002603591414
104.85 104.8 104.9 0.002516825032
104.95 104.9 105 0.002919084572
105.05 105 105.1 0.004409671952
105.15 105.1 105.2 0.001790920546
105.25 105.2 105.3 0.003343977876
105.35 105.3 105.4 0.004819094426
105.45 105.4 105.5 0.001736235372
105.55 105.5 105.6 0.003776073809
105.65 105.6 105.7 0.003356182265
105.75 105.7 105.8 0.002119095466
105.85 105.8 105.9 0.002225403827
105.95 105.9 106 0.0003262487508
106.05 106 106.1 0.006565422285
106.15 106.1 106.2 0.000552467202
106.25 106.2 106.3 0.003496138543
106.35 106.3 106.4 0.000198377284
106.45 106.4 106.5 0.002089599401
106.55 106.5 106.6 0.001627681016
106.65 106.6 106.7 0.001049490605
106.75 106.7 106.8 0.004602090619
106.85 106.8 106.9 0.00325962376
106.95 106.9 107 0.002020836063
107.05 107 107.1 0.001558794674
107.15 107.1 107.2 0.006164244395
107.25 107.2 107.3 0.002994075173
107.35 107.3 107.4 0.0008701651014
107.45 107.4 107.5 0.001108282452
107.55 107.5 107.6 0.001112340286
107.65 107.6 107.7 0.003125610046
107.75 107.7 107.8 0.00417077947
107.85 107.8 107.9 0.003446913035
107.95 107.9 108 0.001166956431
108.05 108 108.1 0.0007945285287
108.15 108.1 108.2 -0.00124099376
108.25 108.2 108.3 0.003526970916
108.35 108.3 108.4 0.00220024266
108.45 108.4 108.5 0.003323281728
108.55 108.5 108.6 0.0026175738
108.65 108.6 108.7 0.004683884797
108.75 108.7 108.8 0.003000909487
108.85 108.8 108.9 0.001848786399
108.95 108.9 109 0.003698749715
109.05 109 109.1 0.002664517215
109.15 109.1 109.2 0.004552687804
109.25 109.2 109.3 0.002417585855
109.35 109.3 109.4 0.000377209199
109.45 109.4 109.5 0.001612645166
109.55 109.5 109.6 0.002653425678
109.65 109.6 109.7 0.0006270996276
109.75 109.7 109.8 0.001636278979
109.85 109.8 109.9 0.003907119321
109.95 109.9 110 -6.054329584e-05
110.05 110 110.1 -0.0001740520737
110.15 110.1 110.2 0.001061699744
110.25 110.2 110.3 -0.0007281234075
110.35 110.3 110.4 0.0001251098066
110.45 110.4 110.5 -0.0002283032659
110.55 110.5 110.6 0.00072434129
110.65 110.6 110.7 0.0006188855953
110.75 110.7 110.8 0.000746137183
110.85 110.8 110.9 0.003195424104
110.95 110.9 111 0.003541757806
111.05 111 111.1 0.00109792875
111.15 111.1 111.2 0.002783924387
111.25 111.2 111.3 -0.00111521121
111.35 111.3 111.4 0.001342867412
111.45 111.4 111.5 0.003169594751
111.55 111.5 111.6 0.002739417298
111.65 111.6 111.7 0.004177777465
111.75 111.7 111.8 0.005064779691
111.85 111.8 111.9 -0.0004202878715
111.95 111.9 112 0.001492400326
112.05 112 112.1 0.002568586368
112.15 112.1 112.2 0.002185626787
112.25 112.2 112.3 0.002494806188
112.35 112.3 112.4 0.005538960647
112.45 112.4 112.5 0.002043236861
112.55 112.5 112.6 0.0006981454838
112.65 112.6 112.7 0.0004279780622
112.75 112.7 112.8 0.0009708402504
112.85 112.8 112.9 0.001263035924
112.95 112.9 113 0.003366555489
113.05 113 113.1 0.002941796742
113.15 113.1 113.2 0.003366985841
113.25 113.2 113.3 0.003299632659
113.35 113.3 113.4 0.002592447038
113.45 113.4 113.5 0.002489692017
113.55 113.5 113.6 0.001735902952
113.65 113.6 113.7 0.0003933179519
113.75 113.7 113.8 0.003840855735
113.85 113.8 113.9 0.002355494651
113.95 113.9 114 0.002295028027
114.05 114 114.1 0.001080551767
114.15 114.1 114.2 0.002405013796
114.25 114.2 114.3 0.001112263108
114.35 114.3 114.4 0.00142067166
114.45 114.4 114.5 6.891035732e-05
114.55 114.5 114.6 0.002916963349
114.65 114.6 114.7 0.001417595994
114.75 114.7 114.8 -0.0004636095982
114.85 114.8 114.9 0.0009424979212
114.95 114.9 115 0.000656246311
115.05 115 115.1 0.003474822111
115.15 115.1 115.2 0.000719781007
115.25 115.2 115.3 0.001395785658
115.35 115.3 115.4 0.001823926188
115.45 115.4 115.5 -0.0006547713364
115.55 115.5 115.6 -0.0001243039378
115.65 115.6 115.7 0.00226249822
115.75 115.7 115.8 0.001698831934
115.85 115.8 115.9 -0.000232838338
115.95 115.9 116 0.002297236125
116.05 116 116.1 0.002634998926
116.15 116.1 116.2 0.002150632902
116.25 116.2 116.3 -0.001597579464
116.35 116.3 116.4 0.002303931672
116.45 116.4 116.5 0.0006771140677
116.55 116.5 116.6 -0.0003948211498
116.65 116.6 116.7 0.0007982792479
116.75 116.7 116.8 0.001577991541
116.85 116.8 116.9 0.002889040624
116.95 116.9 117 0.002369705404
117.05 117 117.1 0.0009936788097
117.15 117.1 117.2 0.002186125376
117.25 117.2 117.3 0.002421147487
117.35 117.3 117.4 0.001809965938
117.45 117.4 117.5 -2.97481025e-05
117.55 117.5 117.6 0.0007555314525
117.65 117.6 117.7 0.003661010097
117.75 117.7 117.8 0.0006199534655
117.85 117.8 117.9 6.755382343e-05
117.95 117.9 118 0.003155686614
118.05 118 118.1 0.001874390682
118.15 118.1 118.2 0.001287877938
118.25 118.2 118.3 -0.0008435138384
118.35 118.3 118.4 -0.001269166116
118.45 118.4 118.5 0.003301719664
118.55 118.5 118.6 -0.0005576201841
118.65 118.6 118.7 0.002303097182
118.75 118.7 118.8 -0.0002392441405
118.85 118.8 118.9 0.001457160071
118.95 118.9 119 0.0006697769253
119.05 119 119.1 0.002788314392
119.15 119.1 119.2 0.001905733451
119.25 119.2 119.3 0.00276644402
119.35 119.3 119.4 -0.0005162605172
119.45 119.4 119.5 0.001438952038
119.55 119.5 119.6 -6.410118868e-05
119.65 119.6 119.7 0.001240247753
119.75 119.7 119.8 0.002757327558
119.85 119.8 119.9 0.001722727481
119.95 119.9 120 -0.000303006917
120.05 120 120.1 0.001749652126
120.15 120.1 120.2 0.001851325425
120.25 120.2 120.3 0.00190563474
120.35 120.3 120.4 0.002006945209
120.45 120.4 120.5 0.0009031235832
120.55 120.5 120.6 0.0009923472768
120.65 120.6 120.7 -0.0001996291983
120.75 120.7 120.8 -0.0001529215608
120.85 120.8 120.9 -0.001442743646
120.95 120.9 121 0.0002284094101
121.05 121 121.1 0.002122463425
121.15 121.1 121.2 0.001309830543
121.25 121.2 121.3 0.0003731589807
121.35 121.3 121.4 0.0007819677559
121.45 121.4 121.5 -6.804858203e-05
121.55 121.5 121.6 0.0004046059887
121.65 121.6 121.7 0.0002401862587
121.75 121.7 121.8 0.00182239916
121.85 121.8 121.9 -0.0008027166904
121.95 121.9 122 0.0005042013431
122.05 122 122.1 -0.0007961588396
122.15 122.1 122.2 0.0009371189522
122.25 122.2 122.3 0.001458917902
122.35 122.3 122.4 -0.0009361299245
122.45 122.4 122.5 0.0007612637906
122.55 122.5 122.6 0.0009515610253
122.65 122.6 122.7 0.000579182619
122.75 122.7 122.8 -0.001686155126
122.85 122.8 122.9 -0.0008913696164
122.95 122.9 123 -0.00160799677
123.05 123 123.1 0.001139094058
123.15 123.1 123.2 0.001432316043
123.25 123.2 123.3 -0.001028599019
123.35 123.3 123.4 0.0008761999373
123.45 123.4 123.5 -0.0005410901879
123.55 123.5 123.6 -0.00122948624
123.65 123.6 123.7 -0.0006908961482
123.75 123.7 123.8 0.0002063522725
123.85 123.8 123.9 0.0009326674943
123.95 123.9 124 -0.0005840301734
124.05 124 124.1 0.00224414097
124.15 124.1 124.2 0.0009653881578
124.25 124.2 124.3 0.001194544077
124.35 124.3 124.4 0.002099658124
124.45 124.4 124.5 8.232054908e-06
124.55 124.5 124.6 0.0009314084291
124.65 124.6 124.7 -0.0008449131748
124.75 124.7 124.8 -0.001137132224
124.85 124.8 124.9 -0.001656021716
124.95 124.9 125 0.0003946746197
125.05 125 125.1 0.0001221175505
125.15 125.1 125.2 -2.69969099e-05
125.25 125.2 125.3 -0.000815051851
125.35 125.3 125.4 0.0004782300796
125.45 125.4 125.5 0.001009324984
125.55 125.5 125.6 -0.001496150409
125.65 125.6 125.7 -0.0032924866
125.75 125.7 125.8 -0.001305365945
125.85 125.8 125.9 -0.0008570126187
125.95 125.9 126 0.0006200485617
126.05 126 126.1 0.0011139443
126.15 126.1 126.2 0.0004961082443
126.25 126.2 126.3 0.0004970317725
126.35 126.3 126.4 -0.001352602562
126.45 126.4 126.5 -5.429417389e-05
126.55 126.5 126.6 0.0001180489804
126.65 126.6 126.7 0.001258890158
126.75 126.7 126.8 -0.0002791956542
126.85 126.8 126.9 -0.0008748459709
126.95 126.9 127 0.001681752291
127.05 127 127.1 0.0009698357459
127.15 127.1 127.2 -0.002533583271
127.25 127.2 127.3 0.0009541901296
127.35 127.3 127.4 0.002663088635
127.45 127.4 127.5 0.001313206274
127.55 127.5 127.6 9.69313099e-05
127.65 127.6 127.7 0.001621014883
127.75 127.7 127.8 0.0006980422937
127.85 127.8 127.9 0.0003143756492
127.95 127.9 128 -0.001278945728
128.05 128 128.1 -0.001210287389
128.15 128.1 128.2 0.0007843067763
128.25 128.2 128.3 -0.001699435591
128.35 128.3 128.4 -0.001786980991
128.45 128.4 128.5 0.0004916045141
128.55 128.5 128.6 -0.0007724546799
128.65 128.6 128.7 -0.001918904725
128.75 128.7 128.8 -0.001084795139
128.85 128.8 128.9 7.928311618e-05
128.95 128.9 129 -0.0001704290957
129.05 129 129.1 -0.0002323682483
129.15 129.1 129.2 -0.0006282335594
129.25 129.2 129.3 0.0004514890433
129.35 129.3 129.4 0.0011023864
129.45 129.4 129.5 -0.00218545532
129.55 129.5 129.6 0.001478094372
129.65 129.6 129.7 0.000199247546
129.75 129.7 129.8 0.0006172696737
129.85 129.8 129.9 -0.001188184454
129.95 129.9 130 0.0001388515075
130.05 130 130.1 -0.0009976022226
130.15 130.1 130.2 -0.001180182538
130.25 130.2 130.3 -0.001985903082
130.35 130.3 130.4 0.0008686823697
130.45 130.4 130.5 0.0004276853499
130.55 130.5 130.6 0.000962054204
130.65 130.6 130.7 0.000922224978
130.75 130.7 130.8 0.001675787705
130.85 130.8 130.9 0.0005731553166
130.95 130.9 131 0.000116804494
131.05 131 131.1 -0.001230315729
131.15 131.1 131.2 -9.883003948e-05
131.25 131.2 131.3 -0.001178227315
131.35 131.3 131.4 -0.0004192715488
131.45 131.4 131.5 0.0005214396086
131.55 131.5 131.6 0.0005330717129
131.65 131.6 131.7 4.571773529e-05
131.75 131.7 131.8 -0.0006996309893
131.85 131.8 131.9 -0.001679978719
131.95 131.9 132 -0.0006305639934
132.05 132 132.1 -0.0008767288534
132.15 132.1 132.2 2.519302194e-05
132.25 132.2 132.3 0.0001745025059
132.35 132.3 132.4 0.0006916019779
132.45 132.4 132.5 -0.001246487884
132.55 132.5 132.6 -0.0008349316256
132.65 132.6 132.7 0.001140303926
132.75 132.7 132.8 0.0008701636698
132.85 132.8 132.9 0.0002252638072
132.95 132.9 133 0.001566157158
133.05 133 133.1 0.001191103946
133.15 133.1 133.2 0.001017398491
133.25 133.2 133.3 -0.0009868579086
133.35 133.3 133.4 0.0006043181147
133.45 133.4 133.5 -0.0004951041939
133.55 133.5 133.6 0.0009513719744
133.65 133.6 133.7 -0.001442591633
133.75 133.7 133.8 -0.0009582962944
133.85 133.8 133.9 -0.0002408154129
133.95 133.9 134 -3.36853083e-07
134.05 134 134.1 -0.001262723287
134.15 134.1 134.2 0.0003847964385
134.25 134.2 134.3 -0.001668503346
134.35 134.3 134.4 -0.0007596095394
134.45 134.4 134.5 -0.001454162305
134.55 134.5 134.6 0.001800362488
134.65 134.6 134.7 -0.001113206103
134.75 134.7 134.8 -0.001183775815
134.85 134.8 134.9 -0.001614962624
134.95 134.9 135 -0.001258727236
135.05 135 135.1 -0.0007955086929
135.15 135.1 135.2 -2.554386941e-05
135.25 135.2 135.3 -0.0004872793157
135.35 135.3 135.4 0.000869033484
135.45 135.4 135.5 0.000395528856
135.55 135.5 135.6 0.0001922639475
135.65 135.6 135.7 0.0003418536563
135.75 135.7 135.8 0.0005594623667
135.85 135.8 135.9 0.0007410916956
135.95 135.9 136 0.001755370719
136.05 136 136.1 -0.0006949212933
136.15 136.1 136.2 0.001603742071
136.25 136.2 136.3 -0.0007630152225
136.35 136.3 136.4 -0.001522640408
136.45 136.4 136.5 -1.156381489e-05
136.55 136.5 136.6 -0.001318730456
136.65 136.6 136.7 -0.0003883604494
136.75 136.7 136.8 -0.000933298267
136.85 136.8 136.9 0.002580975614
136.95 136.9 137 -0.00100976554
137.05 137 137.1 -0.0005371148513
137.15 137.1 137.2 0.0009747601636
137.25 137.2 137.3 -0.0002202533519
137.35 137.3 137.4 -0.000639321625
137.45 137.4 137.5 0.0008195343323
137.55 137.5 137.6 0.001165422055
137.65 137.6 137.7 -0.001011405795
137.75 137.7 137.8 0.0006720240616
137.85 137.8 137.9 -0.001990060068
137.95 137.9 138 -0.00113697132
138.05 138 138.1 0.0004797754139
138.15 138.1 138.2 0.0001171199857
138.25 138.2 138.3 -0.0002362158739
138.35 138.3 138.4 0.0002247277697
138.45 138.4 138.5 0.0009987146453
138.55 138.5 138.6 -0.0007775842338
138.65 138.6 138.7 9.688998865e-05
138.75 138.7 138.8 0.000143844209
138.85 138.8 138.9 -0.0009252174817
138.95 138.9 139 -0.001344108846
139.05 139 139.1 -0.0006590278884
139.15 139.1 139.2 5.6458673e-05
139.25 139.2 139.3 -0.0008435701822
139.35 139.3 139.4 -0.000703902524
139.45 139.4 139.5 0.0007249879614
139.55 139.5 139.6 0.001038201135
139.65 139.6 139.7 0.001485509464
139.75 139.7 139.8 -9.346182155e-06
139.85 139.8 139.9 0.002666423928
139.95 139.9 140 -0.000444029836
140.05 140 140.1 -0.0001144407663
140.15 140.1 140.2 -0.0009439639173
140.25 140.2 140.3 -0.0008553580621
140.35 140.3 140.4 -0.0003576599306
140.45 140.4 140.5 -0.0006476511872
140.55 140.5 140.6 0.0005798724914
140.65 140.6 140.7 -0.001037845293
140.75 140.7 140.8 0.0008552759971
140.85 140.8 140.9 0.0003904304839
140.95 140.9 141 4.986997697e-05
141.05 141 141.1 0.001778340111
141.15 141.1 141.2 -0.0004537899331
141.25 141.2 141.3 0.001431244381
141.35 141.3 141.4 0.00116508652
141.45 141.4 141.5 0.001717151813
141.55 141.5 141.6 0.0004913853767
141.65 141.6 141.7 -0.0006617575103
141.75 141.7 141.8 -0.0004340477904
141.85 141.8 141.9 0.0005731908514
141.95 141.9 142 0.0003299997179
142.05 142 142.1 -0.001526882182
142.15 142.1 142.2 -0.000631052448
142.25 142.2 142.3 0.000740636705
142.35 142.3 142.4 6.7049374e-05
142.45 142.4 142.5 0.0006626327221
142.55 142.5 142.6 -0.0009302100036
142.65 142.6 142.7 0.0002138317633
142.75 142.7 142.8 -0.0007567075512
142.85 142.8 142.9 -0.0004288469146
142.95 142.9 143 -0.00166221488
143.05 143 143.1 -0.0003695404397
143.15 143.1 143.2 -0.001897966783
143.25 143.2 143.3 -0.001051969891
143.35 143.3 143.4 3.542005902e-05
143.45 143.4 143.5 0.0003352865691
143.55 143.5 143.6 -0.0004944533798
143.65 143.6 143.7 0.0006597173035
143.75 143.7 143.8 -0.000699396943
143.85 143.8 143.9 -0.001369182924
143.95 143.9 144 -0.001435960596
144.05 144 144.1 -0.001041943102
144.15 144.1 144.2 0.0002400138374
144.25 144.2 144.3 0.000971826434
144.35 144.3 144.4 0.001437290213
144.45 144.4 144.5 0.0008123506048
144.55 144.5 144.6 0.001298938073
144.65 144.6 144.7 0.000801811168
144.75 144.7 144.8 0.0001083064174
144.85 144.8 144.9 0.0003070002917
144.95 144.9 145 -0.001075219125
145.05 145 145.1 -0.0005781183713
145.15 145.1 145.2 -0.0001095291822
145.25 145.2 145.3 -0.0002971018454
145.35 145.3 145.4 -0.001310288611
145.45 145.4 145.5 -0.0002762037504
145.55 145.5 145.6 0.000282748971
145.65 145.6 145.7 0.000953135915
145.75 145.7 145.8 0.0004011974601
145.85 145.8 145.9 0.0003190103906
145.95 145.9 146 -0.001389382797
146.05 146 146.1 0.0003141156347
146.15 146.1 146.2 -0.00146166594
146.25 146.2 146.3 8.260752242e-06
146.35 146.3 146.4 -0.001499384264
146.45 146.4 146.5 -0.0007455370013
146.55 146.5 146.6 0.0009983797468
146.65 146.6 146.7 -0.000486938391
146.75 146.7 146.8 0.0001061758416
146.85 146.8 146.9 -0.0009858796378
146.95 146.9 147 -0.001212419136
147.05 147 147.1 -0.0007001977898
147.15 147.1 147.2 0.001447847411
147.25 147.2 147.3 7.77299612e-05
147.35 147.3 147.4 -0.002368415056
147.45 147.4 147.5 0.001999498812
147.55 147.5 147.6 0.0001455243794
147.65 147.6 147.7 -0.0002424126194
147.75 147.7 147.8 -9.412377358e-05
147.85 147.8 147.9 -0.001259078492
147.95 147.9 148 -0.0001058342836
148.05 148 148.1 0.0001326383634
148.15 148.1 148.2 -0.000629944448
148.25 148.2 148.3 -0.0009398200951
148.35 148.3 148.4 -0.0004471698976
148.45 148.4 148.5 0.001175990469
148.55 148.5 148.6 0.0001205632098
148.65 148.6 148.7 -0.0006608522772
148.75 148.7 148.8 0.0008147771893
148.85 148.8 148.9 -0.0004301341
148.95 148.9 149 0.0002363364241
149.05 149 149.1 -0.0005386918504
149.15 149.1 149.2 -0.001005537694
149.25 149.2 149.3 0.0006970804336
149.35 149.3 149.4 0.0005063104289
149.45 149.4 149.5 -0.0008288055517
149.55 149.5 149.6 -0.0007908352273
149.65 149.6 149.7 -0.0006471724857
149.75 149.7 149.8 -0.001129719383
149.85 149.8 149.9 -0.001420418398
149.95 149.9 150 -0.0008147751038
150.05 150 150.1 -0.000519406659
150.15 150.1 150.2 0.001666011481
150.25 150.2 150.3 0.0005441113932
150.35 150.3 150.4 -4.542590042e-05
150.45 150.4 150.5 0.0003107873413
150.55 150.5 150.6 0.0003485759425
150.65 150.6 150.7 0.001457129619
150.75 150.7 150.8 -0.0002755051394
150.85 150.8 150.9 -6.411285259e-05
150.95 150.9 151 0.001758775625
151.05 151 151.1 0.0004457941072
151.15 151.1 151.2 0.001628789021
151.25 151.2 151.3 -0.001030210208
151.35 151.3 151.4 -0.0004248217126
151.45 151.4 151.5 0.0008948334319
151.55 151.5 151.6 -0.00106032556
151.65 151.6 151.7 0.0001567324472
151.75 151.7 151.8 -0.0007247630561
151.85 151.8 151.9 0.0006478590032
151.95 151.9 152 -0.0003506859859
152.05 152 152.1 0.0005381543756
152.15 152.1 152.2 -0.0007048781553
152.25 152.2 152.3 -0.001271851832
152.35 152.3 152.4 -0.0001673449251
152.45 152.4 152.5 -0.0005431512639
152.55 152.5 152.6 -0.0001044428603
152.65 152.6 152.7 -0.0007313494238
152.75 152.7 152.8 -0.0004825595731
152.85 152.8 152.9 -0.0003302382887
152.95 152.9 153 0.0009656080071
153.05 153 153.1 0.0005682310747
153.15 153.1 153.2 0.0009614119299
153.25 153.2 153.3 7.652378448e-05
153.35 153.3 153.4 -0.000662865933
153.45 153.4 153.5 -0.0007537700016
153.55 153.5 153.6 0.000813707331
153.65 153.6 153.7 -0.001345980696
153.75 153.7 153.8 0.001213777976
153.85 153.8 153.9 -0.0003116042477
153.95 153.9 154 -8.979040093e-05
154.05 154 154.1 0.001481847208
154.15 154.1 154.2 1.846271919e-05
154.25 154.2 154.3 -0.0005294304553
154.35 154.3 154.4 0.001613477851
154.45 154.4 154.5 0.0001815387937
154.55 154.5 154.6 -0.0003003575188
154.65 154.6 154.7 -0.0004278392234
154.75 154.7 154.8 -0.0008940151037
154.85 154.8 154.9 0.0006955103681
154.95 154.9 155 0.000634737008
155.05 155 155.1 0.0003784003029
155.15 155.1 155.2 -0.0005888831452
155.25 155.2 155.3 -0.0005860975864
155.35 155.3 155.4 0.000982327662
155.45 155.4 155.5 -0.001128324479
155.55 155.5 155.6 0.001223690456
155.65 155.6 155.7 -0.001100038601
155.75 155.7 155.8 0.0001262454468
155.85 155.8 155.9 3.87376844e-05
155.95 155.9 156 -0.0002074853801
156.05 156 156.1 -0.0004061165932
156.15 156.1 156.2 -2.582267342e-05
156.25 156.2 156.3 -5.978279649e-05
156.35 156.3 156.4 -0.0006776554283
156.45 156.4 156.5 0.001582760411
156.55 156.5 156.6 7.968128169e-05
156.65 156.6 156.7 0.0002497303058
156.75 156.7 156.8 0.0005776243733
156.85 156.8 156.9 -0.0004495651525
156.95 156.9 157 0.0001752355516
157.05 157 157.1 0.001215335863
157.15 157.1 157.2 1.089798218e-05
157.25 157.2 157.3 -0.001401595775
157.35 157.3 157.4 0.0008535303909
157.45 157.4 157.5 -0.0003875178142
157.55 157.5 157.6 -0.0001069499104
157.65 157.6 157.7 -0.0002968911277
157.75 157.7 157.8 0.0002482833713
157.85 157.8 157.9 -0.001301340702
157.95 157.9 158 -0.001022004363
158.05 158 158.1 -0.001141560828
158.15 158.1 158.2 0.000595614983
158.25 158.2 158.3 0.0008406470567
158.35 158.3 158.4 0.001545930372
158.45 158.4 158.5 2.843919866e-05
158.55 158.5 158.6 0.0005376452298
158.65 158.6 158.7 -0.000864134593
158.75 158.7 158.8 0.0009510826703
158.85 158.8 158.9 -0.002248045869
158.95 158.9 159 -0.0005249493042
159.05 159 159.1 0.001185853969
159.15 159.1 159.2 -0.0002897603847
159.25 159.2 159.3 0.0003410953411
159.35 159.3 159.4 0.0001636190801
159.45 159.4 159.5 0.0006751364165
159.55 159.5 159.6 0.001224152402
159.65 159.6 159.7 0.0001253652912
159.75 159.7 159.8 -0.0003548760126
159.85 159.8 159.9 0.001499670976
159.95 159.9 160 0.0009742991274
160.05 160 160.1 0.0006622670497
160.15 160.1 160.2 -0.001097960447
160.25 160.2 160.3 -0.0007403677961
160.35 160.3 160.4 0.001176821454
160.45 160.4 160.5 7.262654261e-06
160.55 160.5 160.6 -0.0003803283062
160.65 160.6 160.7 -0.0005608698133
160.75 160.7 160.8 0.0002620486865
160.85 160.8 160.9 6.307815903e-06
160.95 160.9 161 0.001717867026
161.05 161 161.1 -0.0005365904463
161.15 161.1 161.2 -0.0003056113303
161.25 161.2 161.3 -0.0007378473034
161.35 161.3 161.4 0.0005553473377
161.45 161.4 161.5 0.0005750890946
161.55 161.5 161.6 -0.0002828966583
161.65 161.6 161.7 0.001922202035
161.75 161.7 161.8 0.0008911591726
161.85 161.8 161.9 0.002371747043
161.95 161.9 162 0.001139730193
162.05 162 162.1 -0.0002739998598
162.15 162.1 162.2 0.0005418900933
162.25 162.2 162.3 -1.243355567e-05
162.35 162.3 162.4 0.0009577085785
162.45 162.4 162.5 0.002136018852
162.55 162.5 162.6 -0.0004000100504
162.65 162.6 162.7 0.001132946269
162.75 162.7 162.8 -0.0001166627146
162.85 162.8 162.9 -0.0004821583175
162.95 162.9 163 -0.0001300546065
163.05 163 163.1 0.0002020347354
163.15 163.1 163.2 6.843842104e-05
163.25 163.2 163.3 -0.002183523608
163.35 163.3 163.4 0.0008063390131
163.45 163.4 163.5 0.002021578721
163.55 163.5 163.6 0.0009004980892
163.65 163.6 163.7 0.002220612536
163.75 163.7 163.8 -0.002464980809
163.85 163.8 163.9 0.000376827586
163.95 163.9 164 2.732835819e-05
164.05 164 164.1 0.001294108833
164.15 164.1 164.2 0.0009307471898
164.25 164.2 164.3 0.0003258617459
164.35 164.3 164.4 0.001110250094
164.45 164.4 164.5 0.002587350449
164.55 164.5 164.6 0.0008132947043
164.65 164.6 164.7 0.001376933214
164.75 164.7 164.8 0.001108166079
164.85 164.8 164.9 7.136114078e-05
164.95 164.9 165 0.0005198115707
165.05 165 165.1 -0.0008671332989
165.15 165.1 165.2 0.0006359297524
165.25 165.2 165.3 0.001716993368
165.35 165.3 165.4 0.002905329068
165.45 165.4 165.5 0.0007842530285
165.55 165.5 165.6 0.00226570323
165.65 165.6 165.7 -0.0001880113732
165.75 165.7 165.8 0.0003019600717
165.85 165.8 165.9 0.0005204962534
165.95 165.9 166 0.001497554046
166.05 166 166.1 0.000657502092
166.15 166.1 166.2 0.0004558673643
166.25 166.2 166.3 0.0001368868979
166.35 166.3 166.4 0.001934300685
166.45 166.4 166.5 0.001021616208
166.55 166.5 166.6 0.002721953845
166.65 166.6 166.7 0.001650217979
166.75 166.7 166.8 0.001891148245
166.85 166.8 166.9 0.001680466507
166.95 166.9 167 0.001636892608
167.05 167 167.1 -0.0007379878865
167.15 167.1 167.2 -0.0004544282315
167.25 167.2 167.3 0.00127856804
167.35 167.3 167.4 0.002081577965
167.45 167.4 167.5 0.0007927114015
167.55 167.5 167.6 0.001359635107
167.65 167.6 167.7 -0.0007697126559
167.75 167.7 167.8 0.001736726767
167.85 167.8 167.9 0.0006828050737
167.95 167.9 168 -7.858776103e-06
168.05 168 168.1 0.0003103882023
168.15 168.1 168.2 0.001338946137
168.25 168.2 168.3 0.0003617448271
168.35 168.3 168.4 -0.0004497892354
168.45 168.4 168.5 -0.0008071244009
168.55 168.5 168.6 0.0008525396527
168.65 168.6 168.7 0.0005487103556
168.75 168.7 168.8 -0.0009000716298
168.85 168.8 168.9 7.421136174e-05
168.95 168.9 169 0.002152259226
169.05 169 169.1 0.0005105906654
169.15 169.1 169.2 -4.352410498e-05
169.25 169.2 169.3 0.0002938494438
169.35 169.3 169.4 -0.0005138186694
169.45 169.4 169.5 -0.0001180432984
169.55 169.5 169.6 0.001307088842
169.65 169.6 169.7 -4.181537553e-05
169.75 169.7 169.8 0.001723498304
169.85 169.8 169.9 0.001253169622
169.95 169.9 170 0.0009045265194
170.05 170 170.1 0.0002140625611
170.15 170.1 170.2 -0.0004399644733
170.25 170.2 170.3 0.00106518893
170.35 170.3 170.4 -0.000675959521
170.45 170.4 170.5 -9.577594992e-05
170.55 170.5 170.6 0.001840657433
170.65 170.6 170.7 0.0005727680758
170.75 170.7 170.8 0.001861433802
170.85 170.8 170.9 0.001689795495
170.95 170.9 171 6.678723305e-05
171.05 171 171.1 -0.0006066048261
171.15 171.1 171.2 0.0001873515282
171.25 171.2 171.3 0.0006422102993
171.35 171.3 171.4 -0.0004975202741
171.45 171.4 171.5 0.001897187315
171.55 171.5 171.6 0.0003736918276
171.65 171.6 171.7 8.508025104e-05
171.75 171.7 171.8 0.0001961190159
171.85 171.8 171.9 -0.0002844355751
171.95 171.9 172 0.001100686213
172.05 172 172.1 -0.0001246842348
172.15 172.1 172.2 -0.0002547153092
172.25 172.2 172.3 0.0008925814714
172.35 172.3 172.4 0.0001026795275
172.45 172.4 172.5 -0.0006045754144
172.55 172.5 172.6 0.00105131207
172.65 172.6 172.7 0.0006099008353
172.75 172.7 172.8 0.001713796614
172.85 172.8 172.9 0.0007778703685
172.95 172.9 173 0.0002223223273
173.05 173 173.1 -0.0002266008756
173.15 173.1 173.2 0.002592513867
173.25 173.2 173.3 0.0004938027153
173.35 173.3 173.4 -4.543853607e-05
173.45 173.4 173.5 -0.0004292975488
173.55 173.5 173.6 0.001121809516
173.65 173.6 173.7 0.001643320686
173.75 173.7 173.8 0.001626336726
173.85 173.8 173.9 -6.310739761e-06
173.95 173.9 174 0.0007422514359
174.05 174 174.1 -0.0007881435307
174.15 174.1 174.2 0.0001839637213
174.25 174.2 174.3 0.0007982509892
174.35 174.3 174.4 0.0009238214601
174.45 174.4 174.5 0.001303475645
174.55 174.5 174.6 0.001120317599
174.65 174.6 174.7 0.0001607750158
174.75 174.7 174.8 -0.0002662211076
174.85 174.8 174.9 0.0008220516992
174.95 174.9 175 0.002051858094
175.05 175 175.1 0.0007665091726
175.15 175.1 175.2 0.0005309427551
175.25 175.2 175.3 0.000836710264
175.35 175.3 175.4 -0.0004765370025
175.45 175.4 175.5 0.001202335093
175.55 175.5 175.6 0.0006958542012
175.65 175.6 175.7 -0.0006151401913
175.75 175.7 175.8 0.0004486871576
175.85 175.8 175.9 0.0003057232983
175.95 175.9 176 0.0001518763917
176.05 176 176.1 0.001835311507
176.15 176.1 176.2 0.0004927314001
176.25 176.2 176.3 0.001106438378
176.35 176.3 176.4 0.0007571829296
176.45 176.4 176.5 0.001735927855
176.55 176.5 176.6 0.001598786755
176.65 176.6 176.7 0.0003119640739
176.75 176.7 176.8 -0.0001678471609
176.85 176.8 176.9 0.0001504540845
176.95 176.9 177 0.001285807582
177.05 177 177.1 0.001764250749
177.15 177.1 177.2 0.001249133257
177.25 177.2 177.3 0.0002823089693
177.35 177.3 177.4 0.0001038399058
177.45 177.4 177.5 0.0006339303025
177.55 177.5 177.6 0.001326498597
177.65 177.6 177.7 0.001621976566
177.75 177.7 177.8 -0.0006911228321
177.85 177.8 177.9 0.000211431797
177.95 177.9 178 -0.0002448775051
178.05 178 178.1 -0.0003095019533
178.15 178.1 178.2 0.001163604781
178.25 178.2 178.3 0.0003014661326
178.35 178.3 178.4 0.001128689515
178.45 178.4 178.5 0.001913992022
178.55 178.5 178.6 0.001429983544
178.65 178.6 178.7 0.001070085768
178.75 178.7 178.8 -0.0002846154848
178.85 178.8 178.9 0.0006713968355
178.95 178.9 179 0.0004373125041
179.05 179 179.1 0.0005427419846
179.15 179.1 179.2 -5.054206969e-05
179.25 179.2 179.3 -0.000733019534
179.35 179.3 179.4 0.0009567882086
179.45 179.4 179.5 0.0009946523201
179.55 179.5 179.6 0.0008759053808
179.65 179.6 179.7 0.0002735183499
179.75 179.7 179.8 0.00239819807
179.85 179.8 179.9 -0.0006631101258
179.95 179.9 180 -0.0005360390503
180.05 180 180.1 0.0002922043109
180.15 180.1 180.2 0.002125980142
180.25 180.2 180.3 0.00113034968
180.35 180.3 180.4 0.0001539070754
180.45 180.4 180.5 0.0004457401678
180.55 180.5 180.6 -0.0001438830447
180.65 180.6 180.7 0.0004558212622
180.75 180.7 180.8 -6.291210606e-05
180.85 180.8 180.9 -0.001141752611
180.95 180.9 181 -0.001062889097
181.05 181 181.1 -0.0003903808954
181.15 181.1 181.2 -8.839206946e-05
181.25 181.2 181.3 3.098320606e-05
181.35 181.3 181.4 -8.54874626e-05
181.45 181.4 181.5 0.000252477448
181.55 181.5 181.6 -0.0006808484823
181.65 181.6 181.7 -0.0004620262794
181.75 181.7 181.8 0.0004813981617
181.85 181.8 181.9 0.0003950386131
181.95 181.9 182 -0.0004222181834
182.05 182 182.1 0.0002198594164
182.15 182.1 182.2 0.001017678914
182.25 182.2 182.3 0.0006172943038
182.35 182.3 182.4 0.0004804392491
182.45 182.4 182.5 0.001431680122
182.55 182.5 182.6 0.001119802843
182.65 182.6 182.7 0.001601311196
182.75 182.7 182.8 0.0007110096717
182.85 182.8 182.9 0.0004737747732
182.95 182.9 183 0.0003024308289
183.05 183 183.1 0.001265174442
183.15 183.1 183.2 0.0001671995586
183.25 183.2 183.3 -0.0006360259176
183.35 183.3 183.4 -0.0004150617436
183.45 183.4 183.5 6.43665531e-05
183.55 183.5 183.6 0.0004122583646
183.65 183.6 183.7 0.0009294605487
183.75 183.7 183.8 -0.0002789473296
183.85 183.8 183.9 9.592767569e-05
183.95 183.9 184 -0.0001271461692
184.05 184 184.1 0.002229334711
184.15 184.1 184.2 -1.971277112e-05
184.25 184.2 184.3 0.0005647235191
184.35 184.3 184.4 0.0003993874405
184.45 184.4 184.5 0.001564672945
184.55 184.5 184.6 -0.0007197096935
184.65 184.6 184.7 -0.0001424767868
184.75 184.7 184.8 -0.0006403251494
184.85 184.8 184.9 0.0003503058312
184.95 184.9 185 0.001743542032
185.05 185 185.1 0.000655441465
185.15 185.1 185.2 -0.0005510439441
185.25 185.2 185.3 0.001078895183
185.35 185.3 185.4 -0.0002971045726
185.45 185.4 185.5 -0.0003219947073
185.55 185.5 185.6 -0.0006562321857
185.65 185.6 185.7 -0.0003039360221
185.75 185.7 185.8 0.0006158537314
185.85 185.8 185.9 0.0008299976717
185.95 185.9 186 -0.0009512148389
186.05 186 186.1 0.0009017348967
186.15 186.1 186.2 -3.838787989e-05
186.25 186.2 186.3 -7.221663739e-06
186.35 186.3 186.4 0.0004189566733
186.45 186.4 186.5 0.001492070896
186.55 186.5 186.6 -6.138283785e-05
186.65 186.6 186.7 0.0008995436692
186.75 186.7 186.8 -0.0001915400326
186.85 186.8 186.9 0.0005801861371
186.95 186.9 187 0.000863477308
187.05 187 187.1 0.0003401723304
187.15 187.1 187.2 0.0008116976926
187.25 187.2 187.3 -0.0004497980978
187.35 187.3 187.4 0.001205803537
187.45 187.4 187.5 -0.0008239588029
187.55 187.5 187.6 -0.0005254754012
187.65 187.6 187.7 -0.0001578889862
187.75 187.7 187.8 0.0001275907734
187.85 187.8 187.9 0.0008005719518
187.95 187.9 188 0.0002704969663
188.05 188 188.1 0.001654110115
188.15 188.1 188.2 0.0001844228391
188.25 188.2 188.3 -0.0009360881913
188.35 188.3 188.4 0.001463722156
188.45 188.4 188.5 -0.0002253130548
188.55 188.5 188.6 0.0003852642275
188.65 188.6 188.7 -0.0001338594416
188.75 188.7 188.8 0.0005271480427
188.85 188.8 188.9 -0.0002608668386
188.95 188.9 189 0.0002383855807
189.05 189 189.1 0.0003827256498
189.15 189.1 189.2 -0.0006732656237
189.25 189.2 189.3 -0.0003733842862
189.35 189.3 189.4 -0.0005821555132
189.45 189.4 189.5 -0.001781640092
189.55 189.5 189.6 0.0002624000511
189.65 189.6 189.7 -0.0008236327574
189.75 189.7 189.8 0.0006558816998
189.85 189.8 189.9 -0.0004928488076
189.95 189.9 190 0.0001031267149
190.05 190 190.1 0.0002762926421
190.15 190.1 190.2 0.0007855320292
190.25 190.2 190.3 -0.0002518849855
190.35 190.3 190.4 -0.0007560728822
190.45 190.4 190.5 -0.0004624380259
190.55 190.5 190.6 0.0002975160296
190.65 190.6 190.7 -0.0002065401392
190.75 190.7 190.8 2.862212426e-05
190.85 190.8 190.9 0.001053371694
190.95 190.9 191 0.001538974525
191.05 191 191.1 0.001191405907
191.15 191.1 191.2 -0.0002880388527
191.25 191.2 191.3 0.0001503221481
191.35 191.3 191.4 0.0005907294277
191.45 191.4 191.5 0.0004025428444
191.55 191.5 191.6 0.000711032853
191.65 191.6 191.7 -8.718327564e-05
191.75 191.7 191.8 -0.0002186437787
191.85 191.8 191.9 0.0007459979377
191.95 191.9 192 0.0009537081107
192.05 192 192.1 0.0004505626298
192.15 192.1 192.2 0.00161321728
192.25 192.2 192.3 0.0002483229811
192.35 192.3 192.4 0.0001990501587
192.45 192.4 192.5 -0.0004395325486
192.55 192.5 192.6 0.001420471233
192.65 192.6 192.7 0.001752386323
192.75 192.7 192.8 -0.0001500013267
192.85 192.8 192.9 -0.0006574238344
192.95 192.9 193 0.0014089292
193.05 193 193.1 -5.543894157e-05
193.15 193.1 193.2 0.0006848380496
193.25 193.2 193.3 0.001533604395
193.35 193.3 193.4 0.001347777034
193.45 193.4 193.5 -0.000849165277
193.55 193.5 193.6 0.0003547791343
193.65 193.6 193.7 0.0009149088656
193.75 193.7 193.8 0.001070798668
193.85 193.8 193.9 0.0007533255904
193.95 193.9 194 -0.001185169825
194.05 194 194.1 -0.0005846981145
194.15 194.1 194.2 0.0006846387645
194.25 194.2 194.3 0.001204931719
194.35 194.3 194.4 0.000282030799
194.45 194.4 194.5 0.00173292394
194.55 194.5 194.6 -0.0002208653969
194.65 194.6 194.7 -0.00080380161
194.75 194.7 194.8 0.0009270749746
194.85 194.8 194.9 0.0003897536879
194.95 194.9 195 0.0001254987784
195.05 195 195.1 0.001768294458
195.15 195.1 195.2 0.0007954120258
195.25 195.2 195.3 -8.599959326e-05
195.35 195.3 195.4 0.0006733777968
195.45 195.4 195.5 0.000474119992
195.55 195.5 195.6 0.0002303408497
195.65 195.6 195.7 0.0003383541144
195.75 195.7 195.8 0.0005916186163
195.85 195.8 195.9 -0.0001953798206
195.95 195.9 196 0.001261848761
196.05 196 196.1 0.002228173872
196.15 196.1 196.2 0.001120788294
196.25 196.2 196.3 0.001125695472
196.35 196.3 196.4 7.122842382e-05
196.45 196.4 196.5 0.0006214568395
196.55 196.5 196.6 0.001405107492
196.65 196.6 196.7 0.001494169092
196.75 196.7 196.8 0.001049837687
196.85 196.8 196.9 0.0006539149434
196.95 196.9 197 0.0008321620479
197.05 197 197.1 0.0002126487649
197.15 197.1 197.2 0.001241852372
197.25 197.2 197.3 0.0006932463689
197.35 197.3 197.4 0.0001462208849
197.45 197.4 197.5 0.001645640107
197.55 197.5 197.6 0.00153811289
197.65 197.6 197.7 0.0007352201489
197.75 197.7 197.8 -0.0008988586063
197.85 197.8 197.9 0.0006393184352
197.95 197.9 198 0.0001526589076
198.05 198 198.1 0.001213468941
198.15 198.1 198.2 0.0007201137799
198.25 198.2 198.3 0.002604757714
198.35 198.3 198.4 0.001100213444
198.45 198.4 198.5 -0.0001206435428
198.55 198.5 198.6 0.001047306208
198.65 198.6 198.7 0.0008247931173
198.75 198.7 198.8 0.0004910920357
198.85 198.8 198.9 0.0008810528078
198.95 198.9 199 -0.0007665647113
199.05 199 199.1 -0.000152913027
199.15 199.1 199.2 -0.0009853610339
199.25 199.2 199.3 0.0004630680036
199.35 199.3 199.4 0.0003927867216
199.45 199.4 199.5 0.001328776976
199.55 199.5 199.6 0.001366836336
199.65 199.6 199.7 -0.0001867082478
199.75 199.7 199.8 -0.0005100292631
199.85 199.8 199.9 0.0007911586177
199.95 199.9 200 -0.0005413370135
