# Columns: s_cen(1) s_min(2) s_max(3) xi_iso(4)
0.05 0 0.1 59.13848407
0.15 0.1 0.2 11.0019208
0.25 0.2 0.3 12.22817241
0.35 0.3 0.4 22.97391854
0.45 0.4 0.5 21.8665531
0.55 0.5 0.6 22.4324768
0.65 0.6 0.7 20.76627027
0.75 0.7 0.8 21.89547827
0.85 0.8 0.9 21.14392704
0.95 0.9 1 21.91647161
1.05 1 1.1 20.6389918
1.15 1.1 1.2 19.88821302
1.25 1.2 1.3 18.2908247
1.35 1.3 1.4 17.59869694
1.45 1.4 1.5 16.99099715
1.55 1.5 1.6 16.2450094
1.65 1.6 1.7 14.92785377
1.75 1.7 1.8 13.88956731
1.85 1.8 1.9 13.36012391
1.95 1.9 2 13.06929795
2.05 2 2.1 11.57915805
2.15 2.1 2.2 11.10047547
2.25 2.2 2.3 10.12279525
2.35 2.3 2.4 9.75909062
2.45 2.4 2.5 8.897108769
2.55 2.5 2.6 8.464001769
2.65 2.6 2.7 8.064202836
2.75 2.7 2.8 8.024756597
2.85 2.8 2.9 7.52541484
2.95 2.9 3 6.618639799
3.05 3 3.1 6.630962683
3.15 3.1 3.2 6.4875636
3.25 3.2 3.3 5.973961719
3.35 3.3 3.4 5.849698569
3.45 3.4 3.5 5.634486739
3.55 3.5 3.6 5.509876595
3.65 3.6 3.7 5.030407354
3.75 3.7 3.8 5.022159404
3.85 3.8 3.9 4.789669941
3.95 3.9 4 4.634349677
4.05 4 4.1 4.437183975
4.15 4.1 4.2 4.187774657
4.25 4.2 4.3 4.470313391
4.35 4.3 4.4 4.132847697
4.45 4.4 4.5 4.055069573
4.55 4.5 4.6 3.850608057
4.65 4.6 4.7 3.633789293
4.75 4.7 4.8 3.47749277
4.85 4.8 4.9 3.431636292
4.95 4.9 5 3.650453638
5.05 5 5.1 3.264644463
5.15 5.1 5.2 3.182319544
5.25 5.2 5.3 3.226165596
5.35 5.3 5.4 3.044647436
5.45 5.4 5.5 3.13773392
5.55 5.5 5.6 2.896758795
5.65 5.6 5.7 2.846064436
5.75 5.7 5.8 2.754355794
5.85 5.8 5.9 2.541756029
5.95 5.9 6 2.693920349
6.05 6 6.1 2.522727621
6.15 6.1 6.2 2.364984478
6.25 6.2 6.3 2.457680871
6.35 6.3 6.4 2.338936308
6.45 6.4 6.5 2.360173252
6.55 6.5 6.6 2.257237965
6.65 6.6 6.7 2.213759621
6.75 6.7 6.8 2.217614264
6.85 6.8 6.9 2.089660405
6.95 6.9 7 2.006901957
7.05 7 7.1 2.051494751
7.15 7.1 7.2 1.887452945
7.25 7.2 7.3 1.836723287
7.35 7.3 7.4 1.824159847
7.45 7.4 7.5 1.814244597
7.55 7.5 7.6 1.808669765
7.65 7.6 7.7 1.737342548
7.75 7.7 7.8 1.604559829
7.85 7.8 7.9 1.615169299
7.95 7.9 8 1.636016264
8.05 8 8.1 1.576266238
8.15 8.1 8.2 1.522218132
8.25 8.2 8.3 1.583698253
8.35 8.3 8.4 1.427715306
8.45 8.4 8.5 1.457563699
8.55 8.5 8.6 1.450838398
8.65 8.6 8.7 1.436915891
8.75 8.7 8.8 1.423718533
8.85 8.8 8.9 1.394641034
8.95 8.9 9 1.351802423
9.05 9 9.1 1.33260786
9.15 9.1 9.2 1.266524331
9.25 9.2 9.3 1.281667173
9.35 9.3 9.4 1.259580706
9.45 9.4 9.5 1.192992223
9.55 9.5 9.6 1.191294638
9.65 9.6 9.7 1.174358454
9.75 9.7 9.8 1.151283328
9.85 9.8 9.9 1.136745681
9.95 9.9 10 1.089498962
10.05 10 10.1 1.049927445
10.15 10.1 10.2 1.050014683
10.25 10.2 10.3 1.002701757
10.35 10.3 10.4 1.028693554
10.45 10.4 10.5 1.007621292
10.55 10.5 10.6 0.9683082822
10.65 10.6 10.7 0.9616144952
10.75 10.7 10.8 0.9661135209
10.85 10.8 10.9 0.9093094111
10.95 10.9 11 0.9041039178
11.05 11 11.1 0.9060114023
11.15 11.1 11.2 0.9300637705
11.25 11.2 11.3 0.9179499263
11.35 11.3 11.4 0.8406574613
11.45 11.4 11.5 0.8513802887
11.55 11.5 11.6 0.8333061262
11.65 11.6 11.7 0.8398467769
11.75 11.7 11.8 0.8363776248
11.85 11.8 11.9 0.8080534402
11.95 11.9 12 0.7581796131
12.05 12 12.1 0.8029966395
12.15 12.1 12.2 0.7315500398
12.25 12.2 12.3 0.7444986048
12.35 12.3 12.4 0.6917424831
12.45 12.4 12.5 0.7073298191
12.55 12.5 12.6 0.7377470673
12.65 12.6 12.7 0.6926306448
12.75 12.7 12.8 0.6901242119
12.85 12.8 12.9 0.6879753235
12.95 12.9 13 0.6786711617
13.05 13 13.1 0.6587575988
13.15 13.1 13.2 0.6390297974
13.25 13.2 13.3 0.6427621284
13.35 13.3 13.4 0.6174352148
13.45 13.4 13.5 0.616377202
13.55 13.5 13.6 0.6023394552
13.65 13.6 13.7 0.5896659584
13.75 13.7 13.8 0.6012031821
13.85 13.8 13.9 0.5635480009
13.95 13.9 14 0.5283408354
14.05 14 14.1 0.5850194753
14.15 14.1 14.2 0.5329359079
14.25 14.2 14.3 0.5446050211
14.35 14.3 14.4 0.5470946796
14.45 14.4 14.5 0.5303735651
14.55 14.5 14.6 0.5269953648
14.65 14.6 14.7 0.5177835962
14.75 14.7 14.8 0.5222373291
14.85 14.8 14.9 0.5079609945
14.95 14.9 15 0.4732205728
15.05 15 15.1 0.5093741805
15.15 15.1 15.2 0.4687185845
15.25 15.2 15.3 0.4655906298
15.35 15.3 15.4 0.4523038744
15.45 15.4 15.5 0.4842336687
15.55 15.5 15.6 0.4485590027
15.65 15.6 15.7 0.4385026412
15.75 15.7 15.8 0.4785130813
15.85 15.8 15.9 0.432337336
15.95 15.9 16 0.4264004255
16.05 16 16.1 0.4432520691
16.15 16.1 16.2 0.4277756326
16.25 16.2 16.3 0.4104925167
16.35 16.3 16.4 0.409225077
16.45 16.4 16.5 0.4166681142
16.55 16.5 16.6 0.4207702765
16.65 16.6 16.7 0.411169419
16.75 16.7 16.8 0.4233717806
16.85 16.8 16.9 0.3903614045
16.95 16.9 17 0.3744254429
17.05 17 17.1 0.3719583587
17.15 17.1 17.2 0.3442079473
17.25 17.2 17.3 0.3856276148
17.35 17.3 17.4 0.3730487354
17.45 17.4 17.5 0.3456938011
17.55 17.5 17.6 0.3620222117
17.65 17.6 17.7 0.3370228867
17.75 17.7 17.8 0.3688222628
17.85 17.8 17.9 0.3539775242
17.95 17.9 18 0.3238791081
18.05 18 18.1 0.321812019
18.15 18.1 18.2 0.3350533713
18.25 18.2 18.3 0.3430094065
18.35 18.3 18.4 0.3142908611
18.45 18.4 18.5 0.3384807225
18.55 18.5 18.6 0.3050069898
18.65 18.6 18.7 0.329070149
18.75 18.7 18.8 0.3163485493
18.85 18.8 18.9 0.3053662863
18.95 18.9 19 0.2849784349
19.05 19 19.1 0.2965672613
19.15 19.1 19.2 0.2707122577
19.25 19.2 19.3 0.2899508793
19.35 19.3 19.4 0.2787678566
19.45 19.4 19.5 0.2749555611
19.55 19.5 19.6 0.2789230369
19.65 19.6 19.7 0.2559808913
19.75 19.7 19.8 0.3066855022
19.85 19.8 19.9 0.2689582618
19.95 19.9 20 0.2523645643
20.05 20 20.1 0.2547339898
20.15 20.1 20.2 0.2627618063
20.25 20.2 20.3 0.2586262417
20.35 20.3 20.4 0.2603328424
20.45 20.4 20.5 0.2582834214
20.55 20.5 20.6 0.2440834467
20.65 20.6 20.7 0.2495361485
20.75 20.7 20.8 0.2322291042
20.85 20.8 20.9 0.2651687071
20.95 20.9 21 0.2426085062
21.05 21 21.1 0.2366240478
21.15 21.1 21.2 0.2605270305
21.25 21.2 21.3 0.2419094461
21.35 21.3 21.4 0.2322837358
21.45 21.4 21.5 0.2153350862
21.55 21.5 21.6 0.2100968595
21.65 21.6 21.7 0.2284324867
21.75 21.7 21.8 0.2385744217
21.85 21.8 21.9 0.2275732622
21.95 21.9 22 0.213162756
22.05 22 22.1 0.214453214
22.15 22.1 22.2 0.2029678749
22.25 22.2 22.3 0.2059559903
22.35 22.3 22.4 0.2029786813
22.45 22.4 22.5 0.2124861196
22.55 22.5 22.6 0.214021039
22.65 22.6 22.7 0.1986074297
22.75 22.7 22.8 0.2030768275
22.85 22.8 22.9 0.2084654769
22.95 22.9 23 0.207191724
23.05 23 23.1 0.1894513437
23.15 23.1 23.2 0.195915766
23.25 23.2 23.3 0.1766711941
23.35 23.3 23.4 0.1921105204
23.45 23.4 23.5 0.2032118144
23.55 23.5 23.6 0.1929204824
23.65 23.6 23.7 0.1878139334
23.75 23.7 23.8 0.187681581
23.85 23.8 23.9 0.1763935506
23.95 23.9 24 0.1669207179
24.05 24 24.1 0.1788649788
24.15 24.1 24.2 0.1813881626
24.25 24.2 24.3 0.1545159514
24.35 24.3 24.4 0.1759858463
24.45 24.4 24.5 0.176216942
24.55 24.5 24.6 0.1669167898
24.65 24.6 24.7 0.1754171202
24.75 24.7 24.8 0.1703774637
24.85 24.8 24.9 0.1653141567
24.95 24.9 25 0.1670547237
25.05 25 25.1 0.1580106162
25.15 25.1 25.2 0.15857663
25.25 25.2 25.3 0.1554322759
25.35 25.3 25.4 0.1717903393
25.45 25.4 25.5 0.1531005713
25.55 25.5 25.6 0.1536685966
25.65 25.6 25.7 0.1555561743
25.75 25.7 25.8 0.1620954935
25.85 25.8 25.9 0.1542207897
25.95 25.9 26 0.1636428848
26.05 26 26.1 0.1554433734
26.15 26.1 26.2 0.1456183251
26.25 26.2 26.3 0.140221913
26.35 26.3 26.4 0.1316432743
26.45 26.4 26.5 0.1410125824
26.55 26.5 26.6 0.1558486157
26.65 26.6 26.7 0.1449310519
26.75 26.7 26.8 0.129936524
26.85 26.8 26.9 0.1401731564
26.95 26.9 27 0.1459158933
27.05 27 27.1 0.1215699772
27.15 27.1 27.2 0.1365798939
27.25 27.2 27.3 0.1357378897
27.35 27.3 27.4 0.1225906378
27.45 27.4 27.5 0.1292029122
27.55 27.5 27.6 0.1328279918
27.65 27.6 27.7 0.1489105903
27.75 27.7 27.8 0.1268542631
27.85 27.8 27.9 0.1095681547
27.95 27.9 28 0.1351757973
28.05 28 28.1 0.1248685886
28.15 28.1 28.2 0.1199440006
28.25 28.2 28.3 0.1222032307
28.35 28.3 28.4 0.1280635002
28.45 28.4 28.5 0.1114065681
28.55 28.5 28.6 0.118936758
28.65 28.6 28.7 0.1130020747
28.75 28.7 28.8 0.119847747
28.85 28.8 28.9 0.1059265831
28.95 28.9 29 0.1031335557
29.05 29 29.1 0.1143935572
29.15 29.1 29.2 0.1177600913
29.25 29.2 29.3 0.1005717165
29.35 29.3 29.4 0.1084576414
29.45 29.4 29.5 0.1123470701
29.55 29.5 29.6 0.0994024143
29.65 29.6 29.7 0.1002808671
29.75 29.7 29.8 0.1098085739
29.85 29.8 29.9 0.1038000986
29.95 29.9 30 0.100690863
30.05 30 30.1 0.1127303733
30.15 30.1 30.2 0.1039475326
30.25 30.2 30.3 0.1126325992
30.35 30.3 30.4 0.09906192307
30.45 30.4 30.5 0.09473478039
30.55 30.5 30.6 0.09973055787
30.65 30.6 30.7 0.09240937306
30.75 30.7 30.8 0.09415455627
30.85 30.8 30.9 0.1018651069
30.95 30.9 31 0.09303617296
31.05 31 31.1 0.09441129173
31.15 31.1 31.2 0.09104401757
31.25 31.2 31.3 0.08255497198
31.35 31.3 31.4 0.09203235384
31.45 31.4 31.5 0.09027245956
31.55 31.5 31.6 0.08736381811
31.65 31.6 31.7 0.0940953043
31.75 31.7 31.8 0.0902414263
31.85 31.8 31.9 0.1037193242
31.95 31.9 32 0.08669532583
32.05 32 32.1 0.09057355663
32.15 32.1 32.2 0.08614869918
32.25 32.2 32.3 0.07984407083
32.35 32.3 32.4 0.08075410581
32.45 32.4 32.5 0.0854599654
32.55 32.5 32.6 0.0757616334
32.65 32.6 32.7 0.08954444091
32.75 32.7 32.8 0.09045834366
32.85 32.8 32.9 0.08577010292
32.95 32.9 33 0.07056318153
33.05 33 33.1 0.07718162195
33.15 33.1 33.2 0.08270526295
33.25 33.2 33.3 0.07807569988
33.35 33.3 33.4 0.08537338796
33.45 33.4 33.5 0.07388111437
33.55 33.5 33.6 0.08382379692
33.65 33.6 33.7 0.08263804587
33.75 33.7 33.8 0.07857488192
33.85 33.8 33.9 0.08312852056
33.95 33.9 34 0.08357927179
34.05 34 34.1 0.06947934518
34.15 34.1 34.2 0.08279688687
34.25 34.2 34.3 0.06775108466
34.35 34.3 34.4 0.07267899573
34.45 34.4 34.5 0.07281138163
34.55 34.5 34.6 0.07889201641
34.65 34.6 34.7 0.07584816676
34.75 34.7 34.8 0.06805572011
34.85 34.8 34.9 0.07675494222
34.95 34.9 35 0.06755361138
35.05 35 35.1 0.07831534568
35.15 35.1 35.2 0.07198019404
35.25 35.2 35.3 0.06434570029
35.35 35.3 35.4 0.06384791395
35.45 35.4 35.5 0.06560609281
35.55 35.5 35.6 0.05846111175
35.65 35.6 35.7 0.06492529019
35.75 35.7 35.8 0.05849824621
35.85 35.8 35.9 0.07730133883
35.95 35.9 36 0.06329411105
36.05 36 36.1 0.07110439669
36.15 36.1 36.2 0.06455414785
36.25 36.2 36.3 0.06450617736
36.35 36.3 36.4 0.05472868527
36.45 36.4 36.5 0.0589887628
36.55 36.5 36.6 0.06453092639
36.65 36.6 36.7 0.05708446881
36.75 36.7 36.8 0.06778081551
36.85 36.8 36.9 0.05388475566
36.95 36.9 37 0.06096930088
37.05 37 37.1 0.05883669199
37.15 37.1 37.2 0.06042076319
37.25 37.2 37.3 0.05796152755
37.35 37.3 37.4 0.05175866957
37.45 37.4 37.5 0.05467951411
37.55 37.5 37.6 0.05148053548
37.65 37.6 37.7 0.05029948119
37.75 37.7 37.8 0.05252629876
37.85 37.8 37.9 0.06306732272
37.95 37.9 38 0.06291381925
38.05 38 38.1 0.06082403044
38.15 38.1 38.2 0.06401573651
38.25 38.2 38.3 0.04938852725
38.35 38.3 38.4 0.0583736761
38.45 38.4 38.5 0.04619854288
38.55 38.5 38.6 0.0427647961
38.65 38.6 38.7 0.03995096538
38.75 38.7 38.8 0.04368283754
38.85 38.8 38.9 0.05327957756
38.95 38.9 39 0.05400245111
39.05 39 39.1 0.05811947304
39.15 39.1 39.2 0.04902508831
39.25 39.2 39.3 0.0410717427
39.35 39.3 39.4 0.05833036041
39.45 39.4 39.5 0.05131411644
39.55 39.5 39.6 0.0350592275
39.65 39.6 39.7 0.05200159818
39.75 39.7 39.8 0.0487853809
39.85 39.8 39.9 0.04325121904
39.95 39.9 40 0.04783015414
40.05 40 40.1 0.04417259833
40.15 40.1 40.2 0.04964758616
40.25 40.2 40.3 0.05243323971
40.35 40.3 40.4 0.04337596728
40.45 40.4 40.5 0.04487242542
40.55 40.5 40.6 0.03996724636
40.65 40.6 40.7 0.03729410518
40.75 40.7 40.8 0.04550599518
40.85 40.8 40.9 0.04159747697
40.95 40.9 41 0.03277333035
41.05 41 41.1 0.03591771879
41.15 41.1 41.2 0.04922011674
41.25 41.2 41.3 0.03855428605
41.35 41.3 41.4 0.04456583149
41.45 41.4 41.5 0.03668938318
41.55 41.5 41.6 0.03764212787
41.65 41.6 41.7 0.03400290048
41.75 41.7 41.8 0.03906378004
41.85 41.8 41.9 0.04886244894
41.95 41.9 42 0.03976568753
42.05 42 42.1 0.0347736696
42.15 42.1 42.2 0.03234583374
42.25 42.2 42.3 0.0429724602
42.35 42.3 42.4 0.04566830664
42.45 42.4 42.5 0.04797305272
42.55 42.5 42.6 0.04229303661
42.65 42.6 42.7 0.0436433327
42.75 42.7 42.8 0.04008048593
42.85 42.8 42.9 0.03194340978
42.95 42.9 43 0.03698765096
43.05 43 43.1 0.03599742472
43.15 43.1 43.2 0.03112687112
43.25 43.2 43.3 0.03965628177
43.35 43.3 43.4 0.03291697596
43.45 43.4 43.5 0.03363992595
43.55 43.5 43.6 0.04611667555
43.65 43.6 43.7 0.0273211691
43.75 43.7 43.8 0.02623183345
43.85 43.8 43.9 0.03043430876
43.95 43.9 44 0.02262346514
44.05 44 44.1 0.02579021064
44.15 44.1 44.2 0.04017503378
44.25 44.2 44.3 0.0334196423
44.35 44.3 44.4 0.03551752028
44.45 44.4 44.5 0.03872731261
44.55 44.5 44.6 0.03638975024
44.65 44.6 44.7 0.03528642615
44.75 44.7 44.8 0.04265542846
44.85 44.8 44.9 0.03948396432
44.95 44.9 45 0.02707484179
45.05 45 45.1 0.03666195497
45.15 45.1 45.2 0.02513453287
45.25 45.2 45.3 0.02867081156
45.35 45.3 45.4 0.03078268227
45.45 45.4 45.5 0.03906823044
45.55 45.5 45.6 0.03368501469
45.65 45.6 45.7 0.02426202127
45.75 45.7 45.8 0.02739035975
45.85 45.8 45.9 0.02597439632
45.95 45.9 46 0.03192872059
46.05 46 46.1 0.01418035165
46.15 46.1 46.2 0.02704339737
46.25 46.2 46.3 0.03300229878
46.35 46.3 46.4 0.02740762632
46.45 46.4 46.5 0.0279857066
46.55 46.5 46.6 0.02389757315
46.65 46.6 46.7 0.03009660255
46.75 46.7 46.8 0.02944906639
46.85 46.8 46.9 0.02623711459
46.95 46.9 47 0.02034377413
47.05 47 47.1 0.03144851431
47.15 47.1 47.2 0.02203495605
47.25 47.2 47.3 0.02644902901
47.35 47.3 47.4 0.02419321032
47.45 47.4 47.5 0.02247448164
47.55 47.5 47.6 0.02305982533
47.65 47.6 47.7 0.02438019507
47.75 47.7 47.8 0.02151402206
47.85 47.8 47.9 0.02414637265
47.95 47.9 48 0.01870711308
48.05 48 48.1 0.03056011984
48.15 48.1 48.2 0.02703519943
48.25 48.2 48.3 0.02513857816
48.35 48.3 48.4 0.02007610972
48.45 48.4 48.5 0.02541317074
48.55 48.5 48.6 0.03205603918
48.65 48.6 48.7 0.02520138576
48.75 48.7 48.8 0.01623064204
48.85 48.8 48.9 0.02042359598
48.95 48.9 49 0.01841501929
49.05 49 49.1 0.02846743583
49.15 49.1 49.2 0.01795112351
49.25 49.2 49.3 0.02632558292
49.35 49.3 49.4 0.01577065543
49.45 49.4 49.5 0.01909845268
49.55 49.5 49.6 0.02247146638
49.65 49.6 49.7 0.01450653079
49.75 49.7 49.8 0.01492872465
49.85 49.8 49.9 0.01788725955
49.95 49.9 50 0.01881927453
50.05 50 50.1 0.01864794167
50.15 50.1 50.2 0.02446239579
50.25 50.2 50.3 0.02450176776
50.35 50.3 50.4 0.02158138052
50.45 50.4 50.5 0.02145096238
50.55 50.5 50.6 0.01715697207
50.65 50.6 50.7 0.02011271159
50.75 50.7 50.8 0.01764578236
50.85 50.8 50.9 0.015109892
50.95 50.9 51 0.01377755796
51.05 51 51.1 0.02164232745
51.15 51.1 51.2 0.01426276977
51.25 51.2 51.3 0.02011684527
51.35 51.3 51.4 0.01816094991
51.45 51.4 51.5 0.01059755736
51.55 51.5 51.6 0.01832520633
51.65 51.6 51.7 0.01813370072
51.75 51.7 51.8 0.01478123304
51.85 51.8 51.9 0.01617761039
51.95 51.9 52 0.0122708968
52.05 52 52.1 0.01182067717
52.15 52.1 52.2 0.01374971447
52.25 52.2 52.3 0.009546364255
52.35 52.3 52.4 0.02423333294
52.45 52.4 52.5 0.01260235197
52.55 52.5 52.6 0.01409755481
52.65 52.6 52.7 0.01926018752
52.75 52.7 52.8 0.01150127022
52.85 52.8 52.9 0.01353164459
52.95 52.9 53 0.01970545073
53.05 53 53.1 0.0205673262
53.15 53.1 53.2 0.01646095007
53.25 53.2 53.3 0.00725058715
53.35 53.3 53.4 0.01643356605
53.45 53.4 53.5 0.01533923463
53.55 53.5 53.6 0.01448801944
53.65 53.6 53.7 0.01636992277
53.75 53.7 53.8 0.008625581589
53.85 53.8 53.9 0.01495472741
53.95 53.9 54 0.01523460422
54.05 54 54.1 0.006874513032
54.15 54.1 54.2 0.01356780375
54.25 54.2 54.3 0.01760662126
54.35 54.3 54.4 0.01260209046
54.45 54.4 54.5 0.01398899564
54.55 54.5 54.6 0.0111147089
54.65 54.6 54.7 0.01267700456
54.75 54.7 54.8 0.01051464783
54.85 54.8 54.9 0.009555297458
54.95 54.9 55 0.01224281601
55.05 55 55.1 0.0173917962
55.15 55.1 55.2 0.007156580996
55.25 55.2 55.3 0.008704192309
55.35 55.3 55.4 0.01649608669
55.45 55.4 55.5 0.01175584045
55.55 55.5 55.6 0.01179710716
55.65 55.6 55.7 0.01481616136
55.75 55.7 55.8 0.0154825813
55.85 55.8 55.9 0.01221681462
55.95 55.9 56 0.007326506535
56.05 56 56.1 0.01137157153
56.15 56.1 56.2 0.01197546418
56.25 56.2 56.3 0.01536348532
56.35 56.3 56.4 0.01794874656
56.45 56.4 56.5 0.01595464527
56.55 56.5 56.6 0.005315894494
56.65 56.6 56.7 0.01497394415
56.75 56.7 56.8 0.009995651452
56.85 56.8 56.9 0.01263667419
56.95 56.9 57 0.01356293981
57.05 57 57.1 0.01545388829
57.15 57.1 57.2 0.006790963799
57.25 57.2 57.3 0.01733509568
57.35 57.3 57.4 0.01726392287
57.45 57.4 57.5 0.008365977851
57.55 57.5 57.6 0.009715993554
57.65 57.6 57.7 0.007015750145
57.75 57.7 57.8 0.01328304718
57.85 57.8 57.9 0.01528185482
57.95 57.9 58 0.0120492084
58.05 58 58.1 0.009902820784
58.15 58.1 58.2 0.01379987374
58.25 58.2 58.3 0.01567138385
58.35 58.3 58.4 0.0138959895
58.45 58.4 58.5 0.003772442534
58.55 58.5 58.6 0.006797262666
58.65 58.6 58.7 0.004486708569
58.75 58.7 58.8 0.007708868204
58.85 58.8 58.9 0.009703344474
58.95 58.9 59 0.009410753912
59.05 59 59.1 0.01116233389
59.15 59.1 59.2 0.01199016315
59.25 59.2 59.3 0.009648687959
59.35 59.3 59.4 0.008748072652
59.45 59.4 59.5 0.01617270437
59.55 59.5 59.6 0.007045085288
59.65 59.6 59.7 0.01395749824
59.75 59.7 59.8 0.003731228276
59.85 59.8 59.9 0.01232720799
59.95 59.9 60 0.00677872064
60.05 60 60.1 0.00638364084
60.15 60.1 60.2 0.01365978099
60.25 60.2 60.3 0.005761024637
60.35 60.3 60.4 0.009182744228
60.45 60.4 60.5 0.007343446693
60.55 60.5 60.6 0.009451081059
60.65 60.6 60.7 0.005763201982
60.75 60.7 60.8 0.01137029204
60.85 60.8 60.9 0.007815447084
60.95 60.9 61 0.01225406185
61.05 61 61.1 0.01370940455
61.15 61.1 61.2 0.01136436517
61.25 61.2 61.3 0.01138447485
61.35 61.3 61.4 0.005418770681
61.45 61.4 61.5 0.01090045122
61.55 61.5 61.6 0.004576751935
61.65 61.6 61.7 0.006139504975
61.75 61.7 61.8 0.01041052325
61.85 61.8 61.9 0.006423162814
61.95 61.9 62 0.01109745464
62.05 62 62.1 0.006705100535
62.15 62.1 62.2 0.006802948761
62.25 62.2 62.3 0.01017407015
62.35 62.3 62.4 0.007453925301
62.45 62.4 62.5 0.004448875924
62.55 62.5 62.6 0.003335606907
62.65 62.6 62.7 0.003973388204
62.75 62.7 62.8 0.01048222249
62.85 62.8 62.9 0.006290264665
62.95 62.9 63 0.01039459859
63.05 63 63.1 0.007120603318
63.15 63.1 63.2 0.004352829552
63.25 63.2 63.3 0.01342788313
63.35 63.3 63.4 0.009178462876
63.45 63.4 63.5 0.006365235097
63.55 63.5 63.6 -6.58985732e-05
63.65 63.6 63.7 0.01571758283
63.75 63.7 63.8 0.00898549656
63.85 63.8 63.9 0.009835252648
63.95 63.9 64 0.005004150926
64.05 64 64.1 0.01202904334
64.15 64.1 64.2 0.003690306183
64.25 64.2 64.3 0.007415270423
64.35 64.3 64.4 0.0003665988118
64.45 64.4 64.5 0.01166456739
64.55 64.5 64.6 0.008223280522
64.65 64.6 64.7 0.004800559056
64.75 64.7 64.8 0.006015790359
64.85 64.8 64.9 0.00209462755
64.95 64.9 65 0.004598882646
65.05 65 65.1 0.007769784338
65.15 65.1 65.2 0.008799221887
65.25 65.2 65.3 0.005549503788
65.35 65.3 65.4 0.003774005088
65.45 65.4 65.5 0.006276611656
65.55 65.5 65.6 0.0010361817
65.65 65.6 65.7 0.004804599353
65.75 65.7 65.8 0.00427237058
65.85 65.8 65.9 0.009359059533
65.95 65.9 66 0.006362756568
66.05 66 66.1 0.006426061504
66.15 66.1 66.2 0.004996693299
66.25 66.2 66.3 0.004951806148
66.35 66.3 66.4 0.003931900778
66.45 66.4 66.5 0.004941871694
66.55 66.5 66.6 0.005416264571
66.65 66.6 66.7 0.0024124054
66.75 66.7 66.8 0.004650470966
66.85 66.8 66.9 0.006961513586
66.95 66.9 67 -0.0008812122814
67.05 67 67.1 0.007145238598
67.15 67.1 67.2 0.005199008971
67.25 67.2 67.3 0.009955194494
67.35 67.3 67.4 0.009222453671
67.45 67.4 67.5 0.004478303177
67.55 67.5 67.6 0.009880840997
67.65 67.6 67.7 0.000583517917
67.75 67.7 67.8 0.002786557139
67.85 67.8 67.9 0.001566399768
67.95 67.9 68 0.003958946057
68.05 68 68.1 0.004031094815
68.15 68.1 68.2 0.00244364245
68.25 68.2 68.3 0.004062744185
68.35 68.3 68.4 0.005525944335
68.45 68.4 68.5 0.005787607913
68.55 68.5 68.6 0.004209178097
68.65 68.6 68.7 0.004795544496
68.75 68.7 68.8 0.001290923564
68.85 68.8 68.9 0.003134610214
68.95 68.9 69 0.00229542873
69.05 69 69.1 0.002207027564
69.15 69.1 69.2 0.00697307133
69.25 69.2 69.3 0.00147853057
69.35 69.3 69.4 0.007403392295
69.45 69.4 69.5 0.004390272176
69.55 69.5 69.6 0.003677648182
69.65 69.6 69.7 0.006041999593
69.75 69.7 69.8 0.004408897875
69.85 69.8 69.9 0.004467501873
69.95 69.9 70 -0.002113044822
70.05 70 70.1 0.003890277864
70.15 70.1 70.2 -0.001502639946
70.25 70.2 70.3 0.003886115676
70.35 70.3 70.4 0.007741020897
70.45 70.4 70.5 0.005623635001
70.55 70.5 70.6 0.004575696856
70.65 70.6 70.7 0.00329722667
70.75 70.7 70.8 0.003922374711
70.85 70.8 70.9 0.007807145234
70.95 70.9 71 0.00490533335
71.05 71 71.1 0.005540971196
71.15 71.1 71.2 0.0002129586048
71.25 71.2 71.3 0.003847004913
71.35 71.3 71.4 0.00299436365
71.45 71.4 71.5 0.009851229982
71.55 71.5 71.6 0.004620665516
71.65 71.6 71.7 0.001368576259
71.75 71.7 71.8 -0.004092544773
71.85 71.8 71.9 0.005779318306
71.95 71.9 72 -0.0002011251246
72.05 72 72.1 0.00530675822
72.15 72.1 72.2 0.005611402506
72.25 72.2 72.3 0.003761791898
72.35 72.3 72.4 0.001317969422
72.45 72.4 72.5 0.001805722774
72.55 72.5 72.6 0.004531943573
72.65 72.6 72.7 0.00670479515
72.75 72.7 72.8 0.003879542555
72.85 72.8 72.9 0.002173897067
72.95 72.9 73 0.00842460168
73.05 73 73.1 0.004018722732
73.15 73.1 73.2 0.00142105489
73.25 73.2 73.3 0.008066775565
73.35 73.3 73.4 0.006231723305
73.45 73.4 73.5 0.00464474166
73.55 73.5 73.6 -0.0001860412097
73.65 73.6 73.7 0.00186720107
73.75 73.7 73.8 -0.003319760446
73.85 73.8 73.9 0.001234318531
73.95 73.9 74 -0.001140512871
74.05 74 74.1 0.006289277053
74.15 74.1 74.2 0.009722046895
74.25 74.2 74.3 0.008207154455
74.35 74.3 74.4 0.001745855202
74.45 74.4 74.5 -0.001403459618
74.55 74.5 74.6 0.005330503968
74.65 74.6 74.7 0.003352536496
74.75 74.7 74.8 0.001210320397
74.85 74.8 74.9 0.005113553369
74.95 74.9 75 0.0007678128593
75.05 75 75.1 0.006970080402
75.15 75.1 75.2 0.001888978004
75.25 75.2 75.3 0.005781138042
75.35 75.3 75.4 0.002006532019
75.45 75.4 75.5 0.007222105373
75.55 75.5 75.6 0.003447251758
75.65 75.6 75.7 0.003948335071
75.75 75.7 75.8 0.00939845132
75.85 75.8 75.9 0.003641577968
75.95 75.9 76 -0.001567179492
76.05 76 76.1 -0.001091967882
76.15 76.1 76.2 0.003008024005
76.25 76.2 76.3 0.001530432538
76.35 76.3 76.4 0.006050323643
76.45 76.4 76.5 0.003451878834
76.55 76.5 76.6 0.00350992464
76.65 76.6 76.7 0.0003212426072
76.75 76.7 76.8 0.009977288245
76.85 76.8 76.9 0.007732991277
76.95 76.9 77 0.007547071596
77.05 77 77.1 0.006326519194
77.15 77.1 77.2 0.002727492581
77.25 77.2 77.3 0.001919166763
77.35 77.3 77.4 0.001402433079
77.45 77.4 77.5 0.001863122294
77.55 77.5 77.6 0.005199522302
77.65 77.6 77.7 0.005210923442
77.75 77.7 77.8 0.008767029033
77.85 77.8 77.9 0.001360540751
77.95 77.9 78 0.0005164266071
78.05 78 78.1 0.003677716259
78.15 78.1 78.2 0.003859075193
78.25 78.2 78.3 0.003099990322
78.35 78.3 78.4 0.00518291264
78.45 78.4 78.5 0.001755348458
78.55 78.5 78.6 0.002201515328
78.65 78.6 78.7 -0.0007850955621
78.75 78.7 78.8 0.006714863831
78.85 78.8 78.9 0.004007492102
78.95 78.9 79 0.003315217404
79.05 79 79.1 0.002583601084
79.15 79.1 79.2 0.001702430488
79.25 79.2 79.3 0.002908016707
79.35 79.3 79.4 0.004138506319
79.45 79.4 79.5 0.003756464056
79.55 79.5 79.6 0.006468441973
79.65 79.6 79.7 0.003471343342
79.75 79.7 79.8 0.002922868158
79.85 79.8 79.9 0.004514148574
79.95 79.9 80 0.002154757655
80.05 80 80.1 0.001225966265
80.15 80.1 80.2 0.006995443839
80.25 80.2 80.3 0.00571801117
80.35 80.3 80.4 0.007029532936
80.45 80.4 80.5 0.001599218917
80.55 80.5 80.6 0.001965086315
80.65 80.6 80.7 0.008698504022
80.75 80.7 80.8 0.005042734696
80.85 80.8 80.9 0.00209259465
80.95 80.9 81 0.00373161839
81.05 81 81.1 0.001220510804
81.15 81.1 81.2 0.0009213325236
81.25 81.2 81.3 0.0068514058
81.35 81.3 81.4 -0.0008826250778
81.45 81.4 81.5 0.001000373167
81.55 81.5 81.6 -0.0006663571742
81.65 81.6 81.7 0.00492958756
81.75 81.7 81.8 0.004034175657
81.85 81.8 81.9 0.003884584452
81.95 81.9 82 0.004543809925
82.05 82 82.1 0.004466771468
82.15 82.1 82.2 0.003491438165
82.25 82.2 82.3 0.004074413434
82.35 82.3 82.4 0.002383692445
82.45 82.4 82.5 0.003697257665
82.55 82.5 82.6 0.007350113893
82.65 82.6 82.7 0.002530107805
82.75 82.7 82.8 0.004737489888
82.85 82.8 82.9 0.003052193678
82.95 82.9 83 -4.023747195e-05
83.05 83 83.1 0.005263520137
83.15 83.1 83.2 0.005799995869
83.25 83.2 83.3 0.00654894809
83.35 83.3 83.4 0.002825998523
83.45 83.4 83.5 0.00547872554
83.55 83.5 83.6 0.007437091452
83.65 83.6 83.7 -0.001345307858
83.75 83.7 83.8 0.003207290899
83.85 83.8 83.9 0.00137425651
83.95 83.9 84 0.003586943596
84.05 84 84.1 0.003403174015
84.15 84.1 84.2 0.003014106595
84.25 84.2 84.3 0.005979399823
84.35 84.3 84.4 0.009185587323
84.45 84.4 84.5 0.007267815885
84.55 84.5 84.6 0.007254639623
84.65 84.6 84.7 0.005648124715
84.75 84.7 84.8 0.0006827862131
84.85 84.8 84.9 0.002614892833
84.95 84.9 85 0.004387236532
85.05 85 85.1 0.006223470187
85.15 85.1 85.2 0.0006540853449
85.25 85.2 85.3 -0.002181578108
85.35 85.3 85.4 0.004190664897
85.45 85.4 85.5 0.007026552349
85.55 85.5 85.6 0.003790760653
85.65 85.6 85.7 0.005346327939
85.75 85.7 85.8 0.01039031465
85.85 85.8 85.9 0.003326199271
85.95 85.9 86 0.003154522269
86.05 86 86.1 0.003255065733
86.15 86.1 86.2 0.004576330073
86.25 86.2 86.3 0.005576003724
86.35 86.3 86.4 0.009778235531
86.45 86.4 86.5 0.007584986826
86.55 86.5 86.6 0.007813561938
86.65 86.6 86.7 0.004845681918
86.75 86.7 86.8 0.003262764081
86.85 86.8 86.9 0.001876911938
86.95 86.9 87 0.005295085649
87.05 87 87.1 0.009096679932
87.15 87.1 87.2 0.0001892944186
87.25 87.2 87.3 0.007754723667
87.35 87.3 87.4 0.00689548619
87.45 87.4 87.5 0.0004712107869
87.55 87.5 87.6 0.004231445662
87.65 87.6 87.7 0.006019855123
87.75 87.7 87.8 0.005864850319
87.85 87.8 87.9 0.007833692192
87.95 87.9 88 0.007620346044
88.05 88 88.1 0.008427867189
88.15 88.1 88.2 0.004540949769
88.25 88.2 88.3 0.0009404455712
88.35 88.3 88.4 0.005064471939
88.45 88.4 88.5 0.008364136911
88.55 88.5 88.6 0.00487192684
88.65 88.6 88.7 0.003704381623
88.75 88.7 88.8 0.006939509125
88.85 88.8 88.9 0.001345048342
88.95 88.9 89 0.001411196753
89.05 89 89.1 0.002545144219
89.15 89.1 89.2 0.004657433962
89.25 89.2 89.3 0.002793800932
89.35 89.3 89.4 0.006363423081
89.45 89.4 89.5 0.006598009236
89.55 89.5 89.6 0.006880855695
89.65 89.6 89.7 0.004331593136
89.75 89.7 89.8 -0.0009618379613
89.85 89.8 89.9 0.005504525188
89.95 89.9 90 0.006245622851
90.05 90 90.1 0.003122296788
90.15 90.1 90.2 0.007776770521
90.25 90.2 90.3 0.003181723152
90.35 90.3 90.4 0.008990696089
90.45 90.4 90.5 0.005961607074
90.55 90.5 90.6 0.001821945636
90.65 90.6 90.7 0.004215556737
90.75 90.7 90.8 0.006143364958
90.85 90.8 90.9 0.008004292663
90.95 90.9 91 0.004991297441
91.05 91 91.1 0.004147924575
91.15 91.1 91.2 -0.0001391635166
91.25 91.2 91.3 0.005986632659
91.35 91.3 91.4 0.005575931507
91.45 91.4 91.5 0.00556846674
91.55 91.5 91.6 0.005947367227
91.65 91.6 91.7 0.003764855207
91.75 91.7 91.8 0.006007800722
91.85 91.8 91.9 0.001776177319
91.95 91.9 92 0.001708548359
92.05 92 92.1 0.004619430188
92.15 92.1 92.2 0.002775910281
92.25 92.2 92.3 0.002926968961
92.35 92.3 92.4 0.008318806649
92.45 92.4 92.5 0.002594090976
92.55 92.5 92.6 0.00685590114
92.65 92.6 92.7 0.0057176519
92.75 92.7 92.8 -0.0006615621699
92.85 92.8 92.9 0.006340429492
92.95 92.9 93 0.003708974105
93.05 93 93.1 0.002045246156
93.15 93.1 93.2 0.005701938697
93.25 93.2 93.3 0.005410322036
93.35 93.3 93.4 0.005343442599
93.45 93.4 93.5 0.004683153799
93.55 93.5 93.6 0.004183196596
93.65 93.6 93.7 0.0053844874
93.75 93.7 93.8 0.005133982
93.85 93.8 93.9 0.005057953105
93.95 93.9 94 0.002850205373
94.05 94 94.1 0.002577162706
94.15 94.1 94.2 0.006087801007
94.25 94.2 94.3 0.003928018145
94.35 94.3 94.4 0.005943863482
94.45 94.4 94.5 0.001373021387
94.55 94.5 94.6 0.003206042169
94.65 94.6 94.7 0.005233689802
94.75 94.7 94.8 0.0009965785983
94.85 94.8 94.9 0.0021175308
94.95 94.9 95 0.0006617188144
95.05 95 95.1 0.008513801139
95.15 95.1 95.2 0.003740830859
95.25 95.2 95.3 0.004089597607
95.35 95.3 95.4 0.003722825345
95.45 95.4 95.5 -0.0001296855058
95.55 95.5 95.6 0.01053022214
95.65 95.6 95.7 0.003849556941
95.75 95.7 95.8 0.000313535329
95.85 95.8 95.9 0.002991412641
95.95 95.9 96 0.002826145532
96.05 96 96.1 0.006405784399
96.15 96.1 96.2 0.004634026027
96.25 96.2 96.3 0.005749194717
96.35 96.3 96.4 0.003130941568
96.45 96.4 96.5 0.008022283145
96.55 96.5 96.6 0.006479796224
96.65 96.6 96.7 0.002325685973
96.75 96.7 96.8 0.002658843633
96.85 96.8 96.9 0.006140985931
96.95 96.9 97 0.0004795649119
97.05 97 97.1 0.00305007666
97.15 97.1 97.2 0.004950692272
97.25 97.2 97.3 0.006675042501
97.35 97.3 97.4 0.01094313698
97.45 97.4 97.5 0.004340430276
97.55 97.5 97.6 0.004320996906
97.65 97.6 97.7 0.001532879422
97.75 97.7 97.8 0.004657963077
97.85 97.8 97.9 0.003666120912
97.95 97.9 98 0.004542424884
98.05 98 98.1 0.003859516011
98.15 98.1 98.2 0.002362177911
98.25 98.2 98.3 0.0003277232103
98.35 98.3 98.4 0.002644290226
98.45 98.4 98.5 0.003691126877
98.55 98.5 98.6 0.00634536936
98.65 98.6 98.7 0.005279416125
98.75 98.7 98.8 -0.002028504827
98.85 98.8 98.9 0.003655649888
98.95 98.9 99 0.003689010008
99.05 99 99.1 0.001352432559
99.15 99.1 99.2 0.005159586326
99.25 99.2 99.3 0.006466604303
99.35 99.3 99.4 0.004155649191
99.45 99.4 99.5 0.006699422814
99.55 99.5 99.6 0.0008748721874
99.65 99.6 99.7 0.003488587802
99.75 99.7 99.8 0.002224697364
99.85 99.8 99.9 0.006267543906
99.95 99.9 100 0.006796386626
100.05 100 100.1 0.002868061706
100.15 100.1 100.2 0.001662090125
100.25 100.2 100.3 0.004284872991
100.35 100.3 100.4 0.002578748205
100.45 100.4 100.5 0.006673390099
100.55 100.5 100.6 0.002739428768
100.65 100.6 100.7 0.003277045367
100.75 100.7 100.8 0.004398265258
100.85 100.8 100.9 0.004256372238
100.95 100.9 101 0.001493176651
101.05 101 101.1 0.003070614577
101.15 101.1 101.2 0.002349113899
101.25 101.2 101.3 0.008030814553
101.35 101.3 101.4 0.005886877996
101.45 101.4 101.5 0.005055356243
101.55 101.5 101.6 0.005838181455
101.65 101.6 101.7 0.004334056434
101.75 101.7 101.8 0.005953229747
101.85 101.8 101.9 0.003450999926
101.95 101.9 102 0.003464907405
102.05 102 102.1 0.001827880373
102.15 102.1 102.2 0.003434007594
102.25 102.2 102.3 0.004486591331
102.35 102.3 102.4 0.00378058576
102.45 102.4 102.5 0.003928936481
102.55 102.5 102.6 -0.003255869192
102.65 102.6 102.7 0.005833246825
102.75 102.7 102.8 0.002588751494
102.85 102.8 102.9 0.003355382995
102.95 102.9 103 0.0012903243
103.05 103 103.1 0.00200751521
103.15 103.1 103.2 0.002972191498
103.25 103.2 103.3 0.003478981683
103.35 103.3 103.4 0.002874608597
103.45 103.4 103.5 0.007775798743
103.55 103.5 103.6 0.003137877949
103.65 103.6 103.7 0.008155523636
103.75 103.7 103.8 0.00585067753
103.85 103.8 103.9 0.006295900576
103.95 103.9 104 0.000346801062
104.05 104 104.1 0.0006327937016
104.15 104.1 104.2 0.002476674008
104.25 104.2 104.3 0.003569834789
104.35 104.3 104.4 0.004867089544
104.45 104.4 104.5 0.003846536055
104.55 104.5 104.6 0.003416038791
104.65 104.6 104.7 0.004752315937
104.75 104.7 104.8 0.003532428853
104.85 104.8 104.9 0.00298327396
104.95 104.9 105 0.0008092139804
105.05 105 105.1 0.004092508978
105.15 105.1 105.2 0.002130127163
105.25 105.2 105.3 0.0008366126961
105.35 105.3 105.4 0.004205376501
105.45 105.4 105.5 0.00374667055
105.55 105.5 105.6 0.001753549296
105.65 105.6 105.7 0.002589744115
105.75 105.7 105.8 0.003502334159
105.85 105.8 105.9 0.004678693264
105.95 105.9 106 0.002267594926
106.05 106 106.1 0.004933725741
106.15 106.1 106.2 0.004601674436
106.25 106.2 106.3 0.003846647236
106.35 106.3 106.4 0.002155439098
106.45 106.4 106.5 0.0079163053
106.55 106.5 106.6 0.009660638612
106.65 106.6 106.7 -0.0002255122946
106.75 106.7 106.8 0.003435259011
106.85 106.8 106.9 0.001931141977
106.95 106.9 107 0.002329368284
107.05 107 107.1 0.004303070494
107.15 107.1 107.2 0.004143280389
107.25 107.2 107.3 0.001980340183
107.35 107.3 107.4 0.004942828583
107.45 107.4 107.5 0.001530774424
107.55 107.5 107.6 0.004410966796
107.65 107.6 107.7 0.001167168389
107.75 107.7 107.8 0.003273581478
107.85 107.8 107.9 -0.0008643490511
107.95 107.9 108 0.0001943171244
108.05 108 108.1 0.002713095691
108.15 108.1 108.2 -0.002459209357
108.25 108.2 108.3 0.003292275545
108.35 108.3 108.4 0.00240930946
108.45 108.4 108.5 0.003870074685
108.55 108.5 108.6 0.003825420413
108.65 108.6 108.7 0.002942558231
108.75 108.7 108.8 0.004649047652
108.85 108.8 108.9 0.0009965994408
108.95 108.9 109 0.0007689784803
109.05 109 109.1 -0.0002449962946
109.15 109.1 109.2 0.003984983237
109.25 109.2 109.3 0.004208948804
109.35 109.3 109.4 -0.0002002641327
109.45 109.4 109.5 0.001951492104
109.55 109.5 109.6 0.0003144028751
109.65 109.6 109.7 0.000799768433
109.75 109.7 109.8 0.002772859389
109.85 109.8 109.9 -0.0001906744259
109.95 109.9 110 0.002720833048
110.05 110 110.1 0.005616313103
110.15 110.1 110.2 0.003716057499
110.25 110.2 110.3 0.001343478492
110.35 110.3 110.4 -0.0008529339497
110.45 110.4 110.5 0.001747431739
110.55 110.5 110.6 0.003345211169
110.65 110.6 110.7 0.005730517061
110.75 110.7 110.8 -0.0002664684872
110.85 110.8 110.9 0.0027652074
110.95 110.9 111 0.002787591803
111.05 111 111.1 0.002023291102
111.15 111.1 111.2 -0.0006149341239
111.25 111.2 111.3 0.001442236049
111.35 111.3 111.4 0.002794923472
111.45 111.4 111.5 0.00263487197
111.55 111.5 111.6 -0.0001409549149
111.65 111.6 111.7 0.003211465429
111.75 111.7 111.8 0.002751026828
111.85 111.8 111.9 0.005137278643
111.95 111.9 112 0.00306647141
112.05 112 112.1 0.004048842442
112.15 112.1 112.2 0.003747041216
112.25 112.2 112.3 0.002531521997
112.35 112.3 112.4 0.007436293069
112.45 112.4 112.5 0.001651358368
112.55 112.5 112.6 0.002563425101
112.65 112.6 112.7 0.002609339666
112.75 112.7 112.8 0.004593315256
112.85 112.8 112.9 0.003132016711
112.95 112.9 113 0.003613152187
113.05 113 113.1 0.002066326317
113.15 113.1 113.2 0.004782064607
113.25 113.2 113.3 0.00175980522
113.35 113.3 113.4 0.002327561913
113.45 113.4 113.5 0.003019437035
113.55 113.5 113.6 0.005018591025
113.65 113.6 113.7 0.003308356426
113.75 113.7 113.8 0.004714848813
113.85 113.8 113.9 0.0007117215354
113.95 113.9 114 0.002598399704
114.05 114 114.1 0.002345920439
114.15 114.1 114.2 0.005877591224
114.25 114.2 114.3 0.001806091245
114.35 114.3 114.4 0.00539066973
114.45 114.4 114.5 0.001952420135
114.55 114.5 114.6 0.002365134466
114.65 114.6 114.7 0.003765321178
114.75 114.7 114.8 0.00226889016
114.85 114.8 114.9 0.001654842796
114.95 114.9 115 0.002525943431
115.05 115 115.1 0.002224480657
115.15 115.1 115.2 0.0017779532
115.25 115.2 115.3 0.001989834012
115.35 115.3 115.4 0.005158740357
115.45 115.4 115.5 -0.0006402228358
115.55 115.5 115.6 0.002420120902
115.65 115.6 115.7 0.003516639846
115.75 115.7 115.8 0.003680449563
115.85 115.8 115.9 0.00528639104
115.95 115.9 116 0.005210893278
116.05 116 116.1 0.00384160129
116.15 116.1 116.2 0.003490368817
116.25 116.2 116.3 0.006412682486
116.35 116.3 116.4 0.002327523429
116.45 116.4 116.5 0.003282468768
116.55 116.5 116.6 0.0006765919021
116.65 116.6 116.7 0.001445926841
116.75 116.7 116.8 -0.0001027339826
116.85 116.8 116.9 0.003864854334
116.95 116.9 117 0.00223300874
117.05 117 117.1 0.001826414969
117.15 117.1 117.2 0.00207102277
117.25 117.2 117.3 0.0002533591418
117.35 117.3 117.4 0.001208812229
117.45 117.4 117.5 0.001628096865
117.55 117.5 117.6 0.001696693596
117.65 117.6 117.7 0.0035100286
117.75 117.7 117.8 -0.0003325094858
117.85 117.8 117.9 0.005638346372
117.95 117.9 118 0.003674668737
118.05 118 118.1 0.001024392464
118.15 118.1 118.2 -0.000176159747
118.25 118.2 118.3 0.002094424543
118.35 118.3 118.4 0.0007963118696
118.45 118.4 118.5 0.00311810763
118.55 118.5 118.6 0.004003295086
118.65 118.6 118.7 -0.003207420326
118.75 118.7 118.8 0.003098767976
118.85 118.8 118.9 0.002804886837
118.95 118.9 119 0.00395338407
119.05 119 119.1 0.001213664234
119.15 119.1 119.2 0.001519538324
119.25 119.2 119.3 0.004268000339
119.35 119.3 119.4 -0.0001662131785
119.45 119.4 119.5 0.001340496525
119.55 119.5 119.6 0.002771611532
119.65 119.6 119.7 0.002257706285
119.75 119.7 119.8 0.0028880621
119.85 119.8 119.9 0.005615205822
119.95 119.9 120 0.004449846608
120.05 120 120.1 0.00218389929
120.15 120.1 120.2 -3.184271777e-05
120.25 120.2 120.3 0.00248543476
120.35 120.3 120.4 0.006989428863
120.45 120.4 120.5 0.001843570167
120.55 120.5 120.6 0.002074816422
120.65 120.6 120.7 0.004374716574
120.75 120.7 120.8 0.004872806933
120.85 120.8 120.9 0.001578812928
120.95 120.9 121 0.004113987032
121.05 121 121.1 -0.003525008362
121.15 121.1 121.2 0.0042022004
121.25 121.2 121.3 0.002236939703
121.35 121.3 121.4 0.0008628529438
121.45 121.4 121.5 0.004402173458
121.55 121.5 121.6 0.003883329143
121.65 121.6 121.7 0.0002601295853
121.75 121.7 121.8 0.003974031981
121.85 121.8 121.9 0.008351668075
121.95 121.9 122 0.003054720247
122.05 122 122.1 0.003982055669
122.15 122.1 122.2 0.004029870073
122.25 122.2 122.3 0.003708802842
122.35 122.3 122.4 0.004960873865
122.45 122.4 122.5 -0.0009894955998
122.55 122.5 122.6 0.00295160031
122.65 122.6 122.7 0.001503827104
122.75 122.7 122.8 0.004496212993
122.85 122.8 122.9 0.002039003014
122.95 122.9 123 0.001982229444
123.05 123 123.1 0.006166802801
123.15 123.1 123.2 0.003361786515
123.25 123.2 123.3 0.002004281021
123.35 123.3 123.4 -0.0005458717677
123.45 123.4 123.5 0.002472492906
123.55 123.5 123.6 0.00296320847
123.65 123.6 123.7 0.004361213223
123.75 123.7 123.8 0.000339818472
123.85 123.8 123.9 0.001386674476
123.95 123.9 124 0.002958202014
124.05 124 124.1 0.00196120555
124.15 124.1 124.2 0.005262600231
124.25 124.2 124.3 0.002985281203
124.35 124.3 124.4 0.004680874561
124.45 124.4 124.5 0.00339659531
124.55 124.5 124.6 0.000984114833
124.65 124.6 124.7 0.0007056845862
124.75 124.7 124.8 0.005305766941
124.85 124.8 124.9 0.004928061906
124.95 124.9 125 0.004354359334
125.05 125 125.1 0.003415019087
125.15 125.1 125.2 0.006078399441
125.25 125.2 125.3 0.0009627764425
125.35 125.3 125.4 0.00349571983
125.45 125.4 125.5 0.001614263362
125.55 125.5 125.6 7.712037117e-05
125.65 125.6 125.7 0.00108570254
125.75 125.7 125.8 0.003001446716
125.85 125.8 125.9 0.003424628747
125.95 125.9 126 0.00388986288
126.05 126 126.1 0.003747213534
126.15 126.1 126.2 0.001802048045
126.25 126.2 126.3 0.003987451402
126.35 126.3 126.4 0.002494039217
126.45 126.4 126.5 0.002571666799
126.55 126.5 126.6 0.0003769188145
126.65 126.6 126.7 0.0002924126022
126.75 126.7 126.8 0.0007847992046
126.85 126.8 126.9 0.002784724682
126.95 126.9 127 0.002963885632
127.05 127 127.1 0.00206552216
127.15 127.1 127.2 0.000327103357
127.25 127.2 127.3 0.0005625143251
127.35 127.3 127.4 0.001498244098
127.45 127.4 127.5 0.001808749924
127.55 127.5 127.6 -0.0008533681039
127.65 127.6 127.7 0.002616413376
127.75 127.7 127.8 -0.00141833602
127.85 127.8 127.9 -0.000844125858
127.95 127.9 128 0.003220983028
128.05 128 128.1 0.001599377994
128.15 128.1 128.2 0.001563392453
128.25 128.2 128.3 -0.000310809592
128.35 128.3 128.4 0.001232605716
128.45 128.4 128.5 0.001316278657
128.55 128.5 128.6 0.0006509360518
128.65 128.6 128.7 0.001819891051
128.75 128.7 128.8 0.001127722965
128.85 128.8 128.9 0.003209395747
128.95 128.9 129 -0.002596167541
129.05 129 129.1 0.0005748104115
129.15 129.1 129.2 0.0009803341032
129.25 129.2 129.3 0.0007009792245
129.35 129.3 129.4 0.001452020574
129.45 129.4 129.5 0.001578323527
129.55 129.5 129.6 0.001153382166
129.65 129.6 129.7 0.002330506694
129.75 129.7 129.8 0.00309907297
129.85 129.8 129.9 -0.001051237871
129.95 129.9 130 0.003043637383
130.05 130 130.1 0.003341745804
130.15 130.1 130.2 0.002400331771
130.25 130.2 130.3 0.002940128887
130.35 130.3 130.4 0.002817142845
130.45 130.4 130.5 -0.0001756848918
130.55 130.5 130.6 -0.0006627278039
130.65 130.6 130.7 -0.00459413594
130.75 130.7 130.8 0.0008181967819
130.85 130.8 130.9 0.0005620916921
130.95 130.9 131 0.0010844033
131.05 131 131.1 -0.002300838211
131.15 131.1 131.2 -0.0006638336946
131.25 131.2 131.3 -0.0005087703241
131.35 131.3 131.4 0.003639743631
131.45 131.4 131.5 -0.0005221256265
131.55 131.5 131.6 -0.00161422869
131.65 131.6 131.7 0.001333547383
131.75 131.7 131.8 -0.001278774058
131.85 131.8 131.9 -0.001352395294
131.95 131.9 132 0.002520419233
132.05 132 132.1 -0.001308288303
132.15 132.1 132.2 0.002513153675
132.25 132.2 132.3 0.002192855223
132.35 132.3 132.4 0.001297723558
132.45 132.4 132.5 0.004784051333
132.55 132.5 132.6 0.0004225274777
132.65 132.6 132.7 0.001110695873
132.75 132.7 132.8 0.0001678700306
132.85 132.8 132.9 0.001275662435
132.95 132.9 133 0.001616775758
133.05 133 133.1 0.005534708693
133.15 133.1 133.2 0.0006437745691
133.25 133.2 133.3 0.001005646578
133.35 133.3 133.4 0.004349305921
133.45 133.4 133.5 0.004062122597
133.55 133.5 133.6 0.001130939618
133.65 133.6 133.7 0.003414579484
133.75 133.7 133.8 0.001233300147
133.85 133.8 133.9 0.004840746828
133.95 133.9 134 0.001893553013
134.05 134 134.1 0.001747272123
134.15 134.1 134.2 0.001794381392
134.25 134.2 134.3 -0.001167817655
134.35 134.3 134.4 0.002033242137
134.45 134.4 134.5 0.001130877353
134.55 134.5 134.6 0.0009630005354
134.65 134.6 134.7 0.003190385114
134.75 134.7 134.8 0.002617960172
134.85 134.8 134.9 0.0009147330564
134.95 134.9 135 0.001647723077
135.05 135 135.1 -0.00146664389
135.15 135.1 135.2 0.001264233489
135.25 135.2 135.3 0.001198491682
135.35 135.3 135.4 -0.0005134864434
135.45 135.4 135.5 0.001233513501
135.55 135.5 135.6 0.0007288795729
135.65 135.6 135.7 0.002216017716
135.75 135.7 135.8 0.0002775397137
135.85 135.8 135.9 -0.00130434846
135.95 135.9 136 0.004490845416
136.05 136 136.1 0.000161590106
136.15 136.1 136.2 0.0008221257855
136.25 136.2 136.3 -0.0004699494568
136.35 136.3 136.4 5.04982884e-05
136.45 136.4 136.5 0.003060641738
136.55 136.5 136.6 0.005066541044
136.65 136.6 136.7 0.004500363876
136.75 136.7 136.8 0.00183736488
136.85 136.8 136.9 -0.0005182041075
136.95 136.9 137 0.0008566413065
137.05 137 137.1 -0.001109907419
137.15 137.1 137.2 2.871552784e-05
137.25 137.2 137.3 -0.0005569141402
137.35 137.3 137.4 0.0002894319646
137.45 137.4 137.5 -0.0001620231777
137.55 137.5 137.6 0.002031402202
137.65 137.6 137.7 0.002048080989
137.75 137.7 137.8 0.001918125704
137.85 137.8 137.9 0.003128230081
137.95 137.9 138 0.005253093973
138.05 138 138.1 -0.0003181133816
138.15 138.1 138.2 -0.0007396692951
138.25 138.2 138.3 0.0008023235332
138.35 138.3 138.4 0.001787288868
138.45 138.4 138.5 -0.001128509338
138.55 138.5 138.6 -0.0001988084212
138.65 138.6 138.7 0.0003013922982
138.75 138.7 138.8 -0.0006113770962
138.85 138.8 138.9 -0.0006594856018
138.95 138.9 139 0.002989471185
139.05 139 139.1 -0.0009101826695
139.15 139.1 139.2 0.001873872279
139.25 139.2 139.3 -0.0002759429489
139.35 139.3 139.4 0.002929993461
139.45 139.4 139.5 0.00278310946
139.55 139.5 139.6 0.001661775416
139.65 139.6 139.7 -0.0004433178174
139.75 139.7 139.8 0.002839094276
139.85 139.8 139.9 0.002299103692
139.95 139.9 140 0.001523917411
140.05 140 140.1 -0.002099850692
140.15 140.1 140.2 4.608505154e-05
140.25 140.2 140.3 -0.0004867757453
140.35 140.3 140.4 0.004563697173
140.45 140.4 140.5 0.00186254118
140.55 140.5 140.6 0.005900132189
140.65 140.6 140.7 0.002608761683
140.75 140.7 140.8 -0.0003256648459
140.85 140.8 140.9 0.001288594197
140.95 140.9 141 0.004249448781
141.05 141 141.1 0.002353672467
141.15 141.1 141.2 0.0005621084365
141.25 141.2 141.3 -0.001160191392
141.35 141.3 141.4 0.003332293025
141.45 141.4 141.5 0.003693099975
141.55 141.5 141.6 0.001754340445
141.65 141.6 141.7 0.000969211287
141.75 141.7 141.8 0.0001766648839
141.85 141.8 141.9 0.001049991652
141.95 141.9 142 -0.001704307918
142.05 142 142.1 0.0002633942857
142.15 142.1 142.2 -0.0006211807965
142.25 142.2 142.3 0.00251476008
142.35 142.3 142.4 -7.279929313e-05
142.45 142.4 142.5 0.001142040461
142.55 142.5 142.6 0.003094234429
142.65 142.6 142.7 0.0009716942733
142.75 142.7 142.8 0.004154141196
142.85 142.8 142.9 -0.0007413289359
142.95 142.9 143 0.0004619261429
143.05 143 143.1 -0.0009085396378
143.15 143.1 143.2 -0.0007694642529
143.25 143.2 143.3 0.001457285941
143.35 143.3 143.4 0.001879104245
143.45 143.4 143.5 0.001623534229
143.55 143.5 143.6 -0.0009435736735
143.65 143.6 143.7 -0.001769850049
143.75 143.7 143.8 0.002773703599
143.85 143.8 143.9 -0.001064943931
143.95 143.9 144 0.0007730497248
144.05 144 144.1 0.0005918356202
144.15 144.1 144.2 0.0001045058428
144.25 144.2 144.3 0.00168154997
144.35 144.3 144.4 0.0005911834932
144.45 144.4 144.5 0.0002507312646
144.55 144.5 144.6 -0.0007424380795
144.65 144.6 144.7 -5.366200096e-05
144.75 144.7 144.8 0.002053047184
144.85 144.8 144.9 0.002632998638
144.95 144.9 145 0.001831899702
145.05 145 145.1 0.002404739397
145.15 145.1 145.2 0.0008822879546
145.25 145.2 145.3 0.001886968652
145.35 145.3 145.4 -0.001199419374
145.45 145.4 145.5 -0.0007748546487
145.55 145.5 145.6 0.0005112458187
145.65 145.6 145.7 0.0003142734606
145.75 145.7 145.8 0.004053488109
145.85 145.8 145.9 -0.001484179401
145.95 145.9 146 0.0005970781857
146.05 146 146.1 0.001847425946
146.15 146.1 146.2 0.001301212169
146.25 146.2 146.3 -0.0006324055552
146.35 146.3 146.4 0.0007420419192
146.45 146.4 146.5 0.0008424148235
146.55 146.5 146.6 0.001813339222
146.65 146.6 146.7 0.001493061573
146.75 146.7 146.8 -0.0007956195715
146.85 146.8 146.9 0.003665895083
146.95 146.9 147 0.0006987032937
147.05 147 147.1 0.002161568163
147.15 147.1 147.2 0.00570335411
147.25 147.2 147.3 0.003272110377
147.35 147.3 147.4 0.001818573161
147.45 147.4 147.5 0.00126103876
147.55 147.5 147.6 0.00254221271
147.65 147.6 147.7 0.0006266677173
147.75 147.7 147.8 -0.000632019538
147.85 147.8 147.9 0.004684824615
147.95 147.9 148 0.001961760903
148.05 148 148.1 0.003059006631
148.15 148.1 148.2 0.001025386248
148.25 148.2 148.3 0.003375207968
148.35 148.3 148.4 -0.001977625153
148.45 148.4 148.5 0.001705735635
148.55 148.5 148.6 -0.002132532984
148.65 148.6 148.7 0.003598620189
148.75 148.7 148.8 -0.0003201198529
148.85 148.8 148.9 0.0001664182807
148.95 148.9 149 0.002596201986
149.05 149 149.1 0.001688032108
149.15 149.1 149.2 0.005613138899
149.25 149.2 149.3 -0.001095914573
149.35 149.3 149.4 0.001809229195
149.45 149.4 149.5 0.001640988525
149.55 149.5 149.6 0.002097820094
149.65 149.6 149.7 -0.0007486489374
149.75 149.7 149.8 0.001167984655
149.85 149.8 149.9 -0.0007712987928
149.95 149.9 150 0.000106406931
150.05 150 150.1 0.001757766788
150.15 150.1 150.2 0.001190023701
150.25 150.2 150.3 0.001595588233
150.35 150.3 150.4 -0.001137278733
150.45 150.4 150.5 0.001000554648
150.55 150.5 150.6 -0.003135326849
150.65 150.6 150.7 0.002870399007
150.75 150.7 150.8 -0.0007191287422
150.85 150.8 150.9 0.002573217472
150.95 150.9 151 0.001651930161
151.05 151 151.1 -0.001749092179
151.15 151.1 151.2 0.0009386327612
151.25 151.2 151.3 0.003224285681
151.35 151.3 151.4 -0.003420479715
151.45 151.4 151.5 0.002969601154
151.55 151.5 151.6 0.001862520304
151.65 151.6 151.7 0.0005582467373
151.75 151.7 151.8 0.000251636414
151.85 151.8 151.9 -0.0009095652686
151.95 151.9 152 0.00148147564
152.05 152 152.1 0.002320260817
152.15 152.1 152.2 6.073066677e-05
152.25 152.2 152.3 0.003485770721
152.35 152.3 152.4 -0.001181706986
152.45 152.4 152.5 0.001529366649
152.55 152.5 152.6 0.001882015606
152.65 152.6 152.7 -4.760121366e-05
152.75 152.7 152.8 -0.002868518038
152.85 152.8 152.9 -0.0004831743229
152.95 152.9 153 0.002094889214
153.05 153 153.1 0.0008023956437
153.15 153.1 153.2 -0.00298154304
153.25 153.2 153.3 0.002382319401
153.35 153.3 153.4 0.002628516441
153.45 153.4 153.5 0.001495846063
153.55 153.5 153.6 0.0002665019664
153.65 153.6 153.7 -0.001150928775
153.75 153.7 153.8 -0.001047603318
153.85 153.8 153.9 0.0009208511014
153.95 153.9 154 -0.0001007682753
154.05 154 154.1 0.001889727553
154.15 154.1 154.2 0.0006902791148
154.25 154.2 154.3 0.001630541713
154.35 154.3 154.4 -0.0008329744942
154.45 154.4 154.5 -0.002614420956
154.55 154.5 154.6 0.001166076868
154.65 154.6 154.7 0.0005151765764
154.75 154.7 154.8 0.005372328618
154.85 154.8 154.9 0.001497930128
154.95 154.9 155 0.001239956263
155.05 155 155.1 0.0005348128314
155.15 155.1 155.2 0.0005090356747
155.25 155.2 155.3 -0.001746160839
155.35 155.3 155.4 0.0006405933939
155.45 155.4 155.5 0.003694270629
155.55 155.5 155.6 -0.002649062172
155.65 155.6 155.7 0.0006613862209
155.75 155.7 155.8 0.001491447261
155.85 155.8 155.9 0.003174595188
155.95 155.9 156 0.002285933816
156.05 156 156.1 0.002603973988
156.15 156.1 156.2 0.0002045698895
156.25 156.2 156.3 0.001682315313
156.35 156.3 156.4 0.002469348889
156.45 156.4 156.5 0.002116990851
156.55 156.5 156.6 0.002206581699
156.65 156.6 156.7 0.0005615172725
156.75 156.7 156.8 -0.0007636229164
156.85 156.8 156.9 0.0004129815801
156.95 156.9 157 0.001649497058
157.05 157 157.1 0.001914621605
157.15 157.1 157.2 0.002362967821
157.25 157.2 157.3 -0.001027323332
157.35 157.3 157.4 0.0003699968976
157.45 157.4 157.5 -0.0006812905258
157.55 157.5 157.6 0.001860719426
157.65 157.6 157.7 -0.004888153725
157.75 157.7 157.8 -0.0003680849006
157.85 157.8 157.9 -7.460265222e-05
157.95 157.9 158 -0.0007226808521
158.05 158 158.1 0.0009617948896
158.15 158.1 158.2 -0.002800673906
158.25 158.2 158.3 0.0005005114309
158.35 158.3 158.4 0.0005641928734
158.45 158.4 158.5 0.002814766259
158.55 158.5 158.6 0.001608211643
158.65 158.6 158.7 0.003770087271
158.75 158.7 158.8 0.001416808318
158.85 158.8 158.9 0.00176074977
158.95 158.9 159 0.0007549422014
159.05 159 159.1 0.002085095027
159.15 159.1 159.2 0.0005154356403
159.25 159.2 159.3 0.003026751481
159.35 159.3 159.4 0.002798179709
159.45 159.4 159.5 0.0005294396444
159.55 159.5 159.6 0.003082571469
159.65 159.6 159.7 4.354594968e-05
159.75 159.7 159.8 0.001724800031
159.85 159.8 159.9 0.0006330685951
159.95 159.9 160 0.002014211818
160.05 160 160.1 -0.001136250576
160.15 160.1 160.2 -0.0003104533895
160.25 160.2 160.3 0.001175805098
160.35 160.3 160.4 -0.004395389268
160.45 160.4 160.5 0.002153655821
160.55 160.5 160.6 -0.0007223633783
160.65 160.6 160.7 -0.0003236495227
160.75 160.7 160.8 0.001135201511
160.85 160.8 160.9 0.002007900702
160.95 160.9 161 0.001775483626
161.05 161 161.1 -0.0009894661007
161.15 161.1 161.2 0.004140067906
161.25 161.2 161.3 0.002718326054
161.35 161.3 161.4 0.003721448217
161.45 161.4 161.5 -0.000191614447
161.55 161.5 161.6 0.0002692804669
161.65 161.6 161.7 0.00165449542
161.75 161.7 161.8 2.693191107e-05
161.85 161.8 161.9 0.0003886780891
161.95 161.9 162 0.0008389218556
162.05 162 162.1 0.0002648283669
162.15 162.1 162.2 0.0004558029261
162.25 162.2 162.3 0.0008387467603
162.35 162.3 162.4 0.00359925215
162.45 162.4 162.5 0.0008886461754
162.55 162.5 162.6 -0.0006719110686
162.65 162.6 162.7 0.001932327088
162.75 162.7 162.8 0.001580514681
162.85 162.8 162.9 -0.002022241951
162.95 162.9 163 0.001168339203
163.05 163 163.1 0.001056812537
163.15 163.1 163.2 0.001443882115
163.25 163.2 163.3 0.002930175242
163.35 163.3 163.4 -0.001555339894
163.45 163.4 163.5 0.001105967923
163.55 163.5 163.6 4.426660876e-05
163.65 163.6 163.7 3.959527824e-05
163.75 163.7 163.8 0.0004353585322
163.85 163.8 163.9 -0.001379166826
163.95 163.9 164 0.004215502227
164.05 164 164.1 -0.002778046542
164.15 164.1 164.2 0.0004223250115
164.25 164.2 164.3 0.0001319448688
164.35 164.3 164.4 -0.001283945156
164.45 164.4 164.5 0.001135845452
164.55 164.5 164.6 -0.0002474547643
164.65 164.6 164.7 0.0002264044068
164.75 164.7 164.8 0.002868012434
164.85 164.8 164.9 0.0006479367204
164.95 164.9 165 0.001137796379
165.05 165 165.1 0.0008442245144
165.15 165.1 165.2 0.0007991986089
165.25 165.2 165.3 -0.0005095134521
165.35 165.3 165.4 0.002020529386
165.45 165.4 165.5 0.002221696536
165.55 165.5 165.6 0.0009010721915
165.65 165.6 165.7 -0.0002418295838
165.75 165.7 165.8 -0.000775659626
165.85 165.8 165.9 0.001444582266
165.95 165.9 166 0.0009119401711
166.05 166 166.1 -0.0007452859325
166.15 166.1 166.2 0.002846025132
166.25 166.2 166.3 0.001150963111
166.35 166.3 166.4 0.001907260486
166.45 166.4 166.5 0.002228547077
166.55 166.5 166.6 0.001028275725
166.65 166.6 166.7 -0.001595922636
166.75 166.7 166.8 0.0006977626169
166.85 166.8 166.9 0.002373996239
166.95 166.9 167 -0.0007054135824
167.05 167 167.1 7.794566097e-05
167.15 167.1 167.2 0.002872803443
167.25 167.2 167.3 0.0009936799756
167.35 167.3 167.4 0.001511619534
167.45 167.4 167.5 0.001251208098
167.55 167.5 167.6 0.001743176828
167.65 167.6 167.7 0.0007076708314
167.75 167.7 167.8 0.004652582992
167.85 167.8 167.9 0.001887522709
167.95 167.9 168 -0.0008091239477
168.05 168 168.1 -0.002769906583
168.15 168.1 168.2 0.003167110982
168.25 168.2 168.3 0.0006385275545
168.35 168.3 168.4 0.002018202098
168.45 168.4 168.5 0.001468703128
168.55 168.5 168.6 0.001794854132
168.65 168.6 168.7 0.002606984261
168.75 168.7 168.8 0.001314989836
168.85 168.8 168.9 -0.001291316034
168.95 168.9 169 0.003501947893
169.05 169 169.1 0.001993667777
169.15 169.1 169.2 -0.000247122894
169.25 169.2 169.3 0.002185915163
169.35 169.3 169.4 0.0005110242184
169.45 169.4 169.5 0.004310503935
169.55 169.5 169.6 0.001747574726
169.65 169.6 169.7 -0.000548028434
169.75 169.7 169.8 0.0018068833
169.85 169.8 169.9 0.001517374243
169.95 169.9 170 0.0006368261767
170.05 170 170.1 -0.0004276877566
170.15 170.1 170.2 0.0003222267103
170.25 170.2 170.3 0.001613443814
170.35 170.3 170.4 0.001306882245
170.45 170.4 170.5 0.0005605393569
170.55 170.5 170.6 0.001829266657
170.65 170.6 170.7 0.003118413451
170.75 170.7 170.8 0.002248173063
170.85 170.8 170.9 -0.001184184116
170.95 170.9 171 0.002618411327
171.05 171 171.1 0.00192971915
171.15 171.1 171.2 -0.0001126016475
171.25 171.2 171.3 -0.0002906771721
171.35 171.3 171.4 -0.000115218096
171.45 171.4 171.5 0.0009622703613
171.55 171.5 171.6 0.001979423608
171.65 171.6 171.7 0.001781480353
171.75 171.7 171.8 0.003458692588
171.85 171.8 171.9 -0.002405747386
171.95 171.9 172 0.001978397512
172.05 172 172.1 -0.0015393312
172.15 172.1 172.2 0.0009455144775
172.25 172.2 172.3 0.002143981689
172.35 172.3 172.4 -0.001213057254
172.45 172.4 172.5 -0.003378274359
172.55 172.5 172.6 0.001053923894
172.65 172.6 172.7 0.0014190244
172.75 172.7 172.8 0.0008445516698
172.85 172.8 172.9 -0.0003179865849
172.95 172.9 173 0.002588960896
173.05 173 173.1 0.001580212699
173.15 173.1 173.2 0.002211525086
173.25 173.2 173.3 0.002552389245
173.35 173.3 173.4 0.001494028867
173.45 173.4 173.5 -0.001183136129
173.55 173.5 173.6 0.0008974961305
173.65 173.6 173.7 0.0002205901557
173.75 173.7 173.8 0.00302343969
173.85 173.8 173.9 -0.001619177365
173.95 173.9 174 0.001272204937
174.05 174 174.1 0.000489359424
174.15 174.1 174.2 0.003941111797
174.25 174.2 174.3 0.001414442129
174.35 174.3 174.4 0.002566125913
174.45 174.4 174.5 0.002737965592
174.55 174.5 174.6 -0.001140701383
174.65 174.6 174.7 0.001750395013
174.75 174.7 174.8 0.001147219697
174.85 174.8 174.9 0.002629457595
174.95 174.9 175 0.0005512449805
175.05 175 175.1 0.003139406049
175.15 175.1 175.2 -0.0004558282512
175.25 175.2 175.3 -0.0006565922882
175.35 175.3 175.4 0.002130503908
175.45 175.4 175.5 -5.001336895e-05
175.55 175.5 175.6 -0.0006420161434
175.65 175.6 175.7 0.0009099833461
175.75 175.7 175.8 8.25451406e-05
175.85 175.8 175.9 0.001903747542
175.95 175.9 176 0.002869773721
176.05 176 176.1 0.0004700433239
176.15 176.1 176.2 0.0009493358295
176.25 176.2 176.3 0.00171006527
176.35 176.3 176.4 -0.001771525146
176.45 176.4 176.5 0.003549799096
176.55 176.5 176.6 -0.00114018493
176.65 176.6 176.7 0.0009200890718
176.75 176.7 176.8 0.001919714259
176.85 176.8 176.9 0.002370564125
176.95 176.9 177 -0.001096354492
177.05 177 177.1 0.001565155636
177.15 177.1 177.2 0.003046376479
177.25 177.2 177.3 0.002132728225
177.35 177.3 177.4 -0.0001805843291
177.45 177.4 177.5 4.52135392e-05
177.55 177.5 177.6 8.336241833e-05
177.65 177.6 177.7 -0.000681567889
177.75 177.7 177.8 0.003432115434
177.85 177.8 177.9 0.002039478031
177.95 177.9 178 0.001879350233
178.05 178 178.1 -0.0003474783114
178.15 178.1 178.2 0.0003204096347
178.25 178.2 178.3 0.002701318994
178.35 178.3 178.4 0.0002483407531
178.45 178.4 178.5 0.00298096055
178.55 178.5 178.6 0.003037217433
178.65 178.6 178.7 -0.0004806980197
178.75 178.7 178.8 0.0006590224645
178.85 178.8 178.9 0.004000562879
178.95 178.9 179 0.001356429407
179.05 179 179.1 -0.0001416356273
179.15 179.1 179.2 -0.002061460484
179.25 179.2 179.3 0.003084177471
179.35 179.3 179.4 -0.00203436282
179.45 179.4 179.5 0.0007302128418
179.55 179.5 179.6 0.0001026061528
179.65 179.6 179.7 0.0009948065566
179.75 179.7 179.8 0.0005536296163
179.85 179.8 179.9 0.0002009274634
179.95 179.9 180 0.0003479391006
180.05 180 180.1 0.003138782707
180.15 180.1 180.2 0.0003207673134
180.25 180.2 180.3 0.002567581979
180.35 180.3 180.4 0.0008840732341
180.45 180.4 180.5 0.002547282335
180.55 180.5 180.6 0.003499764737
180.65 180.6 180.7 0.0005711508546
180.75 180.7 180.8 0.001188939662
180.85 180.8 180.9 -0.001061108394
180.95 180.9 181 -0.0003027977542
181.05 181 181.1 0.0009161460892
181.15 181.1 181.2 0.0001514373648
181.25 181.2 181.3 -0.0009030851785
181.35 181.3 181.4 0.0007993923813
181.45 181.4 181.5 0.0004976647879
181.55 181.5 181.6 0.00229625016
181.65 181.6 181.7 0.003333997406
181.75 181.7 181.8 -0.0007693312202
181.85 181.8 181.9 0.002699732829
181.95 181.9 182 0.001157568447
182.05 182 182.1 0.002026215069
182.15 182.1 182.2 0.002746203745
182.25 182.2 182.3 -0.000258916274
182.35 182.3 182.4 0.0008547772905
182.45 182.4 182.5 -0.0005978947293
182.55 182.5 182.6 -0.0006606772525
182.65 182.6 182.7 -0.00238214657
182.75 182.7 182.8 -0.001035452832
182.85 182.8 182.9 0.001097258913
182.95 182.9 183 -0.001747652707
183.05 183 183.1 0.001807129091
183.15 183.1 183.2 0.002094078132
183.25 183.2 183.3 0.001702000292
183.35 183.3 183.4 0.001541232662
183.45 183.4 183.5 0.001136992991
183.55 183.5 183.6 0.0003756928835
183.65 183.6 183.7 -0.001001814753
183.75 183.7 183.8 0.0006120588366
183.85 183.8 183.9 0.0005550000882
183.95 183.9 184 -0.001674073868
184.05 184 184.1 -0.0004324961253
184.15 184.1 184.2 0.0009121209888
184.25 184.2 184.3 -0.0007667180388
184.35 184.3 184.4 0.0004356900398
184.45 184.4 184.5 0.0008108922891
184.55 184.5 184.6 0.001444074457
184.65 184.6 184.7 0.001033002444
184.75 184.7 184.8 0.0005757688203
184.85 184.8 184.9 -0.001172829229
184.95 184.9 185 -0.0001760789333
185.05 185 185.1 -0.001193338286
185.15 185.1 185.2 0.001326969671
185.25 185.2 185.3 0.0003807871524
185.35 185.3 185.4 -0.0002736596074
185.45 185.4 185.5 0.001010257053
185.55 185.5 185.6 0.001116543706
185.65 185.6 185.7 0.0001377154727
185.75 185.7 185.8 -0.00115731372
185.85 185.8 185.9 0.001002666417
185.95 185.9 186 0.001428971283
186.05 186 186.1 0.001127473798
186.15 186.1 186.2 -0.001056086158
186.25 186.2 186.3 0.001640193954
186.35 186.3 186.4 0.001808655703
186.45 186.4 186.5 0.001189119237
186.55 186.5 186.6 -0.0007134537818
186.65 186.6 186.7 0.002051611287
186.75 186.7 186.8 0.0004947014477
186.85 186.8 186.9 0.001027024516
186.95 186.9 187 0.0009369123656
187.05 187 187.1 -5.794871611e-05
187.15 187.1 187.2 0.003024467727
187.25 187.2 187.3 -0.0008439853721
187.35 187.3 187.4 -0.002662862727
187.45 187.4 187.5 -0.0003233706559
187.55 187.5 187.6 0.001531571773
187.65 187.6 187.7 -0.001711020307
187.75 187.7 187.8 -0.002249645313
187.85 187.8 187.9 -0.0007337000727
187.95 187.9 188 0.002098221755
188.05 188 188.1 0.00388961098
188.15 188.1 188.2 -0.001533652882
188.25 188.2 188.3 -0.001295388311
188.35 188.3 188.4 -0.0003362547698
188.45 188.4 188.5 -0.0001772823951
188.55 188.5 188.6 -0.00119691223
188.65 188.6 188.7 -0.0003957014851
188.75 188.7 188.8 -0.001987712596
188.85 188.8 188.9 -0.0004122862422
188.95 188.9 189 0.0003561669397
189.05 189 189.1 -0.003219369799
189.15 189.1 189.2 -0.0002105572941
189.25 189.2 189.3 -0.002252081664
189.35 189.3 189.4 -0.0006978337417
189.45 189.4 189.5 -0.000569846993
189.55 189.5 189.6 0.0004538982205
189.65 189.6 189.7 -4.287380687e-05
189.75 189.7 189.8 0.001465220631
189.85 189.8 189.9 -0.0002876066891
189.95 189.9 190 -9.721224769e-05
190.05 190 190.1 -0.002426663657
190.15 190.1 190.2 0.001327156347
190.25 190.2 190.3 -0.001235215043
190.35 190.3 190.4 -0.001445955692
190.45 190.4 190.5 -0.001047004634
190.55 190.5 190.6 -0.0006072728551
190.65 190.6 190.7 0.0002541741907
190.75 190.7 190.8 0.001191937888
190.85 190.8 190.9 0.001777137654
190.95 190.9 191 -0.001283530453
191.05 191 191.1 -0.0005175341161
191.15 191.1 191.2 -0.001372407672
191.25 191.2 191.3 0.0009172417062
191.35 191.3 191.4 -0.001657497779
191.45 191.4 191.5 -0.00106125379
191.55 191.5 191.6 -0.0001181771346
191.65 191.6 191.7 -0.001206188417
191.75 191.7 191.8 0.001799528619
191.85 191.8 191.9 -0.0002092619743
191.95 191.9 192 -0.0002238081521
192.05 192 192.1 -0.00331026293
192.15 192.1 192.2 -0.0002428821001
192.25 192.2 192.3 0.0008577664978
192.35 192.3 192.4 -0.001171394423
192.45 192.4 192.5 -0.001229749692
192.55 192.5 192.6 -3.899186521e-05
192.65 192.6 192.7 -0.001541490914
192.75 192.7 192.8 -0.002124160559
192.85 192.8 192.9 -0.0006018572757
192.95 192.9 193 -0.001028311138
193.05 193 193.1 0.0007980614813
193.15 193.1 193.2 -0.0008519771996
193.25 193.2 193.3 -0.001171503946
193.35 193.3 193.4 0.002597219925
193.45 193.4 193.5 -0.001154042009
193.55 193.5 193.6 -0.0009200132105
193.65 193.6 193.7 -0.001966756271
193.75 193.7 193.8 -3.764594805e-05
193.85 193.8 193.9 0.0006226926792
193.95 193.9 194 -0.001697510029
194.05 194 194.1 0.0006720513529
194.15 194.1 194.2 0.001062706962
194.25 194.2 194.3 -0.001229366221
194.35 194.3 194.4 -0.001372349317
194.45 194.4 194.5 -0.001789299546
194.55 194.5 194.6 -0.002680289663
194.65 194.6 194.7 0.0004833450426
194.75 194.7 194.8 -0.0002933797005
194.85 194.8 194.9 -0.0008908241371
194.95 194.9 195 0.0007655145315
195.05 195 195.1 -0.00199656686
195.15 195.1 195.2 0.001452962046
195.25 195.2 195.3 -0.0007819681563
195.35 195.3 195.4 0.0004153150135
195.45 195.4 195.5 0.0004958992708
195.55 195.5 195.6 0.0004220067302
195.65 195.6 195.7 -0.001189453686
195.75 195.7 195.8 0.001526541223
195.85 195.8 195.9 0.0004709425874
195.95 195.9 196 -0.000693069839
196.05 196 196.1 0.001047974571
196.15 196.1 196.2 -0.0002583706846
196.25 196.2 196.3 -0.001127177466
196.35 196.3 196.4 -0.001403842518
196.45 196.4 196.5 0.0009619616387
196.55 196.5 196.6 -0.002452141581
196.65 196.6 196.7 -0.0001625126537
196.75 196.7 196.8 -4.657165134e-05
196.85 196.8 196.9 0.0007849015867
196.95 196.9 197 -0.003176386746
197.05 197 197.1 -0.0008854590943
197.15 197.1 197.2 0.0007065414974
197.25 197.2 197.3 -0.0001337681432
197.35 197.3 197.4 0.0008806812694
197.45 197.4 197.5 -0.0005020738113
197.55 197.5 197.6 0.0003069998048
197.65 197.6 197.7 -0.0004807980012
197.75 197.7 197.8 -4.659479916e-07
197.85 197.8 197.9 0.0005167740606
197.95 197.9 198 0.0008750671239
198.05 198 198.1 -0.001692615675
198.15 198.1 198.2 -0.0006960046573
198.25 198.2 198.3 -0.002651560804
198.35 198.3 198.4 -0.0002931181966
198.45 198.4 198.5 -0.0005158463956
198.55 198.5 198.6 0.001471526663
198.65 198.6 198.7 0.002266386652
198.75 198.7 198.8 -0.0001077628171
198.85 198.8 198.9 -0.0008786319925
198.95 198.9 199 3.061145309e-05
199.05 199 199.1 -0.0004422071874
199.15 199.1 199.2 0.001284057241
199.25 199.2 199.3 3.596571696e-05
199.35 199.3 199.4 -0.0002609193771
199.45 199.4 199.5 0.0002923670106
199.55 199.5 199.6 0.0003624980942
199.65 199.6 199.7 -0.0007425158562
199.75 199.7 199.8 -0.0009278496015
199.85 199.8 199.9 -0.002010492299
199.95 199.9 200 5.234664418e-05
