# Columns: s_cen(1) s_min(2) s_max(3) xi_iso(4)
0.05 0 0.1 39.33342047
0.15 0.1 0.2 27.08502558
0.25 0.2 0.3 15.99335447
0.35 0.3 0.4 22.37667185
0.45 0.4 0.5 20.50732588
0.55 0.5 0.6 23.99619718
0.65 0.6 0.7 18.05935914
0.75 0.7 0.8 22.62594688
0.85 0.8 0.9 20.76710081
0.95 0.9 1 21.55006183
1.05 1 1.1 18.66600884
1.15 1.1 1.2 17.28780593
1.25 1.2 1.3 18.90099207
1.35 1.3 1.4 17.120234
1.45 1.4 1.5 16.98761343
1.55 1.5 1.6 15.65374888
1.65 1.6 1.7 14.58668297
1.75 1.7 1.8 14.63048102
1.85 1.8 1.9 13.49733348
1.95 1.9 2 13.15141274
2.05 2 2.1 11.40621924
2.15 2.1 2.2 11.54386802
2.25 2.2 2.3 10.49056648
2.35 2.3 2.4 9.865784543
2.45 2.4 2.5 9.26070478
2.55 2.5 2.6 8.673859445
2.65 2.6 2.7 8.313771716
2.75 2.7 2.8 7.524560704
2.85 2.8 2.9 7.520014211
2.95 2.9 3 7.254389221
3.05 3 3.1 6.519983863
3.15 3.1 3.2 6.217314214
3.25 3.2 3.3 5.89954825
3.35 3.3 3.4 5.510025136
3.45 3.4 3.5 5.631103056
3.55 3.5 3.6 5.402676322
3.65 3.6 3.7 5.201004988
3.75 3.7 3.8 4.958483039
3.85 3.8 3.9 4.963993896
3.95 3.9 4 4.836667988
4.05 4 4.1 4.649413422
4.15 4.1 4.2 4.341596154
4.25 4.2 4.3 4.144005884
4.35 4.3 4.4 3.973590236
4.45 4.4 4.5 3.949226552
4.55 4.5 4.6 3.858875658
4.65 4.6 4.7 3.722037787
4.75 4.7 4.8 3.589518471
4.85 4.8 4.9 3.506899766
4.95 4.9 5 3.517894712
5.05 5 5.1 3.340456256
5.15 5.1 5.2 3.277701484
5.25 5.2 5.3 3.1743814
5.35 5.3 5.4 3.068194474
5.45 5.4 5.5 2.962853313
5.55 5.5 5.6 2.822573668
5.65 5.6 5.7 2.83909107
5.75 5.7 5.8 2.746503297
5.85 5.8 5.9 2.658734177
5.95 5.9 6 2.666185281
6.05 6 6.1 2.57907659
6.15 6.1 6.2 2.511941592
6.25 6.2 6.3 2.460790132
6.35 6.3 6.4 2.464614249
6.45 6.4 6.5 2.285762065
6.55 6.5 6.6 2.201690867
6.65 6.6 6.7 2.194667365
6.75 6.7 6.8 2.204455603
6.85 6.8 6.9 2.146611796
6.95 6.9 7 2.10433379
7.05 7 7.1 2.007935828
7.15 7.1 7.2 1.916446478
7.25 7.2 7.3 1.881049072
7.35 7.3 7.4 1.956138191
7.45 7.4 7.5 1.718108378
7.55 7.5 7.6 1.741216901
7.65 7.6 7.7 1.747969608
7.75 7.7 7.8 1.768042914
7.85 7.8 7.9 1.658812694
7.95 7.9 8 1.62562032
8.05 8 8.1 1.622792091
8.15 8.1 8.2 1.571998371
8.25 8.2 8.3 1.634220504
8.35 8.3 8.4 1.528824365
8.45 8.4 8.5 1.481285354
8.55 8.5 8.6 1.528120674
8.65 8.6 8.7 1.434415694
8.75 8.7 8.8 1.403268928
8.85 8.8 8.9 1.344383592
8.95 8.9 9 1.329303609
9.05 9 9.1 1.244368649
9.15 9.1 9.2 1.303531617
9.25 9.2 9.3 1.254838899
9.35 9.3 9.4 1.238917764
9.45 9.4 9.5 1.159697528
9.55 9.5 9.6 1.234243046
9.65 9.6 9.7 1.123939457
9.75 9.7 9.8 1.175796683
9.85 9.8 9.9 1.092754488
9.95 9.9 10 1.12813658
10.05 10 10.1 1.12755489
10.15 10.1 10.2 1.101398038
10.25 10.2 10.3 1.018941226
10.35 10.3 10.4 1.033246348
10.45 10.4 10.5 1.016542939
10.55 10.5 10.6 0.9811093279
10.65 10.6 10.7 0.9434401478
10.75 10.7 10.8 1.016556698
10.85 10.8 10.9 0.9166198025
10.95 10.9 11 0.9452463651
11.05 11 11.1 0.9134683308
11.15 11.1 11.2 0.9472010091
11.25 11.2 11.3 0.8817267569
11.35 11.3 11.4 0.9006652882
11.45 11.4 11.5 0.8681279272
11.55 11.5 11.6 0.885125272
11.65 11.6 11.7 0.8727992141
11.75 11.7 11.8 0.8340109701
11.85 11.8 11.9 0.7817748735
11.95 11.9 12 0.8545605714
12.05 12 12.1 0.8096994621
12.15 12.1 12.2 0.7897899473
12.25 12.2 12.3 0.7660062873
12.35 12.3 12.4 0.767924699
12.45 12.4 12.5 0.7489200908
12.55 12.5 12.6 0.7662957356
12.65 12.6 12.7 0.7255326648
12.75 12.7 12.8 0.6861465636
12.85 12.8 12.9 0.714693047
12.95 12.9 13 0.6931126498
13.05 13 13.1 0.640182383
13.15 13.1 13.2 0.6763616902
13.25 13.2 13.3 0.6623513082
13.35 13.3 13.4 0.6452714835
13.45 13.4 13.5 0.6796194851
13.55 13.5 13.6 0.6495372251
13.65 13.6 13.7 0.665438404
13.75 13.7 13.8 0.6171100063
13.85 13.8 13.9 0.5962596745
13.95 13.9 14 0.6280447767
14.05 14 14.1 0.6120319346
14.15 14.1 14.2 0.5758254581
14.25 14.2 14.3 0.5783980671
14.35 14.3 14.4 0.5365586234
14.45 14.4 14.5 0.5510717449
14.55 14.5 14.6 0.5452530452
14.65 14.6 14.7 0.5185634085
14.75 14.7 14.8 0.5956708484
14.85 14.8 14.9 0.517718829
14.95 14.9 15 0.5517090413
15.05 15 15.1 0.5000444453
15.15 15.1 15.2 0.4977148802
15.25 15.2 15.3 0.5156871079
15.35 15.3 15.4 0.4965116709
15.45 15.4 15.5 0.5086676007
15.55 15.5 15.6 0.5032989017
15.65 15.6 15.7 0.4722689994
15.75 15.7 15.8 0.4584871476
15.85 15.8 15.9 0.479958696
15.95 15.9 16 0.4657440505
16.05 16 16.1 0.4569359663
16.15 16.1 16.2 0.478239126
16.25 16.2 16.3 0.4731956792
16.35 16.3 16.4 0.4657770506
16.45 16.4 16.5 0.4206944113
16.55 16.5 16.6 0.4319854248
16.65 16.6 16.7 0.4348541798
16.75 16.7 16.8 0.4208726049
16.85 16.8 16.9 0.4257346442
16.95 16.9 17 0.4297558785
17.05 17 17.1 0.4139096727
17.15 17.1 17.2 0.3949666019
17.25 17.2 17.3 0.3871384326
17.35 17.3 17.4 0.3978594044
17.45 17.4 17.5 0.379200187
17.55 17.5 17.6 0.3897193674
17.65 17.6 17.7 0.3490652515
17.75 17.7 17.8 0.3618697849
17.85 17.8 17.9 0.3801957549
17.95 17.9 18 0.3632960192
18.05 18 18.1 0.3750371004
18.15 18.1 18.2 0.3605386649
18.25 18.2 18.3 0.3322454607
18.35 18.3 18.4 0.3550146636
18.45 18.4 18.5 0.336228528
18.55 18.5 18.6 0.3461758389
18.65 18.6 18.7 0.3246296936
18.75 18.7 18.8 0.3406859002
18.85 18.8 18.9 0.3515557937
18.95 18.9 19 0.3240810125
19.05 19 19.1 0.3220276657
19.15 19.1 19.2 0.3162509235
19.25 19.2 19.3 0.3182459061
19.35 19.3 19.4 0.3209469401
19.45 19.4 19.5 0.316043325
19.55 19.5 19.6 0.3004284713
19.65 19.6 19.7 0.3098954162
19.75 19.7 19.8 0.3001752161
19.85 19.8 19.9 0.2970671758
19.95 19.9 20 0.3035238985
20.05 20 20.1 0.2949583335
20.15 20.1 20.2 0.3046456207
20.25 20.2 20.3 0.2932807456
20.35 20.3 20.4 0.2805444061
20.45 20.4 20.5 0.2839079107
20.55 20.5 20.6 0.274158002
20.65 20.6 20.7 0.2738472898
20.75 20.7 20.8 0.2639502359
20.85 20.8 20.9 0.2708410849
20.95 20.9 21 0.2648426352
21.05 21 21.1 0.2640019186
21.15 21.1 21.2 0.2543194034
21.25 21.2 21.3 0.268538904
21.35 21.3 21.4 0.2612152266
21.45 21.4 21.5 0.2504299163
21.55 21.5 21.6 0.2510426183
21.65 21.6 21.7 0.2446973278
21.75 21.7 21.8 0.2501776705
21.85 21.8 21.9 0.2451980637
21.95 21.9 22 0.2437583301
22.05 22 22.1 0.2468328567
22.15 22.1 22.2 0.2187704426
22.25 22.2 22.3 0.2593227081
22.35 22.3 22.4 0.217534822
22.45 22.4 22.5 0.2168765948
22.55 22.5 22.6 0.2314422599
22.65 22.6 22.7 0.2184493514
22.75 22.7 22.8 0.2398188836
22.85 22.8 22.9 0.2162395272
22.95 22.9 23 0.2293179321
23.05 23 23.1 0.2327653251
23.15 23.1 23.2 0.2116150562
23.25 23.2 23.3 0.2228227513
23.35 23.3 23.4 0.2082945593
23.45 23.4 23.5 0.2136513058
23.55 23.5 23.6 0.2093113131
23.65 23.6 23.7 0.2135174776
23.75 23.7 23.8 0.1994378644
23.85 23.8 23.9 0.2136449469
23.95 23.9 24 0.2055267149
24.05 24 24.1 0.2148003917
24.15 24.1 24.2 0.1905302625
24.25 24.2 24.3 0.1858926343
24.35 24.3 24.4 0.2041865017
24.45 24.4 24.5 0.1987315929
24.55 24.5 24.6 0.191982506
24.65 24.6 24.7 0.194875164
24.75 24.7 24.8 0.1720454332
24.85 24.8 24.9 0.1864409581
24.95 24.9 25 0.1909438488
25.05 25 25.1 0.1610753267
25.15 25.1 25.2 0.1789062416
25.25 25.2 25.3 0.1769857141
25.35 25.3 25.4 0.1840985983
25.45 25.4 25.5 0.1819218072
25.55 25.5 25.6 0.164648684
25.65 25.6 25.7 0.1733007277
25.75 25.7 25.8 0.1714704598
25.85 25.8 25.9 0.1739141749
25.95 25.9 26 0.1744673577
26.05 26 26.1 0.1787328306
26.15 26.1 26.2 0.1618095363
26.25 26.2 26.3 0.1634585414
26.35 26.3 26.4 0.1575155258
26.45 26.4 26.5 0.1661875087
26.55 26.5 26.6 0.1548777017
26.65 26.6 26.7 0.1600732006
26.75 26.7 26.8 0.1676631254
26.85 26.8 26.9 0.1575137722
26.95 26.9 27 0.1674765252
27.05 27 27.1 0.1480936708
27.15 27.1 27.2 0.1519621024
27.25 27.2 27.3 0.1469442899
27.35 27.3 27.4 0.1481744865
27.45 27.4 27.5 0.1454511912
27.55 27.5 27.6 0.1424472581
27.65 27.6 27.7 0.1358262288
27.75 27.7 27.8 0.1343068142
27.85 27.8 27.9 0.143815379
27.95 27.9 28 0.14497291
28.05 28 28.1 0.1341492693
28.15 28.1 28.2 0.1322929643
28.25 28.2 28.3 0.1428103386
28.35 28.3 28.4 0.1288861976
28.45 28.4 28.5 0.1503845672
28.55 28.5 28.6 0.1343833072
28.65 28.6 28.7 0.123872265
28.75 28.7 28.8 0.1416829438
28.85 28.8 28.9 0.1502383426
28.95 28.9 29 0.1289529494
29.05 29 29.1 0.1510579958
29.15 29.1 29.2 0.136491189
29.25 29.2 29.3 0.1314415899
29.35 29.3 29.4 0.1316541702
29.45 29.4 29.5 0.1163732756
29.55 29.5 29.6 0.13583812
29.65 29.6 29.7 0.1110429398
29.75 29.7 29.8 0.1227981038
29.85 29.8 29.9 0.1373308106
29.95 29.9 30 0.1278194769
30.05 30 30.1 0.1250370524
30.15 30.1 30.2 0.1155959996
30.25 30.2 30.3 0.1222200777
30.35 30.3 30.4 0.1321211211
30.45 30.4 30.5 0.1178435277
30.55 30.5 30.6 0.1147346373
30.65 30.6 30.7 0.1138324507
30.75 30.7 30.8 0.1108460289
30.85 30.8 30.9 0.118801066
30.95 30.9 31 0.1205828087
31.05 31 31.1 0.1129907325
31.15 31.1 31.2 0.117544055
31.25 31.2 31.3 0.117937815
31.35 31.3 31.4 0.1144994033
31.45 31.4 31.5 0.1062461201
31.55 31.5 31.6 0.1160655136
31.65 31.6 31.7 0.1078874555
31.75 31.7 31.8 0.1074329138
31.85 31.8 31.9 0.1019464464
31.95 31.9 32 0.104050251
32.05 32 32.1 0.1166719075
32.15 32.1 32.2 0.09646095199
32.25 32.2 32.3 0.1077092534
32.35 32.3 32.4 0.1008184919
32.45 32.4 32.5 0.1063140804
32.55 32.5 32.6 0.117854328
32.65 32.6 32.7 0.0934946062
32.75 32.7 32.8 0.1063826656
32.85 32.8 32.9 0.1068779035
32.95 32.9 33 0.08303067643
33.05 33 33.1 0.09764950181
33.15 33.1 33.2 0.1093366623
33.25 33.2 33.3 0.09760787372
33.35 33.3 33.4 0.1021754799
33.45 33.4 33.5 0.08620468445
33.55 33.5 33.6 0.09414579093
33.65 33.6 33.7 0.09677186392
33.75 33.7 33.8 0.0951053449
33.85 33.8 33.9 0.08548467766
33.95 33.9 34 0.09198016148
34.05 34 34.1 0.08959332622
34.15 34.1 34.2 0.1031098626
34.25 34.2 34.3 0.09285564454
34.35 34.3 34.4 0.07522566974
34.45 34.4 34.5 0.0888209603
34.55 34.5 34.6 0.08754982648
34.65 34.6 34.7 0.08691011851
34.75 34.7 34.8 0.08599042631
34.85 34.8 34.9 0.09385390646
34.95 34.9 35 0.08236214053
35.05 35 35.1 0.08858941417
35.15 35.1 35.2 0.08741511798
35.25 35.2 35.3 0.09107054965
35.35 35.3 35.4 0.08856623533
35.45 35.4 35.5 0.08484118125
35.55 35.5 35.6 0.0869728823
35.65 35.6 35.7 0.07646662424
35.75 35.7 35.8 0.08505286582
35.85 35.8 35.9 0.0889704552
35.95 35.9 36 0.06419460518
36.05 36 36.1 0.07395073611
36.15 36.1 36.2 0.0717452367
36.25 36.2 36.3 0.07738737674
36.35 36.3 36.4 0.07521497673
36.45 36.4 36.5 0.06270757641
36.55 36.5 36.6 0.06752063366
36.65 36.6 36.7 0.07233363185
36.75 36.7 36.8 0.07103328133
36.85 36.8 36.9 0.06627953119
36.95 36.9 37 0.07008283237
37.05 37 37.1 0.0697612729
37.15 37.1 37.2 0.07721834404
37.25 37.2 37.3 0.07307350725
37.35 37.3 37.4 0.06559330509
37.45 37.4 37.5 0.06701688826
37.55 37.5 37.6 0.06675052168
37.65 37.6 37.7 0.08028708671
37.75 37.7 37.8 0.0663385882
37.85 37.8 37.9 0.06702612203
37.95 37.9 38 0.05526502462
38.05 38 38.1 0.07530056349
38.15 38.1 38.2 0.0761474687
38.25 38.2 38.3 0.05822576299
38.35 38.3 38.4 0.08167083563
38.45 38.4 38.5 0.0756381039
38.55 38.5 38.6 0.06085218711
38.65 38.6 38.7 0.07488704586
38.75 38.7 38.8 0.06192342634
38.85 38.8 38.9 0.06871883687
38.95 38.9 39 0.06668540384
39.05 39 39.1 0.06952552959
39.15 39.1 39.2 0.06992196354
39.25 39.2 39.3 0.06209533073
39.35 39.3 39.4 0.06314999264
39.45 39.4 39.5 0.05645604923
39.55 39.5 39.6 0.05558471983
39.65 39.6 39.7 0.0634476544
39.75 39.7 39.8 0.06027550214
39.85 39.8 39.9 0.04942664636
39.95 39.9 40 0.06085878637
40.05 40 40.1 0.06744023932
40.15 40.1 40.2 0.06763775359
40.25 40.2 40.3 0.06064417237
40.35 40.3 40.4 0.05241054677
40.45 40.4 40.5 0.05875087376
40.55 40.5 40.6 0.05840160969
40.65 40.6 40.7 0.05668508781
40.75 40.7 40.8 0.05564000043
40.85 40.8 40.9 0.05278999603
40.95 40.9 41 0.04420630842
41.05 41 41.1 0.05750494206
41.15 41.1 41.2 0.05639630282
41.25 41.2 41.3 0.05145363868
41.35 41.3 41.4 0.04950213346
41.45 41.4 41.5 0.04450611638
41.55 41.5 41.6 0.04779425961
41.65 41.6 41.7 0.04751654941
41.75 41.7 41.8 0.06040694485
41.85 41.8 41.9 0.04212998741
41.95 41.9 42 0.04631941591
42.05 42 42.1 0.05661479039
42.15 42.1 42.2 0.05005705381
42.25 42.2 42.3 0.04761411659
42.35 42.3 42.4 0.0556112574
42.45 42.4 42.5 0.04483879816
42.55 42.5 42.6 0.03581356231
42.65 42.6 42.7 0.04782282582
42.75 42.7 42.8 0.04639082135
42.85 42.8 42.9 0.04954157667
42.95 42.9 43 0.04429162801
43.05 43 43.1 0.05382873741
43.15 43.1 43.2 0.04545839343
43.25 43.2 43.3 0.04627560555
43.35 43.3 43.4 0.04682208844
43.45 43.4 43.5 0.03925695597
43.55 43.5 43.6 0.05208084805
43.65 43.6 43.7 0.03684138834
43.75 43.7 43.8 0.04532290418
43.85 43.8 43.9 0.0423682111
43.95 43.9 44 0.0444117261
44.05 44 44.1 0.05401670134
44.15 44.1 44.2 0.05112846135
44.25 44.2 44.3 0.03958279768
44.35 44.3 44.4 0.04650233278
44.45 44.4 44.5 0.0490553012
44.55 44.5 44.6 0.04009490078
44.65 44.6 44.7 0.05225827912
44.75 44.7 44.8 0.04036697404
44.85 44.8 44.9 0.04559629552
44.95 44.9 45 0.04758239636
45.05 45 45.1 0.04049310674
45.15 45.1 45.2 0.03304388322
45.25 45.2 45.3 0.04310480806
45.35 45.3 45.4 0.04041414685
45.45 45.4 45.5 0.04645564553
45.55 45.5 45.6 0.03193655198
45.65 45.6 45.7 0.03458437569
45.75 45.7 45.8 0.03553849901
45.85 45.8 45.9 0.04700337397
45.95 45.9 46 0.04772424039
46.05 46 46.1 0.04777750726
46.15 46.1 46.2 0.03169288343
46.25 46.2 46.3 0.03463649479
46.35 46.3 46.4 0.04114525971
46.45 46.4 46.5 0.03385056825
46.55 46.5 46.6 0.0365635766
46.65 46.6 46.7 0.03711473891
46.75 46.7 46.8 0.03980472515
46.85 46.8 46.9 0.03605660446
46.95 46.9 47 0.03340735115
47.05 47 47.1 0.0247578008
47.15 47.1 47.2 0.04748826249
47.25 47.2 47.3 0.03213836606
47.35 47.3 47.4 0.0323340474
47.45 47.4 47.5 0.03455521545
47.55 47.5 47.6 0.03236079929
47.65 47.6 47.7 0.03414077918
47.75 47.7 47.8 0.03776831438
47.85 47.8 47.9 0.036728369
47.95 47.9 48 0.03558732133
48.05 48 48.1 0.01825353134
48.15 48.1 48.2 0.03899640217
48.25 48.2 48.3 0.03133547281
48.35 48.3 48.4 0.03042007742
48.45 48.4 48.5 0.0391292466
48.55 48.5 48.6 0.0302869646
48.65 48.6 48.7 0.03783199467
48.75 48.7 48.8 0.02842038325
48.85 48.8 48.9 0.02863936165
48.95 48.9 49 0.02635180984
49.05 49 49.1 0.02713244719
49.15 49.1 49.2 0.02733775267
49.25 49.2 49.3 0.03387814689
49.35 49.3 49.4 0.02957837518
49.45 49.4 49.5 0.03026622492
49.55 49.5 49.6 0.02587408955
49.65 49.6 49.7 0.0289746529
49.75 49.7 49.8 0.03441453297
49.85 49.8 49.9 0.03725271073
49.95 49.9 50 0.03508111939
50.05 50 50.1 0.02476387098
50.15 50.1 50.2 0.03062665341
50.25 50.2 50.3 0.03337741783
50.35 50.3 50.4 0.02879426921
50.45 50.4 50.5 0.02394236517
50.55 50.5 50.6 0.0253748639
50.65 50.6 50.7 0.02963415492
50.75 50.7 50.8 0.02768721734
50.85 50.8 50.9 0.01838485982
50.95 50.9 51 0.02214517517
51.05 51 51.1 0.02795754918
51.15 51.1 51.2 0.02203694394
51.25 51.2 51.3 0.02104549802
51.35 51.3 51.4 0.03324692693
51.45 51.4 51.5 0.02582007618
51.55 51.5 51.6 0.03406702288
51.65 51.6 51.7 0.02298905973
51.75 51.7 51.8 0.02875746174
51.85 51.8 51.9 0.02729198804
51.95 51.9 52 0.02860748397
52.05 52 52.1 0.02942635092
52.15 52.1 52.2 0.03033055386
52.25 52.2 52.3 0.01997087135
52.35 52.3 52.4 0.02622247619
52.45 52.4 52.5 0.0329498705
52.55 52.5 52.6 0.02919699161
52.65 52.6 52.7 0.02351622942
52.75 52.7 52.8 0.01555512504
52.85 52.8 52.9 0.03059415264
52.95 52.9 53 0.02470952863
53.05 53 53.1 0.02717586672
53.15 53.1 53.2 0.0259553843
53.25 53.2 53.3 0.02091590948
53.35 53.3 53.4 0.0226624555
53.45 53.4 53.5 0.02126513583
53.55 53.5 53.6 0.02684754744
53.65 53.6 53.7 0.01981125624
53.75 53.7 53.8 0.02543896838
53.85 53.8 53.9 0.01659739885
53.95 53.9 54 0.02306965394
54.05 54 54.1 0.0163316069
54.15 54.1 54.2 0.02185138089
54.25 54.2 54.3 0.02025346186
54.35 54.3 54.4 0.0228550679
54.45 54.4 54.5 0.01725366401
54.55 54.5 54.6 0.02464206088
54.65 54.6 54.7 0.0171283988
54.75 54.7 54.8 0.02282087903
54.85 54.8 54.9 0.01536117159
54.95 54.9 55 0.02020526555
55.05 55 55.1 0.02118775845
55.15 55.1 55.2 0.02166087765
55.25 55.2 55.3 0.02763387688
55.35 55.3 55.4 0.01986536889
55.45 55.4 55.5 0.02441302527
55.55 55.5 55.6 0.01441956121
55.65 55.6 55.7 0.02586444924
55.75 55.7 55.8 0.01673472726
55.85 55.8 55.9 0.02757058118
55.95 55.9 56 0.02062886678
56.05 56 56.1 0.02027473533
56.15 56.1 56.2 0.02059546444
56.25 56.2 56.3 0.0200128229
56.35 56.3 56.4 0.01611638505
56.45 56.4 56.5 0.0149579221
56.55 56.5 56.6 0.01461566237
56.65 56.6 56.7 0.01888306082
56.75 56.7 56.8 0.0171327676
56.85 56.8 56.9 0.01900413632
56.95 56.9 57 0.0233726872
57.05 57 57.1 0.01862371417
57.15 57.1 57.2 0.02337136156
57.25 57.2 57.3 0.01915145934
57.35 57.3 57.4 0.01988440698
57.45 57.4 57.5 0.01945545864
57.55 57.5 57.6 0.02039731749
57.65 57.6 57.7 0.01155910797
57.75 57.7 57.8 0.01647678695
57.85 57.8 57.9 0.01581370709
57.95 57.9 58 0.02099868906
58.05 58 58.1 0.01740026364
58.15 58.1 58.2 0.01965850031
58.25 58.2 58.3 0.01101979685
58.35 58.3 58.4 0.0154344029
58.45 58.4 58.5 0.01380388189
58.55 58.5 58.6 0.0158342836
58.65 58.6 58.7 0.01528524298
58.75 58.7 58.8 0.02273810043
58.85 58.8 58.9 0.02251587743
58.95 58.9 59 0.0199436713
59.05 59 59.1 0.0195017749
59.15 59.1 59.2 0.02242827675
59.25 59.2 59.3 0.01694989874
59.35 59.3 59.4 0.01203528345
59.45 59.4 59.5 0.01446839199
59.55 59.5 59.6 0.01626707171
59.65 59.6 59.7 0.02131507118
59.75 59.7 59.8 0.009800009919
59.85 59.8 59.9 0.009047285961
59.95 59.9 60 0.01592491906
60.05 60 60.1 0.018471455
60.15 60.1 60.2 0.01625370113
60.25 60.2 60.3 0.01690080529
60.35 60.3 60.4 0.01384973229
60.45 60.4 60.5 0.01976308779
60.55 60.5 60.6 0.01307080778
60.65 60.6 60.7 0.01718166316
60.75 60.7 60.8 0.01637088502
60.85 60.8 60.9 0.01657484725
60.95 60.9 61 0.007617228801
61.05 61 61.1 0.01760171142
61.15 61.1 61.2 0.01555814684
61.25 61.2 61.3 0.01148468169
61.35 61.3 61.4 0.01300676296
61.45 61.4 61.5 0.0151877075
61.55 61.5 61.6 0.01485742109
61.65 61.6 61.7 0.01876014651
61.75 61.7 61.8 0.01521998636
61.85 61.8 61.9 0.02162670757
61.95 61.9 62 0.02058753472
62.05 62 62.1 0.01734342681
62.15 62.1 62.2 0.0140760987
62.25 62.2 62.3 0.02014947604
62.35 62.3 62.4 0.01447736199
62.45 62.4 62.5 0.01261604155
62.55 62.5 62.6 0.01669607431
62.65 62.6 62.7 0.01494050458
62.75 62.7 62.8 0.00953692236
62.85 62.8 62.9 0.01234823141
62.95 62.9 63 0.01383119168
63.05 63 63.1 0.01420946199
63.15 63.1 63.2 0.01238649253
63.25 63.2 63.3 0.01272556521
63.35 63.3 63.4 0.02061531288
63.45 63.4 63.5 0.01165711893
63.55 63.5 63.6 0.009928584656
63.65 63.6 63.7 0.01166165644
63.75 63.7 63.8 0.01278232595
63.85 63.8 63.9 0.01357225159
63.95 63.9 64 0.009038653607
64.05 64 64.1 0.01263017347
64.15 64.1 64.2 0.01769964576
64.25 64.2 64.3 0.01252736403
64.35 64.3 64.4 0.01558844008
64.45 64.4 64.5 0.01306453598
64.55 64.5 64.6 0.0111941823
64.65 64.6 64.7 0.01153914076
64.75 64.7 64.8 0.01440256877
64.85 64.8 64.9 0.008476714105
64.95 64.9 65 0.01303967314
65.05 65 65.1 0.007170214082
65.15 65.1 65.2 0.01511264259
65.25 65.2 65.3 0.01562996016
65.35 65.3 65.4 0.01208493027
65.45 65.4 65.5 0.01227378091
65.55 65.5 65.6 0.01525684877
65.65 65.6 65.7 0.0107945591
65.75 65.7 65.8 0.01564982785
65.85 65.8 65.9 0.01076708725
65.95 65.9 66 0.01130260892
66.05 66 66.1 0.01285720359
66.15 66.1 66.2 0.0140662916
66.25 66.2 66.3 0.007133347478
66.35 66.3 66.4 0.0079733625
66.45 66.4 66.5 0.01608957522
66.55 66.5 66.6 0.002546143765
66.65 66.6 66.7 0.01193705925
66.75 66.7 66.8 0.01290308602
66.85 66.8 66.9 0.006298786978
66.95 66.9 67 0.008387608142
67.05 67 67.1 0.01376538215
67.15 67.1 67.2 0.006949650835
67.25 67.2 67.3 0.01471795912
67.35 67.3 67.4 0.0107870084
67.45 67.4 67.5 0.01009837014
67.55 67.5 67.6 0.0123333098
67.65 67.6 67.7 0.01676141501
67.75 67.7 67.8 0.008290977915
67.85 67.8 67.9 0.007264811097
67.95 67.9 68 0.007586137221
68.05 68 68.1 0.01865732445
68.15 68.1 68.2 0.0116987473
68.25 68.2 68.3 0.01753334954
68.35 68.3 68.4 0.007085224207
68.45 68.4 68.5 0.01075916066
68.55 68.5 68.6 0.008740534478
68.65 68.6 68.7 0.006810470744
68.75 68.7 68.8 0.01403939133
68.85 68.8 68.9 0.01024645513
68.95 68.9 69 0.01055160182
69.05 69 69.1 0.009273310847
69.15 69.1 69.2 0.01377813189
69.25 69.2 69.3 0.01002699678
69.35 69.3 69.4 0.008673348
69.45 69.4 69.5 0.01006022476
69.55 69.5 69.6 0.01221006597
69.65 69.6 69.7 0.01512950993
69.75 69.7 69.8 0.01267726456
69.85 69.8 69.9 0.01175104062
69.95 69.9 70 0.008762738849
70.05 70 70.1 0.01336079063
70.15 70.1 70.2 0.007968594179
70.25 70.2 70.3 0.01190745254
70.35 70.3 70.4 0.01113005245
70.45 70.4 70.5 0.01058134613
70.55 70.5 70.6 0.008153163403
70.65 70.6 70.7 0.008315572173
70.75 70.7 70.8 0.01080595995
70.85 70.8 70.9 0.009029876278
70.95 70.9 71 0.008386431226
71.05 71 71.1 0.01280320503
71.15 71.1 71.2 0.0112652772
71.25 71.2 71.3 0.01182173075
71.35 71.3 71.4 0.007325854409
71.45 71.4 71.5 0.0112378652
71.55 71.5 71.6 0.01131840475
71.65 71.6 71.7 0.01302387194
71.75 71.7 71.8 0.008011547328
71.85 71.8 71.9 0.01069035789
71.95 71.9 72 0.00682148245
72.05 72 72.1 0.01364450178
72.15 72.1 72.2 0.01020040054
72.25 72.2 72.3 0.01247605279
72.35 72.3 72.4 0.01085466796
72.45 72.4 72.5 0.008262963881
72.55 72.5 72.6 0.005625329585
72.65 72.6 72.7 0.01377058086
72.75 72.7 72.8 0.01516290497
72.85 72.8 72.9 0.01097048348
72.95 72.9 73 0.005312944271
73.05 73 73.1 0.01116485838
73.15 73.1 73.2 0.009546035306
73.25 73.2 73.3 0.01413653884
73.35 73.3 73.4 0.01217253829
73.45 73.4 73.5 0.0114794861
73.55 73.5 73.6 0.01284990124
73.65 73.6 73.7 0.01078256192
73.75 73.7 73.8 0.005881575862
73.85 73.8 73.9 0.01116071047
73.95 73.9 74 0.008701872157
74.05 74 74.1 0.009152085445
74.15 74.1 74.2 0.007660882266
74.25 74.2 74.3 0.01049505027
74.35 74.3 74.4 0.0048016468
74.45 74.4 74.5 0.01426731894
74.55 74.5 74.6 0.01146954757
74.65 74.6 74.7 0.007774847868
74.75 74.7 74.8 0.006400639258
74.85 74.8 74.9 0.009391067891
74.95 74.9 75 0.007031714693
75.05 75 75.1 0.01296698138
75.15 75.1 75.2 0.01278695465
75.25 75.2 75.3 0.01044725577
75.35 75.3 75.4 0.01111247828
75.45 75.4 75.5 0.00917997862
75.55 75.5 75.6 0.004460425226
75.65 75.6 75.7 0.005036735668
75.75 75.7 75.8 0.01299579172
75.85 75.8 75.9 0.01091976875
75.95 75.9 76 0.006095840132
76.05 76 76.1 0.006730216125
76.15 76.1 76.2 0.007996840193
76.25 76.2 76.3 0.009488894079
76.35 76.3 76.4 0.007898683533
76.45 76.4 76.5 0.01271876012
76.55 76.5 76.6 0.007147077374
76.65 76.6 76.7 0.007786327744
76.75 76.7 76.8 0.003342802904
76.85 76.8 76.9 0.002786099756
76.95 76.9 77 0.007802543188
77.05 77 77.1 0.01021233958
77.15 77.1 77.2 0.007542452036
77.25 77.2 77.3 0.008571185699
77.35 77.3 77.4 0.0107176843
77.45 77.4 77.5 0.01024857964
77.55 77.5 77.6 0.01283956554
77.65 77.6 77.7 0.006361750071
77.75 77.7 77.8 0.007147083936
77.85 77.8 77.9 0.007563247881
77.95 77.9 78 0.01125743013
78.05 78 78.1 0.01058273084
78.15 78.1 78.2 0.005199284714
78.25 78.2 78.3 0.006065827589
78.35 78.3 78.4 0.01249434338
78.45 78.4 78.5 0.002924327523
78.55 78.5 78.6 0.005583745296
78.65 78.6 78.7 0.005227097934
78.75 78.7 78.8 0.002866922241
78.85 78.8 78.9 0.00872419537
78.95 78.9 79 0.007031772487
79.05 79 79.1 0.004312987613
79.15 79.1 79.2 0.002672625569
79.25 79.2 79.3 0.01228874336
79.35 79.3 79.4 0.002894914949
79.45 79.4 79.5 0.0009580569724
79.55 79.5 79.6 0.01014374021
79.65 79.6 79.7 0.004613609455
79.75 79.7 79.8 0.006821486496
79.85 79.8 79.9 0.003983119205
79.95 79.9 80 0.008029863773
80.05 80 80.1 0.005564863533
80.15 80.1 80.2 0.01003287389
80.25 80.2 80.3 0.006196593719
80.35 80.3 80.4 0.01082691597
80.45 80.4 80.5 0.008195407585
80.55 80.5 80.6 0.006469217647
80.65 80.6 80.7 0.005153258115
80.75 80.7 80.8 0.004861663983
80.85 80.8 80.9 0.005508844199
80.95 80.9 81 0.002168805427
81.05 81 81.1 0.007776179717
81.15 81.1 81.2 0.007125632894
81.25 81.2 81.3 0.003427054773
81.35 81.3 81.4 0.00469951005
81.45 81.4 81.5 0.01032140665
81.55 81.5 81.6 0.005565392675
81.65 81.6 81.7 0.009548536072
81.75 81.7 81.8 0.0115411197
81.85 81.8 81.9 0.0035874757
81.95 81.9 82 0.004356489606
82.05 82 82.1 0.008632794774
82.15 82.1 82.2 0.003234061601
82.25 82.2 82.3 0.003761165399
82.35 82.3 82.4 0.009163877339
82.45 82.4 82.5 0.001760469038
82.55 82.5 82.6 0.007176152838
82.65 82.6 82.7 0.0009828505584
82.75 82.7 82.8 0.01046375731
82.85 82.8 82.9 0.008687244927
82.95 82.9 83 0.003207138375
83.05 83 83.1 0.008842343914
83.15 83.1 83.2 0.01028810637
83.25 83.2 83.3 0.00734195951
83.35 83.3 83.4 0.006515543088
83.45 83.4 83.5 0.003160058399
83.55 83.5 83.6 0.00298844518
83.65 83.6 83.7 0.00281282058
83.75 83.7 83.8 0.002732918625
83.85 83.8 83.9 0.009250383389
83.95 83.9 84 0.008058859413
84.05 84 84.1 0.002977045656
84.15 84.1 84.2 0.008118658945
84.25 84.2 84.3 0.003182583318
84.35 84.3 84.4 0.009592295477
84.45 84.4 84.5 0.007864211695
84.55 84.5 84.6 0.002259558399
84.65 84.6 84.7 0.001120134304
84.75 84.7 84.8 0.008827893812
84.85 84.8 84.9 0.004996554702
84.95 84.9 85 0.01096034009
85.05 85 85.1 0.006691594509
85.15 85.1 85.2 0.008101689276
85.25 85.2 85.3 0.01166781306
85.35 85.3 85.4 0.005890628457
85.45 85.4 85.5 0.008127996116
85.55 85.5 85.6 0.002870573843
85.65 85.6 85.7 0.00665787245
85.75 85.7 85.8 0.006282426015
85.85 85.8 85.9 0.007986381823
85.95 85.9 86 0.01241837342
86.05 86 86.1 0.006869502428
86.15 86.1 86.2 0.006279766324
86.25 86.2 86.3 0.01107186602
86.35 86.3 86.4 0.008535583554
86.45 86.4 86.5 0.007177767912
86.55 86.5 86.6 0.004478425575
86.65 86.6 86.7 0.006624487495
86.75 86.7 86.8 -0.0006110968069
86.85 86.8 86.9 0.003758226426
86.95 86.9 87 0.006734208843
87.05 87 87.1 0.009044895166
87.15 87.1 87.2 0.005108983167
87.25 87.2 87.3 0.01120957801
87.35 87.3 87.4 0.003184956825
87.45 87.4 87.5 0.009365030676
87.55 87.5 87.6 0.004640921153
87.65 87.6 87.7 0.008614860559
87.75 87.7 87.8 0.009737691375
87.85 87.8 87.9 0.005885473679
87.95 87.9 88 0.007135378846
88.05 88 88.1 0.005679107975
88.15 88.1 88.2 0.005862516631
88.25 88.2 88.3 0.00610757977
88.35 88.3 88.4 0.010842393
88.45 88.4 88.5 0.003006527763
88.55 88.5 88.6 0.006192099111
88.65 88.6 88.7 0.0103821834
88.75 88.7 88.8 0.00534280669
88.85 88.8 88.9 0.01016528386
88.95 88.9 89 0.004384858031
89.05 89 89.1 0.009485048789
89.15 89.1 89.2 0.004946117568
89.25 89.2 89.3 0.007913050144
89.35 89.3 89.4 0.007116949708
89.45 89.4 89.5 0.008451916938
89.55 89.5 89.6 0.007922631006
89.65 89.6 89.7 0.007584579076
89.75 89.7 89.8 0.007528608564
89.85 89.8 89.9 0.00341981154
89.95 89.9 90 0.002532010305
90.05 90 90.1 0.004242863721
90.15 90.1 90.2 0.007434585932
90.25 90.2 90.3 0.009962734231
90.35 90.3 90.4 0.003589713951
90.45 90.4 90.5 0.006429526044
90.55 90.5 90.6 0.003489069243
90.65 90.6 90.7 0.004871322795
90.75 90.7 90.8 0.002811763073
90.85 90.8 90.9 0.001710054627
90.95 90.9 91 0.00852211442
91.05 91 91.1 0.004275080986
91.15 91.1 91.2 0.002585101165
91.25 91.2 91.3 0.004827669461
91.35 91.3 91.4 0.005810112434
91.45 91.4 91.5 0.003945114482
91.55 91.5 91.6 0.004613958614
91.65 91.6 91.7 0.005016094376
91.75 91.7 91.8 0.006976054906
91.85 91.8 91.9 0.003940554613
91.95 91.9 92 0.007552590709
92.05 92 92.1 0.001299397436
92.15 92.1 92.2 0.004034427119
92.25 92.2 92.3 0.006585897268
92.35 92.3 92.4 0.007690239812
92.45 92.4 92.5 0.002871965852
92.55 92.5 92.6 0.004565945497
92.65 92.6 92.7 0.006670393556
92.75 92.7 92.8 0.004887350654
92.85 92.8 92.9 0.00409650864
92.95 92.9 93 0.007643923945
93.05 93 93.1 0.00475964413
93.15 93.1 93.2 0.005113360464
93.25 93.2 93.3 0.009142723796
93.35 93.3 93.4 0.006935768335
93.45 93.4 93.5 0.006670076544
93.55 93.5 93.6 0.007294928436
93.65 93.6 93.7 0.002631041384
93.75 93.7 93.8 0.006474224372
93.85 93.8 93.9 0.003299130711
93.95 93.9 94 0.002992982729
94.05 94 94.1 0.008502859702
94.15 94.1 94.2 0.004454925862
94.25 94.2 94.3 0.007667828956
94.35 94.3 94.4 0.004719773962
94.45 94.4 94.5 0.00295105082
94.55 94.5 94.6 0.005244291284
94.65 94.6 94.7 0.00854175008
94.75 94.7 94.8 0.008021079812
94.85 94.8 94.9 0.007937948552
94.95 94.9 95 0.006730904922
95.05 95 95.1 0.006323712135
95.15 95.1 95.2 0.006488990695
95.25 95.2 95.3 0.006369242429
95.35 95.3 95.4 0.008276185146
95.45 95.4 95.5 0.008064380352
95.55 95.5 95.6 0.00491178259
95.65 95.6 95.7 0.009042786611
95.75 95.7 95.8 0.008397837204
95.85 95.8 95.9 0.005982697497
95.95 95.9 96 0.006861320833
96.05 96 96.1 0.008913115329
96.15 96.1 96.2 0.007722588641
96.25 96.2 96.3 0.007884785911
96.35 96.3 96.4 0.002852335388
96.45 96.4 96.5 0.009655707674
96.55 96.5 96.6 0.004746986231
96.65 96.6 96.7 0.00292534192
96.75 96.7 96.8 0.006674412049
96.85 96.8 96.9 0.006080493568
96.95 96.9 97 0.006498940872
97.05 97 97.1 0.005599186165
97.15 97.1 97.2 0.008933858816
97.25 97.2 97.3 0.007590716601
97.35 97.3 97.4 0.005416572706
97.45 97.4 97.5 0.005462939521
97.55 97.5 97.6 0.007744594262
97.65 97.6 97.7 0.008591334195
97.75 97.7 97.8 0.01003081157
97.85 97.8 97.9 0.007929655552
97.95 97.9 98 0.007551425743
98.05 98 98.1 0.004051627478
98.15 98.1 98.2 0.00341290699
98.25 98.2 98.3 0.006119347472
98.35 98.3 98.4 0.004954553025
98.45 98.4 98.5 0.006852295949
98.55 98.5 98.6 0.00527386908
98.65 98.6 98.7 0.001895714406
98.75 98.7 98.8 0.005857244291
98.85 98.8 98.9 0.006141628601
98.95 98.9 99 0.004385147005
99.05 99 99.1 0.008392319782
99.15 99.1 99.2 0.005696946019
99.25 99.2 99.3 0.005374832277
99.35 99.3 99.4 0.006831062723
99.45 99.4 99.5 0.003845802043
99.55 99.5 99.6 0.007839098779
99.65 99.6 99.7 0.004020213135
99.75 99.7 99.8 0.005029181733
99.85 99.8 99.9 0.005464957666
99.95 99.9 100 0.007644495774
100.05 100 100.1 0.004976701524
100.15 100.1 100.2 -0.0006466001758
100.25 100.2 100.3 0.003436104361
100.35 100.3 100.4 0.004799904928
100.45 100.4 100.5 0.006153419727
100.55 100.5 100.6 0.004786853648
100.65 100.6 100.7 0.005562595386
100.75 100.7 100.8 0.004546366766
100.85 100.8 100.9 0.004911882018
100.95 100.9 101 0.001047946169
101.05 101 101.1 0.005918273384
101.15 101.1 101.2 0.001979281556
101.25 101.2 101.3 0.006385130027
101.35 101.3 101.4 0.001961246284
101.45 101.4 101.5 0.008185818734
101.55 101.5 101.6 0.001667420253
101.65 101.6 101.7 0.009039151893
101.75 101.7 101.8 0.003372129769
101.85 101.8 101.9 0.002619532398
101.95 101.9 102 0.005672484856
102.05 102 102.1 -0.0009288267045
102.15 102.1 102.2 0.001847354435
102.25 102.2 102.3 0.002105021902
102.35 102.3 102.4 0.004058901763
102.45 102.4 102.5 0.006201915729
102.55 102.5 102.6 0.005402039901
102.65 102.6 102.7 0.0050931271
102.75 102.7 102.8 0.00644988656
102.85 102.8 102.9 0.003515504534
102.95 102.9 103 0.002797188226
103.05 103 103.1 0.006613759335
103.15 103.1 103.2 0.005498268086
103.25 103.2 103.3 0.006899702418
103.35 103.3 103.4 0.007232320624
103.45 103.4 103.5 0.00638410242
103.55 103.5 103.6 0.002719002689
103.65 103.6 103.7 0.003933060743
103.75 103.7 103.8 0.003942506592
103.85 103.8 103.9 -0.0001880573215
103.95 103.9 104 0.004330887691
104.05 104 104.1 0.002704556608
104.15 104.1 104.2 0.004035098623
104.25 104.2 104.3 0.006107762732
104.35 104.3 104.4 0.00328504591
104.45 104.4 104.5 0.005941351255
104.55 104.5 104.6 0.007696675463
104.65 104.6 104.7 0.006681130637
104.75 104.7 104.8 0.005922703687
104.85 104.8 104.9 0.004328363526
104.95 104.9 105 0.004352692161
105.05 105 105.1 0.005047527299
105.15 105.1 105.2 0.004921425197
105.25 105.2 105.3 0.003137540967
105.35 105.3 105.4 2.796252629e-06
105.45 105.4 105.5 0.003441159246
105.55 105.5 105.6 0.002676660066
105.65 105.6 105.7 0.003144594834
105.75 105.7 105.8 0.004391903683
105.85 105.8 105.9 0.003335039289
105.95 105.9 106 0.002820564891
106.05 106 106.1 0.004348867237
106.15 106.1 106.2 0.002586009457
106.25 106.2 106.3 0.003456753644
106.35 106.3 106.4 0.002596174214
106.45 106.4 106.5 0.005187422697
106.55 106.5 106.6 0.00578740945
106.65 106.6 106.7 0.005737528181
106.75 106.7 106.8 0.006179909726
106.85 106.8 106.9 0.005706471141
106.95 106.9 107 0.001205476209
107.05 107 107.1 0.003879736793
107.15 107.1 107.2 0.003066280129
107.25 107.2 107.3 0.004384477701
107.35 107.3 107.4 0.00718326978
107.45 107.4 107.5 0.003438016814
107.55 107.5 107.6 0.005402084234
107.65 107.6 107.7 0.007044627274
107.75 107.7 107.8 0.004740431173
107.85 107.8 107.9 0.002814686773
107.95 107.9 108 0.006868273548
108.05 108 108.1 0.002293104101
108.15 108.1 108.2 0.005850700002
108.25 108.2 108.3 0.002317761295
108.35 108.3 108.4 0.004924180336
108.45 108.4 108.5 0.001840555685
108.55 108.5 108.6 0.005927937611
108.65 108.6 108.7 0.002015501997
108.75 108.7 108.8 0.002999678148
108.85 108.8 108.9 0.004672843812
108.95 108.9 109 0.004325181611
109.05 109 109.1 0.0003944265385
109.15 109.1 109.2 0.0008314757245
109.25 109.2 109.3 0.005783444825
109.35 109.3 109.4 0.008157953328
109.45 109.4 109.5 0.005850600584
109.55 109.5 109.6 0.002956551171
109.65 109.6 109.7 0.005744742753
109.75 109.7 109.8 0.002463797699
109.85 109.8 109.9 0.0032613463
109.95 109.9 110 0.006266097409
110.05 110 110.1 0.0002364935524
110.15 110.1 110.2 0.002713983994
110.25 110.2 110.3 0.002758473879
110.35 110.3 110.4 0.003650639492
110.45 110.4 110.5 0.005266594068
110.55 110.5 110.6 0.004179530543
110.65 110.6 110.7 0.006227442259
110.75 110.7 110.8 0.00159139871
110.85 110.8 110.9 0.006265873913
110.95 110.9 111 0.0050212414
111.05 111 111.1 0.003823854563
111.15 111.1 111.2 0.003773606096
111.25 111.2 111.3 0.004007852857
111.35 111.3 111.4 0.00693822692
111.45 111.4 111.5 0.006358952286
111.55 111.5 111.6 0.004898715584
111.65 111.6 111.7 0.001519093412
111.75 111.7 111.8 0.003940240697
111.85 111.8 111.9 0.003111492774
111.95 111.9 112 0.003546366372
112.05 112 112.1 0.00343234323
112.15 112.1 112.2 0.004789813149
112.25 112.2 112.3 0.002479458804
112.35 112.3 112.4 0.00442327198
112.45 112.4 112.5 0.00280878399
112.55 112.5 112.6 -0.0002679422014
112.65 112.6 112.7 0.001655826462
112.75 112.7 112.8 0.002924674455
112.85 112.8 112.9 0.002777324755
112.95 112.9 113 8.982269827e-05
113.05 113 113.1 0.003391060757
113.15 113.1 113.2 0.005290747354
113.25 113.2 113.3 0.001330593578
113.35 113.3 113.4 0.002938041805
113.45 113.4 113.5 0.003262689126
113.55 113.5 113.6 0.002405005047
113.65 113.6 113.7 -0.0005221643657
113.75 113.7 113.8 -0.0002413358274
113.85 113.8 113.9 0.004056576175
113.95 113.9 114 0.003007387331
114.05 114 114.1 0.000893847665
114.15 114.1 114.2 0.006486961457
114.25 114.2 114.3 0.00376387527
114.35 114.3 114.4 0.0033809025
114.45 114.4 114.5 0.001475209814
114.55 114.5 114.6 0.005419903295
114.65 114.6 114.7 0.004189665635
114.75 114.7 114.8 0.001860779747
114.85 114.8 114.9 0.004142644156
114.95 114.9 115 0.002319992994
115.05 115 115.1 0.001367317928
115.15 115.1 115.2 0.003602159822
115.25 115.2 115.3 0.00523280326
115.35 115.3 115.4 0.001599391922
115.45 115.4 115.5 0.004070810413
115.55 115.5 115.6 0.0005711322654
115.65 115.6 115.7 -0.001149514602
115.75 115.7 115.8 0.002060175627
115.85 115.8 115.9 -0.00244142113
115.95 115.9 116 0.001984194894
116.05 116 116.1 0.004466024163
116.15 116.1 116.2 0.004261258616
116.25 116.2 116.3 -0.001060668178
116.35 116.3 116.4 -0.0002522376466
116.45 116.4 116.5 0.0007891896895
116.55 116.5 116.6 -0.0003258102288
116.65 116.6 116.7 0.004380796306
116.75 116.7 116.8 0.004199808202
116.85 116.8 116.9 -0.001951125021
116.95 116.9 117 -0.00188418766
117.05 117 117.1 0.003237727318
117.15 117.1 117.2 0.0001689576343
117.25 117.2 117.3 0.001026439866
117.35 117.3 117.4 -0.0003755202785
117.45 117.4 117.5 0.003122496986
117.55 117.5 117.6 0.002935654054
117.65 117.6 117.7 0.001828859777
117.75 117.7 117.8 -0.0006107643971
117.85 117.8 117.9 0.003183457672
117.95 117.9 118 0.002875759015
118.05 118 118.1 -8.852151016e-05
118.15 118.1 118.2 0.002228876672
118.25 118.2 118.3 -0.0009220916083
118.35 118.3 118.4 0.001341595334
118.45 118.4 118.5 0.0008749608212
118.55 118.5 118.6 0.0006805539678
118.65 118.6 118.7 0.002523909696
118.75 118.7 118.8 -0.0003836157877
118.85 118.8 118.9 0.001209228985
118.95 118.9 119 0.003013962007
119.05 119 119.1 0.0001304643271
119.15 119.1 119.2 0.002744433609
119.25 119.2 119.3 0.003254845426
119.35 119.3 119.4 0.001187527552
119.45 119.4 119.5 -0.0002468146498
119.55 119.5 119.6 0.005085380534
119.65 119.6 119.7 0.001025205492
119.75 119.7 119.8 0.003935348907
119.85 119.8 119.9 -0.001219753604
119.95 119.9 120 0.00350504967
120.05 120 120.1 0.00128037459
120.15 120.1 120.2 0.000499064433
120.25 120.2 120.3 0.001401355489
120.35 120.3 120.4 0.00131513837
120.45 120.4 120.5 0.007126519673
120.55 120.5 120.6 0.0008507246265
120.65 120.6 120.7 -0.001124023474
120.75 120.7 120.8 0.002130549301
120.85 120.8 120.9 0.003045333208
120.95 120.9 121 5.460700871e-06
121.05 121 121.1 0.002877819709
121.15 121.1 121.2 0.001290120291
121.25 121.2 121.3 0.002692901209
121.35 121.3 121.4 0.004264093407
121.45 121.4 121.5 0.002683021792
121.55 121.5 121.6 0.001600144283
121.65 121.6 121.7 0.001423562208
121.75 121.7 121.8 0.004313406045
121.85 121.8 121.9 0.005444112918
121.95 121.9 122 0.006515589701
122.05 122 122.1 0.003664882604
122.15 122.1 122.2 0.001327247566
122.25 122.2 122.3 0.003208182456
122.35 122.3 122.4 -6.859755564e-05
122.45 122.4 122.5 0.00452807534
122.55 122.5 122.6 0.000811176422
122.65 122.6 122.7 0.0009652376416
122.75 122.7 122.8 -3.07153254e-05
122.85 122.8 122.9 -0.0003900690984
122.95 122.9 123 0.003347607972
123.05 123 123.1 0.001416948233
123.15 123.1 123.2 0.002678867794
123.25 123.2 123.3 0.004460188912
123.35 123.3 123.4 0.00143327911
123.45 123.4 123.5 -0.0002935278402
123.55 123.5 123.6 0.003526452408
123.65 123.6 123.7 0.0004545513029
123.75 123.7 123.8 0.003580226037
123.85 123.8 123.9 0.001819888503
123.95 123.9 124 0.002449927735
124.05 124 124.1 0.001518956433
124.15 124.1 124.2 -0.0004633146783
124.25 124.2 124.3 0.002480179278
124.35 124.3 124.4 0.001184789956
124.45 124.4 124.5 0.00205182189
124.55 124.5 124.6 -0.001135151511
124.65 124.6 124.7 0.002678282863
124.75 124.7 124.8 0.001410794098
124.85 124.8 124.9 0.003202911107
124.95 124.9 125 0.002094453853
125.05 125 125.1 0.002701195108
125.15 125.1 125.2 0.005311139126
125.25 125.2 125.3 -0.002231957471
125.35 125.3 125.4 0.0006200366101
125.45 125.4 125.5 -0.0008093900804
125.55 125.5 125.6 0.0001119192857
125.65 125.6 125.7 0.0002293166277
125.75 125.7 125.8 -0.002716855225
125.85 125.8 125.9 0.000786206841
125.95 125.9 126 0.002619633971
126.05 126 126.1 -0.0003888608778
126.15 126.1 126.2 0.00166656913
126.25 126.2 126.3 -0.0006750893648
126.35 126.3 126.4 0.0004388377415
126.45 126.4 126.5 0.001011322931
126.55 126.5 126.6 0.002847087502
126.65 126.6 126.7 0.003506404639
126.75 126.7 126.8 4.152992994e-05
126.85 126.8 126.9 -0.001379315486
126.95 126.9 127 0.003075061675
127.05 127 127.1 -0.000661091375
127.15 127.1 127.2 0.00133009518
127.25 127.2 127.3 -2.393933103e-06
127.35 127.3 127.4 -0.001351630934
127.45 127.4 127.5 0.002439381468
127.55 127.5 127.6 -0.0005253305236
127.65 127.6 127.7 5.905744413e-05
127.75 127.7 127.8 0.00140233889
127.85 127.8 127.9 0.003193160805
127.95 127.9 128 0.001537448015
128.05 128 128.1 0.000465734009
128.15 128.1 128.2 0.003267025555
128.25 128.2 128.3 0.0002791627297
128.35 128.3 128.4 0.00270069974
128.45 128.4 128.5 0.002166813153
128.55 128.5 128.6 0.005633174055
128.65 128.6 128.7 0.001552298927
128.75 128.7 128.8 0.002612170712
128.85 128.8 128.9 -0.001856085066
128.95 128.9 129 0.004437893539
129.05 129 129.1 0.001084690805
129.15 129.1 129.2 0.004605695071
129.25 129.2 129.3 -0.0005210864237
129.35 129.3 129.4 -0.005811587184
129.45 129.4 129.5 -0.002747768161
129.55 129.5 129.6 0.001140572942
129.65 129.6 129.7 0.002013838529
129.75 129.7 129.8 0.002428609725
129.85 129.8 129.9 0.0008560787303
129.95 129.9 130 -0.001307076861
130.05 130 130.1 0.001165417049
130.15 130.1 130.2 0.0002705984885
130.25 130.2 130.3 0.002139779707
130.35 130.3 130.4 -0.002347569706
130.45 130.4 130.5 -0.001147685073
130.55 130.5 130.6 -0.0008006480597
130.65 130.6 130.7 -0.0003115838871
130.75 130.7 130.8 -0.0004954301373
130.85 130.8 130.9 -0.0024715196
130.95 130.9 131 -0.0002422828006
131.05 131 131.1 -0.0002384288394
131.15 131.1 131.2 0.001640066179
131.25 131.2 131.3 -0.001116262833
131.35 131.3 131.4 0.001116072395
131.45 131.4 131.5 0.0008968989512
131.55 131.5 131.6 -0.0004036399299
131.65 131.6 131.7 0.0004709434388
131.75 131.7 131.8 -0.0006221732329
131.85 131.8 131.9 0.0009621721872
131.95 131.9 132 0.0003434697591
132.05 132 132.1 0.0003866212581
132.15 132.1 132.2 0.002426136765
132.25 132.2 132.3 0.001935165096
132.35 132.3 132.4 0.001087629257
132.45 132.4 132.5 -0.003812737773
132.55 132.5 132.6 0.002975636703
132.65 132.6 132.7 -0.000535306104
132.75 132.7 132.8 0.001504499502
132.85 132.8 132.9 0.0002585841738
132.95 132.9 133 -0.001836972882
133.05 133 133.1 -0.001283621274
133.15 133.1 133.2 0.003435354025
133.25 133.2 133.3 -0.0005175981493
133.35 133.3 133.4 -0.00359674632
133.45 133.4 133.5 0.001296084091
133.55 133.5 133.6 0.0005413433173
133.65 133.6 133.7 0.001618483907
133.75 133.7 133.8 0.0008629588747
133.85 133.8 133.9 -0.0006781544333
133.95 133.9 134 -0.002009832139
134.05 134 134.1 0.001618392323
134.15 134.1 134.2 -0.00296637623
134.25 134.2 134.3 -0.0004524159929
134.35 134.3 134.4 -0.0001357986672
134.45 134.4 134.5 0.001944954104
134.55 134.5 134.6 0.001419152007
134.65 134.6 134.7 -0.0007150645478
134.75 134.7 134.8 0.002954898165
134.85 134.8 134.9 -0.003374110058
134.95 134.9 135 -0.0002823900402
135.05 135 135.1 0.0009209110119
135.15 135.1 135.2 0.001264455124
135.25 135.2 135.3 0.002913794356
135.35 135.3 135.4 -0.001191618036
135.45 135.4 135.5 -0.002533634327
135.55 135.5 135.6 0.001606049864
135.65 135.6 135.7 -0.0004160842613
135.75 135.7 135.8 0.003959290458
135.85 135.8 135.9 8.789852435e-05
135.95 135.9 136 0.00162445023
136.05 136 136.1 0.003079869021
136.15 136.1 136.2 -2.280877952e-05
136.25 136.2 136.3 0.001943134708
136.35 136.3 136.4 -0.0003078110155
136.45 136.4 136.5 -0.0008905791333
136.55 136.5 136.6 0.0008627824379
136.65 136.6 136.7 -0.001382538581
136.75 136.7 136.8 -0.0003825478589
136.85 136.8 136.9 -0.001247973561
136.95 136.9 137 0.001510966697
137.05 137 137.1 -0.0004534563606
137.15 137.1 137.2 -0.00167849373
137.25 137.2 137.3 -0.0005375484561
137.35 137.3 137.4 -0.001403385658
137.45 137.4 137.5 0.0004009643077
137.55 137.5 137.6 -0.003910245043
137.65 137.6 137.7 -0.001003492119
137.75 137.7 137.8 -0.001217511417
137.85 137.8 137.9 0.002367380907
137.95 137.9 138 0.0003753609043
138.05 138 138.1 -0.001875093499
138.15 138.1 138.2 0.0009533393559
138.25 138.2 138.3 -0.001277362255
138.35 138.3 138.4 -0.003917037438
138.45 138.4 138.5 0.000839743255
138.55 138.5 138.6 -0.002288795768
138.65 138.6 138.7 8.402057212e-05
138.75 138.7 138.8 -0.002090532264
138.85 138.8 138.9 -0.001066706551
138.95 138.9 139 0.0006134630597
139.05 139 139.1 -0.0008819599151
139.15 139.1 139.2 0.000176701042
139.25 139.2 139.3 -0.0003620517357
139.35 139.3 139.4 0.0007384239855
139.45 139.4 139.5 0.0008482345203
139.55 139.5 139.6 -0.00152763875
139.65 139.6 139.7 0.0006265135218
139.75 139.7 139.8 -0.001875594202
139.85 139.8 139.9 0.0004966258028
139.95 139.9 140 -0.0001164857363
140.05 140 140.1 -0.0003141542232
140.15 140.1 140.2 -0.0005868196882
140.25 140.2 140.3 0.002224709403
140.35 140.3 140.4 -0.001320164106
140.45 140.4 140.5 -0.0003448809802
140.55 140.5 140.6 -0.00314503941
140.65 140.6 140.7 0.001022500381
140.75 140.7 140.8 -0.000412812177
140.85 140.8 140.9 -0.002002363404
140.95 140.9 141 -0.0004360700465
141.05 141 141.1 0.001793738136
141.15 141.1 141.2 0.0007422963397
141.25 141.2 141.3 -0.003725781078
141.35 141.3 141.4 0.001091734454
141.45 141.4 141.5 -0.003263064
141.55 141.5 141.6 -0.003218683664
141.65 141.6 141.7 -0.001633898143
141.75 141.7 141.8 -0.002897569996
141.85 141.8 141.9 -0.002310927493
141.95 141.9 142 -0.001447000345
142.05 142 142.1 -0.001586879429
142.15 142.1 142.2 -0.004381524226
142.25 142.2 142.3 -0.0007489316165
142.35 142.3 142.4 -0.001089571881
142.45 142.4 142.5 0.0007352669052
142.55 142.5 142.6 -0.001990719126
142.65 142.6 142.7 -0.002065153582
142.75 142.7 142.8 -0.0008896139215
142.85 142.8 142.9 0.0009497933814
142.95 142.9 143 -0.002514363091
143.05 143 143.1 -0.00118004588
143.15 143.1 143.2 -0.003833467875
143.25 143.2 143.3 0.0006991096187
143.35 143.3 143.4 -0.0001300120056
143.45 143.4 143.5 -0.001240901067
143.55 143.5 143.6 0.0009549409154
143.65 143.6 143.7 -0.003990560106
143.75 143.7 143.8 4.601257254e-05
143.85 143.8 143.9 -0.0003746095997
143.95 143.9 144 -0.0008783833219
144.05 144 144.1 -0.003902869302
144.15 144.1 144.2 -0.0004982178687
144.25 144.2 144.3 -0.0003732792749
144.35 144.3 144.4 -0.001639150226
144.45 144.4 144.5 -0.001793678195
144.55 144.5 144.6 -0.001762647222
144.65 144.6 144.7 -0.000934216012
144.75 144.7 144.8 -0.001722421821
144.85 144.8 144.9 -0.000471465168
144.95 144.9 145 0.001575757962
145.05 145 145.1 -0.002367598685
145.15 145.1 145.2 0.001127707732
145.25 145.2 145.3 -0.0004395330538
145.35 145.3 145.4 -0.004772230727
145.45 145.4 145.5 -0.0001150303183
145.55 145.5 145.6 0.001863933611
145.65 145.6 145.7 -0.002645276861
145.75 145.7 145.8 -0.001682578236
145.85 145.8 145.9 -0.001863910593
145.95 145.9 146 -0.003828132875
146.05 146 146.1 -0.002043984009
146.15 146.1 146.2 -0.001191881037
146.25 146.2 146.3 -5.792898404e-05
146.35 146.3 146.4 -0.001303558056
146.45 146.4 146.5 0.0009078670244
146.55 146.5 146.6 -0.003578837687
146.65 146.6 146.7 -0.001827527208
146.75 146.7 146.8 0.001323774533
146.85 146.8 146.9 0.0003906302961
146.95 146.9 147 -0.003957310151
147.05 147 147.1 -0.002824216222
147.15 147.1 147.2 -0.002194375972
147.25 147.2 147.3 -0.00423248928
147.35 147.3 147.4 -0.001775790884
147.45 147.4 147.5 -0.001079744484
147.55 147.5 147.6 0.001796732975
147.65 147.6 147.7 -0.0008978594856
147.75 147.7 147.8 -0.001656245626
147.85 147.8 147.9 -0.001620764967
147.95 147.9 148 -0.0005961043545
148.05 148 148.1 -0.001919084426
148.15 148.1 148.2 -0.004884166367
148.25 148.2 148.3 -0.00193717203
148.35 148.3 148.4 0.001370743283
148.45 148.4 148.5 -0.001868937856
148.55 148.5 148.6 -0.002711483547
148.65 148.6 148.7 -0.002453420506
148.75 148.7 148.8 -0.004171333383
148.85 148.8 148.9 -0.00187442058
148.95 148.9 149 0.001387830848
149.05 149 149.1 -0.0004601306563
149.15 149.1 149.2 0.0006938676106
149.25 149.2 149.3 -0.001984168197
149.35 149.3 149.4 -0.00187550727
149.45 149.4 149.5 -0.001899583205
149.55 149.5 149.6 -0.00306112999
149.65 149.6 149.7 -0.002157670937
149.75 149.7 149.8 -0.001916708139
149.85 149.8 149.9 0.000598944877
149.95 149.9 150 -0.002556434718
150.05 150 150.1 0.0005010290307
150.15 150.1 150.2 -0.003031754633
150.25 150.2 150.3 -0.001695388604
150.35 150.3 150.4 -0.001453016751
150.45 150.4 150.5 -0.001332009655
150.55 150.5 150.6 -0.001634976422
150.65 150.6 150.7 -0.002869880152
150.75 150.7 150.8 -0.001459904777
150.85 150.8 150.9 -0.001057506816
150.95 150.9 151 -0.0008299176634
151.05 151 151.1 -0.003980345876
151.15 151.1 151.2 -0.0004609573282
151.25 151.2 151.3 0.0006834231577
151.35 151.3 151.4 0.002677859642
151.45 151.4 151.5 0.0006608218496
151.55 151.5 151.6 0.0002605504378
151.65 151.6 151.7 -0.0002200569482
151.75 151.7 151.8 -0.001211597685
151.85 151.8 151.9 -0.001092743992
151.95 151.9 152 -0.002455106665
152.05 152 152.1 0.0008361902208
152.15 152.1 152.2 0.001762448811
152.25 152.2 152.3 -0.001285282975
152.35 152.3 152.4 -0.001948532102
152.45 152.4 152.5 -0.0001827209789
152.55 152.5 152.6 0.0006289777948
152.65 152.6 152.7 -0.001002369082
152.75 152.7 152.8 -0.001454862457
152.85 152.8 152.9 -0.002503131132
152.95 152.9 153 -0.002548401753
153.05 153 153.1 -0.001956150616
153.15 153.1 153.2 -0.003282747908
153.25 153.2 153.3 -0.002913059702
153.35 153.3 153.4 -0.002543339463
153.45 153.4 153.5 -0.0009228283347
153.55 153.5 153.6 -0.001239037646
153.65 153.6 153.7 -0.00232813192
153.75 153.7 153.8 -0.002248769125
153.85 153.8 153.9 -0.003001352125
153.95 153.9 154 -0.003560135427
154.05 154 154.1 -0.002180776949
154.15 154.1 154.2 -0.003323684952
154.25 154.2 154.3 0.001690302196
154.35 154.3 154.4 -0.002906054578
154.45 154.4 154.5 -0.001394136297
154.55 154.5 154.6 -0.003624985674
154.65 154.6 154.7 0.0007846661059
154.75 154.7 154.8 -0.0004298543374
154.85 154.8 154.9 -0.001925722991
154.95 154.9 155 0.000874033655
155.05 155 155.1 -0.001968694068
155.15 155.1 155.2 -0.0004711001823
155.25 155.2 155.3 0.0006656582486
155.35 155.3 155.4 0.001193184802
155.45 155.4 155.5 -0.00316403899
155.55 155.5 155.6 -0.001047672147
155.65 155.6 155.7 0.0001343014112
155.75 155.7 155.8 0.0007125214858
155.85 155.8 155.9 -0.001377203332
155.95 155.9 156 -0.0004836819848
156.05 156 156.1 0.0005003547616
156.15 156.1 156.2 -0.002176400484
156.25 156.2 156.3 -0.001017239847
156.35 156.3 156.4 8.112933872e-05
156.45 156.4 156.5 0.0004923720587
156.55 156.5 156.6 -0.002024012659
156.65 156.6 156.7 -0.0006703285085
156.75 156.7 156.8 0.0002461272552
156.85 156.8 156.9 -0.000750918985
156.95 156.9 157 0.001267667687
157.05 157 157.1 -0.000132409941
157.15 157.1 157.2 -0.001306625327
157.25 157.2 157.3 -0.00171358624
157.35 157.3 157.4 0.001750336372
157.45 157.4 157.5 -0.000533136592
157.55 157.5 157.6 0.001903606514
157.65 157.6 157.7 0.0001438828882
157.75 157.7 157.8 -0.001250211702
157.85 157.8 157.9 -0.0006838469864
157.95 157.9 158 -1.633929477e-05
158.05 158 158.1 -0.0007736415484
158.15 158.1 158.2 0.001660495041
158.25 158.2 158.3 -0.0005545187035
158.35 158.3 158.4 -0.003660074018
158.45 158.4 158.5 0.001980086491
158.55 158.5 158.6 -0.001173471812
158.65 158.6 158.7 0.0002750721498
158.75 158.7 158.8 -0.001973624901
158.85 158.8 158.9 0.0003453215938
158.95 158.9 159 -0.003237201567
159.05 159 159.1 0.001840904739
159.15 159.1 159.2 -0.0005872161683
159.25 159.2 159.3 0.001057878387
159.35 159.3 159.4 0.0001198047065
159.45 159.4 159.5 0.0008333624348
159.55 159.5 159.6 0.0009794995292
159.65 159.6 159.7 -0.002944272474
159.75 159.7 159.8 -0.001965328939
159.85 159.8 159.9 -0.0009389860244
159.95 159.9 160 -0.002323036713
160.05 160 160.1 0.000311053892
160.15 160.1 160.2 -0.001387263825
160.25 160.2 160.3 -0.0002522580994
160.35 160.3 160.4 -0.0008690127538
160.45 160.4 160.5 0.0005442459196
160.55 160.5 160.6 0.0004680637239
160.65 160.6 160.7 -1.094508384e-05
160.75 160.7 160.8 0.0009674709418
160.85 160.8 160.9 -0.001340742521
160.95 160.9 161 0.0001690351571
161.05 161 161.1 0.0004191937198
161.15 161.1 161.2 0.001315725809
161.25 161.2 161.3 0.001574239004
161.35 161.3 161.4 0.0002482169454
161.45 161.4 161.5 0.0008287293729
161.55 161.5 161.6 -0.0003337881291
161.65 161.6 161.7 -0.001827723648
161.75 161.7 161.8 0.001778825443
161.85 161.8 161.9 0.001990578963
161.95 161.9 162 0.001200472613
162.05 162 162.1 -0.001452494284
162.15 162.1 162.2 -0.001080129393
162.25 162.2 162.3 -0.0003993591236
162.35 162.3 162.4 -0.0007290858422
162.45 162.4 162.5 -0.0005862997576
162.55 162.5 162.6 -0.0005841425722
162.65 162.6 162.7 -0.00278190667
162.75 162.7 162.8 -0.001923923529
162.85 162.8 162.9 0.001064909461
162.95 162.9 163 0.001884308079
163.05 163 163.1 5.436012414e-05
163.15 163.1 163.2 -0.0007204897082
163.25 163.2 163.3 0.0007246060462
163.35 163.3 163.4 0.0006664367842
163.45 163.4 163.5 -0.001316760949
163.55 163.5 163.6 0.001210960563
163.65 163.6 163.7 0.002121971824
163.75 163.7 163.8 -0.002107481541
163.85 163.8 163.9 -6.630497825e-05
163.95 163.9 164 -0.0003136310174
164.05 164 164.1 0.001968055527
164.15 164.1 164.2 -0.0007737074878
164.25 164.2 164.3 0.0004457563562
164.35 164.3 164.4 0.000258027257
164.45 164.4 164.5 -7.59890558e-05
164.55 164.5 164.6 0.0001317646274
164.65 164.6 164.7 -0.0006881274735
164.75 164.7 164.8 -0.0007395000712
164.85 164.8 164.9 -0.001732233822
164.95 164.9 165 0.0002325960141
165.05 165 165.1 -0.001103038666
165.15 165.1 165.2 0.0003310793892
165.25 165.2 165.3 9.550317141e-05
165.35 165.3 165.4 0.0007302944081
165.45 165.4 165.5 0.0009747652663
165.55 165.5 165.6 -0.00258377029
165.65 165.6 165.7 0.003345892283
165.75 165.7 165.8 0.000762394973
165.85 165.8 165.9 0.001477242708
165.95 165.9 166 0.002485174804
166.05 166 166.1 0.0009579516011
166.15 166.1 166.2 0.002049149415
166.25 166.2 166.3 -0.0001057783661
166.35 166.3 166.4 0.0008231356924
166.45 166.4 166.5 0.0008132891149
166.55 166.5 166.6 -0.0003452379175
166.65 166.6 166.7 0.00128199377
166.75 166.7 166.8 -0.001413764733
166.85 166.8 166.9 -0.001117375484
166.95 166.9 167 -0.00225318408
167.05 167 167.1 0.001005051466
167.15 167.1 167.2 0.0005641036101
167.25 167.2 167.3 0.002325871489
167.35 167.3 167.4 -0.0024037709
167.45 167.4 167.5 3.660753818e-05
167.55 167.5 167.6 0.002750572309
167.65 167.6 167.7 0.0001838188586
167.75 167.7 167.8 -0.0005652001058
167.85 167.8 167.9 0.0008415646673
167.95 167.9 168 -0.0002003639463
168.05 168 168.1 0.0007653728894
168.15 168.1 168.2 -0.0009415447581
168.25 168.2 168.3 0.0006415227177
168.35 168.3 168.4 -0.0008668691193
168.45 168.4 168.5 -0.001228904369
168.55 168.5 168.6 -0.0008019750635
168.65 168.6 168.7 0.0007945284534
168.75 168.7 168.8 7.594233128e-05
168.85 168.8 168.9 0.002481878203
168.95 168.9 169 0.0007453490812
169.05 169 169.1 -0.0001273522211
169.15 169.1 169.2 -0.001266325827
169.25 169.2 169.3 0.0001124350742
169.35 169.3 169.4 -0.0007330623684
169.45 169.4 169.5 -0.0008023238074
169.55 169.5 169.6 -0.002762660333
169.65 169.6 169.7 -0.0008951633373
169.75 169.7 169.8 0.001418861943
169.85 169.8 169.9 0.002116957947
169.95 169.9 170 0.0005755387789
170.05 170 170.1 0.00076848239
170.15 170.1 170.2 0.0009179633084
170.25 170.2 170.3 0.0009574075278
170.35 170.3 170.4 0.001094941176
170.45 170.4 170.5 0.003103338264
170.55 170.5 170.6 0.001090988024
170.65 170.6 170.7 -0.0004420491243
170.75 170.7 170.8 -0.002149934328
170.85 170.8 170.9 -0.0005540486892
170.95 170.9 171 0.001955008343
171.05 171 171.1 0.001955826929
171.15 171.1 171.2 -0.0007228644996
171.25 171.2 171.3 -0.0001213867263
171.35 171.3 171.4 -9.65751001e-05
171.45 171.4 171.5 0.001359560109
171.55 171.5 171.6 -0.000388881305
171.65 171.6 171.7 -0.0001260063037
171.75 171.7 171.8 0.0005783278535
171.85 171.8 171.9 0.000224505543
171.95 171.9 172 0.001991035958
172.05 172 172.1 -0.0003988511988
172.15 172.1 172.2 -0.0007699237401
172.25 172.2 172.3 -0.0003873184135
172.35 172.3 172.4 0.002968615014
172.45 172.4 172.5 -0.0002943309471
172.55 172.5 172.6 0.0009682614858
172.65 172.6 172.7 2.657304351e-05
172.75 172.7 172.8 -0.003477049473
172.85 172.8 172.9 0.002780080743
172.95 172.9 173 -0.0001038305128
173.05 173 173.1 0.00156090805
173.15 173.1 173.2 0.001537498333
173.25 173.2 173.3 0.001065108323
173.35 173.3 173.4 0.002901428879
173.45 173.4 173.5 0.00191006317
173.55 173.5 173.6 -8.750117214e-05
173.65 173.6 173.7 0.0009911919774
173.75 173.7 173.8 -0.0004288944833
173.85 173.8 173.9 -0.002056393022
173.95 173.9 174 0.002558052913
174.05 174 174.1 0.0008392795163
174.15 174.1 174.2 0.001885341947
174.25 174.2 174.3 -0.001040576296
174.35 174.3 174.4 0.0003788402982
174.45 174.4 174.5 -0.001263872741
174.55 174.5 174.6 0.0004564152882
174.65 174.6 174.7 0.001316948713
174.75 174.7 174.8 0.0006534241913
174.85 174.8 174.9 0.001372855455
174.95 174.9 175 0.001096210912
175.05 175 175.1 0.002427459844
175.15 175.1 175.2 0.003015125863
175.25 175.2 175.3 0.002078814695
175.35 175.3 175.4 0.001053855025
175.45 175.4 175.5 -0.001389876699
175.55 175.5 175.6 -0.001361446956
175.65 175.6 175.7 0.001178586836
175.75 175.7 175.8 -0.001911033954
175.85 175.8 175.9 0.0009013043047
175.95 175.9 176 -0.0002070745428
176.05 176 176.1 -0.0001428336601
176.15 176.1 176.2 0.002080517866
176.25 176.2 176.3 -0.001360763978
176.35 176.3 176.4 -0.0004997922151
176.45 176.4 176.5 -7.621351879e-05
176.55 176.5 176.6 -0.0006056474602
176.65 176.6 176.7 -0.001783945343
176.75 176.7 176.8 -0.001545887302
176.85 176.8 176.9 0.002521381033
176.95 176.9 177 0.0003396559008
177.05 177 177.1 0.001368589206
177.15 177.1 177.2 -0.003459906734
177.25 177.2 177.3 -0.001649876402
177.35 177.3 177.4 -7.641860543e-05
177.45 177.4 177.5 0.0009247413987
177.55 177.5 177.6 0.002674637854
177.65 177.6 177.7 0.002176482775
177.75 177.7 177.8 0.001311143047
177.85 177.8 177.9 0.0007621610134
177.95 177.9 178 -0.001094953104
178.05 178 178.1 0.0003872646092
178.15 178.1 178.2 -0.0002490813136
178.25 178.2 178.3 -0.0002365511792
178.35 178.3 178.4 -0.000287152199
178.45 178.4 178.5 -0.0005641737304
178.55 178.5 178.6 0.0003513220016
178.65 178.6 178.7 -0.00110482488
178.75 178.7 178.8 -0.00130260698
178.85 178.8 178.9 -0.0002986243309
178.95 178.9 179 0.001446012648
179.05 179 179.1 0.0006982998876
179.15 179.1 179.2 0.000908841142
179.25 179.2 179.3 -0.002557010319
179.35 179.3 179.4 -0.0005486392265
179.45 179.4 179.5 0.0005085408735
179.55 179.5 179.6 0.001393321288
179.65 179.6 179.7 0.000125514426
179.75 179.7 179.8 0.0004573682076
179.85 179.8 179.9 -0.0004942326413
179.95 179.9 180 0.00184000568
180.05 180 180.1 0.00103578252
180.15 180.1 180.2 -0.001567804406
180.25 180.2 180.3 -0.0010587167
180.35 180.3 180.4 0.001689960315
180.45 180.4 180.5 -0.001172132313
180.55 180.5 180.6 -0.001673167383
180.65 180.6 180.7 0.0003896418418
180.75 180.7 180.8 0.002401139217
180.85 180.8 180.9 0.001057358532
180.95 180.9 181 3.240572974e-05
181.05 181 181.1 0.001752188448
181.15 181.1 181.2 0.0002165638706
181.25 181.2 181.3 0.0006271293514
181.35 181.3 181.4 0.0003253683456
181.45 181.4 181.5 0.0009201114398
181.55 181.5 181.6 -0.0005529097606
181.65 181.6 181.7 -0.0005875832132
181.75 181.7 181.8 0.001199756269
181.85 181.8 181.9 -0.0002675964685
181.95 181.9 182 0.001538163268
182.05 182 182.1 -0.001053683131
182.15 182.1 182.2 0.002364196829
182.25 182.2 182.3 0.001061076547
182.35 182.3 182.4 -0.002417766051
182.45 182.4 182.5 -0.001173975365
182.55 182.5 182.6 0.004236966461
182.65 182.6 182.7 0.0004848445827
182.75 182.7 182.8 0.001592316109
182.85 182.8 182.9 0.0005659885722
182.95 182.9 183 -0.0004011306621
183.05 183 183.1 0.001559981245
183.15 183.1 183.2 0.0005924500483
183.25 183.2 183.3 -0.001085899578
183.35 183.3 183.4 -0.001300030822
183.45 183.4 183.5 0.001754464053
183.55 183.5 183.6 0.002277898575
183.65 183.6 183.7 -0.0002024553773
183.75 183.7 183.8 0.0004306203395
183.85 183.8 183.9 0.003874774099
183.95 183.9 184 0.00261935325
184.05 184 184.1 -0.001457818654
184.15 184.1 184.2 0.001384394479
184.25 184.2 184.3 0.002025412702
184.35 184.3 184.4 -0.0008464432402
184.45 184.4 184.5 0.001612101381
184.55 184.5 184.6 0.001697508634
184.65 184.6 184.7 0.0026511199
184.75 184.7 184.8 -0.00212368519
184.85 184.8 184.9 0.002753356252
184.95 184.9 185 0.00246790549
185.05 185 185.1 0.00140677571
185.15 185.1 185.2 -0.0002376678266
185.25 185.2 185.3 1.857358271e-05
185.35 185.3 185.4 0.001761537694
185.45 185.4 185.5 -0.001259404861
185.55 185.5 185.6 0.00122605571
185.65 185.6 185.7 0.0021338125
185.75 185.7 185.8 0.00204508754
185.85 185.8 185.9 0.004673064896
185.95 185.9 186 0.000306281181
186.05 186 186.1 0.001731617547
186.15 186.1 186.2 0.002216295799
186.25 186.2 186.3 0.0008150017966
186.35 186.3 186.4 0.0004869213905
186.45 186.4 186.5 0.001599032014
186.55 186.5 186.6 0.0007351108498
186.65 186.6 186.7 0.0009055550608
186.75 186.7 186.8 0.001745276578
186.85 186.8 186.9 0.001437739162
186.95 186.9 187 0.0005585571464
187.05 187 187.1 0.003313622286
187.15 187.1 187.2 0.00150607929
187.25 187.2 187.3 0.001475141692
187.35 187.3 187.4 0.0009276581011
187.45 187.4 187.5 -0.001039245488
187.55 187.5 187.6 0.005444668138
187.65 187.6 187.7 0.002031882227
187.75 187.7 187.8 0.002468407277
187.85 187.8 187.9 0.002697514432
187.95 187.9 188 0.001293159327
188.05 188 188.1 0.001419249832
188.15 188.1 188.2 0.001163781705
188.25 188.2 188.3 0.0006209104831
188.35 188.3 188.4 5.440300812e-05
188.45 188.4 188.5 0.0003765862473
188.55 188.5 188.6 0.001808453453
188.65 188.6 188.7 -0.0005656314143
188.75 188.7 188.8 0.003537519845
188.85 188.8 188.9 -0.002561354377
188.95 188.9 189 0.002278637802
189.05 189 189.1 0.000518461428
189.15 189.1 189.2 0.00134827715
189.25 189.2 189.3 0.00110851954
189.35 189.3 189.4 0.00242063214
189.45 189.4 189.5 0.00135410898
189.55 189.5 189.6 0.0006258042811
189.65 189.6 189.7 -0.0004804252458
189.75 189.7 189.8 0.00257345539
189.85 189.8 189.9 0.002110415973
189.95 189.9 190 0.003192295631
190.05 190 190.1 0.0009086369173
190.15 190.1 190.2 0.0007008263261
190.25 190.2 190.3 0.001365977314
190.35 190.3 190.4 0.00089677486
190.45 190.4 190.5 0.001529084216
190.55 190.5 190.6 0.001511813702
190.65 190.6 190.7 0.003111693364
190.75 190.7 190.8 0.002999723619
190.85 190.8 190.9 0.00271288049
190.95 190.9 191 0.0007646904146
191.05 191 191.1 -0.0008277654429
191.15 191.1 191.2 -0.0003039844166
191.25 191.2 191.3 0.00163750417
191.35 191.3 191.4 0.001638937897
191.45 191.4 191.5 0.001893336554
191.55 191.5 191.6 -0.0003935900028
191.65 191.6 191.7 -0.000804678788
191.75 191.7 191.8 0.001248995891
191.85 191.8 191.9 -0.0008931414816
191.95 191.9 192 0.001554363491
192.05 192 192.1 -0.0004243981911
192.15 192.1 192.2 0.001067641684
192.25 192.2 192.3 0.0009247124452
192.35 192.3 192.4 -8.758025378e-05
192.45 192.4 192.5 -0.0004373651387
192.55 192.5 192.6 0.0005478039941
192.65 192.6 192.7 0.0004989481284
192.75 192.7 192.8 -9.475798667e-05
192.85 192.8 192.9 0.002492857124
192.95 192.9 193 0.0009920384315
193.05 193 193.1 0.001282241407
193.15 193.1 193.2 0.0008872939397
193.25 193.2 193.3 0.001799512778
193.35 193.3 193.4 0.00260285431
193.45 193.4 193.5 0.0009522475134
193.55 193.5 193.6 0.0008727578632
193.65 193.6 193.7 0.0009728737989
193.75 193.7 193.8 0.0009516655331
193.85 193.8 193.9 0.002649951567
193.95 193.9 194 0.0001547502205
194.05 194 194.1 0.001306616183
194.15 194.1 194.2 -0.0002874386584
194.25 194.2 194.3 0.0004793251396
194.35 194.3 194.4 -0.0004962126939
194.45 194.4 194.5 0.00146681251
194.55 194.5 194.6 0.0007388309983
194.65 194.6 194.7 0.0003294809427
194.75 194.7 194.8 0.003383702675
194.85 194.8 194.9 0.001020488674
194.95 194.9 195 -0.0008372648667
195.05 195 195.1 0.001094867056
195.15 195.1 195.2 -0.0006954879812
195.25 195.2 195.3 0.000589089768
195.35 195.3 195.4 0.001294030308
195.45 195.4 195.5 -0.001154488178
195.55 195.5 195.6 0.0005952650192
195.65 195.6 195.7 0.00201818981
195.75 195.7 195.8 0.002494485746
195.85 195.8 195.9 0.0001675858495
195.95 195.9 196 0.001322542294
196.05 196 196.1 0.001357079666
196.15 196.1 196.2 0.0002810195053
196.25 196.2 196.3 0.0006091171493
196.35 196.3 196.4 0.001670917389
196.45 196.4 196.5 -0.001346452776
196.55 196.5 196.6 -0.0005577914232
196.65 196.6 196.7 0.000780303339
196.75 196.7 196.8 0.001853699673
196.85 196.8 196.9 0.000212434425
196.95 196.9 197 0.002521504165
197.05 197 197.1 0.001707545118
197.15 197.1 197.2 0.001297363724
197.25 197.2 197.3 -0.0006079482517
197.35 197.3 197.4 -0.0004116044158
197.45 197.4 197.5 -0.00240700857
197.55 197.5 197.6 -0.001465378185
197.65 197.6 197.7 0.002633667348
197.75 197.7 197.8 -0.00132671624
197.85 197.8 197.9 0.002701755757
197.95 197.9 198 0.001315495902
198.05 198 198.1 -0.0008115391418
198.15 198.1 198.2 0.002221437453
198.25 198.2 198.3 0.002025308559
198.35 198.3 198.4 0.0002120132255
198.45 198.4 198.5 -0.001592452064
198.55 198.5 198.6 -0.000480778875
198.65 198.6 198.7 -0.0003803860201
198.75 198.7 198.8 -0.0003466929882
198.85 198.8 198.9 0.0009328839203
198.95 198.9 199 0.00140812051
199.05 199 199.1 0.002009904234
199.15 199.1 199.2 0.001402549677
199.25 199.2 199.3 -0.0001578090631
199.35 199.3 199.4 0.0002355085087
199.45 199.4 199.5 0.0004465732335
199.55 199.5 199.6 0.001293556788
199.65 199.6 199.7 0.003526521683
199.75 199.7 199.8 -0.0008395979734
199.85 199.8 199.9 0.003567021855
199.95 199.9 200 0.0009810873205
