# Columns: s_cen(1) s_min(2) s_max(3) xi_iso(4)
0.05 0 0.1 63.09022956
0.15 0.1 0.2 14.01823719
0.25 0.2 0.3 15.55468057
0.35 0.3 0.4 17.9021214
0.45 0.4 0.5 21.76912408
0.55 0.5 0.6 23.99555017
0.65 0.6 0.7 22.04295284
0.75 0.7 0.8 22.42153157
0.85 0.8 0.9 22.35725523
0.95 0.9 1 19.9507503
1.05 1 1.1 18.81999069
1.15 1.1 1.2 19.47055597
1.25 1.2 1.3 18.71235526
1.35 1.3 1.4 17.271872
1.45 1.4 1.5 16.77429513
1.55 1.5 1.6 16.22259571
1.65 1.6 1.7 14.4409765
1.75 1.7 1.8 14.30985547
1.85 1.8 1.9 13.47635422
1.95 1.9 2 12.51527377
2.05 2 2.1 12.09466983
2.15 2.1 2.2 10.76143932
2.25 2.2 2.3 10.69538648
2.35 2.3 2.4 9.991473147
2.45 2.4 2.5 9.265268732
2.55 2.5 2.6 8.665253297
2.65 2.6 2.7 8.271081268
2.75 2.7 2.8 7.597232887
2.85 2.8 2.9 6.709940188
2.95 2.9 3 7.030685565
3.05 3 3.1 6.510863961
3.15 3.1 3.2 6.031532127
3.25 3.2 3.3 6.178644104
3.35 3.3 3.4 5.881417637
3.45 3.4 3.5 5.242878259
3.55 3.5 3.6 5.452778059
3.65 3.6 3.7 5.277626773
3.75 3.7 3.8 4.993699076
3.85 3.8 3.9 4.853341445
3.95 3.9 4 4.653879921
4.05 4 4.1 4.500861423
4.15 4.1 4.2 4.363640602
4.25 4.2 4.3 4.221717156
4.35 4.3 4.4 4.031197128
4.45 4.4 4.5 3.976778072
4.55 4.5 4.6 3.787389738
4.65 4.6 4.7 3.695567001
4.75 4.7 4.8 3.548666177
4.85 4.8 4.9 3.494919261
4.95 4.9 5 3.315950499
5.05 5 5.1 3.249195349
5.15 5.1 5.2 3.17038611
5.25 5.2 5.3 3.093648235
5.35 5.3 5.4 2.884174558
5.45 5.4 5.5 2.856575655
5.55 5.5 5.6 2.818964228
5.65 5.6 5.7 2.740303685
5.75 5.7 5.8 2.744017885
5.85 5.8 5.9 2.660362723
5.95 5.9 6 2.620085361
6.05 6 6.1 2.587447127
6.15 6.1 6.2 2.431723566
6.25 6.2 6.3 2.414904753
6.35 6.3 6.4 2.394925432
6.45 6.4 6.5 2.341914869
6.55 6.5 6.6 2.140100069
6.65 6.6 6.7 2.18769064
6.75 6.7 6.8 2.112554078
6.85 6.8 6.9 2.031420374
6.95 6.9 7 2.006778737
7.05 7 7.1 2.049775984
7.15 7.1 7.2 1.918077379
7.25 7.2 7.3 1.931571801
7.35 7.3 7.4 1.921193446
7.45 7.4 7.5 1.867633274
7.55 7.5 7.6 1.753891986
7.65 7.6 7.7 1.766144344
7.75 7.7 7.8 1.692677412
7.85 7.8 7.9 1.678906787
7.95 7.9 8 1.605032752
8.05 8 8.1 1.550757836
8.15 8.1 8.2 1.569656513
8.25 8.2 8.3 1.594092792
8.35 8.3 8.4 1.511738295
8.45 8.4 8.5 1.475721828
8.55 8.5 8.6 1.459317833
8.65 8.6 8.7 1.419822925
8.75 8.7 8.8 1.313612349
8.85 8.8 8.9 1.317688685
8.95 8.9 9 1.325759342
9.05 9 9.1 1.334190273
9.15 9.1 9.2 1.325224514
9.25 9.2 9.3 1.203514997
9.35 9.3 9.4 1.189807033
9.45 9.4 9.5 1.213417417
9.55 9.5 9.6 1.134991125
9.65 9.6 9.7 1.170472233
9.75 9.7 9.8 1.087578088
9.85 9.8 9.9 1.160092848
9.95 9.9 10 1.077901828
10.05 10 10.1 1.023594425
10.15 10.1 10.2 1.024218922
10.25 10.2 10.3 1.069138101
10.35 10.3 10.4 1.041696505
10.45 10.4 10.5 1.042001199
10.55 10.5 10.6 0.9982344834
10.65 10.6 10.7 0.9636376295
10.75 10.7 10.8 0.9454090341
10.85 10.8 10.9 0.9521868648
10.95 10.9 11 0.9223074576
11.05 11 11.1 0.9096337825
11.15 11.1 11.2 0.9483611444
11.25 11.2 11.3 0.836649263
11.35 11.3 11.4 0.9079687795
11.45 11.4 11.5 0.8463193145
11.55 11.5 11.6 0.8488519781
11.65 11.6 11.7 0.8378952965
11.75 11.7 11.8 0.8212823451
11.85 11.8 11.9 0.7983033922
11.95 11.9 12 0.7831313343
12.05 12 12.1 0.7527495257
12.15 12.1 12.2 0.7473214357
12.25 12.2 12.3 0.7639862316
12.35 12.3 12.4 0.7197750786
12.45 12.4 12.5 0.7435191411
12.55 12.5 12.6 0.728250685
12.65 12.6 12.7 0.7125841426
12.75 12.7 12.8 0.6796396197
12.85 12.8 12.9 0.6776418737
12.95 12.9 13 0.6824399559
13.05 13 13.1 0.6732653084
13.15 13.1 13.2 0.647238552
13.25 13.2 13.3 0.6453965741
13.35 13.3 13.4 0.6564965256
13.45 13.4 13.5 0.6370412508
13.55 13.5 13.6 0.6225135642
13.65 13.6 13.7 0.588218726
13.75 13.7 13.8 0.5862294457
13.85 13.8 13.9 0.608448606
13.95 13.9 14 0.5599393989
14.05 14 14.1 0.5696452443
14.15 14.1 14.2 0.5725244896
14.25 14.2 14.3 0.5521406225
14.35 14.3 14.4 0.5613810751
14.45 14.4 14.5 0.5095233824
14.55 14.5 14.6 0.5482943075
14.65 14.6 14.7 0.5443485022
14.75 14.7 14.8 0.5227079845
14.85 14.8 14.9 0.5263203131
14.95 14.9 15 0.5101316676
15.05 15 15.1 0.5075155922
15.15 15.1 15.2 0.5499264819
15.25 15.2 15.3 0.5182037917
15.35 15.3 15.4 0.4934108325
15.45 15.4 15.5 0.4839727493
15.55 15.5 15.6 0.4745538492
15.65 15.6 15.7 0.495582267
15.75 15.7 15.8 0.4710785007
15.85 15.8 15.9 0.444379936
15.95 15.9 16 0.4701839357
16.05 16 16.1 0.4528003815
16.15 16.1 16.2 0.4479986119
16.25 16.2 16.3 0.4455199195
16.35 16.3 16.4 0.4317871172
16.45 16.4 16.5 0.434945237
16.55 16.5 16.6 0.3970633402
16.65 16.6 16.7 0.4117298413
16.75 16.7 16.8 0.4067574455
16.85 16.8 16.9 0.4224235113
16.95 16.9 17 0.4191113318
17.05 17 17.1 0.3959092506
17.15 17.1 17.2 0.3965334455
17.25 17.2 17.3 0.3876903308
17.35 17.3 17.4 0.3641707887
17.45 17.4 17.5 0.4004674823
17.55 17.5 17.6 0.3876864252
17.65 17.6 17.7 0.4001769671
17.75 17.7 17.8 0.3707191086
17.85 17.8 17.9 0.3411306131
17.95 17.9 18 0.3599720813
18.05 18 18.1 0.3630467289
18.15 18.1 18.2 0.3651695884
18.25 18.2 18.3 0.3591187714
18.35 18.3 18.4 0.3417859678
18.45 18.4 18.5 0.356749339
18.55 18.5 18.6 0.3469997642
18.65 18.6 18.7 0.350637573
18.75 18.7 18.8 0.3345612878
18.85 18.8 18.9 0.3427566873
18.95 18.9 19 0.3094286569
19.05 19 19.1 0.3023810023
19.15 19.1 19.2 0.3052189111
19.25 19.2 19.3 0.3159414112
19.35 19.3 19.4 0.3146520314
19.45 19.4 19.5 0.3143891418
19.55 19.5 19.6 0.299211658
19.65 19.6 19.7 0.3033837079
19.75 19.7 19.8 0.3005999004
19.85 19.8 19.9 0.2803583546
19.95 19.9 20 0.2683070846
20.05 20 20.1 0.278605712
20.15 20.1 20.2 0.2948960551
20.25 20.2 20.3 0.2752231712
20.35 20.3 20.4 0.2875648451
20.45 20.4 20.5 0.2848614181
20.55 20.5 20.6 0.2732923613
20.65 20.6 20.7 0.2813023065
20.75 20.7 20.8 0.2693808803
20.85 20.8 20.9 0.264210353
20.95 20.9 21 0.2776283002
21.05 21 21.1 0.2620124044
21.15 21.1 21.2 0.2552326828
21.25 21.2 21.3 0.2782124486
21.35 21.3 21.4 0.270813043
21.45 21.4 21.5 0.2662115832
21.55 21.5 21.6 0.2577353018
21.65 21.6 21.7 0.2473790236
21.75 21.7 21.8 0.2487249269
21.85 21.8 21.9 0.2608461819
21.95 21.9 22 0.2448368098
22.05 22 22.1 0.2390481106
22.15 22.1 22.2 0.2320232603
22.25 22.2 22.3 0.2297041062
22.35 22.3 22.4 0.2246996548
22.45 22.4 22.5 0.2355162788
22.55 22.5 22.6 0.2249358238
22.65 22.6 22.7 0.2066223276
22.75 22.7 22.8 0.2165509893
22.85 22.8 22.9 0.2266360187
22.95 22.9 23 0.2215481786
23.05 23 23.1 0.2105099561
23.15 23.1 23.2 0.2290712407
23.25 23.2 23.3 0.2088169247
23.35 23.3 23.4 0.2165481101
23.45 23.4 23.5 0.2002948857
23.55 23.5 23.6 0.1976989898
23.65 23.6 23.7 0.2121469455
23.75 23.7 23.8 0.2118211635
23.85 23.8 23.9 0.1983238597
23.95 23.9 24 0.1911569843
24.05 24 24.1 0.1996455096
24.15 24.1 24.2 0.2069743153
24.25 24.2 24.3 0.1875659155
24.35 24.3 24.4 0.1869421812
24.45 24.4 24.5 0.1980145376
24.55 24.5 24.6 0.185054657
24.65 24.6 24.7 0.1798602629
24.75 24.7 24.8 0.1857838337
24.85 24.8 24.9 0.1856113235
24.95 24.9 25 0.1880956661
25.05 25 25.1 0.1753064159
25.15 25.1 25.2 0.182428747
25.25 25.2 25.3 0.1737597663
25.35 25.3 25.4 0.1848894844
25.45 25.4 25.5 0.1845572162
25.55 25.5 25.6 0.1860008808
25.65 25.6 25.7 0.1988815358
25.75 25.7 25.8 0.1774261489
25.85 25.8 25.9 0.1718906006
25.95 25.9 26 0.1785055553
26.05 26 26.1 0.1759588628
26.15 26.1 26.2 0.1710565424
26.25 26.2 26.3 0.167932787
26.35 26.3 26.4 0.1576701336
26.45 26.4 26.5 0.1514297823
26.55 26.5 26.6 0.1591367875
26.65 26.6 26.7 0.1584226292
26.75 26.7 26.8 0.1523005499
26.85 26.8 26.9 0.1652481767
26.95 26.9 27 0.155274794
27.05 27 27.1 0.1554696132
27.15 27.1 27.2 0.161354612
27.25 27.2 27.3 0.1620448419
27.35 27.3 27.4 0.1499039378
27.45 27.4 27.5 0.1389958244
27.55 27.5 27.6 0.16104668
27.65 27.6 27.7 0.1549750441
27.75 27.7 27.8 0.1525265735
27.85 27.8 27.9 0.15269949
27.95 27.9 28 0.1545402539
28.05 28 28.1 0.137888599
28.15 28.1 28.2 0.1422061383
28.25 28.2 28.3 0.1523832458
28.35 28.3 28.4 0.1411777101
28.45 28.4 28.5 0.1311693066
28.55 28.5 28.6 0.1459198302
28.65 28.6 28.7 0.1335116815
28.75 28.7 28.8 0.1367134409
28.85 28.8 28.9 0.1405764494
28.95 28.9 29 0.1319775077
29.05 29 29.1 0.1401711438
29.15 29.1 29.2 0.1264645988
29.25 29.2 29.3 0.1240325779
29.35 29.3 29.4 0.132497942
29.45 29.4 29.5 0.1375093425
29.55 29.5 29.6 0.1321916455
29.65 29.6 29.7 0.1267965973
29.75 29.7 29.8 0.1492798281
29.85 29.8 29.9 0.1159858504
29.95 29.9 30 0.129695515
30.05 30 30.1 0.1252345517
30.15 30.1 30.2 0.1204585363
30.25 30.2 30.3 0.1226077
30.35 30.3 30.4 0.1092454135
30.45 30.4 30.5 0.1250300549
30.55 30.5 30.6 0.136444699
30.65 30.6 30.7 0.1243480396
30.75 30.7 30.8 0.118528383
30.85 30.8 30.9 0.1112034245
30.95 30.9 31 0.1223179136
31.05 31 31.1 0.1249979589
31.15 31.1 31.2 0.1294137641
31.25 31.2 31.3 0.1110506833
31.35 31.3 31.4 0.1148076323
31.45 31.4 31.5 0.1064309167
31.55 31.5 31.6 0.1127313311
31.65 31.6 31.7 0.1022365979
31.75 31.7 31.8 0.1133892478
31.85 31.8 31.9 0.1133882686
31.95 31.9 32 0.1010275447
32.05 32 32.1 0.1100190216
32.15 32.1 32.2 0.1031940089
32.25 32.2 32.3 0.1085563377
32.35 32.3 32.4 0.1049972135
32.45 32.4 32.5 0.102518699
32.55 32.5 32.6 0.1016357057
32.65 32.6 32.7 0.09669301427
32.75 32.7 32.8 0.1070306427
32.85 32.8 32.9 0.1039538254
32.95 32.9 33 0.09371067123
33.05 33 33.1 0.08493583146
33.15 33.1 33.2 0.1051931465
33.25 33.2 33.3 0.09985524168
33.35 33.3 33.4 0.09676373021
33.45 33.4 33.5 0.1145507657
33.55 33.5 33.6 0.08741192084
33.65 33.6 33.7 0.1024139009
33.75 33.7 33.8 0.09474069075
33.85 33.8 33.9 0.09329664099
33.95 33.9 34 0.08670004333
34.05 34 34.1 0.09752533802
34.15 34.1 34.2 0.09822029472
34.25 34.2 34.3 0.09684106478
34.35 34.3 34.4 0.08965917006
34.45 34.4 34.5 0.09234650883
34.55 34.5 34.6 0.09114326359
34.65 34.6 34.7 0.08914709365
34.75 34.7 34.8 0.08739203323
34.85 34.8 34.9 0.09036591628
34.95 34.9 35 0.08896418417
35.05 35 35.1 0.09059295328
35.15 35.1 35.2 0.08843675986
35.25 35.2 35.3 0.08994828844
35.35 35.3 35.4 0.08268063569
35.45 35.4 35.5 0.09487369735
35.55 35.5 35.6 0.07966009727
35.65 35.6 35.7 0.08219414291
35.75 35.7 35.8 0.07648380588
35.85 35.8 35.9 0.07739521477
35.95 35.9 36 0.08681995508
36.05 36 36.1 0.0859403691
36.15 36.1 36.2 0.08701758501
36.25 36.2 36.3 0.08400118341
36.35 36.3 36.4 0.07980065378
36.45 36.4 36.5 0.06913558775
36.55 36.5 36.6 0.07095279017
36.65 36.6 36.7 0.07641525564
36.75 36.7 36.8 0.06318894376
36.85 36.8 36.9 0.06947313883
36.95 36.9 37 0.07590396716
37.05 37 37.1 0.07539835275
37.15 37.1 37.2 0.08637981168
37.25 37.2 37.3 0.08217394719
37.35 37.3 37.4 0.08092699861
37.45 37.4 37.5 0.08066490945
37.55 37.5 37.6 0.07823159094
37.65 37.6 37.7 0.06929861065
37.75 37.7 37.8 0.06629871328
37.85 37.8 37.9 0.06750080359
37.95 37.9 38 0.0735113081
38.05 38 38.1 0.06786438699
38.15 38.1 38.2 0.0684851811
38.25 38.2 38.3 0.06977234036
38.35 38.3 38.4 0.06504512553
38.45 38.4 38.5 0.08080615342
38.55 38.5 38.6 0.07066391004
38.65 38.6 38.7 0.07518259802
38.75 38.7 38.8 0.05534241737
38.85 38.8 38.9 0.06605819736
38.95 38.9 39 0.05958211953
39.05 39 39.1 0.07247065637
39.15 39.1 39.2 0.06074753083
39.25 39.2 39.3 0.07238001696
39.35 39.3 39.4 0.04811598428
39.45 39.4 39.5 0.06931351634
39.55 39.5 39.6 0.05285231403
39.65 39.6 39.7 0.05996720417
39.75 39.7 39.8 0.06418962504
39.85 39.8 39.9 0.06110671114
39.95 39.9 40 0.06098976525
40.05 40 40.1 0.06943881906
40.15 40.1 40.2 0.04878762523
40.25 40.2 40.3 0.06011405671
40.35 40.3 40.4 0.05265376942
40.45 40.4 40.5 0.06542182224
40.55 40.5 40.6 0.05672619414
40.65 40.6 40.7 0.06004406396
40.75 40.7 40.8 0.05398636787
40.85 40.8 40.9 0.05280192033
40.95 40.9 41 0.05867201833
41.05 41 41.1 0.04824697757
41.15 41.1 41.2 0.04598984636
41.25 41.2 41.3 0.05473377971
41.35 41.3 41.4 0.05607613784
41.45 41.4 41.5 0.0470727354
41.55 41.5 41.6 0.04585557517
41.65 41.6 41.7 0.05453459593
41.75 41.7 41.8 0.05270033215
41.85 41.8 41.9 0.05474694533
41.95 41.9 42 0.05325557386
42.05 42 42.1 0.04917052542
42.15 42.1 42.2 0.0508502129
42.25 42.2 42.3 0.04912715122
42.35 42.3 42.4 0.05479605454
42.45 42.4 42.5 0.05381949398
42.55 42.5 42.6 0.05303547068
42.65 42.6 42.7 0.0403350068
42.75 42.7 42.8 0.06667183426
42.85 42.8 42.9 0.05108555264
42.95 42.9 43 0.05387265262
43.05 43 43.1 0.05260166226
43.15 43.1 43.2 0.03923496953
43.25 43.2 43.3 0.04759589751
43.35 43.3 43.4 0.04766962014
43.45 43.4 43.5 0.05540965869
43.55 43.5 43.6 0.04754480333
43.65 43.6 43.7 0.05116974884
43.75 43.7 43.8 0.05573549498
43.85 43.8 43.9 0.05205174653
43.95 43.9 44 0.04208369631
44.05 44 44.1 0.04961481055
44.15 44.1 44.2 0.0496778888
44.25 44.2 44.3 0.04726017343
44.35 44.3 44.4 0.03923909466
44.45 44.4 44.5 0.05025716441
44.55 44.5 44.6 0.04191772486
44.65 44.6 44.7 0.04265661807
44.75 44.7 44.8 0.04222265772
44.85 44.8 44.9 0.05035537453
44.95 44.9 45 0.05351456151
45.05 45 45.1 0.04162037495
45.15 45.1 45.2 0.03145148347
45.25 45.2 45.3 0.03855636511
45.35 45.3 45.4 0.04365743935
45.45 45.4 45.5 0.05099861334
45.55 45.5 45.6 0.04463099993
45.65 45.6 45.7 0.0371658605
45.75 45.7 45.8 0.03846430397
45.85 45.8 45.9 0.04305283305
45.95 45.9 46 0.04596134399
46.05 46 46.1 0.04026386322
46.15 46.1 46.2 0.03370809796
46.25 46.2 46.3 0.03573742637
46.35 46.3 46.4 0.03946355594
46.45 46.4 46.5 0.04200225377
46.55 46.5 46.6 0.04863440792
46.65 46.6 46.7 0.03884100038
46.75 46.7 46.8 0.03826411713
46.85 46.8 46.9 0.03307684429
46.95 46.9 47 0.0330572899
47.05 47 47.1 0.03813251105
47.15 47.1 47.2 0.03890024031
47.25 47.2 47.3 0.04090273029
47.35 47.3 47.4 0.02889233078
47.45 47.4 47.5 0.0427956227
47.55 47.5 47.6 0.04049001525
47.65 47.6 47.7 0.03639243055
47.75 47.7 47.8 0.03866946695
47.85 47.8 47.9 0.0497449114
47.95 47.9 48 0.03942648182
48.05 48 48.1 0.03890372399
48.15 48.1 48.2 0.03887274932
48.25 48.2 48.3 0.03464526602
48.35 48.3 48.4 0.03283224689
48.45 48.4 48.5 0.03436686004
48.55 48.5 48.6 0.03612765934
48.65 48.6 48.7 0.04176725519
48.75 48.7 48.8 0.03521301425
48.85 48.8 48.9 0.03687592412
48.95 48.9 49 0.03617079605
49.05 49 49.1 0.02754872862
49.15 49.1 49.2 0.02934729658
49.25 49.2 49.3 0.03884144083
49.35 49.3 49.4 0.0278249256
49.45 49.4 49.5 0.03386683283
49.55 49.5 49.6 0.03322084653
49.65 49.6 49.7 0.03792572915
49.75 49.7 49.8 0.02852133764
49.85 49.8 49.9 0.04182399974
49.95 49.9 50 0.0317162572
50.05 50 50.1 0.03450627585
50.15 50.1 50.2 0.03125375989
50.25 50.2 50.3 0.02973399485
50.35 50.3 50.4 0.03040578069
50.45 50.4 50.5 0.03675165678
50.55 50.5 50.6 0.03438821518
50.65 50.6 50.7 0.02932663546
50.75 50.7 50.8 0.03271938607
50.85 50.8 50.9 0.02984257624
50.95 50.9 51 0.03005629927
51.05 51 51.1 0.03465645636
51.15 51.1 51.2 0.02486710246
51.25 51.2 51.3 0.03181617511
51.35 51.3 51.4 0.03339858018
51.45 51.4 51.5 0.03691568317
51.55 51.5 51.6 0.02391515246
51.65 51.6 51.7 0.03325923332
51.75 51.7 51.8 0.03386841012
51.85 51.8 51.9 0.03053332105
51.95 51.9 52 0.03594385431
52.05 52 52.1 0.03365674348
52.15 52.1 52.2 0.02536082236
52.25 52.2 52.3 0.0276200625
52.35 52.3 52.4 0.02506320878
52.45 52.4 52.5 0.02824397406
52.55 52.5 52.6 0.02044190042
52.65 52.6 52.7 0.0170268608
52.75 52.7 52.8 0.02128803769
52.85 52.8 52.9 0.02259341096
52.95 52.9 53 0.0287909056
53.05 53 53.1 0.02563395542
53.15 53.1 53.2 0.025526422
53.25 53.2 53.3 0.02732311649
53.35 53.3 53.4 0.02788258893
53.45 53.4 53.5 0.03038409676
53.55 53.5 53.6 0.01859005136
53.65 53.6 53.7 0.03043937543
53.75 53.7 53.8 0.02038661579
53.85 53.8 53.9 0.02603750052
53.95 53.9 54 0.02575380788
54.05 54 54.1 0.02401956483
54.15 54.1 54.2 0.02604944221
54.25 54.2 54.3 0.02040034728
54.35 54.3 54.4 0.02228259956
54.45 54.4 54.5 0.02864547353
54.55 54.5 54.6 0.02020114487
54.65 54.6 54.7 0.02132077209
54.75 54.7 54.8 0.01628735392
54.85 54.8 54.9 0.01578024552
54.95 54.9 55 0.02038963383
55.05 55 55.1 0.01673600415
55.15 55.1 55.2 0.02486218533
55.25 55.2 55.3 0.017387803
55.35 55.3 55.4 0.02275099592
55.45 55.4 55.5 0.01971017285
55.55 55.5 55.6 0.02715327876
55.65 55.6 55.7 0.01108560368
55.75 55.7 55.8 0.02472126885
55.85 55.8 55.9 0.02719671766
55.95 55.9 56 0.0178836319
56.05 56 56.1 0.02650408955
56.15 56.1 56.2 0.0182098777
56.25 56.2 56.3 0.01982054454
56.35 56.3 56.4 0.01994253404
56.45 56.4 56.5 0.02268814585
56.55 56.5 56.6 0.01690002172
56.65 56.6 56.7 0.02488818713
56.75 56.7 56.8 0.02012198525
56.85 56.8 56.9 0.02446511579
56.95 56.9 57 0.01995144509
57.05 57 57.1 0.01968579939
57.15 57.1 57.2 0.01641624251
57.25 57.2 57.3 0.02033270719
57.35 57.3 57.4 0.0130164864
57.45 57.4 57.5 0.02096207666
57.55 57.5 57.6 0.01145702684
57.65 57.6 57.7 0.02365117646
57.75 57.7 57.8 0.02596305139
57.85 57.8 57.9 0.0166159279
57.95 57.9 58 0.02438128341
58.05 58 58.1 0.01669258795
58.15 58.1 58.2 0.01800401322
58.25 58.2 58.3 0.01462456628
58.35 58.3 58.4 0.0228351397
58.45 58.4 58.5 0.01919418706
58.55 58.5 58.6 0.01940105128
58.65 58.6 58.7 0.02461837925
58.75 58.7 58.8 0.0246804342
58.85 58.8 58.9 0.01952535467
58.95 58.9 59 0.022736796
59.05 59 59.1 0.0163804448
59.15 59.1 59.2 0.0175036708
59.25 59.2 59.3 0.01426351326
59.35 59.3 59.4 0.02284812251
59.45 59.4 59.5 0.02451497377
59.55 59.5 59.6 0.02198399074
59.65 59.6 59.7 0.02322751824
59.75 59.7 59.8 0.01943527675
59.85 59.8 59.9 0.01175745534
59.95 59.9 60 0.02331894145
60.05 60 60.1 0.01711501255
60.15 60.1 60.2 0.01925593821
60.25 60.2 60.3 0.02031441819
60.35 60.3 60.4 0.01696786592
60.45 60.4 60.5 0.02222577396
60.55 60.5 60.6 0.01441343717
60.65 60.6 60.7 0.01238647575
60.75 60.7 60.8 0.01610079119
60.85 60.8 60.9 0.01765509868
60.95 60.9 61 0.009764441326
61.05 61 61.1 0.01365092761
61.15 61.1 61.2 0.01447119563
61.25 61.2 61.3 0.01631930754
61.35 61.3 61.4 0.01844610914
61.45 61.4 61.5 0.01988541615
61.55 61.5 61.6 0.01436159177
61.65 61.6 61.7 0.01739947505
61.75 61.7 61.8 0.01762693779
61.85 61.8 61.9 0.009167101733
61.95 61.9 62 0.01723113396
62.05 62 62.1 0.02301824339
62.15 62.1 62.2 0.01809164517
62.25 62.2 62.3 0.02151713339
62.35 62.3 62.4 0.01983187648
62.45 62.4 62.5 0.01873870605
62.55 62.5 62.6 0.02218474732
62.65 62.6 62.7 0.01376104213
62.75 62.7 62.8 0.02066991635
62.85 62.8 62.9 0.01734212781
62.95 62.9 63 0.01871813943
63.05 63 63.1 0.01790479882
63.15 63.1 63.2 0.02134702611
63.25 63.2 63.3 0.009378060163
63.35 63.3 63.4 0.01542238723
63.45 63.4 63.5 0.01210446317
63.55 63.5 63.6 0.01914268373
63.65 63.6 63.7 0.02267415201
63.75 63.7 63.8 0.01406229749
63.85 63.8 63.9 0.01248248458
63.95 63.9 64 0.01709599185
64.05 64 64.1 0.01863722362
64.15 64.1 64.2 0.01016777452
64.25 64.2 64.3 0.0157516029
64.35 64.3 64.4 0.006991013646
64.45 64.4 64.5 0.01196037392
64.55 64.5 64.6 0.0203670382
64.65 64.6 64.7 0.01932340625
64.75 64.7 64.8 0.009999449844
64.85 64.8 64.9 0.01554765413
64.95 64.9 65 0.01180468485
65.05 65 65.1 0.01736530237
65.15 65.1 65.2 0.01702099468
65.25 65.2 65.3 0.01599284659
65.35 65.3 65.4 0.0143293378
65.45 65.4 65.5 0.02013669026
65.55 65.5 65.6 0.009824546788
65.65 65.6 65.7 0.01027036301
65.75 65.7 65.8 0.01509812851
65.85 65.8 65.9 0.01934455376
65.95 65.9 66 0.01668991923
66.05 66 66.1 0.007921900043
66.15 66.1 66.2 0.01320366417
66.25 66.2 66.3 0.01755482468
66.35 66.3 66.4 0.0111269071
66.45 66.4 66.5 0.009663923237
66.55 66.5 66.6 0.009656100889
66.65 66.6 66.7 0.01141045489
66.75 66.7 66.8 0.01676841909
66.85 66.8 66.9 0.0138807843
66.95 66.9 67 0.01210531543
67.05 67 67.1 0.009349386632
67.15 67.1 67.2 0.01562293099
67.25 67.2 67.3 0.006969795768
67.35 67.3 67.4 0.01328882358
67.45 67.4 67.5 0.01488027873
67.55 67.5 67.6 0.006481451837
67.65 67.6 67.7 0.01389264372
67.75 67.7 67.8 0.01449698624
67.85 67.8 67.9 0.01200156658
67.95 67.9 68 0.009384449098
68.05 68 68.1 0.01074792184
68.15 68.1 68.2 0.006529781299
68.25 68.2 68.3 0.00891606465
68.35 68.3 68.4 0.008243781692
68.45 68.4 68.5 0.005916585855
68.55 68.5 68.6 0.01365698716
68.65 68.6 68.7 0.007480731573
68.75 68.7 68.8 0.01334655701
68.85 68.8 68.9 0.01408381749
68.95 68.9 69 0.01071057539
69.05 69 69.1 0.01348314407
69.15 69.1 69.2 0.009706723266
69.25 69.2 69.3 0.01047843937
69.35 69.3 69.4 0.008763266042
69.45 69.4 69.5 0.01124945655
69.55 69.5 69.6 0.009905239067
69.65 69.6 69.7 0.008228392662
69.75 69.7 69.8 0.007387921506
69.85 69.8 69.9 0.0116219521
69.95 69.9 70 0.006148054243
70.05 70 70.1 0.01184829055
70.15 70.1 70.2 0.004455361698
70.25 70.2 70.3 0.008594104822
70.35 70.3 70.4 0.01079280656
70.45 70.4 70.5 0.007006339536
70.55 70.5 70.6 0.01424092679
70.65 70.6 70.7 0.007084832802
70.75 70.7 70.8 0.009125483258
70.85 70.8 70.9 0.01141336544
70.95 70.9 71 0.01217046188
71.05 71 71.1 0.01612382262
71.15 71.1 71.2 0.008384408179
71.25 71.2 71.3 0.01167831572
71.35 71.3 71.4 0.00651483253
71.45 71.4 71.5 0.01188271716
71.55 71.5 71.6 0.008012509797
71.65 71.6 71.7 0.01487680262
71.75 71.7 71.8 0.007932916019
71.85 71.8 71.9 0.01296798495
71.95 71.9 72 0.01155306681
72.05 72 72.1 0.00879067682
72.15 72.1 72.2 0.01429912484
72.25 72.2 72.3 0.009498313449
72.35 72.3 72.4 0.01253422005
72.45 72.4 72.5 0.01382613406
72.55 72.5 72.6 0.0114427735
72.65 72.6 72.7 0.00972356815
72.75 72.7 72.8 0.00946106841
72.85 72.8 72.9 0.003744164379
72.95 72.9 73 0.01481766121
73.05 73 73.1 0.01239361768
73.15 73.1 73.2 0.008581562289
73.25 73.2 73.3 0.007871301763
73.35 73.3 73.4 0.005078950724
73.45 73.4 73.5 0.009912646968
73.55 73.5 73.6 0.008808185931
73.65 73.6 73.7 0.009987813717
73.75 73.7 73.8 0.008935549165
73.85 73.8 73.9 0.008411672684
73.95 73.9 74 0.01424140307
74.05 74 74.1 0.0115807914
74.15 74.1 74.2 0.00313635508
74.25 74.2 74.3 0.0035011629
74.35 74.3 74.4 0.007059529111
74.45 74.4 74.5 0.008749129444
74.55 74.5 74.6 0.01006369156
74.65 74.6 74.7 0.007853305595
74.75 74.7 74.8 0.001833467869
74.85 74.8 74.9 0.007585891606
74.95 74.9 75 0.002258728748
75.05 75 75.1 0.004995789131
75.15 75.1 75.2 0.0005646737307
75.25 75.2 75.3 0.01021150094
75.35 75.3 75.4 0.008261840944
75.45 75.4 75.5 0.001599997555
75.55 75.5 75.6 0.004357920537
75.65 75.6 75.7 0.01024636239
75.75 75.7 75.8 0.008546860713
75.85 75.8 75.9 0.01306141888
75.95 75.9 76 0.009590132934
76.05 76 76.1 0.009228128142
76.15 76.1 76.2 0.00782064711
76.25 76.2 76.3 0.006377027557
76.35 76.3 76.4 0.009881486535
76.45 76.4 76.5 0.0007216519463
76.55 76.5 76.6 0.001970436829
76.65 76.6 76.7 0.006503904307
76.75 76.7 76.8 0.01228472421
76.85 76.8 76.9 0.00421472146
76.95 76.9 77 0.005572571478
77.05 77 77.1 0.007133355911
77.15 77.1 77.2 0.004986144679
77.25 77.2 77.3 0.008452188539
77.35 77.3 77.4 0.007428300846
77.45 77.4 77.5 0.005451261076
77.55 77.5 77.6 0.007879798212
77.65 77.6 77.7 0.005523985855
77.75 77.7 77.8 0.001185134225
77.85 77.8 77.9 0.002487003192
77.95 77.9 78 0.006754193017
78.05 78 78.1 0.005558205402
78.15 78.1 78.2 0.01319188631
78.25 78.2 78.3 0.008596608209
78.35 78.3 78.4 0.01044490112
78.45 78.4 78.5 0.002983648273
78.55 78.5 78.6 0.011423023
78.65 78.6 78.7 0.005602706744
78.75 78.7 78.8 0.008229070867
78.85 78.8 78.9 0.009977299314
78.95 78.9 79 0.007962409116
79.05 79 79.1 0.008485035523
79.15 79.1 79.2 0.002751556552
79.25 79.2 79.3 0.001635612757
79.35 79.3 79.4 0.002370950536
79.45 79.4 79.5 0.006728246849
79.55 79.5 79.6 0.006219822113
79.65 79.6 79.7 0.006033647984
79.75 79.7 79.8 0.004925302045
79.85 79.8 79.9 0.00551542091
79.95 79.9 80 0.01132105915
80.05 80 80.1 0.00372650409
80.15 80.1 80.2 0.001089656003
80.25 80.2 80.3 0.007794127953
80.35 80.3 80.4 0.005770771002
80.45 80.4 80.5 0.007972692305
80.55 80.5 80.6 0.005494956194
80.65 80.6 80.7 0.00667146079
80.75 80.7 80.8 0.002414394816
80.85 80.8 80.9 0.0042287002
80.95 80.9 81 0.002904372635
81.05 81 81.1 0.005535149199
81.15 81.1 81.2 0.007814683751
81.25 81.2 81.3 0.005797351447
81.35 81.3 81.4 0.007830693686
81.45 81.4 81.5 0.003744566502
81.55 81.5 81.6 0.006625940683
81.65 81.6 81.7 0.003780893664
81.75 81.7 81.8 0.001991495192
81.85 81.8 81.9 0.01112262982
81.95 81.9 82 0.006334400533
82.05 82 82.1 0.007852810727
82.15 82.1 82.2 0.003340280613
82.25 82.2 82.3 0.007012238118
82.35 82.3 82.4 0.01067383983
82.45 82.4 82.5 0.007303487506
82.55 82.5 82.6 0.009303107448
82.65 82.6 82.7 0.003988964349
82.75 82.7 82.8 0.01173079412
82.85 82.8 82.9 0.008338656689
82.95 82.9 83 0.007400755683
83.05 83 83.1 0.00116650903
83.15 83.1 83.2 0.00589386421
83.25 83.2 83.3 0.005113752546
83.35 83.3 83.4 0.008020584744
83.45 83.4 83.5 0.007501052155
83.55 83.5 83.6 0.007583352114
83.65 83.6 83.7 0.004879689744
83.75 83.7 83.8 0.007412270958
83.85 83.8 83.9 0.006968060348
83.95 83.9 84 0.004434351272
84.05 84 84.1 0.003334828936
84.15 84.1 84.2 0.01026232914
84.25 84.2 84.3 0.001480382582
84.35 84.3 84.4 0.006744581923
84.45 84.4 84.5 0.003034684708
84.55 84.5 84.6 0.007681279143
84.65 84.6 84.7 0.001164636047
84.75 84.7 84.8 0.004943988165
84.85 84.8 84.9 0.003143433789
84.95 84.9 85 0.004544526168
85.05 85 85.1 0.008351620722
85.15 85.1 85.2 0.00595851807
85.25 85.2 85.3 0.0004407256361
85.35 85.3 85.4 0.003206273381
85.45 85.4 85.5 0.001252669918
85.55 85.5 85.6 0.005848048971
85.65 85.6 85.7 0.01065151715
85.75 85.7 85.8 0.0001425024252
85.85 85.8 85.9 0.002025176005
85.95 85.9 86 0.002746371692
86.05 86 86.1 0.007259581979
86.15 86.1 86.2 0.007338028837
86.25 86.2 86.3 0.006707800989
86.35 86.3 86.4 0.004249635782
86.45 86.4 86.5 0.01070838717
86.55 86.5 86.6 0.004729962859
86.65 86.6 86.7 0.005763063456
86.75 86.7 86.8 0.004352086051
86.85 86.8 86.9 0.007132621156
86.95 86.9 87 0.003516451046
87.05 87 87.1 0.006276430277
87.15 87.1 87.2 0.006912164443
87.25 87.2 87.3 0.00685535963
87.35 87.3 87.4 0.007668391089
87.45 87.4 87.5 0.0003188994441
87.55 87.5 87.6 0.007586453565
87.65 87.6 87.7 0.005306266972
87.75 87.7 87.8 0.005280945059
87.85 87.8 87.9 0.003258520511
87.95 87.9 88 0.005616387384
88.05 88 88.1 0.007455690764
88.15 88.1 88.2 0.005875449355
88.25 88.2 88.3 0.007784675963
88.35 88.3 88.4 0.001859901692
88.45 88.4 88.5 0.004690814047
88.55 88.5 88.6 0.005478352965
88.65 88.6 88.7 0.004799323351
88.75 88.7 88.8 0.007788486477
88.85 88.8 88.9 0.004117467701
88.95 88.9 89 0.001387456303
89.05 89 89.1 0.002528074886
89.15 89.1 89.2 0.005663015829
89.25 89.2 89.3 0.003110707341
89.35 89.3 89.4 0.005275153453
89.45 89.4 89.5 0.004887334216
89.55 89.5 89.6 0.004580342791
89.65 89.6 89.7 0.002237609948
89.75 89.7 89.8 0.00603428115
89.85 89.8 89.9 0.006396137835
89.95 89.9 90 0.001218637268
90.05 90 90.1 0.005828823261
90.15 90.1 90.2 0.006717558648
90.25 90.2 90.3 0.004295705666
90.35 90.3 90.4 0.003908517684
90.45 90.4 90.5 0.007617043909
90.55 90.5 90.6 0.006851135605
90.65 90.6 90.7 0.005664733068
90.75 90.7 90.8 -0.0004317793256
90.85 90.8 90.9 0.006791192491
90.95 90.9 91 0.004391935223
91.05 91 91.1 0.00913033543
91.15 91.1 91.2 0.005905811437
91.25 91.2 91.3 0.006218710991
91.35 91.3 91.4 0.009086166056
91.45 91.4 91.5 0.005282404161
91.55 91.5 91.6 0.003698747673
91.65 91.6 91.7 0.004503380659
91.75 91.7 91.8 0.001633623747
91.85 91.8 91.9 0.01031339502
91.95 91.9 92 0.003490324265
92.05 92 92.1 0.007132115409
92.15 92.1 92.2 0.001722613943
92.25 92.2 92.3 0.00462995781
92.35 92.3 92.4 0.008179439487
92.45 92.4 92.5 0.004441282869
92.55 92.5 92.6 0.005147243898
92.65 92.6 92.7 0.005428337171
92.75 92.7 92.8 0.00371366031
92.85 92.8 92.9 0.00487029351
92.95 92.9 93 0.003833724899
93.05 93 93.1 0.004229935739
93.15 93.1 93.2 0.003087042403
93.25 93.2 93.3 0.007460111038
93.35 93.3 93.4 0.003298202906
93.45 93.4 93.5 0.002765773513
93.55 93.5 93.6 0.003149871903
93.65 93.6 93.7 0.006379109523
93.75 93.7 93.8 0.00513001953
93.85 93.8 93.9 0.004309267334
93.95 93.9 94 0.003219701713
94.05 94 94.1 0.007391517136
94.15 94.1 94.2 0.004980046184
94.25 94.2 94.3 0.006073770032
94.35 94.3 94.4 0.003902150638
94.45 94.4 94.5 0.004508621066
94.55 94.5 94.6 0.004864599148
94.65 94.6 94.7 0.002130280738
94.75 94.7 94.8 0.0008265895242
94.85 94.8 94.9 0.004540848256
94.95 94.9 95 0.002354280946
95.05 95 95.1 0.003291239183
95.15 95.1 95.2 0.001408588499
95.25 95.2 95.3 0.002122697002
95.35 95.3 95.4 0.003384591177
95.45 95.4 95.5 0.005497978924
95.55 95.5 95.6 0.005489090252
95.65 95.6 95.7 0.004170488882
95.75 95.7 95.8 0.002630389727
95.85 95.8 95.9 0.0006008119194
95.95 95.9 96 0.007352103249
96.05 96 96.1 0.002218601597
96.15 96.1 96.2 0.004763855018
96.25 96.2 96.3 -0.0007047076779
96.35 96.3 96.4 0.002100049791
96.45 96.4 96.5 0.003524088373
96.55 96.5 96.6 0.00108265632
96.65 96.6 96.7 0.006383571453
96.75 96.7 96.8 0.001865066175
96.85 96.8 96.9 0.005804987796
96.95 96.9 97 -0.000388937632
97.05 97 97.1 0.001805046918
97.15 97.1 97.2 0.006331283818
97.25 97.2 97.3 0.00600669062
97.35 97.3 97.4 0.005279777373
97.45 97.4 97.5 0.003546738332
97.55 97.5 97.6 0.002097956873
97.65 97.6 97.7 0.00110779179
97.75 97.7 97.8 0.004764671853
97.85 97.8 97.9 0.003190017652
97.95 97.9 98 0.002313938491
98.05 98 98.1 0.005092305491
98.15 98.1 98.2 0.003690166126
98.25 98.2 98.3 -0.001859088557
98.35 98.3 98.4 0.004832716173
98.45 98.4 98.5 0.001709309085
98.55 98.5 98.6 0.001935017193
98.65 98.6 98.7 0.003705239111
98.75 98.7 98.8 0.004091601062
98.85 98.8 98.9 0.0005537279707
98.95 98.9 99 0.002763105627
99.05 99 99.1 0.001507939764
99.15 99.1 99.2 0.002704505367
99.25 99.2 99.3 0.002296103531
99.35 99.3 99.4 -0.001547530889
99.45 99.4 99.5 0.001664493866
99.55 99.5 99.6 0.006652146585
99.65 99.6 99.7 0.002991314549
99.75 99.7 99.8 0.002146589115
99.85 99.8 99.9 0.00295252641
99.95 99.9 100 0.002130019032
100.05 100 100.1 0.004779492733
100.15 100.1 100.2 0.001998786443
100.25 100.2 100.3 0.001037733991
100.35 100.3 100.4 0.002695615877
100.45 100.4 100.5 0.001901681512
100.55 100.5 100.6 0.005844300657
100.65 100.6 100.7 0.0003926686967
100.75 100.7 100.8 0.004519648631
100.85 100.8 100.9 0.003555490378
100.95 100.9 101 0.004504449258
101.05 101 101.1 0.005752398847
101.15 101.1 101.2 0.005938779949
101.25 101.2 101.3 0.002936902363
101.35 101.3 101.4 0.002847304892
101.45 101.4 101.5 0.001637632622
101.55 101.5 101.6 -0.001561353208
101.65 101.6 101.7 0.005375327345
101.75 101.7 101.8 0.001555066875
101.85 101.8 101.9 0.0007383918253
101.95 101.9 102 0.0007176809775
102.05 102 102.1 -0.001124475541
102.15 102.1 102.2 0.005144383848
102.25 102.2 102.3 0.002325039815
102.35 102.3 102.4 0.001734636312
102.45 102.4 102.5 0.004689196549
102.55 102.5 102.6 -0.001220518106
102.65 102.6 102.7 0.003743519204
102.75 102.7 102.8 0.00256949099
102.85 102.8 102.9 0.0037441731
102.95 102.9 103 0.001948811061
103.05 103 103.1 0.004205309789
103.15 103.1 103.2 0.007442647895
103.25 103.2 103.3 -0.0001423600027
103.35 103.3 103.4 0.003766221176
103.45 103.4 103.5 0.004963428684
103.55 103.5 103.6 0.0004015935219
103.65 103.6 103.7 0.002976774698
103.75 103.7 103.8 -0.001895190102
103.85 103.8 103.9 -0.0005837347643
103.95 103.9 104 0.001081567462
104.05 104 104.1 0.0005320929802
104.15 104.1 104.2 0.004591414587
104.25 104.2 104.3 0.001607679026
104.35 104.3 104.4 0.003665668163
104.45 104.4 104.5 0.001534206466
104.55 104.5 104.6 0.002129590117
104.65 104.6 104.7 -6.111254337e-05
104.75 104.7 104.8 0.003295596345
104.85 104.8 104.9 0.0004355372951
104.95 104.9 105 0.0009906971623
105.05 105 105.1 0.002599698873
105.15 105.1 105.2 0.001372139833
105.25 105.2 105.3 -0.001282788617
105.35 105.3 105.4 0.004874780918
105.45 105.4 105.5 0.003816417952
105.55 105.5 105.6 0.0001555632424
105.65 105.6 105.7 0.004518591331
105.75 105.7 105.8 0.002145506648
105.85 105.8 105.9 -0.002404333216
105.95 105.9 106 0.004936083267
106.05 106 106.1 0.001499364905
106.15 106.1 106.2 0.004664827493
106.25 106.2 106.3 0.003215681098
106.35 106.3 106.4 0.002707805636
106.45 106.4 106.5 0.004970822663
106.55 106.5 106.6 0.001235823879
106.65 106.6 106.7 6.480033028e-05
106.75 106.7 106.8 -0.0001840624286
106.85 106.8 106.9 -0.001654665284
106.95 106.9 107 0.003104522333
107.05 107 107.1 -0.0001040033115
107.15 107.1 107.2 0.001296179318
107.25 107.2 107.3 -0.001125025096
107.35 107.3 107.4 -0.001109509194
107.45 107.4 107.5 0.0002255626742
107.55 107.5 107.6 0.004088505819
107.65 107.6 107.7 0.0005724199167
107.75 107.7 107.8 0.001242645482
107.85 107.8 107.9 0.002478873419
107.95 107.9 108 0.0007509182187
108.05 108 108.1 0.002688456934
108.15 108.1 108.2 0.001652526023
108.25 108.2 108.3 0.000370693498
108.35 108.3 108.4 -0.0009315961542
108.45 108.4 108.5 -1.55800399e-05
108.55 108.5 108.6 0.001752329389
108.65 108.6 108.7 -0.001188794937
108.75 108.7 108.8 0.001887596119
108.85 108.8 108.9 0.00109377975
108.95 108.9 109 0.0024543191
109.05 109 109.1 0.001806203581
109.15 109.1 109.2 -6.421315701e-05
109.25 109.2 109.3 -0.002707877475
109.35 109.3 109.4 0.001704642716
109.45 109.4 109.5 0.004478727433
109.55 109.5 109.6 -0.0005186613297
109.65 109.6 109.7 0.001015097606
109.75 109.7 109.8 0.001578774697
109.85 109.8 109.9 1.139264676e-05
109.95 109.9 110 0.001796538572
110.05 110 110.1 -0.001242034874
110.15 110.1 110.2 0.0003142788732
110.25 110.2 110.3 -0.001081947383
110.35 110.3 110.4 0.0001923083665
110.45 110.4 110.5 0.0004816114874
110.55 110.5 110.6 0.003679293351
110.65 110.6 110.7 9.608433601e-05
110.75 110.7 110.8 -0.0009808748289
110.85 110.8 110.9 0.004153851909
110.95 110.9 111 0.002455313657
111.05 111 111.1 -0.0020055969
111.15 111.1 111.2 0.001834927694
111.25 111.2 111.3 -0.0008694178909
111.35 111.3 111.4 -0.001303915509
111.45 111.4 111.5 -8.96581215e-05
111.55 111.5 111.6 4.806206016e-05
111.65 111.6 111.7 0.00118315402
111.75 111.7 111.8 -0.0008890078894
111.85 111.8 111.9 0.002743554592
111.95 111.9 112 0.002448717684
112.05 112 112.1 0.002205017566
112.15 112.1 112.2 0.005427538872
112.25 112.2 112.3 -0.003827489689
112.35 112.3 112.4 0.003109729981
112.45 112.4 112.5 0.002002025932
112.55 112.5 112.6 -0.0002568750247
112.65 112.6 112.7 -0.000825377652
112.75 112.7 112.8 0.007520806156
112.85 112.8 112.9 -9.156648571e-06
112.95 112.9 113 -0.0003689011065
113.05 113 113.1 0.003041191116
113.15 113.1 113.2 -0.0002317815303
113.25 113.2 113.3 -0.004137455993
113.35 113.3 113.4 0.001006540869
113.45 113.4 113.5 -0.002549628802
113.55 113.5 113.6 -0.001710054226
113.65 113.6 113.7 -0.001852169709
113.75 113.7 113.8 0.003156978429
113.85 113.8 113.9 -0.0006108099671
113.95 113.9 114 0.003159518959
114.05 114 114.1 -0.0006951854742
114.15 114.1 114.2 -0.00329226012
114.25 114.2 114.3 0.005153053546
114.35 114.3 114.4 -0.003972159482
114.45 114.4 114.5 -0.002051862454
114.55 114.5 114.6 0.002467754203
114.65 114.6 114.7 -0.001844340121
114.75 114.7 114.8 -0.0002602721053
114.85 114.8 114.9 -0.003127448018
114.95 114.9 115 0.002560158094
115.05 115 115.1 -0.0008042260971
115.15 115.1 115.2 -0.002052913426
115.25 115.2 115.3 1.840227323e-05
115.35 115.3 115.4 -0.00328787156
115.45 115.4 115.5 -0.004359920911
115.55 115.5 115.6 -0.002821906652
115.65 115.6 115.7 -0.003882928207
115.75 115.7 115.8 -0.002256867867
115.85 115.8 115.9 -0.002449003727
115.95 115.9 116 -0.002799423603
116.05 116 116.1 -0.003594740148
116.15 116.1 116.2 0.002747986947
116.25 116.2 116.3 -0.0005234255284
116.35 116.3 116.4 -0.0009004668394
116.45 116.4 116.5 -0.006188069944
116.55 116.5 116.6 -0.0004475789674
116.65 116.6 116.7 -0.002168787165
116.75 116.7 116.8 -0.006504120277
116.85 116.8 116.9 0.0008858213466
116.95 116.9 117 -0.001874589704
117.05 117 117.1 -0.001544584086
117.15 117.1 117.2 0.001004306072
117.25 117.2 117.3 -0.0005144749096
117.35 117.3 117.4 -0.002836815535
117.45 117.4 117.5 -0.002331273011
117.55 117.5 117.6 -0.0006532471615
117.65 117.6 117.7 -0.001151949068
117.75 117.7 117.8 0.0005156225407
117.85 117.8 117.9 0.00107689676
117.95 117.9 118 -0.001774773488
118.05 118 118.1 -0.0003109771499
118.15 118.1 118.2 0.002419346929
118.25 118.2 118.3 -0.003485647667
118.35 118.3 118.4 -0.003266787827
118.45 118.4 118.5 0.001282329438
118.55 118.5 118.6 -0.004089075499
118.65 118.6 118.7 -0.004163066786
118.75 118.7 118.8 -0.0008893821685
118.85 118.8 118.9 -0.003613291603
118.95 118.9 119 -0.0006504019103
119.05 119 119.1 0.001274758868
119.15 119.1 119.2 -0.001685077587
119.25 119.2 119.3 0.001017331864
119.35 119.3 119.4 -0.001713738831
119.45 119.4 119.5 -0.0004229163652
119.55 119.5 119.6 -0.0005763410926
119.65 119.6 119.7 -0.001619984691
119.75 119.7 119.8 -0.002770636389
119.85 119.8 119.9 -0.0005027407968
119.95 119.9 120 0.0008117743098
120.05 120 120.1 -0.0009149603501
120.15 120.1 120.2 -0.005872775155
120.25 120.2 120.3 -0.0008968038838
120.35 120.3 120.4 -0.002886682837
120.45 120.4 120.5 -0.004555211408
120.55 120.5 120.6 -0.004635147549
120.65 120.6 120.7 -0.003347484551
120.75 120.7 120.8 -0.002808194735
120.85 120.8 120.9 -0.002202187191
120.95 120.9 121 -0.003704701181
121.05 121 121.1 -0.002818669133
121.15 121.1 121.2 -0.001612238821
121.25 121.2 121.3 0.0009009819321
121.35 121.3 121.4 -0.00192896955
121.45 121.4 121.5 -0.003667506741
121.55 121.5 121.6 -0.001672198132
121.65 121.6 121.7 -0.006039214057
121.75 121.7 121.8 -0.004643797038
121.85 121.8 121.9 -0.0046455593
121.95 121.9 122 -0.0007073002553
122.05 122 122.1 -0.006592967184
122.15 122.1 122.2 -0.003392881853
122.25 122.2 122.3 0.0006751550511
122.35 122.3 122.4 -0.003231890624
122.45 122.4 122.5 4.694242044e-05
122.55 122.5 122.6 -0.0005847287323
122.65 122.6 122.7 -0.003840093278
122.75 122.7 122.8 -0.005488164114
122.85 122.8 122.9 -0.0008434439561
122.95 122.9 123 -0.004046656029
123.05 123 123.1 -0.002609905059
123.15 123.1 123.2 -0.002119073779
123.25 123.2 123.3 -0.007845839624
123.35 123.3 123.4 -0.004101003818
123.45 123.4 123.5 -0.0004575471727
123.55 123.5 123.6 -0.003499181925
123.65 123.6 123.7 -0.002052214067
123.75 123.7 123.8 -0.00286804325
123.85 123.8 123.9 -0.0003784082327
123.95 123.9 124 -0.001902565315
124.05 124 124.1 0.0003937018393
124.15 124.1 124.2 -0.002015928684
124.25 124.2 124.3 -0.00236453326
124.35 124.3 124.4 -0.002866202539
124.45 124.4 124.5 -0.003153472074
124.55 124.5 124.6 -0.004178526168
124.65 124.6 124.7 -0.0009642117262
124.75 124.7 124.8 -0.003625082117
124.85 124.8 124.9 0.000605692281
124.95 124.9 125 -0.002160397703
125.05 125 125.1 -0.001989685061
125.15 125.1 125.2 -0.004905177467
125.25 125.2 125.3 -0.002353334646
125.35 125.3 125.4 -0.005242810311
125.45 125.4 125.5 -0.00569408358
125.55 125.5 125.6 -0.0001624052226
125.65 125.6 125.7 -0.006270058895
125.75 125.7 125.8 -0.002168974235
125.85 125.8 125.9 0.0003156824006
125.95 125.9 126 -0.004666793496
126.05 126 126.1 -0.001219386676
126.15 126.1 126.2 -0.0007073785458
126.25 126.2 126.3 -0.003167858599
126.35 126.3 126.4 0.0003550379691
126.45 126.4 126.5 -0.006071103322
126.55 126.5 126.6 -0.002921709243
126.65 126.6 126.7 -0.004127926373
126.75 126.7 126.8 -0.002203023439
126.85 126.8 126.9 0.0008419450652
126.95 126.9 127 -0.001722896263
127.05 127 127.1 -0.001552719799
127.15 127.1 127.2 -0.001525621594
127.25 127.2 127.3 0.002211959876
127.35 127.3 127.4 -0.004455582286
127.45 127.4 127.5 0.0003993999913
127.55 127.5 127.6 -0.005403942462
127.65 127.6 127.7 -0.001525480844
127.75 127.7 127.8 0.001904412887
127.85 127.8 127.9 -0.0006975902101
127.95 127.9 128 -0.00780398477
128.05 128 128.1 -0.001400271577
128.15 128.1 128.2 -0.005213615433
128.25 128.2 128.3 -0.003639767697
128.35 128.3 128.4 -0.003099055012
128.45 128.4 128.5 -0.0009256371993
128.55 128.5 128.6 -0.001470836156
128.65 128.6 128.7 -0.003144730369
128.75 128.7 128.8 -0.0005019154216
128.85 128.8 128.9 -0.004135238872
128.95 128.9 129 -0.002406854838
129.05 129 129.1 -0.001724025495
129.15 129.1 129.2 -0.0001192413187
129.25 129.2 129.3 -0.0007239380549
129.35 129.3 129.4 0.001158311732
129.45 129.4 129.5 -0.004679306227
129.55 129.5 129.6 0.00120669975
129.65 129.6 129.7 -0.003032766311
129.75 129.7 129.8 -0.002372241493
129.85 129.8 129.9 -0.00361637145
129.95 129.9 130 -0.00251344272
130.05 130 130.1 -0.0008050888599
130.15 130.1 130.2 -0.0007577571765
130.25 130.2 130.3 -0.0003828025197
130.35 130.3 130.4 -3.200581511e-06
130.45 130.4 130.5 -0.002774319087
130.55 130.5 130.6 -0.0005837326486
130.65 130.6 130.7 -0.001962046144
130.75 130.7 130.8 0.001641943564
130.85 130.8 130.9 -0.0009439791858
130.95 130.9 131 0.0008447487199
131.05 131 131.1 -0.004131752747
131.15 131.1 131.2 -0.003296462618
131.25 131.2 131.3 -0.0005797603078
131.35 131.3 131.4 -0.0003444581304
131.45 131.4 131.5 -0.001463649291
131.55 131.5 131.6 -0.003016648611
131.65 131.6 131.7 -0.003389383563
131.75 131.7 131.8 -0.001916032705
131.85 131.8 131.9 -0.001765343117
131.95 131.9 132 -0.001070270741
132.05 132 132.1 -0.000898416287
132.15 132.1 132.2 -0.00420455779
132.25 132.2 132.3 -0.0006627794349
132.35 132.3 132.4 -0.003167581292
132.45 132.4 132.5 -0.004581586641
132.55 132.5 132.6 -0.002781689884
132.65 132.6 132.7 -0.002252210606
132.75 132.7 132.8 -0.004035736412
132.85 132.8 132.9 -0.002631626822
132.95 132.9 133 -0.0004927391014
133.05 133 133.1 -0.001327388544
133.15 133.1 133.2 -0.0003377329629
133.25 133.2 133.3 -0.003553945505
133.35 133.3 133.4 -0.00440934145
133.45 133.4 133.5 -0.003748937697
133.55 133.5 133.6 -0.0008307035419
133.65 133.6 133.7 -0.002873795741
133.75 133.7 133.8 -0.004008429208
133.85 133.8 133.9 -0.003249861501
133.95 133.9 134 -0.0004557710298
134.05 134 134.1 -0.005171263565
134.15 134.1 134.2 -0.002924850607
134.25 134.2 134.3 -0.003236579057
134.35 134.3 134.4 -0.001570001604
134.45 134.4 134.5 -0.00206769229
134.55 134.5 134.6 -0.003288879123
134.65 134.6 134.7 -0.002401572421
134.75 134.7 134.8 -0.003241554483
134.85 134.8 134.9 -0.001762005469
134.95 134.9 135 -0.001770609483
135.05 135 135.1 -0.001807592194
135.15 135.1 135.2 -0.002391123597
135.25 135.2 135.3 0.001390629029
135.35 135.3 135.4 -0.004050321007
135.45 135.4 135.5 -0.001486081115
135.55 135.5 135.6 -0.003755746176
135.65 135.6 135.7 -0.0001700706634
135.75 135.7 135.8 -0.002752253639
135.85 135.8 135.9 -0.004638350176
135.95 135.9 136 -0.005397904218
136.05 136 136.1 0.001118622662
136.15 136.1 136.2 -0.003981971856
136.25 136.2 136.3 -0.004473323765
136.35 136.3 136.4 -0.003119331569
136.45 136.4 136.5 -0.003028281348
136.55 136.5 136.6 -7.430639722e-05
136.65 136.6 136.7 -0.001170574657
136.75 136.7 136.8 -0.0008621724901
136.85 136.8 136.9 -0.002034093173
136.95 136.9 137 -0.0006665232872
137.05 137 137.1 -0.001142297484
137.15 137.1 137.2 -0.003149420121
137.25 137.2 137.3 -0.0006322325734
137.35 137.3 137.4 -0.004398622112
137.45 137.4 137.5 -0.002806922373
137.55 137.5 137.6 -0.003035269686
137.65 137.6 137.7 -0.00191467756
137.75 137.7 137.8 -0.0007344484422
137.85 137.8 137.9 -0.006461111123
137.95 137.9 138 -0.0005761110518
138.05 138 138.1 -0.002467341598
138.15 138.1 138.2 -0.006219078747
138.25 138.2 138.3 -0.005023007142
138.35 138.3 138.4 -0.001545768374
138.45 138.4 138.5 -0.0009168904781
138.55 138.5 138.6 -0.0015029667
138.65 138.6 138.7 -0.002563744994
138.75 138.7 138.8 -0.00397979687
138.85 138.8 138.9 -0.001790522408
138.95 138.9 139 0.0005087488568
139.05 139 139.1 -0.002555885895
139.15 139.1 139.2 -0.00487580742
139.25 139.2 139.3 -0.004131181584
139.35 139.3 139.4 -0.003755359487
139.45 139.4 139.5 -0.0008133464859
139.55 139.5 139.6 -0.002658292646
139.65 139.6 139.7 -0.002815148962
139.75 139.7 139.8 -0.001825398694
139.85 139.8 139.9 -0.00229006114
139.95 139.9 140 -0.0007940856038
140.05 140 140.1 -0.003216384137
140.15 140.1 140.2 -0.004318943568
140.25 140.2 140.3 -0.002694901332
140.35 140.3 140.4 -0.002043959248
140.45 140.4 140.5 -0.00495156432
140.55 140.5 140.6 -0.004077719864
140.65 140.6 140.7 -0.001189083576
140.75 140.7 140.8 -0.002292420641
140.85 140.8 140.9 -0.002756093011
140.95 140.9 141 -0.000950146422
141.05 141 141.1 -0.004339105873
141.15 141.1 141.2 -0.001425695542
141.25 141.2 141.3 -0.002809161692
141.35 141.3 141.4 -0.002320731746
141.45 141.4 141.5 -0.001702936317
141.55 141.5 141.6 -0.002517985398
141.65 141.6 141.7 -0.002070649559
141.75 141.7 141.8 -0.003331194864
141.85 141.8 141.9 -0.001120705286
141.95 141.9 142 -0.001824378469
142.05 142 142.1 -0.004399046372
142.15 142.1 142.2 -0.0008968908304
142.25 142.2 142.3 -0.0005911666949
142.35 142.3 142.4 -0.006498888708
142.45 142.4 142.5 -0.002118061851
142.55 142.5 142.6 -0.002411834155
142.65 142.6 142.7 -0.000536279914
142.75 142.7 142.8 -0.001246067358
142.85 142.8 142.9 -0.002251228043
142.95 142.9 143 -0.002813646378
143.05 143 143.1 -0.001515185359
143.15 143.1 143.2 -0.001831574804
143.25 143.2 143.3 -0.002088632803
143.35 143.3 143.4 -6.025853695e-05
143.45 143.4 143.5 -0.002368961199
143.55 143.5 143.6 -0.0003110031756
143.65 143.6 143.7 -0.006117842205
143.75 143.7 143.8 -0.00435078492
143.85 143.8 143.9 -0.003229296435
143.95 143.9 144 -0.00221227632
144.05 144 144.1 -0.001935652375
144.15 144.1 144.2 -0.0009518238618
144.25 144.2 144.3 -0.003788644524
144.35 144.3 144.4 0.001365308638
144.45 144.4 144.5 -0.004482860481
144.55 144.5 144.6 -0.001998468595
144.65 144.6 144.7 -0.003804095615
144.75 144.7 144.8 -0.003114885329
144.85 144.8 144.9 -0.003676753117
144.95 144.9 145 -0.0006482806214
145.05 145 145.1 -0.002324054295
145.15 145.1 145.2 -0.001474860428
145.25 145.2 145.3 -0.003017537193
145.35 145.3 145.4 -0.0007913132602
145.45 145.4 145.5 -0.001525126806
145.55 145.5 145.6 -0.004226002029
145.65 145.6 145.7 -0.0005149504863
145.75 145.7 145.8 -0.002836289301
145.85 145.8 145.9 -0.000391055968
145.95 145.9 146 -0.002298097796
146.05 146 146.1 -0.0004608827086
146.15 146.1 146.2 0.001008247895
146.25 146.2 146.3 0.0003480032752
146.35 146.3 146.4 -0.004750166814
146.45 146.4 146.5 -0.001440679534
146.55 146.5 146.6 3.435628024e-05
146.65 146.6 146.7 0.001406362196
146.75 146.7 146.8 -0.001382553111
146.85 146.8 146.9 -0.002421172478
146.95 146.9 147 -0.0005912865442
147.05 147 147.1 -0.001140664619
147.15 147.1 147.2 0.001462380605
147.25 147.2 147.3 -0.002814501655
147.35 147.3 147.4 -0.0006650911153
147.45 147.4 147.5 -0.00255237347
147.55 147.5 147.6 -0.001692805617
147.65 147.6 147.7 -0.004368267843
147.75 147.7 147.8 -0.0004562715446
147.85 147.8 147.9 0.0009914237214
147.95 147.9 148 -0.001727243924
148.05 148 148.1 0.001044392514
148.15 148.1 148.2 -0.001369316467
148.25 148.2 148.3 0.001452936296
148.35 148.3 148.4 0.001295570417
148.45 148.4 148.5 0.0004548254295
148.55 148.5 148.6 0.002162265135
148.65 148.6 148.7 -0.0007058883203
148.75 148.7 148.8 -0.001609559961
148.85 148.8 148.9 0.002268247564
148.95 148.9 149 -0.001469854269
149.05 149 149.1 -0.00162351173
149.15 149.1 149.2 -0.001038545126
149.25 149.2 149.3 -0.001156252855
149.35 149.3 149.4 -0.003399035797
149.45 149.4 149.5 -0.00198054444
149.55 149.5 149.6 -0.003056177864
149.65 149.6 149.7 -0.0009809655694
149.75 149.7 149.8 -0.002230117638
149.85 149.8 149.9 -0.002675426449
149.95 149.9 150 -0.001182920976
150.05 150 150.1 -0.001204172528
150.15 150.1 150.2 -0.003760338079
150.25 150.2 150.3 -0.004477621082
150.35 150.3 150.4 -0.0024985185
150.45 150.4 150.5 -0.002052267065
150.55 150.5 150.6 0.001022243121
150.65 150.6 150.7 -0.0008276054869
150.75 150.7 150.8 -0.001179482713
150.85 150.8 150.9 -0.002445076525
150.95 150.9 151 0.0003148106949
151.05 151 151.1 -0.0002084784562
151.15 151.1 151.2 -0.002985619602
151.25 151.2 151.3 -0.0005417774067
151.35 151.3 151.4 -0.001950810099
151.45 151.4 151.5 -0.002253818194
151.55 151.5 151.6 -0.002066063044
151.65 151.6 151.7 -0.003135793871
151.75 151.7 151.8 -0.005290700634
151.85 151.8 151.9 -0.002332891623
151.95 151.9 152 -0.002887805623
152.05 152 152.1 -0.001955387162
152.15 152.1 152.2 -0.003880779932
152.25 152.2 152.3 -0.002589360748
152.35 152.3 152.4 -0.002027714125
152.45 152.4 152.5 -0.001857427801
152.55 152.5 152.6 0.0005579738019
152.65 152.6 152.7 -0.003310472657
152.75 152.7 152.8 0.00217617558
152.85 152.8 152.9 0.0008144656293
152.95 152.9 153 -2.442660587e-05
153.05 153 153.1 -0.004719746945
153.15 153.1 153.2 -0.0009390310387
153.25 153.2 153.3 -0.003400025172
153.35 153.3 153.4 -0.0007748412517
153.45 153.4 153.5 -0.003145163542
153.55 153.5 153.6 -0.003308751271
153.65 153.6 153.7 -0.001660615129
153.75 153.7 153.8 -0.001669810671
153.85 153.8 153.9 -0.003916720921
153.95 153.9 154 -0.003522640592
154.05 154 154.1 -0.004015862487
154.15 154.1 154.2 -0.001207955109
154.25 154.2 154.3 -0.0005765683005
154.35 154.3 154.4 -0.003104331029
154.45 154.4 154.5 -0.002357790437
154.55 154.5 154.6 -0.001781306075
154.65 154.6 154.7 9.411626166e-05
154.75 154.7 154.8 -0.0005900106979
154.85 154.8 154.9 -0.00193120024
154.95 154.9 155 -0.002405614286
155.05 155 155.1 0.001474504533
155.15 155.1 155.2 -0.002333343147
155.25 155.2 155.3 -0.0009808857937
155.35 155.3 155.4 -0.001404567685
155.45 155.4 155.5 0.0005419397985
155.55 155.5 155.6 -0.001000453691
155.65 155.6 155.7 -0.003034796086
155.75 155.7 155.8 -0.001890195134
155.85 155.8 155.9 -0.002809545499
155.95 155.9 156 -0.001413953719
156.05 156 156.1 -0.001807167456
156.15 156.1 156.2 -0.003087671438
156.25 156.2 156.3 -0.004152712407
156.35 156.3 156.4 -0.002872990705
156.45 156.4 156.5 -0.003063318669
156.55 156.5 156.6 -0.001530348484
156.65 156.6 156.7 -0.005741276799
156.75 156.7 156.8 -0.005493289938
156.85 156.8 156.9 -0.001365115867
156.95 156.9 157 -0.002714468677
157.05 157 157.1 -0.002413672852
157.15 157.1 157.2 -0.001005062148
157.25 157.2 157.3 -0.003192021156
157.35 157.3 157.4 -0.001556240924
157.45 157.4 157.5 -0.004443111577
157.55 157.5 157.6 -0.004307584435
157.65 157.6 157.7 -0.004741014249
157.75 157.7 157.8 -0.004788310122
157.85 157.8 157.9 -0.004167152698
157.95 157.9 158 -0.003292934018
158.05 158 158.1 -0.004537475036
158.15 158.1 158.2 -0.0007723082299
158.25 158.2 158.3 -0.002670614634
158.35 158.3 158.4 -0.001750886547
158.45 158.4 158.5 -0.004752424283
158.55 158.5 158.6 -0.005444427801
158.65 158.6 158.7 -0.003222869862
158.75 158.7 158.8 -0.00472894411
158.85 158.8 158.9 -0.002918508933
158.95 158.9 159 -0.00444668015
159.05 159 159.1 -0.0005798480992
159.15 159.1 159.2 -0.002753554491
159.25 159.2 159.3 -0.001526093492
159.35 159.3 159.4 -0.004445785542
159.45 159.4 159.5 -0.002502687792
159.55 159.5 159.6 -0.003807877555
159.65 159.6 159.7 -0.004442627954
159.75 159.7 159.8 -0.001904117307
159.85 159.8 159.9 -0.002138911953
159.95 159.9 160 -0.002068318157
160.05 160 160.1 -0.001356992081
160.15 160.1 160.2 -0.002656819765
160.25 160.2 160.3 -0.003166950294
160.35 160.3 160.4 -0.004785555465
160.45 160.4 160.5 -0.0007159320358
160.55 160.5 160.6 -0.004318790016
160.65 160.6 160.7 -0.001954289112
160.75 160.7 160.8 -0.002107976003
160.85 160.8 160.9 -0.004115541892
160.95 160.9 161 -0.002477250449
161.05 161 161.1 -0.003690216676
161.15 161.1 161.2 -0.003066849742
161.25 161.2 161.3 -0.0006961520334
161.35 161.3 161.4 -0.004658925024
161.45 161.4 161.5 -0.004274431103
161.55 161.5 161.6 -0.001116540667
161.65 161.6 161.7 -0.00192621052
161.75 161.7 161.8 -0.001546379911
161.85 161.8 161.9 -0.0041081829
161.95 161.9 162 -0.00455443069
162.05 162 162.1 -0.001118349444
162.15 162.1 162.2 0.0001432333131
162.25 162.2 162.3 -0.0002099161542
162.35 162.3 162.4 -0.002762684209
162.45 162.4 162.5 -0.003609555138
162.55 162.5 162.6 -0.006521632099
162.65 162.6 162.7 -0.004088380876
162.75 162.7 162.8 -0.004662888159
162.85 162.8 162.9 -0.003204115389
162.95 162.9 163 -0.0001381958596
163.05 163 163.1 -0.0006050009067
163.15 163.1 163.2 -0.001103417464
163.25 163.2 163.3 -0.003215412426
163.35 163.3 163.4 -0.002568003546
163.45 163.4 163.5 -0.000802058433
163.55 163.5 163.6 -0.00273212461
163.65 163.6 163.7 -0.0003151070561
163.75 163.7 163.8 -0.004412169148
163.85 163.8 163.9 -0.003649277151
163.95 163.9 164 -0.003569197784
164.05 164 164.1 -0.002482982042
164.15 164.1 164.2 -0.00400311036
164.25 164.2 164.3 -0.003854841214
164.35 164.3 164.4 -0.005473324041
164.45 164.4 164.5 -0.003301539509
164.55 164.5 164.6 -0.002331694012
164.65 164.6 164.7 -0.002053167713
164.75 164.7 164.8 -0.001071716187
164.85 164.8 164.9 -0.003019807798
164.95 164.9 165 -0.001713376624
165.05 165 165.1 -0.003093208704
165.15 165.1 165.2 -0.004578422156
165.25 165.2 165.3 -0.003113242367
165.35 165.3 165.4 -0.003083391882
165.45 165.4 165.5 -0.003938039287
165.55 165.5 165.6 -0.003788221649
165.65 165.6 165.7 -0.003164569825
165.75 165.7 165.8 0.001101300642
165.85 165.8 165.9 -0.004430098212
165.95 165.9 166 -0.005625093249
166.05 166 166.1 -0.00314429676
166.15 166.1 166.2 -0.003427383577
166.25 166.2 166.3 -0.0008290478475
166.35 166.3 166.4 -0.0005720894562
166.45 166.4 166.5 -0.003161640368
166.55 166.5 166.6 -0.001076795807
166.65 166.6 166.7 -0.002913348416
166.75 166.7 166.8 -0.0001094555803
166.85 166.8 166.9 -0.004341832749
166.95 166.9 167 -0.0003083042187
167.05 167 167.1 -0.002855581525
167.15 167.1 167.2 -0.004312050866
167.25 167.2 167.3 -0.0053026417
167.35 167.3 167.4 -0.0009068120568
167.45 167.4 167.5 -0.003459040208
167.55 167.5 167.6 -0.001583011775
167.65 167.6 167.7 -0.006948575279
167.75 167.7 167.8 -0.005233874467
167.85 167.8 167.9 -0.003833101206
167.95 167.9 168 -0.005081382545
168.05 168 168.1 -0.001723040165
168.15 168.1 168.2 -0.002312610681
168.25 168.2 168.3 -0.001670984687
168.35 168.3 168.4 -0.001780751168
168.45 168.4 168.5 -0.0005178340623
168.55 168.5 168.6 -0.002703296861
168.65 168.6 168.7 -0.002981072961
168.75 168.7 168.8 -0.003573345687
168.85 168.8 168.9 -0.001030732365
168.95 168.9 169 -0.003381696503
169.05 169 169.1 -0.002132370532
169.15 169.1 169.2 -0.002165259654
169.25 169.2 169.3 -0.002125365691
169.35 169.3 169.4 -0.002912648812
169.45 169.4 169.5 -0.0009922168234
169.55 169.5 169.6 -0.003922930506
169.65 169.6 169.7 -0.003364242015
169.75 169.7 169.8 -0.001465507271
169.85 169.8 169.9 -0.001403013819
169.95 169.9 170 -0.003116012899
170.05 170 170.1 0.0008331540721
170.15 170.1 170.2 -0.001401268326
170.25 170.2 170.3 -0.0001727479392
170.35 170.3 170.4 -0.00290080009
170.45 170.4 170.5 -0.002133597443
170.55 170.5 170.6 -0.003629502097
170.65 170.6 170.7 -0.0007691945537
170.75 170.7 170.8 -0.002924210734
170.85 170.8 170.9 -0.002055139055
170.95 170.9 171 -0.002922097631
171.05 171 171.1 -0.001170427893
171.15 171.1 171.2 -0.001507991637
171.25 171.2 171.3 -0.001711385276
171.35 171.3 171.4 -0.001991130038
171.45 171.4 171.5 -0.004861438144
171.55 171.5 171.6 -0.001827627233
171.65 171.6 171.7 -0.001363532935
171.75 171.7 171.8 -0.001843043034
171.85 171.8 171.9 -0.001806756804
171.95 171.9 172 -0.001448721981
172.05 172 172.1 -0.0008024753448
172.15 172.1 172.2 0.0009353006302
172.25 172.2 172.3 0.001038392633
172.35 172.3 172.4 -0.0004817919463
172.45 172.4 172.5 -2.756497594e-06
172.55 172.5 172.6 -0.002971502391
172.65 172.6 172.7 -0.0012526348
172.75 172.7 172.8 -0.002014613316
172.85 172.8 172.9 -0.00172051524
172.95 172.9 173 -0.002196376301
173.05 173 173.1 0.0001329827501
173.15 173.1 173.2 -0.004854971895
173.25 173.2 173.3 -0.003145499186
173.35 173.3 173.4 -0.003927483166
173.45 173.4 173.5 -0.004510080279
173.55 173.5 173.6 -0.001689581666
173.65 173.6 173.7 -0.003370674117
173.75 173.7 173.8 -0.00178934181
173.85 173.8 173.9 -0.002104840931
173.95 173.9 174 -0.0005941770849
174.05 174 174.1 -0.003099484489
174.15 174.1 174.2 -0.00139587576
174.25 174.2 174.3 0.0004600048783
174.35 174.3 174.4 0.001160066887
174.45 174.4 174.5 -0.003224439998
174.55 174.5 174.6 -0.0005448118348
174.65 174.6 174.7 -0.003220832481
174.75 174.7 174.8 -0.0003921132299
174.85 174.8 174.9 -0.001075048758
174.95 174.9 175 -0.0002734571662
175.05 175 175.1 -0.000315365498
175.15 175.1 175.2 -0.0003994146666
175.25 175.2 175.3 -0.002885424423
175.35 175.3 175.4 -0.003065385923
175.45 175.4 175.5 -0.0004989334483
175.55 175.5 175.6 -0.0003658677276
175.65 175.6 175.7 -0.0009574161554
175.75 175.7 175.8 -0.002326532974
175.85 175.8 175.9 -0.001932139969
175.95 175.9 176 -0.002910070764
176.05 176 176.1 -0.0003999807042
176.15 176.1 176.2 -0.003260294838
176.25 176.2 176.3 -0.0001982037646
176.35 176.3 176.4 -0.004662206494
176.45 176.4 176.5 -0.001512708967
176.55 176.5 176.6 -0.0006487267314
176.65 176.6 176.7 -0.0006448946144
176.75 176.7 176.8 -0.0007386483797
176.85 176.8 176.9 -0.0004955325539
176.95 176.9 177 -0.001352309347
177.05 177 177.1 -0.002490923837
177.15 177.1 177.2 -0.003346680732
177.25 177.2 177.3 -0.0002190753286
177.35 177.3 177.4 -0.001694387486
177.45 177.4 177.5 -0.001096651618
177.55 177.5 177.6 -0.00129749123
177.65 177.6 177.7 0.0005711630671
177.75 177.7 177.8 0.001507495077
177.85 177.8 177.9 -0.001421889634
177.95 177.9 178 -0.0007441507553
178.05 178 178.1 -0.001441947761
178.15 178.1 178.2 -0.00260893449
178.25 178.2 178.3 -0.001777597488
178.35 178.3 178.4 0.001155512754
178.45 178.4 178.5 -0.00141105784
178.55 178.5 178.6 -0.0008558629979
178.65 178.6 178.7 0.001196578516
178.75 178.7 178.8 -0.001477644801
178.85 178.8 178.9 -0.002989469105
178.95 178.9 179 -0.002288264459
179.05 179 179.1 -0.004469660321
179.15 179.1 179.2 -0.003311203075
179.25 179.2 179.3 -0.001752407714
179.35 179.3 179.4 -0.00208976076
179.45 179.4 179.5 -0.0007573861448
179.55 179.5 179.6 -0.0002606308676
179.65 179.6 179.7 -0.0006449082801
179.75 179.7 179.8 -0.0009784459404
179.85 179.8 179.9 -0.001575913449
179.95 179.9 180 -0.00140894665
180.05 180 180.1 -0.004007409523
180.15 180.1 180.2 -0.002500205539
180.25 180.2 180.3 -0.002846629501
180.35 180.3 180.4 -0.0004878552091
180.45 180.4 180.5 -0.0007607437726
180.55 180.5 180.6 -0.001792531433
180.65 180.6 180.7 -0.001135433783
180.75 180.7 180.8 -0.001404481957
180.85 180.8 180.9 -0.001646823612
180.95 180.9 181 -0.0001625589736
181.05 181 181.1 -0.003035386964
181.15 181.1 181.2 -0.001490941212
181.25 181.2 181.3 -0.001840302208
181.35 181.3 181.4 -0.0004540937255
181.45 181.4 181.5 -0.001809429782
181.55 181.5 181.6 0.0005323697156
181.65 181.6 181.7 -0.003666481695
181.75 181.7 181.8 0.0005341197221
181.85 181.8 181.9 -0.0008494660502
181.95 181.9 182 0.0005370818411
182.05 182 182.1 -0.00144695344
182.15 182.1 182.2 -0.0008283410516
182.25 182.2 182.3 -0.0008844080263
182.35 182.3 182.4 0.0005886478932
182.45 182.4 182.5 -0.003752764926
182.55 182.5 182.6 -0.0008197253077
182.65 182.6 182.7 0.001398253662
182.75 182.7 182.8 -8.073049319e-05
182.85 182.8 182.9 -0.0007101368037
182.95 182.9 183 -0.002443907711
183.05 183 183.1 0.001096007754
183.15 183.1 183.2 -0.0005084830831
183.25 183.2 183.3 0.001027007382
183.35 183.3 183.4 -0.0005018757444
183.45 183.4 183.5 -0.0006286508949
183.55 183.5 183.6 -0.001772891712
183.65 183.6 183.7 -0.0007828391874
183.75 183.7 183.8 0.001968914436
183.85 183.8 183.9 -0.00246100348
183.95 183.9 184 -0.00107409172
184.05 184 184.1 -0.000600794242
184.15 184.1 184.2 -0.001779520533
184.25 184.2 184.3 0.002181922819
184.35 184.3 184.4 -0.0002567974859
184.45 184.4 184.5 -0.000115541638
184.55 184.5 184.6 -0.001133833932
184.65 184.6 184.7 0.0003596357857
184.75 184.7 184.8 -0.002649578959
184.85 184.8 184.9 -0.000167891424
184.95 184.9 185 -0.002020617171
185.05 185 185.1 0.0002012288602
185.15 185.1 185.2 0.0002260108038
185.25 185.2 185.3 -0.0004436831677
185.35 185.3 185.4 -0.0001116331261
185.45 185.4 185.5 -0.0004050126241
185.55 185.5 185.6 -0.0009494970788
185.65 185.6 185.7 -0.002545569154
185.75 185.7 185.8 -0.001851501719
185.85 185.8 185.9 0.001350169576
185.95 185.9 186 -0.0008499380451
186.05 186 186.1 -0.0009836596645
186.15 186.1 186.2 -0.0008855985029
186.25 186.2 186.3 -0.0004144903578
186.35 186.3 186.4 -0.002046409959
186.45 186.4 186.5 0.002649427873
186.55 186.5 186.6 -0.001129324513
186.65 186.6 186.7 -0.001511678407
186.75 186.7 186.8 0.001145645203
186.85 186.8 186.9 -0.003096217978
186.95 186.9 187 -0.002640709861
187.05 187 187.1 6.041601152e-05
187.15 187.1 187.2 0.001161898858
187.25 187.2 187.3 -0.002210943789
187.35 187.3 187.4 -0.001288224494
187.45 187.4 187.5 0.000584883281
187.55 187.5 187.6 0.0001446204699
187.65 187.6 187.7 0.0003614613337
187.75 187.7 187.8 0.0002464059832
187.85 187.8 187.9 -0.002573257241
187.95 187.9 188 -0.003303352409
188.05 188 188.1 -0.0009565531897
188.15 188.1 188.2 -0.00102967085
188.25 188.2 188.3 3.589911709e-05
188.35 188.3 188.4 0.000659529935
188.45 188.4 188.5 -0.00112177329
188.55 188.5 188.6 -0.001357470251
188.65 188.6 188.7 -0.002776686485
188.75 188.7 188.8 0.00082992742
188.85 188.8 188.9 -1.401784805e-05
188.95 188.9 189 -0.002481422337
189.05 189 189.1 0.00105936709
189.15 189.1 189.2 -0.0001024332648
189.25 189.2 189.3 -0.001666121081
189.35 189.3 189.4 0.0001461900473
189.45 189.4 189.5 0.0002623204385
189.55 189.5 189.6 -0.001381081837
189.65 189.6 189.7 0.001289347685
189.75 189.7 189.8 0.0009123104807
189.85 189.8 189.9 -0.001604393279
189.95 189.9 190 -0.0006492685528
190.05 190 190.1 0.002305180352
190.15 190.1 190.2 0.0002509020173
190.25 190.2 190.3 -0.0002724803268
190.35 190.3 190.4 -0.0009292665769
190.45 190.4 190.5 0.0006262223996
190.55 190.5 190.6 0.0006883259751
190.65 190.6 190.7 0.0009888120308
190.75 190.7 190.8 0.0003989151455
190.85 190.8 190.9 -0.002334956752
190.95 190.9 191 0.001135593012
191.05 191 191.1 -0.0001043091677
191.15 191.1 191.2 0.0004310635771
191.25 191.2 191.3 -0.001331668638
191.35 191.3 191.4 0.0009180679191
191.45 191.4 191.5 -0.003524020619
191.55 191.5 191.6 0.001920850671
191.65 191.6 191.7 0.0002817225811
191.75 191.7 191.8 0.002926666926
191.85 191.8 191.9 0.001449206367
191.95 191.9 192 0.0008123422502
192.05 192 192.1 0.0008506733988
192.15 192.1 192.2 0.0008057505842
192.25 192.2 192.3 0.0009562722118
192.35 192.3 192.4 0.001304053112
192.45 192.4 192.5 0.0007996452317
192.55 192.5 192.6 0.0002595059255
192.65 192.6 192.7 0.001083383043
192.75 192.7 192.8 0.00107482437
192.85 192.8 192.9 -0.0005870604393
192.95 192.9 193 0.0006230231366
193.05 193 193.1 0.001521246722
193.15 193.1 193.2 0.001266461991
193.25 193.2 193.3 -0.0002763151932
193.35 193.3 193.4 2.643009569e-05
193.45 193.4 193.5 0.0002620461482
193.55 193.5 193.6 -9.201811203e-05
193.65 193.6 193.7 -0.0008497383812
193.75 193.7 193.8 0.0005250522742
193.85 193.8 193.9 8.302599296e-05
193.95 193.9 194 -0.001672685279
194.05 194 194.1 0.002218024264
194.15 194.1 194.2 -0.0004099413107
194.25 194.2 194.3 -0.0002515577999
194.35 194.3 194.4 0.0005092502655
194.45 194.4 194.5 0.0008797572568
194.55 194.5 194.6 -2.988794851e-05
194.65 194.6 194.7 0.0002607354853
194.75 194.7 194.8 0.0011493951
194.85 194.8 194.9 -0.002159922532
194.95 194.9 195 0.00037777443
195.05 195 195.1 0.001150108912
195.15 195.1 195.2 0.001557126908
195.25 195.2 195.3 0.002138499158
195.35 195.3 195.4 0.002190190481
195.45 195.4 195.5 0.0005047555401
195.55 195.5 195.6 0.0004843493164
195.65 195.6 195.7 0.000662590496
195.75 195.7 195.8 0.0003848012826
195.85 195.8 195.9 0.001404041568
195.95 195.9 196 0.0008506439812
196.05 196 196.1 0.0005884683135
196.15 196.1 196.2 -0.0003039446608
196.25 196.2 196.3 0.000973666118
196.35 196.3 196.4 -0.002401999766
196.45 196.4 196.5 0.002190566106
196.55 196.5 196.6 0.0009082065396
196.65 196.6 196.7 0.0002895434985
196.75 196.7 196.8 -0.001968002882
196.85 196.8 196.9 0.002287430502
196.95 196.9 197 0.0008965941889
197.05 197 197.1 0.0008797201138
197.15 197.1 197.2 0.001249859057
197.25 197.2 197.3 -0.0006514223792
197.35 197.3 197.4 0.001113211069
197.45 197.4 197.5 0.0001131405804
197.55 197.5 197.6 3.699842879e-05
197.65 197.6 197.7 0.001010396793
197.75 197.7 197.8 8.209391778e-05
197.85 197.8 197.9 0.001223183855
197.95 197.9 198 6.661696508e-05
198.05 198 198.1 0.0001213422024
198.15 198.1 198.2 0.002365162258
198.25 198.2 198.3 -0.002038148508
198.35 198.3 198.4 0.00138817284
198.45 198.4 198.5 -0.0004312115214
198.55 198.5 198.6 -0.001092393546
198.65 198.6 198.7 -0.002305400763
198.75 198.7 198.8 0.002454994284
198.85 198.8 198.9 -0.001483327769
198.95 198.9 199 0.0002659438214
199.05 199 199.1 6.333683902e-05
199.15 199.1 199.2 -0.002709742192
199.25 199.2 199.3 0.0004095100265
199.35 199.3 199.4 0.00164764116
199.45 199.4 199.5 -0.001579228863
199.55 199.5 199.6 0.001469125313
199.65 199.6 199.7 0.000888203101
199.75 199.7 199.8 -0.00288896765
199.85 199.8 199.9 0.001218817368
199.95 199.9 200 0.001387417208
