# Columns: s_cen(1) s_min(2) s_max(3) xi_iso(4)
0.05 0 0.1 43.49665024
0.15 0.1 0.2 13.28457409
0.25 0.2 0.3 10.61526681
0.35 0.3 0.4 20.80348314
0.45 0.4 0.5 19.05883567
0.55 0.5 0.6 24.46640948
0.65 0.6 0.7 21.3399008
0.75 0.7 0.8 20.85723362
0.85 0.8 0.9 20.28352604
0.95 0.9 1 19.94162715
1.05 1 1.1 19.36597551
1.15 1.1 1.2 20.14761938
1.25 1.2 1.3 19.15152777
1.35 1.3 1.4 17.95629306
1.45 1.4 1.5 16.90498443
1.55 1.5 1.6 16.13936006
1.65 1.6 1.7 14.92324452
1.75 1.7 1.8 15.25624583
1.85 1.8 1.9 13.87294037
1.95 1.9 2 12.33138719
2.05 2 2.1 11.56267746
2.15 2.1 2.2 11.09806931
2.25 2.2 2.3 10.33414969
2.35 2.3 2.4 10.33108747
2.45 2.4 2.5 9.59459211
2.55 2.5 2.6 8.93430826
2.65 2.6 2.7 8.432273633
2.75 2.7 2.8 7.788202468
2.85 2.8 2.9 7.256438823
2.95 2.9 3 7.206029489
3.05 3 3.1 6.572529245
3.15 3.1 3.2 6.436295161
3.25 3.2 3.3 5.884006598
3.35 3.3 3.4 5.912067059
3.45 3.4 3.5 5.526337132
3.55 3.5 3.6 5.825521501
3.65 3.6 3.7 5.120514988
3.75 3.7 3.8 4.966318395
3.85 3.8 3.9 4.736916216
3.95 3.9 4 4.709610048
4.05 4 4.1 4.626035776
4.15 4.1 4.2 4.349138595
4.25 4.2 4.3 4.217704063
4.35 4.3 4.4 4.019533425
4.45 4.4 4.5 3.916091977
4.55 4.5 4.6 3.837091492
4.65 4.6 4.7 3.636900121
4.75 4.7 4.8 3.504694636
4.85 4.8 4.9 3.635936969
4.95 4.9 5 3.574091052
5.05 5 5.1 3.1858652
5.15 5.1 5.2 3.188551507
5.25 5.2 5.3 3.062196234
5.35 5.3 5.4 2.936621278
5.45 5.4 5.5 2.745257699
5.55 5.5 5.6 2.868138634
5.65 5.6 5.7 2.881753408
5.75 5.7 5.8 2.645913489
5.85 5.8 5.9 2.554670457
5.95 5.9 6 2.659632045
6.05 6 6.1 2.490137505
6.15 6.1 6.2 2.461621472
6.25 6.2 6.3 2.397486516
6.35 6.3 6.4 2.271969527
6.45 6.4 6.5 2.244398236
6.55 6.5 6.6 2.205484973
6.65 6.6 6.7 2.213510706
6.75 6.7 6.8 2.096037991
6.85 6.8 6.9 2.083570266
6.95 6.9 7 2.031111896
7.05 7 7.1 1.866067487
7.15 7.1 7.2 1.97520077
7.25 7.2 7.3 1.860676175
7.35 7.3 7.4 1.96500554
7.45 7.4 7.5 1.784044991
7.55 7.5 7.6 1.795516964
7.65 7.6 7.7 1.731119792
7.75 7.7 7.8 1.632612666
7.85 7.8 7.9 1.635122566
7.95 7.9 8 1.669386346
8.05 8 8.1 1.619052036
8.15 8.1 8.2 1.539217082
8.25 8.2 8.3 1.601611383
8.35 8.3 8.4 1.488631986
8.45 8.4 8.5 1.4678238
8.55 8.5 8.6 1.383430007
8.65 8.6 8.7 1.428368282
8.75 8.7 8.8 1.337492829
8.85 8.8 8.9 1.39167987
8.95 8.9 9 1.273044607
9.05 9 9.1 1.297558471
9.15 9.1 9.2 1.308617973
9.25 9.2 9.3 1.289343874
9.35 9.3 9.4 1.208647551
9.45 9.4 9.5 1.173021681
9.55 9.5 9.6 1.187209976
9.65 9.6 9.7 1.167957375
9.75 9.7 9.8 1.172830453
9.85 9.8 9.9 1.12772368
9.95 9.9 10 1.090904893
10.05 10 10.1 1.067883857
10.15 10.1 10.2 1.050961334
10.25 10.2 10.3 1.058180016
10.35 10.3 10.4 0.9938520717
10.45 10.4 10.5 1.023916068
10.55 10.5 10.6 0.9529087833
10.65 10.6 10.7 0.9825236915
10.75 10.7 10.8 1.013504317
10.85 10.8 10.9 0.9399102128
10.95 10.9 11 0.9246920693
11.05 11 11.1 0.9526836237
11.15 11.1 11.2 0.9510041801
11.25 11.2 11.3 0.911522256
11.35 11.3 11.4 0.911912879
11.45 11.4 11.5 0.8733036001
11.55 11.5 11.6 0.8610316147
11.65 11.6 11.7 0.8238415331
11.75 11.7 11.8 0.8148802241
11.85 11.8 11.9 0.8082131982
11.95 11.9 12 0.8294013379
12.05 12 12.1 0.7828576056
12.15 12.1 12.2 0.7521368614
12.25 12.2 12.3 0.7877060621
12.35 12.3 12.4 0.7348586403
12.45 12.4 12.5 0.7640020713
12.55 12.5 12.6 0.7234764051
12.65 12.6 12.7 0.7721541524
12.75 12.7 12.8 0.6897391454
12.85 12.8 12.9 0.7139436998
12.95 12.9 13 0.7364622123
13.05 13 13.1 0.7239551326
13.15 13.1 13.2 0.6758254075
13.25 13.2 13.3 0.6787835457
13.35 13.3 13.4 0.653327819
13.45 13.4 13.5 0.6422046306
13.55 13.5 13.6 0.6415884384
13.65 13.6 13.7 0.6123005178
13.75 13.7 13.8 0.6248184809
13.85 13.8 13.9 0.607998215
13.95 13.9 14 0.5947914957
14.05 14 14.1 0.5815445103
14.15 14.1 14.2 0.5783362769
14.25 14.2 14.3 0.5634315369
14.35 14.3 14.4 0.5242246997
14.45 14.4 14.5 0.5612692096
14.55 14.5 14.6 0.5387621423
14.65 14.6 14.7 0.5711665373
14.75 14.7 14.8 0.5300411524
14.85 14.8 14.9 0.52276296
14.95 14.9 15 0.5411491239
15.05 15 15.1 0.5468384313
15.15 15.1 15.2 0.5357502101
15.25 15.2 15.3 0.5461201367
15.35 15.3 15.4 0.4927769389
15.45 15.4 15.5 0.5010484221
15.55 15.5 15.6 0.5142256437
15.65 15.6 15.7 0.4893154085
15.75 15.7 15.8 0.4787304704
15.85 15.8 15.9 0.4622833963
15.95 15.9 16 0.4565772144
16.05 16 16.1 0.433570329
16.15 16.1 16.2 0.452579549
16.25 16.2 16.3 0.4291004344
16.35 16.3 16.4 0.4532392933
16.45 16.4 16.5 0.4409804191
16.55 16.5 16.6 0.4479140909
16.65 16.6 16.7 0.416334791
16.75 16.7 16.8 0.4262524418
16.85 16.8 16.9 0.4222296132
16.95 16.9 17 0.4275718021
17.05 17 17.1 0.4020950384
17.15 17.1 17.2 0.4155973182
17.25 17.2 17.3 0.3982745975
17.35 17.3 17.4 0.3833361121
17.45 17.4 17.5 0.3912960448
17.55 17.5 17.6 0.3960745188
17.65 17.6 17.7 0.3958260587
17.75 17.7 17.8 0.381731746
17.85 17.8 17.9 0.3605296444
17.95 17.9 18 0.3654228713
18.05 18 18.1 0.3540518759
18.15 18.1 18.2 0.3613242457
18.25 18.2 18.3 0.3624989395
18.35 18.3 18.4 0.3588543385
18.45 18.4 18.5 0.3677451382
18.55 18.5 18.6 0.3560852012
18.65 18.6 18.7 0.3202001406
18.75 18.7 18.8 0.3262367208
18.85 18.8 18.9 0.3227010673
18.95 18.9 19 0.3426216766
19.05 19 19.1 0.311740636
19.15 19.1 19.2 0.3024429821
19.25 19.2 19.3 0.3139735234
19.35 19.3 19.4 0.2991103451
19.45 19.4 19.5 0.3176277578
19.55 19.5 19.6 0.3068970869
19.65 19.6 19.7 0.3148661711
19.75 19.7 19.8 0.3115248405
19.85 19.8 19.9 0.3103243251
19.95 19.9 20 0.2818588503
20.05 20 20.1 0.2837500432
20.15 20.1 20.2 0.3100353877
20.25 20.2 20.3 0.2953033257
20.35 20.3 20.4 0.2934514104
20.45 20.4 20.5 0.2914720846
20.55 20.5 20.6 0.2694750773
20.65 20.6 20.7 0.277491555
20.75 20.7 20.8 0.2785811526
20.85 20.8 20.9 0.2633090951
20.95 20.9 21 0.2639804319
21.05 21 21.1 0.2697291853
21.15 21.1 21.2 0.2691496351
21.25 21.2 21.3 0.2653824176
21.35 21.3 21.4 0.2626574466
21.45 21.4 21.5 0.2672850424
21.55 21.5 21.6 0.2575324185
21.65 21.6 21.7 0.2417207292
21.75 21.7 21.8 0.2388951405
21.85 21.8 21.9 0.2537962775
21.95 21.9 22 0.2518278588
22.05 22 22.1 0.2520167874
22.15 22.1 22.2 0.247074361
22.25 22.2 22.3 0.2372786047
22.35 22.3 22.4 0.2348924252
22.45 22.4 22.5 0.2348312795
22.55 22.5 22.6 0.2340776922
22.65 22.6 22.7 0.222594339
22.75 22.7 22.8 0.210296599
22.85 22.8 22.9 0.2249292661
22.95 22.9 23 0.2347283961
23.05 23 23.1 0.2287887136
23.15 23.1 23.2 0.2287887444
23.25 23.2 23.3 0.2186285162
23.35 23.3 23.4 0.2147630864
23.45 23.4 23.5 0.2249580082
23.55 23.5 23.6 0.2334441961
23.65 23.6 23.7 0.217205846
23.75 23.7 23.8 0.2008644417
23.85 23.8 23.9 0.2043686502
23.95 23.9 24 0.2108085211
24.05 24 24.1 0.2171338286
24.15 24.1 24.2 0.2083552193
24.25 24.2 24.3 0.2047027167
24.35 24.3 24.4 0.2033462898
24.45 24.4 24.5 0.1865332885
24.55 24.5 24.6 0.2110840652
24.65 24.6 24.7 0.1992233659
24.75 24.7 24.8 0.1977734988
24.85 24.8 24.9 0.1883379492
24.95 24.9 25 0.1929269501
25.05 25 25.1 0.1849771762
25.15 25.1 25.2 0.2002181322
25.25 25.2 25.3 0.1913414282
25.35 25.3 25.4 0.1943312832
25.45 25.4 25.5 0.1695444532
25.55 25.5 25.6 0.1788423813
25.65 25.6 25.7 0.1802718882
25.75 25.7 25.8 0.1634941253
25.85 25.8 25.9 0.1671258824
25.95 25.9 26 0.1746734993
26.05 26 26.1 0.1675792266
26.15 26.1 26.2 0.1708562623
26.25 26.2 26.3 0.1644818557
26.35 26.3 26.4 0.1750599621
26.45 26.4 26.5 0.1702131377
26.55 26.5 26.6 0.172695186
26.65 26.6 26.7 0.1596045951
26.75 26.7 26.8 0.1670050134
26.85 26.8 26.9 0.172220048
26.95 26.9 27 0.1787026908
27.05 27 27.1 0.1471309277
27.15 27.1 27.2 0.1383119652
27.25 27.2 27.3 0.1444026216
27.35 27.3 27.4 0.1559785352
27.45 27.4 27.5 0.1393641845
27.55 27.5 27.6 0.1578188203
27.65 27.6 27.7 0.1513922431
27.75 27.7 27.8 0.1527785554
27.85 27.8 27.9 0.1472740631
27.95 27.9 28 0.1360109349
28.05 28 28.1 0.1435511653
28.15 28.1 28.2 0.1447304581
28.25 28.2 28.3 0.1288264856
28.35 28.3 28.4 0.1368961966
28.45 28.4 28.5 0.1374170783
28.55 28.5 28.6 0.1359348346
28.65 28.6 28.7 0.1363877727
28.75 28.7 28.8 0.1449860295
28.85 28.8 28.9 0.1354527926
28.95 28.9 29 0.1393425352
29.05 29 29.1 0.1448599924
29.15 29.1 29.2 0.1305409231
29.25 29.2 29.3 0.1309393017
29.35 29.3 29.4 0.1351916784
29.45 29.4 29.5 0.1199999488
29.55 29.5 29.6 0.1215017728
29.65 29.6 29.7 0.1340911141
29.75 29.7 29.8 0.1204396618
29.85 29.8 29.9 0.1249735742
29.95 29.9 30 0.1083969565
30.05 30 30.1 0.1076517785
30.15 30.1 30.2 0.1194452493
30.25 30.2 30.3 0.1228126323
30.35 30.3 30.4 0.1171943314
30.45 30.4 30.5 0.1127662126
30.55 30.5 30.6 0.1083751066
30.65 30.6 30.7 0.1209185505
30.75 30.7 30.8 0.1194075217
30.85 30.8 30.9 0.1141379022
30.95 30.9 31 0.1106746536
31.05 31 31.1 0.1096432687
31.15 31.1 31.2 0.1006180417
31.25 31.2 31.3 0.117874836
31.35 31.3 31.4 0.1067487541
31.45 31.4 31.5 0.1100826099
31.55 31.5 31.6 0.1025009579
31.65 31.6 31.7 0.1071234757
31.75 31.7 31.8 0.1050463451
31.85 31.8 31.9 0.08310961399
31.95 31.9 32 0.09608808944
32.05 32 32.1 0.09676691367
32.15 32.1 32.2 0.09471178804
32.25 32.2 32.3 0.09021417204
32.35 32.3 32.4 0.09584560602
32.45 32.4 32.5 0.1020081852
32.55 32.5 32.6 0.09086827803
32.65 32.6 32.7 0.09338945848
32.75 32.7 32.8 0.08349304886
32.85 32.8 32.9 0.105847507
32.95 32.9 33 0.1016755471
33.05 33 33.1 0.09603361643
33.15 33.1 33.2 0.0944541264
33.25 33.2 33.3 0.09091600463
33.35 33.3 33.4 0.08802122554
33.45 33.4 33.5 0.09593005399
33.55 33.5 33.6 0.09427773318
33.65 33.6 33.7 0.08817304447
33.75 33.7 33.8 0.08657433755
33.85 33.8 33.9 0.0815462142
33.95 33.9 34 0.08438305285
34.05 34 34.1 0.09565197089
34.15 34.1 34.2 0.09174282229
34.25 34.2 34.3 0.07918316561
34.35 34.3 34.4 0.0813682158
34.45 34.4 34.5 0.08634587423
34.55 34.5 34.6 0.08245697559
34.65 34.6 34.7 0.07970115139
34.75 34.7 34.8 0.07212674325
34.85 34.8 34.9 0.07923059682
34.95 34.9 35 0.07375155196
35.05 35 35.1 0.08096648139
35.15 35.1 35.2 0.08158331564
35.25 35.2 35.3 0.07386607094
35.35 35.3 35.4 0.07568831088
35.45 35.4 35.5 0.07724888442
35.55 35.5 35.6 0.0838999458
35.65 35.6 35.7 0.07984276618
35.75 35.7 35.8 0.0745608918
35.85 35.8 35.9 0.08021603751
35.95 35.9 36 0.08157744247
36.05 36 36.1 0.07867363653
36.15 36.1 36.2 0.08533395387
36.25 36.2 36.3 0.09489433913
36.35 36.3 36.4 0.09169558839
36.45 36.4 36.5 0.08111575488
36.55 36.5 36.6 0.07918723351
36.65 36.6 36.7 0.08051138628
36.75 36.7 36.8 0.07488457371
36.85 36.8 36.9 0.07606333636
36.95 36.9 37 0.07223848822
37.05 37 37.1 0.07943806678
37.15 37.1 37.2 0.07402212151
37.25 37.2 37.3 0.07131621266
37.35 37.3 37.4 0.07452723807
37.45 37.4 37.5 0.06790266577
37.55 37.5 37.6 0.06658700754
37.65 37.6 37.7 0.07497291814
37.75 37.7 37.8 0.0714568292
37.85 37.8 37.9 0.07446280927
37.95 37.9 38 0.06559598928
38.05 38 38.1 0.07042598884
38.15 38.1 38.2 0.06615109443
38.25 38.2 38.3 0.0678765167
38.35 38.3 38.4 0.07093351518
38.45 38.4 38.5 0.06511748785
38.55 38.5 38.6 0.06209575025
38.65 38.6 38.7 0.05535634889
38.75 38.7 38.8 0.0659602575
38.85 38.8 38.9 0.06725032041
38.95 38.9 39 0.06296639895
39.05 39 39.1 0.06205457459
39.15 39.1 39.2 0.06174333043
39.25 39.2 39.3 0.05687903622
39.35 39.3 39.4 0.06369756607
39.45 39.4 39.5 0.06006363667
39.55 39.5 39.6 0.05715755871
39.65 39.6 39.7 0.06614331184
39.75 39.7 39.8 0.0663982664
39.85 39.8 39.9 0.05808493284
39.95 39.9 40 0.05613644164
40.05 40 40.1 0.05901518786
40.15 40.1 40.2 0.05715051332
40.25 40.2 40.3 0.05908578264
40.35 40.3 40.4 0.05746321835
40.45 40.4 40.5 0.05616641591
40.55 40.5 40.6 0.04682367417
40.65 40.6 40.7 0.06451655337
40.75 40.7 40.8 0.05545751926
40.85 40.8 40.9 0.05995582318
40.95 40.9 41 0.05010376527
41.05 41 41.1 0.05116778809
41.15 41.1 41.2 0.04731467156
41.25 41.2 41.3 0.06497197121
41.35 41.3 41.4 0.04579868252
41.45 41.4 41.5 0.04746924496
41.55 41.5 41.6 0.0533051781
41.65 41.6 41.7 0.04669726393
41.75 41.7 41.8 0.052272019
41.85 41.8 41.9 0.061166791
41.95 41.9 42 0.05238157483
42.05 42 42.1 0.04765560785
42.15 42.1 42.2 0.04198804798
42.25 42.2 42.3 0.04443340655
42.35 42.3 42.4 0.05655439078
42.45 42.4 42.5 0.04787593313
42.55 42.5 42.6 0.04838244592
42.65 42.6 42.7 0.0491456161
42.75 42.7 42.8 0.04118273402
42.85 42.8 42.9 0.05817733102
42.95 42.9 43 0.04250591419
43.05 43 43.1 0.04898995018
43.15 43.1 43.2 0.05184218714
43.25 43.2 43.3 0.04362958561
43.35 43.3 43.4 0.04414301459
43.45 43.4 43.5 0.04312096284
43.55 43.5 43.6 0.03881766891
43.65 43.6 43.7 0.04448103175
43.75 43.7 43.8 0.0479090125
43.85 43.8 43.9 0.05249857752
43.95 43.9 44 0.0458122288
44.05 44 44.1 0.04197079012
44.15 44.1 44.2 0.04634517504
44.25 44.2 44.3 0.05123067147
44.35 44.3 44.4 0.04682908001
44.45 44.4 44.5 0.04062125045
44.55 44.5 44.6 0.03580638351
44.65 44.6 44.7 0.0440860719
44.75 44.7 44.8 0.0402882886
44.85 44.8 44.9 0.0414069992
44.95 44.9 45 0.04117006253
45.05 45 45.1 0.0448381827
45.15 45.1 45.2 0.04440840575
45.25 45.2 45.3 0.03843527097
45.35 45.3 45.4 0.03903573323
45.45 45.4 45.5 0.04894666184
45.55 45.5 45.6 0.04055102997
45.65 45.6 45.7 0.0405517464
45.75 45.7 45.8 0.04400356239
45.85 45.8 45.9 0.04478508096
45.95 45.9 46 0.04177134988
46.05 46 46.1 0.04648384047
46.15 46.1 46.2 0.03746101909
46.25 46.2 46.3 0.03728993858
46.35 46.3 46.4 0.04179856048
46.45 46.4 46.5 0.03534086969
46.55 46.5 46.6 0.04326126334
46.65 46.6 46.7 0.03892957718
46.75 46.7 46.8 0.03288547295
46.85 46.8 46.9 0.0387459212
46.95 46.9 47 0.0370652181
47.05 47 47.1 0.0329540441
47.15 47.1 47.2 0.04125442582
47.25 47.2 47.3 0.03464618515
47.35 47.3 47.4 0.03049519564
47.45 47.4 47.5 0.03442822942
47.55 47.5 47.6 0.02968613334
47.65 47.6 47.7 0.02945811263
47.75 47.7 47.8 0.03971402854
47.85 47.8 47.9 0.03826208122
47.95 47.9 48 0.03553071422
48.05 48 48.1 0.03492549547
48.15 48.1 48.2 0.03769099947
48.25 48.2 48.3 0.02517203938
48.35 48.3 48.4 0.03110736223
48.45 48.4 48.5 0.04092589581
48.55 48.5 48.6 0.03885551994
48.65 48.6 48.7 0.03111292179
48.75 48.7 48.8 0.02711828971
48.85 48.8 48.9 0.03402014862
48.95 48.9 49 0.02433480769
49.05 49 49.1 0.0330322834
49.15 49.1 49.2 0.0231388974
49.25 49.2 49.3 0.02552460948
49.35 49.3 49.4 0.02597530101
49.45 49.4 49.5 0.03733881531
49.55 49.5 49.6 0.02352555314
49.65 49.6 49.7 0.02033549819
49.75 49.7 49.8 0.03285793609
49.85 49.8 49.9 0.03327556392
49.95 49.9 50 0.02776662835
50.05 50 50.1 0.02137909124
50.15 50.1 50.2 0.0302611869
50.25 50.2 50.3 0.03054734164
50.35 50.3 50.4 0.03620480264
50.45 50.4 50.5 0.03292007511
50.55 50.5 50.6 0.03071489561
50.65 50.6 50.7 0.02649696568
50.75 50.7 50.8 0.03368375888
50.85 50.8 50.9 0.02872675073
50.95 50.9 51 0.03428227646
51.05 51 51.1 0.02593415257
51.15 51.1 51.2 0.03168576875
51.25 51.2 51.3 0.02520697123
51.35 51.3 51.4 0.02094847514
51.45 51.4 51.5 0.02825413714
51.55 51.5 51.6 0.02686728946
51.65 51.6 51.7 0.01897137827
51.75 51.7 51.8 0.03225068164
51.85 51.8 51.9 0.01245411149
51.95 51.9 52 0.02805608815
52.05 52 52.1 0.02787943843
52.15 52.1 52.2 0.01608878047
52.25 52.2 52.3 0.0264659579
52.35 52.3 52.4 0.02138017179
52.45 52.4 52.5 0.02089802633
52.55 52.5 52.6 0.0204087687
52.65 52.6 52.7 0.02839483541
52.75 52.7 52.8 0.02700807872
52.85 52.8 52.9 0.01232547463
52.95 52.9 53 0.02084111257
53.05 53 53.1 0.02946849699
53.15 53.1 53.2 0.02397754664
53.25 53.2 53.3 0.0211649842
53.35 53.3 53.4 0.01959521309
53.45 53.4 53.5 0.01569363508
53.55 53.5 53.6 0.02050564945
53.65 53.6 53.7 0.02782158107
53.75 53.7 53.8 0.02768708561
53.85 53.8 53.9 0.02294257177
53.95 53.9 54 0.01891522505
54.05 54 54.1 0.02818280219
54.15 54.1 54.2 0.02075201171
54.25 54.2 54.3 0.02213299261
54.35 54.3 54.4 0.02450418968
54.45 54.4 54.5 0.01612836421
54.55 54.5 54.6 0.02041322638
54.65 54.6 54.7 0.02051610201
54.75 54.7 54.8 0.0177944613
54.85 54.8 54.9 0.02207783207
54.95 54.9 55 0.02658055702
55.05 55 55.1 0.01931420994
55.15 55.1 55.2 0.01581956122
55.25 55.2 55.3 0.02379589956
55.35 55.3 55.4 0.01517313833
55.45 55.4 55.5 0.0220422843
55.55 55.5 55.6 0.02387534325
55.65 55.6 55.7 0.0149167518
55.75 55.7 55.8 0.01805634496
55.85 55.8 55.9 0.02078732153
55.95 55.9 56 0.02600278864
56.05 56 56.1 0.02618238923
56.15 56.1 56.2 0.02350847293
56.25 56.2 56.3 0.02617134401
56.35 56.3 56.4 0.01395639584
56.45 56.4 56.5 0.01709020136
56.55 56.5 56.6 0.01359345815
56.65 56.6 56.7 0.02090742101
56.75 56.7 56.8 0.0204427558
56.85 56.8 56.9 0.024948242
56.95 56.9 57 0.01958765235
57.05 57 57.1 0.01602443713
57.15 57.1 57.2 0.01550906108
57.25 57.2 57.3 0.02253992785
57.35 57.3 57.4 0.0281807732
57.45 57.4 57.5 0.0201725607
57.55 57.5 57.6 0.01951712593
57.65 57.6 57.7 0.01865121793
57.75 57.7 57.8 0.02092253634
57.85 57.8 57.9 0.02355013269
57.95 57.9 58 0.0198720327
58.05 58 58.1 0.0177248655
58.15 58.1 58.2 0.02083482345
58.25 58.2 58.3 0.01755769337
58.35 58.3 58.4 0.01687154926
58.45 58.4 58.5 0.01264105153
58.55 58.5 58.6 0.02258095273
58.65 58.6 58.7 0.01168104612
58.75 58.7 58.8 0.01884519376
58.85 58.8 58.9 0.02262043952
58.95 58.9 59 0.00978342071
59.05 59 59.1 0.01841179135
59.15 59.1 59.2 0.01785807079
59.25 59.2 59.3 0.01484772156
59.35 59.3 59.4 0.0176535118
59.45 59.4 59.5 0.01599074058
59.55 59.5 59.6 0.01844016787
59.65 59.6 59.7 0.01103407619
59.75 59.7 59.8 0.01984923935
59.85 59.8 59.9 0.01713728301
59.95 59.9 60 0.02012743542
60.05 60 60.1 0.01982126033
60.15 60.1 60.2 0.01660810456
60.25 60.2 60.3 0.01999865737
60.35 60.3 60.4 0.0171659545
60.45 60.4 60.5 0.01268478476
60.55 60.5 60.6 0.01859535188
60.65 60.6 60.7 0.020946914
60.75 60.7 60.8 0.01881478227
60.85 60.8 60.9 0.01114404536
60.95 60.9 61 0.02049248948
61.05 61 61.1 0.01027406844
61.15 61.1 61.2 0.01356023213
61.25 61.2 61.3 0.01711729891
61.35 61.3 61.4 0.01738340815
61.45 61.4 61.5 0.01230338254
61.55 61.5 61.6 0.01704931819
61.65 61.6 61.7 0.01219836243
61.75 61.7 61.8 0.011569295
61.85 61.8 61.9 0.006138890588
61.95 61.9 62 0.01380387782
62.05 62 62.1 0.01826800657
62.15 62.1 62.2 0.007852066386
62.25 62.2 62.3 0.01496779067
62.35 62.3 62.4 0.01209365065
62.45 62.4 62.5 0.01231841187
62.55 62.5 62.6 0.00915549884
62.65 62.6 62.7 0.01499135025
62.75 62.7 62.8 0.01828347314
62.85 62.8 62.9 0.01065086429
62.95 62.9 63 0.01031714535
63.05 63 63.1 0.01844393549
63.15 63.1 63.2 0.01308787468
63.25 63.2 63.3 0.01256228896
63.35 63.3 63.4 0.003167309784
63.45 63.4 63.5 0.0124858549
63.55 63.5 63.6 0.0130431499
63.65 63.6 63.7 0.01058764843
63.75 63.7 63.8 0.01352797705
63.85 63.8 63.9 0.01051059962
63.95 63.9 64 0.01246641593
64.05 64 64.1 0.01098511001
64.15 64.1 64.2 0.007991451804
64.25 64.2 64.3 0.01730271091
64.35 64.3 64.4 0.01166246171
64.45 64.4 64.5 0.009573704724
64.55 64.5 64.6 0.005270306772
64.65 64.6 64.7 0.008498035389
64.75 64.7 64.8 0.007511201041
64.85 64.8 64.9 0.01130268678
64.95 64.9 65 0.01292493125
65.05 65 65.1 0.007036440867
65.15 65.1 65.2 0.01415569223
65.25 65.2 65.3 0.01287478728
65.35 65.3 65.4 0.00763870629
65.45 65.4 65.5 0.01598298473
65.55 65.5 65.6 0.01287462223
65.65 65.6 65.7 0.01263096171
65.75 65.7 65.8 0.01146290513
65.85 65.8 65.9 0.007673850234
65.95 65.9 66 0.01171761189
66.05 66 66.1 0.006674055452
66.15 66.1 66.2 0.01043045462
66.25 66.2 66.3 0.008175821695
66.35 66.3 66.4 0.01249232095
66.45 66.4 66.5 0.009038215491
66.55 66.5 66.6 0.0116913721
66.65 66.6 66.7 0.01174671554
66.75 66.7 66.8 0.01408155305
66.85 66.8 66.9 0.009599091813
66.95 66.9 67 0.01160275531
67.05 67 67.1 0.00857296144
67.15 67.1 67.2 0.01384967768
67.25 67.2 67.3 0.007384159754
67.35 67.3 67.4 0.006963175514
67.45 67.4 67.5 0.003982043546
67.55 67.5 67.6 0.01326191605
67.65 67.6 67.7 0.006205436042
67.75 67.7 67.8 0.005913337345
67.85 67.8 67.9 0.01301810234
67.95 67.9 68 0.009887532332
68.05 68 68.1 0.008325810564
68.15 68.1 68.2 0.004699678266
68.25 68.2 68.3 0.005571166783
68.35 68.3 68.4 0.001748302121
68.45 68.4 68.5 0.006901872138
68.55 68.5 68.6 0.001408169815
68.65 68.6 68.7 0.007465211809
68.75 68.7 68.8 0.009839235488
68.85 68.8 68.9 0.003427766131
68.95 68.9 69 0.01053926163
69.05 69 69.1 0.01156305027
69.15 69.1 69.2 0.006661327945
69.25 69.2 69.3 0.01841359511
69.35 69.3 69.4 0.01083192931
69.45 69.4 69.5 0.001845303073
69.55 69.5 69.6 0.005587916653
69.65 69.6 69.7 0.00351057741
69.75 69.7 69.8 0.005993565499
69.85 69.8 69.9 0.003862568912
69.95 69.9 70 0.00333350307
70.05 70 70.1 0.008035897953
70.15 70.1 70.2 0.004991762199
70.25 70.2 70.3 0.009537936765
70.35 70.3 70.4 0.00659389153
70.45 70.4 70.5 0.009833850749
70.55 70.5 70.6 0.008430271132
70.65 70.6 70.7 0.009285515609
70.75 70.7 70.8 0.003615595801
70.85 70.8 70.9 0.006223198958
70.95 70.9 71 0.006459184144
71.05 71 71.1 0.009845522037
71.15 71.1 71.2 0.006728188364
71.25 71.2 71.3 0.01179118777
71.35 71.3 71.4 0.009652898779
71.45 71.4 71.5 0.003224196027
71.55 71.5 71.6 0.005781453436
71.65 71.6 71.7 0.008885099854
71.75 71.7 71.8 0.004788483202
71.85 71.8 71.9 0.008812903299
71.95 71.9 72 0.00457467009
72.05 72 72.1 0.006548927564
72.15 72.1 72.2 0.00484386699
72.25 72.2 72.3 -0.0006059891558
72.35 72.3 72.4 0.01067667626
72.45 72.4 72.5 0.005797729467
72.55 72.5 72.6 0.008345683936
72.65 72.6 72.7 0.008661492856
72.75 72.7 72.8 0.0007325197199
72.85 72.8 72.9 0.006581287267
72.95 72.9 73 0.008399185623
73.05 73 73.1 0.01224918501
73.15 73.1 73.2 0.006837755903
73.25 73.2 73.3 0.005263457871
73.35 73.3 73.4 0.000167623182
73.45 73.4 73.5 0.004090260578
73.55 73.5 73.6 0.004033502681
73.65 73.6 73.7 0.00740819775
73.75 73.7 73.8 -0.002217144004
73.85 73.8 73.9 0.004101505446
73.95 73.9 74 0.01120313755
74.05 74 74.1 0.002624594702
74.15 74.1 74.2 0.005352595692
74.25 74.2 74.3 0.00979582335
74.35 74.3 74.4 0.004015255104
74.45 74.4 74.5 0.009273756024
74.55 74.5 74.6 0.008613503057
74.65 74.6 74.7 0.01010673938
74.75 74.7 74.8 0.003453224458
74.85 74.8 74.9 0.005684036125
74.95 74.9 75 0.005325724694
75.05 75 75.1 0.004529883414
75.15 75.1 75.2 0.009579460202
75.25 75.2 75.3 0.001652992492
75.35 75.3 75.4 0.002292007294
75.45 75.4 75.5 0.008668176063
75.55 75.5 75.6 0.006198378733
75.65 75.6 75.7 0.007803638602
75.75 75.7 75.8 0.0108557143
75.85 75.8 75.9 0.004774504049
75.95 75.9 76 0.007687210974
76.05 76 76.1 0.005647948575
76.15 76.1 76.2 -0.006270884735
76.25 76.2 76.3 0.002941626165
76.35 76.3 76.4 0.00313873077
76.45 76.4 76.5 0.002893270479
76.55 76.5 76.6 0.008530941239
76.65 76.6 76.7 0.006840881336
76.75 76.7 76.8 0.003749732919
76.85 76.8 76.9 0.003194420386
76.95 76.9 77 0.004755871621
77.05 77 77.1 0.005860508262
77.15 77.1 77.2 0.002227758729
77.25 77.2 77.3 0.005067799385
77.35 77.3 77.4 0.002655889299
77.45 77.4 77.5 0.00177662079
77.55 77.5 77.6 0.006599302959
77.65 77.6 77.7 0.005391243386
77.75 77.7 77.8 0.002251004401
77.85 77.8 77.9 0.003862262506
77.95 77.9 78 0.006800504408
78.05 78 78.1 0.001876945811
78.15 78.1 78.2 0.004081326794
78.25 78.2 78.3 0.005343003576
78.35 78.3 78.4 0.008492598713
78.45 78.4 78.5 0.006568608824
78.55 78.5 78.6 0.008579834836
78.65 78.6 78.7 0.002467101266
78.75 78.7 78.8 0.005714180282
78.85 78.8 78.9 0.007051474293
78.95 78.9 79 0.008576428316
79.05 79 79.1 0.002655876059
79.15 79.1 79.2 0.00562925523
79.25 79.2 79.3 0.0016059757
79.35 79.3 79.4 0.007797158386
79.45 79.4 79.5 0.005644022203
79.55 79.5 79.6 0.004672270045
79.65 79.6 79.7 0.0009263233773
79.75 79.7 79.8 0.004579949301
79.85 79.8 79.9 0.008863814962
79.95 79.9 80 0.005256688646
80.05 80 80.1 0.002392661071
80.15 80.1 80.2 0.004796095514
80.25 80.2 80.3 0.007493085342
80.35 80.3 80.4 0.0007872983296
80.45 80.4 80.5 0.002766389733
80.55 80.5 80.6 0.0006491968065
80.65 80.6 80.7 0.00642902964
80.75 80.7 80.8 0.002354803247
80.85 80.8 80.9 0.003514452071
80.95 80.9 81 0.00122851756
81.05 81 81.1 0.004883962684
81.15 81.1 81.2 0.001471430042
81.25 81.2 81.3 0.004215663512
81.35 81.3 81.4 0.00211866966
81.45 81.4 81.5 0.005494661203
81.55 81.5 81.6 0.004178819577
81.65 81.6 81.7 0.0005270396948
81.75 81.7 81.8 0.002879214207
81.85 81.8 81.9 0.002008663941
81.95 81.9 82 0.004920439273
82.05 82 82.1 0.00343234566
82.15 82.1 82.2 0.002910986761
82.25 82.2 82.3 -0.0001927781735
82.35 82.3 82.4 0.005721658646
82.45 82.4 82.5 0.007983150037
82.55 82.5 82.6 0.002411719343
82.65 82.6 82.7 0.007419992064
82.75 82.7 82.8 0.001346465669
82.85 82.8 82.9 0.0008619261108
82.95 82.9 83 0.001275671648
83.05 83 83.1 0.00650562651
83.15 83.1 83.2 0.002963484092
83.25 83.2 83.3 0.008235344964
83.35 83.3 83.4 0.002901445814
83.45 83.4 83.5 0.003640644349
83.55 83.5 83.6 0.006178496265
83.65 83.6 83.7 0.002268102046
83.75 83.7 83.8 0.00716479489
83.85 83.8 83.9 0.002896376637
83.95 83.9 84 0.002310522197
84.05 84 84.1 0.005705785216
84.15 84.1 84.2 0.005113924086
84.25 84.2 84.3 -0.0001186834802
84.35 84.3 84.4 0.001226315456
84.45 84.4 84.5 0.005611458889
84.55 84.5 84.6 0.002686002738
84.65 84.6 84.7 0.003985630392
84.75 84.7 84.8 0.001732725484
84.85 84.8 84.9 0.001254415579
84.95 84.9 85 0.006995512612
85.05 85 85.1 0.004879217099
85.15 85.1 85.2 0.005925925568
85.25 85.2 85.3 0.00495447253
85.35 85.3 85.4 0.003124822657
85.45 85.4 85.5 0.007091905317
85.55 85.5 85.6 0.004521795928
85.65 85.6 85.7 0.001254506298
85.75 85.7 85.8 0.005448669574
85.85 85.8 85.9 0.003972388119
85.95 85.9 86 0.006179981012
86.05 86 86.1 0.004891955798
86.15 86.1 86.2 0.003831298238
86.25 86.2 86.3 0.004642182807
86.35 86.3 86.4 0.005867858566
86.45 86.4 86.5 -0.0004205051768
86.55 86.5 86.6 0.002264463407
86.65 86.6 86.7 0.002094654267
86.75 86.7 86.8 0.001190792226
86.85 86.8 86.9 0.002189165145
86.95 86.9 87 0.007603629084
87.05 87 87.1 0.001570641847
87.15 87.1 87.2 0.0009471007595
87.25 87.2 87.3 0.006404456518
87.35 87.3 87.4 0.006252966125
87.45 87.4 87.5 0.001829322848
87.55 87.5 87.6 -0.001407178973
87.65 87.6 87.7 -6.894282062e-05
87.75 87.7 87.8 0.002539899058
87.85 87.8 87.9 0.002372271377
87.95 87.9 88 0.00452317255
88.05 88 88.1 0.003474686661
88.15 88.1 88.2 -0.0009250882379
88.25 88.2 88.3 -0.0002267215736
88.35 88.3 88.4 0.002590138984
88.45 88.4 88.5 0.00647952601
88.55 88.5 88.6 0.003535628785
88.65 88.6 88.7 0.001452901318
88.75 88.7 88.8 0.005333941443
88.85 88.8 88.9 0.001024635585
88.95 88.9 89 0.004754659863
89.05 89 89.1 0.008272133857
89.15 89.1 89.2 0.00678844262
89.25 89.2 89.3 0.005330075691
89.35 89.3 89.4 0.005779462969
89.45 89.4 89.5 0.002188419122
89.55 89.5 89.6 0.00305573263
89.65 89.6 89.7 0.00589900053
89.75 89.7 89.8 0.004851487313
89.85 89.8 89.9 0.002704388948
89.95 89.9 90 -0.001040906069
90.05 90 90.1 0.006251165742
90.15 90.1 90.2 0.00850410899
90.25 90.2 90.3 0.006455447869
90.35 90.3 90.4 0.006725446066
90.45 90.4 90.5 0.007163821509
90.55 90.5 90.6 0.003965961303
90.65 90.6 90.7 0.008367889315
90.75 90.7 90.8 -0.0004227594609
90.85 90.8 90.9 0.01016480552
90.95 90.9 91 0.006150028404
91.05 91 91.1 0.006794835622
91.15 91.1 91.2 0.009651834157
91.25 91.2 91.3 0.005508850492
91.35 91.3 91.4 0.009829385633
91.45 91.4 91.5 0.005303478099
91.55 91.5 91.6 0.006617436941
91.65 91.6 91.7 0.002588893737
91.75 91.7 91.8 0.006172864093
91.85 91.8 91.9 0.003806361133
91.95 91.9 92 0.006377795141
92.05 92 92.1 0.004107155026
92.15 92.1 92.2 0.004242824122
92.25 92.2 92.3 0.00433459111
92.35 92.3 92.4 0.001639609158
92.45 92.4 92.5 0.006580026225
92.55 92.5 92.6 0.005853309948
92.65 92.6 92.7 0.0092217657
92.75 92.7 92.8 -0.0006333213736
92.85 92.8 92.9 0.00713239102
92.95 92.9 93 0.003971034723
93.05 93 93.1 0.008096604755
93.15 93.1 93.2 0.002621236891
93.25 93.2 93.3 0.005275150543
93.35 93.3 93.4 0.003699308476
93.45 93.4 93.5 0.0007005080986
93.55 93.5 93.6 0.007549457284
93.65 93.6 93.7 0.01133330023
93.75 93.7 93.8 0.0002049608527
93.85 93.8 93.9 0.00827215155
93.95 93.9 94 0.002729079621
94.05 94 94.1 0.0001345741848
94.15 94.1 94.2 0.007212259664
94.25 94.2 94.3 0.007347079192
94.35 94.3 94.4 0.002956681148
94.45 94.4 94.5 0.003714563133
94.55 94.5 94.6 0.004127242191
94.65 94.6 94.7 0.005499053644
94.75 94.7 94.8 0.00229610889
94.85 94.8 94.9 0.004193193074
94.95 94.9 95 0.001308558387
95.05 95 95.1 0.002638904732
95.15 95.1 95.2 0.006724024478
95.25 95.2 95.3 0.007362797552
95.35 95.3 95.4 0.006244452902
95.45 95.4 95.5 0.005023228309
95.55 95.5 95.6 0.00615375665
95.65 95.6 95.7 0.001478366848
95.75 95.7 95.8 0.005627009452
95.85 95.8 95.9 0.004801688308
95.95 95.9 96 0.008777410207
96.05 96 96.1 0.007687376964
96.15 96.1 96.2 0.005288798505
96.25 96.2 96.3 0.004468669994
96.35 96.3 96.4 0.002325838076
96.45 96.4 96.5 0.004773874899
96.55 96.5 96.6 0.005132316395
96.65 96.6 96.7 0.00830294687
96.75 96.7 96.8 0.006062345543
96.85 96.8 96.9 0.003031370189
96.95 96.9 97 0.007268118713
97.05 97 97.1 0.0008157431044
97.15 97.1 97.2 0.00623352568
97.25 97.2 97.3 0.004775439381
97.35 97.3 97.4 0.005486879891
97.45 97.4 97.5 0.002395840494
97.55 97.5 97.6 0.00388092683
97.65 97.6 97.7 0.007647648256
97.75 97.7 97.8 0.00143053526
97.85 97.8 97.9 0.004731848161
97.95 97.9 98 0.003686159402
98.05 98 98.1 0.002603888684
98.15 98.1 98.2 0.004696163099
98.25 98.2 98.3 0.006786222856
98.35 98.3 98.4 0.002712492286
98.45 98.4 98.5 0.007548575395
98.55 98.5 98.6 0.003166848397
98.65 98.6 98.7 0.003959218787
98.75 98.7 98.8 0.003542194296
98.85 98.8 98.9 0.006912186273
98.95 98.9 99 0.0008441605862
99.05 99 99.1 0.004224071607
99.15 99.1 99.2 0.003277073858
99.25 99.2 99.3 0.00146332346
99.35 99.3 99.4 -0.0006636095016
99.45 99.4 99.5 0.004354481281
99.55 99.5 99.6 0.001587683713
99.65 99.6 99.7 0.007507072043
99.75 99.7 99.8 0.006421801366
99.85 99.8 99.9 0.002645317693
99.95 99.9 100 0.003082351757
100.05 100 100.1 0.006942915734
100.15 100.1 100.2 0.005045160465
100.25 100.2 100.3 0.001542176415
100.35 100.3 100.4 0.002977256436
100.45 100.4 100.5 0.008068438018
100.55 100.5 100.6 0.007429314874
100.65 100.6 100.7 0.002025163607
100.75 100.7 100.8 -0.0001228934479
100.85 100.8 100.9 0.003399761323
100.95 100.9 101 0.00208202769
101.05 101 101.1 0.003425530043
101.15 101.1 101.2 0.001973088222
101.25 101.2 101.3 0.01104265984
101.35 101.3 101.4 0.005797465137
101.45 101.4 101.5 0.006346194157
101.55 101.5 101.6 0.002940083992
101.65 101.6 101.7 0.003156961718
101.75 101.7 101.8 0.005872718278
101.85 101.8 101.9 0.004770810101
101.95 101.9 102 0.002074679395
102.05 102 102.1 0.005080563368
102.15 102.1 102.2 0.004587954302
102.25 102.2 102.3 0.002751612875
102.35 102.3 102.4 0.002048397325
102.45 102.4 102.5 0.007395507678
102.55 102.5 102.6 0.003543806342
102.65 102.6 102.7 0.00423738913
102.75 102.7 102.8 0.004582518412
102.85 102.8 102.9 0.002099319152
102.95 102.9 103 0.003537050566
103.05 103 103.1 0.00413897044
103.15 103.1 103.2 0.004887736185
103.25 103.2 103.3 0.00836765804
103.35 103.3 103.4 0.007819760417
103.45 103.4 103.5 0.004670686676
103.55 103.5 103.6 0.003167906283
103.65 103.6 103.7 0.002996796773
103.75 103.7 103.8 0.007172999515
103.85 103.8 103.9 0.004140241504
103.95 103.9 104 0.003846273937
104.05 104 104.1 0.001501467496
104.15 104.1 104.2 0.007231546836
104.25 104.2 104.3 0.001756414379
104.35 104.3 104.4 0.005987784591
104.45 104.4 104.5 0.001924761295
104.55 104.5 104.6 0.004764371895
104.65 104.6 104.7 0.003745403523
104.75 104.7 104.8 0.003244046847
104.85 104.8 104.9 0.007043076253
104.95 104.9 105 0.007078807973
105.05 105 105.1 0.00600297664
105.15 105.1 105.2 0.004163877963
105.25 105.2 105.3 0.006652677108
105.35 105.3 105.4 0.004255116416
105.45 105.4 105.5 0.003506479367
105.55 105.5 105.6 0.006335699117
105.65 105.6 105.7 0.000206473783
105.75 105.7 105.8 0.001653164433
105.85 105.8 105.9 -0.0003582060605
105.95 105.9 106 0.003356397877
106.05 106 106.1 0.006071364879
106.15 106.1 106.2 -0.001076420005
106.25 106.2 106.3 0.0020150624
106.35 106.3 106.4 0.004870120797
106.45 106.4 106.5 0.00358658803
106.55 106.5 106.6 0.00417647797
106.65 106.6 106.7 0.003160225208
106.75 106.7 106.8 0.0009628082477
106.85 106.8 106.9 0.003756672037
106.95 106.9 107 0.002169729653
107.05 107 107.1 0.002173724103
107.15 107.1 107.2 0.003575719026
107.25 107.2 107.3 0.003847574395
107.35 107.3 107.4 0.003760426426
107.45 107.4 107.5 0.002609641259
107.55 107.5 107.6 0.0002324148757
107.65 107.6 107.7 0.0025844634
107.75 107.7 107.8 0.001792991545
107.85 107.8 107.9 -0.001586368453
107.95 107.9 108 -0.002259868939
108.05 108 108.1 0.004488050986
108.15 108.1 108.2 0.006005367129
108.25 108.2 108.3 0.005584222217
108.35 108.3 108.4 0.004661305716
108.45 108.4 108.5 0.001053864491
108.55 108.5 108.6 0.005171404113
108.65 108.6 108.7 0.009420416615
108.75 108.7 108.8 0.002062179953
108.85 108.8 108.9 0.003378937207
108.95 108.9 109 0.005666598906
109.05 109 109.1 -0.0005993004355
109.15 109.1 109.2 0.003468682846
109.25 109.2 109.3 0.003801208272
109.35 109.3 109.4 0.001753204362
109.45 109.4 109.5 0.002119444415
109.55 109.5 109.6 0.005212589929
109.65 109.6 109.7 0.004097620157
109.75 109.7 109.8 0.0001246341499
109.85 109.8 109.9 0.002237304795
109.95 109.9 110 0.001385913383
110.05 110 110.1 0.006449332996
110.15 110.1 110.2 0.0008050272439
110.25 110.2 110.3 0.0006599103866
110.35 110.3 110.4 0.001240672858
110.45 110.4 110.5 0.005128442872
110.55 110.5 110.6 -0.001987432577
110.65 110.6 110.7 -0.001622101738
110.75 110.7 110.8 0.005685498718
110.85 110.8 110.9 0.004919294478
110.95 110.9 111 0.003363414283
111.05 111 111.1 0.004062180991
111.15 111.1 111.2 0.001697757124
111.25 111.2 111.3 -0.002137516093
111.35 111.3 111.4 0.001066629191
111.45 111.4 111.5 0.00124403204
111.55 111.5 111.6 0.00262557839
111.65 111.6 111.7 0.004645184056
111.75 111.7 111.8 0.007160760026
111.85 111.8 111.9 0.004539691781
111.95 111.9 112 0.004035686651
112.05 112 112.1 -0.001726914816
112.15 112.1 112.2 0.0002656617523
112.25 112.2 112.3 0.004183031941
112.35 112.3 112.4 -0.0001908116167
112.45 112.4 112.5 0.001750975979
112.55 112.5 112.6 0.005590608167
112.65 112.6 112.7 0.005948574324
112.75 112.7 112.8 0.002542893817
112.85 112.8 112.9 0.00256632794
112.95 112.9 113 0.003908508006
113.05 113 113.1 0.003054187413
113.15 113.1 113.2 -0.001926898196
113.25 113.2 113.3 0.004607535181
113.35 113.3 113.4 -0.002137084078
113.45 113.4 113.5 0.00222832464
113.55 113.5 113.6 0.003223662853
113.65 113.6 113.7 0.001818323605
113.75 113.7 113.8 0.002263012271
113.85 113.8 113.9 0.006784098961
113.95 113.9 114 0.00445519214
114.05 114 114.1 0.002760641821
114.15 114.1 114.2 0.001786601871
114.25 114.2 114.3 0.002125689377
114.35 114.3 114.4 0.003858983114
114.45 114.4 114.5 0.0009724991783
114.55 114.5 114.6 0.0007930753313
114.65 114.6 114.7 0.004957994126
114.75 114.7 114.8 0.001272587824
114.85 114.8 114.9 0.004336315606
114.95 114.9 115 0.004075753524
115.05 115 115.1 0.003580096393
115.15 115.1 115.2 0.005332844877
115.25 115.2 115.3 -0.0007165998195
115.35 115.3 115.4 0.002569753726
115.45 115.4 115.5 0.004055471913
115.55 115.5 115.6 0.001283247016
115.65 115.6 115.7 0.003160050408
115.75 115.7 115.8 0.0017608907
115.85 115.8 115.9 0.0004555613099
115.95 115.9 116 -0.006379642089
116.05 116 116.1 -0.001223451368
116.15 116.1 116.2 0.001302563898
116.25 116.2 116.3 0.001276239699
116.35 116.3 116.4 0.003778395916
116.45 116.4 116.5 0.005004175573
116.55 116.5 116.6 0.0001772167096
116.65 116.6 116.7 0.003072002921
116.75 116.7 116.8 0.004126996981
116.85 116.8 116.9 0.002964381863
116.95 116.9 117 0.002113772921
117.05 117 117.1 0.00538339872
117.15 117.1 117.2 0.001042418977
117.25 117.2 117.3 0.004489861976
117.35 117.3 117.4 0.001036174478
117.45 117.4 117.5 0.002780768566
117.55 117.5 117.6 0.00366780367
117.65 117.6 117.7 -0.002095859927
117.75 117.7 117.8 0.003070275879
117.85 117.8 117.9 0.001121348624
117.95 117.9 118 0.005225641092
118.05 118 118.1 -0.001702432458
118.15 118.1 118.2 0.0002203220499
118.25 118.2 118.3 0.001833493022
118.35 118.3 118.4 4.861056578e-06
118.45 118.4 118.5 -0.004410679774
118.55 118.5 118.6 0.0001113209362
118.65 118.6 118.7 8.417670808e-05
118.75 118.7 118.8 0.0008536762736
118.85 118.8 118.9 0.001489180358
118.95 118.9 119 0.001499291887
119.05 119 119.1 0.001084984956
119.15 119.1 119.2 -0.00045740094
119.25 119.2 119.3 0.0009164427132
119.35 119.3 119.4 0.001166262835
119.45 119.4 119.5 0.001120821292
119.55 119.5 119.6 0.0003343282029
119.65 119.6 119.7 0.003269919857
119.75 119.7 119.8 0.0007183860238
119.85 119.8 119.9 0.002145482564
119.95 119.9 120 -0.0014386597
120.05 120 120.1 -0.0004195593855
120.15 120.1 120.2 0.003124542946
120.25 120.2 120.3 0.0008048229357
120.35 120.3 120.4 -0.0001840639566
120.45 120.4 120.5 0.00108975357
120.55 120.5 120.6 0.002188984105
120.65 120.6 120.7 0.0005308994707
120.75 120.7 120.8 0.002147623646
120.85 120.8 120.9 0.002459650815
120.95 120.9 121 -0.001252232194
121.05 121 121.1 -0.0004203291967
121.15 121.1 121.2 0.005777233976
121.25 121.2 121.3 0.00180522216
121.35 121.3 121.4 0.002122327699
121.45 121.4 121.5 0.0003103787518
121.55 121.5 121.6 0.004098380553
121.65 121.6 121.7 0.002337090812
121.75 121.7 121.8 0.001072907244
121.85 121.8 121.9 0.002113013359
121.95 121.9 122 0.0008803456559
122.05 122 122.1 -0.001142955716
122.15 122.1 122.2 0.002782118553
122.25 122.2 122.3 -0.0002141877813
122.35 122.3 122.4 7.611991176e-05
122.45 122.4 122.5 6.26769685e-06
122.55 122.5 122.6 0.00179535635
122.65 122.6 122.7 0.004597523221
122.75 122.7 122.8 -0.001167575836
122.85 122.8 122.9 0.004719550325
122.95 122.9 123 0.001970459287
123.05 123 123.1 0.001577033676
123.15 123.1 123.2 0.0004750491074
123.25 123.2 123.3 -0.001710753671
123.35 123.3 123.4 0.0004323541074
123.45 123.4 123.5 1.783247967e-05
123.55 123.5 123.6 -0.001368115745
123.65 123.6 123.7 0.0001424309813
123.75 123.7 123.8 -0.002374309347
123.85 123.8 123.9 0.0005041073597
123.95 123.9 124 0.001541570509
124.05 124 124.1 0.0001377130003
124.15 124.1 124.2 -0.0009814376
124.25 124.2 124.3 -0.0006066294681
124.35 124.3 124.4 0.0004338086545
124.45 124.4 124.5 -0.002380019069
124.55 124.5 124.6 -0.0004849663339
124.65 124.6 124.7 0.00501505687
124.75 124.7 124.8 -4.852751741e-05
124.85 124.8 124.9 0.001082720265
124.95 124.9 125 0.003999398704
125.05 125 125.1 0.002847036207
125.15 125.1 125.2 -0.001752084613
125.25 125.2 125.3 0.002448896749
125.35 125.3 125.4 0.00315323594
125.45 125.4 125.5 0.0009838257407
125.55 125.5 125.6 0.002130372661
125.65 125.6 125.7 0.0007950418233
125.75 125.7 125.8 -0.001165868544
125.85 125.8 125.9 0.0006688879195
125.95 125.9 126 0.003460925181
126.05 126 126.1 -0.0006823323737
126.15 126.1 126.2 -0.003929565824
126.25 126.2 126.3 0.001617778515
126.35 126.3 126.4 0.001468795657
126.45 126.4 126.5 -0.003511457902
126.55 126.5 126.6 0.0003910844985
126.65 126.6 126.7 -0.0001044678131
126.75 126.7 126.8 0.002138939131
126.85 126.8 126.9 1.773721692e-05
126.95 126.9 127 0.002001685073
127.05 127 127.1 0.002314272673
127.15 127.1 127.2 0.001498793201
127.25 127.2 127.3 0.001230467706
127.35 127.3 127.4 -0.002818674331
127.45 127.4 127.5 0.0009920883959
127.55 127.5 127.6 0.0003709414622
127.65 127.6 127.7 -9.326025671e-05
127.75 127.7 127.8 -0.0004584055402
127.85 127.8 127.9 0.001678373834
127.95 127.9 128 0.0004373264588
128.05 128 128.1 0.001384924737
128.15 128.1 128.2 0.0006768961453
128.25 128.2 128.3 -0.0009128872695
128.35 128.3 128.4 -0.002266351735
128.45 128.4 128.5 -0.001003673334
128.55 128.5 128.6 -0.002415717173
128.65 128.6 128.7 -0.0001081715692
128.75 128.7 128.8 0.001038449137
128.85 128.8 128.9 -0.002716574704
128.95 128.9 129 0.001936281022
129.05 129 129.1 -0.001869707036
129.15 129.1 129.2 -0.002013905582
129.25 129.2 129.3 -0.002298964329
129.35 129.3 129.4 -0.003204275461
129.45 129.4 129.5 0.001395306211
129.55 129.5 129.6 0.002203770909
129.65 129.6 129.7 -0.00195082399
129.75 129.7 129.8 -0.00269205591
129.85 129.8 129.9 -0.002149191845
129.95 129.9 130 -0.002021916906
130.05 130 130.1 -0.001682558441
130.15 130.1 130.2 0.0001780419734
130.25 130.2 130.3 -0.002202251278
130.35 130.3 130.4 -0.002401958872
130.45 130.4 130.5 -0.004139325289
130.55 130.5 130.6 -0.003269841114
130.65 130.6 130.7 -0.001007177114
130.75 130.7 130.8 -0.0006090995474
130.85 130.8 130.9 9.21642943e-05
130.95 130.9 131 -0.00157454982
131.05 131 131.1 -0.004309820848
131.15 131.1 131.2 -0.0001091068553
131.25 131.2 131.3 -0.00127145431
131.35 131.3 131.4 -0.00240765089
131.45 131.4 131.5 -0.001142200503
131.55 131.5 131.6 -0.0002554944754
131.65 131.6 131.7 -9.443387915e-05
131.75 131.7 131.8 -0.004288496842
131.85 131.8 131.9 -0.001354267638
131.95 131.9 132 -0.0001564436622
132.05 132 132.1 -0.00179160937
132.15 132.1 132.2 -0.000561590441
132.25 132.2 132.3 0.0008533118899
132.35 132.3 132.4 -0.0005234945477
132.45 132.4 132.5 -0.0006932194223
132.55 132.5 132.6 0.0002382914653
132.65 132.6 132.7 -0.001540664585
132.75 132.7 132.8 -0.0003602692889
132.85 132.8 132.9 0.0009186228189
132.95 132.9 133 -0.00209982682
133.05 133 133.1 -0.00129684188
133.15 133.1 133.2 -0.0009110120555
133.25 133.2 133.3 0.0006787344314
133.35 133.3 133.4 -0.0001314530154
133.45 133.4 133.5 0.0005519096173
133.55 133.5 133.6 -0.001731881991
133.65 133.6 133.7 0.001564729154
133.75 133.7 133.8 -0.001765001618
133.85 133.8 133.9 -0.004309337611
133.95 133.9 134 -0.0002378207825
134.05 134 134.1 -0.00268666483
134.15 134.1 134.2 -0.000354285988
134.25 134.2 134.3 -0.001369540478
134.35 134.3 134.4 -0.000557877087
134.45 134.4 134.5 -0.000368528683
134.55 134.5 134.6 -0.0009506030752
134.65 134.6 134.7 -0.003766412785
134.75 134.7 134.8 -0.003911745593
134.85 134.8 134.9 -0.004536402117
134.95 134.9 135 -0.002346307405
135.05 135 135.1 0.0003282089649
135.15 135.1 135.2 -0.003459809884
135.25 135.2 135.3 -0.00137058704
135.35 135.3 135.4 -0.001264759678
135.45 135.4 135.5 -0.003085949166
135.55 135.5 135.6 -0.003566280211
135.65 135.6 135.7 -0.003108402883
135.75 135.7 135.8 -0.0003177708789
135.85 135.8 135.9 -0.0008239719427
135.95 135.9 136 -0.002920962401
136.05 136 136.1 -0.00228815785
136.15 136.1 136.2 -0.003283744662
136.25 136.2 136.3 -0.001589743826
136.35 136.3 136.4 -0.004032414784
136.45 136.4 136.5 0.001898505288
136.55 136.5 136.6 -0.005232941046
136.65 136.6 136.7 -0.006378871966
136.75 136.7 136.8 -0.0003637460683
136.85 136.8 136.9 -0.0009597572869
136.95 136.9 137 -0.003403265694
137.05 137 137.1 -0.006168621945
137.15 137.1 137.2 -0.001992943798
137.25 137.2 137.3 -0.001116688649
137.35 137.3 137.4 -0.002350465892
137.45 137.4 137.5 -0.002168391427
137.55 137.5 137.6 -0.004837691679
137.65 137.6 137.7 -0.005204240928
137.75 137.7 137.8 -0.005022128078
137.85 137.8 137.9 0.0008193485617
137.95 137.9 138 -0.004281757197
138.05 138 138.1 -0.002541560235
138.15 138.1 138.2 -0.002562503789
138.25 138.2 138.3 -0.002492163227
138.35 138.3 138.4 -0.002395975152
138.45 138.4 138.5 0.0003134929712
138.55 138.5 138.6 -0.001778265193
138.65 138.6 138.7 -0.002111727302
138.75 138.7 138.8 0.0007780231732
138.85 138.8 138.9 -0.003833208997
138.95 138.9 139 -0.00159626341
139.05 139 139.1 0.0005261248856
139.15 139.1 139.2 -0.001810881262
139.25 139.2 139.3 0.001778706581
139.35 139.3 139.4 -0.0008451487483
139.45 139.4 139.5 -0.002522741923
139.55 139.5 139.6 -0.004867848802
139.65 139.6 139.7 -0.003114412361
139.75 139.7 139.8 0.000151621443
139.85 139.8 139.9 -0.002192546834
139.95 139.9 140 0.0002103596152
140.05 140 140.1 -0.00251405281
140.15 140.1 140.2 0.002382317471
140.25 140.2 140.3 -0.0002237116249
140.35 140.3 140.4 -0.002791602912
140.45 140.4 140.5 -0.001847942561
140.55 140.5 140.6 -0.0009325468587
140.65 140.6 140.7 -0.001814619111
140.75 140.7 140.8 -0.006225459576
140.85 140.8 140.9 -0.001743981704
140.95 140.9 141 -0.001091861087
141.05 141 141.1 -0.0008935321493
141.15 141.1 141.2 -0.001045846099
141.25 141.2 141.3 -0.005349471846
141.35 141.3 141.4 -0.00208985442
141.45 141.4 141.5 0.002354273711
141.55 141.5 141.6 0.0003369714328
141.65 141.6 141.7 -0.00332094462
141.75 141.7 141.8 -0.0008955174634
141.85 141.8 141.9 -0.002641147568
141.95 141.9 142 -0.0002490870386
142.05 142 142.1 -0.0003225763263
142.15 142.1 142.2 -0.0009820150912
142.25 142.2 142.3 -0.0004407610078
142.35 142.3 142.4 0.002036127273
142.45 142.4 142.5 -0.001970850476
142.55 142.5 142.6 -0.0009465204751
142.65 142.6 142.7 -0.001827534417
142.75 142.7 142.8 -0.002915500192
142.85 142.8 142.9 -0.003717391902
142.95 142.9 143 -0.002928893677
143.05 143 143.1 -0.0003210452369
143.15 143.1 143.2 -0.00232861335
143.25 143.2 143.3 -0.001488586201
143.35 143.3 143.4 0.0002736590853
143.45 143.4 143.5 -0.001558661183
143.55 143.5 143.6 -0.0006845417206
143.65 143.6 143.7 -0.004727297843
143.75 143.7 143.8 -0.001072816108
143.85 143.8 143.9 -0.003027299203
143.95 143.9 144 0.00273934719
144.05 144 144.1 -0.003118040833
144.15 144.1 144.2 0.003015462237
144.25 144.2 144.3 -0.001416029707
144.35 144.3 144.4 -0.002195938692
144.45 144.4 144.5 -0.00351007007
144.55 144.5 144.6 -0.002119388156
144.65 144.6 144.7 -0.004492956999
144.75 144.7 144.8 -0.003562335292
144.85 144.8 144.9 -0.00340975478
144.95 144.9 145 -0.0009597219199
145.05 145 145.1 -0.0007468603846
145.15 145.1 145.2 -0.002612920288
145.25 145.2 145.3 -0.004303711864
145.35 145.3 145.4 -0.001459802764
145.45 145.4 145.5 -0.001197194996
145.55 145.5 145.6 -0.002574408716
145.65 145.6 145.7 -0.002264882836
145.75 145.7 145.8 -0.00177224736
145.85 145.8 145.9 -0.001699795062
145.95 145.9 146 -0.001204125635
146.05 146 146.1 -0.0008269205778
146.15 146.1 146.2 -0.0001176475853
146.25 146.2 146.3 -0.001833477695
146.35 146.3 146.4 -0.001148828548
146.45 146.4 146.5 -0.002551412291
146.55 146.5 146.6 -0.004037428987
146.65 146.6 146.7 -0.000267469642
146.75 146.7 146.8 -0.001201531815
146.85 146.8 146.9 -0.002099886716
146.95 146.9 147 -0.001846509746
147.05 147 147.1 -0.002431274987
147.15 147.1 147.2 -0.002182840164
147.25 147.2 147.3 -0.003088543936
147.35 147.3 147.4 0.0005731910414
147.45 147.4 147.5 -0.001854189568
147.55 147.5 147.6 -0.004865194772
147.65 147.6 147.7 -0.0006769744035
147.75 147.7 147.8 -0.0003296977735
147.85 147.8 147.9 -0.004076792565
147.95 147.9 148 -0.001921742935
148.05 148 148.1 -0.003068944929
148.15 148.1 148.2 -0.00225109295
148.25 148.2 148.3 -0.004516246267
148.35 148.3 148.4 -0.003593787799
148.45 148.4 148.5 -0.002291526333
148.55 148.5 148.6 -0.0002748622998
148.65 148.6 148.7 -0.001829875406
148.75 148.7 148.8 -0.001417936987
148.85 148.8 148.9 -0.005019335708
148.95 148.9 149 -0.003044949831
149.05 149 149.1 -0.006793266514
149.15 149.1 149.2 -0.002571478858
149.25 149.2 149.3 -0.001355871907
149.35 149.3 149.4 0.0006018279121
149.45 149.4 149.5 -0.002976729281
149.55 149.5 149.6 0.001628432691
149.65 149.6 149.7 -0.002953654434
149.75 149.7 149.8 -0.003336762683
149.85 149.8 149.9 -0.001519197698
149.95 149.9 150 -0.004242171319
150.05 150 150.1 0.001274887112
150.15 150.1 150.2 -0.0006159725021
150.25 150.2 150.3 -0.004670811791
150.35 150.3 150.4 -0.001185403104
150.45 150.4 150.5 -0.0004549457415
150.55 150.5 150.6 0.001356492704
150.65 150.6 150.7 -0.003700529676
150.75 150.7 150.8 -0.001744910462
150.85 150.8 150.9 -0.003902992956
150.95 150.9 151 -0.003294143965
151.05 151 151.1 -0.002625601728
151.15 151.1 151.2 -0.002057829147
151.25 151.2 151.3 0.000801065803
151.35 151.3 151.4 -0.0001590116671
151.45 151.4 151.5 -0.001775086006
151.55 151.5 151.6 -0.002705782606
151.65 151.6 151.7 -0.002379687648
151.75 151.7 151.8 -0.0003492271218
151.85 151.8 151.9 -0.003068023446
151.95 151.9 152 -0.004505861429
152.05 152 152.1 -0.0008204378547
152.15 152.1 152.2 -0.004942401167
152.25 152.2 152.3 -0.003515629359
152.35 152.3 152.4 -0.002980683438
152.45 152.4 152.5 -0.002187663942
152.55 152.5 152.6 -0.003633398171
152.65 152.6 152.7 -0.001049449394
152.75 152.7 152.8 -0.0007482416626
152.85 152.8 152.9 0.001886724232
152.95 152.9 153 -0.003198308229
153.05 153 153.1 -0.002205746372
153.15 153.1 153.2 0.0007775523075
153.25 153.2 153.3 -0.001958313138
153.35 153.3 153.4 -0.0008331942461
153.45 153.4 153.5 -0.006012945326
153.55 153.5 153.6 -0.001898374319
153.65 153.6 153.7 -0.006012899979
153.75 153.7 153.8 -0.003452100299
153.85 153.8 153.9 0.0007274476755
153.95 153.9 154 -0.002308411424
154.05 154 154.1 0.001190715021
154.15 154.1 154.2 -0.002919726621
154.25 154.2 154.3 0.0004770635911
154.35 154.3 154.4 -0.003137058315
154.45 154.4 154.5 -0.001346969896
154.55 154.5 154.6 -0.004342296327
154.65 154.6 154.7 0.001371300526
154.75 154.7 154.8 -0.002021076837
154.85 154.8 154.9 -0.002361956116
154.95 154.9 155 -0.003533613218
155.05 155 155.1 -0.002724666972
155.15 155.1 155.2 -0.003266794923
155.25 155.2 155.3 -0.001009090585
155.35 155.3 155.4 -0.005179998194
155.45 155.4 155.5 -0.004754493936
155.55 155.5 155.6 -0.0005881848268
155.65 155.6 155.7 -0.001925562826
155.75 155.7 155.8 -0.004207862771
155.85 155.8 155.9 -0.003249500416
155.95 155.9 156 -0.003254205865
156.05 156 156.1 -0.001610618259
156.15 156.1 156.2 -0.003953882756
156.25 156.2 156.3 -0.002092037327
156.35 156.3 156.4 -0.0003375621695
156.45 156.4 156.5 -0.003513678411
156.55 156.5 156.6 -0.001475472452
156.65 156.6 156.7 -0.002390748395
156.75 156.7 156.8 -0.001280695539
156.85 156.8 156.9 -0.005279099768
156.95 156.9 157 -0.002432519319
157.05 157 157.1 -0.00209784718
157.15 157.1 157.2 -0.003465273646
157.25 157.2 157.3 0.002084696686
157.35 157.3 157.4 0.0007047325851
157.45 157.4 157.5 -0.001460310389
157.55 157.5 157.6 -0.00192833184
157.65 157.6 157.7 -0.003378215535
157.75 157.7 157.8 0.0001214784368
157.85 157.8 157.9 -0.002129894736
157.95 157.9 158 -0.001207443484
158.05 158 158.1 -0.0001404899514
158.15 158.1 158.2 0.0003833448436
158.25 158.2 158.3 -0.001385333101
158.35 158.3 158.4 -0.002455585215
158.45 158.4 158.5 -0.0003103854337
158.55 158.5 158.6 -0.0002982950901
158.65 158.6 158.7 -0.003864336367
158.75 158.7 158.8 -5.834502977e-05
158.85 158.8 158.9 -0.003409770866
158.95 158.9 159 -0.0003444809451
159.05 159 159.1 0.001716012628
159.15 159.1 159.2 -0.002979260789
159.25 159.2 159.3 -0.001427731169
159.35 159.3 159.4 -0.0007344219618
159.45 159.4 159.5 -0.003325554417
159.55 159.5 159.6 -0.00296897502
159.65 159.6 159.7 0.0008752353867
159.75 159.7 159.8 -0.0007428639041
159.85 159.8 159.9 -0.002136382838
159.95 159.9 160 -0.001979147744
160.05 160 160.1 0.0003672204201
160.15 160.1 160.2 -0.002525563017
160.25 160.2 160.3 0.002701780323
160.35 160.3 160.4 -0.001579062522
160.45 160.4 160.5 -0.002983197087
160.55 160.5 160.6 0.001863194238
160.65 160.6 160.7 -0.0003497713833
160.75 160.7 160.8 -0.004189157554
160.85 160.8 160.9 -0.004757816864
160.95 160.9 161 -0.003930922782
161.05 161 161.1 -0.001482428129
161.15 161.1 161.2 -2.715035279e-05
161.25 161.2 161.3 -0.002426240131
161.35 161.3 161.4 -0.004205273931
161.45 161.4 161.5 -0.001572118254
161.55 161.5 161.6 -0.0001474322192
161.65 161.6 161.7 -0.001659075351
161.75 161.7 161.8 -0.0008182120471
161.85 161.8 161.9 -0.001777874999
161.95 161.9 162 -9.424314913e-05
162.05 162 162.1 -0.001286355154
162.15 162.1 162.2 -0.003572539157
162.25 162.2 162.3 -0.005398310238
162.35 162.3 162.4 -0.00312079204
162.45 162.4 162.5 -0.001293898326
162.55 162.5 162.6 -0.001220245546
162.65 162.6 162.7 -0.00385776572
162.75 162.7 162.8 -0.002316739144
162.85 162.8 162.9 -0.002944075297
162.95 162.9 163 -4.892980899e-05
163.05 163 163.1 -0.0009786778383
163.15 163.1 163.2 -0.0005849573801
163.25 163.2 163.3 -0.001388402692
163.35 163.3 163.4 -0.003753896782
163.45 163.4 163.5 -0.002629403067
163.55 163.5 163.6 -0.006968491127
163.65 163.6 163.7 0.0005562704627
163.75 163.7 163.8 -0.003504334627
163.85 163.8 163.9 -0.001617803609
163.95 163.9 164 -0.001602396159
164.05 164 164.1 -0.003378888831
164.15 164.1 164.2 -0.001860631503
164.25 164.2 164.3 -0.0002286035576
164.35 164.3 164.4 -0.001138627947
164.45 164.4 164.5 -0.002303345553
164.55 164.5 164.6 -0.001578159262
164.65 164.6 164.7 -0.002161247021
164.75 164.7 164.8 -0.001476390558
164.85 164.8 164.9 -0.002391609685
164.95 164.9 165 -0.002887585548
165.05 165 165.1 -0.004807665394
165.15 165.1 165.2 -0.002358273414
165.25 165.2 165.3 -0.002679911138
165.35 165.3 165.4 0.0005277233995
165.45 165.4 165.5 -0.0005742421915
165.55 165.5 165.6 -0.003097318548
165.65 165.6 165.7 -0.001218039885
165.75 165.7 165.8 -0.002548171835
165.85 165.8 165.9 0.0009967566936
165.95 165.9 166 -0.004387209493
166.05 166 166.1 -0.001396672011
166.15 166.1 166.2 -0.001948374492
166.25 166.2 166.3 -0.003912082171
166.35 166.3 166.4 -0.001960344758
166.45 166.4 166.5 -0.002473381132
166.55 166.5 166.6 -0.001208493805
166.65 166.6 166.7 -0.002191765243
166.75 166.7 166.8 -0.002329400064
166.85 166.8 166.9 -0.002481812176
166.95 166.9 167 -0.0006971148403
167.05 167 167.1 0.0002924758641
167.15 167.1 167.2 -0.001677582171
167.25 167.2 167.3 -0.0002321727457
167.35 167.3 167.4 -0.001998032319
167.45 167.4 167.5 -0.003884686203
167.55 167.5 167.6 -0.0004402481811
167.65 167.6 167.7 -0.0006771537691
167.75 167.7 167.8 0.0002033669062
167.85 167.8 167.9 -0.002670106849
167.95 167.9 168 -0.00308613773
168.05 168 168.1 -0.003182090514
168.15 168.1 168.2 -0.00164443797
168.25 168.2 168.3 -0.002563510817
168.35 168.3 168.4 -0.0007680970144
168.45 168.4 168.5 -0.0007646755386
168.55 168.5 168.6 -0.003103549211
168.65 168.6 168.7 -0.001425395988
168.75 168.7 168.8 -0.001889469531
168.85 168.8 168.9 0.001326162389
168.95 168.9 169 -0.001158915954
169.05 169 169.1 -0.002057841144
169.15 169.1 169.2 -0.002632476961
169.25 169.2 169.3 -0.002273433509
169.35 169.3 169.4 0.0004652933508
169.45 169.4 169.5 -0.004654276799
169.55 169.5 169.6 -0.0008680395374
169.65 169.6 169.7 -0.001374801577
169.75 169.7 169.8 0.0001062204586
169.85 169.8 169.9 -0.00274711245
169.95 169.9 170 0.001766119086
170.05 170 170.1 0.001141569544
170.15 170.1 170.2 5.372071874e-05
170.25 170.2 170.3 -0.002582919239
170.35 170.3 170.4 -0.001212436521
170.45 170.4 170.5 -0.001645792337
170.55 170.5 170.6 -0.004866908376
170.65 170.6 170.7 -0.002013108584
170.75 170.7 170.8 -0.002807420205
170.85 170.8 170.9 -0.003011731969
170.95 170.9 171 -0.000182574583
171.05 171 171.1 -0.001348564749
171.15 171.1 171.2 -0.001208363075
171.25 171.2 171.3 -0.00332927515
171.35 171.3 171.4 -0.001287260753
171.45 171.4 171.5 -0.001673873985
171.55 171.5 171.6 -0.002382754363
171.65 171.6 171.7 -0.001477671348
171.75 171.7 171.8 -0.001135328881
171.85 171.8 171.9 -0.001316170973
171.95 171.9 172 0.001078765387
172.05 172 172.1 -0.002144302911
172.15 172.1 172.2 -0.002160556353
172.25 172.2 172.3 -0.00348461804
172.35 172.3 172.4 -0.002538556299
172.45 172.4 172.5 -0.002381490322
172.55 172.5 172.6 -0.0007592778079
172.65 172.6 172.7 -0.002137087172
172.75 172.7 172.8 -0.001392146887
172.85 172.8 172.9 -0.003751681404
172.95 172.9 173 -0.0004050381503
173.05 173 173.1 -0.001709391043
173.15 173.1 173.2 -0.003858453744
173.25 173.2 173.3 -0.001682437961
173.35 173.3 173.4 0.0004088383161
173.45 173.4 173.5 -0.002947595342
173.55 173.5 173.6 -0.00254507598
173.65 173.6 173.7 -0.00166966754
173.75 173.7 173.8 -0.0008081904888
173.85 173.8 173.9 -0.0004558297732
173.95 173.9 174 -0.001188336011
174.05 174 174.1 -0.0002284386941
174.15 174.1 174.2 -0.0007240286912
174.25 174.2 174.3 -0.001722984737
174.35 174.3 174.4 -0.001899097691
174.45 174.4 174.5 -0.004497898326
174.55 174.5 174.6 -0.0002272742654
174.65 174.6 174.7 0.0007674842275
174.75 174.7 174.8 -0.001810913071
174.85 174.8 174.9 -0.003363162548
174.95 174.9 175 -0.001456236559
175.05 175 175.1 -0.004261881163
175.15 175.1 175.2 -0.001721922032
175.25 175.2 175.3 0.0008165956025
175.35 175.3 175.4 -0.001888882065
175.45 175.4 175.5 -0.0003002290485
175.55 175.5 175.6 -0.0005341053419
175.65 175.6 175.7 -0.001540712154
175.75 175.7 175.8 0.0006887684027
175.85 175.8 175.9 -0.003439959375
175.95 175.9 176 -0.001593703465
176.05 176 176.1 0.001426296741
176.15 176.1 176.2 0.000479471802
176.25 176.2 176.3 -0.000963520168
176.35 176.3 176.4 0.000990604247
176.45 176.4 176.5 -0.003390045178
176.55 176.5 176.6 0.0002950847652
176.65 176.6 176.7 -0.002239295108
176.75 176.7 176.8 -0.002796524047
176.85 176.8 176.9 -0.0003306319733
176.95 176.9 177 -0.002491518762
177.05 177 177.1 0.002267823969
177.15 177.1 177.2 -0.004640003481
177.25 177.2 177.3 -0.003553739078
177.35 177.3 177.4 -0.0002196566309
177.45 177.4 177.5 -0.002850718122
177.55 177.5 177.6 -0.002392590251
177.65 177.6 177.7 -0.0008634914953
177.75 177.7 177.8 -0.002026573065
177.85 177.8 177.9 -0.002830913562
177.95 177.9 178 -0.00208491503
178.05 178 178.1 -0.004019675745
178.15 178.1 178.2 -0.001921246156
178.25 178.2 178.3 -0.001054530351
178.35 178.3 178.4 -0.004285039239
178.45 178.4 178.5 -0.00336725561
178.55 178.5 178.6 -0.003421451729
178.65 178.6 178.7 -0.003577247256
178.75 178.7 178.8 -0.001103016869
178.85 178.8 178.9 -0.005005409991
178.95 178.9 179 -0.00119438229
179.05 179 179.1 -0.003505148508
179.15 179.1 179.2 -0.004046612465
179.25 179.2 179.3 -0.001073482799
179.35 179.3 179.4 0.0007365570962
179.45 179.4 179.5 -0.001387796795
179.55 179.5 179.6 0.0001093825112
179.65 179.6 179.7 0.0001351414022
179.75 179.7 179.8 -0.0006661555201
179.85 179.8 179.9 -0.002580284008
179.95 179.9 180 -0.003047546468
180.05 180 180.1 -0.001634991006
180.15 180.1 180.2 -0.003629526994
180.25 180.2 180.3 -0.002918816394
180.35 180.3 180.4 -0.002551159876
180.45 180.4 180.5 -0.001431606734
180.55 180.5 180.6 -0.002864365327
180.65 180.6 180.7 -0.001277233845
180.75 180.7 180.8 -0.003826951916
180.85 180.8 180.9 -0.001846257974
180.95 180.9 181 -0.00375594693
181.05 181 181.1 -0.0009352410139
181.15 181.1 181.2 -0.002519776462
181.25 181.2 181.3 -0.002257248997
181.35 181.3 181.4 -0.00250571017
181.45 181.4 181.5 -0.005173742265
181.55 181.5 181.6 -0.001719690321
181.65 181.6 181.7 -0.002387657329
181.75 181.7 181.8 6.210710477e-05
181.85 181.8 181.9 -0.001651620692
181.95 181.9 182 -0.0002903440437
182.05 182 182.1 -0.001577356532
182.15 182.1 182.2 -0.0007310442123
182.25 182.2 182.3 -0.00288964654
182.35 182.3 182.4 -0.001017616308
182.45 182.4 182.5 -0.001937843094
182.55 182.5 182.6 -0.0009836825187
182.65 182.6 182.7 -0.003992186744
182.75 182.7 182.8 -0.004771926738
182.85 182.8 182.9 -0.0005830474569
182.95 182.9 183 -0.001936274118
183.05 183 183.1 -0.002146328202
183.15 183.1 183.2 -0.002592738907
183.25 183.2 183.3 -0.0005754934007
183.35 183.3 183.4 -0.002249533716
183.45 183.4 183.5 -0.002002732481
183.55 183.5 183.6 -0.0008525802452
183.65 183.6 183.7 0.0008846238562
183.75 183.7 183.8 0.001471558608
183.85 183.8 183.9 -0.001475221513
183.95 183.9 184 -0.0003107841276
184.05 184 184.1 0.0005288565584
184.15 184.1 184.2 -0.001506128361
184.25 184.2 184.3 -0.0003523160674
184.35 184.3 184.4 -0.00341052033
184.45 184.4 184.5 -0.001268996045
184.55 184.5 184.6 -0.0002218229194
184.65 184.6 184.7 -0.001956774455
184.75 184.7 184.8 -0.002188146908
184.85 184.8 184.9 -0.002265799977
184.95 184.9 185 -0.0006113111311
185.05 185 185.1 -0.004288646847
185.15 185.1 185.2 -0.002708256631
185.25 185.2 185.3 -0.001695371749
185.35 185.3 185.4 -0.00105305898
185.45 185.4 185.5 -0.003027232635
185.55 185.5 185.6 4.174591532e-05
185.65 185.6 185.7 -0.002491021227
185.75 185.7 185.8 -0.001007456132
185.85 185.8 185.9 -0.002871586422
185.95 185.9 186 -0.002651405906
186.05 186 186.1 0.0002248759933
186.15 186.1 186.2 -0.003887789002
186.25 186.2 186.3 -0.0008396456798
186.35 186.3 186.4 -0.001743767378
186.45 186.4 186.5 0.0008143236112
186.55 186.5 186.6 0.001077738187
186.65 186.6 186.7 -0.00152645691
186.75 186.7 186.8 -0.001752027411
186.85 186.8 186.9 -0.002092227357
186.95 186.9 187 -0.003367100948
187.05 187 187.1 -0.004612562515
187.15 187.1 187.2 -0.002162335124
187.25 187.2 187.3 -0.002136216468
187.35 187.3 187.4 -0.001571655157
187.45 187.4 187.5 -0.001616374828
187.55 187.5 187.6 -0.002562620329
187.65 187.6 187.7 -0.002112836316
187.75 187.7 187.8 -0.00270901976
187.85 187.8 187.9 -0.002930784647
187.95 187.9 188 -0.00114453045
188.05 188 188.1 0.001494144987
188.15 188.1 188.2 0.0004215026661
188.25 188.2 188.3 -0.0006556955076
188.35 188.3 188.4 -0.003539606586
188.45 188.4 188.5 -0.002822303671
188.55 188.5 188.6 -0.001129056508
188.65 188.6 188.7 -0.002494605194
188.75 188.7 188.8 -0.003602264396
188.85 188.8 188.9 -0.003720918525
188.95 188.9 189 -0.001644149535
189.05 189 189.1 -0.003122792107
189.15 189.1 189.2 -0.003070786372
189.25 189.2 189.3 -0.002888820222
189.35 189.3 189.4 -0.001188928331
189.45 189.4 189.5 -0.001130093088
189.55 189.5 189.6 0.0004022341343
189.65 189.6 189.7 -0.002577231409
189.75 189.7 189.8 -0.002214889784
189.85 189.8 189.9 0.001122721476
189.95 189.9 190 -0.002015829601
190.05 190 190.1 -0.003635050555
190.15 190.1 190.2 -0.001300933013
190.25 190.2 190.3 -0.001433853361
190.35 190.3 190.4 -0.001418662037
190.45 190.4 190.5 -0.001695715857
190.55 190.5 190.6 -0.001094705616
190.65 190.6 190.7 -0.001432989493
190.75 190.7 190.8 -0.002232393094
190.85 190.8 190.9 -0.0007900366194
190.95 190.9 191 -0.002736427058
191.05 191 191.1 -0.0006605133556
191.15 191.1 191.2 -0.001165293945
191.25 191.2 191.3 -0.0008310080262
191.35 191.3 191.4 -0.0002487829828
191.45 191.4 191.5 -0.0009207523295
191.55 191.5 191.6 -0.003268356802
191.65 191.6 191.7 -0.002152148709
191.75 191.7 191.8 -0.001362115265
191.85 191.8 191.9 -0.001593357158
191.95 191.9 192 -0.004284694633
192.05 192 192.1 -0.003381456264
192.15 192.1 192.2 -0.002949013602
192.25 192.2 192.3 -0.002271086374
192.35 192.3 192.4 -0.002772779427
192.45 192.4 192.5 -0.001668065745
192.55 192.5 192.6 -0.003539626305
192.65 192.6 192.7 0.000531841076
192.75 192.7 192.8 -0.002988724835
192.85 192.8 192.9 -0.001254007506
192.95 192.9 193 -0.003163615296
193.05 193 193.1 0.0007174651649
193.15 193.1 193.2 -0.003507142765
193.25 193.2 193.3 -0.00175317163
193.35 193.3 193.4 -0.001927400964
193.45 193.4 193.5 -0.001438184645
193.55 193.5 193.6 -0.002344163186
193.65 193.6 193.7 -0.001973364902
193.75 193.7 193.8 -0.001608246991
193.85 193.8 193.9 -0.002630389386
193.95 193.9 194 -0.001838847102
194.05 194 194.1 -0.001737842796
194.15 194.1 194.2 -0.003395478987
194.25 194.2 194.3 -0.001808090745
194.35 194.3 194.4 -0.0004779969742
194.45 194.4 194.5 -0.002514363746
194.55 194.5 194.6 -0.001437932453
194.65 194.6 194.7 -0.0008025030827
194.75 194.7 194.8 0.0005117765686
194.85 194.8 194.9 -0.005486418063
194.95 194.9 195 -0.004493632358
195.05 195 195.1 -0.003102337847
195.15 195.1 195.2 -0.001581594132
195.25 195.2 195.3 -0.00280330305
195.35 195.3 195.4 -0.003456712445
195.45 195.4 195.5 -0.001264460275
195.55 195.5 195.6 -0.003209349542
195.65 195.6 195.7 -0.001259346084
195.75 195.7 195.8 -0.0024748014
195.85 195.8 195.9 -0.0031995889
195.95 195.9 196 -0.0009110969407
196.05 196 196.1 -0.002198187574
196.15 196.1 196.2 -0.001800134492
196.25 196.2 196.3 -0.002204666192
196.35 196.3 196.4 -0.003177950024
196.45 196.4 196.5 -0.001926952035
196.55 196.5 196.6 -0.003304393622
196.65 196.6 196.7 -0.002878473699
196.75 196.7 196.8 -0.002394329214
196.85 196.8 196.9 -0.002768336145
196.95 196.9 197 0.0006750634389
197.05 197 197.1 -0.0006973706749
197.15 197.1 197.2 -0.004266260328
197.25 197.2 197.3 -0.003002262264
197.35 197.3 197.4 -0.001555071122
197.45 197.4 197.5 -0.001996914052
197.55 197.5 197.6 -0.0006841339649
197.65 197.6 197.7 -0.002484152344
197.75 197.7 197.8 -0.002335046739
197.85 197.8 197.9 -0.0011401085
197.95 197.9 198 -0.00255958654
198.05 198 198.1 -0.00172117037
198.15 198.1 198.2 -2.140718622e-05
198.25 198.2 198.3 -0.001648531652
198.35 198.3 198.4 -0.001652072584
198.45 198.4 198.5 -0.001741259556
198.55 198.5 198.6 0.0002383184611
198.65 198.6 198.7 -0.002891464138
198.75 198.7 198.8 -0.002538191045
198.85 198.8 198.9 -0.00261173453
198.95 198.9 199 -0.004656997396
199.05 199 199.1 -0.003234458703
199.15 199.1 199.2 -0.001667917604
199.25 199.2 199.3 -0.002162145106
199.35 199.3 199.4 -0.001011737059
199.45 199.4 199.5 -0.001371521649
199.55 199.5 199.6 -0.002024727943
199.65 199.6 199.7 -0.001420905227
199.75 199.7 199.8 -0.004487705302
199.85 199.8 199.9 -0.001616522917
199.95 199.9 200 -0.0009591046926
