# Columns: s_cen(1) s_min(2) s_max(3) xi_iso(4)
0.05 0 0.1 28.04330291
0.15 0.1 0.2 15.22212609
0.25 0.2 0.3 11.94642463
0.35 0.3 0.4 15.64142907
0.45 0.4 0.5 21.56659418
0.55 0.5 0.6 25.4186738
0.65 0.6 0.7 21.67383525
0.75 0.7 0.8 20.58158281
0.85 0.8 0.9 20.68301311
0.95 0.9 1 21.08901427
1.05 1 1.1 18.76015488
1.15 1.1 1.2 19.60897827
1.25 1.2 1.3 18.25127257
1.35 1.3 1.4 17.39844345
1.45 1.4 1.5 16.78917923
1.55 1.5 1.6 16.00198187
1.65 1.6 1.7 14.73441869
1.75 1.7 1.8 13.94750876
1.85 1.8 1.9 13.44471965
1.95 1.9 2 12.39918182
2.05 2 2.1 11.43698706
2.15 2.1 2.2 10.9515489
2.25 2.2 2.3 10.4110603
2.35 2.3 2.4 10.07870666
2.45 2.4 2.5 9.228648718
2.55 2.5 2.6 8.514311251
2.65 2.6 2.7 7.890561857
2.75 2.7 2.8 7.79614323
2.85 2.8 2.9 7.227627299
2.95 2.9 3 7.172541444
3.05 3 3.1 6.772185771
3.15 3.1 3.2 6.498041092
3.25 3.2 3.3 5.971301917
3.35 3.3 3.4 5.802237649
3.45 3.4 3.5 5.488262476
3.55 3.5 3.6 5.340710659
3.65 3.6 3.7 5.139330077
3.75 3.7 3.8 4.899899751
3.85 3.8 3.9 4.670531151
3.95 3.9 4 4.639173109
4.05 4 4.1 4.52047503
4.15 4.1 4.2 4.309876143
4.25 4.2 4.3 4.170658063
4.35 4.3 4.4 4.058306818
4.45 4.4 4.5 3.923979827
4.55 4.5 4.6 3.83902251
4.65 4.6 4.7 3.680549027
4.75 4.7 4.8 3.62835652
4.85 4.8 4.9 3.507625941
4.95 4.9 5 3.315307811
5.05 5 5.1 3.321968843
5.15 5.1 5.2 3.16777209
5.25 5.2 5.3 3.070637107
5.35 5.3 5.4 3.032805762
5.45 5.4 5.5 3.007590276
5.55 5.5 5.6 2.912729659
5.65 5.6 5.7 2.794235054
5.75 5.7 5.8 2.6827187
5.85 5.8 5.9 2.627792178
5.95 5.9 6 2.590670056
6.05 6 6.1 2.537780222
6.15 6.1 6.2 2.419771069
6.25 6.2 6.3 2.442161151
6.35 6.3 6.4 2.347405984
6.45 6.4 6.5 2.296680722
6.55 6.5 6.6 2.24220277
6.65 6.6 6.7 2.149342713
6.75 6.7 6.8 2.120012717
6.85 6.8 6.9 2.089182695
6.95 6.9 7 2.023032916
7.05 7 7.1 1.938603147
7.15 7.1 7.2 1.919032896
7.25 7.2 7.3 1.890453275
7.35 7.3 7.4 1.87297229
7.45 7.4 7.5 1.808545717
7.55 7.5 7.6 1.793329736
7.65 7.6 7.7 1.758520734
7.75 7.7 7.8 1.707189932
7.85 7.8 7.9 1.673652874
7.95 7.9 8 1.672834388
8.05 8 8.1 1.598180334
8.15 8.1 8.2 1.564341687
8.25 8.2 8.3 1.512288663
8.35 8.3 8.4 1.498033158
8.45 8.4 8.5 1.485447344
8.55 8.5 8.6 1.443547431
8.65 8.6 8.7 1.413709313
8.75 8.7 8.8 1.334742347
8.85 8.8 8.9 1.316403462
8.95 8.9 9 1.336189147
9.05 9 9.1 1.324457915
9.15 9.1 9.2 1.231485744
9.25 9.2 9.3 1.223133007
9.35 9.3 9.4 1.257699276
9.45 9.4 9.5 1.196261586
9.55 9.5 9.6 1.162425916
9.65 9.6 9.7 1.162098944
9.75 9.7 9.8 1.13348717
9.85 9.8 9.9 1.131528261
9.95 9.9 10 1.089883282
10.05 10 10.1 1.087165785
10.15 10.1 10.2 1.106446814
10.25 10.2 10.3 1.032753422
10.35 10.3 10.4 1.041127218
10.45 10.4 10.5 1.018537892
10.55 10.5 10.6 1.007011341
10.65 10.6 10.7 0.9488419364
10.75 10.7 10.8 0.9327693646
10.85 10.8 10.9 0.9349533553
10.95 10.9 11 0.9422852405
11.05 11 11.1 0.9292909335
11.15 11.1 11.2 0.9130760414
11.25 11.2 11.3 0.8978161786
11.35 11.3 11.4 0.8809181512
11.45 11.4 11.5 0.8693518681
11.55 11.5 11.6 0.8547541793
11.65 11.6 11.7 0.8282174091
11.75 11.7 11.8 0.8064523609
11.85 11.8 11.9 0.7911204356
11.95 11.9 12 0.7786429454
12.05 12 12.1 0.7658420844
12.15 12.1 12.2 0.744035495
12.25 12.2 12.3 0.7443432182
12.35 12.3 12.4 0.7410041073
12.45 12.4 12.5 0.7285854569
12.55 12.5 12.6 0.7273232791
12.65 12.6 12.7 0.6908566875
12.75 12.7 12.8 0.7001596746
12.85 12.8 12.9 0.6946863216
12.95 12.9 13 0.6839826458
13.05 13 13.1 0.6523042122
13.15 13.1 13.2 0.6463307391
13.25 13.2 13.3 0.6451463752
13.35 13.3 13.4 0.64914161
13.45 13.4 13.5 0.591796676
13.55 13.5 13.6 0.6123126978
13.65 13.6 13.7 0.6017187157
13.75 13.7 13.8 0.6211378139
13.85 13.8 13.9 0.6056367292
13.95 13.9 14 0.5956150069
14.05 14 14.1 0.5730686364
14.15 14.1 14.2 0.5653211424
14.25 14.2 14.3 0.5819958692
14.35 14.3 14.4 0.5376283221
14.45 14.4 14.5 0.5461551108
14.55 14.5 14.6 0.5388875944
14.65 14.6 14.7 0.5363530506
14.75 14.7 14.8 0.5318635463
14.85 14.8 14.9 0.5420422189
14.95 14.9 15 0.5141569612
15.05 15 15.1 0.4997574687
15.15 15.1 15.2 0.491086877
15.25 15.2 15.3 0.4904519214
15.35 15.3 15.4 0.4757187321
15.45 15.4 15.5 0.4855642036
15.55 15.5 15.6 0.472527484
15.65 15.6 15.7 0.4732506081
15.75 15.7 15.8 0.4686143816
15.85 15.8 15.9 0.4593524797
15.95 15.9 16 0.4466641197
16.05 16 16.1 0.4467748505
16.15 16.1 16.2 0.4513013317
16.25 16.2 16.3 0.4322416544
16.35 16.3 16.4 0.4393419153
16.45 16.4 16.5 0.4276014703
16.55 16.5 16.6 0.422377232
16.65 16.6 16.7 0.4272963697
16.75 16.7 16.8 0.4175536531
16.85 16.8 16.9 0.4080749174
16.95 16.9 17 0.4009520616
17.05 17 17.1 0.3887736319
17.15 17.1 17.2 0.4066223879
17.25 17.2 17.3 0.3779569577
17.35 17.3 17.4 0.3740212037
17.45 17.4 17.5 0.3799329044
17.55 17.5 17.6 0.3913397758
17.65 17.6 17.7 0.384590692
17.75 17.7 17.8 0.3551510012
17.85 17.8 17.9 0.3573372173
17.95 17.9 18 0.3733220657
18.05 18 18.1 0.3735594682
18.15 18.1 18.2 0.3447444424
18.25 18.2 18.3 0.3517189263
18.35 18.3 18.4 0.3492624619
18.45 18.4 18.5 0.3412806467
18.55 18.5 18.6 0.3363335747
18.65 18.6 18.7 0.3168280447
18.75 18.7 18.8 0.3342904667
18.85 18.8 18.9 0.3309215805
18.95 18.9 19 0.337518169
19.05 19 19.1 0.3233422842
19.15 19.1 19.2 0.3269315754
19.25 19.2 19.3 0.3167122463
19.35 19.3 19.4 0.3156928893
19.45 19.4 19.5 0.3122968616
19.55 19.5 19.6 0.3005361821
19.65 19.6 19.7 0.297296711
19.75 19.7 19.8 0.3101084697
19.85 19.8 19.9 0.2919880733
19.95 19.9 20 0.2996430187
20.05 20 20.1 0.2955722909
20.15 20.1 20.2 0.2789383027
20.25 20.2 20.3 0.2847858766
20.35 20.3 20.4 0.2933300973
20.45 20.4 20.5 0.2687928699
20.55 20.5 20.6 0.2784795711
20.65 20.6 20.7 0.2782000197
20.75 20.7 20.8 0.2670088887
20.85 20.8 20.9 0.273421135
20.95 20.9 21 0.2571342257
21.05 21 21.1 0.2574032188
21.15 21.1 21.2 0.2546790231
21.25 21.2 21.3 0.2528874386
21.35 21.3 21.4 0.2521790007
21.45 21.4 21.5 0.2453970024
21.55 21.5 21.6 0.2357725286
21.65 21.6 21.7 0.2420564768
21.75 21.7 21.8 0.2476915634
21.85 21.8 21.9 0.2452026173
21.95 21.9 22 0.2399379928
22.05 22 22.1 0.2309456751
22.15 22.1 22.2 0.2268485258
22.25 22.2 22.3 0.2243516194
22.35 22.3 22.4 0.2238589835
22.45 22.4 22.5 0.2172585669
22.55 22.5 22.6 0.2095642046
22.65 22.6 22.7 0.2186148231
22.75 22.7 22.8 0.216177123
22.85 22.8 22.9 0.2138653926
22.95 22.9 23 0.2215612427
23.05 23 23.1 0.2245832294
23.15 23.1 23.2 0.2137815692
23.25 23.2 23.3 0.2079619108
23.35 23.3 23.4 0.2149286547
23.45 23.4 23.5 0.206882901
23.55 23.5 23.6 0.1939280892
23.65 23.6 23.7 0.1988245381
23.75 23.7 23.8 0.203854706
23.85 23.8 23.9 0.2028794354
23.95 23.9 24 0.2040014537
24.05 24 24.1 0.1891589767
24.15 24.1 24.2 0.2024027676
24.25 24.2 24.3 0.1847205068
24.35 24.3 24.4 0.1942069881
24.45 24.4 24.5 0.1867666908
24.55 24.5 24.6 0.1851068938
24.65 24.6 24.7 0.175024953
24.75 24.7 24.8 0.184630814
24.85 24.8 24.9 0.1739490259
24.95 24.9 25 0.170403372
25.05 25 25.1 0.1726494911
25.15 25.1 25.2 0.176506319
25.25 25.2 25.3 0.1742732836
25.35 25.3 25.4 0.1723072964
25.45 25.4 25.5 0.1724612659
25.55 25.5 25.6 0.163585342
25.65 25.6 25.7 0.1678012065
25.75 25.7 25.8 0.1713175824
25.85 25.8 25.9 0.1616535494
25.95 25.9 26 0.1731738206
26.05 26 26.1 0.1502399455
26.15 26.1 26.2 0.1606060065
26.25 26.2 26.3 0.1637973197
26.35 26.3 26.4 0.1584259986
26.45 26.4 26.5 0.1529213604
26.55 26.5 26.6 0.1582707645
26.65 26.6 26.7 0.1509351451
26.75 26.7 26.8 0.1468041797
26.85 26.8 26.9 0.1497338648
26.95 26.9 27 0.1644449382
27.05 27 27.1 0.1399811546
27.15 27.1 27.2 0.1447036528
27.25 27.2 27.3 0.1372235461
27.35 27.3 27.4 0.1427862573
27.45 27.4 27.5 0.1389132283
27.55 27.5 27.6 0.1461539708
27.65 27.6 27.7 0.1357662352
27.75 27.7 27.8 0.143943043
27.85 27.8 27.9 0.1362499023
27.95 27.9 28 0.1349115757
28.05 28 28.1 0.1326444979
28.15 28.1 28.2 0.138023172
28.25 28.2 28.3 0.1362981938
28.35 28.3 28.4 0.1390695481
28.45 28.4 28.5 0.1241437272
28.55 28.5 28.6 0.1357166252
28.65 28.6 28.7 0.1297807781
28.75 28.7 28.8 0.140394501
28.85 28.8 28.9 0.1295099854
28.95 28.9 29 0.1245694719
29.05 29 29.1 0.1218202114
29.15 29.1 29.2 0.1244067849
29.25 29.2 29.3 0.1219267283
29.35 29.3 29.4 0.1262941124
29.45 29.4 29.5 0.1206913012
29.55 29.5 29.6 0.1270157486
29.65 29.6 29.7 0.1163236875
29.75 29.7 29.8 0.1089049182
29.85 29.8 29.9 0.1166265279
29.95 29.9 30 0.117939595
30.05 30 30.1 0.1201440471
30.15 30.1 30.2 0.1103681432
30.25 30.2 30.3 0.1223505263
30.35 30.3 30.4 0.10974347
30.45 30.4 30.5 0.1006063996
30.55 30.5 30.6 0.1105105662
30.65 30.6 30.7 0.1067358374
30.75 30.7 30.8 0.110811733
30.85 30.8 30.9 0.1048952679
30.95 30.9 31 0.1059915647
31.05 31 31.1 0.1026806435
31.15 31.1 31.2 0.1035689916
31.25 31.2 31.3 0.1053739694
31.35 31.3 31.4 0.1030202222
31.45 31.4 31.5 0.1014277144
31.55 31.5 31.6 0.1024722205
31.65 31.6 31.7 0.1047754851
31.75 31.7 31.8 0.0994472297
31.85 31.8 31.9 0.1032482981
31.95 31.9 32 0.1012395543
32.05 32 32.1 0.102350495
32.15 32.1 32.2 0.09654314643
32.25 32.2 32.3 0.09616654739
32.35 32.3 32.4 0.1027416539
32.45 32.4 32.5 0.09197971196
32.55 32.5 32.6 0.09241654953
32.65 32.6 32.7 0.1023331553
32.75 32.7 32.8 0.09285588371
32.85 32.8 32.9 0.08894319634
32.95 32.9 33 0.09434652176
33.05 33 33.1 0.09434674019
33.15 33.1 33.2 0.08506550273
33.25 33.2 33.3 0.0876670765
33.35 33.3 33.4 0.08971560243
33.45 33.4 33.5 0.08319396637
33.55 33.5 33.6 0.08739720483
33.65 33.6 33.7 0.09204405377
33.75 33.7 33.8 0.08514583875
33.85 33.8 33.9 0.08017362162
33.95 33.9 34 0.07595406759
34.05 34 34.1 0.08494112661
34.15 34.1 34.2 0.08653380531
34.25 34.2 34.3 0.07755934017
34.35 34.3 34.4 0.08407846953
34.45 34.4 34.5 0.08398309277
34.55 34.5 34.6 0.08291300753
34.65 34.6 34.7 0.08344539738
34.75 34.7 34.8 0.0802872155
34.85 34.8 34.9 0.07709900611
34.95 34.9 35 0.07306083468
35.05 35 35.1 0.08394643487
35.15 35.1 35.2 0.07420917559
35.25 35.2 35.3 0.07427809695
35.35 35.3 35.4 0.0752057266
35.45 35.4 35.5 0.07647774869
35.55 35.5 35.6 0.08063588945
35.65 35.6 35.7 0.07571682794
35.75 35.7 35.8 0.06680309306
35.85 35.8 35.9 0.07019407459
35.95 35.9 36 0.07174885116
36.05 36 36.1 0.06931432306
36.15 36.1 36.2 0.07039841587
36.25 36.2 36.3 0.07424757433
36.35 36.3 36.4 0.06763756736
36.45 36.4 36.5 0.0669660946
36.55 36.5 36.6 0.06594499482
36.65 36.6 36.7 0.06510526476
36.75 36.7 36.8 0.07052656371
36.85 36.8 36.9 0.06513737188
36.95 36.9 37 0.05906625449
37.05 37 37.1 0.06371822716
37.15 37.1 37.2 0.0635244928
37.25 37.2 37.3 0.05846610091
37.35 37.3 37.4 0.05960200238
37.45 37.4 37.5 0.06562096285
37.55 37.5 37.6 0.05829578586
37.65 37.6 37.7 0.06262212445
37.75 37.7 37.8 0.07057109324
37.85 37.8 37.9 0.0565243746
37.95 37.9 38 0.059072801
38.05 38 38.1 0.058308321
38.15 38.1 38.2 0.05756952409
38.25 38.2 38.3 0.05579704647
38.35 38.3 38.4 0.05661404566
38.45 38.4 38.5 0.0595020932
38.55 38.5 38.6 0.05960295271
38.65 38.6 38.7 0.04869709796
38.75 38.7 38.8 0.06081871781
38.85 38.8 38.9 0.05504601087
38.95 38.9 39 0.05610365957
39.05 39 39.1 0.06343716014
39.15 39.1 39.2 0.05811669791
39.25 39.2 39.3 0.05311549491
39.35 39.3 39.4 0.05465617908
39.45 39.4 39.5 0.05332590809
39.55 39.5 39.6 0.05025814606
39.65 39.6 39.7 0.04945618317
39.75 39.7 39.8 0.05300997863
39.85 39.8 39.9 0.05505800063
39.95 39.9 40 0.05173270389
40.05 40 40.1 0.05103032819
40.15 40.1 40.2 0.05101724861
40.25 40.2 40.3 0.04939815814
40.35 40.3 40.4 0.04895999419
40.45 40.4 40.5 0.05333754702
40.55 40.5 40.6 0.03965233329
40.65 40.6 40.7 0.04782073223
40.75 40.7 40.8 0.04706083551
40.85 40.8 40.9 0.04978306905
40.95 40.9 41 0.04475222773
41.05 41 41.1 0.05292771032
41.15 41.1 41.2 0.04620456149
41.25 41.2 41.3 0.0482533143
41.35 41.3 41.4 0.04794847322
41.45 41.4 41.5 0.04282147393
41.55 41.5 41.6 0.04549847295
41.65 41.6 41.7 0.04643744673
41.75 41.7 41.8 0.04592063782
41.85 41.8 41.9 0.0392061366
41.95 41.9 42 0.04202232467
42.05 42 42.1 0.04162561944
42.15 42.1 42.2 0.04818486532
42.25 42.2 42.3 0.04317854131
42.35 42.3 42.4 0.04281797268
42.45 42.4 42.5 0.04402849099
42.55 42.5 42.6 0.03632032527
42.65 42.6 42.7 0.03958906522
42.75 42.7 42.8 0.04806630193
42.85 42.8 42.9 0.04454869877
42.95 42.9 43 0.04167521501
43.05 43 43.1 0.0415678836
43.15 43.1 43.2 0.03520738968
43.25 43.2 43.3 0.04677792169
43.35 43.3 43.4 0.0392950761
43.45 43.4 43.5 0.03886966253
43.55 43.5 43.6 0.04011776486
43.65 43.6 43.7 0.03728423937
43.75 43.7 43.8 0.03739642735
43.85 43.8 43.9 0.04067079567
43.95 43.9 44 0.04447602931
44.05 44 44.1 0.03327989451
44.15 44.1 44.2 0.04417803468
44.25 44.2 44.3 0.03968019742
44.35 44.3 44.4 0.03624335642
44.45 44.4 44.5 0.0301210929
44.55 44.5 44.6 0.03961727824
44.65 44.6 44.7 0.03563341726
44.75 44.7 44.8 0.04098730812
44.85 44.8 44.9 0.04141499666
44.95 44.9 45 0.03379705375
45.05 45 45.1 0.03394752349
45.15 45.1 45.2 0.03401360676
45.25 45.2 45.3 0.03367568858
45.35 45.3 45.4 0.03504301312
45.45 45.4 45.5 0.03786957946
45.55 45.5 45.6 0.03391305634
45.65 45.6 45.7 0.03796975768
45.75 45.7 45.8 0.03351748539
45.85 45.8 45.9 0.03636575141
45.95 45.9 46 0.03071951295
46.05 46 46.1 0.03405929282
46.15 46.1 46.2 0.03287720094
46.25 46.2 46.3 0.03028596777
46.35 46.3 46.4 0.03146164491
46.45 46.4 46.5 0.02955588169
46.55 46.5 46.6 0.02827219395
46.65 46.6 46.7 0.03211896907
46.75 46.7 46.8 0.03272824907
46.85 46.8 46.9 0.0294759687
46.95 46.9 47 0.02792564327
47.05 47 47.1 0.03394284773
47.15 47.1 47.2 0.03040453517
47.25 47.2 47.3 0.03188263881
47.35 47.3 47.4 0.0267372605
47.45 47.4 47.5 0.02808594166
47.55 47.5 47.6 0.02972501144
47.65 47.6 47.7 0.02545760588
47.75 47.7 47.8 0.03707507194
47.85 47.8 47.9 0.02849607227
47.95 47.9 48 0.02925201669
48.05 48 48.1 0.03317461608
48.15 48.1 48.2 0.032450593
48.25 48.2 48.3 0.029369557
48.35 48.3 48.4 0.02683630987
48.45 48.4 48.5 0.02653876632
48.55 48.5 48.6 0.02592878836
48.65 48.6 48.7 0.02762886465
48.75 48.7 48.8 0.0305029432
48.85 48.8 48.9 0.0274067358
48.95 48.9 49 0.02302940067
49.05 49 49.1 0.02853338335
49.15 49.1 49.2 0.03060424646
49.25 49.2 49.3 0.03066938363
49.35 49.3 49.4 0.03057766902
49.45 49.4 49.5 0.0261699407
49.55 49.5 49.6 0.02383165506
49.65 49.6 49.7 0.02688105516
49.75 49.7 49.8 0.02703575748
49.85 49.8 49.9 0.02981523988
49.95 49.9 50 0.02920054127
50.05 50 50.1 0.02408538587
50.15 50.1 50.2 0.02582193942
50.25 50.2 50.3 0.02656740829
50.35 50.3 50.4 0.02828703945
50.45 50.4 50.5 0.02611022068
50.55 50.5 50.6 0.0256466326
50.65 50.6 50.7 0.02252940075
50.75 50.7 50.8 0.02502541364
50.85 50.8 50.9 0.02357343309
50.95 50.9 51 0.02243160657
51.05 51 51.1 0.02283585607
51.15 51.1 51.2 0.02781856929
51.25 51.2 51.3 0.02668118092
51.35 51.3 51.4 0.02729406145
51.45 51.4 51.5 0.02253755924
51.55 51.5 51.6 0.0279519838
51.65 51.6 51.7 0.0203314817
51.75 51.7 51.8 0.02733813476
51.85 51.8 51.9 0.0230396088
51.95 51.9 52 0.02370038303
52.05 52 52.1 0.02381655005
52.15 52.1 52.2 0.01908379617
52.25 52.2 52.3 0.02241574868
52.35 52.3 52.4 0.03022477236
52.45 52.4 52.5 0.02354087052
52.55 52.5 52.6 0.0250395588
52.65 52.6 52.7 0.02019573881
52.75 52.7 52.8 0.02372744871
52.85 52.8 52.9 0.0231649746
52.95 52.9 53 0.01917096283
53.05 53 53.1 0.02175372359
53.15 53.1 53.2 0.0198724218
53.25 53.2 53.3 0.02616108108
53.35 53.3 53.4 0.02058867758
53.45 53.4 53.5 0.0197735503
53.55 53.5 53.6 0.02080897253
53.65 53.6 53.7 0.02446025408
53.75 53.7 53.8 0.01830269512
53.85 53.8 53.9 0.02170987844
53.95 53.9 54 0.01862360444
54.05 54 54.1 0.01767028133
54.15 54.1 54.2 0.01873183475
54.25 54.2 54.3 0.0185798877
54.35 54.3 54.4 0.02186397846
54.45 54.4 54.5 0.0142865396
54.55 54.5 54.6 0.01465646312
54.65 54.6 54.7 0.01842122221
54.75 54.7 54.8 0.01610760234
54.85 54.8 54.9 0.01997531979
54.95 54.9 55 0.0211999483
55.05 55 55.1 0.02129963767
55.15 55.1 55.2 0.01992320867
55.25 55.2 55.3 0.01922792275
55.35 55.3 55.4 0.01787426731
55.45 55.4 55.5 0.01603640551
55.55 55.5 55.6 0.01517843129
55.65 55.6 55.7 0.01790211339
55.75 55.7 55.8 0.01240947357
55.85 55.8 55.9 0.0170757865
55.95 55.9 56 0.01769630216
56.05 56 56.1 0.02194903614
56.15 56.1 56.2 0.01509296296
56.25 56.2 56.3 0.009349182383
56.35 56.3 56.4 0.01632436708
56.45 56.4 56.5 0.01889862437
56.55 56.5 56.6 0.01574111883
56.65 56.6 56.7 0.01731751685
56.75 56.7 56.8 0.01491113539
56.85 56.8 56.9 0.01888307586
56.95 56.9 57 0.01583463075
57.05 57 57.1 0.01799005134
57.15 57.1 57.2 0.01645030535
57.25 57.2 57.3 0.0175987161
57.35 57.3 57.4 0.01306095239
57.45 57.4 57.5 0.01437161871
57.55 57.5 57.6 0.01760405712
57.65 57.6 57.7 0.01531349128
57.75 57.7 57.8 0.01658559592
57.85 57.8 57.9 0.01753877697
57.95 57.9 58 0.01779046881
58.05 58 58.1 0.01632769844
58.15 58.1 58.2 0.0147667325
58.25 58.2 58.3 0.01897986134
58.35 58.3 58.4 0.0178844921
58.45 58.4 58.5 0.01851121401
58.55 58.5 58.6 0.01553484826
58.65 58.6 58.7 0.0100452662
58.75 58.7 58.8 0.01270945061
58.85 58.8 58.9 0.01231434734
58.95 58.9 59 0.01499646123
59.05 59 59.1 0.01858431069
59.15 59.1 59.2 0.02023493772
59.25 59.2 59.3 0.0128133515
59.35 59.3 59.4 0.01115503786
59.45 59.4 59.5 0.01291133828
59.55 59.5 59.6 0.01582778766
59.65 59.6 59.7 0.01399320247
59.75 59.7 59.8 0.008886374168
59.85 59.8 59.9 0.0148920223
59.95 59.9 60 0.01244941478
60.05 60 60.1 0.0112375726
60.15 60.1 60.2 0.01551533839
60.25 60.2 60.3 0.01431324292
60.35 60.3 60.4 0.01185705272
60.45 60.4 60.5 0.01513083741
60.55 60.5 60.6 0.01234740937
60.65 60.6 60.7 0.01339711885
60.75 60.7 60.8 0.01424015887
60.85 60.8 60.9 0.009118375364
60.95 60.9 61 0.01673015222
61.05 61 61.1 0.01697951506
61.15 61.1 61.2 0.007961214209
61.25 61.2 61.3 0.01070601144
61.35 61.3 61.4 0.0117125375
61.45 61.4 61.5 0.007489419719
61.55 61.5 61.6 0.01127460993
61.65 61.6 61.7 0.0120967383
61.75 61.7 61.8 0.009941821306
61.85 61.8 61.9 0.008567409928
61.95 61.9 62 0.01375968364
62.05 62 62.1 0.01210077387
62.15 62.1 62.2 0.01147654983
62.25 62.2 62.3 0.0136184244
62.35 62.3 62.4 0.008482539158
62.45 62.4 62.5 0.008760601266
62.55 62.5 62.6 0.01000439811
62.65 62.6 62.7 0.01009736715
62.75 62.7 62.8 0.01412262453
62.85 62.8 62.9 0.008580208527
62.95 62.9 63 0.01395893898
63.05 63 63.1 0.01103475645
63.15 63.1 63.2 0.005947370644
63.25 63.2 63.3 0.01133038582
63.35 63.3 63.4 0.01016070258
63.45 63.4 63.5 0.008705362563
63.55 63.5 63.6 0.01069027974
63.65 63.6 63.7 0.009949845036
63.75 63.7 63.8 0.008233357787
63.85 63.8 63.9 0.008656750688
63.95 63.9 64 0.01050744464
64.05 64 64.1 0.009219375271
64.15 64.1 64.2 0.007932542616
64.25 64.2 64.3 0.008855883118
64.35 64.3 64.4 0.008317096298
64.45 64.4 64.5 0.01062098108
64.55 64.5 64.6 0.01430863009
64.65 64.6 64.7 0.01143573302
64.75 64.7 64.8 0.007172330093
64.85 64.8 64.9 0.01110128733
64.95 64.9 65 0.01298934553
65.05 65 65.1 0.01162448331
65.15 65.1 65.2 0.01093829905
65.25 65.2 65.3 0.01033517981
65.35 65.3 65.4 0.007952410787
65.45 65.4 65.5 0.00849623055
65.55 65.5 65.6 0.009783192736
65.65 65.6 65.7 0.01121461834
65.75 65.7 65.8 0.008716869677
65.85 65.8 65.9 0.008350097727
65.95 65.9 66 0.008616712092
66.05 66 66.1 0.005531478497
66.15 66.1 66.2 0.009241076567
66.25 66.2 66.3 0.008615904639
66.35 66.3 66.4 0.005251000665
66.45 66.4 66.5 0.005599887408
66.55 66.5 66.6 0.007155803222
66.65 66.6 66.7 0.01417500388
66.75 66.7 66.8 0.01022011198
66.85 66.8 66.9 0.00539099249
66.95 66.9 67 0.007271337752
67.05 67 67.1 0.006825190169
67.15 67.1 67.2 0.00554184406
67.25 67.2 67.3 0.009742685094
67.35 67.3 67.4 0.006779302726
67.45 67.4 67.5 0.009959394535
67.55 67.5 67.6 0.006871657177
67.65 67.6 67.7 0.005816795706
67.75 67.7 67.8 0.005880967638
67.85 67.8 67.9 0.005624931762
67.95 67.9 68 0.00610394614
68.05 68 68.1 0.004362795886
68.15 68.1 68.2 0.006142820062
68.25 68.2 68.3 0.008247800593
68.35 68.3 68.4 0.005699577872
68.45 68.4 68.5 0.001983529255
68.55 68.5 68.6 0.004257760686
68.65 68.6 68.7 0.00561536439
68.75 68.7 68.8 0.007801472485
68.85 68.8 68.9 0.008509261754
68.95 68.9 69 0.007627311396
69.05 69 69.1 0.005609612242
69.15 69.1 69.2 0.006207256512
69.25 69.2 69.3 0.006781946318
69.35 69.3 69.4 0.004518312804
69.45 69.4 69.5 0.0042677618
69.55 69.5 69.6 0.00658546618
69.65 69.6 69.7 0.008895172315
69.75 69.7 69.8 0.008719366814
69.85 69.8 69.9 0.003412584104
69.95 69.9 70 0.0043793024
70.05 70 70.1 0.003450234931
70.15 70.1 70.2 0.009278639944
70.25 70.2 70.3 0.004208095542
70.35 70.3 70.4 0.004148727413
70.45 70.4 70.5 0.00579273022
70.55 70.5 70.6 0.008294368688
70.65 70.6 70.7 0.00439477701
70.75 70.7 70.8 0.005614684781
70.85 70.8 70.9 0.008094789785
70.95 70.9 71 0.006797189444
71.05 71 71.1 0.007865504979
71.15 71.1 71.2 0.008511452599
71.25 71.2 71.3 0.004000664484
71.35 71.3 71.4 0.004860505946
71.45 71.4 71.5 0.005363343925
71.55 71.5 71.6 0.0036824172
71.65 71.6 71.7 0.004800781505
71.75 71.7 71.8 0.008764183695
71.85 71.8 71.9 0.006162769074
71.95 71.9 72 0.003664071188
72.05 72 72.1 0.002286874422
72.15 72.1 72.2 0.007888192002
72.25 72.2 72.3 0.009158941597
72.35 72.3 72.4 0.007558923788
72.45 72.4 72.5 0.008120392591
72.55 72.5 72.6 0.007736568095
72.65 72.6 72.7 0.006845883044
72.75 72.7 72.8 0.005946910472
72.85 72.8 72.9 0.002078226731
72.95 72.9 73 0.00291343356
73.05 73 73.1 0.005913553293
73.15 73.1 73.2 0.001525713133
73.25 73.2 73.3 0.005800473849
73.35 73.3 73.4 0.006809194742
73.45 73.4 73.5 0.002825147653
73.55 73.5 73.6 0.004394496892
73.65 73.6 73.7 0.006685994552
73.75 73.7 73.8 0.004178808593
73.85 73.8 73.9 0.00295288162
73.95 73.9 74 0.006687745678
74.05 74 74.1 0.003269982476
74.15 74.1 74.2 0.001528138147
74.25 74.2 74.3 0.003192076871
74.35 74.3 74.4 0.005107051851
74.45 74.4 74.5 0.007078240029
74.55 74.5 74.6 0.005854683994
74.65 74.6 74.7 0.004244410353
74.75 74.7 74.8 0.003527896017
74.85 74.8 74.9 0.006638187533
74.95 74.9 75 0.006464965326
75.05 75 75.1 0.007135081808
75.15 75.1 75.2 0.002376358739
75.25 75.2 75.3 0.002963225571
75.35 75.3 75.4 0.005640679473
75.45 75.4 75.5 0.002847552691
75.55 75.5 75.6 0.00599179316
75.65 75.6 75.7 0.001452410895
75.75 75.7 75.8 0.00672170971
75.85 75.8 75.9 0.003040778915
75.95 75.9 76 0.004625348788
76.05 76 76.1 0.002415703698
76.15 76.1 76.2 0.002348358763
76.25 76.2 76.3 0.00206556255
76.35 76.3 76.4 0.003358012115
76.45 76.4 76.5 0.00582638032
76.55 76.5 76.6 0.006156493784
76.65 76.6 76.7 0.006094894385
76.75 76.7 76.8 0.006680199972
76.85 76.8 76.9 0.005526371646
76.95 76.9 77 0.004862932046
77.05 77 77.1 0.006538814223
77.15 77.1 77.2 0.007367454845
77.25 77.2 77.3 0.005469408998
77.35 77.3 77.4 0.003503271666
77.45 77.4 77.5 0.004078428967
77.55 77.5 77.6 0.004991181756
77.65 77.6 77.7 0.006261519211
77.75 77.7 77.8 0.005080070195
77.85 77.8 77.9 0.004202541007
77.95 77.9 78 0.007042203737
78.05 78 78.1 0.005724304061
78.15 78.1 78.2 0.00687672227
78.25 78.2 78.3 0.003317712048
78.35 78.3 78.4 0.005077314205
78.45 78.4 78.5 0.007155079277
78.55 78.5 78.6 0.003969048664
78.65 78.6 78.7 0.008486616324
78.75 78.7 78.8 0.003984286725
78.85 78.8 78.9 0.008235400526
78.95 78.9 79 0.005673695994
79.05 79 79.1 0.005152505433
79.15 79.1 79.2 0.005979431563
79.25 79.2 79.3 0.004541357215
79.35 79.3 79.4 0.005567977194
79.45 79.4 79.5 0.005193464499
79.55 79.5 79.6 0.00237067811
79.65 79.6 79.7 0.003870583372
79.75 79.7 79.8 0.004822555667
79.85 79.8 79.9 0.00449265569
79.95 79.9 80 0.004909913004
80.05 80 80.1 0.004612288595
80.15 80.1 80.2 0.005003489318
80.25 80.2 80.3 0.005297985917
80.35 80.3 80.4 0.007666413445
80.45 80.4 80.5 0.003500303193
80.55 80.5 80.6 0.005172626766
80.65 80.6 80.7 0.004565997802
80.75 80.7 80.8 0.004069354243
80.85 80.8 80.9 0.006949098974
80.95 80.9 81 0.008409936888
81.05 81 81.1 0.003076242557
81.15 81.1 81.2 0.004092720635
81.25 81.2 81.3 0.004882043435
81.35 81.3 81.4 0.001311909551
81.45 81.4 81.5 0.006318018542
81.55 81.5 81.6 0.003981499132
81.65 81.6 81.7 0.006256231389
81.75 81.7 81.8 0.005855133237
81.85 81.8 81.9 0.007994787142
81.95 81.9 82 0.006066426516
82.05 82 82.1 0.00640206888
82.15 82.1 82.2 0.006821319082
82.25 82.2 82.3 0.00548622528
82.35 82.3 82.4 0.005322577149
82.45 82.4 82.5 0.005449690363
82.55 82.5 82.6 0.004241462246
82.65 82.6 82.7 0.004792354485
82.75 82.7 82.8 0.002683856029
82.85 82.8 82.9 0.007992082874
82.95 82.9 83 0.005009383463
83.05 83 83.1 0.005091389836
83.15 83.1 83.2 0.007088572997
83.25 83.2 83.3 0.002011668952
83.35 83.3 83.4 0.006634999904
83.45 83.4 83.5 0.004506650521
83.55 83.5 83.6 0.005382974765
83.65 83.6 83.7 0.004713899053
83.75 83.7 83.8 0.004656880496
83.85 83.8 83.9 0.006831171835
83.95 83.9 84 0.00568667477
84.05 84 84.1 0.002946777979
84.15 84.1 84.2 0.004178807666
84.25 84.2 84.3 0.007508950421
84.35 84.3 84.4 0.003962697381
84.45 84.4 84.5 0.004408318423
84.55 84.5 84.6 0.00662573611
84.65 84.6 84.7 0.004610076129
84.75 84.7 84.8 0.00876997065
84.85 84.8 84.9 0.004783948878
84.95 84.9 85 0.008316778036
85.05 85 85.1 0.005303819552
85.15 85.1 85.2 0.006951566684
85.25 85.2 85.3 0.003567393367
85.35 85.3 85.4 0.005436512556
85.45 85.4 85.5 0.004430930375
85.55 85.5 85.6 0.006205875485
85.65 85.6 85.7 0.007872550466
85.75 85.7 85.8 0.003750215683
85.85 85.8 85.9 0.005088486183
85.95 85.9 86 0.006072101621
86.05 86 86.1 0.005883961212
86.15 86.1 86.2 0.006347346906
86.25 86.2 86.3 0.004556232058
86.35 86.3 86.4 0.004189135688
86.45 86.4 86.5 0.004918388258
86.55 86.5 86.6 0.004678793602
86.65 86.6 86.7 0.003226821414
86.75 86.7 86.8 0.006514984581
86.85 86.8 86.9 0.006542413133
86.95 86.9 87 0.003146750704
87.05 87 87.1 0.004706543184
87.15 87.1 87.2 0.005189313366
87.25 87.2 87.3 0.008783776345
87.35 87.3 87.4 0.003212253288
87.45 87.4 87.5 0.003877028684
87.55 87.5 87.6 0.006161537346
87.65 87.6 87.7 0.00626289941
87.75 87.7 87.8 0.006312140101
87.85 87.8 87.9 0.005433580287
87.95 87.9 88 0.00596297165
88.05 88 88.1 0.00522330321
88.15 88.1 88.2 0.005062611299
88.25 88.2 88.3 0.008857199529
88.35 88.3 88.4 0.003289896484
88.45 88.4 88.5 0.007211862525
88.55 88.5 88.6 0.005605518344
88.65 88.6 88.7 0.005360721355
88.75 88.7 88.8 0.007348870333
88.85 88.8 88.9 0.008092106123
88.95 88.9 89 0.005288945057
89.05 89 89.1 0.007204328687
89.15 89.1 89.2 0.007359263847
89.25 89.2 89.3 0.005515080959
89.35 89.3 89.4 0.0068557059
89.45 89.4 89.5 0.007111884617
89.55 89.5 89.6 0.008746239918
89.65 89.6 89.7 0.00554962355
89.75 89.7 89.8 0.007813001143
89.85 89.8 89.9 0.007633316263
89.95 89.9 90 0.003691584988
90.05 90 90.1 0.005598509204
90.15 90.1 90.2 0.006500480831
90.25 90.2 90.3 0.00464248701
90.35 90.3 90.4 0.00735796939
90.45 90.4 90.5 0.006206122841
90.55 90.5 90.6 0.005361592049
90.65 90.6 90.7 0.00600809194
90.75 90.7 90.8 0.007775423467
90.85 90.8 90.9 0.005811081633
90.95 90.9 91 0.00670351452
91.05 91 91.1 0.007085792788
91.15 91.1 91.2 0.00457435751
91.25 91.2 91.3 0.007209769305
91.35 91.3 91.4 0.005440691741
91.45 91.4 91.5 0.006634406256
91.55 91.5 91.6 0.004467436613
91.65 91.6 91.7 0.006057140466
91.75 91.7 91.8 0.004857543691
91.85 91.8 91.9 0.006437134889
91.95 91.9 92 0.004536124342
92.05 92 92.1 0.007595956873
92.15 92.1 92.2 0.00793203677
92.25 92.2 92.3 0.00555006216
92.35 92.3 92.4 0.009114582987
92.45 92.4 92.5 0.005857257641
92.55 92.5 92.6 0.004875183922
92.65 92.6 92.7 0.00480559562
92.75 92.7 92.8 0.007505674428
92.85 92.8 92.9 0.006510471437
92.95 92.9 93 0.006566103855
93.05 93 93.1 0.006501466327
93.15 93.1 93.2 0.006222632548
93.25 93.2 93.3 0.007615716949
93.35 93.3 93.4 0.006602737238
93.45 93.4 93.5 0.004237688617
93.55 93.5 93.6 0.007056092748
93.65 93.6 93.7 0.005690201432
93.75 93.7 93.8 0.00623182011
93.85 93.8 93.9 0.004608789247
93.95 93.9 94 0.006619539176
94.05 94 94.1 0.004135280049
94.15 94.1 94.2 0.004740880955
94.25 94.2 94.3 0.007072769334
94.35 94.3 94.4 0.005340093899
94.45 94.4 94.5 0.008276896878
94.55 94.5 94.6 0.005135070918
94.65 94.6 94.7 0.005534589578
94.75 94.7 94.8 0.005449239336
94.85 94.8 94.9 0.006411537507
94.95 94.9 95 0.0050424359
95.05 95 95.1 0.007119541548
95.15 95.1 95.2 0.005686882059
95.25 95.2 95.3 0.007440546544
95.35 95.3 95.4 0.004920384935
95.45 95.4 95.5 0.006751810969
95.55 95.5 95.6 0.00697133161
95.65 95.6 95.7 0.003723382425
95.75 95.7 95.8 0.004938594562
95.85 95.8 95.9 0.00859975068
95.95 95.9 96 0.006479532947
96.05 96 96.1 0.004471404548
96.15 96.1 96.2 0.00376007345
96.25 96.2 96.3 0.00856528767
96.35 96.3 96.4 0.007328709809
96.45 96.4 96.5 0.01060964784
96.55 96.5 96.6 0.005593525666
96.65 96.6 96.7 0.00622129801
96.75 96.7 96.8 0.007027401181
96.85 96.8 96.9 0.005840036565
96.95 96.9 97 0.005797749842
97.05 97 97.1 0.005102907101
97.15 97.1 97.2 0.006684532422
97.25 97.2 97.3 0.005909894752
97.35 97.3 97.4 0.005818579244
97.45 97.4 97.5 0.004753523514
97.55 97.5 97.6 0.003957070514
97.65 97.6 97.7 0.005945453409
97.75 97.7 97.8 0.004718755601
97.85 97.8 97.9 0.00674182547
97.95 97.9 98 0.003832593436
98.05 98 98.1 0.006731349515
98.15 98.1 98.2 0.007905425791
98.25 98.2 98.3 0.008882081186
98.35 98.3 98.4 0.005951188894
98.45 98.4 98.5 0.008412378749
98.55 98.5 98.6 0.005446271457
98.65 98.6 98.7 0.007785528163
98.75 98.7 98.8 0.007416738958
98.85 98.8 98.9 0.003790160527
98.95 98.9 99 0.005663568732
99.05 99 99.1 0.005180507204
99.15 99.1 99.2 0.005592264145
99.25 99.2 99.3 0.004429825354
99.35 99.3 99.4 0.008179731354
99.45 99.4 99.5 0.005429958829
99.55 99.5 99.6 0.006412476521
99.65 99.6 99.7 0.00719313633
99.75 99.7 99.8 0.006056893791
99.85 99.8 99.9 0.007458152409
99.95 99.9 100 0.005217035461
100.05 100 100.1 0.007890466776
100.15 100.1 100.2 0.005604018231
100.25 100.2 100.3 0.006258876393
100.35 100.3 100.4 0.005404494535
100.45 100.4 100.5 0.007590228406
100.55 100.5 100.6 0.00836291029
100.65 100.6 100.7 0.007680573328
100.75 100.7 100.8 0.003781301282
100.85 100.8 100.9 0.004107926352
100.95 100.9 101 0.006300427835
101.05 101 101.1 0.004448695816
101.15 101.1 101.2 0.00702248539
101.25 101.2 101.3 0.005825022839
101.35 101.3 101.4 0.00656985263
101.45 101.4 101.5 0.006931896343
101.55 101.5 101.6 0.006717531631
101.65 101.6 101.7 0.007229658623
101.75 101.7 101.8 0.004626284367
101.85 101.8 101.9 0.006434893888
101.95 101.9 102 0.005375433129
102.05 102 102.1 0.006564635926
102.15 102.1 102.2 0.004978479848
102.25 102.2 102.3 0.006578439706
102.35 102.3 102.4 0.006053276419
102.45 102.4 102.5 0.007686405972
102.55 102.5 102.6 0.007210182792
102.65 102.6 102.7 0.007363619858
102.75 102.7 102.8 0.007810758591
102.85 102.8 102.9 0.005541393894
102.95 102.9 103 0.005111971376
103.05 103 103.1 0.004319342077
103.15 103.1 103.2 0.007381860928
103.25 103.2 103.3 0.007999507699
103.35 103.3 103.4 0.006688771861
103.45 103.4 103.5 0.007018205566
103.55 103.5 103.6 0.004167269267
103.65 103.6 103.7 0.004896169875
103.75 103.7 103.8 0.00523664445
103.85 103.8 103.9 0.005213170775
103.95 103.9 104 0.007398549422
104.05 104 104.1 0.004740831691
104.15 104.1 104.2 0.006230633698
104.25 104.2 104.3 0.006434362187
104.35 104.3 104.4 0.005065837602
104.45 104.4 104.5 0.00653154386
104.55 104.5 104.6 0.006057639781
104.65 104.6 104.7 0.007191327743
104.75 104.7 104.8 0.006976665475
104.85 104.8 104.9 0.005478284731
104.95 104.9 105 0.006741094917
105.05 105 105.1 0.00163181457
105.15 105.1 105.2 0.00510299743
105.25 105.2 105.3 0.006679437934
105.35 105.3 105.4 0.006701603574
105.45 105.4 105.5 0.005994681232
105.55 105.5 105.6 0.004689671541
105.65 105.6 105.7 0.005876607375
105.75 105.7 105.8 0.005366205942
105.85 105.8 105.9 0.006369356953
105.95 105.9 106 0.005077404261
106.05 106 106.1 0.005677733689
106.15 106.1 106.2 0.006333100498
106.25 106.2 106.3 0.008552797551
106.35 106.3 106.4 0.007124137379
106.45 106.4 106.5 0.005292687948
106.55 106.5 106.6 0.004749046002
106.65 106.6 106.7 0.005328299305
106.75 106.7 106.8 0.006904843374
106.85 106.8 106.9 0.003780032648
106.95 106.9 107 0.003793042942
107.05 107 107.1 0.004048339769
107.15 107.1 107.2 0.00559017646
107.25 107.2 107.3 0.006946996334
107.35 107.3 107.4 0.006036278678
107.45 107.4 107.5 0.005506453068
107.55 107.5 107.6 0.004425350496
107.65 107.6 107.7 0.006460391447
107.75 107.7 107.8 0.00651702381
107.85 107.8 107.9 0.007110772275
107.95 107.9 108 0.004644629243
108.05 108 108.1 0.007724316114
108.15 108.1 108.2 0.005523902543
108.25 108.2 108.3 0.007208095908
108.35 108.3 108.4 0.004030384313
108.45 108.4 108.5 0.007527039434
108.55 108.5 108.6 0.003411182787
108.65 108.6 108.7 0.008105155857
108.75 108.7 108.8 0.00688469476
108.85 108.8 108.9 0.004266806647
108.95 108.9 109 0.006028473221
109.05 109 109.1 0.004559988882
109.15 109.1 109.2 0.005671111036
109.25 109.2 109.3 0.005871866917
109.35 109.3 109.4 0.00739748868
109.45 109.4 109.5 0.006715009521
109.55 109.5 109.6 0.006310141685
109.65 109.6 109.7 0.005084444115
109.75 109.7 109.8 0.00732366687
109.85 109.8 109.9 0.00544510818
109.95 109.9 110 0.007642443647
110.05 110 110.1 0.007109789912
110.15 110.1 110.2 0.005883371176
110.25 110.2 110.3 0.005131422034
110.35 110.3 110.4 0.007157315906
110.45 110.4 110.5 0.006241548653
110.55 110.5 110.6 0.003160565144
110.65 110.6 110.7 0.003624274524
110.75 110.7 110.8 0.006247608917
110.85 110.8 110.9 0.006478075843
110.95 110.9 111 0.004177473612
111.05 111 111.1 0.006624219791
111.15 111.1 111.2 0.008169486155
111.25 111.2 111.3 0.004405401341
111.35 111.3 111.4 0.00692438743
111.45 111.4 111.5 0.006440770486
111.55 111.5 111.6 0.007656401105
111.65 111.6 111.7 0.005779612685
111.75 111.7 111.8 0.006953074167
111.85 111.8 111.9 0.006235113905
111.95 111.9 112 0.004558698775
112.05 112 112.1 0.004505975317
112.15 112.1 112.2 0.004857497525
112.25 112.2 112.3 0.00784768079
112.35 112.3 112.4 0.004994243816
112.45 112.4 112.5 0.005467486605
112.55 112.5 112.6 0.004724708484
112.65 112.6 112.7 0.005944847866
112.75 112.7 112.8 0.006363797467
112.85 112.8 112.9 0.005740494442
112.95 112.9 113 0.004616555609
113.05 113 113.1 0.005802209174
113.15 113.1 113.2 0.00530012265
113.25 113.2 113.3 0.003417941472
113.35 113.3 113.4 0.006596587764
113.45 113.4 113.5 0.007583284211
113.55 113.5 113.6 0.004822207514
113.65 113.6 113.7 0.00707954887
113.75 113.7 113.8 0.008206139603
113.85 113.8 113.9 0.005384372524
113.95 113.9 114 0.006362474563
114.05 114 114.1 0.004688068476
114.15 114.1 114.2 0.006467580502
114.25 114.2 114.3 0.00586479275
114.35 114.3 114.4 0.002925303273
114.45 114.4 114.5 0.007399977124
114.55 114.5 114.6 0.005356153349
114.65 114.6 114.7 0.005535461205
114.75 114.7 114.8 0.006103718493
114.85 114.8 114.9 0.004914920767
114.95 114.9 115 0.006022759225
115.05 115 115.1 0.004214917995
115.15 115.1 115.2 0.005722555014
115.25 115.2 115.3 0.005727439772
115.35 115.3 115.4 0.006022498206
115.45 115.4 115.5 0.004852706328
115.55 115.5 115.6 0.004990229081
115.65 115.6 115.7 0.003910888861
115.75 115.7 115.8 0.005916205041
115.85 115.8 115.9 0.006157007861
115.95 115.9 116 0.004523424292
116.05 116 116.1 0.005254009831
116.15 116.1 116.2 0.005067461577
116.25 116.2 116.3 0.003976555572
116.35 116.3 116.4 0.004318813099
116.45 116.4 116.5 0.006072934225
116.55 116.5 116.6 0.003976660566
116.65 116.6 116.7 0.003061202497
116.75 116.7 116.8 0.004836656239
116.85 116.8 116.9 0.00571660735
116.95 116.9 117 0.003302190505
117.05 117 117.1 0.006625947212
117.15 117.1 117.2 0.005154543767
117.25 117.2 117.3 0.006401753608
117.35 117.3 117.4 0.004074078895
117.45 117.4 117.5 0.002147251714
117.55 117.5 117.6 0.005700829603
117.65 117.6 117.7 0.003383753318
117.75 117.7 117.8 0.004973666786
117.85 117.8 117.9 0.003217004139
117.95 117.9 118 0.00371825251
118.05 118 118.1 0.00286895271
118.15 118.1 118.2 0.001674406835
118.25 118.2 118.3 0.004663325072
118.35 118.3 118.4 0.003657791769
118.45 118.4 118.5 0.004714153186
118.55 118.5 118.6 0.004353978468
118.65 118.6 118.7 0.005617497593
118.75 118.7 118.8 0.004123197282
118.85 118.8 118.9 0.005062829336
118.95 118.9 119 0.004304453972
119.05 119 119.1 0.003404725755
119.15 119.1 119.2 0.003279331395
119.25 119.2 119.3 0.00302358314
119.35 119.3 119.4 0.003681038615
119.45 119.4 119.5 0.003474961742
119.55 119.5 119.6 0.002055528285
119.65 119.6 119.7 0.005283402319
119.75 119.7 119.8 0.002003247811
119.85 119.8 119.9 0.001947071328
119.95 119.9 120 0.00210693609
120.05 120 120.1 0.002749281321
120.15 120.1 120.2 0.005000548667
120.25 120.2 120.3 0.003907236405
120.35 120.3 120.4 0.004075879532
120.45 120.4 120.5 0.003522693897
120.55 120.5 120.6 0.003532708012
120.65 120.6 120.7 0.005238250513
120.75 120.7 120.8 0.003113223596
120.85 120.8 120.9 0.002090013871
120.95 120.9 121 0.004409661206
121.05 121 121.1 0.001337148713
121.15 121.1 121.2 0.002777716138
121.25 121.2 121.3 0.004712016336
121.35 121.3 121.4 0.003474723915
121.45 121.4 121.5 0.001937074379
121.55 121.5 121.6 0.003973608067
121.65 121.6 121.7 0.002376674982
121.75 121.7 121.8 0.002524211313
121.85 121.8 121.9 0.003938241761
121.95 121.9 122 0.002706848511
122.05 122 122.1 0.002315499444
122.15 122.1 122.2 0.002100253571
122.25 122.2 122.3 0.003838518287
122.35 122.3 122.4 0.00217859256
122.45 122.4 122.5 0.001658980766
122.55 122.5 122.6 0.00642312743
122.65 122.6 122.7 0.001712518705
122.75 122.7 122.8 0.004330736322
122.85 122.8 122.9 0.002496145544
122.95 122.9 123 0.001719741055
123.05 123 123.1 0.003056794995
123.15 123.1 123.2 0.002008950218
123.25 123.2 123.3 0.000253748915
123.35 123.3 123.4 0.004414784025
123.45 123.4 123.5 0.003447021271
123.55 123.5 123.6 0.002761357825
123.65 123.6 123.7 0.001742098535
123.75 123.7 123.8 0.00198342922
123.85 123.8 123.9 0.0007123148527
123.95 123.9 124 0.001326932245
124.05 124 124.1 0.0004948806932
124.15 124.1 124.2 0.000319762384
124.25 124.2 124.3 0.003593077115
124.35 124.3 124.4 0.001245058201
124.45 124.4 124.5 0.002394746364
124.55 124.5 124.6 0.001831825817
124.65 124.6 124.7 0.0009001940851
124.75 124.7 124.8 0.001604440289
124.85 124.8 124.9 0.0002135390566
124.95 124.9 125 0.00125062912
125.05 125 125.1 0.001517899441
125.15 125.1 125.2 0.003758974503
125.25 125.2 125.3 0.002373280866
125.35 125.3 125.4 0.002249431366
125.45 125.4 125.5 0.001671154851
125.55 125.5 125.6 0.002454127435
125.65 125.6 125.7 0.001384955859
125.75 125.7 125.8 0.002575922253
125.85 125.8 125.9 0.001664558664
125.95 125.9 126 0.00217619684
126.05 126 126.1 0.0001832674821
126.15 126.1 126.2 0.003308851398
126.25 126.2 126.3 0.0008969889006
126.35 126.3 126.4 0.002127264996
126.45 126.4 126.5 0.001801896415
126.55 126.5 126.6 -0.0003181282388
126.65 126.6 126.7 0.003217562444
126.75 126.7 126.8 -0.001393291751
126.85 126.8 126.9 0.00213600257
126.95 126.9 127 0.001291982449
127.05 127 127.1 0.002887122317
127.15 127.1 127.2 0.002079670564
127.25 127.2 127.3 0.0005358623739
127.35 127.3 127.4 0.002992327811
127.45 127.4 127.5 -2.03307474e-05
127.55 127.5 127.6 0.0006695465559
127.65 127.6 127.7 0.002753722835
127.75 127.7 127.8 0.001718429532
127.85 127.8 127.9 0.002875069851
127.95 127.9 128 0.0008914209763
128.05 128 128.1 0.0002730920786
128.15 128.1 128.2 0.002639846964
128.25 128.2 128.3 0.001801574672
128.35 128.3 128.4 0.002003940863
128.45 128.4 128.5 0.0003547930921
128.55 128.5 128.6 0.0009975718036
128.65 128.6 128.7 0.001149727107
128.75 128.7 128.8 0.0005379155076
128.85 128.8 128.9 0.001646428042
128.95 128.9 129 0.002350985628
129.05 129 129.1 0.001829231958
129.15 129.1 129.2 0.002696245526
129.25 129.2 129.3 0.002318584273
129.35 129.3 129.4 0.003258412135
129.45 129.4 129.5 0.0006066269132
129.55 129.5 129.6 0.000961204317
129.65 129.6 129.7 0.002653901021
129.75 129.7 129.8 0.002482880969
129.85 129.8 129.9 -0.0003779592069
129.95 129.9 130 0.0007030272218
130.05 130 130.1 -7.335901867e-05
130.15 130.1 130.2 0.001809940096
130.25 130.2 130.3 -0.0001702798948
130.35 130.3 130.4 0.0003453444607
130.45 130.4 130.5 0.001758174942
130.55 130.5 130.6 0.004239831321
130.65 130.6 130.7 0.0001015911019
130.75 130.7 130.8 0.002644455728
130.85 130.8 130.9 0.001288434919
130.95 130.9 131 0.002431751757
131.05 131 131.1 0.0008069887038
131.15 131.1 131.2 0.0003157212047
131.25 131.2 131.3 0.002029490438
131.35 131.3 131.4 0.0001364754236
131.45 131.4 131.5 0.001060576331
131.55 131.5 131.6 0.00176899114
131.65 131.6 131.7 0.002724569962
131.75 131.7 131.8 0.003238413668
131.85 131.8 131.9 0.0008784261251
131.95 131.9 132 0.0001281635096
132.05 132 132.1 0.001095110259
132.15 132.1 132.2 0.00181521613
132.25 132.2 132.3 0.001927804636
132.35 132.3 132.4 0.0006213693741
132.45 132.4 132.5 0.002966838085
132.55 132.5 132.6 0.001297570624
132.65 132.6 132.7 0.002777889092
132.75 132.7 132.8 0.002482804979
132.85 132.8 132.9 -0.0004570323586
132.95 132.9 133 -1.340262018e-06
133.05 133 133.1 0.002632219977
133.15 133.1 133.2 0.001725754923
133.25 133.2 133.3 0.002658028439
133.35 133.3 133.4 0.002669612415
133.45 133.4 133.5 0.002059242719
133.55 133.5 133.6 0.001830401364
133.65 133.6 133.7 0.001071525287
133.75 133.7 133.8 0.002017233633
133.85 133.8 133.9 -0.0001520411035
133.95 133.9 134 0.002283615059
134.05 134 134.1 -0.0004081877771
134.15 134.1 134.2 0.001207402997
134.25 134.2 134.3 0.001739737701
134.35 134.3 134.4 0.00198808386
134.45 134.4 134.5 0.001750409262
134.55 134.5 134.6 0.001364349526
134.65 134.6 134.7 0.0007264432298
134.75 134.7 134.8 0.001502567018
134.85 134.8 134.9 0.001094523642
134.95 134.9 135 0.001230790432
135.05 135 135.1 0.001293318618
135.15 135.1 135.2 0.001712078596
135.25 135.2 135.3 0.002932296778
135.35 135.3 135.4 0.001455521635
135.45 135.4 135.5 0.002115429549
135.55 135.5 135.6 0.0007824584996
135.65 135.6 135.7 0.001296960482
135.75 135.7 135.8 -0.0003133674894
135.85 135.8 135.9 0.001829525239
135.95 135.9 136 0.000959308375
136.05 136 136.1 0.0008177380848
136.15 136.1 136.2 -0.0007653601826
136.25 136.2 136.3 0.0001476175471
136.35 136.3 136.4 0.00112442542
136.45 136.4 136.5 0.001520562158
136.55 136.5 136.6 0.0009123767902
136.65 136.6 136.7 -0.0004191956448
136.75 136.7 136.8 0.0006756532495
136.85 136.8 136.9 0.0009837473568
136.95 136.9 137 0.001771774703
137.05 137 137.1 0.002186083123
137.15 137.1 137.2 0.001133901564
137.25 137.2 137.3 0.0009184619797
137.35 137.3 137.4 0.004267389627
137.45 137.4 137.5 -0.0006106552246
137.55 137.5 137.6 0.002727394115
137.65 137.6 137.7 0.001149662699
137.75 137.7 137.8 0.001131894538
137.85 137.8 137.9 0.0004275618086
137.95 137.9 138 0.002761375454
138.05 138 138.1 0.00185294454
138.15 138.1 138.2 0.002721960422
138.25 138.2 138.3 0.0002075468906
138.35 138.3 138.4 0.001176502535
138.45 138.4 138.5 0.00175650002
138.55 138.5 138.6 0.0007565981408
138.65 138.6 138.7 0.0002395699247
138.75 138.7 138.8 0.001174427583
138.85 138.8 138.9 0.001840846183
138.95 138.9 139 0.002188556691
139.05 139 139.1 0.002308189369
139.15 139.1 139.2 0.003149876466
139.25 139.2 139.3 0.004154800618
139.35 139.3 139.4 0.002227801832
139.45 139.4 139.5 0.0005347566788
139.55 139.5 139.6 0.002701200108
139.65 139.6 139.7 0.002893147815
139.75 139.7 139.8 -0.0005632241541
139.85 139.8 139.9 0.0005218748393
139.95 139.9 140 0.002957291892
140.05 140 140.1 -0.0007500543575
140.15 140.1 140.2 0.0006305971755
140.25 140.2 140.3 0.001193839167
140.35 140.3 140.4 0.0005587784614
140.45 140.4 140.5 0.001431787822
140.55 140.5 140.6 0.0003012771003
140.65 140.6 140.7 0.0006078498721
140.75 140.7 140.8 0.002035657565
140.85 140.8 140.9 0.001632793542
140.95 140.9 141 0.003009412413
141.05 141 141.1 0.001733307772
141.15 141.1 141.2 0.001994384162
141.25 141.2 141.3 -0.000833421164
141.35 141.3 141.4 0.002385204738
141.45 141.4 141.5 0.002177142699
141.55 141.5 141.6 0.001701615117
141.65 141.6 141.7 0.002501008325
141.75 141.7 141.8 -0.0002340005005
141.85 141.8 141.9 0.0001791840109
141.95 141.9 142 0.0004629985834
142.05 142 142.1 0.0001200972286
142.15 142.1 142.2 0.0005215538109
142.25 142.2 142.3 0.000376999102
142.35 142.3 142.4 0.0009968370988
142.45 142.4 142.5 -0.0002161273594
142.55 142.5 142.6 -9.952854401e-05
142.65 142.6 142.7 0.001598298778
142.75 142.7 142.8 -0.000236785775
142.85 142.8 142.9 0.002059185204
142.95 142.9 143 0.0006073040206
143.05 143 143.1 0.0005727649441
143.15 143.1 143.2 0.001479126936
143.25 143.2 143.3 0.0009917503907
143.35 143.3 143.4 0.001115408679
143.45 143.4 143.5 0.002490360321
143.55 143.5 143.6 0.001431051801
143.65 143.6 143.7 0.0007687248025
143.75 143.7 143.8 -0.0003278696909
143.85 143.8 143.9 0.0006940117188
143.95 143.9 144 0.0003859737308
144.05 144 144.1 -8.591179588e-05
144.15 144.1 144.2 -7.581806253e-05
144.25 144.2 144.3 0.000109331557
144.35 144.3 144.4 0.001215145954
144.45 144.4 144.5 0.002748955229
144.55 144.5 144.6 -0.0003750590348
144.65 144.6 144.7 0.0007171257894
144.75 144.7 144.8 0.0007837626759
144.85 144.8 144.9 0.0001794288949
144.95 144.9 145 -0.0001606830711
145.05 145 145.1 0.0007203849002
145.15 145.1 145.2 0.0002672602469
145.25 145.2 145.3 -0.00125829301
145.35 145.3 145.4 0.001183725382
145.45 145.4 145.5 6.778429446e-05
145.55 145.5 145.6 7.925074892e-06
145.65 145.6 145.7 0.0007059051359
145.75 145.7 145.8 0.0008394476255
145.85 145.8 145.9 -0.0005990203903
145.95 145.9 146 0.0007377668322
146.05 146 146.1 0.001688494865
146.15 146.1 146.2 0.001316020553
146.25 146.2 146.3 0.0005419577937
146.35 146.3 146.4 0.001110519145
146.45 146.4 146.5 -0.0003284753597
146.55 146.5 146.6 -0.001700905931
146.65 146.6 146.7 -0.0004842572483
146.75 146.7 146.8 -0.0001291085559
146.85 146.8 146.9 -0.0003133345193
146.95 146.9 147 0.001232640395
147.05 147 147.1 0.0002049885832
147.15 147.1 147.2 -0.0003906363241
147.25 147.2 147.3 0.001182287908
147.35 147.3 147.4 -0.0004132318503
147.45 147.4 147.5 0.0001697685673
147.55 147.5 147.6 0.0002953906429
147.65 147.6 147.7 -3.939501162e-05
147.75 147.7 147.8 0.001029598829
147.85 147.8 147.9 0.0001654588388
147.95 147.9 148 -2.603117668e-05
148.05 148 148.1 -0.000563812218
148.15 148.1 148.2 0.001594594917
148.25 148.2 148.3 5.185012523e-05
148.35 148.3 148.4 0.0001188257285
148.45 148.4 148.5 8.113981636e-05
148.55 148.5 148.6 0.0007128274026
148.65 148.6 148.7 9.888160164e-06
148.75 148.7 148.8 -0.0001304997216
148.85 148.8 148.9 0.002242295512
148.95 148.9 149 0.002254381722
149.05 149 149.1 -7.656391827e-05
149.15 149.1 149.2 -0.0007038878778
149.25 149.2 149.3 0.0004532359627
149.35 149.3 149.4 0.0002242137503
149.45 149.4 149.5 0.001425673082
149.55 149.5 149.6 0.0004990612963
149.65 149.6 149.7 0.001489013193
149.75 149.7 149.8 -0.0001409079606
149.85 149.8 149.9 -0.0005183586313
149.95 149.9 150 -0.0005024764906
150.05 150 150.1 0.0007958931051
150.15 150.1 150.2 -0.0002795472068
150.25 150.2 150.3 0.0009179761415
150.35 150.3 150.4 0.0002263914018
150.45 150.4 150.5 -0.0002795227366
150.55 150.5 150.6 9.739929046e-05
150.65 150.6 150.7 -0.0004546307373
150.75 150.7 150.8 0.001265230936
150.85 150.8 150.9 -0.001432368353
150.95 150.9 151 -0.000764352132
151.05 151 151.1 -0.0002015645807
151.15 151.1 151.2 -0.002311375635
151.25 151.2 151.3 0.001076935074
151.35 151.3 151.4 0.0003686312054
151.45 151.4 151.5 -0.0004543781047
151.55 151.5 151.6 0.001669643814
151.65 151.6 151.7 0.0003778213278
151.75 151.7 151.8 -0.0006237550486
151.85 151.8 151.9 -0.0008022484888
151.95 151.9 152 -0.0002532797962
152.05 152 152.1 -0.001379697039
152.15 152.1 152.2 0.0008779010581
152.25 152.2 152.3 0.0001629868181
152.35 152.3 152.4 0.001087278906
152.45 152.4 152.5 0.0007171368561
152.55 152.5 152.6 -0.0005180794962
152.65 152.6 152.7 -0.0007961551939
152.75 152.7 152.8 -0.0006777691093
152.85 152.8 152.9 0.0004759456272
152.95 152.9 153 -0.002237638619
153.05 153 153.1 -2.724706257e-05
153.15 153.1 153.2 -0.001260754527
153.25 153.2 153.3 2.422212808e-06
153.35 153.3 153.4 -0.001380199202
153.45 153.4 153.5 -0.0001000697831
153.55 153.5 153.6 0.0007038018404
153.65 153.6 153.7 0.001498213404
153.75 153.7 153.8 -0.001736393551
153.85 153.8 153.9 -0.001129301781
153.95 153.9 154 0.0008201750893
154.05 154 154.1 -0.0001809494083
154.15 154.1 154.2 0.0002747867814
154.25 154.2 154.3 -0.0001101486105
154.35 154.3 154.4 0.0004733013098
154.45 154.4 154.5 0.0002323710452
154.55 154.5 154.6 -0.00136735044
154.65 154.6 154.7 0.0007111636795
154.75 154.7 154.8 -0.002075304626
154.85 154.8 154.9 0.0004282830017
154.95 154.9 155 -0.0007095519008
155.05 155 155.1 0.0003846101388
155.15 155.1 155.2 0.0008765919118
155.25 155.2 155.3 0.001948227747
155.35 155.3 155.4 -0.0001897571739
155.45 155.4 155.5 0.0007348758021
155.55 155.5 155.6 -0.0007321932715
155.65 155.6 155.7 -1.295435524e-05
155.75 155.7 155.8 -0.001902807192
155.85 155.8 155.9 -0.0008947292885
155.95 155.9 156 0.001291101895
156.05 156 156.1 0.001609696013
156.15 156.1 156.2 0.002098542613
156.25 156.2 156.3 -8.953694632e-05
156.35 156.3 156.4 0.001095359221
156.45 156.4 156.5 -0.000352077109
156.55 156.5 156.6 -0.0006421140477
156.65 156.6 156.7 -0.0002083895704
156.75 156.7 156.8 0.0003332876749
156.85 156.8 156.9 0.0001527939021
156.95 156.9 157 -0.001140002899
157.05 157 157.1 -0.00125227694
157.15 157.1 157.2 -0.001283435362
157.25 157.2 157.3 0.001157383793
157.35 157.3 157.4 -0.0009842723674
157.45 157.4 157.5 -0.001501035936
157.55 157.5 157.6 0.001033673914
157.65 157.6 157.7 8.364730925e-05
157.75 157.7 157.8 -0.000447901784
157.85 157.8 157.9 0.0003514265012
157.95 157.9 158 -0.0005966987437
158.05 158 158.1 -0.0007222502758
158.15 158.1 158.2 -0.0006514839589
158.25 158.2 158.3 -0.001085820936
158.35 158.3 158.4 -0.000807805987
158.45 158.4 158.5 -0.0003832961943
158.55 158.5 158.6 0.000441404754
158.65 158.6 158.7 -0.0005577117283
158.75 158.7 158.8 0.001582362104
158.85 158.8 158.9 0.000775669372
158.95 158.9 159 -0.001476194919
159.05 159 159.1 -0.0008822548097
159.15 159.1 159.2 -0.001925388649
159.25 159.2 159.3 0.0003695777492
159.35 159.3 159.4 0.001179360847
159.45 159.4 159.5 0.0003046796364
159.55 159.5 159.6 0.001961813968
159.65 159.6 159.7 0.0007437322376
159.75 159.7 159.8 -0.0007568600933
159.85 159.8 159.9 0.001153007415
159.95 159.9 160 0.0005232433055
160.05 160 160.1 0.001187537546
160.15 160.1 160.2 0.001922799668
160.25 160.2 160.3 0.0003580817596
160.35 160.3 160.4 0.0006099933374
160.45 160.4 160.5 0.0006327319357
160.55 160.5 160.6 -0.000641159721
160.65 160.6 160.7 -0.0003130843549
160.75 160.7 160.8 -0.0003266524452
160.85 160.8 160.9 0.0002072583825
160.95 160.9 161 -0.001251846511
161.05 161 161.1 -0.0001468265759
161.15 161.1 161.2 0.001501292627
161.25 161.2 161.3 -0.0009570915613
161.35 161.3 161.4 -8.8149348e-05
161.45 161.4 161.5 0.0009043814778
161.55 161.5 161.6 0.000674732202
161.65 161.6 161.7 -0.0006317613839
161.75 161.7 161.8 4.574772244e-05
161.85 161.8 161.9 0.0004139126969
161.95 161.9 162 -0.0002309906657
162.05 162 162.1 0.0008983398832
162.15 162.1 162.2 -9.701206247e-06
162.25 162.2 162.3 -0.0001538761176
162.35 162.3 162.4 -0.000683110645
162.45 162.4 162.5 0.0003056175248
162.55 162.5 162.6 0.001279567403
162.65 162.6 162.7 0.0007564762927
162.75 162.7 162.8 0.0007819498498
162.85 162.8 162.9 0.0004454242697
162.95 162.9 163 -0.0008811740683
163.05 163 163.1 0.0001735246898
163.15 163.1 163.2 0.0008100654446
163.25 163.2 163.3 -0.0005648671789
163.35 163.3 163.4 0.0009782449216
163.45 163.4 163.5 -0.0005980343197
163.55 163.5 163.6 0.000597470846
163.65 163.6 163.7 0.0002153389492
163.75 163.7 163.8 0.0008033000207
163.85 163.8 163.9 -0.00028686787
163.95 163.9 164 0.0005527418101
164.05 164 164.1 0.0004435064613
164.15 164.1 164.2 0.0005644888278
164.25 164.2 164.3 0.0009289524022
164.35 164.3 164.4 -0.0001229708055
164.45 164.4 164.5 -0.001970553889
164.55 164.5 164.6 -6.129877164e-05
164.65 164.6 164.7 -0.0002102489681
164.75 164.7 164.8 0.0003362416439
164.85 164.8 164.9 -0.0004176243616
164.95 164.9 165 -0.0005360103431
165.05 165 165.1 -0.0001128096024
165.15 165.1 165.2 -9.328151287e-05
165.25 165.2 165.3 -0.0002284846196
165.35 165.3 165.4 0.0001903765253
165.45 165.4 165.5 0.0005646790705
165.55 165.5 165.6 -0.00192288815
165.65 165.6 165.7 0.0003022835458
165.75 165.7 165.8 -0.001141491588
165.85 165.8 165.9 -0.002148830644
165.95 165.9 166 -0.002626352785
166.05 166 166.1 0.0002541832029
166.15 166.1 166.2 -0.0001454502717
166.25 166.2 166.3 -0.0007868044947
166.35 166.3 166.4 -0.001094779146
166.45 166.4 166.5 -0.0004627798836
166.55 166.5 166.6 9.53729087e-05
166.65 166.6 166.7 -0.0008572265762
166.75 166.7 166.8 -0.0008007901759
166.85 166.8 166.9 -0.0003024518632
166.95 166.9 167 -0.001468601006
167.05 167 167.1 -0.000282299106
167.15 167.1 167.2 -0.00121117382
167.25 167.2 167.3 -0.0006319835969
167.35 167.3 167.4 -0.0002650295452
167.45 167.4 167.5 -0.0004936144667
167.55 167.5 167.6 -0.001010431889
167.65 167.6 167.7 -0.0003704501305
167.75 167.7 167.8 -0.002116802941
167.85 167.8 167.9 0.0008422822311
167.95 167.9 168 -0.001423801722
168.05 168 168.1 -0.001719376112
168.15 168.1 168.2 -0.0002248016504
168.25 168.2 168.3 -0.001072659584
168.35 168.3 168.4 -0.0006709376852
168.45 168.4 168.5 0.0004307482127
168.55 168.5 168.6 0.0003694883352
168.65 168.6 168.7 0.0001709199229
168.75 168.7 168.8 -0.00196799692
168.85 168.8 168.9 -0.0009594512468
168.95 168.9 169 0.0001268464286
169.05 169 169.1 -0.0004448964689
169.15 169.1 169.2 -0.0005602373513
169.25 169.2 169.3 -6.572867453e-05
169.35 169.3 169.4 0.0004346113081
169.45 169.4 169.5 -0.0008198131002
169.55 169.5 169.6 -0.000344719316
169.65 169.6 169.7 -0.0005110437003
169.75 169.7 169.8 -0.001143151848
169.85 169.8 169.9 0.0007828678044
169.95 169.9 170 -0.0009404873512
170.05 170 170.1 -0.000940541347
170.15 170.1 170.2 0.0003021218484
170.25 170.2 170.3 -0.0004897476747
170.35 170.3 170.4 -0.0001721786827
170.45 170.4 170.5 -0.0009602273051
170.55 170.5 170.6 -0.001824663052
170.65 170.6 170.7 -0.0001045358433
170.75 170.7 170.8 -0.0005144582431
170.85 170.8 170.9 -0.002099684602
170.95 170.9 171 -0.0008636089203
171.05 171 171.1 -0.0003433737486
171.15 171.1 171.2 -0.0002176835038
171.25 171.2 171.3 -1.090091747e-05
171.35 171.3 171.4 -0.001020732551
171.45 171.4 171.5 0.0003742932654
171.55 171.5 171.6 0.00133467831
171.65 171.6 171.7 -0.001185760686
171.75 171.7 171.8 -0.0005954928246
171.85 171.8 171.9 0.001220565691
171.95 171.9 172 -0.0006979312415
172.05 172 172.1 0.0003872217691
172.15 172.1 172.2 -0.0006399568175
172.25 172.2 172.3 -0.0006606375087
172.35 172.3 172.4 0.0003863524707
172.45 172.4 172.5 7.585349643e-05
172.55 172.5 172.6 0.001205883961
172.65 172.6 172.7 -0.0009660514738
172.75 172.7 172.8 0.0007810763986
172.85 172.8 172.9 -0.0005333578403
172.95 172.9 173 -0.000947208342
173.05 173 173.1 -0.0009249845755
173.15 173.1 173.2 -0.0008041856745
173.25 173.2 173.3 0.0008931627925
173.35 173.3 173.4 0.000305459258
173.45 173.4 173.5 -0.0009099929461
173.55 173.5 173.6 -0.0009805879097
173.65 173.6 173.7 0.000498852834
173.75 173.7 173.8 -1.290419143e-05
173.85 173.8 173.9 -0.0001559261464
173.95 173.9 174 -0.0003201853875
174.05 174 174.1 -0.001765671713
174.15 174.1 174.2 -0.001777198961
174.25 174.2 174.3 -0.0004905496463
174.35 174.3 174.4 -0.0007454118552
174.45 174.4 174.5 -0.0009653574037
174.55 174.5 174.6 -0.000853472388
174.65 174.6 174.7 7.654723453e-05
174.75 174.7 174.8 0.0002661291728
174.85 174.8 174.9 -0.0008753354254
174.95 174.9 175 -0.001370346268
175.05 175 175.1 -0.000202579601
175.15 175.1 175.2 0.0002196317529
175.25 175.2 175.3 0.0005687946319
175.35 175.3 175.4 0.000160086556
175.45 175.4 175.5 -0.0009048334533
175.55 175.5 175.6 -0.0007948056733
175.65 175.6 175.7 -0.0006447060184
175.75 175.7 175.8 -0.0004292419758
175.85 175.8 175.9 0.0009996408251
175.95 175.9 176 -0.0003792968934
176.05 176 176.1 -0.001173368198
176.15 176.1 176.2 -8.382062238e-05
176.25 176.2 176.3 0.001191523558
176.35 176.3 176.4 -0.001134392742
176.45 176.4 176.5 -0.001620198946
176.55 176.5 176.6 -0.0008525093094
176.65 176.6 176.7 -0.0002703399818
176.75 176.7 176.8 -0.0005016492381
176.85 176.8 176.9 -0.0002223264047
176.95 176.9 177 -0.0001470004143
177.05 177 177.1 -0.0004247300744
177.15 177.1 177.2 -0.0002334451642
177.25 177.2 177.3 -0.001893391069
177.35 177.3 177.4 -0.001052171072
177.45 177.4 177.5 -0.002174745132
177.55 177.5 177.6 -0.003271344369
177.65 177.6 177.7 -0.0007411876547
177.75 177.7 177.8 0.0004463972699
177.85 177.8 177.9 0.001467437665
177.95 177.9 178 -0.0009134234049
178.05 178 178.1 -0.001688992478
178.15 178.1 178.2 -0.002644611048
178.25 178.2 178.3 0.0007690532043
178.35 178.3 178.4 -0.00182493304
178.45 178.4 178.5 -0.001264822213
178.55 178.5 178.6 -0.001914100402
178.65 178.6 178.7 -0.00180710953
178.75 178.7 178.8 -0.0007892883636
178.85 178.8 178.9 -0.00104125693
178.95 178.9 179 -0.001029151519
179.05 179 179.1 -0.001609264529
179.15 179.1 179.2 -0.001156398221
179.25 179.2 179.3 -0.001169090397
179.35 179.3 179.4 -0.0003121701984
179.45 179.4 179.5 -0.001128685491
179.55 179.5 179.6 -0.0008904554167
179.65 179.6 179.7 -0.001507342375
179.75 179.7 179.8 0.0004417796042
179.85 179.8 179.9 -0.001039272845
179.95 179.9 180 0.0004371593424
180.05 180 180.1 -0.00204322144
180.15 180.1 180.2 -0.001763625313
180.25 180.2 180.3 -0.00028015246
180.35 180.3 180.4 -0.0008479460145
180.45 180.4 180.5 -0.001798629463
180.55 180.5 180.6 -0.001683303122
180.65 180.6 180.7 -0.0008476317456
180.75 180.7 180.8 2.613407351e-05
180.85 180.8 180.9 -0.001585202626
180.95 180.9 181 -0.0002767574653
181.05 181 181.1 -0.001551795148
181.15 181.1 181.2 -0.0001077678695
181.25 181.2 181.3 -0.00150669576
181.35 181.3 181.4 0.0004618351574
181.45 181.4 181.5 -0.002990918083
181.55 181.5 181.6 -0.0004821185408
181.65 181.6 181.7 -0.001549856692
181.75 181.7 181.8 0.0007231993527
181.85 181.8 181.9 -0.000733560847
181.95 181.9 182 0.0002664102839
182.05 182 182.1 -0.0007481699856
182.15 182.1 182.2 -0.00202659185
182.25 182.2 182.3 -0.0009297962169
182.35 182.3 182.4 0.0008050578095
182.45 182.4 182.5 -0.001640238644
182.55 182.5 182.6 -0.001825155828
182.65 182.6 182.7 -0.0009749769035
182.75 182.7 182.8 -0.0009643764454
182.85 182.8 182.9 -0.000227110342
182.95 182.9 183 0.0005449873893
183.05 183 183.1 -0.0003300291526
183.15 183.1 183.2 -0.001457642512
183.25 183.2 183.3 -0.0007130763892
183.35 183.3 183.4 -3.702459758e-05
183.45 183.4 183.5 -0.001660316274
183.55 183.5 183.6 -0.0001031134698
183.65 183.6 183.7 -0.001098417924
183.75 183.7 183.8 -0.0007827990408
183.85 183.8 183.9 -0.001138780222
183.95 183.9 184 -0.001042051083
184.05 184 184.1 -0.00191664161
184.15 184.1 184.2 2.409157449e-05
184.25 184.2 184.3 -0.0007286924597
184.35 184.3 184.4 -0.0008565274649
184.45 184.4 184.5 -0.00158835347
184.55 184.5 184.6 -0.0003142769553
184.65 184.6 184.7 -0.0007248795602
184.75 184.7 184.8 -0.0005302828789
184.85 184.8 184.9 0.0006615690237
184.95 184.9 185 -0.001287305278
185.05 185 185.1 -6.211276584e-05
185.15 185.1 185.2 0.000893316196
185.25 185.2 185.3 2.826495035e-05
185.35 185.3 185.4 -0.0005453369221
185.45 185.4 185.5 -0.0008284892656
185.55 185.5 185.6 -0.001892247804
185.65 185.6 185.7 -0.0001282777953
185.75 185.7 185.8 -0.001518888657
185.85 185.8 185.9 -0.00114314685
185.95 185.9 186 -0.001676460134
186.05 186 186.1 -0.001165896252
186.15 186.1 186.2 -0.001511729089
186.25 186.2 186.3 -0.001106928474
186.35 186.3 186.4 -0.001635722478
186.45 186.4 186.5 -0.001734132467
186.55 186.5 186.6 -0.001552329074
186.65 186.6 186.7 -0.001597447783
186.75 186.7 186.8 -0.000898600799
186.85 186.8 186.9 -0.001701316854
186.95 186.9 187 0.0008615677031
187.05 187 187.1 -0.00124195456
187.15 187.1 187.2 -0.0008077577393
187.25 187.2 187.3 -0.001931338795
187.35 187.3 187.4 -0.0009583977064
187.45 187.4 187.5 0.000319276923
187.55 187.5 187.6 -0.001901372894
187.65 187.6 187.7 -0.001558661665
187.75 187.7 187.8 -0.000798566603
187.85 187.8 187.9 -0.0007737128543
187.95 187.9 188 -0.001535930665
188.05 188 188.1 -0.000761844885
188.15 188.1 188.2 -0.002319840243
188.25 188.2 188.3 0.0001191031025
188.35 188.3 188.4 -0.0006121541533
188.45 188.4 188.5 -0.0005870364174
188.55 188.5 188.6 -0.002216044268
188.65 188.6 188.7 -0.00164544143
188.75 188.7 188.8 -0.00202024062
188.85 188.8 188.9 -0.000393266462
188.95 188.9 189 0.000208980707
189.05 189 189.1 -0.003203970369
189.15 189.1 189.2 -0.001010857541
189.25 189.2 189.3 -0.001143456267
189.35 189.3 189.4 -0.002105055613
189.45 189.4 189.5 -0.0007610808248
189.55 189.5 189.6 0.000158380161
189.65 189.6 189.7 -0.001814155824
189.75 189.7 189.8 -0.001007090051
189.85 189.8 189.9 -0.0001857633078
189.95 189.9 190 -0.001857826121
190.05 190 190.1 -0.001557919782
190.15 190.1 190.2 -1.864901697e-05
190.25 190.2 190.3 -0.0007899884789
190.35 190.3 190.4 -0.0007980562986
190.45 190.4 190.5 -0.001228539627
190.55 190.5 190.6 -0.001067838608
190.65 190.6 190.7 0.0006149692904
190.75 190.7 190.8 -0.001385680885
190.85 190.8 190.9 -0.0009837747558
190.95 190.9 191 -0.0005528740002
191.05 191 191.1 -0.0004363150351
191.15 191.1 191.2 -0.001163793794
191.25 191.2 191.3 0.0001458465023
191.35 191.3 191.4 -0.0002018825445
191.45 191.4 191.5 -5.800459189e-05
191.55 191.5 191.6 -0.0003126972511
191.65 191.6 191.7 -0.0009296657953
191.75 191.7 191.8 -0.0003509440151
191.85 191.8 191.9 -0.000641699742
191.95 191.9 192 -0.0006906551149
192.05 192 192.1 -0.0001753696905
192.15 192.1 192.2 -0.0001624399422
192.25 192.2 192.3 -0.001260975697
192.35 192.3 192.4 -0.0008200624231
192.45 192.4 192.5 -0.0006625210688
192.55 192.5 192.6 -0.003216781465
192.65 192.6 192.7 -0.00143798319
192.75 192.7 192.8 -0.001945677083
192.85 192.8 192.9 -0.001373376924
192.95 192.9 193 -0.001768123713
193.05 193 193.1 -0.001948875419
193.15 193.1 193.2 -0.002126486405
193.25 193.2 193.3 0.0008148666234
193.35 193.3 193.4 -0.001031848658
193.45 193.4 193.5 -0.001422669948
193.55 193.5 193.6 -0.001323279714
193.65 193.6 193.7 -0.0004002542315
193.75 193.7 193.8 -0.001255140454
193.85 193.8 193.9 -0.0008127133756
193.95 193.9 194 -0.000926653993
194.05 194 194.1 -0.001559234201
194.15 194.1 194.2 -0.002550186035
194.25 194.2 194.3 -0.001515323736
194.35 194.3 194.4 -0.002345505089
194.45 194.4 194.5 -0.002072354949
194.55 194.5 194.6 -0.002475078847
194.65 194.6 194.7 -0.0008483151824
194.75 194.7 194.8 -0.0008979401653
194.85 194.8 194.9 -0.001456010298
194.95 194.9 195 -0.0006470428559
195.05 195 195.1 -0.0006709358668
195.15 195.1 195.2 -0.002462011689
195.25 195.2 195.3 -0.0001067364317
195.35 195.3 195.4 -0.0007423574758
195.45 195.4 195.5 -0.0005657879835
195.55 195.5 195.6 -0.00188396251
195.65 195.6 195.7 -0.001815032362
195.75 195.7 195.8 -0.002225962431
195.85 195.8 195.9 -0.00246146876
195.95 195.9 196 -0.002799544584
196.05 196 196.1 -0.0003431895139
196.15 196.1 196.2 -0.0002529051687
196.25 196.2 196.3 -0.001197219656
196.35 196.3 196.4 -0.0008086170948
196.45 196.4 196.5 -0.0004685338012
196.55 196.5 196.6 -0.001481045682
196.65 196.6 196.7 -0.001799161363
196.75 196.7 196.8 -0.002160249165
196.85 196.8 196.9 -0.001620139417
196.95 196.9 197 -0.0006829749136
197.05 197 197.1 -0.001116542261
197.15 197.1 197.2 -0.0007029433832
197.25 197.2 197.3 -0.001649905742
197.35 197.3 197.4 -0.001492456581
197.45 197.4 197.5 -0.0006247968626
197.55 197.5 197.6 -0.0006607536648
197.65 197.6 197.7 -0.001596238861
197.75 197.7 197.8 -0.0018413241
197.85 197.8 197.9 -0.0009408003548
197.95 197.9 198 -0.0006489046748
198.05 198 198.1 -0.0002065860982
198.15 198.1 198.2 -0.0001288774697
198.25 198.2 198.3 -0.001514837424
198.35 198.3 198.4 -0.002231900661
198.45 198.4 198.5 -0.001563542701
198.55 198.5 198.6 -0.0007935562242
198.65 198.6 198.7 -0.0001130413456
198.75 198.7 198.8 -0.002794203469
198.85 198.8 198.9 -0.001142792513
198.95 198.9 199 -0.00212051392
199.05 199 199.1 -0.001247971215
199.15 199.1 199.2 0.0001004691932
199.25 199.2 199.3 -0.00110029803
199.35 199.3 199.4 4.092162943e-05
199.45 199.4 199.5 -0.001345526968
199.55 199.5 199.6 -0.001280475528
199.65 199.6 199.7 -0.001016916609
199.75 199.7 199.8 -0.001301568593
199.85 199.8 199.9 -0.000747899936
199.95 199.9 200 -0.0002167418528
