# Columns: s_cen(1) s_min(2) s_max(3) xi_iso(4)
0.05 0 0.1 97.33368781
0.15 0.1 0.2 20.97870579
0.25 0.2 0.3 15.47271407
0.35 0.3 0.4 19.22513267
0.45 0.4 0.5 19.10081594
0.55 0.5 0.6 22.56803583
0.65 0.6 0.7 21.80910126
0.75 0.7 0.8 20.01190074
0.85 0.8 0.9 19.70240466
0.95 0.9 1 20.07691724
1.05 1 1.1 20.44423047
1.15 1.1 1.2 18.37597461
1.25 1.2 1.3 18.35018733
1.35 1.3 1.4 16.86242064
1.45 1.4 1.5 15.99026333
1.55 1.5 1.6 14.81947713
1.65 1.6 1.7 14.32327954
1.75 1.7 1.8 14.37561783
1.85 1.8 1.9 13.15129722
1.95 1.9 2 12.07345335
2.05 2 2.1 11.65423832
2.15 2.1 2.2 10.58652734
2.25 2.2 2.3 10.40904106
2.35 2.3 2.4 9.862969135
2.45 2.4 2.5 8.674114759
2.55 2.5 2.6 8.438427538
2.65 2.6 2.7 7.925306245
2.75 2.7 2.8 7.345775616
2.85 2.8 2.9 7.257115896
2.95 2.9 3 6.979785343
3.05 3 3.1 6.577696401
3.15 3.1 3.2 6.338857722
3.25 3.2 3.3 5.827928062
3.35 3.3 3.4 5.665642854
3.45 3.4 3.5 5.528034885
3.55 3.5 3.6 5.265882664
3.65 3.6 3.7 5.186030914
3.75 3.7 3.8 5.009055173
3.85 3.8 3.9 4.653535865
3.95 3.9 4 4.795997135
4.05 4 4.1 4.403463929
4.15 4.1 4.2 4.097996348
4.25 4.2 4.3 4.140685294
4.35 4.3 4.4 4.020542024
4.45 4.4 4.5 3.886292331
4.55 4.5 4.6 3.69682876
4.65 4.6 4.7 3.852239597
4.75 4.7 4.8 3.588569252
4.85 4.8 4.9 3.458652086
4.95 4.9 5 3.401370815
5.05 5 5.1 3.240958115
5.15 5.1 5.2 3.094000757
5.25 5.2 5.3 3.10398986
5.35 5.3 5.4 3.108739865
5.45 5.4 5.5 2.997393247
5.55 5.5 5.6 2.979346179
5.65 5.6 5.7 2.81547109
5.75 5.7 5.8 2.729289317
5.85 5.8 5.9 2.622008684
5.95 5.9 6 2.463071476
6.05 6 6.1 2.468863559
6.15 6.1 6.2 2.448712712
6.25 6.2 6.3 2.43632834
6.35 6.3 6.4 2.288335129
6.45 6.4 6.5 2.1763282
6.55 6.5 6.6 2.262984014
6.65 6.6 6.7 2.212145684
6.75 6.7 6.8 2.124108001
6.85 6.8 6.9 2.02708543
6.95 6.9 7 2.026690457
7.05 7 7.1 1.8406996
7.15 7.1 7.2 1.976047453
7.25 7.2 7.3 1.923560211
7.35 7.3 7.4 1.816230601
7.45 7.4 7.5 1.746470083
7.55 7.5 7.6 1.841970695
7.65 7.6 7.7 1.720336521
7.75 7.7 7.8 1.727953479
7.85 7.8 7.9 1.664140062
7.95 7.9 8 1.561977792
8.05 8 8.1 1.545381032
8.15 8.1 8.2 1.520869051
8.25 8.2 8.3 1.518602359
8.35 8.3 8.4 1.447434266
8.45 8.4 8.5 1.4614642
8.55 8.5 8.6 1.446557761
8.65 8.6 8.7 1.438085106
8.75 8.7 8.8 1.335187023
8.85 8.8 8.9 1.348053281
8.95 8.9 9 1.368561653
9.05 9 9.1 1.276025547
9.15 9.1 9.2 1.296676064
9.25 9.2 9.3 1.255681936
9.35 9.3 9.4 1.209374693
9.45 9.4 9.5 1.147479031
9.55 9.5 9.6 1.185401765
9.65 9.6 9.7 1.130484875
9.75 9.7 9.8 1.130807706
9.85 9.8 9.9 1.07037757
9.95 9.9 10 1.058747943
10.05 10 10.1 1.085253884
10.15 10.1 10.2 1.069450504
10.25 10.2 10.3 1.027176918
10.35 10.3 10.4 1.04119931
10.45 10.4 10.5 1.033990176
10.55 10.5 10.6 0.9752289284
10.65 10.6 10.7 0.9264719375
10.75 10.7 10.8 0.9908626598
10.85 10.8 10.9 0.9588759323
10.95 10.9 11 0.9331882547
11.05 11 11.1 0.9045461955
11.15 11.1 11.2 0.8824118233
11.25 11.2 11.3 0.8828855655
11.35 11.3 11.4 0.8698454843
11.45 11.4 11.5 0.8478289464
11.55 11.5 11.6 0.8364106575
11.65 11.6 11.7 0.7975742662
11.75 11.7 11.8 0.7740951984
11.85 11.8 11.9 0.7853218105
11.95 11.9 12 0.7751563674
12.05 12 12.1 0.7735587227
12.15 12.1 12.2 0.7848191692
12.25 12.2 12.3 0.7554119549
12.35 12.3 12.4 0.7295647164
12.45 12.4 12.5 0.7465839457
12.55 12.5 12.6 0.7237932121
12.65 12.6 12.7 0.7211022723
12.75 12.7 12.8 0.6947922712
12.85 12.8 12.9 0.6652193035
12.95 12.9 13 0.6777272841
13.05 13 13.1 0.6721436014
13.15 13.1 13.2 0.6247524224
13.25 13.2 13.3 0.6397017035
13.35 13.3 13.4 0.6355752038
13.45 13.4 13.5 0.617538796
13.55 13.5 13.6 0.6372620373
13.65 13.6 13.7 0.6098209378
13.75 13.7 13.8 0.5965656576
13.85 13.8 13.9 0.5841118605
13.95 13.9 14 0.614976042
14.05 14 14.1 0.5478984878
14.15 14.1 14.2 0.5740501554
14.25 14.2 14.3 0.5882699165
14.35 14.3 14.4 0.5330691153
14.45 14.4 14.5 0.5406334347
14.55 14.5 14.6 0.5896114291
14.65 14.6 14.7 0.5384327684
14.75 14.7 14.8 0.5317896004
14.85 14.8 14.9 0.5502816198
14.95 14.9 15 0.4955695367
15.05 15 15.1 0.4700452211
15.15 15.1 15.2 0.4837046917
15.25 15.2 15.3 0.5071063904
15.35 15.3 15.4 0.5129927853
15.45 15.4 15.5 0.4561324965
15.55 15.5 15.6 0.4700247356
15.65 15.6 15.7 0.4736512471
15.75 15.7 15.8 0.4617190789
15.85 15.8 15.9 0.452424225
15.95 15.9 16 0.4433250885
16.05 16 16.1 0.4533431875
16.15 16.1 16.2 0.4631584864
16.25 16.2 16.3 0.4516728718
16.35 16.3 16.4 0.4395304593
16.45 16.4 16.5 0.4447449118
16.55 16.5 16.6 0.429811479
16.65 16.6 16.7 0.4204991422
16.75 16.7 16.8 0.4112262529
16.85 16.8 16.9 0.403143902
16.95 16.9 17 0.4145852217
17.05 17 17.1 0.390999937
17.15 17.1 17.2 0.3862719964
17.25 17.2 17.3 0.3757067681
17.35 17.3 17.4 0.3831666867
17.45 17.4 17.5 0.3987455516
17.55 17.5 17.6 0.3650626636
17.65 17.6 17.7 0.3716276753
17.75 17.7 17.8 0.3876032071
17.85 17.8 17.9 0.3519104301
17.95 17.9 18 0.3641311362
18.05 18 18.1 0.3491568324
18.15 18.1 18.2 0.3507835004
18.25 18.2 18.3 0.3246824002
18.35 18.3 18.4 0.332377362
18.45 18.4 18.5 0.3366913384
18.55 18.5 18.6 0.3640997785
18.65 18.6 18.7 0.3453654572
18.75 18.7 18.8 0.3243930498
18.85 18.8 18.9 0.3355203453
18.95 18.9 19 0.3105776642
19.05 19 19.1 0.3160726977
19.15 19.1 19.2 0.3111709159
19.25 19.2 19.3 0.2928864121
19.35 19.3 19.4 0.2958658944
19.45 19.4 19.5 0.3042694951
19.55 19.5 19.6 0.2737537537
19.65 19.6 19.7 0.2869059624
19.75 19.7 19.8 0.258554469
19.85 19.8 19.9 0.2865525064
19.95 19.9 20 0.2904335564
20.05 20 20.1 0.2749372358
20.15 20.1 20.2 0.2906482178
20.25 20.2 20.3 0.2616225751
20.35 20.3 20.4 0.276197614
20.45 20.4 20.5 0.2618936731
20.55 20.5 20.6 0.2763564822
20.65 20.6 20.7 0.2509183804
20.75 20.7 20.8 0.2562549199
20.85 20.8 20.9 0.2773391977
20.95 20.9 21 0.2642665041
21.05 21 21.1 0.2413329039
21.15 21.1 21.2 0.2395286869
21.25 21.2 21.3 0.2751918045
21.35 21.3 21.4 0.2528090356
21.45 21.4 21.5 0.2416817261
21.55 21.5 21.6 0.2443115804
21.65 21.6 21.7 0.2294944605
21.75 21.7 21.8 0.2427898791
21.85 21.8 21.9 0.2417677375
21.95 21.9 22 0.2277728358
22.05 22 22.1 0.2249928454
22.15 22.1 22.2 0.2196447124
22.25 22.2 22.3 0.2319324463
22.35 22.3 22.4 0.2158910661
22.45 22.4 22.5 0.2257679103
22.55 22.5 22.6 0.2402223977
22.65 22.6 22.7 0.2056620539
22.75 22.7 22.8 0.201685341
22.85 22.8 22.9 0.2110522982
22.95 22.9 23 0.1864446471
23.05 23 23.1 0.2050086067
23.15 23.1 23.2 0.2127799038
23.25 23.2 23.3 0.1995406915
23.35 23.3 23.4 0.1917187215
23.45 23.4 23.5 0.2054539857
23.55 23.5 23.6 0.2020085142
23.65 23.6 23.7 0.184965009
23.75 23.7 23.8 0.1879186426
23.85 23.8 23.9 0.189240577
23.95 23.9 24 0.1929082816
24.05 24 24.1 0.185409215
24.15 24.1 24.2 0.1927730856
24.25 24.2 24.3 0.1864111105
24.35 24.3 24.4 0.2046066263
24.45 24.4 24.5 0.1647009147
24.55 24.5 24.6 0.1819528978
24.65 24.6 24.7 0.1841755321
24.75 24.7 24.8 0.1745618997
24.85 24.8 24.9 0.1766264697
24.95 24.9 25 0.1669339905
25.05 25 25.1 0.1549960443
25.15 25.1 25.2 0.1776634317
25.25 25.2 25.3 0.1585576903
25.35 25.3 25.4 0.1637925557
25.45 25.4 25.5 0.1861493116
25.55 25.5 25.6 0.1545393382
25.65 25.6 25.7 0.1539498289
25.75 25.7 25.8 0.1552814732
25.85 25.8 25.9 0.1574372387
25.95 25.9 26 0.1641593386
26.05 26 26.1 0.1475360195
26.15 26.1 26.2 0.1526838799
26.25 26.2 26.3 0.1429800245
26.35 26.3 26.4 0.1503940816
26.45 26.4 26.5 0.1532602063
26.55 26.5 26.6 0.1353024743
26.65 26.6 26.7 0.1472915211
26.75 26.7 26.8 0.1428681236
26.85 26.8 26.9 0.1558970549
26.95 26.9 27 0.1381765352
27.05 27 27.1 0.1444029154
27.15 27.1 27.2 0.1328710407
27.25 27.2 27.3 0.1484795667
27.35 27.3 27.4 0.1382446293
27.45 27.4 27.5 0.1336705124
27.55 27.5 27.6 0.1359101656
27.65 27.6 27.7 0.1315208163
27.75 27.7 27.8 0.1252716973
27.85 27.8 27.9 0.1305897549
27.95 27.9 28 0.1353748466
28.05 28 28.1 0.1206429649
28.15 28.1 28.2 0.1376595947
28.25 28.2 28.3 0.1275005647
28.35 28.3 28.4 0.1416802245
28.45 28.4 28.5 0.1260252206
28.55 28.5 28.6 0.1245623262
28.65 28.6 28.7 0.122910643
28.75 28.7 28.8 0.1088328565
28.85 28.8 28.9 0.1330142144
28.95 28.9 29 0.1167875024
29.05 29 29.1 0.1176663828
29.15 29.1 29.2 0.1108090646
29.25 29.2 29.3 0.1208342074
29.35 29.3 29.4 0.1188906734
29.45 29.4 29.5 0.1103574115
29.55 29.5 29.6 0.1091710574
29.65 29.6 29.7 0.119825889
29.75 29.7 29.8 0.1087084058
29.85 29.8 29.9 0.1108008617
29.95 29.9 30 0.1126641666
30.05 30 30.1 0.1074081141
30.15 30.1 30.2 0.1187859341
30.25 30.2 30.3 0.104513927
30.35 30.3 30.4 0.1069604681
30.45 30.4 30.5 0.1070638791
30.55 30.5 30.6 0.1044442353
30.65 30.6 30.7 0.1014102556
30.75 30.7 30.8 0.1158974819
30.85 30.8 30.9 0.1084887199
30.95 30.9 31 0.1083808265
31.05 31 31.1 0.09855598805
31.15 31.1 31.2 0.1095889591
31.25 31.2 31.3 0.1020219162
31.35 31.3 31.4 0.09372372005
31.45 31.4 31.5 0.0959011592
31.55 31.5 31.6 0.08086573715
31.65 31.6 31.7 0.09722925263
31.75 31.7 31.8 0.09114461495
31.85 31.8 31.9 0.1015110557
31.95 31.9 32 0.0921322381
32.05 32 32.1 0.09920882345
32.15 32.1 32.2 0.09202825612
32.25 32.2 32.3 0.09938001921
32.35 32.3 32.4 0.08476074424
32.45 32.4 32.5 0.0869409069
32.55 32.5 32.6 0.07360060338
32.65 32.6 32.7 0.08086673182
32.75 32.7 32.8 0.09576402492
32.85 32.8 32.9 0.09242623571
32.95 32.9 33 0.08909557705
33.05 33 33.1 0.08821892305
33.15 33.1 33.2 0.09707472399
33.25 33.2 33.3 0.08501257199
33.35 33.3 33.4 0.07992257497
33.45 33.4 33.5 0.0815462795
33.55 33.5 33.6 0.07578462526
33.65 33.6 33.7 0.0831818187
33.75 33.7 33.8 0.07720101495
33.85 33.8 33.9 0.08866725373
33.95 33.9 34 0.08427445069
34.05 34 34.1 0.0825061642
34.15 34.1 34.2 0.06896466645
34.25 34.2 34.3 0.07874817685
34.35 34.3 34.4 0.0672110381
34.45 34.4 34.5 0.0811615951
34.55 34.5 34.6 0.07529825754
34.65 34.6 34.7 0.0712238875
34.75 34.7 34.8 0.07533009355
34.85 34.8 34.9 0.07707354962
34.95 34.9 35 0.0768540566
35.05 35 35.1 0.08332355175
35.15 35.1 35.2 0.0725147748
35.25 35.2 35.3 0.06385809198
35.35 35.3 35.4 0.07809324834
35.45 35.4 35.5 0.0726221377
35.55 35.5 35.6 0.07190255543
35.65 35.6 35.7 0.06602513041
35.75 35.7 35.8 0.07158548242
35.85 35.8 35.9 0.07821078824
35.95 35.9 36 0.06419012019
36.05 36 36.1 0.06218235998
36.15 36.1 36.2 0.07037846591
36.25 36.2 36.3 0.06463479631
36.35 36.3 36.4 0.0604113267
36.45 36.4 36.5 0.07066697929
36.55 36.5 36.6 0.06972962998
36.65 36.6 36.7 0.06143804106
36.75 36.7 36.8 0.0767085399
36.85 36.8 36.9 0.06902981538
36.95 36.9 37 0.06599979455
37.05 37 37.1 0.05728446412
37.15 37.1 37.2 0.06416120984
37.25 37.2 37.3 0.06057798328
37.35 37.3 37.4 0.06307058089
37.45 37.4 37.5 0.06884474241
37.55 37.5 37.6 0.05910162334
37.65 37.6 37.7 0.05516806469
37.75 37.7 37.8 0.0676668157
37.85 37.8 37.9 0.06544515039
37.95 37.9 38 0.0463618426
38.05 38 38.1 0.04997282992
38.15 38.1 38.2 0.05757406573
38.25 38.2 38.3 0.06305256558
38.35 38.3 38.4 0.05911320614
38.45 38.4 38.5 0.06068763195
38.55 38.5 38.6 0.04460418479
38.65 38.6 38.7 0.04782487354
38.75 38.7 38.8 0.04855397997
38.85 38.8 38.9 0.05506058079
38.95 38.9 39 0.05704744989
39.05 39 39.1 0.05377130263
39.15 39.1 39.2 0.05918364957
39.25 39.2 39.3 0.05911471078
39.35 39.3 39.4 0.05580057696
39.45 39.4 39.5 0.04623380604
39.55 39.5 39.6 0.05818815142
39.65 39.6 39.7 0.05168271472
39.75 39.7 39.8 0.04363976845
39.85 39.8 39.9 0.05870584793
39.95 39.9 40 0.046475802
40.05 40 40.1 0.05101797671
40.15 40.1 40.2 0.04792513078
40.25 40.2 40.3 0.04246398006
40.35 40.3 40.4 0.047367062
40.45 40.4 40.5 0.04294266571
40.55 40.5 40.6 0.05224022723
40.65 40.6 40.7 0.04501124592
40.75 40.7 40.8 0.05507898356
40.85 40.8 40.9 0.05231171667
40.95 40.9 41 0.04396400203
41.05 41 41.1 0.0417520933
41.15 41.1 41.2 0.04296429976
41.25 41.2 41.3 0.04716440333
41.35 41.3 41.4 0.04710897986
41.45 41.4 41.5 0.03846415973
41.55 41.5 41.6 0.04061456887
41.65 41.6 41.7 0.04886571931
41.75 41.7 41.8 0.04611990119
41.85 41.8 41.9 0.0461137079
41.95 41.9 42 0.0419207435
42.05 42 42.1 0.0413547345
42.15 42.1 42.2 0.04210287784
42.25 42.2 42.3 0.04370152445
42.35 42.3 42.4 0.05191973664
42.45 42.4 42.5 0.03107144442
42.55 42.5 42.6 0.04447437671
42.65 42.6 42.7 0.04483660314
42.75 42.7 42.8 0.04419037001
42.85 42.8 42.9 0.03931704729
42.95 42.9 43 0.03970501586
43.05 43 43.1 0.04829233636
43.15 43.1 43.2 0.03690260761
43.25 43.2 43.3 0.04241165738
43.35 43.3 43.4 0.03554773456
43.45 43.4 43.5 0.03551997967
43.55 43.5 43.6 0.04522126036
43.65 43.6 43.7 0.03051802074
43.75 43.7 43.8 0.04034465729
43.85 43.8 43.9 0.03442618936
43.95 43.9 44 0.03726908723
44.05 44 44.1 0.03849248889
44.15 44.1 44.2 0.03828534929
44.25 44.2 44.3 0.03918233884
44.35 44.3 44.4 0.03726394717
44.45 44.4 44.5 0.03548519181
44.55 44.5 44.6 0.03603521588
44.65 44.6 44.7 0.03539217446
44.75 44.7 44.8 0.03535444804
44.85 44.8 44.9 0.04140610174
44.95 44.9 45 0.03607330168
45.05 45 45.1 0.03651594294
45.15 45.1 45.2 0.03113727643
45.25 45.2 45.3 0.03273044879
45.35 45.3 45.4 0.03691751807
45.45 45.4 45.5 0.03125723501
45.55 45.5 45.6 0.0399925844
45.65 45.6 45.7 0.02640682204
45.75 45.7 45.8 0.03230500663
45.85 45.8 45.9 0.03896010396
45.95 45.9 46 0.03083965379
46.05 46 46.1 0.0273648523
46.15 46.1 46.2 0.0305225277
46.25 46.2 46.3 0.03107822497
46.35 46.3 46.4 0.03773547233
46.45 46.4 46.5 0.03228478375
46.55 46.5 46.6 0.03234463603
46.65 46.6 46.7 0.04182427107
46.75 46.7 46.8 0.033868007
46.85 46.8 46.9 0.03432263893
46.95 46.9 47 0.03255089896
47.05 47 47.1 0.03337468296
47.15 47.1 47.2 0.02579415906
47.25 47.2 47.3 0.03539609548
47.35 47.3 47.4 0.03536202017
47.45 47.4 47.5 0.03019360267
47.55 47.5 47.6 0.02723260698
47.65 47.6 47.7 0.03184736235
47.75 47.7 47.8 0.04296189884
47.85 47.8 47.9 0.03109519215
47.95 47.9 48 0.03739470538
48.05 48 48.1 0.02948717465
48.15 48.1 48.2 0.0298642717
48.25 48.2 48.3 0.02872091367
48.35 48.3 48.4 0.02869168142
48.45 48.4 48.5 0.02499510579
48.55 48.5 48.6 0.02572766074
48.65 48.6 48.7 0.03252734668
48.75 48.7 48.8 0.03212802922
48.85 48.8 48.9 0.02561158445
48.95 48.9 49 0.02319222097
49.05 49 49.1 0.03025698804
49.15 49.1 49.2 0.03713293428
49.25 49.2 49.3 0.02762605403
49.35 49.3 49.4 0.02399144013
49.45 49.4 49.5 0.03013567933
49.55 49.5 49.6 0.03050032325
49.65 49.6 49.7 0.03004555301
49.75 49.7 49.8 0.02353986358
49.85 49.8 49.9 0.02568298174
49.95 49.9 50 0.02526343797
50.05 50 50.1 0.02637938218
50.15 50.1 50.2 0.02980186771
50.25 50.2 50.3 0.02232748634
50.35 50.3 50.4 0.02844636258
50.45 50.4 50.5 0.02225472749
50.55 50.5 50.6 0.01900763315
50.65 50.6 50.7 0.03066400495
50.75 50.7 50.8 0.02067244628
50.85 50.8 50.9 0.02695715348
50.95 50.9 51 0.03046593847
51.05 51 51.1 0.02585578065
51.15 51.1 51.2 0.01791455626
51.25 51.2 51.3 0.02622790474
51.35 51.3 51.4 0.02809322209
51.45 51.4 51.5 0.02721843263
51.55 51.5 51.6 0.02707889361
51.65 51.6 51.7 0.02990063681
51.75 51.7 51.8 0.01948217683
51.85 51.8 51.9 0.01808452566
51.95 51.9 52 0.02421626917
52.05 52 52.1 0.02688835525
52.15 52.1 52.2 0.02170766196
52.25 52.2 52.3 0.02202774757
52.35 52.3 52.4 0.02357170784
52.45 52.4 52.5 0.03086345028
52.55 52.5 52.6 0.02702880322
52.65 52.6 52.7 0.0220080308
52.75 52.7 52.8 0.02186032699
52.85 52.8 52.9 0.02128240981
52.95 52.9 53 0.01801621139
53.05 53 53.1 0.02149451241
53.15 53.1 53.2 0.02190652009
53.25 53.2 53.3 0.01972045971
53.35 53.3 53.4 0.01832108989
53.45 53.4 53.5 0.02157147768
53.55 53.5 53.6 0.01950498403
53.65 53.6 53.7 0.02015691457
53.75 53.7 53.8 0.02380799151
53.85 53.8 53.9 0.01867623475
53.95 53.9 54 0.02540917176
54.05 54 54.1 0.02309517714
54.15 54.1 54.2 0.02073455852
54.25 54.2 54.3 0.02004090305
54.35 54.3 54.4 0.01181241742
54.45 54.4 54.5 0.01807177413
54.55 54.5 54.6 0.02066612641
54.65 54.6 54.7 0.02604907247
54.75 54.7 54.8 0.02007742528
54.85 54.8 54.9 0.01674873341
54.95 54.9 55 0.01876956125
55.05 55 55.1 0.01455505049
55.15 55.1 55.2 0.01878043074
55.25 55.2 55.3 0.01808525612
55.35 55.3 55.4 0.01765722632
55.45 55.4 55.5 0.01707672519
55.55 55.5 55.6 0.02362317814
55.65 55.6 55.7 0.02249279395
55.75 55.7 55.8 0.01469977227
55.85 55.8 55.9 0.0218738845
55.95 55.9 56 0.01534934153
56.05 56 56.1 0.01987961822
56.15 56.1 56.2 0.02603984699
56.25 56.2 56.3 0.01801150401
56.35 56.3 56.4 0.02496465553
56.45 56.4 56.5 0.01863035503
56.55 56.5 56.6 0.0124031251
56.65 56.6 56.7 0.01845428276
56.75 56.7 56.8 0.02127295185
56.85 56.8 56.9 0.01552432679
56.95 56.9 57 0.01823639734
57.05 57 57.1 0.01788281669
57.15 57.1 57.2 0.02340517344
57.25 57.2 57.3 0.0201449511
57.35 57.3 57.4 0.01706439318
57.45 57.4 57.5 0.00807238739
57.55 57.5 57.6 0.0228185705
57.65 57.6 57.7 0.01795196755
57.75 57.7 57.8 0.01111139728
57.85 57.8 57.9 0.02101700196
57.95 57.9 58 0.0117696207
58.05 58 58.1 0.01613321368
58.15 58.1 58.2 0.009599524312
58.25 58.2 58.3 0.01602402629
58.35 58.3 58.4 0.0132789983
58.45 58.4 58.5 0.01197712676
58.55 58.5 58.6 0.01015189753
58.65 58.6 58.7 0.02240607988
58.75 58.7 58.8 0.01812061881
58.85 58.8 58.9 0.01826060564
58.95 58.9 59 0.01120695149
59.05 59 59.1 0.01030483843
59.15 59.1 59.2 0.01272119925
59.25 59.2 59.3 0.01326698549
59.35 59.3 59.4 0.01814238128
59.45 59.4 59.5 0.02047713315
59.55 59.5 59.6 0.0176605688
59.65 59.6 59.7 0.01254044026
59.75 59.7 59.8 0.01804055149
59.85 59.8 59.9 0.01267465686
59.95 59.9 60 0.02474067124
60.05 60 60.1 0.01152392171
60.15 60.1 60.2 0.01467257752
60.25 60.2 60.3 0.01342365891
60.35 60.3 60.4 0.01090335998
60.45 60.4 60.5 0.01464582187
60.55 60.5 60.6 0.02183696202
60.65 60.6 60.7 0.01968658553
60.75 60.7 60.8 0.01415050908
60.85 60.8 60.9 0.01874518897
60.95 60.9 61 0.01232891086
61.05 61 61.1 0.01150510496
61.15 61.1 61.2 0.01645062111
61.25 61.2 61.3 0.01839890961
61.35 61.3 61.4 0.01311568823
61.45 61.4 61.5 0.01910637763
61.55 61.5 61.6 0.01190937421
61.65 61.6 61.7 0.01501321916
61.75 61.7 61.8 0.007820305876
61.85 61.8 61.9 0.0121882189
61.95 61.9 62 0.01273411037
62.05 62 62.1 0.006439911785
62.15 62.1 62.2 0.01243245403
62.25 62.2 62.3 0.01401937043
62.35 62.3 62.4 0.01550022183
62.45 62.4 62.5 0.01460363371
62.55 62.5 62.6 0.01426265314
62.65 62.6 62.7 0.007832741007
62.75 62.7 62.8 0.007383833965
62.85 62.8 62.9 0.01503415739
62.95 62.9 63 0.01239320111
63.05 63 63.1 0.009882895663
63.15 63.1 63.2 0.01765739816
63.25 63.2 63.3 0.01460176604
63.35 63.3 63.4 0.006058856805
63.45 63.4 63.5 0.000582058226
63.55 63.5 63.6 0.01402085974
63.65 63.6 63.7 0.0101875447
63.75 63.7 63.8 0.01309105006
63.85 63.8 63.9 0.01096205076
63.95 63.9 64 0.007848325711
64.05 64 64.1 0.008525764848
64.15 64.1 64.2 0.0189936055
64.25 64.2 64.3 0.009458945168
64.35 64.3 64.4 0.01005865765
64.45 64.4 64.5 0.01040205725
64.55 64.5 64.6 0.01037445623
64.65 64.6 64.7 0.009464505811
64.75 64.7 64.8 0.008838195675
64.85 64.8 64.9 0.009851291156
64.95 64.9 65 0.008098354458
65.05 65 65.1 0.009702719566
65.15 65.1 65.2 0.01174897489
65.25 65.2 65.3 0.01379150375
65.35 65.3 65.4 0.01544954739
65.45 65.4 65.5 0.01391317722
65.55 65.5 65.6 0.01648005748
65.65 65.6 65.7 0.007404390515
65.75 65.7 65.8 0.01073577614
65.85 65.8 65.9 0.01151749622
65.95 65.9 66 0.006002867001
66.05 66 66.1 0.01095332161
66.15 66.1 66.2 0.007521601786
66.25 66.2 66.3 0.00730016362
66.35 66.3 66.4 0.0121201638
66.45 66.4 66.5 0.011103478
66.55 66.5 66.6 0.005114222048
66.65 66.6 66.7 0.005778147757
66.75 66.7 66.8 0.01281803198
66.85 66.8 66.9 0.00610190506
66.95 66.9 67 0.01267032101
67.05 67 67.1 0.007305006527
67.15 67.1 67.2 0.007472479228
67.25 67.2 67.3 0.01572757267
67.35 67.3 67.4 0.006689481761
67.45 67.4 67.5 0.008267066038
67.55 67.5 67.6 0.01094855274
67.65 67.6 67.7 0.01020904074
67.75 67.7 67.8 0.01166237755
67.85 67.8 67.9 0.004656108397
67.95 67.9 68 0.008150315659
68.05 68 68.1 0.01088674699
68.15 68.1 68.2 0.003738187961
68.25 68.2 68.3 0.01013908839
68.35 68.3 68.4 0.003623522209
68.45 68.4 68.5 0.005420864869
68.55 68.5 68.6 0.003329300917
68.65 68.6 68.7 0.005477885836
68.75 68.7 68.8 0.005920633855
68.85 68.8 68.9 0.005191063986
68.95 68.9 69 0.007709259693
69.05 69 69.1 0.005293594087
69.15 69.1 69.2 0.01397732073
69.25 69.2 69.3 0.0108373496
69.35 69.3 69.4 0.01006663012
69.45 69.4 69.5 0.007884181123
69.55 69.5 69.6 0.01020734868
69.65 69.6 69.7 0.009641458843
69.75 69.7 69.8 0.007664819644
69.85 69.8 69.9 0.006771304981
69.95 69.9 70 0.01222543595
70.05 70 70.1 0.007931107431
70.15 70.1 70.2 0.0116019672
70.25 70.2 70.3 0.006814558251
70.35 70.3 70.4 0.003106228378
70.45 70.4 70.5 0.006683798117
70.55 70.5 70.6 0.009244152118
70.65 70.6 70.7 0.003424527334
70.75 70.7 70.8 0.008765283334
70.85 70.8 70.9 0.007210464177
70.95 70.9 71 0.01001283245
71.05 71 71.1 0.003730431641
71.15 71.1 71.2 0.007919602015
71.25 71.2 71.3 0.01019820212
71.35 71.3 71.4 0.01013659688
71.45 71.4 71.5 0.01022364873
71.55 71.5 71.6 0.01060583017
71.65 71.6 71.7 0.009580300928
71.75 71.7 71.8 0.004934409879
71.85 71.8 71.9 0.002325662324
71.95 71.9 72 0.003975719498
72.05 72 72.1 0.004425601901
72.15 72.1 72.2 0.008080945279
72.25 72.2 72.3 0.005518315454
72.35 72.3 72.4 0.00598025108
72.45 72.4 72.5 0.005392587051
72.55 72.5 72.6 0.009467914784
72.65 72.6 72.7 0.00906769361
72.75 72.7 72.8 0.004420288013
72.85 72.8 72.9 0.009392037387
72.95 72.9 73 0.004820004304
73.05 73 73.1 0.008879526912
73.15 73.1 73.2 0.008606866099
73.25 73.2 73.3 0.004003697177
73.35 73.3 73.4 0.004706138871
73.45 73.4 73.5 0.003260773056
73.55 73.5 73.6 -0.001257878183
73.65 73.6 73.7 -0.0003116337539
73.75 73.7 73.8 0.004087129853
73.85 73.8 73.9 0.007726478244
73.95 73.9 74 0.003866075797
74.05 74 74.1 0.005701675508
74.15 74.1 74.2 -0.0001105876856
74.25 74.2 74.3 0.007294877203
74.35 74.3 74.4 0.002528780258
74.45 74.4 74.5 0.003848929295
74.55 74.5 74.6 0.005527912085
74.65 74.6 74.7 0.005172469304
74.75 74.7 74.8 0.00736869378
74.85 74.8 74.9 0.0020748807
74.95 74.9 75 0.007323138779
75.05 75 75.1 0.007530168886
75.15 75.1 75.2 0.005511733523
75.25 75.2 75.3 0.004985578452
75.35 75.3 75.4 0.001671065371
75.45 75.4 75.5 0.005481474484
75.55 75.5 75.6 0.006515283536
75.65 75.6 75.7 0.006068173841
75.75 75.7 75.8 0.01020845074
75.85 75.8 75.9 0.005250775743
75.95 75.9 76 0.007153599765
76.05 76 76.1 0.004273440836
76.15 76.1 76.2 0.01063694352
76.25 76.2 76.3 0.00525425204
76.35 76.3 76.4 0.009690506686
76.45 76.4 76.5 0.00769806977
76.55 76.5 76.6 0.004426769915
76.65 76.6 76.7 0.006498371371
76.75 76.7 76.8 -0.0005445362408
76.85 76.8 76.9 0.003214540273
76.95 76.9 77 0.005686137954
77.05 77 77.1 0.001178783351
77.15 77.1 77.2 0.003996248319
77.25 77.2 77.3 0.001300995793
77.35 77.3 77.4 0.003638709099
77.45 77.4 77.5 0.008994149756
77.55 77.5 77.6 0.006844511869
77.65 77.6 77.7 0.002774085519
77.75 77.7 77.8 0.003116719001
77.85 77.8 77.9 0.005245849407
77.95 77.9 78 0.008407997197
78.05 78 78.1 0.007513350895
78.15 78.1 78.2 0.0001263304589
78.25 78.2 78.3 0.002456348658
78.35 78.3 78.4 -0.005727171345
78.45 78.4 78.5 0.004458006953
78.55 78.5 78.6 0.002840587966
78.65 78.6 78.7 -0.0003396787
78.75 78.7 78.8 0.001551064387
78.85 78.8 78.9 -0.0004039894228
78.95 78.9 79 0.007003309412
79.05 79 79.1 0.004634332985
79.15 79.1 79.2 0.008677199497
79.25 79.2 79.3 0.008778717831
79.35 79.3 79.4 0.006306120637
79.45 79.4 79.5 0.002435258108
79.55 79.5 79.6 0.006359893537
79.65 79.6 79.7 0.002341764704
79.75 79.7 79.8 0.002842179189
79.85 79.8 79.9 0.001596844418
79.95 79.9 80 -7.175105183e-05
80.05 80 80.1 0.00838011311
80.15 80.1 80.2 0.009257236473
80.25 80.2 80.3 0.003088926133
80.35 80.3 80.4 0.006695604974
80.45 80.4 80.5 0.004182269928
80.55 80.5 80.6 0.002090686287
80.65 80.6 80.7 0.001285570364
80.75 80.7 80.8 0.007148890085
80.85 80.8 80.9 0.001427781296
80.95 80.9 81 0.001322313439
81.05 81 81.1 0.003659571717
81.15 81.1 81.2 0.004050275429
81.25 81.2 81.3 0.01028734675
81.35 81.3 81.4 0.004243404054
81.45 81.4 81.5 0.00712674159
81.55 81.5 81.6 0.009070706162
81.65 81.6 81.7 0.001096295777
81.75 81.7 81.8 0.002173749079
81.85 81.8 81.9 0.0008623060832
81.95 81.9 82 0.002046002557
82.05 82 82.1 0.003794818144
82.15 82.1 82.2 0.005308150588
82.25 82.2 82.3 0.0002698416168
82.35 82.3 82.4 -0.0006782258849
82.45 82.4 82.5 0.00270590155
82.55 82.5 82.6 0.001297540929
82.65 82.6 82.7 0.002368868963
82.75 82.7 82.8 0.004459994939
82.85 82.8 82.9 0.002548637323
82.95 82.9 83 0.006321421532
83.05 83 83.1 0.002386374282
83.15 83.1 83.2 0.0004548413234
83.25 83.2 83.3 0.001791906214
83.35 83.3 83.4 0.002622205806
83.45 83.4 83.5 0.000348346481
83.55 83.5 83.6 0.002901675343
83.65 83.6 83.7 0.001215459458
83.75 83.7 83.8 0.003818654339
83.85 83.8 83.9 0.007064022483
83.95 83.9 84 0.006655800352
84.05 84 84.1 0.004185070436
84.15 84.1 84.2 0.005089719424
84.25 84.2 84.3 0.001071738007
84.35 84.3 84.4 0.005577082941
84.45 84.4 84.5 0.008133215812
84.55 84.5 84.6 0.002587638151
84.65 84.6 84.7 0.005317135312
84.75 84.7 84.8 0.00305849011
84.85 84.8 84.9 0.004304557538
84.95 84.9 85 0.0007562887263
85.05 85 85.1 0.003614916543
85.15 85.1 85.2 -0.0005447060016
85.25 85.2 85.3 0.009622699104
85.35 85.3 85.4 0.002230764126
85.45 85.4 85.5 0.005375590651
85.55 85.5 85.6 -0.0003258825117
85.65 85.6 85.7 -0.001004265354
85.75 85.7 85.8 0.0008808418512
85.85 85.8 85.9 0.001285418027
85.95 85.9 86 0.004127000636
86.05 86 86.1 0.004915425082
86.15 86.1 86.2 0.004996396295
86.25 86.2 86.3 0.001328598809
86.35 86.3 86.4 -0.0002857498805
86.45 86.4 86.5 0.001511594021
86.55 86.5 86.6 0.001501218243
86.65 86.6 86.7 0.002161064447
86.75 86.7 86.8 0.005225944482
86.85 86.8 86.9 -0.001475011145
86.95 86.9 87 0.001207816371
87.05 87 87.1 0.0003490031686
87.15 87.1 87.2 0.002108876329
87.25 87.2 87.3 0.002158011714
87.35 87.3 87.4 0.003482959698
87.45 87.4 87.5 0.001343004416
87.55 87.5 87.6 0.006030927879
87.65 87.6 87.7 -0.00292477942
87.75 87.7 87.8 -0.0004748359066
87.85 87.8 87.9 -0.003710997378
87.95 87.9 88 0.003919217323
88.05 88 88.1 0.00447166444
88.15 88.1 88.2 0.0007233297566
88.25 88.2 88.3 0.0011040413
88.35 88.3 88.4 -0.004640527089
88.45 88.4 88.5 8.019021356e-05
88.55 88.5 88.6 0.003459321208
88.65 88.6 88.7 -0.002792510004
88.75 88.7 88.8 0.001872425864
88.85 88.8 88.9 0.005525172604
88.95 88.9 89 0.0001964353131
89.05 89 89.1 0.002639579077
89.15 89.1 89.2 0.005953601253
89.25 89.2 89.3 0.002048308773
89.35 89.3 89.4 0.004956128223
89.45 89.4 89.5 0.003957403535
89.55 89.5 89.6 0.002296031694
89.65 89.6 89.7 0.002241048503
89.75 89.7 89.8 0.004717054773
89.85 89.8 89.9 0.008447887958
89.95 89.9 90 0.002448195781
90.05 90 90.1 0.00384590996
90.15 90.1 90.2 0.007785269848
90.25 90.2 90.3 -0.0004261819363
90.35 90.3 90.4 0.006304039303
90.45 90.4 90.5 0.006018868165
90.55 90.5 90.6 0.003439097598
90.65 90.6 90.7 0.004931139071
90.75 90.7 90.8 0.002485244334
90.85 90.8 90.9 0.004113304446
90.95 90.9 91 0.003939336886
91.05 91 91.1 0.0009904747215
91.15 91.1 91.2 0.004135215535
91.25 91.2 91.3 -0.0003341147794
91.35 91.3 91.4 0.008212063036
91.45 91.4 91.5 0.004525267102
91.55 91.5 91.6 0.002425401601
91.65 91.6 91.7 0.00498180266
91.75 91.7 91.8 0.008647551046
91.85 91.8 91.9 0.004116608952
91.95 91.9 92 -0.0003365393896
92.05 92 92.1 0.002982547382
92.15 92.1 92.2 0.002537542874
92.25 92.2 92.3 0.001577326462
92.35 92.3 92.4 0.002204943438
92.45 92.4 92.5 -0.0004235183826
92.55 92.5 92.6 0.004118438344
92.65 92.6 92.7 0.0008250661899
92.75 92.7 92.8 0.004737418434
92.85 92.8 92.9 0.007857817657
92.95 92.9 93 0.004321585432
93.05 93 93.1 0.003569157309
93.15 93.1 93.2 0.00456185416
93.25 93.2 93.3 0.003389199455
93.35 93.3 93.4 0.001392383963
93.45 93.4 93.5 0.001461669165
93.55 93.5 93.6 0.0005826983316
93.65 93.6 93.7 -0.001498419445
93.75 93.7 93.8 0.001098373022
93.85 93.8 93.9 0.004371858146
93.95 93.9 94 -0.001192422585
94.05 94 94.1 0.001621661693
94.15 94.1 94.2 0.0005159099348
94.25 94.2 94.3 0.002832710387
94.35 94.3 94.4 0.002565624348
94.45 94.4 94.5 5.377935959e-05
94.55 94.5 94.6 0.00551390591
94.65 94.6 94.7 -0.003170560943
94.75 94.7 94.8 -0.0006623526375
94.85 94.8 94.9 0.0007044771727
94.95 94.9 95 0.001120999865
95.05 95 95.1 -0.00191603946
95.15 95.1 95.2 0.00664650175
95.25 95.2 95.3 0.004752920477
95.35 95.3 95.4 0.0003696287269
95.45 95.4 95.5 0.003012417955
95.55 95.5 95.6 0.004882741527
95.65 95.6 95.7 0.001027092307
95.75 95.7 95.8 0.003748744882
95.85 95.8 95.9 0.0001834975282
95.95 95.9 96 0.005537877271
96.05 96 96.1 0.002252248501
96.15 96.1 96.2 -0.0002371855986
96.25 96.2 96.3 0.0006186384603
96.35 96.3 96.4 0.002396997756
96.45 96.4 96.5 0.00243351857
96.55 96.5 96.6 9.221491567e-05
96.65 96.6 96.7 0.0007145969869
96.75 96.7 96.8 0.005801158436
96.85 96.8 96.9 0.001120664551
96.95 96.9 97 0.004485575442
97.05 97 97.1 0.000809799675
97.15 97.1 97.2 0.001735734615
97.25 97.2 97.3 0.002221410788
97.35 97.3 97.4 0.00366359594
97.45 97.4 97.5 0.006422170347
97.55 97.5 97.6 -0.003606250157
97.65 97.6 97.7 0.007787014746
97.75 97.7 97.8 0.004188298591
97.85 97.8 97.9 0.000557336474
97.95 97.9 98 0.004190533224
98.05 98 98.1 -0.002095452582
98.15 98.1 98.2 0.00182652266
98.25 98.2 98.3 0.003465535734
98.35 98.3 98.4 0.003817599623
98.45 98.4 98.5 -0.0007711326815
98.55 98.5 98.6 0.001233565055
98.65 98.6 98.7 0.003331930247
98.75 98.7 98.8 0.003637321647
98.85 98.8 98.9 0.004203975593
98.95 98.9 99 0.004511818871
99.05 99 99.1 0.002391756646
99.15 99.1 99.2 -0.002036252275
99.25 99.2 99.3 0.002107456832
99.35 99.3 99.4 0.002532584817
99.45 99.4 99.5 0.002949293087
99.55 99.5 99.6 0.002546314492
99.65 99.6 99.7 0.0004659917209
99.75 99.7 99.8 -0.0002805337365
99.85 99.8 99.9 0.002445143976
99.95 99.9 100 -0.002091950313
100.05 100 100.1 -0.003278238377
100.15 100.1 100.2 0.001613779644
100.25 100.2 100.3 0.001416309476
100.35 100.3 100.4 -0.0007246350324
100.45 100.4 100.5 0.004460986265
100.55 100.5 100.6 0.002069896003
100.65 100.6 100.7 -0.002118003412
100.75 100.7 100.8 -0.001509513465
100.85 100.8 100.9 0.003012213246
100.95 100.9 101 -0.0007100328665
101.05 101 101.1 0.002630001297
101.15 101.1 101.2 0.002429363466
101.25 101.2 101.3 -0.003040713083
101.35 101.3 101.4 -0.001798173465
101.45 101.4 101.5 -0.003415454625
101.55 101.5 101.6 -0.0005483305508
101.65 101.6 101.7 0.005418506148
101.75 101.7 101.8 0.002229101706
101.85 101.8 101.9 0.0009282236597
101.95 101.9 102 0.0005587100617
102.05 102 102.1 0.000472148186
102.15 102.1 102.2 0.003095062765
102.25 102.2 102.3 0.003150469457
102.35 102.3 102.4 0.001390717164
102.45 102.4 102.5 0.002930244525
102.55 102.5 102.6 0.003774120629
102.65 102.6 102.7 -0.0004511556511
102.75 102.7 102.8 0.001173806092
102.85 102.8 102.9 1.908524125e-05
102.95 102.9 103 0.003110678619
103.05 103 103.1 0.0008322866977
103.15 103.1 103.2 0.002118740638
103.25 103.2 103.3 -0.0001330756181
103.35 103.3 103.4 0.002428289033
103.45 103.4 103.5 0.004655248083
103.55 103.5 103.6 -4.94087944e-05
103.65 103.6 103.7 -0.000179987863
103.75 103.7 103.8 0.003313063396
103.85 103.8 103.9 -0.001228852763
103.95 103.9 104 6.038367472e-05
104.05 104 104.1 0.0002447052449
104.15 104.1 104.2 -0.0004520616745
104.25 104.2 104.3 0.002041533409
104.35 104.3 104.4 0.001182028307
104.45 104.4 104.5 0.001238634506
104.55 104.5 104.6 -0.001240219436
104.65 104.6 104.7 0.002905841065
104.75 104.7 104.8 0.0004563068578
104.85 104.8 104.9 0.0003756153195
104.95 104.9 105 9.425220616e-05
105.05 105 105.1 0.002926100678
105.15 105.1 105.2 0.001824029604
105.25 105.2 105.3 0.003249797018
105.35 105.3 105.4 0.002846098477
105.45 105.4 105.5 -0.002167648704
105.55 105.5 105.6 0.0007358065162
105.65 105.6 105.7 0.0001747665669
105.75 105.7 105.8 0.000176322566
105.85 105.8 105.9 0.0009514632317
105.95 105.9 106 0.00172620293
106.05 106 106.1 0.001947721194
106.15 106.1 106.2 0.00330022458
106.25 106.2 106.3 0.0006749209588
106.35 106.3 106.4 0.0007664730065
106.45 106.4 106.5 0.002547648756
106.55 106.5 106.6 -0.0002794486179
106.65 106.6 106.7 -0.0002345378304
106.75 106.7 106.8 0.002070885588
106.85 106.8 106.9 -0.0001079333065
106.95 106.9 107 0.002603131004
107.05 107 107.1 -0.003364897273
107.15 107.1 107.2 -0.003880987792
107.25 107.2 107.3 -0.001800260558
107.35 107.3 107.4 -6.140265872e-05
107.45 107.4 107.5 -0.004881705938
107.55 107.5 107.6 0.002221857952
107.65 107.6 107.7 -0.0003976025219
107.75 107.7 107.8 0.001351655107
107.85 107.8 107.9 0.003428433635
107.95 107.9 108 -0.00190085007
108.05 108 108.1 0.001915374078
108.15 108.1 108.2 -0.000685476628
108.25 108.2 108.3 -0.002413402119
108.35 108.3 108.4 -4.365701491e-05
108.45 108.4 108.5 0.001650756962
108.55 108.5 108.6 0.0003931427727
108.65 108.6 108.7 -0.00194425001
108.75 108.7 108.8 0.000118719729
108.85 108.8 108.9 0.002155012633
108.95 108.9 109 0.001719743911
109.05 109 109.1 -0.000241285262
109.15 109.1 109.2 -0.003010439966
109.25 109.2 109.3 -0.0006846857876
109.35 109.3 109.4 -0.005630015093
109.45 109.4 109.5 -0.001336179029
109.55 109.5 109.6 0.002265232825
109.65 109.6 109.7 0.0001140027579
109.75 109.7 109.8 -0.004228570762
109.85 109.8 109.9 -0.0004924952671
109.95 109.9 110 -0.0009837221767
110.05 110 110.1 -0.001162739638
110.15 110.1 110.2 -0.002641809898
110.25 110.2 110.3 -0.002554434242
110.35 110.3 110.4 -0.001301703717
110.45 110.4 110.5 -0.001066202464
110.55 110.5 110.6 -0.0004318026878
110.65 110.6 110.7 -0.001882153026
110.75 110.7 110.8 0.001398596701
110.85 110.8 110.9 0.001678113798
110.95 110.9 111 -0.0009973577599
111.05 111 111.1 0.0002427826343
111.15 111.1 111.2 -0.003194183305
111.25 111.2 111.3 -0.001046620393
111.35 111.3 111.4 0.0001750607181
111.45 111.4 111.5 0.001900348089
111.55 111.5 111.6 0.002405161121
111.65 111.6 111.7 -0.001850918628
111.75 111.7 111.8 -0.001977757652
111.85 111.8 111.9 0.000773847083
111.95 111.9 112 0.001923083738
112.05 112 112.1 -0.001726745568
112.15 112.1 112.2 -0.003421305458
112.25 112.2 112.3 -0.003187437792
112.35 112.3 112.4 0.002898081671
112.45 112.4 112.5 -0.000910693926
112.55 112.5 112.6 -0.001524772481
112.65 112.6 112.7 0.001132390983
112.75 112.7 112.8 -0.0008469305464
112.85 112.8 112.9 -0.0004900985815
112.95 112.9 113 -0.004532442678
113.05 113 113.1 -0.001281363538
113.15 113.1 113.2 0.004567727463
113.25 113.2 113.3 -0.0005605654394
113.35 113.3 113.4 -0.0006250824901
113.45 113.4 113.5 -0.0003637894995
113.55 113.5 113.6 -0.002859902294
113.65 113.6 113.7 0.001262457812
113.75 113.7 113.8 0.001318022808
113.85 113.8 113.9 0.00100364792
113.95 113.9 114 -0.002491292685
114.05 114 114.1 -0.003013155789
114.15 114.1 114.2 0.001342883701
114.25 114.2 114.3 -0.002727401723
114.35 114.3 114.4 -0.000142731425
114.45 114.4 114.5 -0.002112186254
114.55 114.5 114.6 0.002031134182
114.65 114.6 114.7 -0.000118950603
114.75 114.7 114.8 8.047834135e-05
114.85 114.8 114.9 0.0004760233709
114.95 114.9 115 -0.001884432016
115.05 115 115.1 -0.0007984502052
115.15 115.1 115.2 -0.001127263271
115.25 115.2 115.3 -0.0002874238719
115.35 115.3 115.4 -0.002408691397
115.45 115.4 115.5 -0.002925090971
115.55 115.5 115.6 -0.0003260368646
115.65 115.6 115.7 -0.0003885368025
115.75 115.7 115.8 -0.00116622837
115.85 115.8 115.9 -0.003831562661
115.95 115.9 116 0.0003478319187
116.05 116 116.1 -0.002771333967
116.15 116.1 116.2 -0.006522622916
116.25 116.2 116.3 -0.001152468724
116.35 116.3 116.4 -0.001424783106
116.45 116.4 116.5 -0.003555539396
116.55 116.5 116.6 0.001993762669
116.65 116.6 116.7 -0.0004506994697
116.75 116.7 116.8 -0.001534899893
116.85 116.8 116.9 -0.0005767741373
116.95 116.9 117 0.002168524806
117.05 117 117.1 0.001393295113
117.15 117.1 117.2 -0.005206598426
117.25 117.2 117.3 -0.003353600258
117.35 117.3 117.4 -0.001071847231
117.45 117.4 117.5 -0.00174215841
117.55 117.5 117.6 -0.001963090946
117.65 117.6 117.7 0.0009362317905
117.75 117.7 117.8 -0.001196163667
117.85 117.8 117.9 0.001461164006
117.95 117.9 118 0.002601239129
118.05 118 118.1 0.002160040923
118.15 118.1 118.2 0.002134702962
118.25 118.2 118.3 -0.001734890552
118.35 118.3 118.4 -0.001999706288
118.45 118.4 118.5 -0.0001586047346
118.55 118.5 118.6 -0.002018231528
118.65 118.6 118.7 -0.003819252166
118.75 118.7 118.8 -0.003801677798
118.85 118.8 118.9 -0.001844215428
118.95 118.9 119 0.000863929007
119.05 119 119.1 -0.003511489724
119.15 119.1 119.2 0.0004624956723
119.25 119.2 119.3 0.004004722306
119.35 119.3 119.4 -0.003551741195
119.45 119.4 119.5 -0.0009673210347
119.55 119.5 119.6 -0.003973546036
119.65 119.6 119.7 -0.003814515139
119.75 119.7 119.8 -0.004096362427
119.85 119.8 119.9 -0.003236307061
119.95 119.9 120 -0.002258024397
120.05 120 120.1 -0.002103561838
120.15 120.1 120.2 -0.003734792024
120.25 120.2 120.3 0.0001590805361
120.35 120.3 120.4 0.001591578993
120.45 120.4 120.5 -0.002164726121
120.55 120.5 120.6 -0.004954008466
120.65 120.6 120.7 -0.001282674747
120.75 120.7 120.8 -0.001740377553
120.85 120.8 120.9 -0.0009128555246
120.95 120.9 121 9.638067514e-05
121.05 121 121.1 0.0006839880123
121.15 121.1 121.2 -0.002348214412
121.25 121.2 121.3 -0.001200073664
121.35 121.3 121.4 0.004391126046
121.45 121.4 121.5 0.002576488855
121.55 121.5 121.6 -0.000581503128
121.65 121.6 121.7 -0.0009975926364
121.75 121.7 121.8 -0.00272897958
121.85 121.8 121.9 -0.003139708007
121.95 121.9 122 -0.0008776653994
122.05 122 122.1 0.002218240378
122.15 122.1 122.2 -0.001968186608
122.25 122.2 122.3 -0.002804312654
122.35 122.3 122.4 -0.003608924286
122.45 122.4 122.5 -0.002634189782
122.55 122.5 122.6 -0.001097646869
122.65 122.6 122.7 0.0002827921354
122.75 122.7 122.8 0.00117332458
122.85 122.8 122.9 -0.001244516416
122.95 122.9 123 -0.004227677822
123.05 123 123.1 -0.0001319871941
123.15 123.1 123.2 -1.690540474e-05
123.25 123.2 123.3 0.0005201215649
123.35 123.3 123.4 0.0010698628
123.45 123.4 123.5 -0.001748238693
123.55 123.5 123.6 0.000442024596
123.65 123.6 123.7 0.0006304538008
123.75 123.7 123.8 0.0001966403425
123.85 123.8 123.9 -0.003092859557
123.95 123.9 124 -0.003011363905
124.05 124 124.1 -0.001004903257
124.15 124.1 124.2 0.001021028439
124.25 124.2 124.3 -0.003212770418
124.35 124.3 124.4 -8.977470776e-05
124.45 124.4 124.5 -0.0001134325663
124.55 124.5 124.6 -0.001103663213
124.65 124.6 124.7 0.0009485594957
124.75 124.7 124.8 0.0003937693864
124.85 124.8 124.9 -0.005328954303
124.95 124.9 125 -0.002711632265
125.05 125 125.1 -0.001932093606
125.15 125.1 125.2 0.00114342019
125.25 125.2 125.3 -0.0002459244385
125.35 125.3 125.4 0.0003738653759
125.45 125.4 125.5 0.002178660654
125.55 125.5 125.6 0.002034642586
125.65 125.6 125.7 -0.002067167456
125.75 125.7 125.8 -0.0002992221316
125.85 125.8 125.9 -0.0007809037214
125.95 125.9 126 -0.001515233706
126.05 126 126.1 -0.001113778058
126.15 126.1 126.2 -0.002435679091
126.25 126.2 126.3 -0.002441429621
126.35 126.3 126.4 -0.002866503583
126.45 126.4 126.5 6.88941451e-05
126.55 126.5 126.6 -0.002027699337
126.65 126.6 126.7 -0.003389683865
126.75 126.7 126.8 -0.0004881632141
126.85 126.8 126.9 -0.0002828861704
126.95 126.9 127 -0.001406757422
127.05 127 127.1 -0.0007993986719
127.15 127.1 127.2 -0.001658028433
127.25 127.2 127.3 0.0007124839696
127.35 127.3 127.4 0.0001430526574
127.45 127.4 127.5 -0.0004768069513
127.55 127.5 127.6 0.0005449624026
127.65 127.6 127.7 -0.0005595778869
127.75 127.7 127.8 0.0002821075788
127.85 127.8 127.9 -0.0005745283023
127.95 127.9 128 -0.001752870071
128.05 128 128.1 0.001643236845
128.15 128.1 128.2 0.00240127074
128.25 128.2 128.3 0.0005911234426
128.35 128.3 128.4 -0.0008597541961
128.45 128.4 128.5 -0.003831673279
128.55 128.5 128.6 -0.002843199617
128.65 128.6 128.7 -0.002912206387
128.75 128.7 128.8 -0.001639067499
128.85 128.8 128.9 -0.00303668363
128.95 128.9 129 -0.0004881107137
129.05 129 129.1 0.0002776499276
129.15 129.1 129.2 -0.0006127155706
129.25 129.2 129.3 0.001369738061
129.35 129.3 129.4 -0.0009445234826
129.45 129.4 129.5 -0.003426445377
129.55 129.5 129.6 -0.003399262469
129.65 129.6 129.7 0.0001138155335
129.75 129.7 129.8 -0.001463170006
129.85 129.8 129.9 -0.001717691779
129.95 129.9 130 -0.00151774478
130.05 130 130.1 -0.001454656893
130.15 130.1 130.2 0.001908050038
130.25 130.2 130.3 -0.0006036757675
130.35 130.3 130.4 -0.000414442954
130.45 130.4 130.5 -0.0007628210032
130.55 130.5 130.6 -0.0008319151735
130.65 130.6 130.7 0.0002389899756
130.75 130.7 130.8 -0.0004633445259
130.85 130.8 130.9 0.0001345612234
130.95 130.9 131 -0.0007118189592
131.05 131 131.1 -0.001110349082
131.15 131.1 131.2 -0.002248921894
131.25 131.2 131.3 -0.003398188655
131.35 131.3 131.4 -0.0004695868601
131.45 131.4 131.5 0.0008551823966
131.55 131.5 131.6 0.0005619431944
131.65 131.6 131.7 -0.0009518687371
131.75 131.7 131.8 0.001191509243
131.85 131.8 131.9 -0.0004076306745
131.95 131.9 132 0.001325211259
132.05 132 132.1 -0.00406721827
132.15 132.1 132.2 -0.002832689827
132.25 132.2 132.3 -3.506542631e-05
132.35 132.3 132.4 -0.001340479186
132.45 132.4 132.5 -0.002867824883
132.55 132.5 132.6 -0.004383677349
132.65 132.6 132.7 0.001583179542
132.75 132.7 132.8 -0.0001125144324
132.85 132.8 132.9 -0.001129222928
132.95 132.9 133 -0.0004177495632
133.05 133 133.1 0.000701261512
133.15 133.1 133.2 -0.002215636102
133.25 133.2 133.3 -0.00216389389
133.35 133.3 133.4 -0.001312648031
133.45 133.4 133.5 0.001196411033
133.55 133.5 133.6 -0.001317786635
133.65 133.6 133.7 -0.000132297208
133.75 133.7 133.8 -0.002692127576
133.85 133.8 133.9 -0.002686816342
133.95 133.9 134 -0.001408068556
134.05 134 134.1 -0.003025647514
134.15 134.1 134.2 -0.0003065352302
134.25 134.2 134.3 0.0007037606655
134.35 134.3 134.4 0.000222557962
134.45 134.4 134.5 -0.001673670808
134.55 134.5 134.6 -0.002430052749
134.65 134.6 134.7 -0.001305887245
134.75 134.7 134.8 0.002560792661
134.85 134.8 134.9 -0.00263717912
134.95 134.9 135 0.0004739986533
135.05 135 135.1 0.001828726665
135.15 135.1 135.2 0.00105423293
135.25 135.2 135.3 -0.001945876137
135.35 135.3 135.4 0.0003242066695
135.45 135.4 135.5 0.0007392687963
135.55 135.5 135.6 0.001454635058
135.65 135.6 135.7 7.367151258e-05
135.75 135.7 135.8 0.001361866717
135.85 135.8 135.9 -0.0006462912031
135.95 135.9 136 -5.59973782e-05
136.05 136 136.1 -0.0007309952913
136.15 136.1 136.2 -0.001273732543
136.25 136.2 136.3 -0.002236347325
136.35 136.3 136.4 -0.00237911145
136.45 136.4 136.5 0.0003097183086
136.55 136.5 136.6 -0.001928787437
136.65 136.6 136.7 -0.002914766313
136.75 136.7 136.8 -0.002121382842
136.85 136.8 136.9 -0.00205612338
136.95 136.9 137 -0.002156587213
137.05 137 137.1 -0.004294997558
137.15 137.1 137.2 -0.00522785736
137.25 137.2 137.3 -0.001965942689
137.35 137.3 137.4 -0.004695072979
137.45 137.4 137.5 -0.00371295599
137.55 137.5 137.6 0.0003121202503
137.65 137.6 137.7 -0.001736915392
137.75 137.7 137.8 -0.004054304039
137.85 137.8 137.9 -0.004839031657
137.95 137.9 138 -0.001287111235
138.05 138 138.1 -0.00385015122
138.15 138.1 138.2 -0.003700478237
138.25 138.2 138.3 -0.001776116365
138.35 138.3 138.4 -0.006097246944
138.45 138.4 138.5 -0.003929264849
138.55 138.5 138.6 -0.002331733058
138.65 138.6 138.7 -0.000611806053
138.75 138.7 138.8 -0.001205202923
138.85 138.8 138.9 -0.0002835333817
138.95 138.9 139 -0.002381354956
139.05 139 139.1 -0.003236361143
139.15 139.1 139.2 0.0006257515042
139.25 139.2 139.3 -0.0005761274156
139.35 139.3 139.4 -0.003985336747
139.45 139.4 139.5 -0.0002418627027
139.55 139.5 139.6 -8.30596291e-05
139.65 139.6 139.7 0.0001847792155
139.75 139.7 139.8 -0.004298396276
139.85 139.8 139.9 -0.002797774444
139.95 139.9 140 -0.0004427749777
140.05 140 140.1 -0.002474447681
140.15 140.1 140.2 0.001992064981
140.25 140.2 140.3 -0.001006827207
140.35 140.3 140.4 -0.001455399878
140.45 140.4 140.5 -0.0008979752609
140.55 140.5 140.6 -0.003285993282
140.65 140.6 140.7 -0.002008585263
140.75 140.7 140.8 -0.004363368376
140.85 140.8 140.9 -0.001675604404
140.95 140.9 141 -0.001490021268
141.05 141 141.1 0.0007703614009
141.15 141.1 141.2 -0.003990660663
141.25 141.2 141.3 -0.0001545192317
141.35 141.3 141.4 -0.00759737583
141.45 141.4 141.5 -0.0009322249025
141.55 141.5 141.6 -0.0012600696
141.65 141.6 141.7 -0.0007696486203
141.75 141.7 141.8 -0.000592265507
141.85 141.8 141.9 0.0005632660883
141.95 141.9 142 -0.003165979609
142.05 142 142.1 -0.002022258578
142.15 142.1 142.2 -0.002208429173
142.25 142.2 142.3 -0.002410080023
142.35 142.3 142.4 -0.0009963787731
142.45 142.4 142.5 -0.001888480784
142.55 142.5 142.6 -0.004203753442
142.65 142.6 142.7 -0.0003493185375
142.75 142.7 142.8 -0.003500162684
142.85 142.8 142.9 -0.00387238812
142.95 142.9 143 -0.003282532292
143.05 143 143.1 -0.002142169106
143.15 143.1 143.2 -0.001369591104
143.25 143.2 143.3 -0.001156770455
143.35 143.3 143.4 -0.002127253411
143.45 143.4 143.5 -0.003760779528
143.55 143.5 143.6 -0.00172075492
143.65 143.6 143.7 -0.002133353808
143.75 143.7 143.8 -0.001356599075
143.85 143.8 143.9 -0.0006829871601
143.95 143.9 144 -0.005356496254
144.05 144 144.1 -0.001157360031
144.15 144.1 144.2 -0.004531929899
144.25 144.2 144.3 -0.006907299369
144.35 144.3 144.4 -0.002873966256
144.45 144.4 144.5 -0.006681051528
144.55 144.5 144.6 -0.00276436568
144.65 144.6 144.7 -0.004052674207
144.75 144.7 144.8 -0.001888126748
144.85 144.8 144.9 0.0003852560984
144.95 144.9 145 -0.003943413668
145.05 145 145.1 -0.00499154096
145.15 145.1 145.2 -0.002717223219
145.25 145.2 145.3 -0.002252709523
145.35 145.3 145.4 -0.002497111847
145.45 145.4 145.5 -0.0005177683157
145.55 145.5 145.6 -0.003924500927
145.65 145.6 145.7 -0.002570704774
145.75 145.7 145.8 -0.003630561531
145.85 145.8 145.9 -0.003662034179
145.95 145.9 146 -0.001091967232
146.05 146 146.1 -0.006636909525
146.15 146.1 146.2 -0.002489997923
146.25 146.2 146.3 -0.004372196478
146.35 146.3 146.4 -0.001866071102
146.45 146.4 146.5 -0.003881900721
146.55 146.5 146.6 -0.005170397635
146.65 146.6 146.7 -0.002757684563
146.75 146.7 146.8 -0.004564865715
146.85 146.8 146.9 -0.00400132065
146.95 146.9 147 -0.0005460825589
147.05 147 147.1 -0.001803802004
147.15 147.1 147.2 -0.002301439489
147.25 147.2 147.3 -0.00176909303
147.35 147.3 147.4 -0.0010219878
147.45 147.4 147.5 3.542094044e-07
147.55 147.5 147.6 0.0004992395044
147.65 147.6 147.7 -0.0007137153447
147.75 147.7 147.8 -0.0002851581833
147.85 147.8 147.9 -0.004209446181
147.95 147.9 148 -0.002487006471
148.05 148 148.1 -0.003142270307
148.15 148.1 148.2 -0.002166299627
148.25 148.2 148.3 -0.001182811828
148.35 148.3 148.4 -0.001075231181
148.45 148.4 148.5 0.0005221591144
148.55 148.5 148.6 0.0009251726431
148.65 148.6 148.7 -0.0001863364871
148.75 148.7 148.8 -0.003279843988
148.85 148.8 148.9 -0.0025591242
148.95 148.9 149 -0.00488494456
149.05 149 149.1 0.001362859131
149.15 149.1 149.2 -0.001981952358
149.25 149.2 149.3 -0.001940473954
149.35 149.3 149.4 -0.003630938624
149.45 149.4 149.5 -0.001673347329
149.55 149.5 149.6 -0.002589785379
149.65 149.6 149.7 -0.003693691866
149.75 149.7 149.8 -0.0006873622456
149.85 149.8 149.9 -0.0002111113925
149.95 149.9 150 -0.001817479351
150.05 150 150.1 -0.001385131462
150.15 150.1 150.2 -0.001556252289
150.25 150.2 150.3 -0.000935503128
150.35 150.3 150.4 -0.002837223171
150.45 150.4 150.5 -0.001112524308
150.55 150.5 150.6 -0.001317197549
150.65 150.6 150.7 -0.002039704997
150.75 150.7 150.8 -0.0006400508234
150.85 150.8 150.9 7.470896232e-05
150.95 150.9 151 -0.0009051091188
151.05 151 151.1 -0.001162055762
151.15 151.1 151.2 -0.003219448067
151.25 151.2 151.3 -0.001837000115
151.35 151.3 151.4 -0.002270493539
151.45 151.4 151.5 -0.001423395676
151.55 151.5 151.6 -0.0008901002452
151.65 151.6 151.7 -0.0008973134346
151.75 151.7 151.8 0.0008439146657
151.85 151.8 151.9 -0.0009049747127
151.95 151.9 152 0.0005376050576
152.05 152 152.1 -0.004647181849
152.15 152.1 152.2 -0.003919015972
152.25 152.2 152.3 -0.004262357902
152.35 152.3 152.4 -0.0009343304112
152.45 152.4 152.5 -0.0008883794382
152.55 152.5 152.6 -0.003228648735
152.65 152.6 152.7 -0.003845848672
152.75 152.7 152.8 0.001224976286
152.85 152.8 152.9 0.0005598277728
152.95 152.9 153 -0.002877130727
153.05 153 153.1 -0.003539979393
153.15 153.1 153.2 -0.002653424748
153.25 153.2 153.3 -0.001031343672
153.35 153.3 153.4 -0.003501100406
153.45 153.4 153.5 -0.001733425836
153.55 153.5 153.6 -0.001602410265
153.65 153.6 153.7 -0.0009498786203
153.75 153.7 153.8 -0.003242141856
153.85 153.8 153.9 5.200008528e-05
153.95 153.9 154 -0.002860805729
154.05 154 154.1 -0.0004309123761
154.15 154.1 154.2 -0.0005392273593
154.25 154.2 154.3 -0.001555809782
154.35 154.3 154.4 0.0005694676722
154.45 154.4 154.5 -0.003074443293
154.55 154.5 154.6 -0.0002102904349
154.65 154.6 154.7 -0.003862782523
154.75 154.7 154.8 -0.002684903511
154.85 154.8 154.9 -0.00196224544
154.95 154.9 155 -0.001582064197
155.05 155 155.1 -0.002507167805
155.15 155.1 155.2 -0.00536285827
155.25 155.2 155.3 -0.003967936843
155.35 155.3 155.4 -0.001954621691
155.45 155.4 155.5 -0.00341004962
155.55 155.5 155.6 -0.002173794894
155.65 155.6 155.7 0.0004206596328
155.75 155.7 155.8 -0.0009827934362
155.85 155.8 155.9 -0.000339477358
155.95 155.9 156 0.00108506458
156.05 156 156.1 -0.005209750956
156.15 156.1 156.2 -0.001869793056
156.25 156.2 156.3 -0.0009593576278
156.35 156.3 156.4 -0.001448687456
156.45 156.4 156.5 -0.002935682146
156.55 156.5 156.6 -0.002244931232
156.65 156.6 156.7 -0.00057976239
156.75 156.7 156.8 -0.002918234193
156.85 156.8 156.9 -0.002236221009
156.95 156.9 157 -0.001520746974
157.05 157 157.1 -0.0005180669396
157.15 157.1 157.2 -0.00391648794
157.25 157.2 157.3 -0.004829420255
157.35 157.3 157.4 -0.002948642782
157.45 157.4 157.5 -0.001848622575
157.55 157.5 157.6 -7.74081422e-05
157.65 157.6 157.7 -0.001305872189
157.75 157.7 157.8 -0.004274007535
157.85 157.8 157.9 -0.002033677505
157.95 157.9 158 -0.001769910229
158.05 158 158.1 -0.002791770242
158.15 158.1 158.2 -0.001684776539
158.25 158.2 158.3 -0.003937388286
158.35 158.3 158.4 -0.003048523669
158.45 158.4 158.5 -0.0007884464806
158.55 158.5 158.6 -0.0003493384874
158.65 158.6 158.7 -0.003194883664
158.75 158.7 158.8 -0.00135883465
158.85 158.8 158.9 -0.004693727789
158.95 158.9 159 -0.002397006388
159.05 159 159.1 -0.001547135879
159.15 159.1 159.2 -0.001641508241
159.25 159.2 159.3 -0.002446088719
159.35 159.3 159.4 -0.001291944929
159.45 159.4 159.5 -0.001656295748
159.55 159.5 159.6 -0.0005686030795
159.65 159.6 159.7 -0.001575041031
159.75 159.7 159.8 -0.001185678598
159.85 159.8 159.9 -0.003327153474
159.95 159.9 160 -0.001460485258
160.05 160 160.1 -0.003838334344
160.15 160.1 160.2 -0.0012134395
160.25 160.2 160.3 -0.002182527346
160.35 160.3 160.4 -0.002693857503
160.45 160.4 160.5 -0.002623621675
160.55 160.5 160.6 -0.001786825406
160.65 160.6 160.7 -0.001076705294
160.75 160.7 160.8 -0.003510681634
160.85 160.8 160.9 -0.001254596368
160.95 160.9 161 -0.002256678151
161.05 161 161.1 -0.002503576359
161.15 161.1 161.2 -0.001621214666
161.25 161.2 161.3 -0.002649425844
161.35 161.3 161.4 -0.003361903821
161.45 161.4 161.5 -0.003142780447
161.55 161.5 161.6 -0.002275279122
161.65 161.6 161.7 -0.003951641986
161.75 161.7 161.8 -0.00223201934
161.85 161.8 161.9 -0.005375410261
161.95 161.9 162 -0.002313394152
162.05 162 162.1 -0.002711865192
162.15 162.1 162.2 -0.0009629341439
162.25 162.2 162.3 -0.003072389423
162.35 162.3 162.4 -0.0009248085627
162.45 162.4 162.5 -0.00292345166
162.55 162.5 162.6 -0.002500183528
162.65 162.6 162.7 -0.0008631476734
162.75 162.7 162.8 -0.0001192417734
162.85 162.8 162.9 -0.002031755963
162.95 162.9 163 -0.001550071493
163.05 163 163.1 0.0005135971653
163.15 163.1 163.2 -0.003513246207
163.25 163.2 163.3 0.0005960336683
163.35 163.3 163.4 -0.0005337182488
163.45 163.4 163.5 -0.002270442111
163.55 163.5 163.6 -0.002044835245
163.65 163.6 163.7 -0.002045962081
163.75 163.7 163.8 -0.0001789383319
163.85 163.8 163.9 -0.002277551434
163.95 163.9 164 -0.001533855821
164.05 164 164.1 -0.002229004216
164.15 164.1 164.2 -0.0003182063157
164.25 164.2 164.3 -0.00060062206
164.35 164.3 164.4 -0.003929757721
164.45 164.4 164.5 -0.004786941688
164.55 164.5 164.6 -0.0006921530136
164.65 164.6 164.7 -0.002535397433
164.75 164.7 164.8 -0.003871728776
164.85 164.8 164.9 -0.002279284739
164.95 164.9 165 -0.000785572687
165.05 165 165.1 0.0004141904324
165.15 165.1 165.2 -0.001281500103
165.25 165.2 165.3 0.0003559937115
165.35 165.3 165.4 -0.002646957503
165.45 165.4 165.5 -0.001801423639
165.55 165.5 165.6 -0.003456244795
165.65 165.6 165.7 -0.001548060632
165.75 165.7 165.8 -0.002270129518
165.85 165.8 165.9 -0.003980281696
165.95 165.9 166 -0.004764369578
166.05 166 166.1 -0.002214628102
166.15 166.1 166.2 -0.002084159823
166.25 166.2 166.3 -0.001827917697
166.35 166.3 166.4 -0.001206883468
166.45 166.4 166.5 -0.002479748333
166.55 166.5 166.6 -0.0002411786402
166.65 166.6 166.7 -0.002178686301
166.75 166.7 166.8 -0.0004434952833
166.85 166.8 166.9 -0.00132507794
166.95 166.9 167 -0.0008985995223
167.05 167 167.1 -0.002060176629
167.15 167.1 167.2 -0.001001740033
167.25 167.2 167.3 -0.0002762604302
167.35 167.3 167.4 0.001073133336
167.45 167.4 167.5 -0.0016395246
167.55 167.5 167.6 -0.002871961299
167.65 167.6 167.7 -0.003432768415
167.75 167.7 167.8 -0.001055153541
167.85 167.8 167.9 0.0006489838557
167.95 167.9 168 0.001152249881
168.05 168 168.1 -0.001065225005
168.15 168.1 168.2 -0.001910059548
168.25 168.2 168.3 -0.002058516506
168.35 168.3 168.4 -0.002194084711
168.45 168.4 168.5 -0.003667494133
168.55 168.5 168.6 -0.002542753135
168.65 168.6 168.7 -0.001617072919
168.75 168.7 168.8 0.0006442962494
168.85 168.8 168.9 -0.003423332803
168.95 168.9 169 0.000987068565
169.05 169 169.1 -0.003361225255
169.15 169.1 169.2 -0.002344868906
169.25 169.2 169.3 -0.001997164806
169.35 169.3 169.4 -0.0001157504363
169.45 169.4 169.5 -0.0001013383746
169.55 169.5 169.6 -0.003524488582
169.65 169.6 169.7 0.0001534172477
169.75 169.7 169.8 -0.00173096629
169.85 169.8 169.9 0.001773689516
169.95 169.9 170 -0.001962836317
170.05 170 170.1 -4.829026878e-05
170.15 170.1 170.2 0.0002624315357
170.25 170.2 170.3 -0.002028639581
170.35 170.3 170.4 -0.001254579132
170.45 170.4 170.5 -0.003773688516
170.55 170.5 170.6 -0.001767163354
170.65 170.6 170.7 0.001728514815
170.75 170.7 170.8 -0.002227229399
170.85 170.8 170.9 -0.001892576443
170.95 170.9 171 -0.001893739933
171.05 171 171.1 0.0007548646631
171.15 171.1 171.2 -0.002827374882
171.25 171.2 171.3 -0.002858179721
171.35 171.3 171.4 -0.002263536427
171.45 171.4 171.5 0.00012117445
171.55 171.5 171.6 -0.0001887061196
171.65 171.6 171.7 -0.001005672591
171.75 171.7 171.8 -0.001492357147
171.85 171.8 171.9 -0.00115959032
171.95 171.9 172 -0.001990230493
172.05 172 172.1 -0.000162411381
172.15 172.1 172.2 -0.0008208707872
172.25 172.2 172.3 -1.445122578e-05
172.35 172.3 172.4 -0.0009962724555
172.45 172.4 172.5 -0.0004254444626
172.55 172.5 172.6 -0.001235073307
172.65 172.6 172.7 -0.004416283768
172.75 172.7 172.8 -0.001591314792
172.85 172.8 172.9 -0.002062755485
172.95 172.9 173 -0.000602359974
173.05 173 173.1 -0.0004308677467
173.15 173.1 173.2 -0.0004023778198
173.25 173.2 173.3 0.001689719615
173.35 173.3 173.4 0.001647510557
173.45 173.4 173.5 -0.001562655686
173.55 173.5 173.6 -0.001179890111
173.65 173.6 173.7 -0.0006076853661
173.75 173.7 173.8 -0.00136433836
173.85 173.8 173.9 -0.00316656891
173.95 173.9 174 0.000171694178
174.05 174 174.1 -0.001332909274
174.15 174.1 174.2 -0.001126702824
174.25 174.2 174.3 -0.003293320806
174.35 174.3 174.4 0.0002764912218
174.45 174.4 174.5 0.0002978707014
174.55 174.5 174.6 -0.00086378031
174.65 174.6 174.7 -0.001650850208
174.75 174.7 174.8 -0.000754509307
174.85 174.8 174.9 -0.0002759810842
174.95 174.9 175 -0.004032744963
175.05 175 175.1 0.001139886314
175.15 175.1 175.2 0.0004758945665
175.25 175.2 175.3 -0.001670421316
175.35 175.3 175.4 -0.001711527928
175.45 175.4 175.5 0.0003109258956
175.55 175.5 175.6 -0.0009704899744
175.65 175.6 175.7 -0.002323830469
175.75 175.7 175.8 -0.0005961590435
175.85 175.8 175.9 -0.002490113006
175.95 175.9 176 -0.00188632541
176.05 176 176.1 0.001115364645
176.15 176.1 176.2 -0.0008804187849
176.25 176.2 176.3 -0.0003615001108
176.35 176.3 176.4 -0.0006457835331
176.45 176.4 176.5 -0.001470965527
176.55 176.5 176.6 -0.002447020717
176.65 176.6 176.7 -0.0001304461382
176.75 176.7 176.8 -0.002311082032
176.85 176.8 176.9 -0.001393542737
176.95 176.9 177 -0.002881490397
177.05 177 177.1 -0.003161552543
177.15 177.1 177.2 0.0002874703695
177.25 177.2 177.3 -0.003055789155
177.35 177.3 177.4 -0.00155466073
177.45 177.4 177.5 -0.001247352222
177.55 177.5 177.6 -0.003489626466
177.65 177.6 177.7 -0.0009998898007
177.75 177.7 177.8 -0.002296718963
177.85 177.8 177.9 -0.002043947992
177.95 177.9 178 -0.0008818388954
178.05 178 178.1 -0.0004381996929
178.15 178.1 178.2 -0.0002989087026
178.25 178.2 178.3 -0.001913218851
178.35 178.3 178.4 0.001737106436
178.45 178.4 178.5 -0.0003929391892
178.55 178.5 178.6 -0.0007895395891
178.65 178.6 178.7 -0.001081899797
178.75 178.7 178.8 -0.001724577381
178.85 178.8 178.9 -0.001154577089
178.95 178.9 179 -0.002008997853
179.05 179 179.1 -0.003586012832
179.15 179.1 179.2 -0.002074701095
179.25 179.2 179.3 -0.000994832386
179.35 179.3 179.4 -0.002562970437
179.45 179.4 179.5 -0.002693837694
179.55 179.5 179.6 0.0009727472882
179.65 179.6 179.7 -0.0001341636615
179.75 179.7 179.8 -0.001972453323
179.85 179.8 179.9 -0.003441239632
179.95 179.9 180 -0.001391722892
180.05 180 180.1 0.0006196503709
180.15 180.1 180.2 -0.0009429709177
180.25 180.2 180.3 -0.001129096294
180.35 180.3 180.4 -0.0005700464923
180.45 180.4 180.5 -0.003879509383
180.55 180.5 180.6 -0.001550746216
180.65 180.6 180.7 -0.0004656824025
180.75 180.7 180.8 -0.003509830795
180.85 180.8 180.9 -0.002830130833
180.95 180.9 181 0.0004909315112
181.05 181 181.1 -0.001888956883
181.15 181.1 181.2 -0.002152130892
181.25 181.2 181.3 -0.0003279234756
181.35 181.3 181.4 -0.002638099961
181.45 181.4 181.5 -0.003111528752
181.55 181.5 181.6 -0.002583455743
181.65 181.6 181.7 -0.0003967881413
181.75 181.7 181.8 -0.001729484801
181.85 181.8 181.9 -0.0006360223809
181.95 181.9 182 -0.00115581798
182.05 182 182.1 -3.631774845e-05
182.15 182.1 182.2 -0.0007064402612
182.25 182.2 182.3 -0.002261634614
182.35 182.3 182.4 -0.002762485313
182.45 182.4 182.5 0.0007356623773
182.55 182.5 182.6 -0.000695081981
182.65 182.6 182.7 -0.00168089354
182.75 182.7 182.8 0.002719374452
182.85 182.8 182.9 -0.002811625483
182.95 182.9 183 0.0002921351994
183.05 183 183.1 -0.0004635303881
183.15 183.1 183.2 0.002174753503
183.25 183.2 183.3 -0.0003213169299
183.35 183.3 183.4 -0.0002967786536
183.45 183.4 183.5 -0.001833069089
183.55 183.5 183.6 0.0004507510107
183.65 183.6 183.7 -0.003250745135
183.75 183.7 183.8 -0.0008835682124
183.85 183.8 183.9 -0.001381547782
183.95 183.9 184 -0.0003889748408
184.05 184 184.1 -0.001439893146
184.15 184.1 184.2 -0.001204567445
184.25 184.2 184.3 -0.001186856316
184.35 184.3 184.4 0.001247106416
184.45 184.4 184.5 -0.001480261522
184.55 184.5 184.6 0.0003327071078
184.65 184.6 184.7 0.0006701342023
184.75 184.7 184.8 -0.0001088571916
184.85 184.8 184.9 0.002444808496
184.95 184.9 185 0.0004526900345
185.05 185 185.1 -0.001385713808
185.15 185.1 185.2 -7.056834362e-05
185.25 185.2 185.3 0.001316599468
185.35 185.3 185.4 -0.001337269803
185.45 185.4 185.5 -0.0005928174685
185.55 185.5 185.6 0.0008431785202
185.65 185.6 185.7 -0.001662207221
185.75 185.7 185.8 -0.001348387774
185.85 185.8 185.9 -0.0009535038625
185.95 185.9 186 -0.0006713395206
186.05 186 186.1 -0.001456097572
186.15 186.1 186.2 0.001572861721
186.25 186.2 186.3 -8.934350784e-05
186.35 186.3 186.4 -0.0008590797333
186.45 186.4 186.5 -0.001075647496
186.55 186.5 186.6 0.0003251508725
186.65 186.6 186.7 -0.001765190019
186.75 186.7 186.8 -0.001423617644
186.85 186.8 186.9 0.0005818907888
186.95 186.9 187 -0.001985417118
187.05 187 187.1 -0.001222626777
187.15 187.1 187.2 -0.001102279247
187.25 187.2 187.3 -0.001840393714
187.35 187.3 187.4 -0.0007773082568
187.45 187.4 187.5 0.0004016190451
187.55 187.5 187.6 -0.0007058283885
187.65 187.6 187.7 -0.0005261981322
187.75 187.7 187.8 -0.003917723465
187.85 187.8 187.9 -0.002282532187
187.95 187.9 188 -0.001670424179
188.05 188 188.1 0.001922446949
188.15 188.1 188.2 0.0003426911349
188.25 188.2 188.3 -0.001867193474
188.35 188.3 188.4 -0.002432131
188.45 188.4 188.5 -0.004899225096
188.55 188.5 188.6 -3.458029407e-05
188.65 188.6 188.7 -0.001957415706
188.75 188.7 188.8 -9.20779447e-05
188.85 188.8 188.9 -0.001214199673
188.95 188.9 189 -0.003109449655
189.05 189 189.1 0.001223860661
189.15 189.1 189.2 -0.0006892376809
189.25 189.2 189.3 -0.0005040437658
189.35 189.3 189.4 -0.002215686659
189.45 189.4 189.5 -0.003048403979
189.55 189.5 189.6 -0.001740057795
189.65 189.6 189.7 -0.00191648442
189.75 189.7 189.8 -0.002692007815
189.85 189.8 189.9 0.0004918437009
189.95 189.9 190 -0.003401267693
190.05 190 190.1 -0.001726325727
190.15 190.1 190.2 -0.001992841935
190.25 190.2 190.3 -0.002781782234
190.35 190.3 190.4 -0.002166929327
190.45 190.4 190.5 -0.002414147621
190.55 190.5 190.6 -0.0001401207358
190.65 190.6 190.7 -0.002494011624
190.75 190.7 190.8 -0.001497721801
190.85 190.8 190.9 0.0001922335857
190.95 190.9 191 -0.00296439077
191.05 191 191.1 2.442757847e-06
191.15 191.1 191.2 -0.001466561411
191.25 191.2 191.3 -8.68481094e-05
191.35 191.3 191.4 -0.002836837426
191.45 191.4 191.5 -0.002156213184
191.55 191.5 191.6 -0.003704453981
191.65 191.6 191.7 -0.004260302502
191.75 191.7 191.8 -0.001368288151
191.85 191.8 191.9 -0.002172010619
191.95 191.9 192 -0.003022327045
192.05 192 192.1 -0.004409573332
192.15 192.1 192.2 -0.003617163293
192.25 192.2 192.3 -0.002112400197
192.35 192.3 192.4 -0.006025503609
192.45 192.4 192.5 -0.001174874805
192.55 192.5 192.6 -0.004166223294
192.65 192.6 192.7 -0.005089303803
192.75 192.7 192.8 -0.004117124776
192.85 192.8 192.9 -0.003365268096
192.95 192.9 193 -0.001547592004
193.05 193 193.1 -0.00343300674
193.15 193.1 193.2 -0.0007899839579
193.25 193.2 193.3 -0.004294100197
193.35 193.3 193.4 -0.00395096118
193.45 193.4 193.5 -0.002204625511
193.55 193.5 193.6 -0.00256327024
193.65 193.6 193.7 -0.001602655257
193.75 193.7 193.8 -0.002731661612
193.85 193.8 193.9 -8.56397439e-05
193.95 193.9 194 -0.001674230339
194.05 194 194.1 -0.002783615024
194.15 194.1 194.2 -0.004443811055
194.25 194.2 194.3 -0.002456866728
194.35 194.3 194.4 0.0007945318539
194.45 194.4 194.5 -0.001568761737
194.55 194.5 194.6 -0.0008795128999
194.65 194.6 194.7 -0.004942311692
194.75 194.7 194.8 -0.002379274418
194.85 194.8 194.9 -0.002122754269
194.95 194.9 195 -0.001618740766
195.05 195 195.1 -0.001349637064
195.15 195.1 195.2 -0.0007960616281
195.25 195.2 195.3 -0.001928280765
195.35 195.3 195.4 -0.002091173456
195.45 195.4 195.5 -0.0021581834
195.55 195.5 195.6 -0.001676833493
195.65 195.6 195.7 -0.0006905809628
195.75 195.7 195.8 -0.00286997496
195.85 195.8 195.9 -0.003084245282
195.95 195.9 196 -0.00426984313
196.05 196 196.1 -0.003495015084
196.15 196.1 196.2 -0.003215556562
196.25 196.2 196.3 -0.003144051122
196.35 196.3 196.4 -0.00243553687
196.45 196.4 196.5 -0.001221922285
196.55 196.5 196.6 -0.004472350596
196.65 196.6 196.7 -0.002610899207
196.75 196.7 196.8 -0.004353847956
196.85 196.8 196.9 -0.003512925545
196.95 196.9 197 -0.004322894245
197.05 197 197.1 -0.002864195237
197.15 197.1 197.2 -0.002226693305
197.25 197.2 197.3 -0.003286566721
197.35 197.3 197.4 -0.002251944288
197.45 197.4 197.5 -0.003337310014
197.55 197.5 197.6 -0.002385624534
197.65 197.6 197.7 -0.001791615212
197.75 197.7 197.8 -0.003493126604
197.85 197.8 197.9 -0.002973910108
197.95 197.9 198 -0.003132925903
198.05 198 198.1 -0.005081512225
198.15 198.1 198.2 -0.004953098746
198.25 198.2 198.3 -0.002329510721
198.35 198.3 198.4 -0.0005715444486
198.45 198.4 198.5 -0.002696860573
198.55 198.5 198.6 -0.002624513171
198.65 198.6 198.7 -0.003302569804
198.75 198.7 198.8 -0.001318891274
198.85 198.8 198.9 -0.001827427146
198.95 198.9 199 -0.00081821547
199.05 199 199.1 -0.001054056846
199.15 199.1 199.2 -0.003194080814
199.25 199.2 199.3 -0.0008799359041
199.35 199.3 199.4 -0.001761688801
199.45 199.4 199.5 -0.002858772656
199.55 199.5 199.6 -0.002185499216
199.65 199.6 199.7 -0.002543995858
199.75 199.7 199.8 -0.003813749752
199.85 199.8 199.9 -0.002104533161
199.95 199.9 200 -0.004615341462
