# Columns: s_cen(1) s_min(2) s_max(3) xi_iso(4)
0.05 0 0.1 48.38847566
0.15 0.1 0.2 14.82915429
0.25 0.2 0.3 14.67705687
0.35 0.3 0.4 17.33096108
0.45 0.4 0.5 21.9326319
0.55 0.5 0.6 21.7009849
0.65 0.6 0.7 22.52651598
0.75 0.7 0.8 22.42618468
0.85 0.8 0.9 21.4603588
0.95 0.9 1 19.99945554
1.05 1 1.1 19.64167011
1.15 1.1 1.2 19.45505829
1.25 1.2 1.3 17.83575075
1.35 1.3 1.4 17.44820934
1.45 1.4 1.5 16.32570389
1.55 1.5 1.6 16.1538845
1.65 1.6 1.7 15.47182585
1.75 1.7 1.8 13.89000455
1.85 1.8 1.9 13.06999104
1.95 1.9 2 11.88437631
2.05 2 2.1 12.05411791
2.15 2.1 2.2 11.05585946
2.25 2.2 2.3 10.40342118
2.35 2.3 2.4 9.729775653
2.45 2.4 2.5 9.15000092
2.55 2.5 2.6 8.899014149
2.65 2.6 2.7 8.29016467
2.75 2.7 2.8 7.87266902
2.85 2.8 2.9 7.366315556
2.95 2.9 3 6.993778342
3.05 3 3.1 6.647471787
3.15 3.1 3.2 6.244446201
3.25 3.2 3.3 6.058286648
3.35 3.3 3.4 5.922060688
3.45 3.4 3.5 5.747998408
3.55 3.5 3.6 5.272609087
3.65 3.6 3.7 5.193140173
3.75 3.7 3.8 4.943089114
3.85 3.8 3.9 4.811808394
3.95 3.9 4 4.725803318
4.05 4 4.1 4.525646864
4.15 4.1 4.2 4.419806233
4.25 4.2 4.3 4.238618985
4.35 4.3 4.4 4.163831384
4.45 4.4 4.5 3.977762008
4.55 4.5 4.6 3.797597804
4.65 4.6 4.7 3.720198248
4.75 4.7 4.8 3.634728837
4.85 4.8 4.9 3.433264055
4.95 4.9 5 3.345874169
5.05 5 5.1 3.419976461
5.15 5.1 5.2 3.23380652
5.25 5.2 5.3 3.153366912
5.35 5.3 5.4 3.072005266
5.45 5.4 5.5 2.979323646
5.55 5.5 5.6 2.855361958
5.65 5.6 5.7 2.811961166
5.75 5.7 5.8 2.681504762
5.85 5.8 5.9 2.795211213
5.95 5.9 6 2.610029356
6.05 6 6.1 2.538392009
6.15 6.1 6.2 2.431735662
6.25 6.2 6.3 2.414776027
6.35 6.3 6.4 2.361322248
6.45 6.4 6.5 2.282746299
6.55 6.5 6.6 2.218780692
6.65 6.6 6.7 2.204012405
6.75 6.7 6.8 2.120469117
6.85 6.8 6.9 2.118105159
6.95 6.9 7 2.066053896
7.05 7 7.1 2.018622591
7.15 7.1 7.2 1.986816374
7.25 7.2 7.3 1.9152836
7.35 7.3 7.4 1.854347187
7.45 7.4 7.5 1.817545912
7.55 7.5 7.6 1.807599981
7.65 7.6 7.7 1.768508953
7.75 7.7 7.8 1.681662526
7.85 7.8 7.9 1.697588582
7.95 7.9 8 1.660897771
8.05 8 8.1 1.607064214
8.15 8.1 8.2 1.548366916
8.25 8.2 8.3 1.522837064
8.35 8.3 8.4 1.487130936
8.45 8.4 8.5 1.480099009
8.55 8.5 8.6 1.428848261
8.65 8.6 8.7 1.381371693
8.75 8.7 8.8 1.380368768
8.85 8.8 8.9 1.365602834
8.95 8.9 9 1.308995611
9.05 9 9.1 1.311745966
9.15 9.1 9.2 1.301199537
9.25 9.2 9.3 1.220819874
9.35 9.3 9.4 1.24980624
9.45 9.4 9.5 1.219250269
9.55 9.5 9.6 1.214250691
9.65 9.6 9.7 1.169193581
9.75 9.7 9.8 1.120655207
9.85 9.8 9.9 1.109234808
9.95 9.9 10 1.080238561
10.05 10 10.1 1.075467524
10.15 10.1 10.2 1.077878261
10.25 10.2 10.3 1.034543725
10.35 10.3 10.4 1.014383093
10.45 10.4 10.5 1.002357667
10.55 10.5 10.6 0.979679873
10.65 10.6 10.7 0.9878647655
10.75 10.7 10.8 0.9508634403
10.85 10.8 10.9 0.9655239067
10.95 10.9 11 0.8948174574
11.05 11 11.1 0.9152117478
11.15 11.1 11.2 0.9115167937
11.25 11.2 11.3 0.880826966
11.35 11.3 11.4 0.8535365783
11.45 11.4 11.5 0.851976288
11.55 11.5 11.6 0.8522259275
11.65 11.6 11.7 0.8050328676
11.75 11.7 11.8 0.8331707373
11.85 11.8 11.9 0.8001277511
11.95 11.9 12 0.808522221
12.05 12 12.1 0.7876183119
12.15 12.1 12.2 0.7368685842
12.25 12.2 12.3 0.7490376321
12.35 12.3 12.4 0.732062998
12.45 12.4 12.5 0.7244370926
12.55 12.5 12.6 0.7163344847
12.65 12.6 12.7 0.723038749
12.75 12.7 12.8 0.699387697
12.85 12.8 12.9 0.6878279351
12.95 12.9 13 0.6662148188
13.05 13 13.1 0.648739278
13.15 13.1 13.2 0.6563492
13.25 13.2 13.3 0.6617915344
13.35 13.3 13.4 0.6446473062
13.45 13.4 13.5 0.6414208526
13.55 13.5 13.6 0.6213642946
13.65 13.6 13.7 0.6194029575
13.75 13.7 13.8 0.5996787214
13.85 13.8 13.9 0.5884707956
13.95 13.9 14 0.5838273267
14.05 14 14.1 0.5659803917
14.15 14.1 14.2 0.5576607246
14.25 14.2 14.3 0.5604001771
14.35 14.3 14.4 0.5557776842
14.45 14.4 14.5 0.5380648935
14.55 14.5 14.6 0.5430363329
14.65 14.6 14.7 0.5091336453
14.75 14.7 14.8 0.5252593863
14.85 14.8 14.9 0.527652251
14.95 14.9 15 0.5152028738
15.05 15 15.1 0.4795137774
15.15 15.1 15.2 0.494492247
15.25 15.2 15.3 0.4787380617
15.35 15.3 15.4 0.4777150865
15.45 15.4 15.5 0.4573518479
15.55 15.5 15.6 0.4756447898
15.65 15.6 15.7 0.4746758198
15.75 15.7 15.8 0.466693153
15.85 15.8 15.9 0.4347617052
15.95 15.9 16 0.446562004
16.05 16 16.1 0.4490936323
16.15 16.1 16.2 0.4441735697
16.25 16.2 16.3 0.4415687045
16.35 16.3 16.4 0.4441282412
16.45 16.4 16.5 0.4234820194
16.55 16.5 16.6 0.4114834069
16.65 16.6 16.7 0.425930551
16.75 16.7 16.8 0.4065213169
16.85 16.8 16.9 0.4059733834
16.95 16.9 17 0.4204951266
17.05 17 17.1 0.3878520382
17.15 17.1 17.2 0.3989880921
17.25 17.2 17.3 0.394290214
17.35 17.3 17.4 0.3701767354
17.45 17.4 17.5 0.3736148616
17.55 17.5 17.6 0.3711387631
17.65 17.6 17.7 0.3737101968
17.75 17.7 17.8 0.3662243643
17.85 17.8 17.9 0.3573627903
17.95 17.9 18 0.376678927
18.05 18 18.1 0.3499787723
18.15 18.1 18.2 0.347685074
18.25 18.2 18.3 0.3590576247
18.35 18.3 18.4 0.3341068495
18.45 18.4 18.5 0.3424637667
18.55 18.5 18.6 0.3398847341
18.65 18.6 18.7 0.3335384846
18.75 18.7 18.8 0.3340721089
18.85 18.8 18.9 0.3125274944
18.95 18.9 19 0.3231101093
19.05 19 19.1 0.3303468121
19.15 19.1 19.2 0.3048377233
19.25 19.2 19.3 0.3184442838
19.35 19.3 19.4 0.2954030703
19.45 19.4 19.5 0.3116160942
19.55 19.5 19.6 0.3072147068
19.65 19.6 19.7 0.2880299145
19.75 19.7 19.8 0.2935683387
19.85 19.8 19.9 0.3027676934
19.95 19.9 20 0.2857197427
20.05 20 20.1 0.2853928534
20.15 20.1 20.2 0.2670136586
20.25 20.2 20.3 0.2711960988
20.35 20.3 20.4 0.2702105242
20.45 20.4 20.5 0.263236119
20.55 20.5 20.6 0.2808156517
20.65 20.6 20.7 0.271332676
20.75 20.7 20.8 0.2563565686
20.85 20.8 20.9 0.2785030865
20.95 20.9 21 0.264127472
21.05 21 21.1 0.2647631927
21.15 21.1 21.2 0.2619936975
21.25 21.2 21.3 0.2562796457
21.35 21.3 21.4 0.2478464977
21.45 21.4 21.5 0.2444087712
21.55 21.5 21.6 0.2526584324
21.65 21.6 21.7 0.2371751781
21.75 21.7 21.8 0.2430651831
21.85 21.8 21.9 0.2437538709
21.95 21.9 22 0.2297190263
22.05 22 22.1 0.2340901735
22.15 22.1 22.2 0.2368018017
22.25 22.2 22.3 0.2362490846
22.35 22.3 22.4 0.2326391669
22.45 22.4 22.5 0.2334252989
22.55 22.5 22.6 0.2143165965
22.65 22.6 22.7 0.2257755067
22.75 22.7 22.8 0.213304006
22.85 22.8 22.9 0.2176545556
22.95 22.9 23 0.2122950558
23.05 23 23.1 0.2157514469
23.15 23.1 23.2 0.1983045095
23.25 23.2 23.3 0.2117259696
23.35 23.3 23.4 0.1984808488
23.45 23.4 23.5 0.1926944696
23.55 23.5 23.6 0.2153089162
23.65 23.6 23.7 0.204457406
23.75 23.7 23.8 0.2037582347
23.85 23.8 23.9 0.1965011839
23.95 23.9 24 0.2035634298
24.05 24 24.1 0.191544284
24.15 24.1 24.2 0.1903322694
24.25 24.2 24.3 0.1833267153
24.35 24.3 24.4 0.1852138733
24.45 24.4 24.5 0.1872261674
24.55 24.5 24.6 0.1815314722
24.65 24.6 24.7 0.1812677398
24.75 24.7 24.8 0.1763785934
24.85 24.8 24.9 0.1882150942
24.95 24.9 25 0.176395328
25.05 25 25.1 0.1775070066
25.15 25.1 25.2 0.1677899462
25.25 25.2 25.3 0.1731918752
25.35 25.3 25.4 0.1734968869
25.45 25.4 25.5 0.1684197456
25.55 25.5 25.6 0.1729288673
25.65 25.6 25.7 0.1706929755
25.75 25.7 25.8 0.155027032
25.85 25.8 25.9 0.1580562085
25.95 25.9 26 0.1646076806
26.05 26 26.1 0.1537277412
26.15 26.1 26.2 0.1614173162
26.25 26.2 26.3 0.1655671966
26.35 26.3 26.4 0.1584014694
26.45 26.4 26.5 0.1522758945
26.55 26.5 26.6 0.1499740396
26.65 26.6 26.7 0.145399667
26.75 26.7 26.8 0.1493725406
26.85 26.8 26.9 0.1605242926
26.95 26.9 27 0.144511636
27.05 27 27.1 0.1507189847
27.15 27.1 27.2 0.1482548502
27.25 27.2 27.3 0.1473716492
27.35 27.3 27.4 0.1401236427
27.45 27.4 27.5 0.1457313178
27.55 27.5 27.6 0.1379027055
27.65 27.6 27.7 0.1418979211
27.75 27.7 27.8 0.1328773231
27.85 27.8 27.9 0.1308336445
27.95 27.9 28 0.1346784938
28.05 28 28.1 0.1269481134
28.15 28.1 28.2 0.1426034165
28.25 28.2 28.3 0.1369668077
28.35 28.3 28.4 0.1312054011
28.45 28.4 28.5 0.127367852
28.55 28.5 28.6 0.1244240193
28.65 28.6 28.7 0.1266142365
28.75 28.7 28.8 0.1281428286
28.85 28.8 28.9 0.1240776306
28.95 28.9 29 0.1285252644
29.05 29 29.1 0.1321985223
29.15 29.1 29.2 0.1173528821
29.25 29.2 29.3 0.1269505586
29.35 29.3 29.4 0.1077057744
29.45 29.4 29.5 0.1174536003
29.55 29.5 29.6 0.1203201051
29.65 29.6 29.7 0.1138527336
29.75 29.7 29.8 0.1077301257
29.85 29.8 29.9 0.1168997477
29.95 29.9 30 0.1144343398
30.05 30 30.1 0.1082219816
30.15 30.1 30.2 0.1176606535
30.25 30.2 30.3 0.1111515271
30.35 30.3 30.4 0.1092108907
30.45 30.4 30.5 0.1058379342
30.55 30.5 30.6 0.1080407851
30.65 30.6 30.7 0.1083639705
30.75 30.7 30.8 0.09725448957
30.85 30.8 30.9 0.1030334691
30.95 30.9 31 0.1071738136
31.05 31 31.1 0.1002275683
31.15 31.1 31.2 0.09685357811
31.25 31.2 31.3 0.09430852964
31.35 31.3 31.4 0.0985843957
31.45 31.4 31.5 0.1049239679
31.55 31.5 31.6 0.09294934014
31.65 31.6 31.7 0.09639861037
31.75 31.7 31.8 0.09842872256
31.85 31.8 31.9 0.1049351871
31.95 31.9 32 0.09118193292
32.05 32 32.1 0.107690148
32.15 32.1 32.2 0.09137745917
32.25 32.2 32.3 0.09461354627
32.35 32.3 32.4 0.09695265574
32.45 32.4 32.5 0.1063644673
32.55 32.5 32.6 0.08587926912
32.65 32.6 32.7 0.09100611012
32.75 32.7 32.8 0.09390956759
32.85 32.8 32.9 0.08768062034
32.95 32.9 33 0.08896743965
33.05 33 33.1 0.08938864913
33.15 33.1 33.2 0.0869449022
33.25 33.2 33.3 0.09352417962
33.35 33.3 33.4 0.09071427468
33.45 33.4 33.5 0.08686535326
33.55 33.5 33.6 0.08141455197
33.65 33.6 33.7 0.08518249472
33.75 33.7 33.8 0.08628598771
33.85 33.8 33.9 0.08998484635
33.95 33.9 34 0.08544679105
34.05 34 34.1 0.08692882448
34.15 34.1 34.2 0.07204723775
34.25 34.2 34.3 0.08373054817
34.35 34.3 34.4 0.08529721821
34.45 34.4 34.5 0.07731438783
34.55 34.5 34.6 0.08183115897
34.65 34.6 34.7 0.0778088298
34.75 34.7 34.8 0.08056051173
34.85 34.8 34.9 0.07235189716
34.95 34.9 35 0.07857920342
35.05 35 35.1 0.07620152957
35.15 35.1 35.2 0.08101013424
35.25 35.2 35.3 0.07737533741
35.35 35.3 35.4 0.07423887859
35.45 35.4 35.5 0.07140775327
35.55 35.5 35.6 0.07289365326
35.65 35.6 35.7 0.06745668857
35.75 35.7 35.8 0.0748793234
35.85 35.8 35.9 0.06798082254
35.95 35.9 36 0.06626650085
36.05 36 36.1 0.07107347649
36.15 36.1 36.2 0.06742784505
36.25 36.2 36.3 0.06483510758
36.35 36.3 36.4 0.0714495648
36.45 36.4 36.5 0.06331118479
36.55 36.5 36.6 0.07147440949
36.65 36.6 36.7 0.06212265004
36.75 36.7 36.8 0.07181510018
36.85 36.8 36.9 0.06434757774
36.95 36.9 37 0.06951029814
37.05 37 37.1 0.05757347907
37.15 37.1 37.2 0.06355306777
37.25 37.2 37.3 0.0640214575
37.35 37.3 37.4 0.06495425233
37.45 37.4 37.5 0.06276642251
37.55 37.5 37.6 0.06237665181
37.65 37.6 37.7 0.06944849841
37.75 37.7 37.8 0.06104125952
37.85 37.8 37.9 0.06376517904
37.95 37.9 38 0.06669023267
38.05 38 38.1 0.05884752286
38.15 38.1 38.2 0.05863237554
38.25 38.2 38.3 0.06764783229
38.35 38.3 38.4 0.06126527434
38.45 38.4 38.5 0.06651916323
38.55 38.5 38.6 0.05597207322
38.65 38.6 38.7 0.05194092883
38.75 38.7 38.8 0.05961519594
38.85 38.8 38.9 0.05943513534
38.95 38.9 39 0.05168960444
39.05 39 39.1 0.06001439542
39.15 39.1 39.2 0.05927692987
39.25 39.2 39.3 0.04723117191
39.35 39.3 39.4 0.06170975319
39.45 39.4 39.5 0.05502667962
39.55 39.5 39.6 0.05667408351
39.65 39.6 39.7 0.05157635107
39.75 39.7 39.8 0.05376855301
39.85 39.8 39.9 0.05714816798
39.95 39.9 40 0.0570775404
40.05 40 40.1 0.05205363797
40.15 40.1 40.2 0.05037785293
40.25 40.2 40.3 0.05330367701
40.35 40.3 40.4 0.05347508136
40.45 40.4 40.5 0.04918575263
40.55 40.5 40.6 0.05553155127
40.65 40.6 40.7 0.04642465867
40.75 40.7 40.8 0.05880726911
40.85 40.8 40.9 0.05495672415
40.95 40.9 41 0.0520267299
41.05 41 41.1 0.04781035837
41.15 41.1 41.2 0.04958993771
41.25 41.2 41.3 0.04713318843
41.35 41.3 41.4 0.0527157664
41.45 41.4 41.5 0.04341196455
41.55 41.5 41.6 0.04672369271
41.65 41.6 41.7 0.04874626643
41.75 41.7 41.8 0.0427515308
41.85 41.8 41.9 0.04378036475
41.95 41.9 42 0.0462324913
42.05 42 42.1 0.05309250141
42.15 42.1 42.2 0.04604010886
42.25 42.2 42.3 0.04513021328
42.35 42.3 42.4 0.05115167991
42.45 42.4 42.5 0.04491295654
42.55 42.5 42.6 0.0404633627
42.65 42.6 42.7 0.04873091726
42.75 42.7 42.8 0.04301531344
42.85 42.8 42.9 0.04338737105
42.95 42.9 43 0.03735291112
43.05 43 43.1 0.04455230337
43.15 43.1 43.2 0.04419639776
43.25 43.2 43.3 0.04717140444
43.35 43.3 43.4 0.04407610725
43.45 43.4 43.5 0.04164450096
43.55 43.5 43.6 0.03787694091
43.65 43.6 43.7 0.03658645357
43.75 43.7 43.8 0.04215537018
43.85 43.8 43.9 0.04212715372
43.95 43.9 44 0.03921365665
44.05 44 44.1 0.03665232424
44.15 44.1 44.2 0.03986794635
44.25 44.2 44.3 0.04142227016
44.35 44.3 44.4 0.03821539026
44.45 44.4 44.5 0.03665399684
44.55 44.5 44.6 0.0419046483
44.65 44.6 44.7 0.04066193606
44.75 44.7 44.8 0.0379540168
44.85 44.8 44.9 0.04216513425
44.95 44.9 45 0.03457556726
45.05 45 45.1 0.03680072307
45.15 45.1 45.2 0.03852044857
45.25 45.2 45.3 0.03499639633
45.35 45.3 45.4 0.03589480934
45.45 45.4 45.5 0.0386179939
45.55 45.5 45.6 0.0385414772
45.65 45.6 45.7 0.03051183199
45.75 45.7 45.8 0.04096555807
45.85 45.8 45.9 0.03423842542
45.95 45.9 46 0.0374282565
46.05 46 46.1 0.03213292731
46.15 46.1 46.2 0.03451935078
46.25 46.2 46.3 0.03301948112
46.35 46.3 46.4 0.03343585782
46.45 46.4 46.5 0.03106236677
46.55 46.5 46.6 0.03849257178
46.65 46.6 46.7 0.03717231881
46.75 46.7 46.8 0.03287602932
46.85 46.8 46.9 0.03007257304
46.95 46.9 47 0.03426407926
47.05 47 47.1 0.03692730487
47.15 47.1 47.2 0.03228086604
47.25 47.2 47.3 0.03203588982
47.35 47.3 47.4 0.0316186922
47.45 47.4 47.5 0.02963693671
47.55 47.5 47.6 0.02938314994
47.65 47.6 47.7 0.03147152846
47.75 47.7 47.8 0.0316826323
47.85 47.8 47.9 0.03157538699
47.95 47.9 48 0.02773250715
48.05 48 48.1 0.03089743276
48.15 48.1 48.2 0.03025158515
48.25 48.2 48.3 0.02547407218
48.35 48.3 48.4 0.03318820321
48.45 48.4 48.5 0.0287921817
48.55 48.5 48.6 0.0355321642
48.65 48.6 48.7 0.02683632414
48.75 48.7 48.8 0.02579589177
48.85 48.8 48.9 0.02875055459
48.95 48.9 49 0.02735474232
49.05 49 49.1 0.03220222501
49.15 49.1 49.2 0.02756036287
49.25 49.2 49.3 0.02810560194
49.35 49.3 49.4 0.02686706572
49.45 49.4 49.5 0.03012737403
49.55 49.5 49.6 0.02756369649
49.65 49.6 49.7 0.02680072582
49.75 49.7 49.8 0.02595120332
49.85 49.8 49.9 0.0214919052
49.95 49.9 50 0.02562044802
50.05 50 50.1 0.02885716378
50.15 50.1 50.2 0.02652103856
50.25 50.2 50.3 0.02704002488
50.35 50.3 50.4 0.02383332423
50.45 50.4 50.5 0.02347548664
50.55 50.5 50.6 0.02510980438
50.65 50.6 50.7 0.02291576924
50.75 50.7 50.8 0.02620238982
50.85 50.8 50.9 0.02799950121
50.95 50.9 51 0.02880027877
51.05 51 51.1 0.02879621857
51.15 51.1 51.2 0.0232527802
51.25 51.2 51.3 0.02517418417
51.35 51.3 51.4 0.02784137576
51.45 51.4 51.5 0.02862187891
51.55 51.5 51.6 0.02144214065
51.65 51.6 51.7 0.02437834623
51.75 51.7 51.8 0.02152037803
51.85 51.8 51.9 0.02693319146
51.95 51.9 52 0.02155486009
52.05 52 52.1 0.02417780994
52.15 52.1 52.2 0.02705352238
52.25 52.2 52.3 0.02095370413
52.35 52.3 52.4 0.02105532737
52.45 52.4 52.5 0.02243681607
52.55 52.5 52.6 0.02183568536
52.65 52.6 52.7 0.02180277303
52.75 52.7 52.8 0.01864761518
52.85 52.8 52.9 0.0184995564
52.95 52.9 53 0.0203219759
53.05 53 53.1 0.02002456855
53.15 53.1 53.2 0.02192067144
53.25 53.2 53.3 0.02045444915
53.35 53.3 53.4 0.01842203218
53.45 53.4 53.5 0.01841958811
53.55 53.5 53.6 0.02068980167
53.65 53.6 53.7 0.02037442967
53.75 53.7 53.8 0.02194588185
53.85 53.8 53.9 0.01871259394
53.95 53.9 54 0.01629733517
54.05 54 54.1 0.01403256614
54.15 54.1 54.2 0.0220983652
54.25 54.2 54.3 0.01695052889
54.35 54.3 54.4 0.01705309384
54.45 54.4 54.5 0.01778096352
54.55 54.5 54.6 0.01913570921
54.65 54.6 54.7 0.01784942845
54.75 54.7 54.8 0.01878709117
54.85 54.8 54.9 0.01919885607
54.95 54.9 55 0.01860015497
55.05 55 55.1 0.01966934581
55.15 55.1 55.2 0.02121481781
55.25 55.2 55.3 0.02011635605
55.35 55.3 55.4 0.0186691311
55.45 55.4 55.5 0.02304674993
55.55 55.5 55.6 0.01672849164
55.65 55.6 55.7 0.01626880581
55.75 55.7 55.8 0.01851279558
55.85 55.8 55.9 0.015963822
55.95 55.9 56 0.01920139504
56.05 56 56.1 0.01864737828
56.15 56.1 56.2 0.0154736578
56.25 56.2 56.3 0.01895094277
56.35 56.3 56.4 0.01888308842
56.45 56.4 56.5 0.01932057477
56.55 56.5 56.6 0.01931749721
56.65 56.6 56.7 0.01289422932
56.75 56.7 56.8 0.01541581474
56.85 56.8 56.9 0.01896985033
56.95 56.9 57 0.01939095067
57.05 57 57.1 0.01305544839
57.15 57.1 57.2 0.01659146063
57.25 57.2 57.3 0.02178456693
57.35 57.3 57.4 0.01887588216
57.45 57.4 57.5 0.01937612206
57.55 57.5 57.6 0.01654904823
57.65 57.6 57.7 0.0143134902
57.75 57.7 57.8 0.02151670159
57.85 57.8 57.9 0.01670389252
57.95 57.9 58 0.01718492943
58.05 58 58.1 0.0177530481
58.15 58.1 58.2 0.01204294411
58.25 58.2 58.3 0.01652885299
58.35 58.3 58.4 0.01435849571
58.45 58.4 58.5 0.01416160165
58.55 58.5 58.6 0.01422463719
58.65 58.6 58.7 0.01450148575
58.75 58.7 58.8 0.01506393133
58.85 58.8 58.9 0.01341609088
58.95 58.9 59 0.01375458443
59.05 59 59.1 0.01588624046
59.15 59.1 59.2 0.01539095471
59.25 59.2 59.3 0.01262501233
59.35 59.3 59.4 0.01391630222
59.45 59.4 59.5 0.01473202943
59.55 59.5 59.6 0.01189939707
59.65 59.6 59.7 0.01328406221
59.75 59.7 59.8 0.01446111742
59.85 59.8 59.9 0.0135790678
59.95 59.9 60 0.01353988287
60.05 60 60.1 0.01520106504
60.15 60.1 60.2 0.01491668864
60.25 60.2 60.3 0.01324051284
60.35 60.3 60.4 0.01484129534
60.45 60.4 60.5 0.01313030279
60.55 60.5 60.6 0.01227488333
60.65 60.6 60.7 0.01306819546
60.75 60.7 60.8 0.01544537435
60.85 60.8 60.9 0.01235824831
60.95 60.9 61 0.01263140136
61.05 61 61.1 0.01537825754
61.15 61.1 61.2 0.007953782594
61.25 61.2 61.3 0.01216717639
61.35 61.3 61.4 0.01044120776
61.45 61.4 61.5 0.01361995663
61.55 61.5 61.6 0.0116519497
61.65 61.6 61.7 0.01532909062
61.75 61.7 61.8 0.01506670089
61.85 61.8 61.9 0.01198747159
61.95 61.9 62 0.01240052049
62.05 62 62.1 0.013195741
62.15 62.1 62.2 0.01088696878
62.25 62.2 62.3 0.008426228143
62.35 62.3 62.4 0.009880182936
62.45 62.4 62.5 0.01093271498
62.55 62.5 62.6 0.01329882279
62.65 62.6 62.7 0.01341244403
62.75 62.7 62.8 0.01103276003
62.85 62.8 62.9 0.01258076925
62.95 62.9 63 0.00920376108
63.05 63 63.1 0.01324041574
63.15 63.1 63.2 0.01305586491
63.25 63.2 63.3 0.01331477597
63.35 63.3 63.4 0.01134039968
63.45 63.4 63.5 0.01530522911
63.55 63.5 63.6 0.01356214523
63.65 63.6 63.7 0.01371384681
63.75 63.7 63.8 0.01030265383
63.85 63.8 63.9 0.01334278614
63.95 63.9 64 0.01620412846
64.05 64 64.1 0.009903334011
64.15 64.1 64.2 0.009297471206
64.25 64.2 64.3 0.01052858258
64.35 64.3 64.4 0.008820694726
64.45 64.4 64.5 0.01292378346
64.55 64.5 64.6 0.009808594865
64.65 64.6 64.7 0.01529621809
64.75 64.7 64.8 0.008986196585
64.85 64.8 64.9 0.01180892773
64.95 64.9 65 0.01141284772
65.05 65 65.1 0.006883549919
65.15 65.1 65.2 0.0109258578
65.25 65.2 65.3 0.008322058356
65.35 65.3 65.4 0.01182205384
65.45 65.4 65.5 0.007584905241
65.55 65.5 65.6 0.009575810523
65.65 65.6 65.7 0.01181712939
65.75 65.7 65.8 0.0139169781
65.85 65.8 65.9 0.007851002564
65.95 65.9 66 0.008835404517
66.05 66 66.1 0.009544139297
66.15 66.1 66.2 0.01209288494
66.25 66.2 66.3 0.008433708839
66.35 66.3 66.4 0.01067708141
66.45 66.4 66.5 0.01100996778
66.55 66.5 66.6 0.009080406601
66.65 66.6 66.7 0.007945695327
66.75 66.7 66.8 0.01189576542
66.85 66.8 66.9 0.007970853672
66.95 66.9 67 0.01148638389
67.05 67 67.1 0.008124125537
67.15 67.1 67.2 0.01173090791
67.25 67.2 67.3 0.005384336708
67.35 67.3 67.4 0.01050240446
67.45 67.4 67.5 0.009913997032
67.55 67.5 67.6 0.008788441061
67.65 67.6 67.7 0.0114464887
67.75 67.7 67.8 0.009944731638
67.85 67.8 67.9 0.01106883437
67.95 67.9 68 0.003776498144
68.05 68 68.1 0.009860464779
68.15 68.1 68.2 0.009064673126
68.25 68.2 68.3 0.01018767264
68.35 68.3 68.4 0.01217076677
68.45 68.4 68.5 0.01163069397
68.55 68.5 68.6 0.009847235171
68.65 68.6 68.7 0.008654768102
68.75 68.7 68.8 0.006883012599
68.85 68.8 68.9 0.008135343411
68.95 68.9 69 0.008342025548
69.05 69 69.1 0.004722654467
69.15 69.1 69.2 0.008513512756
69.25 69.2 69.3 0.007413554249
69.35 69.3 69.4 0.01044696599
69.45 69.4 69.5 0.009948235353
69.55 69.5 69.6 0.003934998239
69.65 69.6 69.7 0.0121895864
69.75 69.7 69.8 0.008665919303
69.85 69.8 69.9 0.004192812283
69.95 69.9 70 0.006067624995
70.05 70 70.1 0.007593074291
70.15 70.1 70.2 0.00625858704
70.25 70.2 70.3 0.005146452869
70.35 70.3 70.4 0.007588880176
70.45 70.4 70.5 0.003943926031
70.55 70.5 70.6 0.007242750988
70.65 70.6 70.7 0.006628100229
70.75 70.7 70.8 0.00521783154
70.85 70.8 70.9 0.004956605467
70.95 70.9 71 0.005891004015
71.05 71 71.1 0.006078799395
71.15 71.1 71.2 0.006922728699
71.25 71.2 71.3 0.01014598505
71.35 71.3 71.4 0.006050220392
71.45 71.4 71.5 0.005094125732
71.55 71.5 71.6 0.007626071726
71.65 71.6 71.7 0.007156097669
71.75 71.7 71.8 0.007413714917
71.85 71.8 71.9 0.006128274629
71.95 71.9 72 0.004433261154
72.05 72 72.1 0.007200562039
72.15 72.1 72.2 0.002245011137
72.25 72.2 72.3 0.006651855089
72.35 72.3 72.4 0.004542810925
72.45 72.4 72.5 0.005440423297
72.55 72.5 72.6 0.004405098377
72.65 72.6 72.7 0.00559203807
72.75 72.7 72.8 0.005010807903
72.85 72.8 72.9 0.001247120434
72.95 72.9 73 0.003874716578
73.05 73 73.1 0.007140632568
73.15 73.1 73.2 0.006262305347
73.25 73.2 73.3 0.002570613383
73.35 73.3 73.4 0.008216316399
73.45 73.4 73.5 0.007010105272
73.55 73.5 73.6 0.007000648861
73.65 73.6 73.7 0.004485876555
73.75 73.7 73.8 0.007106996455
73.85 73.8 73.9 0.006284149101
73.95 73.9 74 0.004271792539
74.05 74 74.1 0.005180082048
74.15 74.1 74.2 0.005467867173
74.25 74.2 74.3 0.008392120259
74.35 74.3 74.4 0.004138266228
74.45 74.4 74.5 0.00190004421
74.55 74.5 74.6 0.00787786042
74.65 74.6 74.7 0.006665703587
74.75 74.7 74.8 0.002842729693
74.85 74.8 74.9 0.004508017347
74.95 74.9 75 0.006355654538
75.05 75 75.1 0.008752290706
75.15 75.1 75.2 0.005685511302
75.25 75.2 75.3 0.005607037638
75.35 75.3 75.4 0.005308975325
75.45 75.4 75.5 0.004346788641
75.55 75.5 75.6 0.006149213306
75.65 75.6 75.7 0.003143094538
75.75 75.7 75.8 0.00555657959
75.85 75.8 75.9 0.005606104765
75.95 75.9 76 0.002935904658
76.05 76 76.1 0.006922311963
76.15 76.1 76.2 0.007765011921
76.25 76.2 76.3 0.005069806258
76.35 76.3 76.4 0.004896840498
76.45 76.4 76.5 0.003302621901
76.55 76.5 76.6 0.005010143606
76.65 76.6 76.7 0.002544525633
76.75 76.7 76.8 0.0007934735358
76.85 76.8 76.9 0.00546296854
76.95 76.9 77 0.002629970654
77.05 77 77.1 0.003727786163
77.15 77.1 77.2 0.002295628574
77.25 77.2 77.3 0.003558550219
77.35 77.3 77.4 0.005447182557
77.45 77.4 77.5 0.003596614554
77.55 77.5 77.6 0.003723430435
77.65 77.6 77.7 0.007930873191
77.75 77.7 77.8 0.00433702945
77.85 77.8 77.9 0.004889058404
77.95 77.9 78 0.007258326082
78.05 78 78.1 0.005815496814
78.15 78.1 78.2 0.00147287993
78.25 78.2 78.3 0.007519914955
78.35 78.3 78.4 0.004035839318
78.45 78.4 78.5 0.003779952179
78.55 78.5 78.6 0.006482610467
78.65 78.6 78.7 0.006351965633
78.75 78.7 78.8 0.004923853019
78.85 78.8 78.9 0.007226128932
78.95 78.9 79 0.007716712753
79.05 79 79.1 0.006770611381
79.15 79.1 79.2 0.004089121224
79.25 79.2 79.3 0.00368973659
79.35 79.3 79.4 0.004430149113
79.45 79.4 79.5 0.003325949557
79.55 79.5 79.6 0.004478888617
79.65 79.6 79.7 0.005267747755
79.75 79.7 79.8 0.007378545347
79.85 79.8 79.9 0.004259267671
79.95 79.9 80 0.001601973338
80.05 80 80.1 0.006097646298
80.15 80.1 80.2 0.003097931932
80.25 80.2 80.3 0.005898375716
80.35 80.3 80.4 0.004561556031
80.45 80.4 80.5 0.004797089044
80.55 80.5 80.6 0.006170909988
80.65 80.6 80.7 0.003850526369
80.75 80.7 80.8 0.002931298348
80.85 80.8 80.9 0.00541018528
80.95 80.9 81 0.005200209369
81.05 81 81.1 0.004728244821
81.15 81.1 81.2 0.001605991761
81.25 81.2 81.3 0.000651099929
81.35 81.3 81.4 0.005704839818
81.45 81.4 81.5 0.005593992455
81.55 81.5 81.6 0.005517393696
81.65 81.6 81.7 0.002390880819
81.75 81.7 81.8 0.006454833212
81.85 81.8 81.9 0.003501757827
81.95 81.9 82 0.003929532451
82.05 82 82.1 0.003701177477
82.15 82.1 82.2 0.006769030825
82.25 82.2 82.3 0.002944792162
82.35 82.3 82.4 0.002416481399
82.45 82.4 82.5 0.002830500298
82.55 82.5 82.6 0.004526799059
82.65 82.6 82.7 0.003213851183
82.75 82.7 82.8 0.004801693657
82.85 82.8 82.9 0.004349027009
82.95 82.9 83 0.00495355899
83.05 83 83.1 0.002628302108
83.15 83.1 83.2 0.004297853102
83.25 83.2 83.3 0.004816223904
83.35 83.3 83.4 0.006291433734
83.45 83.4 83.5 0.003058704837
83.55 83.5 83.6 0.003614723705
83.65 83.6 83.7 0.005759967016
83.75 83.7 83.8 0.002957183006
83.85 83.8 83.9 0.004343423408
83.95 83.9 84 0.004188333903
84.05 84 84.1 0.004776594116
84.15 84.1 84.2 0.003149704723
84.25 84.2 84.3 0.004859721462
84.35 84.3 84.4 0.005619148608
84.45 84.4 84.5 0.0008870347837
84.55 84.5 84.6 0.003420410322
84.65 84.6 84.7 0.001708916404
84.75 84.7 84.8 0.004154094969
84.85 84.8 84.9 -0.0009945262412
84.95 84.9 85 0.003567450054
85.05 85 85.1 0.003984464144
85.15 85.1 85.2 0.002811713946
85.25 85.2 85.3 0.002911475228
85.35 85.3 85.4 0.006376669477
85.45 85.4 85.5 0.003237963782
85.55 85.5 85.6 0.001770586572
85.65 85.6 85.7 0.006097344127
85.75 85.7 85.8 0.002891387382
85.85 85.8 85.9 0.002065770393
85.95 85.9 86 0.004814496106
86.05 86 86.1 0.002579015603
86.15 86.1 86.2 0.004500062415
86.25 86.2 86.3 0.003811850291
86.35 86.3 86.4 0.001112900485
86.45 86.4 86.5 0.00286337688
86.55 86.5 86.6 0.003717202057
86.65 86.6 86.7 0.003290507566
86.75 86.7 86.8 0.007307303663
86.85 86.8 86.9 0.002366553128
86.95 86.9 87 0.0003129078358
87.05 87 87.1 0.002900150372
87.15 87.1 87.2 0.0069828371
87.25 87.2 87.3 0.004669902428
87.35 87.3 87.4 0.004247821537
87.45 87.4 87.5 0.005753813479
87.55 87.5 87.6 0.00192993553
87.65 87.6 87.7 0.001249503518
87.75 87.7 87.8 0.002438060266
87.85 87.8 87.9 0.001852545816
87.95 87.9 88 0.004179863713
88.05 88 88.1 0.007638280814
88.15 88.1 88.2 0.002335842005
88.25 88.2 88.3 0.002575805534
88.35 88.3 88.4 0.001553923086
88.45 88.4 88.5 0.001002098285
88.55 88.5 88.6 0.004032570795
88.65 88.6 88.7 0.003332969835
88.75 88.7 88.8 0.003287407881
88.85 88.8 88.9 6.118095614e-05
88.95 88.9 89 0.002094721773
89.05 89 89.1 0.00270634157
89.15 89.1 89.2 0.002898907496
89.25 89.2 89.3 0.0009047767041
89.35 89.3 89.4 0.001306311154
89.45 89.4 89.5 0.0007253150282
89.55 89.5 89.6 0.002616456449
89.65 89.6 89.7 0.002229039489
89.75 89.7 89.8 0.003516827513
89.85 89.8 89.9 0.002607836579
89.95 89.9 90 0.002164002308
90.05 90 90.1 0.00434541426
90.15 90.1 90.2 0.003140588833
90.25 90.2 90.3 0.001010170047
90.35 90.3 90.4 0.0007831354252
90.45 90.4 90.5 0.004035385092
90.55 90.5 90.6 0.001178645793
90.65 90.6 90.7 0.0007215267871
90.75 90.7 90.8 0.000687490199
90.85 90.8 90.9 0.002970725738
90.95 90.9 91 0.003440860229
91.05 91 91.1 0.001731857391
91.15 91.1 91.2 0.005403562375
91.25 91.2 91.3 0.003557481198
91.35 91.3 91.4 0.002263329759
91.45 91.4 91.5 0.001395420233
91.55 91.5 91.6 0.00136335542
91.65 91.6 91.7 0.003123274671
91.75 91.7 91.8 0.002945534393
91.85 91.8 91.9 0.003659196246
91.95 91.9 92 0.003784204864
92.05 92 92.1 0.00225939155
92.15 92.1 92.2 0.004176188177
92.25 92.2 92.3 0.003342732082
92.35 92.3 92.4 0.004184721802
92.45 92.4 92.5 0.002664357917
92.55 92.5 92.6 0.002021767655
92.65 92.6 92.7 0.004402166483
92.75 92.7 92.8 0.002133444936
92.85 92.8 92.9 0.004732819392
92.95 92.9 93 0.003232180059
93.05 93 93.1 0.002164237245
93.15 93.1 93.2 0.004245669682
93.25 93.2 93.3 0.0008091599698
93.35 93.3 93.4 0.005603746251
93.45 93.4 93.5 0.002034870685
93.55 93.5 93.6 0.00185096554
93.65 93.6 93.7 0.002760216736
93.75 93.7 93.8 0.002628935981
93.85 93.8 93.9 0.001215484388
93.95 93.9 94 0.004907590605
94.05 94 94.1 0.004291832042
94.15 94.1 94.2 0.001375284083
94.25 94.2 94.3 0.004489893354
94.35 94.3 94.4 0.004224441074
94.45 94.4 94.5 0.00295395926
94.55 94.5 94.6 0.001730355393
94.65 94.6 94.7 0.004084113823
94.75 94.7 94.8 0.003871245757
94.85 94.8 94.9 0.003756111766
94.95 94.9 95 0.005683373713
95.05 95 95.1 0.0008060842848
95.15 95.1 95.2 0.002353171259
95.25 95.2 95.3 0.002508981258
95.35 95.3 95.4 0.001515093969
95.45 95.4 95.5 0.002838704895
95.55 95.5 95.6 0.002959518254
95.65 95.6 95.7 0.001101356682
95.75 95.7 95.8 0.002325959295
95.85 95.8 95.9 0.001431363701
95.95 95.9 96 0.004727500546
96.05 96 96.1 0.00270467525
96.15 96.1 96.2 0.00572370013
96.25 96.2 96.3 0.003794312819
96.35 96.3 96.4 0.003682953321
96.45 96.4 96.5 0.003605098137
96.55 96.5 96.6 0.00113617886
96.65 96.6 96.7 0.004522396425
96.75 96.7 96.8 0.006019712363
96.85 96.8 96.9 0.002053543778
96.95 96.9 97 0.004861208495
97.05 97 97.1 0.002953074391
97.15 97.1 97.2 0.0008883294507
97.25 97.2 97.3 0.00223179068
97.35 97.3 97.4 0.003182044249
97.45 97.4 97.5 0.002732403339
97.55 97.5 97.6 0.002915293258
97.65 97.6 97.7 0.001753847156
97.75 97.7 97.8 0.003993785761
97.85 97.8 97.9 0.004447942164
97.95 97.9 98 0.004303219364
98.05 98 98.1 0.001461273711
98.15 98.1 98.2 0.002764914507
98.25 98.2 98.3 0.002925083699
98.35 98.3 98.4 0.003069567743
98.45 98.4 98.5 1.559140844e-05
98.55 98.5 98.6 0.001854053282
98.65 98.6 98.7 0.00363075074
98.75 98.7 98.8 0.0012912259
98.85 98.8 98.9 0.0007212155922
98.95 98.9 99 0.003414536939
99.05 99 99.1 0.0006080780224
99.15 99.1 99.2 0.003097552827
99.25 99.2 99.3 0.005287328464
99.35 99.3 99.4 0.004488772587
99.45 99.4 99.5 0.00301272049
99.55 99.5 99.6 0.001261048772
99.65 99.6 99.7 0.003684151297
99.75 99.7 99.8 0.003144926253
99.85 99.8 99.9 0.005531579583
99.95 99.9 100 0.001548758097
100.05 100 100.1 0.002937493591
100.15 100.1 100.2 0.002394484544
100.25 100.2 100.3 2.772691096e-05
100.35 100.3 100.4 0.003141737408
100.45 100.4 100.5 -0.001030415925
100.55 100.5 100.6 0.002698320971
100.65 100.6 100.7 -0.000855386874
100.75 100.7 100.8 8.767926374e-05
100.85 100.8 100.9 0.003820107
100.95 100.9 101 0.001429416808
101.05 101 101.1 0.001124885133
101.15 101.1 101.2 0.001867269819
101.25 101.2 101.3 0.005190172338
101.35 101.3 101.4 0.002039251593
101.45 101.4 101.5 0.00295486166
101.55 101.5 101.6 0.001042994107
101.65 101.6 101.7 0.0007839421844
101.75 101.7 101.8 0.001638834492
101.85 101.8 101.9 0.003569877572
101.95 101.9 102 0.005268597633
102.05 102 102.1 0.002625720513
102.15 102.1 102.2 -0.000183747378
102.25 102.2 102.3 0.002082810005
102.35 102.3 102.4 0.001981049533
102.45 102.4 102.5 0.004644883668
102.55 102.5 102.6 0.003958822362
102.65 102.6 102.7 0.001106116734
102.75 102.7 102.8 0.002230082555
102.85 102.8 102.9 0.002788480682
102.95 102.9 103 0.001248811443
103.05 103 103.1 0.002161954671
103.15 103.1 103.2 0.002514041992
103.25 103.2 103.3 0.004013354143
103.35 103.3 103.4 0.002424354033
103.45 103.4 103.5 0.002774509406
103.55 103.5 103.6 0.002311397272
103.65 103.6 103.7 -0.0001330072399
103.75 103.7 103.8 0.0004031069552
103.85 103.8 103.9 0.004363349091
103.95 103.9 104 0.002634890386
104.05 104 104.1 0.004772091531
104.15 104.1 104.2 0.002286513993
104.25 104.2 104.3 0.0006107104327
104.35 104.3 104.4 0.003240879955
104.45 104.4 104.5 -1.970617547e-05
104.55 104.5 104.6 0.0004520110182
104.65 104.6 104.7 0.003244518514
104.75 104.7 104.8 0.002168404923
104.85 104.8 104.9 0.003627255359
104.95 104.9 105 0.002930015637
105.05 105 105.1 0.002002266331
105.15 105.1 105.2 0.002232538
105.25 105.2 105.3 0.002967622596
105.35 105.3 105.4 0.0009544557055
105.45 105.4 105.5 0.0002339279618
105.55 105.5 105.6 0.000347077947
105.65 105.6 105.7 0.002329018864
105.75 105.7 105.8 0.002094066103
105.85 105.8 105.9 0.001487760308
105.95 105.9 106 0.002213140961
106.05 106 106.1 0.001524345465
106.15 106.1 106.2 0.0007687260465
106.25 106.2 106.3 0.002232533714
106.35 106.3 106.4 6.592206821e-05
106.45 106.4 106.5 0.0006528236819
106.55 106.5 106.6 0.001320770997
106.65 106.6 106.7 0.0004116317025
106.75 106.7 106.8 0.003945825472
106.85 106.8 106.9 0.002855750235
106.95 106.9 107 0.002229583619
107.05 107 107.1 0.0007262425572
107.15 107.1 107.2 0.003366295476
107.25 107.2 107.3 0.0004176113872
107.35 107.3 107.4 -0.0002772701701
107.45 107.4 107.5 0.001276874927
107.55 107.5 107.6 0.001958322876
107.65 107.6 107.7 0.001403891189
107.75 107.7 107.8 0.003108442828
107.85 107.8 107.9 0.001862172775
107.95 107.9 108 0.001945372341
108.05 108 108.1 0.001252076608
108.15 108.1 108.2 0.0004834087117
108.25 108.2 108.3 0.001327128047
108.35 108.3 108.4 0.000157684496
108.45 108.4 108.5 0.001389237969
108.55 108.5 108.6 0.004149270543
108.65 108.6 108.7 0.0002965257173
108.75 108.7 108.8 0.002186943391
108.85 108.8 108.9 0.0002216648383
108.95 108.9 109 0.0008780049814
109.05 109 109.1 0.001344626624
109.15 109.1 109.2 0.002027551088
109.25 109.2 109.3 0.001861258228
109.35 109.3 109.4 3.059884293e-05
109.45 109.4 109.5 0.004685983304
109.55 109.5 109.6 0.0019151652
109.65 109.6 109.7 -0.0006094490541
109.75 109.7 109.8 0.0005210615601
109.85 109.8 109.9 0.004239256362
109.95 109.9 110 0.001340221405
110.05 110 110.1 0.003015405464
110.15 110.1 110.2 0.002912192838
110.25 110.2 110.3 0.003424767359
110.35 110.3 110.4 0.002976077092
110.45 110.4 110.5 0.002243509371
110.55 110.5 110.6 0.00132622612
110.65 110.6 110.7 0.001753125499
110.75 110.7 110.8 0.0002532928756
110.85 110.8 110.9 0.00187456285
110.95 110.9 111 0.003218913279
111.05 111 111.1 0.002426438691
111.15 111.1 111.2 0.003611354609
111.25 111.2 111.3 0.003093192499
111.35 111.3 111.4 0.001614226869
111.45 111.4 111.5 -4.019127362e-05
111.55 111.5 111.6 0.00046813694
111.65 111.6 111.7 0.0006432292091
111.75 111.7 111.8 0.001060394604
111.85 111.8 111.9 0.001407389877
111.95 111.9 112 0.004576798292
112.05 112 112.1 0.0008182079205
112.15 112.1 112.2 0.00229861681
112.25 112.2 112.3 0.0007811996719
112.35 112.3 112.4 -0.001651759326
112.45 112.4 112.5 0.0004511054301
112.55 112.5 112.6 0.0008705731348
112.65 112.6 112.7 0.0007651917795
112.75 112.7 112.8 0.0002455827665
112.85 112.8 112.9 0.002604381995
112.95 112.9 113 0.00351400929
113.05 113 113.1 0.001770419267
113.15 113.1 113.2 0.0003724742112
113.25 113.2 113.3 0.001384415712
113.35 113.3 113.4 0.001119833208
113.45 113.4 113.5 0.001154787807
113.55 113.5 113.6 0.003702370132
113.65 113.6 113.7 -0.0001545848757
113.75 113.7 113.8 0.001396327046
113.85 113.8 113.9 0.0009798711701
113.95 113.9 114 0.001368424332
114.05 114 114.1 0.001203270391
114.15 114.1 114.2 0.002498589994
114.25 114.2 114.3 0.002667809829
114.35 114.3 114.4 0.001649417174
114.45 114.4 114.5 0.0002183073395
114.55 114.5 114.6 0.001266098652
114.65 114.6 114.7 -8.542753329e-05
114.75 114.7 114.8 0.001900048517
114.85 114.8 114.9 2.289949316e-05
114.95 114.9 115 0.001181506908
115.05 115 115.1 0.001184728381
115.15 115.1 115.2 0.0004392747025
115.25 115.2 115.3 0.0008077947787
115.35 115.3 115.4 -0.0001001347902
115.45 115.4 115.5 -0.0008884377876
115.55 115.5 115.6 -0.001606406174
115.65 115.6 115.7 0.001325538114
115.75 115.7 115.8 -0.0001381911369
115.85 115.8 115.9 0.000514983328
115.95 115.9 116 0.0007319801057
116.05 116 116.1 -0.0002007395074
116.15 116.1 116.2 0.0009088558165
116.25 116.2 116.3 0.0008654833461
116.35 116.3 116.4 0.001625630536
116.45 116.4 116.5 -0.0004080766018
116.55 116.5 116.6 0.0006048935103
116.65 116.6 116.7 0.0002583190571
116.75 116.7 116.8 -0.00085242472
116.85 116.8 116.9 0.00115547557
116.95 116.9 117 0.001395354793
117.05 117 117.1 0.001226598439
117.15 117.1 117.2 0.0002524645157
117.25 117.2 117.3 0.0007982112915
117.35 117.3 117.4 0.0004006942025
117.45 117.4 117.5 0.0008623957827
117.55 117.5 117.6 0.001636081154
117.65 117.6 117.7 0.002480285603
117.75 117.7 117.8 -0.0005538907001
117.85 117.8 117.9 0.0001725896756
117.95 117.9 118 0.0003111420463
118.05 118 118.1 0.0009716315071
118.15 118.1 118.2 0.002306033343
118.25 118.2 118.3 0.002395511368
118.35 118.3 118.4 -0.0001192168684
118.45 118.4 118.5 -6.942068651e-05
118.55 118.5 118.6 0.0001525520728
118.65 118.6 118.7 0.00043685079
118.75 118.7 118.8 0.001956432082
118.85 118.8 118.9 0.002040739229
118.95 118.9 119 0.002725166157
119.05 119 119.1 0.0006769049345
119.15 119.1 119.2 0.002115796456
119.25 119.2 119.3 -0.00160166311
119.35 119.3 119.4 8.730251667e-05
119.45 119.4 119.5 0.001884538466
119.55 119.5 119.6 -0.0006331481725
119.65 119.6 119.7 0.001830966482
119.75 119.7 119.8 0.001934810574
119.85 119.8 119.9 -0.0007131794988
119.95 119.9 120 5.16161394e-05
120.05 120 120.1 5.214665043e-05
120.15 120.1 120.2 -0.0004294158643
120.25 120.2 120.3 0.002451405282
120.35 120.3 120.4 4.251786063e-05
120.45 120.4 120.5 0.001764411342
120.55 120.5 120.6 -0.002006264918
120.65 120.6 120.7 -0.001352218072
120.75 120.7 120.8 7.553300058e-05
120.85 120.8 120.9 0.00273192476
120.95 120.9 121 -0.001309447494
121.05 121 121.1 0.001102220918
121.15 121.1 121.2 -0.0006869826632
121.25 121.2 121.3 0.0002406572815
121.35 121.3 121.4 0.001846929704
121.45 121.4 121.5 -0.0005945614476
121.55 121.5 121.6 0.000327184943
121.65 121.6 121.7 0.0006804372983
121.75 121.7 121.8 0.0004912791061
121.85 121.8 121.9 0.0008093071143
121.95 121.9 122 -0.0002351545922
122.05 122 122.1 5.784784527e-05
122.15 122.1 122.2 0.001479079342
122.25 122.2 122.3 0.001247452247
122.35 122.3 122.4 4.389337285e-05
122.45 122.4 122.5 4.88696139e-05
122.55 122.5 122.6 0.0002429098756
122.65 122.6 122.7 0.0002134543615
122.75 122.7 122.8 7.177629599e-05
122.85 122.8 122.9 0.0005889292261
122.95 122.9 123 0.001079818558
123.05 123 123.1 0.0005221091565
123.15 123.1 123.2 -0.002246444796
123.25 123.2 123.3 -0.0001364511712
123.35 123.3 123.4 0.001811119441
123.45 123.4 123.5 -0.001487152174
123.55 123.5 123.6 0.001808517034
123.65 123.6 123.7 0.002790486139
123.75 123.7 123.8 -0.0008579411923
123.85 123.8 123.9 0.0006658904919
123.95 123.9 124 0.002545598933
124.05 124 124.1 -0.001566594329
124.15 124.1 124.2 0.0003162381824
124.25 124.2 124.3 0.001195360654
124.35 124.3 124.4 -0.0002013955324
124.45 124.4 124.5 0.001054491173
124.55 124.5 124.6 0.0007969322748
124.65 124.6 124.7 0.0008672547102
124.75 124.7 124.8 0.0003253012748
124.85 124.8 124.9 -0.001664269455
124.95 124.9 125 4.83643099e-05
125.05 125 125.1 -0.0008206392049
125.15 125.1 125.2 0.0004694708783
125.25 125.2 125.3 -0.0005410762486
125.35 125.3 125.4 0.0004395613971
125.45 125.4 125.5 0.0002960408113
125.55 125.5 125.6 0.001587436561
125.65 125.6 125.7 -0.0003930699388
125.75 125.7 125.8 -0.0006676173866
125.85 125.8 125.9 0.0009758361204
125.95 125.9 126 -0.0003425310892
126.05 126 126.1 -0.000442071153
126.15 126.1 126.2 -0.0007445569723
126.25 126.2 126.3 -0.001876122682
126.35 126.3 126.4 4.010130574e-06
126.45 126.4 126.5 -0.002258853
126.55 126.5 126.6 -0.001791737885
126.65 126.6 126.7 -0.0004345136501
126.75 126.7 126.8 -0.0005777237607
126.85 126.8 126.9 -0.001246333184
126.95 126.9 127 -0.0007248487227
127.05 127 127.1 0.001980346866
127.15 127.1 127.2 -0.0008523979361
127.25 127.2 127.3 8.357924797e-05
127.35 127.3 127.4 -0.0009449397345
127.45 127.4 127.5 -0.0007613896327
127.55 127.5 127.6 0.0002302486997
127.65 127.6 127.7 -0.001990684195
127.75 127.7 127.8 -0.0005033535212
127.85 127.8 127.9 -0.0007212206225
127.95 127.9 128 -0.001274699194
128.05 128 128.1 0.0007338561326
128.15 128.1 128.2 -0.001942904419
128.25 128.2 128.3 0.001155503946
128.35 128.3 128.4 -0.0004389912065
128.45 128.4 128.5 -0.0006754950547
128.55 128.5 128.6 0.0002336107509
128.65 128.6 128.7 -0.0002451350953
128.75 128.7 128.8 -0.001808334222
128.85 128.8 128.9 -0.0006362648505
128.95 128.9 129 -0.00123224933
129.05 129 129.1 -0.001188523376
129.15 129.1 129.2 -0.0006274460182
129.25 129.2 129.3 -0.0007441246103
129.35 129.3 129.4 -0.0008349708423
129.45 129.4 129.5 -0.00325797295
129.55 129.5 129.6 -0.001197244878
129.65 129.6 129.7 -0.0006913709045
129.75 129.7 129.8 -0.001585439092
129.85 129.8 129.9 -0.001806779109
129.95 129.9 130 -0.0007010537959
130.05 130 130.1 -0.0001830794826
130.15 130.1 130.2 -0.0004195274809
130.25 130.2 130.3 0.00145336515
130.35 130.3 130.4 -0.001598078532
130.45 130.4 130.5 -0.001287945178
130.55 130.5 130.6 -0.001783056647
130.65 130.6 130.7 -0.001686357469
130.75 130.7 130.8 -0.001957368243
130.85 130.8 130.9 -0.002942982676
130.95 130.9 131 -0.001474086872
131.05 131 131.1 -0.00245352688
131.15 131.1 131.2 9.482505255e-05
131.25 131.2 131.3 -0.001818253135
131.35 131.3 131.4 -0.0009232588125
131.45 131.4 131.5 -0.001813121533
131.55 131.5 131.6 -0.001634191088
131.65 131.6 131.7 -0.001220242809
131.75 131.7 131.8 -0.001884322744
131.85 131.8 131.9 -0.0001119747185
131.95 131.9 132 -0.001865403782
132.05 132 132.1 0.0001568608156
132.15 132.1 132.2 -0.001140011563
132.25 132.2 132.3 -0.0009842545702
132.35 132.3 132.4 7.962078452e-05
132.45 132.4 132.5 -0.003318600525
132.55 132.5 132.6 -0.003435123012
132.65 132.6 132.7 -0.001350775332
132.75 132.7 132.8 -0.0027845984
132.85 132.8 132.9 -0.003667321443
132.95 132.9 133 -0.0009460119112
133.05 133 133.1 -0.00148494987
133.15 133.1 133.2 0.001351743965
133.25 133.2 133.3 -0.00279369934
133.35 133.3 133.4 -0.001621677639
133.45 133.4 133.5 -0.0007328906469
133.55 133.5 133.6 -0.00192146569
133.65 133.6 133.7 -0.001703746024
133.75 133.7 133.8 -0.0006037425755
133.85 133.8 133.9 -0.001364301968
133.95 133.9 134 -0.002052014276
134.05 134 134.1 -0.0006831941668
134.15 134.1 134.2 -0.0006466480396
134.25 134.2 134.3 -0.001927384069
134.35 134.3 134.4 -0.001867797938
134.45 134.4 134.5 -0.002897551599
134.55 134.5 134.6 -0.0007073519057
134.65 134.6 134.7 -0.001817773505
134.75 134.7 134.8 -0.002149097971
134.85 134.8 134.9 -0.002863874602
134.95 134.9 135 -0.00240230065
135.05 135 135.1 -0.002544733877
135.15 135.1 135.2 0.0009382059337
135.25 135.2 135.3 -0.00213158114
135.35 135.3 135.4 -0.003072563938
135.45 135.4 135.5 -0.001671278667
135.55 135.5 135.6 -0.002243914398
135.65 135.6 135.7 0.0006366429547
135.75 135.7 135.8 -0.001015545399
135.85 135.8 135.9 -0.002805814445
135.95 135.9 136 -0.002190450923
136.05 136 136.1 -0.001214988264
136.15 136.1 136.2 -0.002361465024
136.25 136.2 136.3 -0.001010502861
136.35 136.3 136.4 -0.002647260414
136.45 136.4 136.5 -0.002110665765
136.55 136.5 136.6 -0.003285883396
136.65 136.6 136.7 -0.002348999877
136.75 136.7 136.8 0.0003762107398
136.85 136.8 136.9 -0.0025670388
136.95 136.9 137 -0.002270280728
137.05 137 137.1 -0.002838449334
137.15 137.1 137.2 -0.00175116786
137.25 137.2 137.3 -0.002242633326
137.35 137.3 137.4 -0.00227428763
137.45 137.4 137.5 -0.001710065833
137.55 137.5 137.6 -0.0003905879796
137.65 137.6 137.7 -0.001084621156
137.75 137.7 137.8 -0.002128395681
137.85 137.8 137.9 -0.00095499098
137.95 137.9 138 -0.0005834151701
138.05 138 138.1 -0.001084619703
138.15 138.1 138.2 -0.002484599631
138.25 138.2 138.3 -0.002129700324
138.35 138.3 138.4 -0.001387874656
138.45 138.4 138.5 -0.003073358812
138.55 138.5 138.6 -0.001823812703
138.65 138.6 138.7 6.257402754e-05
138.75 138.7 138.8 -0.001745845366
138.85 138.8 138.9 -0.001036263741
138.95 138.9 139 -0.001061494592
139.05 139 139.1 -0.001799894777
139.15 139.1 139.2 -0.0002228150592
139.25 139.2 139.3 0.0006613323366
139.35 139.3 139.4 -0.0005341604007
139.45 139.4 139.5 -0.0009375587748
139.55 139.5 139.6 -0.001007609016
139.65 139.6 139.7 -0.001787594871
139.75 139.7 139.8 -0.002303698218
139.85 139.8 139.9 8.572594078e-05
139.95 139.9 140 -0.001339539894
140.05 140 140.1 -0.001525755175
140.15 140.1 140.2 -0.002199587788
140.25 140.2 140.3 -0.003082776967
140.35 140.3 140.4 -0.002429287211
140.45 140.4 140.5 -0.002657772543
140.55 140.5 140.6 -0.001570905593
140.65 140.6 140.7 -0.002255232815
140.75 140.7 140.8 -0.001867303234
140.85 140.8 140.9 -0.001313741445
140.95 140.9 141 -0.001931750386
141.05 141 141.1 -0.0009915776319
141.15 141.1 141.2 -0.001210459591
141.25 141.2 141.3 -0.0006013594658
141.35 141.3 141.4 -0.001000532641
141.45 141.4 141.5 -0.002177428148
141.55 141.5 141.6 -0.002038519876
141.65 141.6 141.7 -0.001204237581
141.75 141.7 141.8 -0.002302086118
141.85 141.8 141.9 -0.001145428512
141.95 141.9 142 -0.002393609575
142.05 142 142.1 -0.002643453755
142.15 142.1 142.2 -0.002705768949
142.25 142.2 142.3 -0.001591400969
142.35 142.3 142.4 -0.00191638979
142.45 142.4 142.5 -0.00229601259
142.55 142.5 142.6 -0.0003349567364
142.65 142.6 142.7 -4.380060075e-05
142.75 142.7 142.8 -0.003189324872
142.85 142.8 142.9 -0.002761362408
142.95 142.9 143 -0.001420984101
143.05 143 143.1 -0.002727295148
143.15 143.1 143.2 -0.002676797692
143.25 143.2 143.3 -0.001253890269
143.35 143.3 143.4 -0.002395358787
143.45 143.4 143.5 -7.458932786e-05
143.55 143.5 143.6 -0.001541917421
143.65 143.6 143.7 -0.001867132097
143.75 143.7 143.8 -0.00233277709
143.85 143.8 143.9 -0.001711492057
143.95 143.9 144 -0.0007249099799
144.05 144 144.1 -0.0009179328517
144.15 144.1 144.2 -0.002608437359
144.25 144.2 144.3 -0.0007815677606
144.35 144.3 144.4 -0.002254001619
144.45 144.4 144.5 -0.001516075687
144.55 144.5 144.6 -0.001181746585
144.65 144.6 144.7 -0.002901312335
144.75 144.7 144.8 -0.001716824729
144.85 144.8 144.9 -0.00065408955
144.95 144.9 145 -0.002375751747
145.05 145 145.1 -7.685794042e-05
145.15 145.1 145.2 -0.001228479537
145.25 145.2 145.3 -0.001779127681
145.35 145.3 145.4 -8.269470514e-05
145.45 145.4 145.5 -0.001638269145
145.55 145.5 145.6 0.0006478833248
145.65 145.6 145.7 -0.001958530227
145.75 145.7 145.8 0.0004444607749
145.85 145.8 145.9 -0.0005474969916
145.95 145.9 146 -0.00259055564
146.05 146 146.1 0.0001350266129
146.15 146.1 146.2 -0.001703155435
146.25 146.2 146.3 -0.000802234137
146.35 146.3 146.4 -0.0009644161174
146.45 146.4 146.5 -0.0001388506119
146.55 146.5 146.6 -0.001494825354
146.65 146.6 146.7 -0.001450333505
146.75 146.7 146.8 -0.001413867159
146.85 146.8 146.9 -0.000662373817
146.95 146.9 147 -0.00156985188
147.05 147 147.1 -0.002152429921
147.15 147.1 147.2 -0.001630454079
147.25 147.2 147.3 -0.002538140181
147.35 147.3 147.4 -0.001186496852
147.45 147.4 147.5 -0.0008724376521
147.55 147.5 147.6 -0.001675288624
147.65 147.6 147.7 5.780272827e-05
147.75 147.7 147.8 0.0006601579714
147.85 147.8 147.9 -0.0002576816712
147.95 147.9 148 -0.0005801220044
148.05 148 148.1 0.0004276014022
148.15 148.1 148.2 -0.0001106957856
148.25 148.2 148.3 -0.0005773077487
148.35 148.3 148.4 -0.001477466946
148.45 148.4 148.5 -6.680243401e-05
148.55 148.5 148.6 -0.0009518965428
148.65 148.6 148.7 -0.001138133589
148.75 148.7 148.8 -0.001943834804
148.85 148.8 148.9 -0.001184587388
148.95 148.9 149 0.0004365799723
149.05 149 149.1 -0.002788118927
149.15 149.1 149.2 -0.001553779686
149.25 149.2 149.3 -0.0008240489836
149.35 149.3 149.4 -0.001752716133
149.45 149.4 149.5 0.0001445356892
149.55 149.5 149.6 -6.776608282e-05
149.65 149.6 149.7 -0.0005153578614
149.75 149.7 149.8 4.864160119e-05
149.85 149.8 149.9 -0.001482858717
149.95 149.9 150 -0.0006414250786
150.05 150 150.1 3.263665264e-05
150.15 150.1 150.2 0.0008183996193
150.25 150.2 150.3 -0.0002373784592
150.35 150.3 150.4 -0.001858360592
150.45 150.4 150.5 -0.002692715088
150.55 150.5 150.6 -0.002837809827
150.65 150.6 150.7 -0.001251480171
150.75 150.7 150.8 -0.001203605865
150.85 150.8 150.9 -0.0009602074614
150.95 150.9 151 -0.0006492309264
151.05 151 151.1 -0.000886057475
151.15 151.1 151.2 -0.001015666191
151.25 151.2 151.3 -0.001179845712
151.35 151.3 151.4 -0.0008845598799
151.45 151.4 151.5 -0.001816473751
151.55 151.5 151.6 -0.00078882642
151.65 151.6 151.7 -1.063746691e-05
151.75 151.7 151.8 -0.0008928821357
151.85 151.8 151.9 -0.0001149926915
151.95 151.9 152 -0.0007563261265
152.05 152 152.1 -0.001735304902
152.15 152.1 152.2 -0.0008302519785
152.25 152.2 152.3 -0.002086286639
152.35 152.3 152.4 -0.0008364125479
152.45 152.4 152.5 -0.00132645491
152.55 152.5 152.6 -0.001331825515
152.65 152.6 152.7 -0.0008256558237
152.75 152.7 152.8 0.0008402907368
152.85 152.8 152.9 -0.001910637768
152.95 152.9 153 -0.001364165616
153.05 153 153.1 -0.0005228635775
153.15 153.1 153.2 -0.002838849597
153.25 153.2 153.3 -0.0004787896808
153.35 153.3 153.4 0.0008992306894
153.45 153.4 153.5 -0.0009066974462
153.55 153.5 153.6 -0.002422773999
153.65 153.6 153.7 -0.000619795693
153.75 153.7 153.8 -0.002286074107
153.85 153.8 153.9 -0.002458161211
153.95 153.9 154 -0.001294218854
154.05 154 154.1 -0.000396791282
154.15 154.1 154.2 -0.0006928132714
154.25 154.2 154.3 -0.001785007033
154.35 154.3 154.4 -0.001804285578
154.45 154.4 154.5 0.0006156094291
154.55 154.5 154.6 -0.00176409737
154.65 154.6 154.7 -0.002394445991
154.75 154.7 154.8 -0.002953690805
154.85 154.8 154.9 -0.002999655339
154.95 154.9 155 -0.0008373678768
155.05 155 155.1 -0.0009962544788
155.15 155.1 155.2 -0.002076699487
155.25 155.2 155.3 -0.002185216755
155.35 155.3 155.4 -0.001632233699
155.45 155.4 155.5 -0.001071512865
155.55 155.5 155.6 -0.001952213304
155.65 155.6 155.7 -0.001252176899
155.75 155.7 155.8 -0.002234859205
155.85 155.8 155.9 -0.001085268336
155.95 155.9 156 -0.002124417347
156.05 156 156.1 -0.0005123170378
156.15 156.1 156.2 -0.00112648861
156.25 156.2 156.3 -0.0006464106955
156.35 156.3 156.4 -0.002367625663
156.45 156.4 156.5 -0.0003175162028
156.55 156.5 156.6 -0.001536696102
156.65 156.6 156.7 -0.001808315899
156.75 156.7 156.8 -0.002627411132
156.85 156.8 156.9 -0.001652636605
156.95 156.9 157 -0.0007691783975
157.05 157 157.1 -0.001353580932
157.15 157.1 157.2 -0.003812522801
157.25 157.2 157.3 0.0003545597078
157.35 157.3 157.4 -0.0007742451416
157.45 157.4 157.5 -0.002684943278
157.55 157.5 157.6 -0.0004698580366
157.65 157.6 157.7 -0.001527688404
157.75 157.7 157.8 -0.002233544854
157.85 157.8 157.9 -0.001426240903
157.95 157.9 158 -0.0009553438118
158.05 158 158.1 -0.001324183868
158.15 158.1 158.2 -0.0002919143285
158.25 158.2 158.3 -0.002183670088
158.35 158.3 158.4 -0.002166963145
158.45 158.4 158.5 -0.001198898391
158.55 158.5 158.6 -0.003532789125
158.65 158.6 158.7 -0.002511898823
158.75 158.7 158.8 -0.001597947991
158.85 158.8 158.9 -0.001172197856
158.95 158.9 159 -0.002595439403
159.05 159 159.1 -0.0005441725032
159.15 159.1 159.2 -0.0007758655326
159.25 159.2 159.3 -0.001270064743
159.35 159.3 159.4 -0.001016398548
159.45 159.4 159.5 -0.001889186057
159.55 159.5 159.6 -0.001761421864
159.65 159.6 159.7 -0.001376976048
159.75 159.7 159.8 -0.002718927765
159.85 159.8 159.9 -0.0007148743909
159.95 159.9 160 6.498466415e-05
160.05 160 160.1 -0.002262863315
160.15 160.1 160.2 -8.944456063e-05
160.25 160.2 160.3 -0.001685762072
160.35 160.3 160.4 -0.0007826798634
160.45 160.4 160.5 0.0001744084884
160.55 160.5 160.6 -0.000702495159
160.65 160.6 160.7 -0.00148263989
160.75 160.7 160.8 -0.001582572773
160.85 160.8 160.9 -0.001971565555
160.95 160.9 161 0.001058320468
161.05 161 161.1 -0.001333239787
161.15 161.1 161.2 -0.001338367704
161.25 161.2 161.3 -0.0007168598221
161.35 161.3 161.4 -0.00114823932
161.45 161.4 161.5 -0.002411876718
161.55 161.5 161.6 0.000491792191
161.65 161.6 161.7 -0.003108222901
161.75 161.7 161.8 -0.001784226527
161.85 161.8 161.9 -0.0007856328102
161.95 161.9 162 -0.0006815123835
162.05 162 162.1 -0.002242891432
162.15 162.1 162.2 0.0006924479197
162.25 162.2 162.3 -0.0006060483872
162.35 162.3 162.4 1.528876739e-05
162.45 162.4 162.5 0.000731746628
162.55 162.5 162.6 -0.001281663419
162.65 162.6 162.7 0.0005128968931
162.75 162.7 162.8 -0.002244094703
162.85 162.8 162.9 4.766131364e-05
162.95 162.9 163 -1.076951147e-05
163.05 163 163.1 -0.0004705110331
163.15 163.1 163.2 -0.002698654578
163.25 163.2 163.3 -0.0002631232295
163.35 163.3 163.4 -0.0007674871716
163.45 163.4 163.5 -0.0005790764017
163.55 163.5 163.6 -0.001233095776
163.65 163.6 163.7 -0.003135798263
163.75 163.7 163.8 -0.0007577312937
163.85 163.8 163.9 -0.0007561832071
163.95 163.9 164 -0.00189524794
164.05 164 164.1 -0.0006945275988
164.15 164.1 164.2 -0.0005266055615
164.25 164.2 164.3 -0.0009377570557
164.35 164.3 164.4 0.0006659860331
164.45 164.4 164.5 -0.002413049153
164.55 164.5 164.6 -0.0006539378966
164.65 164.6 164.7 -0.001106820097
164.75 164.7 164.8 0.0002420553288
164.85 164.8 164.9 -0.001827137608
164.95 164.9 165 -7.668874313e-05
165.05 165 165.1 -0.001164650482
165.15 165.1 165.2 0.001299459437
165.25 165.2 165.3 -0.0006475090738
165.35 165.3 165.4 4.69709335e-05
165.45 165.4 165.5 -0.001003451986
165.55 165.5 165.6 -0.001393004492
165.65 165.6 165.7 -0.0002795950018
165.75 165.7 165.8 0.0003299910133
165.85 165.8 165.9 0.0003141565754
165.95 165.9 166 -0.0007279583138
166.05 166 166.1 -0.0004714008793
166.15 166.1 166.2 -0.0005603868498
166.25 166.2 166.3 -0.0004120130694
166.35 166.3 166.4 -0.0015589497
166.45 166.4 166.5 -0.0005894787012
166.55 166.5 166.6 -0.002646785088
166.65 166.6 166.7 0.001143893795
166.75 166.7 166.8 -0.001009300409
166.85 166.8 166.9 -0.002208088302
166.95 166.9 167 -0.0001829183278
167.05 167 167.1 -0.001075906188
167.15 167.1 167.2 -0.001664335585
167.25 167.2 167.3 -0.0009863563054
167.35 167.3 167.4 0.001127922466
167.45 167.4 167.5 -0.001675643269
167.55 167.5 167.6 -0.001069802539
167.65 167.6 167.7 -0.000186848755
167.75 167.7 167.8 -0.0008846213855
167.85 167.8 167.9 0.0003732728264
167.95 167.9 168 -0.0009004208725
168.05 168 168.1 -0.0004628431441
168.15 168.1 168.2 -0.001327681519
168.25 168.2 168.3 0.0003820770138
168.35 168.3 168.4 0.001077592291
168.45 168.4 168.5 -0.0001372450706
168.55 168.5 168.6 -2.629466689e-05
168.65 168.6 168.7 -6.125206494e-05
168.75 168.7 168.8 0.0002911348808
168.85 168.8 168.9 -0.0001960786648
168.95 168.9 169 -0.000161100524
169.05 169 169.1 0.0002205700532
169.15 169.1 169.2 0.0009088846553
169.25 169.2 169.3 -0.001087974805
169.35 169.3 169.4 0.0001415760598
169.45 169.4 169.5 -0.000480304326
169.55 169.5 169.6 -0.001193463168
169.65 169.6 169.7 -0.001200904787
169.75 169.7 169.8 0.0002659735002
169.85 169.8 169.9 -0.0001437902222
169.95 169.9 170 -0.0006588698574
170.05 170 170.1 -0.0005364657476
170.15 170.1 170.2 5.231378885e-05
170.25 170.2 170.3 -0.001181280094
170.35 170.3 170.4 -3.94866354e-05
170.45 170.4 170.5 -0.001109102021
170.55 170.5 170.6 -0.0006706700729
170.65 170.6 170.7 -0.0001284250576
170.75 170.7 170.8 -0.001242733346
170.85 170.8 170.9 -0.00114943979
170.95 170.9 171 0.0002547022782
171.05 171 171.1 -0.000144382366
171.15 171.1 171.2 -0.0002359095196
171.25 171.2 171.3 0.0002369467439
171.35 171.3 171.4 -0.000137525368
171.45 171.4 171.5 -0.003218418615
171.55 171.5 171.6 -0.0003608742501
171.65 171.6 171.7 -0.001092912843
171.75 171.7 171.8 0.0001709616228
171.85 171.8 171.9 0.0006993936226
171.95 171.9 172 -0.001283559954
172.05 172 172.1 7.7856371e-05
172.15 172.1 172.2 0.0001572553101
172.25 172.2 172.3 -0.0008871409881
172.35 172.3 172.4 -0.001213639188
172.45 172.4 172.5 -0.001945975519
172.55 172.5 172.6 -0.0003485986037
172.65 172.6 172.7 0.002102305391
172.75 172.7 172.8 0.001222479081
172.85 172.8 172.9 -0.001121614787
172.95 172.9 173 -0.0007620128638
173.05 173 173.1 -8.994571661e-05
173.15 173.1 173.2 -0.0001405508902
173.25 173.2 173.3 -0.0006487719757
173.35 173.3 173.4 6.70260525e-05
173.45 173.4 173.5 -0.0004597153818
173.55 173.5 173.6 0.0006073215995
173.65 173.6 173.7 -0.0003487424642
173.75 173.7 173.8 0.0005498610898
173.85 173.8 173.9 0.001007706692
173.95 173.9 174 -0.0005264484871
174.05 174 174.1 -0.001166788131
174.15 174.1 174.2 0.0009303105136
174.25 174.2 174.3 -0.0003181984532
174.35 174.3 174.4 -0.0006864338479
174.45 174.4 174.5 0.0003462604205
174.55 174.5 174.6 -0.0008394919915
174.65 174.6 174.7 -0.0003198604915
174.75 174.7 174.8 -0.0007286676857
174.85 174.8 174.9 -0.001016086632
174.95 174.9 175 -0.001153885529
175.05 175 175.1 -0.0007728197479
175.15 175.1 175.2 -0.0001634641847
175.25 175.2 175.3 -0.001553758798
175.35 175.3 175.4 -0.0004372655139
175.45 175.4 175.5 -0.001471818951
175.55 175.5 175.6 -9.433086028e-05
175.65 175.6 175.7 -0.001513123261
175.75 175.7 175.8 -0.0005745774285
175.85 175.8 175.9 2.241547886e-05
175.95 175.9 176 0.001431792627
176.05 176 176.1 -0.0006825076637
176.15 176.1 176.2 -0.0002489540587
176.25 176.2 176.3 -0.0003540918192
176.35 176.3 176.4 0.0009430894843
176.45 176.4 176.5 -0.002056368335
176.55 176.5 176.6 -0.0006297664846
176.65 176.6 176.7 -0.001675872766
176.75 176.7 176.8 -0.0008646478109
176.85 176.8 176.9 -1.96801326e-05
176.95 176.9 177 0.000414381664
177.05 177 177.1 0.0005100642018
177.15 177.1 177.2 -0.001414613052
177.25 177.2 177.3 -0.0008750585503
177.35 177.3 177.4 -0.001141687445
177.45 177.4 177.5 -0.0009689795809
177.55 177.5 177.6 -8.260188377e-05
177.65 177.6 177.7 -0.0001556274175
177.75 177.7 177.8 8.094940463e-05
177.85 177.8 177.9 -0.00169586021
177.95 177.9 178 0.0007784314423
178.05 178 178.1 -0.000981078708
178.15 178.1 178.2 -0.001318382101
178.25 178.2 178.3 -0.001340124679
178.35 178.3 178.4 0.000656337363
178.45 178.4 178.5 -0.0001856627529
178.55 178.5 178.6 0.0003926369084
178.65 178.6 178.7 -0.0002049608254
178.75 178.7 178.8 -0.001572229812
178.85 178.8 178.9 -0.001668247607
178.95 178.9 179 -5.1670307e-05
179.05 179 179.1 -3.287823268e-05
179.15 179.1 179.2 -0.0004183856951
179.25 179.2 179.3 -0.001636429724
179.35 179.3 179.4 0.001277115087
179.45 179.4 179.5 0.001521109688
179.55 179.5 179.6 -0.0005109547199
179.65 179.6 179.7 -0.0009844538947
179.75 179.7 179.8 -0.0001257872633
179.85 179.8 179.9 0.0001060399843
179.95 179.9 180 0.0003508503011
180.05 180 180.1 8.561914294e-05
180.15 180.1 180.2 0.0007692379956
180.25 180.2 180.3 -0.001595266883
180.35 180.3 180.4 -0.001346754842
180.45 180.4 180.5 -0.001106925861
180.55 180.5 180.6 -0.0008612039409
180.65 180.6 180.7 0.0004357492271
180.75 180.7 180.8 -0.001314990149
180.85 180.8 180.9 -0.0003785655195
180.95 180.9 181 0.0008515557579
181.05 181 181.1 0.0008102262808
181.15 181.1 181.2 -0.0009767881141
181.25 181.2 181.3 3.269891766e-05
181.35 181.3 181.4 0.000931164885
181.45 181.4 181.5 -0.001071013797
181.55 181.5 181.6 -0.0009179542794
181.65 181.6 181.7 -0.0001885724944
181.75 181.7 181.8 -0.0005626719911
181.85 181.8 181.9 0.0002133574944
181.95 181.9 182 0.0006534821906
182.05 182 182.1 0.0001356040452
182.15 182.1 182.2 -0.001944409544
182.25 182.2 182.3 -0.0001168585499
182.35 182.3 182.4 -0.0001621979873
182.45 182.4 182.5 0.0004548290276
182.55 182.5 182.6 -0.001031215758
182.65 182.6 182.7 -0.0007581072471
182.75 182.7 182.8 -0.0001885663906
182.85 182.8 182.9 -0.00157658788
182.95 182.9 183 0.0008538731455
183.05 183 183.1 -0.0005019176263
183.15 183.1 183.2 -1.686181048e-05
183.25 183.2 183.3 -0.0001336120875
183.35 183.3 183.4 0.0005400406847
183.45 183.4 183.5 -0.0004631332884
183.55 183.5 183.6 -0.0004613473882
183.65 183.6 183.7 0.000138741386
183.75 183.7 183.8 -0.000326404761
183.85 183.8 183.9 -0.00164163526
183.95 183.9 184 6.809765404e-05
184.05 184 184.1 0.001117440185
184.15 184.1 184.2 -0.0008818594465
184.25 184.2 184.3 -0.001065532694
184.35 184.3 184.4 -0.0007627607407
184.45 184.4 184.5 0.0002377361966
184.55 184.5 184.6 -0.0007740546998
184.65 184.6 184.7 -0.0005050208055
184.75 184.7 184.8 0.0006190642273
184.85 184.8 184.9 -0.0009685979759
184.95 184.9 185 -5.250112332e-05
185.05 185 185.1 -0.0001601331191
185.15 185.1 185.2 0.0002559307407
185.25 185.2 185.3 -0.0002702712886
185.35 185.3 185.4 0.0001971599809
185.45 185.4 185.5 -0.000478486547
185.55 185.5 185.6 -0.0003882249304
185.65 185.6 185.7 5.479088574e-05
185.75 185.7 185.8 -0.0004722378204
185.85 185.8 185.9 -0.0008377939103
185.95 185.9 186 9.020996408e-05
186.05 186 186.1 0.0009305636702
186.15 186.1 186.2 0.0001814866676
186.25 186.2 186.3 -0.0009309313665
186.35 186.3 186.4 -0.0003100607723
186.45 186.4 186.5 -0.0002288288458
186.55 186.5 186.6 0.0008432550368
186.65 186.6 186.7 -0.001247638286
186.75 186.7 186.8 -0.0003438196643
186.85 186.8 186.9 0.0009339982619
186.95 186.9 187 -0.001615168588
187.05 187 187.1 -0.001232348278
187.15 187.1 187.2 -0.001371199347
187.25 187.2 187.3 -0.001093044393
187.35 187.3 187.4 0.0005843612146
187.45 187.4 187.5 0.0004727533159
187.55 187.5 187.6 -6.239341975e-05
187.65 187.6 187.7 0.0002070002098
187.75 187.7 187.8 -0.001973056315
187.85 187.8 187.9 -0.0001847804283
187.95 187.9 188 -0.001655871795
188.05 188 188.1 -0.0006472504433
188.15 188.1 188.2 -0.00114089774
188.25 188.2 188.3 -0.00204041683
188.35 188.3 188.4 -0.0009907597941
188.45 188.4 188.5 -0.0006447424279
188.55 188.5 188.6 0.0004156749921
188.65 188.6 188.7 -0.0008743650236
188.75 188.7 188.8 -5.970715263e-05
188.85 188.8 188.9 -0.001959769025
188.95 188.9 189 -0.0002435503753
189.05 189 189.1 -0.001963757629
189.15 189.1 189.2 -0.0008796005245
189.25 189.2 189.3 -0.0006033551577
189.35 189.3 189.4 -0.0006624393701
189.45 189.4 189.5 -0.0001595080275
189.55 189.5 189.6 -0.0004507142772
189.65 189.6 189.7 -0.0007627568622
189.75 189.7 189.8 0.0001347050005
189.85 189.8 189.9 -0.0006235505696
189.95 189.9 190 -0.0001942196373
190.05 190 190.1 -0.0009983372835
190.15 190.1 190.2 -0.001832147924
190.25 190.2 190.3 4.856745222e-05
190.35 190.3 190.4 0.00092805757
190.45 190.4 190.5 0.0003945366905
190.55 190.5 190.6 0.0006290218268
190.65 190.6 190.7 0.0007045031727
190.75 190.7 190.8 0.0007849755515
190.85 190.8 190.9 -0.001475667265
190.95 190.9 191 -0.001094457652
191.05 191 191.1 -0.001299056984
191.15 191.1 191.2 -0.001144527546
191.25 191.2 191.3 -0.0003454082921
191.35 191.3 191.4 0.0002356555696
191.45 191.4 191.5 -0.0002425242775
191.55 191.5 191.6 0.0004888370891
191.65 191.6 191.7 -0.0006204040625
191.75 191.7 191.8 -0.0005859914277
191.85 191.8 191.9 -0.0003899397521
191.95 191.9 192 0.0004520731585
192.05 192 192.1 -0.001299642904
192.15 192.1 192.2 0.001372941595
192.25 192.2 192.3 -0.001411058534
192.35 192.3 192.4 -0.0005712040662
192.45 192.4 192.5 -0.0005233937067
192.55 192.5 192.6 -0.001479921317
192.65 192.6 192.7 0.000340983325
192.75 192.7 192.8 -0.0009588182366
192.85 192.8 192.9 -0.0002918133051
192.95 192.9 193 -0.001055125137
193.05 193 193.1 -8.320702675e-06
193.15 193.1 193.2 -0.0006558558835
193.25 193.2 193.3 -0.0004295663629
193.35 193.3 193.4 -0.00104458908
193.45 193.4 193.5 -0.0002519156873
193.55 193.5 193.6 0.001114064813
193.65 193.6 193.7 -0.0009024658627
193.75 193.7 193.8 -0.0007261465356
193.85 193.8 193.9 -0.0005356401142
193.95 193.9 194 -0.0005907201909
194.05 194 194.1 0.0004750760621
194.15 194.1 194.2 -0.0003390400312
194.25 194.2 194.3 -0.0003847860383
194.35 194.3 194.4 -0.000645076473
194.45 194.4 194.5 3.806375657e-05
194.55 194.5 194.6 -0.0006987130744
194.65 194.6 194.7 0.000634515807
194.75 194.7 194.8 6.728101932e-05
194.85 194.8 194.9 -0.0007940646529
194.95 194.9 195 -0.0006738027844
195.05 195 195.1 0.001291993154
195.15 195.1 195.2 5.42117148e-05
195.25 195.2 195.3 -0.0009420652285
195.35 195.3 195.4 -0.0005989169488
195.45 195.4 195.5 -0.001057535729
195.55 195.5 195.6 -0.0002233560179
195.65 195.6 195.7 -0.000542686783
195.75 195.7 195.8 0.0003355622134
195.85 195.8 195.9 -0.0006783569158
195.95 195.9 196 -2.944621163e-05
196.05 196 196.1 -0.0005286150664
196.15 196.1 196.2 -0.0002130462068
196.25 196.2 196.3 -0.0008503028137
196.35 196.3 196.4 -0.0003998550583
196.45 196.4 196.5 -0.0004722303421
196.55 196.5 196.6 0.0004955954029
196.65 196.6 196.7 -0.001252141256
196.75 196.7 196.8 0.0009707347627
196.85 196.8 196.9 -0.001739191959
196.95 196.9 197 8.709659313e-05
197.05 197 197.1 -0.0005224450872
197.15 197.1 197.2 -0.0007203708127
197.25 197.2 197.3 0.001060097521
197.35 197.3 197.4 -4.620650911e-05
197.45 197.4 197.5 0.0002975694744
197.55 197.5 197.6 0.0001011689141
197.65 197.6 197.7 0.001719594259
197.75 197.7 197.8 0.0005480608511
197.85 197.8 197.9 0.0006595143863
197.95 197.9 198 0.0002130630549
198.05 198 198.1 8.129146945e-05
198.15 198.1 198.2 0.0002686316793
198.25 198.2 198.3 -0.0001959675771
198.35 198.3 198.4 0.0008260940316
198.45 198.4 198.5 -0.0003571958829
198.55 198.5 198.6 -0.002061503344
198.65 198.6 198.7 0.0001795074305
198.75 198.7 198.8 -0.0007535289995
198.85 198.8 198.9 -0.000900278131
198.95 198.9 199 -0.001130020014
199.05 199 199.1 -0.0005415049862
199.15 199.1 199.2 -0.0005222577618
199.25 199.2 199.3 -0.0006905361199
199.35 199.3 199.4 2.421558997e-05
199.45 199.4 199.5 -0.001287074786
199.55 199.5 199.6 -0.0008955991647
199.65 199.6 199.7 0.0003092917563
199.75 199.7 199.8 0.0002618004282
199.85 199.8 199.9 -0.0004289631301
199.95 199.9 200 0.0001743894533
