# Columns: s_cen(1) s_min(2) s_max(3) xi_iso(4)
0.05 0 0.1 61.06037793
0.15 0.1 0.2 16.07905399
0.25 0.2 0.3 15.40901128
0.35 0.3 0.4 16.79742294
0.45 0.4 0.5 20.33090161
0.55 0.5 0.6 22.19859454
0.65 0.6 0.7 22.65371101
0.75 0.7 0.8 21.84064644
0.85 0.8 0.9 20.03204318
0.95 0.9 1 20.60716301
1.05 1 1.1 19.92648214
1.15 1.1 1.2 19.55327718
1.25 1.2 1.3 18.08655884
1.35 1.3 1.4 17.59455282
1.45 1.4 1.5 16.95065807
1.55 1.5 1.6 15.23176809
1.65 1.6 1.7 14.48236284
1.75 1.7 1.8 14.19210851
1.85 1.8 1.9 13.58207193
1.95 1.9 2 12.29400607
2.05 2 2.1 11.5037365
2.15 2.1 2.2 11.1483903
2.25 2.2 2.3 10.69362455
2.35 2.3 2.4 9.858505948
2.45 2.4 2.5 9.040286561
2.55 2.5 2.6 8.675210914
2.65 2.6 2.7 8.379703544
2.75 2.7 2.8 7.797551853
2.85 2.8 2.9 7.209006177
2.95 2.9 3 6.991020617
3.05 3 3.1 6.59610889
3.15 3.1 3.2 6.393145263
3.25 3.2 3.3 6.0320171
3.35 3.3 3.4 5.726445995
3.45 3.4 3.5 5.607080344
3.55 3.5 3.6 5.280143462
3.65 3.6 3.7 5.093179128
3.75 3.7 3.8 4.884687953
3.85 3.8 3.9 4.879379075
3.95 3.9 4 4.67909586
4.05 4 4.1 4.571349722
4.15 4.1 4.2 4.363752362
4.25 4.2 4.3 4.118602995
4.35 4.3 4.4 3.893293638
4.45 4.4 4.5 3.856792112
4.55 4.5 4.6 3.812653522
4.65 4.6 4.7 3.648668292
4.75 4.7 4.8 3.514111439
4.85 4.8 4.9 3.524257922
4.95 4.9 5 3.429333818
5.05 5 5.1 3.343025615
5.15 5.1 5.2 3.195175447
5.25 5.2 5.3 3.131140013
5.35 5.3 5.4 3.10663463
5.45 5.4 5.5 2.934069076
5.55 5.5 5.6 2.868476714
5.65 5.6 5.7 2.739680417
5.75 5.7 5.8 2.729017195
5.85 5.8 5.9 2.662080073
5.95 5.9 6 2.589034702
6.05 6 6.1 2.497143786
6.15 6.1 6.2 2.381655178
6.25 6.2 6.3 2.38997753
6.35 6.3 6.4 2.347314976
6.45 6.4 6.5 2.313774468
6.55 6.5 6.6 2.187005521
6.65 6.6 6.7 2.171499965
6.75 6.7 6.8 2.12280369
6.85 6.8 6.9 2.065993954
6.95 6.9 7 2.006754192
7.05 7 7.1 1.985679445
7.15 7.1 7.2 1.947494066
7.25 7.2 7.3 1.878614204
7.35 7.3 7.4 1.824551297
7.45 7.4 7.5 1.793519293
7.55 7.5 7.6 1.745040037
7.65 7.6 7.7 1.725351851
7.75 7.7 7.8 1.654590237
7.85 7.8 7.9 1.587200167
7.95 7.9 8 1.572931968
8.05 8 8.1 1.584961368
8.15 8.1 8.2 1.556669141
8.25 8.2 8.3 1.510579639
8.35 8.3 8.4 1.502621109
8.45 8.4 8.5 1.443442803
8.55 8.5 8.6 1.430366646
8.65 8.6 8.7 1.392782623
8.75 8.7 8.8 1.359655522
8.85 8.8 8.9 1.35995949
8.95 8.9 9 1.348877062
9.05 9 9.1 1.28588717
9.15 9.1 9.2 1.316017666
9.25 9.2 9.3 1.263075342
9.35 9.3 9.4 1.219857698
9.45 9.4 9.5 1.198912817
9.55 9.5 9.6 1.177359559
9.65 9.6 9.7 1.166893103
9.75 9.7 9.8 1.092411501
9.85 9.8 9.9 1.1121844
9.95 9.9 10 1.087829608
10.05 10 10.1 1.068698342
10.15 10.1 10.2 1.046079563
10.25 10.2 10.3 1.015752621
10.35 10.3 10.4 1.011738238
10.45 10.4 10.5 1.017180021
10.55 10.5 10.6 0.9718546442
10.65 10.6 10.7 0.9677855945
10.75 10.7 10.8 0.9277462406
10.85 10.8 10.9 0.94784797
10.95 10.9 11 0.90382363
11.05 11 11.1 0.8904220121
11.15 11.1 11.2 0.8906844537
11.25 11.2 11.3 0.8970537785
11.35 11.3 11.4 0.8727699864
11.45 11.4 11.5 0.83611825
11.55 11.5 11.6 0.8451389027
11.65 11.6 11.7 0.8182134053
11.75 11.7 11.8 0.7861731881
11.85 11.8 11.9 0.7870906342
11.95 11.9 12 0.7859541474
12.05 12 12.1 0.7612437908
12.15 12.1 12.2 0.7323086154
12.25 12.2 12.3 0.7198263731
12.35 12.3 12.4 0.7358261206
12.45 12.4 12.5 0.7316265404
12.55 12.5 12.6 0.7219308004
12.65 12.6 12.7 0.714391349
12.75 12.7 12.8 0.7057312663
12.85 12.8 12.9 0.6826107325
12.95 12.9 13 0.6698399751
13.05 13 13.1 0.6434756332
13.15 13.1 13.2 0.6542484592
13.25 13.2 13.3 0.6499728415
13.35 13.3 13.4 0.6616129484
13.45 13.4 13.5 0.6244255067
13.55 13.5 13.6 0.6157899076
13.65 13.6 13.7 0.6079849744
13.75 13.7 13.8 0.5921502336
13.85 13.8 13.9 0.5927443702
13.95 13.9 14 0.5839774849
14.05 14 14.1 0.5926224098
14.15 14.1 14.2 0.5549176572
14.25 14.2 14.3 0.5608589666
14.35 14.3 14.4 0.5440118036
14.45 14.4 14.5 0.5211289987
14.55 14.5 14.6 0.5422956437
14.65 14.6 14.7 0.5242342556
14.75 14.7 14.8 0.5253343037
14.85 14.8 14.9 0.5041239717
14.95 14.9 15 0.5203178202
15.05 15 15.1 0.5011292914
15.15 15.1 15.2 0.5157018602
15.25 15.2 15.3 0.4880648073
15.35 15.3 15.4 0.4712030706
15.45 15.4 15.5 0.4789701102
15.55 15.5 15.6 0.4767567422
15.65 15.6 15.7 0.4634889832
15.75 15.7 15.8 0.4678345402
15.85 15.8 15.9 0.4527297815
15.95 15.9 16 0.4608346151
16.05 16 16.1 0.4519807762
16.15 16.1 16.2 0.4535567756
16.25 16.2 16.3 0.4364988077
16.35 16.3 16.4 0.4302964391
16.45 16.4 16.5 0.4130942625
16.55 16.5 16.6 0.4147517214
16.65 16.6 16.7 0.4068067932
16.75 16.7 16.8 0.4139557862
16.85 16.8 16.9 0.4143526013
16.95 16.9 17 0.417520814
17.05 17 17.1 0.3979599658
17.15 17.1 17.2 0.3768123244
17.25 17.2 17.3 0.3870583795
17.35 17.3 17.4 0.3869980632
17.45 17.4 17.5 0.3827635946
17.55 17.5 17.6 0.3902399226
17.65 17.6 17.7 0.3568068526
17.75 17.7 17.8 0.3540193688
17.85 17.8 17.9 0.3662874223
17.95 17.9 18 0.3707855385
18.05 18 18.1 0.3629332029
18.15 18.1 18.2 0.3555971069
18.25 18.2 18.3 0.3503900048
18.35 18.3 18.4 0.3292013024
18.45 18.4 18.5 0.3235216385
18.55 18.5 18.6 0.3359970839
18.65 18.6 18.7 0.3298714465
18.75 18.7 18.8 0.3329432912
18.85 18.8 18.9 0.322961463
18.95 18.9 19 0.3254172858
19.05 19 19.1 0.3196202315
19.15 19.1 19.2 0.3131832493
19.25 19.2 19.3 0.3104200366
19.35 19.3 19.4 0.311855758
19.45 19.4 19.5 0.3065421092
19.55 19.5 19.6 0.3054475175
19.65 19.6 19.7 0.2934986136
19.75 19.7 19.8 0.2925819832
19.85 19.8 19.9 0.2857903352
19.95 19.9 20 0.2909745053
20.05 20 20.1 0.2958156013
20.15 20.1 20.2 0.2929544009
20.25 20.2 20.3 0.2675058448
20.35 20.3 20.4 0.275593446
20.45 20.4 20.5 0.2605962701
20.55 20.5 20.6 0.2803593729
20.65 20.6 20.7 0.2668293848
20.75 20.7 20.8 0.2632319483
20.85 20.8 20.9 0.2609992968
20.95 20.9 21 0.2730149148
21.05 21 21.1 0.2595121337
21.15 21.1 21.2 0.2620021504
21.25 21.2 21.3 0.2505567781
21.35 21.3 21.4 0.2524995135
21.45 21.4 21.5 0.2446696619
21.55 21.5 21.6 0.2457011265
21.65 21.6 21.7 0.2392661981
21.75 21.7 21.8 0.2455022759
21.85 21.8 21.9 0.2393817497
21.95 21.9 22 0.2453742226
22.05 22 22.1 0.231602704
22.15 22.1 22.2 0.218088295
22.25 22.2 22.3 0.2344344663
22.35 22.3 22.4 0.2299774246
22.45 22.4 22.5 0.2191877528
22.55 22.5 22.6 0.2223990294
22.65 22.6 22.7 0.2065775386
22.75 22.7 22.8 0.2136149065
22.85 22.8 22.9 0.2137043108
22.95 22.9 23 0.2089845659
23.05 23 23.1 0.2167576014
23.15 23.1 23.2 0.2021521429
23.25 23.2 23.3 0.211386308
23.35 23.3 23.4 0.202153769
23.45 23.4 23.5 0.2129281118
23.55 23.5 23.6 0.2011110568
23.65 23.6 23.7 0.2035439032
23.75 23.7 23.8 0.1852782068
23.85 23.8 23.9 0.1917365634
23.95 23.9 24 0.1918632248
24.05 24 24.1 0.1927776773
24.15 24.1 24.2 0.1861056934
24.25 24.2 24.3 0.1960657838
24.35 24.3 24.4 0.1844079505
24.45 24.4 24.5 0.1786312766
24.55 24.5 24.6 0.1709592396
24.65 24.6 24.7 0.1804049768
24.75 24.7 24.8 0.1801754244
24.85 24.8 24.9 0.1723864211
24.95 24.9 25 0.1704082509
25.05 25 25.1 0.1859968829
25.15 25.1 25.2 0.1790697629
25.25 25.2 25.3 0.1768404197
25.35 25.3 25.4 0.1761239849
25.45 25.4 25.5 0.1704572029
25.55 25.5 25.6 0.1621436598
25.65 25.6 25.7 0.1623992079
25.75 25.7 25.8 0.1726924713
25.85 25.8 25.9 0.1597019414
25.95 25.9 26 0.1661248082
26.05 26 26.1 0.1565664118
26.15 26.1 26.2 0.1605479978
26.25 26.2 26.3 0.1630906163
26.35 26.3 26.4 0.1557115188
26.45 26.4 26.5 0.1546402019
26.55 26.5 26.6 0.155942457
26.65 26.6 26.7 0.1527173901
26.75 26.7 26.8 0.1622457572
26.85 26.8 26.9 0.1491799491
26.95 26.9 27 0.1522529086
27.05 27 27.1 0.1435054641
27.15 27.1 27.2 0.1463566131
27.25 27.2 27.3 0.1504619366
27.35 27.3 27.4 0.1447282404
27.45 27.4 27.5 0.1381656723
27.55 27.5 27.6 0.1333442135
27.65 27.6 27.7 0.1398537552
27.75 27.7 27.8 0.1379109893
27.85 27.8 27.9 0.1399777949
27.95 27.9 28 0.1279159823
28.05 28 28.1 0.1283209137
28.15 28.1 28.2 0.1471993251
28.25 28.2 28.3 0.1372559167
28.35 28.3 28.4 0.1293943435
28.45 28.4 28.5 0.1292909565
28.55 28.5 28.6 0.1306289631
28.65 28.6 28.7 0.1300674658
28.75 28.7 28.8 0.128188846
28.85 28.8 28.9 0.1238324241
28.95 28.9 29 0.1247933288
29.05 29 29.1 0.1260182451
29.15 29.1 29.2 0.1214937689
29.25 29.2 29.3 0.1160570096
29.35 29.3 29.4 0.1216159189
29.45 29.4 29.5 0.1237799223
29.55 29.5 29.6 0.1231188812
29.65 29.6 29.7 0.1224206754
29.75 29.7 29.8 0.1138359727
29.85 29.8 29.9 0.1087700456
29.95 29.9 30 0.119667356
30.05 30 30.1 0.1159697179
30.15 30.1 30.2 0.1154191413
30.25 30.2 30.3 0.1121539494
30.35 30.3 30.4 0.1124390024
30.45 30.4 30.5 0.1147860764
30.55 30.5 30.6 0.1085721273
30.65 30.6 30.7 0.1036567515
30.75 30.7 30.8 0.1057579762
30.85 30.8 30.9 0.1013201303
30.95 30.9 31 0.09896721273
31.05 31 31.1 0.1041569552
31.15 31.1 31.2 0.09662202433
31.25 31.2 31.3 0.1025095256
31.35 31.3 31.4 0.09734592414
31.45 31.4 31.5 0.1008032658
31.55 31.5 31.6 0.1032553771
31.65 31.6 31.7 0.09853681209
31.75 31.7 31.8 0.09851174729
31.85 31.8 31.9 0.09556505629
31.95 31.9 32 0.09631962204
32.05 32 32.1 0.09986030604
32.15 32.1 32.2 0.0966748328
32.25 32.2 32.3 0.09378413175
32.35 32.3 32.4 0.09769175343
32.45 32.4 32.5 0.08813146078
32.55 32.5 32.6 0.09260968285
32.65 32.6 32.7 0.08911579995
32.75 32.7 32.8 0.08657687
32.85 32.8 32.9 0.08127496395
32.95 32.9 33 0.08387976518
33.05 33 33.1 0.08864215298
33.15 33.1 33.2 0.08443980807
33.25 33.2 33.3 0.08410017626
33.35 33.3 33.4 0.08686410029
33.45 33.4 33.5 0.08358416708
33.55 33.5 33.6 0.09124385229
33.65 33.6 33.7 0.09401777472
33.75 33.7 33.8 0.0852576566
33.85 33.8 33.9 0.08252744415
33.95 33.9 34 0.07854173302
34.05 34 34.1 0.08482706273
34.15 34.1 34.2 0.08018357051
34.25 34.2 34.3 0.08018867247
34.35 34.3 34.4 0.07958192256
34.45 34.4 34.5 0.08464974248
34.55 34.5 34.6 0.07878847672
34.65 34.6 34.7 0.08090667269
34.75 34.7 34.8 0.0799984637
34.85 34.8 34.9 0.08715075032
34.95 34.9 35 0.07599305323
35.05 35 35.1 0.07627500113
35.15 35.1 35.2 0.07710855244
35.25 35.2 35.3 0.07604614422
35.35 35.3 35.4 0.07848761931
35.45 35.4 35.5 0.07413292788
35.55 35.5 35.6 0.07477610068
35.65 35.6 35.7 0.07649193311
35.75 35.7 35.8 0.07941836282
35.85 35.8 35.9 0.07071120134
35.95 35.9 36 0.07285053992
36.05 36 36.1 0.06845531802
36.15 36.1 36.2 0.07444550684
36.25 36.2 36.3 0.07045910674
36.35 36.3 36.4 0.06768226101
36.45 36.4 36.5 0.0664672489
36.55 36.5 36.6 0.06936624946
36.65 36.6 36.7 0.07260876432
36.75 36.7 36.8 0.06711305149
36.85 36.8 36.9 0.06981361622
36.95 36.9 37 0.06937739179
37.05 37 37.1 0.06124976972
37.15 37.1 37.2 0.06249816058
37.25 37.2 37.3 0.0688251469
37.35 37.3 37.4 0.06342674451
37.45 37.4 37.5 0.06750165251
37.55 37.5 37.6 0.06504507551
37.65 37.6 37.7 0.06147495869
37.75 37.7 37.8 0.06514031341
37.85 37.8 37.9 0.06508393121
37.95 37.9 38 0.05905812489
38.05 38 38.1 0.06271878076
38.15 38.1 38.2 0.06198764084
38.25 38.2 38.3 0.06027973079
38.35 38.3 38.4 0.06079655432
38.45 38.4 38.5 0.05716171333
38.55 38.5 38.6 0.06190349681
38.65 38.6 38.7 0.06338187875
38.75 38.7 38.8 0.06365837256
38.85 38.8 38.9 0.06100178399
38.95 38.9 39 0.06525062445
39.05 39 39.1 0.05685938691
39.15 39.1 39.2 0.05587808311
39.25 39.2 39.3 0.06081892437
39.35 39.3 39.4 0.05687084134
39.45 39.4 39.5 0.052541367
39.55 39.5 39.6 0.05549366833
39.65 39.6 39.7 0.06048762478
39.75 39.7 39.8 0.04934987009
39.85 39.8 39.9 0.05512626147
39.95 39.9 40 0.04969745663
40.05 40 40.1 0.05505604419
40.15 40.1 40.2 0.05614971058
40.25 40.2 40.3 0.05602112945
40.35 40.3 40.4 0.0539006044
40.45 40.4 40.5 0.0548633756
40.55 40.5 40.6 0.05819482947
40.65 40.6 40.7 0.04878396808
40.75 40.7 40.8 0.05379001962
40.85 40.8 40.9 0.05176452299
40.95 40.9 41 0.05066538376
41.05 41 41.1 0.05340043913
41.15 41.1 41.2 0.05278853635
41.25 41.2 41.3 0.04822281306
41.35 41.3 41.4 0.04893931488
41.45 41.4 41.5 0.05414255602
41.55 41.5 41.6 0.05066861141
41.65 41.6 41.7 0.04853551556
41.75 41.7 41.8 0.04997022016
41.85 41.8 41.9 0.0447635266
41.95 41.9 42 0.05189849461
42.05 42 42.1 0.04827513994
42.15 42.1 42.2 0.04069389017
42.25 42.2 42.3 0.05340213375
42.35 42.3 42.4 0.04790676055
42.45 42.4 42.5 0.04596440945
42.55 42.5 42.6 0.04514940162
42.65 42.6 42.7 0.04921134868
42.75 42.7 42.8 0.04700905482
42.85 42.8 42.9 0.04358583004
42.95 42.9 43 0.04077946699
43.05 43 43.1 0.04508990323
43.15 43.1 43.2 0.04487639655
43.25 43.2 43.3 0.04672478203
43.35 43.3 43.4 0.04472715794
43.45 43.4 43.5 0.04175423283
43.55 43.5 43.6 0.04265521883
43.65 43.6 43.7 0.0431644711
43.75 43.7 43.8 0.04154618877
43.85 43.8 43.9 0.03991555749
43.95 43.9 44 0.04270795571
44.05 44 44.1 0.04431193706
44.15 44.1 44.2 0.0481522861
44.25 44.2 44.3 0.04034261236
44.35 44.3 44.4 0.04184276344
44.45 44.4 44.5 0.03875893808
44.55 44.5 44.6 0.0400892925
44.65 44.6 44.7 0.04185915236
44.75 44.7 44.8 0.04260792902
44.85 44.8 44.9 0.04143888173
44.95 44.9 45 0.03890552444
45.05 45 45.1 0.03500165654
45.15 45.1 45.2 0.04090907171
45.25 45.2 45.3 0.03757146283
45.35 45.3 45.4 0.04027033675
45.45 45.4 45.5 0.03715134673
45.55 45.5 45.6 0.04014723018
45.65 45.6 45.7 0.03734793696
45.75 45.7 45.8 0.04123278066
45.85 45.8 45.9 0.0352887156
45.95 45.9 46 0.03939347664
46.05 46 46.1 0.04011768234
46.15 46.1 46.2 0.04036512189
46.25 46.2 46.3 0.03639971769
46.35 46.3 46.4 0.0401388054
46.45 46.4 46.5 0.0325001013
46.55 46.5 46.6 0.03242240852
46.65 46.6 46.7 0.0350926607
46.75 46.7 46.8 0.03946189733
46.85 46.8 46.9 0.02866350446
46.95 46.9 47 0.03218752588
47.05 47 47.1 0.04188777241
47.15 47.1 47.2 0.03293544561
47.25 47.2 47.3 0.03517686723
47.35 47.3 47.4 0.03580609676
47.45 47.4 47.5 0.03606009552
47.55 47.5 47.6 0.03619589761
47.65 47.6 47.7 0.03523038783
47.75 47.7 47.8 0.03087490908
47.85 47.8 47.9 0.02910162086
47.95 47.9 48 0.03423026746
48.05 48 48.1 0.03414409306
48.15 48.1 48.2 0.03144082052
48.25 48.2 48.3 0.03318001381
48.35 48.3 48.4 0.03023438672
48.45 48.4 48.5 0.03329559734
48.55 48.5 48.6 0.02906475465
48.65 48.6 48.7 0.02834915006
48.75 48.7 48.8 0.03648745596
48.85 48.8 48.9 0.02822856959
48.95 48.9 49 0.0322834801
49.05 49 49.1 0.03034473202
49.15 49.1 49.2 0.03526017781
49.25 49.2 49.3 0.03178615861
49.35 49.3 49.4 0.02808053511
49.45 49.4 49.5 0.02867636262
49.55 49.5 49.6 0.0297723265
49.65 49.6 49.7 0.02668769706
49.75 49.7 49.8 0.02753417564
49.85 49.8 49.9 0.01955542867
49.95 49.9 50 0.02621756651
50.05 50 50.1 0.02609934361
50.15 50.1 50.2 0.03081151342
50.25 50.2 50.3 0.02533188731
50.35 50.3 50.4 0.026166217
50.45 50.4 50.5 0.02557593778
50.55 50.5 50.6 0.03028907992
50.65 50.6 50.7 0.02804633536
50.75 50.7 50.8 0.02270686364
50.85 50.8 50.9 0.02430436415
50.95 50.9 51 0.02693300603
51.05 51 51.1 0.0222356878
51.15 51.1 51.2 0.02862035761
51.25 51.2 51.3 0.02585607221
51.35 51.3 51.4 0.0233921286
51.45 51.4 51.5 0.02617973265
51.55 51.5 51.6 0.0301846878
51.65 51.6 51.7 0.02754704691
51.75 51.7 51.8 0.02600023015
51.85 51.8 51.9 0.02657187021
51.95 51.9 52 0.02620686871
52.05 52 52.1 0.02278362445
52.15 52.1 52.2 0.02074826187
52.25 52.2 52.3 0.02879766836
52.35 52.3 52.4 0.02644629426
52.45 52.4 52.5 0.02511586721
52.55 52.5 52.6 0.02492696649
52.65 52.6 52.7 0.02514234226
52.75 52.7 52.8 0.02679641055
52.85 52.8 52.9 0.02510238852
52.95 52.9 53 0.02187163487
53.05 53 53.1 0.02099623988
53.15 53.1 53.2 0.02173363868
53.25 53.2 53.3 0.01885525566
53.35 53.3 53.4 0.02116234397
53.45 53.4 53.5 0.0223957105
53.55 53.5 53.6 0.02310342782
53.65 53.6 53.7 0.0214013232
53.75 53.7 53.8 0.02229628856
53.85 53.8 53.9 0.02289196759
53.95 53.9 54 0.02404740752
54.05 54 54.1 0.01772109628
54.15 54.1 54.2 0.02233954802
54.25 54.2 54.3 0.01446345573
54.35 54.3 54.4 0.01890615177
54.45 54.4 54.5 0.01696208958
54.55 54.5 54.6 0.01737346905
54.65 54.6 54.7 0.01923293199
54.75 54.7 54.8 0.01555999633
54.85 54.8 54.9 0.02050149342
54.95 54.9 55 0.02077338638
55.05 55 55.1 0.01984675246
55.15 55.1 55.2 0.02060118946
55.25 55.2 55.3 0.01451395522
55.35 55.3 55.4 0.01796770437
55.45 55.4 55.5 0.01630256974
55.55 55.5 55.6 0.02159330119
55.65 55.6 55.7 0.0198730567
55.75 55.7 55.8 0.02171099602
55.85 55.8 55.9 0.01533434807
55.95 55.9 56 0.02067569458
56.05 56 56.1 0.02065786997
56.15 56.1 56.2 0.01198407364
56.25 56.2 56.3 0.01582122513
56.35 56.3 56.4 0.02001334188
56.45 56.4 56.5 0.01996842629
56.55 56.5 56.6 0.02298557568
56.65 56.6 56.7 0.0192468625
56.75 56.7 56.8 0.01964619032
56.85 56.8 56.9 0.01965681911
56.95 56.9 57 0.02000449745
57.05 57 57.1 0.01809186014
57.15 57.1 57.2 0.01883007858
57.25 57.2 57.3 0.01608360492
57.35 57.3 57.4 0.01562226089
57.45 57.4 57.5 0.01785228893
57.55 57.5 57.6 0.01545975846
57.65 57.6 57.7 0.01609235927
57.75 57.7 57.8 0.01378378484
57.85 57.8 57.9 0.01393959561
57.95 57.9 58 0.01550570359
58.05 58 58.1 0.01557141007
58.15 58.1 58.2 0.01711287133
58.25 58.2 58.3 0.01708863571
58.35 58.3 58.4 0.01674004413
58.45 58.4 58.5 0.01708128935
58.55 58.5 58.6 0.01326465867
58.65 58.6 58.7 0.01360591549
58.75 58.7 58.8 0.01737746852
58.85 58.8 58.9 0.01795008521
58.95 58.9 59 0.01575760994
59.05 59 59.1 0.01766906255
59.15 59.1 59.2 0.01139967148
59.25 59.2 59.3 0.01769407746
59.35 59.3 59.4 0.01561291007
59.45 59.4 59.5 0.01634580658
59.55 59.5 59.6 0.01333987182
59.65 59.6 59.7 0.01212244107
59.75 59.7 59.8 0.01822469758
59.85 59.8 59.9 0.0183156378
59.95 59.9 60 0.01822547316
60.05 60 60.1 0.01110197133
60.15 60.1 60.2 0.01327379707
60.25 60.2 60.3 0.01708007179
60.35 60.3 60.4 0.01751834409
60.45 60.4 60.5 0.01404320426
60.55 60.5 60.6 0.01482814524
60.65 60.6 60.7 0.01649679462
60.75 60.7 60.8 0.01579572734
60.85 60.8 60.9 0.01683808481
60.95 60.9 61 0.01156391724
61.05 61 61.1 0.01370841943
61.15 61.1 61.2 0.01433782979
61.25 61.2 61.3 0.01196124463
61.35 61.3 61.4 0.01275584769
61.45 61.4 61.5 0.01248832502
61.55 61.5 61.6 0.01231393634
61.65 61.6 61.7 0.01272751746
61.75 61.7 61.8 0.01610735213
61.85 61.8 61.9 0.01212417251
61.95 61.9 62 0.009285948894
62.05 62 62.1 0.01125806205
62.15 62.1 62.2 0.01023357591
62.25 62.2 62.3 0.01171803802
62.35 62.3 62.4 0.01353525094
62.45 62.4 62.5 0.01018617165
62.55 62.5 62.6 0.01234030834
62.65 62.6 62.7 0.009210535538
62.75 62.7 62.8 0.008439702575
62.85 62.8 62.9 0.01733832261
62.95 62.9 63 0.01281362615
63.05 63 63.1 0.01334408319
63.15 63.1 63.2 0.01119789356
63.25 63.2 63.3 0.008081792836
63.35 63.3 63.4 0.01250297589
63.45 63.4 63.5 0.008762793702
63.55 63.5 63.6 0.01513010566
63.65 63.6 63.7 0.01064300811
63.75 63.7 63.8 0.01225455667
63.85 63.8 63.9 0.01361915141
63.95 63.9 64 0.01696290907
64.05 64 64.1 0.009519178396
64.15 64.1 64.2 0.01506420124
64.25 64.2 64.3 0.01393198838
64.35 64.3 64.4 0.01245773221
64.45 64.4 64.5 0.01169471444
64.55 64.5 64.6 0.0136488354
64.65 64.6 64.7 0.008034988034
64.75 64.7 64.8 0.01039824419
64.85 64.8 64.9 0.01266939627
64.95 64.9 65 0.00925174815
65.05 65 65.1 0.01198002789
65.15 65.1 65.2 0.01192435281
65.25 65.2 65.3 0.009398505282
65.35 65.3 65.4 0.01011968574
65.45 65.4 65.5 0.005990889376
65.55 65.5 65.6 0.01022254531
65.65 65.6 65.7 0.009450554989
65.75 65.7 65.8 0.01090259245
65.85 65.8 65.9 0.0134097144
65.95 65.9 66 0.008373578399
66.05 66 66.1 0.01187588377
66.15 66.1 66.2 0.01102900122
66.25 66.2 66.3 0.01271346508
66.35 66.3 66.4 0.01511927058
66.45 66.4 66.5 0.01192192427
66.55 66.5 66.6 0.01031430885
66.65 66.6 66.7 0.00489128218
66.75 66.7 66.8 0.00959487854
66.85 66.8 66.9 0.0109507783
66.95 66.9 67 0.008444320856
67.05 67 67.1 0.01168699884
67.15 67.1 67.2 0.008737578802
67.25 67.2 67.3 0.01142253653
67.35 67.3 67.4 0.006969838695
67.45 67.4 67.5 0.007266430106
67.55 67.5 67.6 0.006309482535
67.65 67.6 67.7 0.01226756184
67.75 67.7 67.8 0.00396707945
67.85 67.8 67.9 0.009723900622
67.95 67.9 68 0.01222223828
68.05 68 68.1 0.01276000327
68.15 68.1 68.2 0.009741433667
68.25 68.2 68.3 0.009846747097
68.35 68.3 68.4 0.007894855202
68.45 68.4 68.5 0.009612785829
68.55 68.5 68.6 0.008625617268
68.65 68.6 68.7 0.007565303683
68.75 68.7 68.8 0.00758088874
68.85 68.8 68.9 0.01023089641
68.95 68.9 69 0.009478486083
69.05 69 69.1 0.01154754576
69.15 69.1 69.2 0.00648421639
69.25 69.2 69.3 0.01014241471
69.35 69.3 69.4 0.01111419786
69.45 69.4 69.5 0.008884405437
69.55 69.5 69.6 0.008825594251
69.65 69.6 69.7 0.009180931866
69.75 69.7 69.8 0.007467463392
69.85 69.8 69.9 0.008253032044
69.95 69.9 70 0.007405945162
70.05 70 70.1 0.006418541901
70.15 70.1 70.2 0.008967315777
70.25 70.2 70.3 0.01093731896
70.35 70.3 70.4 0.004278265652
70.45 70.4 70.5 0.006902271112
70.55 70.5 70.6 0.009134305136
70.65 70.6 70.7 0.008185803955
70.75 70.7 70.8 0.006909351734
70.85 70.8 70.9 0.005778539647
70.95 70.9 71 0.007882018369
71.05 71 71.1 0.009628890512
71.15 71.1 71.2 0.009422113926
71.25 71.2 71.3 0.006080614349
71.35 71.3 71.4 0.006936327718
71.45 71.4 71.5 0.005512873886
71.55 71.5 71.6 0.007432008208
71.65 71.6 71.7 0.009283233446
71.75 71.7 71.8 0.008912413779
71.85 71.8 71.9 0.009680151434
71.95 71.9 72 0.007541014947
72.05 72 72.1 0.005890584811
72.15 72.1 72.2 0.005045304665
72.25 72.2 72.3 0.008223612695
72.35 72.3 72.4 0.006199264096
72.45 72.4 72.5 0.006689239832
72.55 72.5 72.6 0.004623586411
72.65 72.6 72.7 0.006677552199
72.75 72.7 72.8 0.007063504838
72.85 72.8 72.9 0.007876568905
72.95 72.9 73 0.005556541843
73.05 73 73.1 0.007425905116
73.15 73.1 73.2 0.00702259535
73.25 73.2 73.3 0.005780265352
73.35 73.3 73.4 0.007230131715
73.45 73.4 73.5 0.005930319933
73.55 73.5 73.6 0.007358488691
73.65 73.6 73.7 0.004927174068
73.75 73.7 73.8 0.004268621011
73.85 73.8 73.9 0.006127901475
73.95 73.9 74 0.007070316669
74.05 74 74.1 0.006507641759
74.15 74.1 74.2 0.006443417849
74.25 74.2 74.3 0.007166697292
74.35 74.3 74.4 0.006108978299
74.45 74.4 74.5 0.005547718715
74.55 74.5 74.6 0.009374286023
74.65 74.6 74.7 0.00342443322
74.75 74.7 74.8 0.005742553256
74.85 74.8 74.9 0.009654733194
74.95 74.9 75 0.006170462281
75.05 75 75.1 0.005416139538
75.15 75.1 75.2 0.002587347943
75.25 75.2 75.3 0.005526182945
75.35 75.3 75.4 0.01010077648
75.45 75.4 75.5 0.007261579109
75.55 75.5 75.6 0.0074301332
75.65 75.6 75.7 0.006654922661
75.75 75.7 75.8 0.005780221046
75.85 75.8 75.9 0.00325699665
75.95 75.9 76 0.00258121017
76.05 76 76.1 0.003981725974
76.15 76.1 76.2 0.001717886284
76.25 76.2 76.3 0.003038025575
76.35 76.3 76.4 0.002801681904
76.45 76.4 76.5 0.002104903159
76.55 76.5 76.6 0.003371148671
76.65 76.6 76.7 0.003911497467
76.75 76.7 76.8 0.006263357545
76.85 76.8 76.9 0.003353840843
76.95 76.9 77 0.006644324562
77.05 77 77.1 0.007122512292
77.15 77.1 77.2 0.004992062912
77.25 77.2 77.3 0.006138986542
77.35 77.3 77.4 0.007368644486
77.45 77.4 77.5 0.004076990135
77.55 77.5 77.6 0.005211671812
77.65 77.6 77.7 0.003581353214
77.75 77.7 77.8 0.002530905875
77.85 77.8 77.9 0.00436098016
77.95 77.9 78 0.005512937704
78.05 78 78.1 0.006143789788
78.15 78.1 78.2 0.00194858353
78.25 78.2 78.3 0.004789469237
78.35 78.3 78.4 0.003567125533
78.45 78.4 78.5 0.00520412856
78.55 78.5 78.6 0.00314326614
78.65 78.6 78.7 0.004630571491
78.75 78.7 78.8 0.00516550268
78.85 78.8 78.9 0.003240250391
78.95 78.9 79 0.006412690856
79.05 79 79.1 0.006520369486
79.15 79.1 79.2 0.006029783886
79.25 79.2 79.3 0.006095486675
79.35 79.3 79.4 0.009459550842
79.45 79.4 79.5 0.002430354581
79.55 79.5 79.6 0.005597847731
79.65 79.6 79.7 0.007515651636
79.75 79.7 79.8 0.007658515891
79.85 79.8 79.9 0.004486301363
79.95 79.9 80 0.004905022783
80.05 80 80.1 0.007567692823
80.15 80.1 80.2 0.002135671796
80.25 80.2 80.3 0.006546256847
80.35 80.3 80.4 0.004717724219
80.45 80.4 80.5 0.006398791313
80.55 80.5 80.6 0.003702153344
80.65 80.6 80.7 0.003667468108
80.75 80.7 80.8 0.004521236527
80.85 80.8 80.9 0.004424231644
80.95 80.9 81 0.005728619418
81.05 81 81.1 0.003889270733
81.15 81.1 81.2 0.005707160118
81.25 81.2 81.3 0.003473295977
81.35 81.3 81.4 0.004535542515
81.45 81.4 81.5 0.006954407487
81.55 81.5 81.6 0.005127439483
81.65 81.6 81.7 0.006860503812
81.75 81.7 81.8 0.006130041681
81.85 81.8 81.9 0.005488303982
81.95 81.9 82 0.003934497884
82.05 82 82.1 0.004575803253
82.15 82.1 82.2 0.005178952207
82.25 82.2 82.3 0.003815725661
82.35 82.3 82.4 0.007761160182
82.45 82.4 82.5 0.004586077165
82.55 82.5 82.6 0.001486553716
82.65 82.6 82.7 0.004093831025
82.75 82.7 82.8 0.003480338116
82.85 82.8 82.9 0.005506995157
82.95 82.9 83 0.006587592989
83.05 83 83.1 0.002853795889
83.15 83.1 83.2 0.005333458801
83.25 83.2 83.3 0.006634387659
83.35 83.3 83.4 0.001987028861
83.45 83.4 83.5 0.004116033302
83.55 83.5 83.6 0.002738862663
83.65 83.6 83.7 0.003263863151
83.75 83.7 83.8 0.004150307092
83.85 83.8 83.9 0.005898138061
83.95 83.9 84 0.00314630005
84.05 84 84.1 0.004802786399
84.15 84.1 84.2 0.007412294807
84.25 84.2 84.3 0.006040387103
84.35 84.3 84.4 0.003397972774
84.45 84.4 84.5 0.007050301787
84.55 84.5 84.6 0.002060979737
84.65 84.6 84.7 0.006235748531
84.75 84.7 84.8 0.008543747473
84.85 84.8 84.9 0.007149473557
84.95 84.9 85 0.004969477588
85.05 85 85.1 0.005431056705
85.15 85.1 85.2 0.00541552083
85.25 85.2 85.3 0.003027883915
85.35 85.3 85.4 0.005352765986
85.45 85.4 85.5 0.004592734644
85.55 85.5 85.6 0.004004609184
85.65 85.6 85.7 0.005241654759
85.75 85.7 85.8 0.002361710032
85.85 85.8 85.9 0.004400228981
85.95 85.9 86 0.003473973673
86.05 86 86.1 0.004039974174
86.15 86.1 86.2 0.006254946135
86.25 86.2 86.3 0.00407396465
86.35 86.3 86.4 0.004536253182
86.45 86.4 86.5 0.007622115615
86.55 86.5 86.6 0.003656594504
86.65 86.6 86.7 0.007050890952
86.75 86.7 86.8 0.002207027583
86.85 86.8 86.9 0.003856755492
86.95 86.9 87 0.003938642762
87.05 87 87.1 0.007308363769
87.15 87.1 87.2 0.004702185355
87.25 87.2 87.3 0.004904142954
87.35 87.3 87.4 0.005177988721
87.45 87.4 87.5 0.005058399713
87.55 87.5 87.6 0.003682938475
87.65 87.6 87.7 0.002532801345
87.75 87.7 87.8 0.0048966726
87.85 87.8 87.9 0.005291423836
87.95 87.9 88 0.00519702642
88.05 88 88.1 0.00538217384
88.15 88.1 88.2 0.002065184886
88.25 88.2 88.3 0.005481487581
88.35 88.3 88.4 0.006641856809
88.45 88.4 88.5 0.005566296727
88.55 88.5 88.6 0.002932128518
88.65 88.6 88.7 0.005259240732
88.75 88.7 88.8 0.003088732169
88.85 88.8 88.9 0.004818342703
88.95 88.9 89 0.004698133942
89.05 89 89.1 0.007254560355
89.15 89.1 89.2 0.003017136181
89.25 89.2 89.3 0.006037385525
89.35 89.3 89.4 0.005100976112
89.45 89.4 89.5 0.0034144621
89.55 89.5 89.6 0.005021325865
89.65 89.6 89.7 0.006713019436
89.75 89.7 89.8 0.003511372186
89.85 89.8 89.9 0.004430984338
89.95 89.9 90 0.003103051371
90.05 90 90.1 0.006379458584
90.15 90.1 90.2 0.007923193868
90.25 90.2 90.3 0.006148151741
90.35 90.3 90.4 0.002235966857
90.45 90.4 90.5 0.006238056809
90.55 90.5 90.6 0.004510846401
90.65 90.6 90.7 0.004972515304
90.75 90.7 90.8 0.005612446191
90.85 90.8 90.9 0.00643309623
90.95 90.9 91 0.0044593825
91.05 91 91.1 0.001920066268
91.15 91.1 91.2 0.005663004553
91.25 91.2 91.3 0.004610146317
91.35 91.3 91.4 0.006026268406
91.45 91.4 91.5 0.005923462718
91.55 91.5 91.6 0.005949764244
91.65 91.6 91.7 0.005532391315
91.75 91.7 91.8 0.004008959993
91.85 91.8 91.9 0.006923772943
91.95 91.9 92 0.00632597028
92.05 92 92.1 0.004968211485
92.15 92.1 92.2 0.004448603999
92.25 92.2 92.3 0.006231161537
92.35 92.3 92.4 0.001723180587
92.45 92.4 92.5 0.006331384642
92.55 92.5 92.6 0.002770382976
92.65 92.6 92.7 0.005115897074
92.75 92.7 92.8 0.006815253761
92.85 92.8 92.9 0.002695163963
92.95 92.9 93 0.00963560136
93.05 93 93.1 0.005865051366
93.15 93.1 93.2 0.007504705861
93.25 93.2 93.3 0.005905381906
93.35 93.3 93.4 0.004129071122
93.45 93.4 93.5 0.005249199128
93.55 93.5 93.6 0.005835779235
93.65 93.6 93.7 0.0046355893
93.75 93.7 93.8 0.005005822744
93.85 93.8 93.9 0.005432930538
93.95 93.9 94 0.003348631875
94.05 94 94.1 0.006274738956
94.15 94.1 94.2 0.004123758418
94.25 94.2 94.3 0.004114022801
94.35 94.3 94.4 0.004816074025
94.45 94.4 94.5 0.005470438964
94.55 94.5 94.6 0.003845030258
94.65 94.6 94.7 0.003108495281
94.75 94.7 94.8 0.00430561385
94.85 94.8 94.9 0.003499319197
94.95 94.9 95 0.004766030146
95.05 95 95.1 0.005489375756
95.15 95.1 95.2 0.006346097187
95.25 95.2 95.3 0.004526570839
95.35 95.3 95.4 0.006143995804
95.45 95.4 95.5 0.003154830766
95.55 95.5 95.6 0.003024002544
95.65 95.6 95.7 0.006099153245
95.75 95.7 95.8 0.00577646625
95.85 95.8 95.9 0.006810185808
95.95 95.9 96 0.004436099098
96.05 96 96.1 0.005563132746
96.15 96.1 96.2 0.004977637272
96.25 96.2 96.3 0.004979875972
96.35 96.3 96.4 0.003928635863
96.45 96.4 96.5 0.007221771802
96.55 96.5 96.6 0.003862722098
96.65 96.6 96.7 0.00629674046
96.75 96.7 96.8 0.00172816742
96.85 96.8 96.9 0.004506694732
96.95 96.9 97 0.002981338158
97.05 97 97.1 0.002700772348
97.15 97.1 97.2 0.003822290976
97.25 97.2 97.3 0.00368974757
97.35 97.3 97.4 0.004767078049
97.45 97.4 97.5 0.005650940077
97.55 97.5 97.6 0.003248396643
97.65 97.6 97.7 0.006671601083
97.75 97.7 97.8 0.003582901422
97.85 97.8 97.9 0.006087264898
97.95 97.9 98 0.004141537393
98.05 98 98.1 0.004699450502
98.15 98.1 98.2 0.003422579874
98.25 98.2 98.3 0.005470459976
98.35 98.3 98.4 0.00544399002
98.45 98.4 98.5 0.006156191563
98.55 98.5 98.6 0.004350627952
98.65 98.6 98.7 0.004809361231
98.75 98.7 98.8 0.004713979885
98.85 98.8 98.9 0.00401761371
98.95 98.9 99 0.006885050064
99.05 99 99.1 0.005045158523
99.15 99.1 99.2 0.00456916747
99.25 99.2 99.3 0.003259595359
99.35 99.3 99.4 0.00630823364
99.45 99.4 99.5 0.005985992811
99.55 99.5 99.6 0.005569680268
99.65 99.6 99.7 0.003775393965
99.75 99.7 99.8 0.005626134064
99.85 99.8 99.9 0.002849014847
99.95 99.9 100 0.005439581115
100.05 100 100.1 0.004185600415
100.15 100.1 100.2 0.004891196119
100.25 100.2 100.3 0.004265908021
100.35 100.3 100.4 0.00316982923
100.45 100.4 100.5 0.003712608349
100.55 100.5 100.6 0.005220615813
100.65 100.6 100.7 0.004090053908
100.75 100.7 100.8 0.003875425653
100.85 100.8 100.9 0.004917413105
100.95 100.9 101 0.003675161683
101.05 101 101.1 0.005042858429
101.15 101.1 101.2 0.004796611972
101.25 101.2 101.3 0.006569573388
101.35 101.3 101.4 0.003320230731
101.45 101.4 101.5 0.005868691779
101.55 101.5 101.6 0.005410693532
101.65 101.6 101.7 0.003825378105
101.75 101.7 101.8 0.004972537511
101.85 101.8 101.9 0.004405380071
101.95 101.9 102 0.004587189856
102.05 102 102.1 0.004547685503
102.15 102.1 102.2 0.006774645724
102.25 102.2 102.3 0.006633192562
102.35 102.3 102.4 0.00387695546
102.45 102.4 102.5 0.004797691149
102.55 102.5 102.6 0.002597855383
102.65 102.6 102.7 0.003849800965
102.75 102.7 102.8 0.006563051515
102.85 102.8 102.9 0.004344212963
102.95 102.9 103 0.005891240985
103.05 103 103.1 0.003800342905
103.15 103.1 103.2 0.003552143254
103.25 103.2 103.3 0.004254074134
103.35 103.3 103.4 0.005213410681
103.45 103.4 103.5 0.004950540417
103.55 103.5 103.6 0.00700043864
103.65 103.6 103.7 0.004066419623
103.75 103.7 103.8 0.006464725567
103.85 103.8 103.9 0.007298877146
103.95 103.9 104 0.003982204018
104.05 104 104.1 0.005148398857
104.15 104.1 104.2 0.004150194633
104.25 104.2 104.3 0.005326881297
104.35 104.3 104.4 0.002020306307
104.45 104.4 104.5 0.006797590814
104.55 104.5 104.6 0.006152492477
104.65 104.6 104.7 0.003076494367
104.75 104.7 104.8 0.008034695264
104.85 104.8 104.9 0.005305495002
104.95 104.9 105 0.003616018581
105.05 105 105.1 0.002665800113
105.15 105.1 105.2 0.003380434358
105.25 105.2 105.3 0.003200680804
105.35 105.3 105.4 0.004986572174
105.45 105.4 105.5 0.0008658893243
105.55 105.5 105.6 0.004237146962
105.65 105.6 105.7 0.004679747469
105.75 105.7 105.8 0.003617492994
105.85 105.8 105.9 0.005068956328
105.95 105.9 106 0.002510672594
106.05 106 106.1 0.003797907035
106.15 106.1 106.2 0.005045253927
106.25 106.2 106.3 0.005929082146
106.35 106.3 106.4 0.004337128701
106.45 106.4 106.5 0.004483225321
106.55 106.5 106.6 0.002492667149
106.65 106.6 106.7 0.004194159455
106.75 106.7 106.8 0.003446735526
106.85 106.8 106.9 0.002391151674
106.95 106.9 107 0.00251876129
107.05 107 107.1 0.00690202749
107.15 107.1 107.2 0.004985678332
107.25 107.2 107.3 0.005332953488
107.35 107.3 107.4 0.004264950423
107.45 107.4 107.5 0.004466243442
107.55 107.5 107.6 0.002590891892
107.65 107.6 107.7 0.002457941424
107.75 107.7 107.8 0.004621682547
107.85 107.8 107.9 0.003037300592
107.95 107.9 108 0.001659934169
108.05 108 108.1 0.004576722376
108.15 108.1 108.2 0.006182124765
108.25 108.2 108.3 0.002774592972
108.35 108.3 108.4 0.002827845393
108.45 108.4 108.5 0.005437861127
108.55 108.5 108.6 0.003118316089
108.65 108.6 108.7 0.004625468975
108.75 108.7 108.8 0.00160637095
108.85 108.8 108.9 0.003792120579
108.95 108.9 109 0.003621804384
109.05 109 109.1 0.002767658579
109.15 109.1 109.2 0.0047795037
109.25 109.2 109.3 0.002820885101
109.35 109.3 109.4 0.002300752191
109.45 109.4 109.5 0.004483606452
109.55 109.5 109.6 0.004103917306
109.65 109.6 109.7 0.002850167918
109.75 109.7 109.8 0.003200155714
109.85 109.8 109.9 0.003792917079
109.95 109.9 110 0.002949598149
110.05 110 110.1 0.00525674146
110.15 110.1 110.2 0.004087137111
110.25 110.2 110.3 0.003376235481
110.35 110.3 110.4 0.005213679477
110.45 110.4 110.5 0.003157062708
110.55 110.5 110.6 0.004058457337
110.65 110.6 110.7 0.001780939081
110.75 110.7 110.8 0.004508779434
110.85 110.8 110.9 0.005420810018
110.95 110.9 111 0.003141460921
111.05 111 111.1 0.0004905589238
111.15 111.1 111.2 0.005324981845
111.25 111.2 111.3 0.004140761354
111.35 111.3 111.4 0.002911386681
111.45 111.4 111.5 0.003803870966
111.55 111.5 111.6 0.003056890888
111.65 111.6 111.7 0.001307989699
111.75 111.7 111.8 0.00492575481
111.85 111.8 111.9 0.00338933601
111.95 111.9 112 0.002314265478
112.05 112 112.1 0.002572337008
112.15 112.1 112.2 0.003293485294
112.25 112.2 112.3 0.002979106408
112.35 112.3 112.4 0.002911895136
112.45 112.4 112.5 0.003734185172
112.55 112.5 112.6 0.001604556839
112.65 112.6 112.7 0.002333248489
112.75 112.7 112.8 0.001488200906
112.85 112.8 112.9 0.005059853409
112.95 112.9 113 0.004394887764
113.05 113 113.1 0.002964718919
113.15 113.1 113.2 0.005755966841
113.25 113.2 113.3 0.003770909881
113.35 113.3 113.4 0.003805060502
113.45 113.4 113.5 0.003036038011
113.55 113.5 113.6 0.002902474908
113.65 113.6 113.7 0.003245368088
113.75 113.7 113.8 0.002275700571
113.85 113.8 113.9 0.003828415832
113.95 113.9 114 0.001260077468
114.05 114 114.1 0.002669693187
114.15 114.1 114.2 0.001744620916
114.25 114.2 114.3 0.00213484934
114.35 114.3 114.4 0.001616348031
114.45 114.4 114.5 0.003598207248
114.55 114.5 114.6 0.004714980329
114.65 114.6 114.7 0.002225805052
114.75 114.7 114.8 0.004601730862
114.85 114.8 114.9 0.001861947912
114.95 114.9 115 0.002064987531
115.05 115 115.1 0.00434705065
115.15 115.1 115.2 0.004248395662
115.25 115.2 115.3 0.004153947446
115.35 115.3 115.4 0.003192253035
115.45 115.4 115.5 0.001216806001
115.55 115.5 115.6 0.002397385659
115.65 115.6 115.7 -7.972557251e-06
115.75 115.7 115.8 0.001299879437
115.85 115.8 115.9 0.001303013448
115.95 115.9 116 0.0009418540783
116.05 116 116.1 0.003284197632
116.15 116.1 116.2 0.002252506811
116.25 116.2 116.3 0.0009565781598
116.35 116.3 116.4 0.002843586358
116.45 116.4 116.5 0.002363725182
116.55 116.5 116.6 0.0005422446648
116.65 116.6 116.7 0.00102296307
116.75 116.7 116.8 0.00246212285
116.85 116.8 116.9 0.001769604311
116.95 116.9 117 0.002231555819
117.05 117 117.1 0.002833012597
117.15 117.1 117.2 0.0009786219103
117.25 117.2 117.3 0.003656527914
117.35 117.3 117.4 0.002016719527
117.45 117.4 117.5 0.002366459854
117.55 117.5 117.6 0.003384075594
117.65 117.6 117.7 0.003151522038
117.75 117.7 117.8 0.003118397507
117.85 117.8 117.9 0.001262985437
117.95 117.9 118 0.001602026998
118.05 118 118.1 0.001819250677
118.15 118.1 118.2 0.001828266631
118.25 118.2 118.3 0.001561385292
118.35 118.3 118.4 0.0003805968377
118.45 118.4 118.5 0.003240805056
118.55 118.5 118.6 0.003251947765
118.65 118.6 118.7 0.001646286123
118.75 118.7 118.8 0.0004723077888
118.85 118.8 118.9 -0.0001230964598
118.95 118.9 119 0.00312965168
119.05 119 119.1 0.001849651635
119.15 119.1 119.2 0.0006518494086
119.25 119.2 119.3 6.557305907e-05
119.35 119.3 119.4 0.0004172925378
119.45 119.4 119.5 0.0004244993629
119.55 119.5 119.6 0.001000406997
119.65 119.6 119.7 0.002831526165
119.75 119.7 119.8 0.0013907139
119.85 119.8 119.9 0.002679292507
119.95 119.9 120 0.002055620449
120.05 120 120.1 0.0008764545447
120.15 120.1 120.2 0.0008367838448
120.25 120.2 120.3 0.002050947639
120.35 120.3 120.4 0.004354379796
120.45 120.4 120.5 0.001254682664
120.55 120.5 120.6 0.002697249296
120.65 120.6 120.7 0.00269747061
120.75 120.7 120.8 -0.0006028483564
120.85 120.8 120.9 0.001633239313
120.95 120.9 121 -7.767728001e-07
121.05 121 121.1 0.001483077432
121.15 121.1 121.2 0.0003248742603
121.25 121.2 121.3 0.001520072569
121.35 121.3 121.4 0.002056236501
121.45 121.4 121.5 0.001323420428
121.55 121.5 121.6 0.001444517538
121.65 121.6 121.7 0.002615539017
121.75 121.7 121.8 0.001234311999
121.85 121.8 121.9 -0.0004140502354
121.95 121.9 122 0.004382256141
122.05 122 122.1 0.0001034798777
122.15 122.1 122.2 0.001827586759
122.25 122.2 122.3 -0.0008796399727
122.35 122.3 122.4 0.001142756287
122.45 122.4 122.5 0.0004215477828
122.55 122.5 122.6 -0.0006509425379
122.65 122.6 122.7 0.0008544707815
122.75 122.7 122.8 0.002074356496
122.85 122.8 122.9 0.0006310404311
122.95 122.9 123 0.001504326587
123.05 123 123.1 0.001038545341
123.15 123.1 123.2 0.000429301109
123.25 123.2 123.3 0.001184973516
123.35 123.3 123.4 0.00090018662
123.45 123.4 123.5 -0.0006722829295
123.55 123.5 123.6 -0.0001283080615
123.65 123.6 123.7 -4.540891125e-05
123.75 123.7 123.8 0.001485755806
123.85 123.8 123.9 0.0002579756815
123.95 123.9 124 0.00126242158
124.05 124 124.1 0.001109546095
124.15 124.1 124.2 0.001416757909
124.25 124.2 124.3 0.002672628705
124.35 124.3 124.4 -0.001141098792
124.45 124.4 124.5 0.002111111788
124.55 124.5 124.6 0.001314377081
124.65 124.6 124.7 0.001979611977
124.75 124.7 124.8 -0.0004021407701
124.85 124.8 124.9 0.0003270882083
124.95 124.9 125 -3.855890913e-05
125.05 125 125.1 -0.001244587123
125.15 125.1 125.2 0.001917647414
125.25 125.2 125.3 0.00195971946
125.35 125.3 125.4 0.002505314592
125.45 125.4 125.5 -0.0001670436376
125.55 125.5 125.6 -0.0003729352425
125.65 125.6 125.7 0.0001436743193
125.75 125.7 125.8 0.0004433461018
125.85 125.8 125.9 0.002702839861
125.95 125.9 126 0.001155395111
126.05 126 126.1 -0.001276465994
126.15 126.1 126.2 0.001062236234
126.25 126.2 126.3 -3.198515048e-05
126.35 126.3 126.4 0.0005983623508
126.45 126.4 126.5 0.0004201327684
126.55 126.5 126.6 0.0004155635442
126.65 126.6 126.7 -0.00115532625
126.75 126.7 126.8 -5.527704002e-05
126.85 126.8 126.9 0.000482498287
126.95 126.9 127 0.002133915218
127.05 127 127.1 -0.0002579516186
127.15 127.1 127.2 5.707962987e-05
127.25 127.2 127.3 0.0002213437955
127.35 127.3 127.4 0.0008285599909
127.45 127.4 127.5 -0.0009215631344
127.55 127.5 127.6 -0.000686856644
127.65 127.6 127.7 0.001555200011
127.75 127.7 127.8 0.001085279543
127.85 127.8 127.9 -0.0002451582344
127.95 127.9 128 0.0006629485929
128.05 128 128.1 0.001266865329
128.15 128.1 128.2 0.001202972563
128.25 128.2 128.3 0.0003381136255
128.35 128.3 128.4 0.00108713782
128.45 128.4 128.5 0.0006636709502
128.55 128.5 128.6 0.0005389389231
128.65 128.6 128.7 4.136546605e-05
128.75 128.7 128.8 -0.0009031359162
128.85 128.8 128.9 -0.0002927992364
128.95 128.9 129 0.0008225070587
129.05 129 129.1 0.001016726765
129.15 129.1 129.2 0.002247530986
129.25 129.2 129.3 0.0003768958954
129.35 129.3 129.4 0.002393721739
129.45 129.4 129.5 0.002777797327
129.55 129.5 129.6 0.0008844517006
129.65 129.6 129.7 -0.0007593647927
129.75 129.7 129.8 -0.0008331178567
129.85 129.8 129.9 0.002276601357
129.95 129.9 130 -0.0008234268275
130.05 130 130.1 0.000395842123
130.15 130.1 130.2 -0.0001040087374
130.25 130.2 130.3 0.001510840995
130.35 130.3 130.4 -0.001101495207
130.45 130.4 130.5 0.0006304434707
130.55 130.5 130.6 -0.0009496507737
130.65 130.6 130.7 -0.001654475881
130.75 130.7 130.8 -0.0004758990577
130.85 130.8 130.9 3.100619729e-05
130.95 130.9 131 -0.001095250279
131.05 131 131.1 -0.00021608455
131.15 131.1 131.2 0.0003355057803
131.25 131.2 131.3 -0.00145387866
131.35 131.3 131.4 -0.0001895743215
131.45 131.4 131.5 -0.002032736614
131.55 131.5 131.6 -0.0007195977764
131.65 131.6 131.7 0.001658328454
131.75 131.7 131.8 -0.001088988292
131.85 131.8 131.9 -0.0003153876611
131.95 131.9 132 -2.137341893e-05
132.05 132 132.1 -0.0006517173861
132.15 132.1 132.2 -0.0006648383545
132.25 132.2 132.3 -0.002662596434
132.35 132.3 132.4 -0.0009274871734
132.45 132.4 132.5 -0.0007397702187
132.55 132.5 132.6 -6.799052137e-05
132.65 132.6 132.7 -2.912064319e-05
132.75 132.7 132.8 -0.001285088016
132.85 132.8 132.9 -0.00136647094
132.95 132.9 133 -0.001465676982
133.05 133 133.1 0.0001094465964
133.15 133.1 133.2 -0.000479989709
133.25 133.2 133.3 -0.00217793972
133.35 133.3 133.4 0.001776133043
133.45 133.4 133.5 0.0004080418548
133.55 133.5 133.6 -0.0003351870908
133.65 133.6 133.7 -7.588509719e-05
133.75 133.7 133.8 -2.591698753e-05
133.85 133.8 133.9 -0.00182482658
133.95 133.9 134 0.0005751537931
134.05 134 134.1 0.001709946227
134.15 134.1 134.2 0.0004008501428
134.25 134.2 134.3 0.001033626777
134.35 134.3 134.4 0.0001871634621
134.45 134.4 134.5 -9.868368794e-05
134.55 134.5 134.6 0.001676713255
134.65 134.6 134.7 0.0001489049762
134.75 134.7 134.8 -0.001231116892
134.85 134.8 134.9 -0.00175687735
134.95 134.9 135 -0.0007668599249
135.05 135 135.1 0.0001334843016
135.15 135.1 135.2 -0.0002576507757
135.25 135.2 135.3 -0.0008559151237
135.35 135.3 135.4 -0.0009174802783
135.45 135.4 135.5 -0.0009838233202
135.55 135.5 135.6 -0.0003181498038
135.65 135.6 135.7 -0.001730655788
135.75 135.7 135.8 -0.0003051525133
135.85 135.8 135.9 0.0001076385496
135.95 135.9 136 -0.002045244898
136.05 136 136.1 -0.000968873751
136.15 136.1 136.2 -0.0002074702384
136.25 136.2 136.3 0.0002779026925
136.35 136.3 136.4 0.0003547446837
136.45 136.4 136.5 -0.0008396204662
136.55 136.5 136.6 -0.001776295641
136.65 136.6 136.7 0.000461386861
136.75 136.7 136.8 -0.0001475724181
136.85 136.8 136.9 -0.002634942496
136.95 136.9 137 0.00169399452
137.05 137 137.1 -0.001595430323
137.15 137.1 137.2 0.0003501090024
137.25 137.2 137.3 -0.002487983342
137.35 137.3 137.4 -0.0001130589316
137.45 137.4 137.5 0.0001292526256
137.55 137.5 137.6 0.000410233372
137.65 137.6 137.7 0.001414028985
137.75 137.7 137.8 -0.0007475000357
137.85 137.8 137.9 2.935485809e-05
137.95 137.9 138 -0.0009875743813
138.05 138 138.1 0.0023567467
138.15 138.1 138.2 -4.548485319e-05
138.25 138.2 138.3 -0.0002797692792
138.35 138.3 138.4 0.001169378517
138.45 138.4 138.5 -0.0001773186468
138.55 138.5 138.6 -2.336502543e-05
138.65 138.6 138.7 -0.0005850976331
138.75 138.7 138.8 -0.002235294149
138.85 138.8 138.9 -0.0008342089624
138.95 138.9 139 -0.0005056781982
139.05 139 139.1 0.0007464203036
139.15 139.1 139.2 -0.0007247479211
139.25 139.2 139.3 -0.0001088206507
139.35 139.3 139.4 -0.0007384832184
139.45 139.4 139.5 0.0007221119212
139.55 139.5 139.6 0.0007101586346
139.65 139.6 139.7 -0.0005530182562
139.75 139.7 139.8 -3.169854139e-05
139.85 139.8 139.9 0.0003736978891
139.95 139.9 140 0.0007216761844
140.05 140 140.1 -6.784454486e-05
140.15 140.1 140.2 0.0001244858403
140.25 140.2 140.3 -0.0009945259681
140.35 140.3 140.4 -0.0009406893071
140.45 140.4 140.5 -4.152862375e-05
140.55 140.5 140.6 -0.001205645193
140.65 140.6 140.7 -0.0009113240561
140.75 140.7 140.8 0.001282820275
140.85 140.8 140.9 0.0009303025129
140.95 140.9 141 -0.0009299536202
141.05 141 141.1 0.002194810295
141.15 141.1 141.2 0.0009740323149
141.25 141.2 141.3 0.001481693906
141.35 141.3 141.4 0.001550168922
141.45 141.4 141.5 0.0004332976458
141.55 141.5 141.6 -0.0007756886112
141.65 141.6 141.7 0.000954360132
141.75 141.7 141.8 0.0006073607234
141.85 141.8 141.9 0.0006615428681
141.95 141.9 142 0.001622412104
142.05 142 142.1 -0.0002586543324
142.15 142.1 142.2 -0.001371739015
142.25 142.2 142.3 0.0008375855554
142.35 142.3 142.4 9.703513116e-05
142.45 142.4 142.5 -0.0002324117331
142.55 142.5 142.6 -9.45229043e-06
142.65 142.6 142.7 0.0002602694774
142.75 142.7 142.8 -0.0005845619768
142.85 142.8 142.9 7.885819682e-05
142.95 142.9 143 0.001608788697
143.05 143 143.1 -0.0007068923737
143.15 143.1 143.2 -4.781367009e-05
143.25 143.2 143.3 -0.0002906279294
143.35 143.3 143.4 0.000263832318
143.45 143.4 143.5 0.00138082677
143.55 143.5 143.6 0.001836701999
143.65 143.6 143.7 -0.0006236913988
143.75 143.7 143.8 -0.0003923624948
143.85 143.8 143.9 -0.0007465626882
143.95 143.9 144 -0.001034352615
144.05 144 144.1 -0.0004380241677
144.15 144.1 144.2 0.002710757104
144.25 144.2 144.3 0.001407909365
144.35 144.3 144.4 0.0003683158776
144.45 144.4 144.5 -0.001646205182
144.55 144.5 144.6 0.0004318472847
144.65 144.6 144.7 -0.002071500688
144.75 144.7 144.8 0.001602776603
144.85 144.8 144.9 0.0005664585898
144.95 144.9 145 0.0001519150774
145.05 145 145.1 0.0008038208197
145.15 145.1 145.2 0.00166526964
145.25 145.2 145.3 -0.0004491464282
145.35 145.3 145.4 -0.001235950006
145.45 145.4 145.5 0.002352471761
145.55 145.5 145.6 -0.001034554687
145.65 145.6 145.7 -0.0006207784005
145.75 145.7 145.8 -0.0008049630653
145.85 145.8 145.9 0.0001654120787
145.95 145.9 146 -0.0007880099477
146.05 146 146.1 0.001930032188
146.15 146.1 146.2 0.0007500752219
146.25 146.2 146.3 0.0003532927733
146.35 146.3 146.4 -0.0009630813922
146.45 146.4 146.5 0.0005538713535
146.55 146.5 146.6 0.001538816203
146.65 146.6 146.7 0.001628372811
146.75 146.7 146.8 0.0005107784392
146.85 146.8 146.9 0.0004963090722
146.95 146.9 147 0.0005662302826
147.05 147 147.1 0.0003653908472
147.15 147.1 147.2 0.001765949548
147.25 147.2 147.3 -0.001507999751
147.35 147.3 147.4 -0.0001849588704
147.45 147.4 147.5 0.0004643226848
147.55 147.5 147.6 0.001620480429
147.65 147.6 147.7 -0.0003475159183
147.75 147.7 147.8 0.0005627752743
147.85 147.8 147.9 0.0002953293708
147.95 147.9 148 1.523369232e-05
148.05 148 148.1 -0.0001317710328
148.15 148.1 148.2 0.000439907676
148.25 148.2 148.3 0.0007781195476
148.35 148.3 148.4 0.0008734563827
148.45 148.4 148.5 -0.0002137553038
148.55 148.5 148.6 0.001119575352
148.65 148.6 148.7 -0.001595216898
148.75 148.7 148.8 0.000432034698
148.85 148.8 148.9 -0.001855506217
148.95 148.9 149 -0.0006957247093
149.05 149 149.1 0.0009063512
149.15 149.1 149.2 0.001323694654
149.25 149.2 149.3 -0.00203720253
149.35 149.3 149.4 -0.0007189585497
149.45 149.4 149.5 0.002040478696
149.55 149.5 149.6 -0.001972095641
149.65 149.6 149.7 0.001523435652
149.75 149.7 149.8 -0.001239190511
149.85 149.8 149.9 -0.0003939622162
149.95 149.9 150 -0.0007547981673
150.05 150 150.1 -0.001240780658
150.15 150.1 150.2 0.0005976559697
150.25 150.2 150.3 -0.000803462002
150.35 150.3 150.4 0.0002163949787
150.45 150.4 150.5 0.0001157110519
150.55 150.5 150.6 0.000724410284
150.65 150.6 150.7 0.001480930947
150.75 150.7 150.8 -0.00108723145
150.85 150.8 150.9 -0.000157585608
150.95 150.9 151 0.0005675115615
151.05 151 151.1 0.0005341813209
151.15 151.1 151.2 -0.0001252412818
151.25 151.2 151.3 0.002886049922
151.35 151.3 151.4 0.001902196601
151.45 151.4 151.5 0.001016195754
151.55 151.5 151.6 0.001517664146
151.65 151.6 151.7 0.0006711739675
151.75 151.7 151.8 -0.00222616031
151.85 151.8 151.9 8.935345116e-05
151.95 151.9 152 -5.491677354e-05
152.05 152 152.1 0.001298116334
152.15 152.1 152.2 0.001429540622
152.25 152.2 152.3 0.00217324516
152.35 152.3 152.4 0.0007982027516
152.45 152.4 152.5 0.001122605859
152.55 152.5 152.6 -0.0002475076229
152.65 152.6 152.7 0.0008477605127
152.75 152.7 152.8 0.0003731326218
152.85 152.8 152.9 -8.365340832e-05
152.95 152.9 153 0.0005105459115
153.05 153 153.1 -0.001638883282
153.15 153.1 153.2 0.0002893502397
153.25 153.2 153.3 -0.0007611600079
153.35 153.3 153.4 0.001265123731
153.45 153.4 153.5 -0.0002085959941
153.55 153.5 153.6 -0.0002657354087
153.65 153.6 153.7 0.0008847416093
153.75 153.7 153.8 -0.0001013348724
153.85 153.8 153.9 0.001375502928
153.95 153.9 154 -0.0002133874501
154.05 154 154.1 -0.001655433077
154.15 154.1 154.2 0.0003536565227
154.25 154.2 154.3 -3.428994124e-05
154.35 154.3 154.4 0.001373060298
154.45 154.4 154.5 0.002167204641
154.55 154.5 154.6 -0.00118540075
154.65 154.6 154.7 -0.0009443737677
154.75 154.7 154.8 -0.0001855847809
154.85 154.8 154.9 0.0007062161713
154.95 154.9 155 0.0002347244113
155.05 155 155.1 -7.537564559e-05
155.15 155.1 155.2 0.000552946827
155.25 155.2 155.3 -0.0008219357642
155.35 155.3 155.4 0.001021781095
155.45 155.4 155.5 -2.249903932e-05
155.55 155.5 155.6 0.001572772365
155.65 155.6 155.7 -0.001046049469
155.75 155.7 155.8 0.000254564184
155.85 155.8 155.9 -0.0007664259555
155.95 155.9 156 -0.0004920825278
156.05 156 156.1 -5.530180298e-05
156.15 156.1 156.2 -0.000436141794
156.25 156.2 156.3 0.001008649128
156.35 156.3 156.4 0.0005727749971
156.45 156.4 156.5 0.0004188572757
156.55 156.5 156.6 0.0009102448186
156.65 156.6 156.7 0.00110512485
156.75 156.7 156.8 0.001344184964
156.85 156.8 156.9 0.0004166045208
156.95 156.9 157 -3.925748135e-05
157.05 157 157.1 0.0003047556556
157.15 157.1 157.2 -7.253838689e-05
157.25 157.2 157.3 0.0002068223826
157.35 157.3 157.4 -0.0001270683744
157.45 157.4 157.5 0.001386518921
157.55 157.5 157.6 0.0009702729991
157.65 157.6 157.7 -0.0002196268891
157.75 157.7 157.8 0.001229603395
157.85 157.8 157.9 -0.001387692493
157.95 157.9 158 -0.0009172754188
158.05 158 158.1 0.0003343698668
158.15 158.1 158.2 -0.001451097057
158.25 158.2 158.3 -0.0003808445162
158.35 158.3 158.4 0.0007695065416
158.45 158.4 158.5 0.000870980082
158.55 158.5 158.6 0.0004138509604
158.65 158.6 158.7 -0.0006208650971
158.75 158.7 158.8 -0.001107973177
158.85 158.8 158.9 0.001994013051
158.95 158.9 159 -0.0006031424328
159.05 159 159.1 0.001114430695
159.15 159.1 159.2 -0.0008267134607
159.25 159.2 159.3 -0.0001550192626
159.35 159.3 159.4 1.268392843e-05
159.45 159.4 159.5 0.002291116433
159.55 159.5 159.6 -0.0003103043489
159.65 159.6 159.7 0.0008754066329
159.75 159.7 159.8 0.001331119058
159.85 159.8 159.9 0.0004657738145
159.95 159.9 160 0.0002992743516
160.05 160 160.1 0.001478045514
160.15 160.1 160.2 0.001146239439
160.25 160.2 160.3 0.001713582313
160.35 160.3 160.4 0.0008839591158
160.45 160.4 160.5 0.0008933986178
160.55 160.5 160.6 0.001739037167
160.65 160.6 160.7 -0.0001840805426
160.75 160.7 160.8 -0.0003043076489
160.85 160.8 160.9 0.0006635418637
160.95 160.9 161 0.0002894613146
161.05 161 161.1 0.0005808081623
161.15 161.1 161.2 -0.0001341802342
161.25 161.2 161.3 0.0005215422681
161.35 161.3 161.4 0.0005173762787
161.45 161.4 161.5 0.0006943196245
161.55 161.5 161.6 0.0003447726014
161.65 161.6 161.7 -0.0001061657046
161.75 161.7 161.8 -0.0005281269847
161.85 161.8 161.9 0.001422867965
161.95 161.9 162 0.001161249811
162.05 162 162.1 0.001238434207
162.15 162.1 162.2 0.002071311526
162.25 162.2 162.3 0.001095360872
162.35 162.3 162.4 -0.0002587403285
162.45 162.4 162.5 0.001916356977
162.55 162.5 162.6 0.001287879081
162.65 162.6 162.7 0.001771309641
162.75 162.7 162.8 0.0003149095363
162.85 162.8 162.9 0.0001575866904
162.95 162.9 163 0.001195556761
163.05 163 163.1 0.001772763778
163.15 163.1 163.2 0.001173803574
163.25 163.2 163.3 0.001003136225
163.35 163.3 163.4 0.0004957367594
163.45 163.4 163.5 0.002244861829
163.55 163.5 163.6 0.002137754427
163.65 163.6 163.7 0.0002798086555
163.75 163.7 163.8 0.002264176835
163.85 163.8 163.9 0.001941793782
163.95 163.9 164 0.001364478289
164.05 164 164.1 0.001190790301
164.15 164.1 164.2 0.0004260727856
164.25 164.2 164.3 0.0006542358317
164.35 164.3 164.4 0.0009588399355
164.45 164.4 164.5 0.00122692686
164.55 164.5 164.6 0.0008426168258
164.65 164.6 164.7 0.00034766155
164.75 164.7 164.8 -6.214052124e-05
164.85 164.8 164.9 -0.0004109192466
164.95 164.9 165 0.0002379236457
165.05 165 165.1 0.0001956556178
165.15 165.1 165.2 0.0004003130681
165.25 165.2 165.3 0.002524855382
165.35 165.3 165.4 0.000152047248
165.45 165.4 165.5 2.392310956e-05
165.55 165.5 165.6 0.0005111512824
165.65 165.6 165.7 0.0005283233606
165.75 165.7 165.8 0.0006383648479
165.85 165.8 165.9 0.001881079105
165.95 165.9 166 0.0007696395409
166.05 166 166.1 0.001190972021
166.15 166.1 166.2 0.000325474409
166.25 166.2 166.3 0.0009646908561
166.35 166.3 166.4 5.295667108e-06
166.45 166.4 166.5 0.001554905693
166.55 166.5 166.6 -0.0001674840246
166.65 166.6 166.7 0.001719566264
166.75 166.7 166.8 0.001063991139
166.85 166.8 166.9 5.378803536e-05
166.95 166.9 167 0.0006560229973
167.05 167 167.1 0.00240580993
167.15 167.1 167.2 -7.78108568e-05
167.25 167.2 167.3 0.0007084847962
167.35 167.3 167.4 0.0002308497417
167.45 167.4 167.5 0.001661597647
167.55 167.5 167.6 0.0009016894789
167.65 167.6 167.7 0.0017772266
167.75 167.7 167.8 0.0007055618049
167.85 167.8 167.9 0.0004367333476
167.95 167.9 168 0.001228034873
168.05 168 168.1 0.001218607212
168.15 168.1 168.2 -0.0003888618885
168.25 168.2 168.3 0.0005802701842
168.35 168.3 168.4 0.001776817332
168.45 168.4 168.5 0.002204650695
168.55 168.5 168.6 0.0008084751182
168.65 168.6 168.7 0.00177227646
168.75 168.7 168.8 0.0009799572536
168.85 168.8 168.9 0.001314259896
168.95 168.9 169 -0.0001442491973
169.05 169 169.1 -0.0008010640713
169.15 169.1 169.2 -0.0007242389852
169.25 169.2 169.3 0.002305669688
169.35 169.3 169.4 0.001225476898
169.45 169.4 169.5 0.001463629934
169.55 169.5 169.6 0.001254832781
169.65 169.6 169.7 0.001808330345
169.75 169.7 169.8 0.001544934991
169.85 169.8 169.9 -0.0006393745749
169.95 169.9 170 0.001637611126
170.05 170 170.1 -0.001520531695
170.15 170.1 170.2 -0.0009727478457
170.25 170.2 170.3 0.001726164283
170.35 170.3 170.4 0.000723700517
170.45 170.4 170.5 -0.0003627577006
170.55 170.5 170.6 0.000339847384
170.65 170.6 170.7 0.001571462505
170.75 170.7 170.8 0.0009685054366
170.85 170.8 170.9 0.0006779634079
170.95 170.9 171 0.0009879552238
171.05 171 171.1 0.000990821477
171.15 171.1 171.2 0.001282659948
171.25 171.2 171.3 -0.0001156438131
171.35 171.3 171.4 0.0006089412206
171.45 171.4 171.5 0.003352965272
171.55 171.5 171.6 0.001939655382
171.65 171.6 171.7 0.0003897751854
171.75 171.7 171.8 0.002143446659
171.85 171.8 171.9 0.0006815987078
171.95 171.9 172 0.00121069224
172.05 172 172.1 0.001542454474
172.15 172.1 172.2 0.001520951212
172.25 172.2 172.3 0.001997817414
172.35 172.3 172.4 0.002764464147
172.45 172.4 172.5 -0.0001098487835
172.55 172.5 172.6 0.001651179798
172.65 172.6 172.7 0.001199984511
172.75 172.7 172.8 0.001311158196
172.85 172.8 172.9 0.001218733035
172.95 172.9 173 0.0005317828205
173.05 173 173.1 0.001094652591
173.15 173.1 173.2 0.001205069868
173.25 173.2 173.3 0.001572622999
173.35 173.3 173.4 0.002248420714
173.45 173.4 173.5 0.00195145114
173.55 173.5 173.6 0.0007115414439
173.65 173.6 173.7 0.0009841961167
173.75 173.7 173.8 0.003196424268
173.85 173.8 173.9 0.000999284378
173.95 173.9 174 0.001220571593
174.05 174 174.1 0.001628977904
174.15 174.1 174.2 -0.0003569045328
174.25 174.2 174.3 0.000658979068
174.35 174.3 174.4 0.001870721075
174.45 174.4 174.5 0.0005186566744
174.55 174.5 174.6 0.001019056803
174.65 174.6 174.7 0.0002379512524
174.75 174.7 174.8 0.0009997636985
174.85 174.8 174.9 0.001132808625
174.95 174.9 175 0.001923666063
175.05 175 175.1 0.001374273306
175.15 175.1 175.2 0.001433767983
175.25 175.2 175.3 0.001094270527
175.35 175.3 175.4 0.001798764627
175.45 175.4 175.5 0.000660862919
175.55 175.5 175.6 0.0009572366184
175.65 175.6 175.7 0.0006543027091
175.75 175.7 175.8 0.0008413011914
175.85 175.8 175.9 -0.0001796676089
175.95 175.9 176 5.006891031e-05
176.05 176 176.1 0.001229961365
176.15 176.1 176.2 -0.0001068901922
176.25 176.2 176.3 0.0009312921807
176.35 176.3 176.4 0.00138255918
176.45 176.4 176.5 0.0003413878791
176.55 176.5 176.6 -0.0005825216745
176.65 176.6 176.7 -7.566613399e-05
176.75 176.7 176.8 0.001380682793
176.85 176.8 176.9 0.001109873179
176.95 176.9 177 -0.001307311838
177.05 177 177.1 0.000732653417
177.15 177.1 177.2 0.0009967075042
177.25 177.2 177.3 0.0003485670638
177.35 177.3 177.4 0.000732784614
177.45 177.4 177.5 -0.0005677402568
177.55 177.5 177.6 0.0009652816521
177.65 177.6 177.7 0.001707966544
177.75 177.7 177.8 0.0005920631782
177.85 177.8 177.9 0.001741164773
177.95 177.9 178 0.0004539711039
178.05 178 178.1 0.0008175725788
178.15 178.1 178.2 0.00244908103
178.25 178.2 178.3 -0.0008161556452
178.35 178.3 178.4 0.0002519429555
178.45 178.4 178.5 0.001574186102
178.55 178.5 178.6 -0.000686368812
178.65 178.6 178.7 0.0007275367726
178.75 178.7 178.8 0.0009096869295
178.85 178.8 178.9 0.0003614703298
178.95 178.9 179 5.132166503e-05
179.05 179 179.1 0.001247428452
179.15 179.1 179.2 0.0001508671241
179.25 179.2 179.3 0.001272402809
179.35 179.3 179.4 -0.001080516464
179.45 179.4 179.5 -3.054572177e-05
179.55 179.5 179.6 -0.0006688557278
179.65 179.6 179.7 1.823415618e-05
179.75 179.7 179.8 0.0009961851347
179.85 179.8 179.9 0.001796470413
179.95 179.9 180 0.001200087772
180.05 180 180.1 0.0004143578429
180.15 180.1 180.2 -0.0007182346935
180.25 180.2 180.3 0.0007110480419
180.35 180.3 180.4 -0.0006110070629
180.45 180.4 180.5 -0.001234603092
180.55 180.5 180.6 0.0008358230716
180.65 180.6 180.7 -3.980204178e-05
180.75 180.7 180.8 -0.0006976228131
180.85 180.8 180.9 3.867920065e-05
180.95 180.9 181 -0.0002634087508
181.05 181 181.1 0.0003327052098
181.15 181.1 181.2 0.001198407107
181.25 181.2 181.3 -0.0002140803257
181.35 181.3 181.4 0.001500396768
181.45 181.4 181.5 0.001232154434
181.55 181.5 181.6 0.0008465951452
181.65 181.6 181.7 0.00198026068
181.75 181.7 181.8 0.000557430852
181.85 181.8 181.9 0.001019292707
181.95 181.9 182 -0.0006608626682
182.05 182 182.1 0.0003501205076
182.15 182.1 182.2 0.0006585995631
182.25 182.2 182.3 -0.000298970232
182.35 182.3 182.4 4.682531898e-05
182.45 182.4 182.5 0.001049724865
182.55 182.5 182.6 0.0003104354888
182.65 182.6 182.7 0.001685142566
182.75 182.7 182.8 0.001332909173
182.85 182.8 182.9 0.000850399371
182.95 182.9 183 0.0004488633892
183.05 183 183.1 -0.000995644433
183.15 183.1 183.2 0.0002137690312
183.25 183.2 183.3 -0.0005919781989
183.35 183.3 183.4 -0.0001642453224
183.45 183.4 183.5 -0.0001196468179
183.55 183.5 183.6 -0.001377895032
183.65 183.6 183.7 0.001940672938
183.75 183.7 183.8 -0.0006532569873
183.85 183.8 183.9 0.0004468446656
183.95 183.9 184 -0.0001058781923
184.05 184 184.1 0.001033612653
184.15 184.1 184.2 7.106273007e-05
184.25 184.2 184.3 0.001870862396
184.35 184.3 184.4 0.0002010885181
184.45 184.4 184.5 0.0007599322529
184.55 184.5 184.6 0.0001134967313
184.65 184.6 184.7 0.0002837089608
184.75 184.7 184.8 -0.0003973694771
184.85 184.8 184.9 0.0009100531157
184.95 184.9 185 0.0004326283749
185.05 185 185.1 0.001293469156
185.15 185.1 185.2 0.0002775783213
185.25 185.2 185.3 0.001800141354
185.35 185.3 185.4 0.0007012549746
185.45 185.4 185.5 -0.0007492226298
185.55 185.5 185.6 7.102842753e-05
185.65 185.6 185.7 -0.001387153513
185.75 185.7 185.8 0.0005738613011
185.85 185.8 185.9 0.0003427240855
185.95 185.9 186 0.0004272219859
186.05 186 186.1 0.001469612249
186.15 186.1 186.2 -0.0006222642584
186.25 186.2 186.3 0.001085522193
186.35 186.3 186.4 -9.312456569e-05
186.45 186.4 186.5 -0.0007052029888
186.55 186.5 186.6 -0.0007196446516
186.65 186.6 186.7 -0.000126073449
186.75 186.7 186.8 0.0001486498364
186.85 186.8 186.9 9.892720114e-05
186.95 186.9 187 0.0003106775231
187.05 187 187.1 7.943030849e-05
187.15 187.1 187.2 0.0008393133951
187.25 187.2 187.3 0.000744396923
187.35 187.3 187.4 0.0007018150778
187.45 187.4 187.5 0.001074851504
187.55 187.5 187.6 0.001159439879
187.65 187.6 187.7 -0.000997682443
187.75 187.7 187.8 -0.0004512007812
187.85 187.8 187.9 0.0003542412503
187.95 187.9 188 0.0009535202069
188.05 188 188.1 -6.166670931e-05
188.15 188.1 188.2 -0.001042147822
188.25 188.2 188.3 0.0007867921579
188.35 188.3 188.4 0.0003072597719
188.45 188.4 188.5 -0.000652103019
188.55 188.5 188.6 0.0003962036812
188.65 188.6 188.7 0.00108537541
188.75 188.7 188.8 0.0009016846418
188.85 188.8 188.9 -0.000608916706
188.95 188.9 189 0.0003991009026
189.05 189 189.1 0.001978850459
189.15 189.1 189.2 0.000246108609
189.25 189.2 189.3 -1.042849973e-05
189.35 189.3 189.4 0.0005455492705
189.45 189.4 189.5 0.000565414204
189.55 189.5 189.6 4.948972568e-06
189.65 189.6 189.7 0.0008651819562
189.75 189.7 189.8 0.0001233633237
189.85 189.8 189.9 -0.0002762010892
189.95 189.9 190 0.00124462268
190.05 190 190.1 -0.00199908475
190.15 190.1 190.2 0.0008624961639
190.25 190.2 190.3 -0.0001672104032
190.35 190.3 190.4 0.0007728829627
190.45 190.4 190.5 0.002247996808
190.55 190.5 190.6 -0.0003768142572
190.65 190.6 190.7 -3.977570361e-05
190.75 190.7 190.8 -0.000274976894
190.85 190.8 190.9 0.0004331976405
190.95 190.9 191 -0.0003471404502
191.05 191 191.1 -0.0004152405966
191.15 191.1 191.2 0.001054323001
191.25 191.2 191.3 0.0005381418885
191.35 191.3 191.4 0.001199058141
191.45 191.4 191.5 0.001187230975
191.55 191.5 191.6 -0.0008258165627
191.65 191.6 191.7 -7.363837591e-05
191.75 191.7 191.8 0.001823092473
191.85 191.8 191.9 8.509018207e-05
191.95 191.9 192 0.001244104691
192.05 192 192.1 0.001361693432
192.15 192.1 192.2 -0.0005556517053
192.25 192.2 192.3 0.001021955548
192.35 192.3 192.4 0.001630051346
192.45 192.4 192.5 -0.0004806993792
192.55 192.5 192.6 0.000416044774
192.65 192.6 192.7 0.0009000735963
192.75 192.7 192.8 8.866272105e-05
192.85 192.8 192.9 -0.0006686642049
192.95 192.9 193 0.0002414269079
193.05 193 193.1 -0.0004126012902
193.15 193.1 193.2 -0.0001750802927
193.25 193.2 193.3 0.0006049230691
193.35 193.3 193.4 0.0002238762967
193.45 193.4 193.5 0.000470923627
193.55 193.5 193.6 -0.0001531838746
193.65 193.6 193.7 0.0005324031241
193.75 193.7 193.8 0.0009483643887
193.85 193.8 193.9 0.001008797721
193.95 193.9 194 0.0007683338278
194.05 194 194.1 0.0001060881607
194.15 194.1 194.2 0.0004682677458
194.25 194.2 194.3 -0.0008409663312
194.35 194.3 194.4 -0.0006038831002
194.45 194.4 194.5 0.001137067617
194.55 194.5 194.6 0.0008989919537
194.65 194.6 194.7 -0.0002161321776
194.75 194.7 194.8 0.0002754250223
194.85 194.8 194.9 -7.631552479e-05
194.95 194.9 195 -0.0005774995868
195.05 195 195.1 0.001078959803
195.15 195.1 195.2 0.001481709545
195.25 195.2 195.3 -0.000631169045
195.35 195.3 195.4 0.0005707360046
195.45 195.4 195.5 -0.0001484291715
195.55 195.5 195.6 0.0005483792258
195.65 195.6 195.7 -0.0004465041057
195.75 195.7 195.8 0.001905270334
195.85 195.8 195.9 0.001164794334
195.95 195.9 196 0.0001642401198
196.05 196 196.1 0.0002865871527
196.15 196.1 196.2 -0.0001813072768
196.25 196.2 196.3 -0.0002123636083
196.35 196.3 196.4 0.001123716452
196.45 196.4 196.5 0.001594813151
196.55 196.5 196.6 0.0008302144157
196.65 196.6 196.7 0.001306816612
196.75 196.7 196.8 0.000321830974
196.85 196.8 196.9 -0.0002229446787
196.95 196.9 197 -0.001526533278
197.05 197 197.1 -0.0005213078021
197.15 197.1 197.2 0.00183221745
197.25 197.2 197.3 -0.0002414862576
197.35 197.3 197.4 0.0005680325889
197.45 197.4 197.5 -0.0008621713675
197.55 197.5 197.6 0.0006473739322
197.65 197.6 197.7 6.298608909e-05
197.75 197.7 197.8 -7.917156615e-05
197.85 197.8 197.9 -5.785187275e-05
197.95 197.9 198 -0.001111979984
198.05 198 198.1 0.001110362942
198.15 198.1 198.2 0.00161144023
198.25 198.2 198.3 -0.0002900277574
198.35 198.3 198.4 7.367134116e-05
198.45 198.4 198.5 -0.002009267016
198.55 198.5 198.6 -5.569999748e-05
198.65 198.6 198.7 -9.156307026e-05
198.75 198.7 198.8 0.0006864768502
198.85 198.8 198.9 0.0004765843943
198.95 198.9 199 -5.318660089e-05
199.05 199 199.1 -3.632827197e-05
199.15 199.1 199.2 -6.686505482e-05
199.25 199.2 199.3 0.001773180113
199.35 199.3 199.4 -0.001850914229
199.45 199.4 199.5 -0.0002048632364
199.55 199.5 199.6 -0.0003210704557
199.65 199.6 199.7 -0.000218391471
199.75 199.7 199.8 0.0002622834277
199.85 199.8 199.9 -0.0009045160116
199.95 199.9 200 -0.001023529606
