# Columns: s_cen(1) s_min(2) s_max(3) xi_iso(4)
0.05 0 0.1 56.46679801
0.15 0.1 0.2 16.65027925
0.25 0.2 0.3 13.29530426
0.35 0.3 0.4 16.1054344
0.45 0.4 0.5 22.25343376
0.55 0.5 0.6 21.4728328
0.65 0.6 0.7 22.9534299
0.75 0.7 0.8 22.11188621
0.85 0.8 0.9 19.9831953
0.95 0.9 1 20.89264654
1.05 1 1.1 18.99994692
1.15 1.1 1.2 19.25602128
1.25 1.2 1.3 18.27211816
1.35 1.3 1.4 17.24183469
1.45 1.4 1.5 16.6344139
1.55 1.5 1.6 15.71449808
1.65 1.6 1.7 14.86055502
1.75 1.7 1.8 14.79159558
1.85 1.8 1.9 13.15987382
1.95 1.9 2 12.28857591
2.05 2 2.1 11.45121871
2.15 2.1 2.2 10.82498807
2.25 2.2 2.3 10.68713913
2.35 2.3 2.4 9.733272441
2.45 2.4 2.5 9.194846362
2.55 2.5 2.6 8.529982993
2.65 2.6 2.7 8.271943257
2.75 2.7 2.8 7.461535809
2.85 2.8 2.9 7.427701485
2.95 2.9 3 7.048119223
3.05 3 3.1 6.413008605
3.15 3.1 3.2 6.422951078
3.25 3.2 3.3 6.05709163
3.35 3.3 3.4 5.945359283
3.45 3.4 3.5 5.596892037
3.55 3.5 3.6 5.395889239
3.65 3.6 3.7 5.41299967
3.75 3.7 3.8 4.983341793
3.85 3.8 3.9 4.912539903
3.95 3.9 4 4.675662243
4.05 4 4.1 4.505351068
4.15 4.1 4.2 4.325398858
4.25 4.2 4.3 4.245691445
4.35 4.3 4.4 4.047260892
4.45 4.4 4.5 3.966085242
4.55 4.5 4.6 3.813152164
4.65 4.6 4.7 3.586744571
4.75 4.7 4.8 3.521864939
4.85 4.8 4.9 3.469949275
4.95 4.9 5 3.507947223
5.05 5 5.1 3.295726844
5.15 5.1 5.2 3.118703445
5.25 5.2 5.3 3.134447717
5.35 5.3 5.4 3.195989
5.45 5.4 5.5 2.947823421
5.55 5.5 5.6 3.015436878
5.65 5.6 5.7 2.757529988
5.75 5.7 5.8 2.820943626
5.85 5.8 5.9 2.632177238
5.95 5.9 6 2.661572359
6.05 6 6.1 2.491636775
6.15 6.1 6.2 2.560621633
6.25 6.2 6.3 2.421344636
6.35 6.3 6.4 2.312100899
6.45 6.4 6.5 2.301980792
6.55 6.5 6.6 2.235352465
6.65 6.6 6.7 2.173646462
6.75 6.7 6.8 2.116343834
6.85 6.8 6.9 2.106942226
6.95 6.9 7 2.009128497
7.05 7 7.1 2.042229804
7.15 7.1 7.2 1.916504441
7.25 7.2 7.3 1.923576329
7.35 7.3 7.4 1.84011039
7.45 7.4 7.5 1.797960168
7.55 7.5 7.6 1.764295356
7.65 7.6 7.7 1.778043549
7.75 7.7 7.8 1.7074455
7.85 7.8 7.9 1.651417824
7.95 7.9 8 1.645603645
8.05 8 8.1 1.649510165
8.15 8.1 8.2 1.56697866
8.25 8.2 8.3 1.524992583
8.35 8.3 8.4 1.519547901
8.45 8.4 8.5 1.454870711
8.55 8.5 8.6 1.415901844
8.65 8.6 8.7 1.390706277
8.75 8.7 8.8 1.402716728
8.85 8.8 8.9 1.390129998
8.95 8.9 9 1.322061829
9.05 9 9.1 1.319610697
9.15 9.1 9.2 1.271396626
9.25 9.2 9.3 1.291753436
9.35 9.3 9.4 1.278842485
9.45 9.4 9.5 1.225348731
9.55 9.5 9.6 1.187864871
9.65 9.6 9.7 1.165400433
9.75 9.7 9.8 1.158023926
9.85 9.8 9.9 1.112963597
9.95 9.9 10 1.118365947
10.05 10 10.1 1.068664434
10.15 10.1 10.2 1.066235498
10.25 10.2 10.3 1.0637517
10.35 10.3 10.4 1.040726712
10.45 10.4 10.5 1.018983298
10.55 10.5 10.6 0.9902861362
10.65 10.6 10.7 0.9697886123
10.75 10.7 10.8 0.948140151
10.85 10.8 10.9 0.9366382339
10.95 10.9 11 0.9200385147
11.05 11 11.1 0.874179386
11.15 11.1 11.2 0.88436528
11.25 11.2 11.3 0.8868580369
11.35 11.3 11.4 0.8967674469
11.45 11.4 11.5 0.8662263413
11.55 11.5 11.6 0.848742954
11.65 11.6 11.7 0.8384580441
11.75 11.7 11.8 0.8087546692
11.85 11.8 11.9 0.7917648043
11.95 11.9 12 0.8082607916
12.05 12 12.1 0.7721998166
12.15 12.1 12.2 0.7737550212
12.25 12.2 12.3 0.7743407056
12.35 12.3 12.4 0.7340938346
12.45 12.4 12.5 0.7665084138
12.55 12.5 12.6 0.7333418517
12.65 12.6 12.7 0.6922928003
12.75 12.7 12.8 0.6972679279
12.85 12.8 12.9 0.7100837023
12.95 12.9 13 0.689220297
13.05 13 13.1 0.6718737034
13.15 13.1 13.2 0.6579490064
13.25 13.2 13.3 0.655179645
13.35 13.3 13.4 0.6480026172
13.45 13.4 13.5 0.6471779141
13.55 13.5 13.6 0.6454867403
13.65 13.6 13.7 0.6237093899
13.75 13.7 13.8 0.6129646859
13.85 13.8 13.9 0.5923846694
13.95 13.9 14 0.5757520656
14.05 14 14.1 0.5848066835
14.15 14.1 14.2 0.59303254
14.25 14.2 14.3 0.5804678355
14.35 14.3 14.4 0.5541749845
14.45 14.4 14.5 0.5582460472
14.55 14.5 14.6 0.5522088517
14.65 14.6 14.7 0.5297202565
14.75 14.7 14.8 0.5447990025
14.85 14.8 14.9 0.5281585081
14.95 14.9 15 0.5331881486
15.05 15 15.1 0.5240772878
15.15 15.1 15.2 0.4983042785
15.25 15.2 15.3 0.5023045824
15.35 15.3 15.4 0.487370606
15.45 15.4 15.5 0.495072273
15.55 15.5 15.6 0.4879412538
15.65 15.6 15.7 0.4810617275
15.75 15.7 15.8 0.4832507761
15.85 15.8 15.9 0.4558658582
15.95 15.9 16 0.4577689245
16.05 16 16.1 0.449498931
16.15 16.1 16.2 0.4427053661
16.25 16.2 16.3 0.4441788875
16.35 16.3 16.4 0.4429538033
16.45 16.4 16.5 0.4509660476
16.55 16.5 16.6 0.4455107028
16.65 16.6 16.7 0.4357264127
16.75 16.7 16.8 0.4283254977
16.85 16.8 16.9 0.4124657922
16.95 16.9 17 0.4242517934
17.05 17 17.1 0.3948489461
17.15 17.1 17.2 0.4099340485
17.25 17.2 17.3 0.3946995117
17.35 17.3 17.4 0.3826599286
17.45 17.4 17.5 0.3785186211
17.55 17.5 17.6 0.3759109125
17.65 17.6 17.7 0.3712578098
17.75 17.7 17.8 0.3606823811
17.85 17.8 17.9 0.377818516
17.95 17.9 18 0.3680340376
18.05 18 18.1 0.3552550103
18.15 18.1 18.2 0.3499490727
18.25 18.2 18.3 0.3495420683
18.35 18.3 18.4 0.3458728154
18.45 18.4 18.5 0.3429563855
18.55 18.5 18.6 0.3518659782
18.65 18.6 18.7 0.3329689528
18.75 18.7 18.8 0.333190092
18.85 18.8 18.9 0.3233935423
18.95 18.9 19 0.3313751732
19.05 19 19.1 0.3290058321
19.15 19.1 19.2 0.3196351043
19.25 19.2 19.3 0.299208949
19.35 19.3 19.4 0.3047114616
19.45 19.4 19.5 0.3207715634
19.55 19.5 19.6 0.3041120542
19.65 19.6 19.7 0.3052748004
19.75 19.7 19.8 0.2806857571
19.85 19.8 19.9 0.3002455617
19.95 19.9 20 0.2793005342
20.05 20 20.1 0.2961541278
20.15 20.1 20.2 0.2839120266
20.25 20.2 20.3 0.3020842774
20.35 20.3 20.4 0.2615436634
20.45 20.4 20.5 0.2831961864
20.55 20.5 20.6 0.2665121555
20.65 20.6 20.7 0.27199641
20.75 20.7 20.8 0.2580499844
20.85 20.8 20.9 0.2585725482
20.95 20.9 21 0.2601689334
21.05 21 21.1 0.269526439
21.15 21.1 21.2 0.2630794394
21.25 21.2 21.3 0.2567021443
21.35 21.3 21.4 0.2414120064
21.45 21.4 21.5 0.2502441036
21.55 21.5 21.6 0.2615692847
21.65 21.6 21.7 0.241489442
21.75 21.7 21.8 0.2483153856
21.85 21.8 21.9 0.233108962
21.95 21.9 22 0.2394711729
22.05 22 22.1 0.234632427
22.15 22.1 22.2 0.2305192664
22.25 22.2 22.3 0.2345930127
22.35 22.3 22.4 0.240184821
22.45 22.4 22.5 0.2326657803
22.55 22.5 22.6 0.2255659195
22.65 22.6 22.7 0.2341402168
22.75 22.7 22.8 0.2250388206
22.85 22.8 22.9 0.223553525
22.95 22.9 23 0.207735336
23.05 23 23.1 0.2143545049
23.15 23.1 23.2 0.202971145
23.25 23.2 23.3 0.2185551174
23.35 23.3 23.4 0.2094035186
23.45 23.4 23.5 0.2075759425
23.55 23.5 23.6 0.2038929493
23.65 23.6 23.7 0.2062634982
23.75 23.7 23.8 0.2031758124
23.85 23.8 23.9 0.1949252209
23.95 23.9 24 0.2049489686
24.05 24 24.1 0.1867629833
24.15 24.1 24.2 0.1987985866
24.25 24.2 24.3 0.1967962813
24.35 24.3 24.4 0.1827185363
24.45 24.4 24.5 0.1879750267
24.55 24.5 24.6 0.1866277486
24.65 24.6 24.7 0.1849181511
24.75 24.7 24.8 0.1806928517
24.85 24.8 24.9 0.186548854
24.95 24.9 25 0.1863793628
25.05 25 25.1 0.1692785785
25.15 25.1 25.2 0.1766573615
25.25 25.2 25.3 0.1731442677
25.35 25.3 25.4 0.178611383
25.45 25.4 25.5 0.1681945263
25.55 25.5 25.6 0.1671882838
25.65 25.6 25.7 0.1701148076
25.75 25.7 25.8 0.1622342275
25.85 25.8 25.9 0.1602872222
25.95 25.9 26 0.1604541535
26.05 26 26.1 0.1733576216
26.15 26.1 26.2 0.1625509512
26.25 26.2 26.3 0.1637477231
26.35 26.3 26.4 0.1625170482
26.45 26.4 26.5 0.1557842009
26.55 26.5 26.6 0.1600761476
26.65 26.6 26.7 0.1629545313
26.75 26.7 26.8 0.1540481296
26.85 26.8 26.9 0.1547732389
26.95 26.9 27 0.1536886658
27.05 27 27.1 0.1503338773
27.15 27.1 27.2 0.1513188761
27.25 27.2 27.3 0.1495430454
27.35 27.3 27.4 0.1360699535
27.45 27.4 27.5 0.1463908423
27.55 27.5 27.6 0.1437277168
27.65 27.6 27.7 0.1396525841
27.75 27.7 27.8 0.1434943741
27.85 27.8 27.9 0.1431352222
27.95 27.9 28 0.1363731215
28.05 28 28.1 0.1361456265
28.15 28.1 28.2 0.134609246
28.25 28.2 28.3 0.1323447126
28.35 28.3 28.4 0.1326315857
28.45 28.4 28.5 0.1367438767
28.55 28.5 28.6 0.1334575815
28.65 28.6 28.7 0.1361136922
28.75 28.7 28.8 0.1324850151
28.85 28.8 28.9 0.1264275198
28.95 28.9 29 0.1205155652
29.05 29 29.1 0.1366176067
29.15 29.1 29.2 0.1278864618
29.25 29.2 29.3 0.1280834741
29.35 29.3 29.4 0.1241248428
29.45 29.4 29.5 0.1160380463
29.55 29.5 29.6 0.1183659454
29.65 29.6 29.7 0.1184267299
29.75 29.7 29.8 0.1189912506
29.85 29.8 29.9 0.1195175238
29.95 29.9 30 0.1174218472
30.05 30 30.1 0.1195911098
30.15 30.1 30.2 0.117498637
30.25 30.2 30.3 0.1097791469
30.35 30.3 30.4 0.1180885607
30.45 30.4 30.5 0.1141225411
30.55 30.5 30.6 0.1105055034
30.65 30.6 30.7 0.1161046432
30.75 30.7 30.8 0.1021001599
30.85 30.8 30.9 0.112732111
30.95 30.9 31 0.1171057103
31.05 31 31.1 0.1139404606
31.15 31.1 31.2 0.1081999777
31.25 31.2 31.3 0.105017446
31.35 31.3 31.4 0.1043250633
31.45 31.4 31.5 0.1015425193
31.55 31.5 31.6 0.1089801267
31.65 31.6 31.7 0.1025277752
31.75 31.7 31.8 0.1023180814
31.85 31.8 31.9 0.09588104343
31.95 31.9 32 0.1035411436
32.05 32 32.1 0.1018092189
32.15 32.1 32.2 0.1033432574
32.25 32.2 32.3 0.09528403237
32.35 32.3 32.4 0.09229296438
32.45 32.4 32.5 0.100545188
32.55 32.5 32.6 0.09386074127
32.65 32.6 32.7 0.09629512516
32.75 32.7 32.8 0.1000738627
32.85 32.8 32.9 0.09257672395
32.95 32.9 33 0.0883946814
33.05 33 33.1 0.09610801173
33.15 33.1 33.2 0.07586503848
33.25 33.2 33.3 0.09152555049
33.35 33.3 33.4 0.09464109152
33.45 33.4 33.5 0.08684802468
33.55 33.5 33.6 0.09384362299
33.65 33.6 33.7 0.0849146695
33.75 33.7 33.8 0.0848052715
33.85 33.8 33.9 0.09211700788
33.95 33.9 34 0.08311056356
34.05 34 34.1 0.09209045231
34.15 34.1 34.2 0.08687398501
34.25 34.2 34.3 0.08662471733
34.35 34.3 34.4 0.09124870651
34.45 34.4 34.5 0.08398913929
34.55 34.5 34.6 0.0830697627
34.65 34.6 34.7 0.08198781768
34.75 34.7 34.8 0.08736192391
34.85 34.8 34.9 0.07900662363
34.95 34.9 35 0.08201384387
35.05 35 35.1 0.08452875999
35.15 35.1 35.2 0.07966410286
35.25 35.2 35.3 0.08203756931
35.35 35.3 35.4 0.07974190567
35.45 35.4 35.5 0.07402057021
35.55 35.5 35.6 0.07843166144
35.65 35.6 35.7 0.07794645901
35.75 35.7 35.8 0.07230094233
35.85 35.8 35.9 0.07306327403
35.95 35.9 36 0.07083046496
36.05 36 36.1 0.07344266477
36.15 36.1 36.2 0.06887199842
36.25 36.2 36.3 0.07226244835
36.35 36.3 36.4 0.07021493194
36.45 36.4 36.5 0.06995096711
36.55 36.5 36.6 0.07722360446
36.65 36.6 36.7 0.07174000156
36.75 36.7 36.8 0.07108768489
36.85 36.8 36.9 0.06903572196
36.95 36.9 37 0.0734518334
37.05 37 37.1 0.06791576164
37.15 37.1 37.2 0.06746982252
37.25 37.2 37.3 0.0759379601
37.35 37.3 37.4 0.06057878624
37.45 37.4 37.5 0.0724822004
37.55 37.5 37.6 0.06803888868
37.65 37.6 37.7 0.06322053976
37.75 37.7 37.8 0.0666789911
37.85 37.8 37.9 0.0690652943
37.95 37.9 38 0.06837875762
38.05 38 38.1 0.06657887936
38.15 38.1 38.2 0.0689438594
38.25 38.2 38.3 0.05995817469
38.35 38.3 38.4 0.06481848314
38.45 38.4 38.5 0.05969807598
38.55 38.5 38.6 0.05601314632
38.65 38.6 38.7 0.05986755164
38.75 38.7 38.8 0.05807037493
38.85 38.8 38.9 0.05650267042
38.95 38.9 39 0.05935464897
39.05 39 39.1 0.05446819292
39.15 39.1 39.2 0.06515621912
39.25 39.2 39.3 0.0519159643
39.35 39.3 39.4 0.0580292948
39.45 39.4 39.5 0.05513072744
39.55 39.5 39.6 0.06054021167
39.65 39.6 39.7 0.05647672103
39.75 39.7 39.8 0.05506677165
39.85 39.8 39.9 0.05979289984
39.95 39.9 40 0.05457871182
40.05 40 40.1 0.05914671175
40.15 40.1 40.2 0.05471430828
40.25 40.2 40.3 0.04861650594
40.35 40.3 40.4 0.05664127172
40.45 40.4 40.5 0.04921772967
40.55 40.5 40.6 0.050160818
40.65 40.6 40.7 0.0495400777
40.75 40.7 40.8 0.05351487767
40.85 40.8 40.9 0.05111717283
40.95 40.9 41 0.04890147684
41.05 41 41.1 0.05609423366
41.15 41.1 41.2 0.05424328756
41.25 41.2 41.3 0.05172004389
41.35 41.3 41.4 0.04617855146
41.45 41.4 41.5 0.04559096347
41.55 41.5 41.6 0.04427519708
41.65 41.6 41.7 0.04828534409
41.75 41.7 41.8 0.04759678606
41.85 41.8 41.9 0.05130465234
41.95 41.9 42 0.04790811213
42.05 42 42.1 0.0465690541
42.15 42.1 42.2 0.04604960816
42.25 42.2 42.3 0.04830037282
42.35 42.3 42.4 0.05021279025
42.45 42.4 42.5 0.04945258145
42.55 42.5 42.6 0.04776538505
42.65 42.6 42.7 0.04683808923
42.75 42.7 42.8 0.04688975056
42.85 42.8 42.9 0.04499224747
42.95 42.9 43 0.03899907322
43.05 43 43.1 0.03851733626
43.15 43.1 43.2 0.04384424361
43.25 43.2 43.3 0.04672739747
43.35 43.3 43.4 0.04190993672
43.45 43.4 43.5 0.03946572749
43.55 43.5 43.6 0.043376111
43.65 43.6 43.7 0.0450851535
43.75 43.7 43.8 0.04371440169
43.85 43.8 43.9 0.04458514759
43.95 43.9 44 0.04382171599
44.05 44 44.1 0.03948156614
44.15 44.1 44.2 0.04925089231
44.25 44.2 44.3 0.04346907757
44.35 44.3 44.4 0.03987930095
44.45 44.4 44.5 0.04253265963
44.55 44.5 44.6 0.03695704443
44.65 44.6 44.7 0.04233397691
44.75 44.7 44.8 0.04252304229
44.85 44.8 44.9 0.03690900933
44.95 44.9 45 0.04374291355
45.05 45 45.1 0.03387918871
45.15 45.1 45.2 0.04099566151
45.25 45.2 45.3 0.04029225647
45.35 45.3 45.4 0.03736355405
45.45 45.4 45.5 0.04281585844
45.55 45.5 45.6 0.03344847197
45.65 45.6 45.7 0.04037978292
45.75 45.7 45.8 0.0343430607
45.85 45.8 45.9 0.03806766857
45.95 45.9 46 0.03680875385
46.05 46 46.1 0.03300720483
46.15 46.1 46.2 0.03981318748
46.25 46.2 46.3 0.03481459026
46.35 46.3 46.4 0.03604735799
46.45 46.4 46.5 0.03310572337
46.55 46.5 46.6 0.04403011931
46.65 46.6 46.7 0.03117789104
46.75 46.7 46.8 0.03700240164
46.85 46.8 46.9 0.03546896833
46.95 46.9 47 0.03394618034
47.05 47 47.1 0.03638937694
47.15 47.1 47.2 0.03833516123
47.25 47.2 47.3 0.0355760031
47.35 47.3 47.4 0.03606074924
47.45 47.4 47.5 0.03432658765
47.55 47.5 47.6 0.03270363583
47.65 47.6 47.7 0.03276223787
47.75 47.7 47.8 0.03408741385
47.85 47.8 47.9 0.03266119625
47.95 47.9 48 0.03022002479
48.05 48 48.1 0.03870050245
48.15 48.1 48.2 0.03226966563
48.25 48.2 48.3 0.03268940475
48.35 48.3 48.4 0.02696140427
48.45 48.4 48.5 0.03191301179
48.55 48.5 48.6 0.03093416619
48.65 48.6 48.7 0.03369005383
48.75 48.7 48.8 0.02653572509
48.85 48.8 48.9 0.02486020892
48.95 48.9 49 0.03391417015
49.05 49 49.1 0.03430816605
49.15 49.1 49.2 0.03003426977
49.25 49.2 49.3 0.03241889169
49.35 49.3 49.4 0.03145353134
49.45 49.4 49.5 0.02927336591
49.55 49.5 49.6 0.03249706005
49.65 49.6 49.7 0.02958478846
49.75 49.7 49.8 0.03117799178
49.85 49.8 49.9 0.02508803166
49.95 49.9 50 0.0287003199
50.05 50 50.1 0.02909050943
50.15 50.1 50.2 0.03046709947
50.25 50.2 50.3 0.02824353396
50.35 50.3 50.4 0.0246690289
50.45 50.4 50.5 0.02796282139
50.55 50.5 50.6 0.03010960846
50.65 50.6 50.7 0.02844148651
50.75 50.7 50.8 0.03263158413
50.85 50.8 50.9 0.02206358545
50.95 50.9 51 0.02357539163
51.05 51 51.1 0.02465364986
51.15 51.1 51.2 0.02658610339
51.25 51.2 51.3 0.02451755008
51.35 51.3 51.4 0.02633880902
51.45 51.4 51.5 0.02444429932
51.55 51.5 51.6 0.02853075925
51.65 51.6 51.7 0.02825716597
51.75 51.7 51.8 0.02891881417
51.85 51.8 51.9 0.02510946874
51.95 51.9 52 0.02278192301
52.05 52 52.1 0.02408741369
52.15 52.1 52.2 0.02530393762
52.25 52.2 52.3 0.02872112009
52.35 52.3 52.4 0.0229690667
52.45 52.4 52.5 0.02476781905
52.55 52.5 52.6 0.02592568348
52.65 52.6 52.7 0.02104802824
52.75 52.7 52.8 0.0257673802
52.85 52.8 52.9 0.02794885319
52.95 52.9 53 0.02264171357
53.05 53 53.1 0.02159248896
53.15 53.1 53.2 0.02345050915
53.25 53.2 53.3 0.02297714138
53.35 53.3 53.4 0.02153627273
53.45 53.4 53.5 0.02622181615
53.55 53.5 53.6 0.02073265005
53.65 53.6 53.7 0.02448148499
53.75 53.7 53.8 0.01923005445
53.85 53.8 53.9 0.01974865779
53.95 53.9 54 0.02026114687
54.05 54 54.1 0.0212975632
54.15 54.1 54.2 0.02463675808
54.25 54.2 54.3 0.02157772302
54.35 54.3 54.4 0.02431330353
54.45 54.4 54.5 0.01808896313
54.55 54.5 54.6 0.02259864732
54.65 54.6 54.7 0.02531287012
54.75 54.7 54.8 0.01642161513
54.85 54.8 54.9 0.02408182851
54.95 54.9 55 0.02039937281
55.05 55 55.1 0.020603747
55.15 55.1 55.2 0.02148570187
55.25 55.2 55.3 0.01929702143
55.35 55.3 55.4 0.01609679519
55.45 55.4 55.5 0.01986249979
55.55 55.5 55.6 0.01623295603
55.65 55.6 55.7 0.0200382758
55.75 55.7 55.8 0.01357268751
55.85 55.8 55.9 0.01569199452
55.95 55.9 56 0.01716669608
56.05 56 56.1 0.01611466729
56.15 56.1 56.2 0.01487145693
56.25 56.2 56.3 0.01790619026
56.35 56.3 56.4 0.02280313395
56.45 56.4 56.5 0.02271164801
56.55 56.5 56.6 0.01951201721
56.65 56.6 56.7 0.02031152754
56.75 56.7 56.8 0.01918446413
56.85 56.8 56.9 0.01892648072
56.95 56.9 57 0.01712337284
57.05 57 57.1 0.01581063911
57.15 57.1 57.2 0.01960898215
57.25 57.2 57.3 0.01756663463
57.35 57.3 57.4 0.01827376082
57.45 57.4 57.5 0.01759734626
57.55 57.5 57.6 0.02081013318
57.65 57.6 57.7 0.01964596177
57.75 57.7 57.8 0.01784940392
57.85 57.8 57.9 0.01807196198
57.95 57.9 58 0.01772635044
58.05 58 58.1 0.01718423185
58.15 58.1 58.2 0.01408575307
58.25 58.2 58.3 0.01764801487
58.35 58.3 58.4 0.01731817776
58.45 58.4 58.5 0.01905278388
58.55 58.5 58.6 0.01537736556
58.65 58.6 58.7 0.01752011385
58.75 58.7 58.8 0.01629996715
58.85 58.8 58.9 0.01927782812
58.95 58.9 59 0.01941615709
59.05 59 59.1 0.01931211813
59.15 59.1 59.2 0.01519262184
59.25 59.2 59.3 0.0179024928
59.35 59.3 59.4 0.01659697337
59.45 59.4 59.5 0.01801271432
59.55 59.5 59.6 0.01896527765
59.65 59.6 59.7 0.01361573447
59.75 59.7 59.8 0.01368397488
59.85 59.8 59.9 0.0146150538
59.95 59.9 60 0.01398048022
60.05 60 60.1 0.01395314811
60.15 60.1 60.2 0.02008889735
60.25 60.2 60.3 0.0118244841
60.35 60.3 60.4 0.01448040001
60.45 60.4 60.5 0.01991324469
60.55 60.5 60.6 0.01328443462
60.65 60.6 60.7 0.01607922164
60.75 60.7 60.8 0.01638099374
60.85 60.8 60.9 0.009143297422
60.95 60.9 61 0.01364922459
61.05 61 61.1 0.01227918979
61.15 61.1 61.2 0.0108323718
61.25 61.2 61.3 0.01221560019
61.35 61.3 61.4 0.01173470508
61.45 61.4 61.5 0.01176750192
61.55 61.5 61.6 0.01405261179
61.65 61.6 61.7 0.01313294864
61.75 61.7 61.8 0.01527387814
61.85 61.8 61.9 0.01551851372
61.95 61.9 62 0.01484407057
62.05 62 62.1 0.009539586543
62.15 62.1 62.2 0.01492115418
62.25 62.2 62.3 0.01703249849
62.35 62.3 62.4 0.01357657774
62.45 62.4 62.5 0.01179773279
62.55 62.5 62.6 0.01525042273
62.65 62.6 62.7 0.0114310002
62.75 62.7 62.8 0.01086505309
62.85 62.8 62.9 0.01392864832
62.95 62.9 63 0.01242582244
63.05 63 63.1 0.01221187574
63.15 63.1 63.2 0.01205595786
63.25 63.2 63.3 0.01139847826
63.35 63.3 63.4 0.01405140298
63.45 63.4 63.5 0.01203221727
63.55 63.5 63.6 0.01118137598
63.65 63.6 63.7 0.01785612637
63.75 63.7 63.8 0.008657914935
63.85 63.8 63.9 0.01320691424
63.95 63.9 64 0.01024449497
64.05 64 64.1 0.01021260012
64.15 64.1 64.2 0.01421436303
64.25 64.2 64.3 0.01385650209
64.35 64.3 64.4 0.01179479604
64.45 64.4 64.5 0.008667416969
64.55 64.5 64.6 0.01191135404
64.65 64.6 64.7 0.007902470513
64.75 64.7 64.8 0.009769223899
64.85 64.8 64.9 0.009285868543
64.95 64.9 65 0.008262071123
65.05 65 65.1 0.01037077746
65.15 65.1 65.2 0.01030425408
65.25 65.2 65.3 0.0110378365
65.35 65.3 65.4 0.0108360419
65.45 65.4 65.5 0.009794589079
65.55 65.5 65.6 0.01032057144
65.65 65.6 65.7 0.01156265868
65.75 65.7 65.8 0.01188386371
65.85 65.8 65.9 0.0126962714
65.95 65.9 66 0.01625449408
66.05 66 66.1 0.01334790909
66.15 66.1 66.2 0.009889921124
66.25 66.2 66.3 0.01040943202
66.35 66.3 66.4 0.009252446155
66.45 66.4 66.5 0.008227168942
66.55 66.5 66.6 0.01054608056
66.65 66.6 66.7 0.01089110432
66.75 66.7 66.8 0.01017247167
66.85 66.8 66.9 0.01234526249
66.95 66.9 67 0.007386676475
67.05 67 67.1 0.01007421814
67.15 67.1 67.2 0.009353482683
67.25 67.2 67.3 0.008090644149
67.35 67.3 67.4 0.008195857369
67.45 67.4 67.5 0.004692428447
67.55 67.5 67.6 0.008304666526
67.65 67.6 67.7 0.01200606641
67.75 67.7 67.8 0.01069726355
67.85 67.8 67.9 0.0100016545
67.95 67.9 68 0.009568844735
68.05 68 68.1 0.01133563701
68.15 68.1 68.2 0.007618923748
68.25 68.2 68.3 0.01171483928
68.35 68.3 68.4 0.006516690225
68.45 68.4 68.5 0.008083477983
68.55 68.5 68.6 0.009863814073
68.65 68.6 68.7 0.005758490688
68.75 68.7 68.8 0.008858194377
68.85 68.8 68.9 0.008261403021
68.95 68.9 69 0.008796437314
69.05 69 69.1 0.007409650569
69.15 69.1 69.2 0.008590791767
69.25 69.2 69.3 0.006747966144
69.35 69.3 69.4 0.01327297822
69.45 69.4 69.5 0.006498019625
69.55 69.5 69.6 0.008674297991
69.65 69.6 69.7 0.009231910579
69.75 69.7 69.8 0.006782776732
69.85 69.8 69.9 0.01027465845
69.95 69.9 70 0.009947113643
70.05 70 70.1 0.008932520112
70.15 70.1 70.2 0.009026277837
70.25 70.2 70.3 0.01228681885
70.35 70.3 70.4 0.01170770838
70.45 70.4 70.5 0.005992650778
70.55 70.5 70.6 0.008057818437
70.65 70.6 70.7 0.01185676065
70.75 70.7 70.8 0.01089974352
70.85 70.8 70.9 0.009176848296
70.95 70.9 71 0.008163422127
71.05 71 71.1 0.007732433061
71.15 71.1 71.2 0.008134425666
71.25 71.2 71.3 0.01116036394
71.35 71.3 71.4 0.006936595628
71.45 71.4 71.5 0.006813945356
71.55 71.5 71.6 0.007292839758
71.65 71.6 71.7 0.007353627769
71.75 71.7 71.8 0.008486900085
71.85 71.8 71.9 0.01040835329
71.95 71.9 72 0.009175959426
72.05 72 72.1 0.008428378909
72.15 72.1 72.2 0.007170718499
72.25 72.2 72.3 0.009385794054
72.35 72.3 72.4 0.00861167761
72.45 72.4 72.5 0.006852079914
72.55 72.5 72.6 0.007063145982
72.65 72.6 72.7 0.006863420379
72.75 72.7 72.8 0.007595925261
72.85 72.8 72.9 0.00770192451
72.95 72.9 73 0.007546988334
73.05 73 73.1 0.005633938482
73.15 73.1 73.2 0.009618378237
73.25 73.2 73.3 0.00540152531
73.35 73.3 73.4 0.005518380272
73.45 73.4 73.5 0.009155832895
73.55 73.5 73.6 0.00545977292
73.65 73.6 73.7 0.005255092417
73.75 73.7 73.8 0.006802005455
73.85 73.8 73.9 0.007612540958
73.95 73.9 74 0.007251339344
74.05 74 74.1 0.009847891681
74.15 74.1 74.2 0.008411713821
74.25 74.2 74.3 0.00904193965
74.35 74.3 74.4 0.008642904366
74.45 74.4 74.5 0.01077014648
74.55 74.5 74.6 0.008472271098
74.65 74.6 74.7 0.007691594628
74.75 74.7 74.8 0.004933148054
74.85 74.8 74.9 0.005204168227
74.95 74.9 75 0.006815340657
75.05 75 75.1 0.006529764508
75.15 75.1 75.2 0.003929872034
75.25 75.2 75.3 0.004524207009
75.35 75.3 75.4 0.01052044563
75.45 75.4 75.5 0.006820209193
75.55 75.5 75.6 0.004110988643
75.65 75.6 75.7 0.006441959195
75.75 75.7 75.8 0.01032110298
75.85 75.8 75.9 0.005417838837
75.95 75.9 76 0.005922378749
76.05 76 76.1 0.005893652803
76.15 76.1 76.2 0.005429929214
76.25 76.2 76.3 0.007615129122
76.35 76.3 76.4 0.005685127914
76.45 76.4 76.5 0.006624834924
76.55 76.5 76.6 0.006404602192
76.65 76.6 76.7 0.005655058145
76.75 76.7 76.8 0.006238800955
76.85 76.8 76.9 0.01007311291
76.95 76.9 77 0.006521571965
77.05 77 77.1 0.005730324402
77.15 77.1 77.2 0.008103677108
77.25 77.2 77.3 0.00707745901
77.35 77.3 77.4 0.01064682026
77.45 77.4 77.5 0.005670416458
77.55 77.5 77.6 0.004058832311
77.65 77.6 77.7 0.006481937461
77.75 77.7 77.8 0.003500214298
77.85 77.8 77.9 0.00508340284
77.95 77.9 78 0.003904837118
78.05 78 78.1 0.005102896975
78.15 78.1 78.2 0.005025012308
78.25 78.2 78.3 0.002133860774
78.35 78.3 78.4 0.006178121496
78.45 78.4 78.5 0.003715323752
78.55 78.5 78.6 0.005410402186
78.65 78.6 78.7 0.00624673576
78.75 78.7 78.8 0.008394746235
78.85 78.8 78.9 0.005749204288
78.95 78.9 79 0.005870914304
79.05 79 79.1 0.006231031588
79.15 79.1 79.2 0.004689508224
79.25 79.2 79.3 0.005110721613
79.35 79.3 79.4 0.005895912058
79.45 79.4 79.5 0.007320614624
79.55 79.5 79.6 0.003651819442
79.65 79.6 79.7 0.00506104718
79.75 79.7 79.8 0.007937292013
79.85 79.8 79.9 0.005413962184
79.95 79.9 80 0.004736535899
80.05 80 80.1 0.005176367266
80.15 80.1 80.2 0.004299490892
80.25 80.2 80.3 0.004912430156
80.35 80.3 80.4 0.006359132154
80.45 80.4 80.5 0.006328455935
80.55 80.5 80.6 0.004810597013
80.65 80.6 80.7 0.00363460364
80.75 80.7 80.8 0.003824684792
80.85 80.8 80.9 0.007258259648
80.95 80.9 81 0.001077185867
81.05 81 81.1 0.00561593455
81.15 81.1 81.2 0.003622760174
81.25 81.2 81.3 0.007488420511
81.35 81.3 81.4 0.00514578961
81.45 81.4 81.5 0.005369959528
81.55 81.5 81.6 0.008097671992
81.65 81.6 81.7 0.003845058648
81.75 81.7 81.8 0.00330602435
81.85 81.8 81.9 0.004576762876
81.95 81.9 82 0.004096879521
82.05 82 82.1 0.005919812827
82.15 82.1 82.2 0.004455210219
82.25 82.2 82.3 0.004723973336
82.35 82.3 82.4 0.004041738695
82.45 82.4 82.5 0.004049159496
82.55 82.5 82.6 0.006806043851
82.65 82.6 82.7 0.005037458036
82.75 82.7 82.8 0.004931148877
82.85 82.8 82.9 0.003806363675
82.95 82.9 83 0.00584317917
83.05 83 83.1 0.005706975715
83.15 83.1 83.2 0.007607534212
83.25 83.2 83.3 0.004937714724
83.35 83.3 83.4 0.003993328262
83.45 83.4 83.5 0.004807531498
83.55 83.5 83.6 0.006142435285
83.65 83.6 83.7 0.004919875392
83.75 83.7 83.8 0.002921376069
83.85 83.8 83.9 0.006666019116
83.95 83.9 84 0.006863803048
84.05 84 84.1 0.006118541647
84.15 84.1 84.2 0.002364686456
84.25 84.2 84.3 0.006212534078
84.35 84.3 84.4 0.007515642909
84.45 84.4 84.5 0.001050381791
84.55 84.5 84.6 0.001596307871
84.65 84.6 84.7 0.005238339934
84.75 84.7 84.8 0.004087307454
84.85 84.8 84.9 0.002994751521
84.95 84.9 85 0.00207459036
85.05 85 85.1 0.004879320965
85.15 85.1 85.2 0.008132672198
85.25 85.2 85.3 0.005204123358
85.35 85.3 85.4 0.002417652159
85.45 85.4 85.5 0.002685224231
85.55 85.5 85.6 0.004029338703
85.65 85.6 85.7 0.004024222872
85.75 85.7 85.8 0.003329180809
85.85 85.8 85.9 0.001554312523
85.95 85.9 86 0.003713221507
86.05 86 86.1 0.00655263514
86.15 86.1 86.2 0.002673008898
86.25 86.2 86.3 0.005044766354
86.35 86.3 86.4 0.003190915514
86.45 86.4 86.5 0.00394691712
86.55 86.5 86.6 0.004290822683
86.65 86.6 86.7 0.004652454783
86.75 86.7 86.8 0.004118991555
86.85 86.8 86.9 0.004960902606
86.95 86.9 87 0.003503471404
87.05 87 87.1 0.004074478572
87.15 87.1 87.2 0.005543929452
87.25 87.2 87.3 0.00521203406
87.35 87.3 87.4 0.003782549572
87.45 87.4 87.5 0.003271450261
87.55 87.5 87.6 0.005046077872
87.65 87.6 87.7 0.00512340353
87.75 87.7 87.8 0.005575780677
87.85 87.8 87.9 0.006519308336
87.95 87.9 88 0.003481532548
88.05 88 88.1 0.0005509945933
88.15 88.1 88.2 0.007948790475
88.25 88.2 88.3 0.005907326126
88.35 88.3 88.4 0.003083742259
88.45 88.4 88.5 0.003680571922
88.55 88.5 88.6 0.005674325266
88.65 88.6 88.7 0.005226443452
88.75 88.7 88.8 0.003724572188
88.85 88.8 88.9 0.002223145015
88.95 88.9 89 0.003274788347
89.05 89 89.1 0.003784129799
89.15 89.1 89.2 0.006290054656
89.25 89.2 89.3 0.002788222204
89.35 89.3 89.4 0.002986126635
89.45 89.4 89.5 0.007442675925
89.55 89.5 89.6 0.003118914691
89.65 89.6 89.7 0.007534901532
89.75 89.7 89.8 0.002842703356
89.85 89.8 89.9 0.002986917531
89.95 89.9 90 0.00309574614
90.05 90 90.1 0.0005766478807
90.15 90.1 90.2 0.003127916696
90.25 90.2 90.3 0.006986901082
90.35 90.3 90.4 0.002774118583
90.45 90.4 90.5 0.004731865519
90.55 90.5 90.6 0.003564578423
90.65 90.6 90.7 0.004633258699
90.75 90.7 90.8 0.003586954726
90.85 90.8 90.9 0.008036098782
90.95 90.9 91 0.006008923301
91.05 91 91.1 0.002844791942
91.15 91.1 91.2 0.007091307056
91.25 91.2 91.3 0.007175265562
91.35 91.3 91.4 0.007050018697
91.45 91.4 91.5 0.004591084504
91.55 91.5 91.6 0.004448641264
91.65 91.6 91.7 0.004465728011
91.75 91.7 91.8 0.004847844848
91.85 91.8 91.9 0.005678223108
91.95 91.9 92 0.003798866026
92.05 92 92.1 0.004797501736
92.15 92.1 92.2 0.007256600845
92.25 92.2 92.3 0.005955155393
92.35 92.3 92.4 0.006399250571
92.45 92.4 92.5 0.0039960017
92.55 92.5 92.6 0.003715411925
92.65 92.6 92.7 0.004609864112
92.75 92.7 92.8 0.00310901406
92.85 92.8 92.9 0.007353318814
92.95 92.9 93 0.007469249392
93.05 93 93.1 0.006672542142
93.15 93.1 93.2 0.005640860108
93.25 93.2 93.3 0.006797390607
93.35 93.3 93.4 0.006691838299
93.45 93.4 93.5 0.005756847965
93.55 93.5 93.6 0.006193981528
93.65 93.6 93.7 0.004315303271
93.75 93.7 93.8 0.005424902808
93.85 93.8 93.9 0.002263121596
93.95 93.9 94 0.006742582298
94.05 94 94.1 0.005739803276
94.15 94.1 94.2 0.00572771536
94.25 94.2 94.3 0.004005901502
94.35 94.3 94.4 0.008352197381
94.45 94.4 94.5 0.003844850055
94.55 94.5 94.6 0.008514250615
94.65 94.6 94.7 0.006889019719
94.75 94.7 94.8 0.007342032072
94.85 94.8 94.9 0.006224372428
94.95 94.9 95 0.003693251744
95.05 95 95.1 0.008309463996
95.15 95.1 95.2 0.004434436433
95.25 95.2 95.3 0.005789338999
95.35 95.3 95.4 0.005062666049
95.45 95.4 95.5 0.004849503426
95.55 95.5 95.6 0.005182602876
95.65 95.6 95.7 0.002713137462
95.75 95.7 95.8 0.005027569092
95.85 95.8 95.9 0.004236745265
95.95 95.9 96 0.004493449427
96.05 96 96.1 0.004418775387
96.15 96.1 96.2 0.00425270654
96.25 96.2 96.3 0.002551105243
96.35 96.3 96.4 0.005191438307
96.45 96.4 96.5 0.004737256854
96.55 96.5 96.6 0.004485472355
96.65 96.6 96.7 0.004940908554
96.75 96.7 96.8 0.005156718233
96.85 96.8 96.9 0.005128629341
96.95 96.9 97 0.005168911523
97.05 97 97.1 0.004911609215
97.15 97.1 97.2 0.006073581739
97.25 97.2 97.3 0.005775350134
97.35 97.3 97.4 0.006385319766
97.45 97.4 97.5 0.008104692655
97.55 97.5 97.6 0.004226469458
97.65 97.6 97.7 0.004307336414
97.75 97.7 97.8 0.004504725925
97.85 97.8 97.9 0.00561602777
97.95 97.9 98 0.004144980534
98.05 98 98.1 0.004814868279
98.15 98.1 98.2 0.00471640013
98.25 98.2 98.3 0.004576503237
98.35 98.3 98.4 0.004098526565
98.45 98.4 98.5 0.004534622492
98.55 98.5 98.6 0.004353837037
98.65 98.6 98.7 0.003378642679
98.75 98.7 98.8 0.00535962973
98.85 98.8 98.9 0.005352882964
98.95 98.9 99 0.004924453175
99.05 99 99.1 0.003915660926
99.15 99.1 99.2 0.00614040219
99.25 99.2 99.3 0.004822036781
99.35 99.3 99.4 0.005805772783
99.45 99.4 99.5 0.004057570875
99.55 99.5 99.6 0.004917238685
99.65 99.6 99.7 0.005746734011
99.75 99.7 99.8 0.003074161261
99.85 99.8 99.9 0.002561021733
99.95 99.9 100 0.006850925345
100.05 100 100.1 0.005387829044
100.15 100.1 100.2 0.002905345553
100.25 100.2 100.3 0.003928435257
100.35 100.3 100.4 0.005417562609
100.45 100.4 100.5 0.00518448889
100.55 100.5 100.6 0.004093590859
100.65 100.6 100.7 0.001934344592
100.75 100.7 100.8 0.004281415314
100.85 100.8 100.9 0.002542455635
100.95 100.9 101 0.004715954704
101.05 101 101.1 0.003799938985
101.15 101.1 101.2 0.00739958745
101.25 101.2 101.3 0.004232918487
101.35 101.3 101.4 0.004069761019
101.45 101.4 101.5 0.0009558084058
101.55 101.5 101.6 0.006933722463
101.65 101.6 101.7 0.004632423796
101.75 101.7 101.8 0.004403925928
101.85 101.8 101.9 0.005884091662
101.95 101.9 102 0.006362309095
102.05 102 102.1 0.005587764486
102.15 102.1 102.2 0.00470476653
102.25 102.2 102.3 0.001391450806
102.35 102.3 102.4 0.003801361142
102.45 102.4 102.5 0.004533195502
102.55 102.5 102.6 0.003890573699
102.65 102.6 102.7 0.002600647306
102.75 102.7 102.8 0.005100749681
102.85 102.8 102.9 0.005494448946
102.95 102.9 103 0.005145372826
103.05 103 103.1 0.004002740469
103.15 103.1 103.2 0.001947955979
103.25 103.2 103.3 0.003479762859
103.35 103.3 103.4 0.003776735748
103.45 103.4 103.5 0.005768822238
103.55 103.5 103.6 0.00568058972
103.65 103.6 103.7 0.002541243711
103.75 103.7 103.8 0.005223384937
103.85 103.8 103.9 0.004561737581
103.95 103.9 104 0.004624613597
104.05 104 104.1 0.004028039596
104.15 104.1 104.2 0.00579350199
104.25 104.2 104.3 0.003364049273
104.35 104.3 104.4 0.007508701147
104.45 104.4 104.5 0.004726175173
104.55 104.5 104.6 0.002514401071
104.65 104.6 104.7 0.002939657815
104.75 104.7 104.8 0.00392328217
104.85 104.8 104.9 0.004735920611
104.95 104.9 105 0.002869687476
105.05 105 105.1 0.002672163671
105.15 105.1 105.2 0.00467968069
105.25 105.2 105.3 0.005585843206
105.35 105.3 105.4 0.002995183364
105.45 105.4 105.5 0.005434609977
105.55 105.5 105.6 0.001908816735
105.65 105.6 105.7 0.005481935141
105.75 105.7 105.8 0.004226786161
105.85 105.8 105.9 0.005512763858
105.95 105.9 106 0.005779290425
106.05 106 106.1 0.00238710005
106.15 106.1 106.2 0.004375161472
106.25 106.2 106.3 0.002543419003
106.35 106.3 106.4 0.003438166386
106.45 106.4 106.5 0.004635422991
106.55 106.5 106.6 0.003819682288
106.65 106.6 106.7 0.004710346391
106.75 106.7 106.8 0.006205407399
106.85 106.8 106.9 0.005556502575
106.95 106.9 107 0.005334979428
107.05 107 107.1 0.004308808353
107.15 107.1 107.2 0.003874346191
107.25 107.2 107.3 0.003505962508
107.35 107.3 107.4 0.00386913247
107.45 107.4 107.5 0.003230980539
107.55 107.5 107.6 0.004029048787
107.65 107.6 107.7 0.003596132679
107.75 107.7 107.8 0.005805897091
107.85 107.8 107.9 0.003882480651
107.95 107.9 108 0.002731961691
108.05 108 108.1 0.006372989253
108.15 108.1 108.2 0.004286522872
108.25 108.2 108.3 0.004102324592
108.35 108.3 108.4 0.005077859035
108.45 108.4 108.5 0.003462876591
108.55 108.5 108.6 0.005389473021
108.65 108.6 108.7 0.003414166759
108.75 108.7 108.8 0.003860386917
108.85 108.8 108.9 0.005001912302
108.95 108.9 109 0.004545089698
109.05 109 109.1 0.003567031949
109.15 109.1 109.2 0.004664774859
109.25 109.2 109.3 0.004096782465
109.35 109.3 109.4 0.002353983346
109.45 109.4 109.5 0.004577498688
109.55 109.5 109.6 0.00332660165
109.65 109.6 109.7 0.003996522036
109.75 109.7 109.8 0.003513868933
109.85 109.8 109.9 0.0030143104
109.95 109.9 110 0.003515255435
110.05 110 110.1 0.005033497899
110.15 110.1 110.2 0.00413705478
110.25 110.2 110.3 0.004623272361
110.35 110.3 110.4 0.003690825432
110.45 110.4 110.5 0.003156390099
110.55 110.5 110.6 0.004216206489
110.65 110.6 110.7 0.005489164834
110.75 110.7 110.8 0.002912345259
110.85 110.8 110.9 0.003269195459
110.95 110.9 111 0.004367959556
111.05 111 111.1 0.003933754747
111.15 111.1 111.2 0.003728326373
111.25 111.2 111.3 0.003996762183
111.35 111.3 111.4 0.003656499293
111.45 111.4 111.5 0.00320571595
111.55 111.5 111.6 0.002741345698
111.65 111.6 111.7 0.002180971053
111.75 111.7 111.8 0.003157307774
111.85 111.8 111.9 0.002964211636
111.95 111.9 112 0.006091667891
112.05 112 112.1 0.002622791545
112.15 112.1 112.2 0.00403739841
112.25 112.2 112.3 0.003261406812
112.35 112.3 112.4 0.00186712755
112.45 112.4 112.5 0.003894655912
112.55 112.5 112.6 0.004007799233
112.65 112.6 112.7 0.003888303433
112.75 112.7 112.8 0.003747345818
112.85 112.8 112.9 0.002158947455
112.95 112.9 113 0.00116251215
113.05 113 113.1 0.001205647183
113.15 113.1 113.2 0.001552093275
113.25 113.2 113.3 -0.0002226805886
113.35 113.3 113.4 0.002986594425
113.45 113.4 113.5 0.005151022782
113.55 113.5 113.6 0.001722364108
113.65 113.6 113.7 0.004122349132
113.75 113.7 113.8 0.002125283166
113.85 113.8 113.9 0.004310293605
113.95 113.9 114 0.005062222876
114.05 114 114.1 0.00314107656
114.15 114.1 114.2 0.001669217912
114.25 114.2 114.3 0.003091159014
114.35 114.3 114.4 0.003805208412
114.45 114.4 114.5 0.001411615675
114.55 114.5 114.6 0.002891336297
114.65 114.6 114.7 0.0001632523269
114.75 114.7 114.8 0.001149524371
114.85 114.8 114.9 0.001107454112
114.95 114.9 115 0.002092042894
115.05 115 115.1 0.003655059522
115.15 115.1 115.2 0.002231166721
115.25 115.2 115.3 0.002880879371
115.35 115.3 115.4 0.001840541166
115.45 115.4 115.5 0.001450149481
115.55 115.5 115.6 0.00211674765
115.65 115.6 115.7 0.002259855993
115.75 115.7 115.8 0.002425153771
115.85 115.8 115.9 0.001318602335
115.95 115.9 116 0.001239717605
116.05 116 116.1 0.0001445308592
116.15 116.1 116.2 0.001901507709
116.25 116.2 116.3 0.002770946219
116.35 116.3 116.4 0.002210099226
116.45 116.4 116.5 0.002549097356
116.55 116.5 116.6 0.002662581647
116.65 116.6 116.7 0.004488126617
116.75 116.7 116.8 0.002023940252
116.85 116.8 116.9 0.002454927877
116.95 116.9 117 0.002203711304
117.05 117 117.1 0.002887019536
117.15 117.1 117.2 0.002058675055
117.25 117.2 117.3 0.001490066085
117.35 117.3 117.4 0.002700467065
117.45 117.4 117.5 0.00355174043
117.55 117.5 117.6 0.002732977225
117.65 117.6 117.7 0.002450441486
117.75 117.7 117.8 0.002927840017
117.85 117.8 117.9 0.002615218342
117.95 117.9 118 0.002207439895
118.05 118 118.1 0.0006851004318
118.15 118.1 118.2 0.002276317037
118.25 118.2 118.3 0.002715582844
118.35 118.3 118.4 0.003624496889
118.45 118.4 118.5 0.003898013013
118.55 118.5 118.6 0.00214155895
118.65 118.6 118.7 0.001632311011
118.75 118.7 118.8 0.00215490681
118.85 118.8 118.9 0.002247193349
118.95 118.9 119 0.003501543931
119.05 119 119.1 0.003028905247
119.15 119.1 119.2 0.002432441161
119.25 119.2 119.3 0.003503219821
119.35 119.3 119.4 0.002410953564
119.45 119.4 119.5 0.0034806682
119.55 119.5 119.6 0.002110474636
119.65 119.6 119.7 0.002987958844
119.75 119.7 119.8 0.002674119633
119.85 119.8 119.9 0.001982546725
119.95 119.9 120 0.001961211759
120.05 120 120.1 0.002354350392
120.15 120.1 120.2 0.002809832016
120.25 120.2 120.3 -0.0007772440811
120.35 120.3 120.4 0.002507039992
120.45 120.4 120.5 0.0001205324403
120.55 120.5 120.6 0.003243904264
120.65 120.6 120.7 0.0004655074057
120.75 120.7 120.8 -0.0003277755533
120.85 120.8 120.9 0.002455949244
120.95 120.9 121 0.004041671558
121.05 121 121.1 -0.0002087313556
121.15 121.1 121.2 0.002539750255
121.25 121.2 121.3 0.001626728991
121.35 121.3 121.4 0.002731527385
121.45 121.4 121.5 0.002697852084
121.55 121.5 121.6 0.002618171155
121.65 121.6 121.7 0.002115057497
121.75 121.7 121.8 0.001246176243
121.85 121.8 121.9 0.001107384151
121.95 121.9 122 0.003350590383
122.05 122 122.1 0.001647495943
122.15 122.1 122.2 0.0001119219069
122.25 122.2 122.3 0.001467547505
122.35 122.3 122.4 -0.0003590332108
122.45 122.4 122.5 0.001749007772
122.55 122.5 122.6 0.0006293328893
122.65 122.6 122.7 0.002790871351
122.75 122.7 122.8 0.0004904005951
122.85 122.8 122.9 0.0007888984255
122.95 122.9 123 0.001996401546
123.05 123 123.1 0.003222792692
123.15 123.1 123.2 0.0004484215183
123.25 123.2 123.3 0.003775782477
123.35 123.3 123.4 0.001223383511
123.45 123.4 123.5 -0.0001950265166
123.55 123.5 123.6 0.002816679388
123.65 123.6 123.7 0.003204958099
123.75 123.7 123.8 0.0001930213778
123.85 123.8 123.9 0.001779673743
123.95 123.9 124 0.004494375685
124.05 124 124.1 0.001748089037
124.15 124.1 124.2 0.0008851684336
124.25 124.2 124.3 0.002010030193
124.35 124.3 124.4 0.001321902223
124.45 124.4 124.5 0.0009674005253
124.55 124.5 124.6 0.001593157684
124.65 124.6 124.7 -0.0001026856345
124.75 124.7 124.8 0.00182107463
124.85 124.8 124.9 0.002126011324
124.95 124.9 125 0.00182343849
125.05 125 125.1 0.00313279465
125.15 125.1 125.2 0.00278059109
125.25 125.2 125.3 0.001649555926
125.35 125.3 125.4 0.002722298425
125.45 125.4 125.5 0.003253847162
125.55 125.5 125.6 0.001000929669
125.65 125.6 125.7 0.0007898063
125.75 125.7 125.8 0.001066521979
125.85 125.8 125.9 0.00100227483
125.95 125.9 126 0.001982279654
126.05 126 126.1 0.000823606679
126.15 126.1 126.2 0.001834717259
126.25 126.2 126.3 -0.000336812018
126.35 126.3 126.4 -5.36300165e-05
126.45 126.4 126.5 -0.001346783403
126.55 126.5 126.6 0.002364682616
126.65 126.6 126.7 0.001064811109
126.75 126.7 126.8 0.0006581260813
126.85 126.8 126.9 -5.385891153e-05
126.95 126.9 127 0.0003430247861
127.05 127 127.1 0.0004028593559
127.15 127.1 127.2 0.0003982333555
127.25 127.2 127.3 0.000768918954
127.35 127.3 127.4 0.0006763225361
127.45 127.4 127.5 0.001120839587
127.55 127.5 127.6 0.002391819221
127.65 127.6 127.7 0.001126424646
127.75 127.7 127.8 0.002301987511
127.85 127.8 127.9 0.0009533681073
127.95 127.9 128 0.001019650678
128.05 128 128.1 0.001311676074
128.15 128.1 128.2 0.003389663619
128.25 128.2 128.3 0.001760967202
128.35 128.3 128.4 0.0006615292418
128.45 128.4 128.5 0.00207920277
128.55 128.5 128.6 0.001508904592
128.65 128.6 128.7 0.0003893649551
128.75 128.7 128.8 0.001742159073
128.85 128.8 128.9 -0.0005086116923
128.95 128.9 129 0.001277622804
129.05 129 129.1 0.001873113243
129.15 129.1 129.2 0.001478062535
129.25 129.2 129.3 0.00159989187
129.35 129.3 129.4 0.002027481999
129.45 129.4 129.5 0.0001562655128
129.55 129.5 129.6 0.0006103962979
129.65 129.6 129.7 0.0003894524913
129.75 129.7 129.8 0.001049395325
129.85 129.8 129.9 0.002452347858
129.95 129.9 130 0.000857467179
130.05 130 130.1 0.002096195322
130.15 130.1 130.2 0.004252745455
130.25 130.2 130.3 0.0007897183102
130.35 130.3 130.4 0.001949358167
130.45 130.4 130.5 0.001392710793
130.55 130.5 130.6 0.0007000890659
130.65 130.6 130.7 -0.0003670903778
130.75 130.7 130.8 0.0006182009447
130.85 130.8 130.9 0.0007344105754
130.95 130.9 131 0.002575564347
131.05 131 131.1 0.001397827241
131.15 131.1 131.2 0.0003662032317
131.25 131.2 131.3 0.003468539086
131.35 131.3 131.4 0.002637895003
131.45 131.4 131.5 -0.001255808023
131.55 131.5 131.6 -1.294699811e-06
131.65 131.6 131.7 -0.0002224445269
131.75 131.7 131.8 0.0006407743519
131.85 131.8 131.9 1.873427052e-06
131.95 131.9 132 0.001385051302
132.05 132 132.1 -0.0001901625936
132.15 132.1 132.2 0.001186650957
132.25 132.2 132.3 0.0001637151339
132.35 132.3 132.4 0.0003728563625
132.45 132.4 132.5 0.001852345024
132.55 132.5 132.6 0.0008839565553
132.65 132.6 132.7 -0.0001632633806
132.75 132.7 132.8 0.001549500181
132.85 132.8 132.9 0.0008397592723
132.95 132.9 133 0.0008084419197
133.05 133 133.1 -0.001934032292
133.15 133.1 133.2 0.001455798428
133.25 133.2 133.3 0.001245206926
133.35 133.3 133.4 -0.0002885644574
133.45 133.4 133.5 0.0005189352667
133.55 133.5 133.6 0.0003879393547
133.65 133.6 133.7 0.001060490634
133.75 133.7 133.8 0.001039977442
133.85 133.8 133.9 0.0001519081945
133.95 133.9 134 0.001373469946
134.05 134 134.1 0.00171475632
134.15 134.1 134.2 0.0002506417868
134.25 134.2 134.3 8.691836215e-05
134.35 134.3 134.4 0.003311654839
134.45 134.4 134.5 -0.0004044907015
134.55 134.5 134.6 0.001607218036
134.65 134.6 134.7 -0.0009516142025
134.75 134.7 134.8 0.0006170956687
134.85 134.8 134.9 0.001198909631
134.95 134.9 135 0.001146164639
135.05 135 135.1 -5.952360171e-05
135.15 135.1 135.2 0.001199822422
135.25 135.2 135.3 0.0007071717705
135.35 135.3 135.4 0.0007920121828
135.45 135.4 135.5 0.0002908505104
135.55 135.5 135.6 1.945375037e-05
135.65 135.6 135.7 6.368291262e-05
135.75 135.7 135.8 0.0009479824897
135.85 135.8 135.9 2.759028609e-05
135.95 135.9 136 0.001522209935
136.05 136 136.1 0.002712904328
136.15 136.1 136.2 0.0004710155743
136.25 136.2 136.3 0.0006806460576
136.35 136.3 136.4 0.0006706957363
136.45 136.4 136.5 0.0009142973329
136.55 136.5 136.6 -0.0003630887447
136.65 136.6 136.7 0.000420131274
136.75 136.7 136.8 -0.0003179838877
136.85 136.8 136.9 0.0005411967164
136.95 136.9 137 0.0006118410413
137.05 137 137.1 0.001758493002
137.15 137.1 137.2 0.0008395462725
137.25 137.2 137.3 -0.001060195254
137.35 137.3 137.4 0.0001902091698
137.45 137.4 137.5 -0.001674335441
137.55 137.5 137.6 0.0001477614983
137.65 137.6 137.7 0.001816467264
137.75 137.7 137.8 -0.0004023636328
137.85 137.8 137.9 -0.0004858588919
137.95 137.9 138 0.0001734434319
138.05 138 138.1 -0.0002045575221
138.15 138.1 138.2 -0.000202328143
138.25 138.2 138.3 -0.0003698961336
138.35 138.3 138.4 0.0004970150983
138.45 138.4 138.5 -0.0004933020704
138.55 138.5 138.6 0.001473129976
138.65 138.6 138.7 0.0008726501064
138.75 138.7 138.8 0.001958800393
138.85 138.8 138.9 -0.0004210760671
138.95 138.9 139 -0.0006064101569
139.05 139 139.1 0.0003015229497
139.15 139.1 139.2 -0.00070799759
139.25 139.2 139.3 0.002681009121
139.35 139.3 139.4 -0.0002505756566
139.45 139.4 139.5 -0.001723068179
139.55 139.5 139.6 0.001611232282
139.65 139.6 139.7 0.001140469842
139.75 139.7 139.8 -0.001890234529
139.85 139.8 139.9 0.001378942579
139.95 139.9 140 -0.0003200332507
140.05 140 140.1 -0.0008694642201
140.15 140.1 140.2 -0.001045027181
140.25 140.2 140.3 -7.880110149e-05
140.35 140.3 140.4 -0.0001182800646
140.45 140.4 140.5 -0.000930918711
140.55 140.5 140.6 -0.001498749507
140.65 140.6 140.7 -0.000793825423
140.75 140.7 140.8 0.0006780596513
140.85 140.8 140.9 -0.0003577674851
140.95 140.9 141 0.001024293803
141.05 141 141.1 5.601182357e-05
141.15 141.1 141.2 0.0006218216867
141.25 141.2 141.3 0.001035548817
141.35 141.3 141.4 -0.001236109777
141.45 141.4 141.5 0.000955407797
141.55 141.5 141.6 -0.0002987775798
141.65 141.6 141.7 0.001366713519
141.75 141.7 141.8 0.0009682075096
141.85 141.8 141.9 0.00037062088
141.95 141.9 142 0.0007398927206
142.05 142 142.1 -0.0005021942232
142.15 142.1 142.2 -0.001534721707
142.25 142.2 142.3 0.0001540209263
142.35 142.3 142.4 -6.110387887e-05
142.45 142.4 142.5 0.0001139533084
142.55 142.5 142.6 -0.0002739857999
142.65 142.6 142.7 -0.001432670987
142.75 142.7 142.8 -0.0007309373481
142.85 142.8 142.9 0.001166911476
142.95 142.9 143 -0.0003409699243
143.05 143 143.1 0.0005077316795
143.15 143.1 143.2 0.001584063879
143.25 143.2 143.3 0.0001554482664
143.35 143.3 143.4 -0.001331736973
143.45 143.4 143.5 0.0003661967314
143.55 143.5 143.6 0.001234431293
143.65 143.6 143.7 -0.001440597895
143.75 143.7 143.8 -0.001297970349
143.85 143.8 143.9 0.001528636653
143.95 143.9 144 -0.0003524355513
144.05 144 144.1 -0.00082266412
144.15 144.1 144.2 0.0009150838996
144.25 144.2 144.3 -4.523099685e-05
144.35 144.3 144.4 0.001176126462
144.45 144.4 144.5 -0.0005359450054
144.55 144.5 144.6 -0.0003579677174
144.65 144.6 144.7 0.00105803829
144.75 144.7 144.8 -0.0001584268802
144.85 144.8 144.9 0.001642227706
144.95 144.9 145 0.000111372609
145.05 145 145.1 -0.0007781302128
145.15 145.1 145.2 0.0002131020418
145.25 145.2 145.3 0.0003680228096
145.35 145.3 145.4 -0.0009505770688
145.45 145.4 145.5 0.001353129998
145.55 145.5 145.6 0.0009147541284
145.65 145.6 145.7 0.001032574582
145.75 145.7 145.8 0.0008201661338
145.85 145.8 145.9 -0.000298825906
145.95 145.9 146 -0.001243010837
146.05 146 146.1 0.001106236085
146.15 146.1 146.2 -0.0001612665622
146.25 146.2 146.3 0.002361366845
146.35 146.3 146.4 0.001584001593
146.45 146.4 146.5 0.001440321014
146.55 146.5 146.6 -8.365796269e-05
146.65 146.6 146.7 0.0005410897747
146.75 146.7 146.8 -0.001118186856
146.85 146.8 146.9 0.001262539587
146.95 146.9 147 -0.002414448528
147.05 147 147.1 0.0008600008153
147.15 147.1 147.2 -0.000979842808
147.25 147.2 147.3 0.0001318703713
147.35 147.3 147.4 0.0005003628653
147.45 147.4 147.5 -6.349807674e-05
147.55 147.5 147.6 -0.001164524817
147.65 147.6 147.7 0.002330945121
147.75 147.7 147.8 -0.000121523329
147.85 147.8 147.9 -0.0007005456919
147.95 147.9 148 -0.0007353020067
148.05 148 148.1 -2.804435448e-05
148.15 148.1 148.2 -0.001892041883
148.25 148.2 148.3 -0.0006056798813
148.35 148.3 148.4 0.0004094007871
148.45 148.4 148.5 0.0007331989651
148.55 148.5 148.6 -0.0004576881813
148.65 148.6 148.7 0.0001188045634
148.75 148.7 148.8 -0.00103892791
148.85 148.8 148.9 -0.0006564398122
148.95 148.9 149 0.0001470668103
149.05 149 149.1 0.001217219403
149.15 149.1 149.2 0.0001353488225
149.25 149.2 149.3 0.0005372009862
149.35 149.3 149.4 -0.0003669716307
149.45 149.4 149.5 0.0002833138915
149.55 149.5 149.6 0.001622415758
149.65 149.6 149.7 -0.000162241661
149.75 149.7 149.8 0.0005496031288
149.85 149.8 149.9 -9.213233521e-05
149.95 149.9 150 0.0005272182428
150.05 150 150.1 -2.673726488e-05
150.15 150.1 150.2 0.001073752424
150.25 150.2 150.3 -0.0007366364811
150.35 150.3 150.4 -0.000275179598
150.45 150.4 150.5 0.001086973176
150.55 150.5 150.6 -0.00118385161
150.65 150.6 150.7 -0.001066687641
150.75 150.7 150.8 -0.001865898459
150.85 150.8 150.9 0.001796903208
150.95 150.9 151 2.605941466e-05
151.05 151 151.1 -0.0004066924345
151.15 151.1 151.2 0.0002536988827
151.25 151.2 151.3 0.0001037159775
151.35 151.3 151.4 -0.0005833589462
151.45 151.4 151.5 -0.00200799703
151.55 151.5 151.6 -0.000935581707
151.65 151.6 151.7 -0.0007264167705
151.75 151.7 151.8 -0.001994609801
151.85 151.8 151.9 -0.001315761572
151.95 151.9 152 -0.000892091174
152.05 152 152.1 -0.0007095493539
152.15 152.1 152.2 0.0008380970869
152.25 152.2 152.3 0.000877700052
152.35 152.3 152.4 -0.001257737641
152.45 152.4 152.5 -0.0003210012648
152.55 152.5 152.6 -0.001496020854
152.65 152.6 152.7 5.614942585e-05
152.75 152.7 152.8 -0.0002340963807
152.85 152.8 152.9 0.0001442203615
152.95 152.9 153 1.305539336e-05
153.05 153 153.1 -0.0008068704536
153.15 153.1 153.2 0.0006695858312
153.25 153.2 153.3 0.002008340147
153.35 153.3 153.4 -0.001507524531
153.45 153.4 153.5 -0.001336784592
153.55 153.5 153.6 -0.001521449587
153.65 153.6 153.7 -6.003534606e-05
153.75 153.7 153.8 -0.0005692224458
153.85 153.8 153.9 -0.001529531572
153.95 153.9 154 -0.0005158341675
154.05 154 154.1 -0.001985113532
154.15 154.1 154.2 -0.0006700103496
154.25 154.2 154.3 -0.002507300318
154.35 154.3 154.4 -0.002018962017
154.45 154.4 154.5 0.0009967439112
154.55 154.5 154.6 -0.00040304696
154.65 154.6 154.7 0.0007470101162
154.75 154.7 154.8 -0.0003804198916
154.85 154.8 154.9 0.0001451805689
154.95 154.9 155 -0.0001294842681
155.05 155 155.1 -0.0004481369819
155.15 155.1 155.2 -0.001887533464
155.25 155.2 155.3 0.0002366633657
155.35 155.3 155.4 -4.142082985e-05
155.45 155.4 155.5 0.000249680243
155.55 155.5 155.6 -0.0007304342243
155.65 155.6 155.7 -0.002077366289
155.75 155.7 155.8 0.0006681634154
155.85 155.8 155.9 -0.001855637296
155.95 155.9 156 -0.0001123536391
156.05 156 156.1 -0.0004422684753
156.15 156.1 156.2 -0.0007970412383
156.25 156.2 156.3 -0.001194374793
156.35 156.3 156.4 0.000833588707
156.45 156.4 156.5 -6.576554501e-05
156.55 156.5 156.6 -0.0009857327051
156.65 156.6 156.7 -0.0009965668056
156.75 156.7 156.8 -0.0009310340476
156.85 156.8 156.9 -0.0009878905638
156.95 156.9 157 0.001361125099
157.05 157 157.1 -0.001358539863
157.15 157.1 157.2 -0.001252985462
157.25 157.2 157.3 -0.0003419298248
157.35 157.3 157.4 -0.0004295049513
157.45 157.4 157.5 0.0006527928045
157.55 157.5 157.6 0.0009246348441
157.65 157.6 157.7 -0.001535428434
157.75 157.7 157.8 0.0003729087984
157.85 157.8 157.9 -0.002354148336
157.95 157.9 158 -0.001773659063
158.05 158 158.1 -0.00202308407
158.15 158.1 158.2 -0.002067539093
158.25 158.2 158.3 -0.001331833755
158.35 158.3 158.4 -0.002620883067
158.45 158.4 158.5 0.001191653352
158.55 158.5 158.6 -0.0003817450913
158.65 158.6 158.7 -8.991803029e-05
158.75 158.7 158.8 0.001910051845
158.85 158.8 158.9 -0.0007258036636
158.95 158.9 159 -0.0008277239362
159.05 159 159.1 0.0002061553053
159.15 159.1 159.2 0.0007347835242
159.25 159.2 159.3 -0.001891093461
159.35 159.3 159.4 -0.002372925535
159.45 159.4 159.5 0.000222590863
159.55 159.5 159.6 0.000221745075
159.65 159.6 159.7 -0.0006143011596
159.75 159.7 159.8 -0.0001601038535
159.85 159.8 159.9 -0.002124422572
159.95 159.9 160 -0.00030864908
160.05 160 160.1 -0.001384666515
160.15 160.1 160.2 -0.0007057513334
160.25 160.2 160.3 -0.002738879635
160.35 160.3 160.4 -0.0005752332257
160.45 160.4 160.5 -0.000857468412
160.55 160.5 160.6 -0.001079226617
160.65 160.6 160.7 -0.0002694962449
160.75 160.7 160.8 0.0003575800907
160.85 160.8 160.9 -0.001637670113
160.95 160.9 161 0.000784979306
161.05 161 161.1 8.62279484e-05
161.15 161.1 161.2 -0.0005343203971
161.25 161.2 161.3 0.0003155807727
161.35 161.3 161.4 0.0002001405793
161.45 161.4 161.5 -0.0003755282054
161.55 161.5 161.6 3.815624199e-05
161.65 161.6 161.7 0.000305906759
161.75 161.7 161.8 -0.0002301312739
161.85 161.8 161.9 0.0006772061613
161.95 161.9 162 0.0001762578242
162.05 162 162.1 0.0009458286622
162.15 162.1 162.2 -0.001121442344
162.25 162.2 162.3 -0.0002015071186
162.35 162.3 162.4 -0.001071314709
162.45 162.4 162.5 -0.000740829012
162.55 162.5 162.6 -0.000531899547
162.65 162.6 162.7 0.0007648145039
162.75 162.7 162.8 7.447250473e-05
162.85 162.8 162.9 0.0004123431785
162.95 162.9 163 -0.001186177844
163.05 163 163.1 0.0009221189859
163.15 163.1 163.2 -0.001470576838
163.25 163.2 163.3 0.001557085598
163.35 163.3 163.4 6.173775818e-05
163.45 163.4 163.5 -0.0005905737544
163.55 163.5 163.6 0.001026495789
163.65 163.6 163.7 -6.409121492e-05
163.75 163.7 163.8 0.002178000552
163.85 163.8 163.9 -0.001025193341
163.95 163.9 164 -0.0020229442
164.05 164 164.1 -0.0004260491082
164.15 164.1 164.2 -0.0003844419368
164.25 164.2 164.3 -2.618721078e-05
164.35 164.3 164.4 -0.001058136108
164.45 164.4 164.5 -0.001547734644
164.55 164.5 164.6 -0.001295983152
164.65 164.6 164.7 -0.000774036764
164.75 164.7 164.8 -7.553246473e-05
164.85 164.8 164.9 0.001116452109
164.95 164.9 165 0.0007493969067
165.05 165 165.1 0.0008504433507
165.15 165.1 165.2 0.0007581043171
165.25 165.2 165.3 -0.0006429538402
165.35 165.3 165.4 -0.001128384947
165.45 165.4 165.5 0.0004232308461
165.55 165.5 165.6 6.278418452e-05
165.65 165.6 165.7 -0.001506994936
165.75 165.7 165.8 0.0004098594077
165.85 165.8 165.9 0.001201255869
165.95 165.9 166 -8.86986647e-05
166.05 166 166.1 0.0004523788828
166.15 166.1 166.2 -0.000938403268
166.25 166.2 166.3 -0.0004727955248
166.35 166.3 166.4 3.935919422e-05
166.45 166.4 166.5 0.0005045558257
166.55 166.5 166.6 -0.001585446032
166.65 166.6 166.7 0.0005113001381
166.75 166.7 166.8 0.001301128814
166.85 166.8 166.9 -0.0001491509728
166.95 166.9 167 -3.138948585e-05
167.05 167 167.1 0.0005749688241
167.15 167.1 167.2 -0.0005281780185
167.25 167.2 167.3 0.000302216353
167.35 167.3 167.4 -0.001219976334
167.45 167.4 167.5 0.000285576424
167.55 167.5 167.6 0.0006301760526
167.65 167.6 167.7 0.001576130272
167.75 167.7 167.8 0.0007066444183
167.85 167.8 167.9 -0.0004333341796
167.95 167.9 168 0.0003282897714
168.05 168 168.1 0.0001473678073
168.15 168.1 168.2 -0.0007740870525
168.25 168.2 168.3 -0.0009897579177
168.35 168.3 168.4 0.001521246224
168.45 168.4 168.5 0.001504978618
168.55 168.5 168.6 -0.001553101099
168.65 168.6 168.7 -0.0001803726887
168.75 168.7 168.8 -0.001098230896
168.85 168.8 168.9 0.0003365877703
168.95 168.9 169 0.001030403539
169.05 169 169.1 0.000331251689
169.15 169.1 169.2 0.0005358301007
169.25 169.2 169.3 -0.0003028770145
169.35 169.3 169.4 -0.0007044479623
169.45 169.4 169.5 -0.0008929269199
169.55 169.5 169.6 0.0005016395794
169.65 169.6 169.7 -0.001450711252
169.75 169.7 169.8 -0.001694177523
169.85 169.8 169.9 0.001034304262
169.95 169.9 170 -0.0001438372527
170.05 170 170.1 0.001210634084
170.15 170.1 170.2 -0.001295492344
170.25 170.2 170.3 8.457055773e-05
170.35 170.3 170.4 5.996613428e-05
170.45 170.4 170.5 -0.00101810238
170.55 170.5 170.6 0.0001858682183
170.65 170.6 170.7 0.0009388462329
170.75 170.7 170.8 -0.0002478888393
170.85 170.8 170.9 -4.675504136e-05
170.95 170.9 171 -0.000166042089
171.05 171 171.1 -0.0003915845998
171.15 171.1 171.2 -0.000961248111
171.25 171.2 171.3 -0.0007225241644
171.35 171.3 171.4 -0.0009254118437
171.45 171.4 171.5 -0.001004255099
171.55 171.5 171.6 -0.0006443486075
171.65 171.6 171.7 0.0005851406243
171.75 171.7 171.8 -0.0006096043899
171.85 171.8 171.9 -0.0008751623175
171.95 171.9 172 -0.002684202908
172.05 172 172.1 -0.000165605204
172.15 172.1 172.2 -0.001670437571
172.25 172.2 172.3 -0.001571596946
172.35 172.3 172.4 -0.0004771882924
172.45 172.4 172.5 -0.0005282079073
172.55 172.5 172.6 0.001604125368
172.65 172.6 172.7 0.0003296712704
172.75 172.7 172.8 0.000554450588
172.85 172.8 172.9 -0.001083555491
172.95 172.9 173 0.0007921506613
173.05 173 173.1 -0.0001763210166
173.15 173.1 173.2 0.0004611374394
173.25 173.2 173.3 -0.001027455973
173.35 173.3 173.4 -0.001414037501
173.45 173.4 173.5 -0.00169415061
173.55 173.5 173.6 7.316516794e-05
173.65 173.6 173.7 0.0006249273634
173.75 173.7 173.8 -0.001098864503
173.85 173.8 173.9 -0.001033235112
173.95 173.9 174 -0.0001746091364
174.05 174 174.1 0.0003232524116
174.15 174.1 174.2 -0.0003538726371
174.25 174.2 174.3 0.001593207368
174.35 174.3 174.4 -0.0009311530268
174.45 174.4 174.5 -0.001058885864
174.55 174.5 174.6 0.0001485880128
174.65 174.6 174.7 -0.0004598528582
174.75 174.7 174.8 0.000930505345
174.85 174.8 174.9 -0.0006379923677
174.95 174.9 175 -0.0003695294036
175.05 175 175.1 -0.0008387677704
175.15 175.1 175.2 -0.0007038137952
175.25 175.2 175.3 -0.0008343403374
175.35 175.3 175.4 0.0007525673923
175.45 175.4 175.5 4.899902104e-05
175.55 175.5 175.6 -0.0001492694882
175.65 175.6 175.7 -0.001796667342
175.75 175.7 175.8 0.0005296234584
175.85 175.8 175.9 -0.0005068811733
175.95 175.9 176 0.0002874939727
176.05 176 176.1 0.0005577212467
176.15 176.1 176.2 0.001169001161
176.25 176.2 176.3 0.001611890034
176.35 176.3 176.4 -0.0002167687948
176.45 176.4 176.5 -0.0001044165295
176.55 176.5 176.6 -0.0004313598974
176.65 176.6 176.7 -0.001041802646
176.75 176.7 176.8 0.0008161583
176.85 176.8 176.9 0.001276170279
176.95 176.9 177 8.166428189e-05
177.05 177 177.1 -0.0005865412306
177.15 177.1 177.2 0.0005460472291
177.25 177.2 177.3 -0.0003341996864
177.35 177.3 177.4 -0.0007190026155
177.45 177.4 177.5 -0.001104968604
177.55 177.5 177.6 0.0004794477908
177.65 177.6 177.7 0.0003148279212
177.75 177.7 177.8 0.002156563046
177.85 177.8 177.9 0.0001062707359
177.95 177.9 178 6.651554311e-05
178.05 178 178.1 -0.0007754806663
178.15 178.1 178.2 -0.001508102164
178.25 178.2 178.3 -0.0008217752646
178.35 178.3 178.4 -0.0001375253268
178.45 178.4 178.5 0.001296052139
178.55 178.5 178.6 -0.001002191999
178.65 178.6 178.7 -0.0006953532734
178.75 178.7 178.8 -0.00205159427
178.85 178.8 178.9 1.252314129e-05
178.95 178.9 179 0.00019315363
179.05 179 179.1 -0.0005191671075
179.15 179.1 179.2 0.000386990521
179.25 179.2 179.3 -0.0002269086749
179.35 179.3 179.4 -0.001576408015
179.45 179.4 179.5 -0.001374685907
179.55 179.5 179.6 0.0001896693394
179.65 179.6 179.7 -0.0007081588234
179.75 179.7 179.8 0.0003619478647
179.85 179.8 179.9 -0.001109476086
179.95 179.9 180 -0.0003659776153
180.05 180 180.1 -8.60969071e-05
180.15 180.1 180.2 -0.0002984316506
180.25 180.2 180.3 -0.00151386474
180.35 180.3 180.4 -0.0001550796333
180.45 180.4 180.5 0.000615950042
180.55 180.5 180.6 -0.001037182807
180.65 180.6 180.7 -0.0009168075899
180.75 180.7 180.8 0.0002709376083
180.85 180.8 180.9 6.730457421e-05
180.95 180.9 181 -0.0006800773543
181.05 181 181.1 -0.0004674604556
181.15 181.1 181.2 0.002069572508
181.25 181.2 181.3 -0.001601253092
181.35 181.3 181.4 4.768243333e-05
181.45 181.4 181.5 -0.0006004116534
181.55 181.5 181.6 -0.0003126772165
181.65 181.6 181.7 -5.94048408e-05
181.75 181.7 181.8 -0.0007955686132
181.85 181.8 181.9 0.0006416625221
181.95 181.9 182 -0.001325821469
182.05 182 182.1 0.0002735707749
182.15 182.1 182.2 0.0002904101199
182.25 182.2 182.3 -0.0009783374091
182.35 182.3 182.4 0.0003062413493
182.45 182.4 182.5 -0.0003397465348
182.55 182.5 182.6 0.0004250757392
182.65 182.6 182.7 -8.267160716e-05
182.75 182.7 182.8 0.0002081065903
182.85 182.8 182.9 -0.00137004834
182.95 182.9 183 -0.0009606625522
183.05 183 183.1 -0.0008671119261
183.15 183.1 183.2 -0.001476970491
183.25 183.2 183.3 -5.30817605e-05
183.35 183.3 183.4 0.000387908794
183.45 183.4 183.5 0.0004229616293
183.55 183.5 183.6 -3.821141965e-05
183.65 183.6 183.7 0.0004835188528
183.75 183.7 183.8 0.0008830574737
183.85 183.8 183.9 -6.43642021e-05
183.95 183.9 184 7.094393228e-06
184.05 184 184.1 0.0001456227564
184.15 184.1 184.2 0.0004502724801
184.25 184.2 184.3 -0.0002463479704
184.35 184.3 184.4 -0.0004181873364
184.45 184.4 184.5 -0.0005555799234
184.55 184.5 184.6 -0.001274184565
184.65 184.6 184.7 -0.0001375900779
184.75 184.7 184.8 -0.001469402795
184.85 184.8 184.9 -0.0006209758326
184.95 184.9 185 0.0003186897683
185.05 185 185.1 -0.0003682006572
185.15 185.1 185.2 0.0003440330732
185.25 185.2 185.3 -0.001836703742
185.35 185.3 185.4 -0.0005821550213
185.45 185.4 185.5 8.159206419e-05
185.55 185.5 185.6 -0.0005775739127
185.65 185.6 185.7 0.0006144578516
185.75 185.7 185.8 -0.00195735304
185.85 185.8 185.9 0.0005648002064
185.95 185.9 186 -0.001174866426
186.05 186 186.1 -0.0005393546857
186.15 186.1 186.2 0.0004006833519
186.25 186.2 186.3 0.001706596161
186.35 186.3 186.4 -0.001238054169
186.45 186.4 186.5 -9.69746961e-05
186.55 186.5 186.6 7.370537982e-05
186.65 186.6 186.7 4.150044143e-05
186.75 186.7 186.8 0.0007575982334
186.85 186.8 186.9 -0.0004379996107
186.95 186.9 187 0.0002152064465
187.05 187 187.1 -0.0007134931571
187.15 187.1 187.2 0.0008885713668
187.25 187.2 187.3 -0.0001036860997
187.35 187.3 187.4 6.958648337e-05
187.45 187.4 187.5 -6.89424692e-06
187.55 187.5 187.6 -0.001045935815
187.65 187.6 187.7 -0.0006250293914
187.75 187.7 187.8 0.0002284992553
187.85 187.8 187.9 -0.0007376067599
187.95 187.9 188 0.0006642025533
188.05 188 188.1 0.002757591134
188.15 188.1 188.2 -0.001836119143
188.25 188.2 188.3 0.0001473727067
188.35 188.3 188.4 -0.001434041051
188.45 188.4 188.5 -0.000859492003
188.55 188.5 188.6 -0.0009476080114
188.65 188.6 188.7 -0.001500667979
188.75 188.7 188.8 -0.0009601351535
188.85 188.8 188.9 0.0001721181158
188.95 188.9 189 9.627213392e-05
189.05 189 189.1 -0.001013733756
189.15 189.1 189.2 -0.0003946601348
189.25 189.2 189.3 -0.001196713766
189.35 189.3 189.4 -0.0004973292228
189.45 189.4 189.5 0.0004779483312
189.55 189.5 189.6 -0.0008420016424
189.65 189.6 189.7 -0.0002148147371
189.75 189.7 189.8 -0.0003091018389
189.85 189.8 189.9 0.0005931273642
189.95 189.9 190 0.0007347944727
190.05 190 190.1 -0.0001548436314
190.15 190.1 190.2 8.643513892e-05
190.25 190.2 190.3 -0.000686458173
190.35 190.3 190.4 0.001281839263
190.45 190.4 190.5 -8.964205763e-05
190.55 190.5 190.6 -0.0003161077417
190.65 190.6 190.7 -0.0007204806707
190.75 190.7 190.8 -0.00109855843
190.85 190.8 190.9 0.0003588160604
190.95 190.9 191 -0.0008695380342
191.05 191 191.1 -0.0001440983839
191.15 191.1 191.2 -0.0008767014715
191.25 191.2 191.3 -0.001938071733
191.35 191.3 191.4 0.0004277702662
191.45 191.4 191.5 -0.0006096699786
191.55 191.5 191.6 -0.000359320874
191.65 191.6 191.7 -0.001313030808
191.75 191.7 191.8 -0.0003113439633
191.85 191.8 191.9 0.0006326417175
191.95 191.9 192 0.0001786362191
192.05 192 192.1 -0.001308578004
192.15 192.1 192.2 -0.0001515411171
192.25 192.2 192.3 -0.001628172109
192.35 192.3 192.4 -0.0003594119028
192.45 192.4 192.5 -0.0008509119956
192.55 192.5 192.6 -0.0001997005409
192.65 192.6 192.7 -0.0006455761335
192.75 192.7 192.8 -0.0008836639055
192.85 192.8 192.9 0.0006582091968
192.95 192.9 193 -0.0006209996738
193.05 193 193.1 0.0005694469069
193.15 193.1 193.2 -0.001148368159
193.25 193.2 193.3 -0.0007657710159
193.35 193.3 193.4 -0.0007034740376
193.45 193.4 193.5 -0.0009408573943
193.55 193.5 193.6 0.001958154406
193.65 193.6 193.7 -0.001028095262
193.75 193.7 193.8 0.0001188234887
193.85 193.8 193.9 -0.0001015419096
193.95 193.9 194 0.0003688979966
194.05 194 194.1 -0.000575871541
194.15 194.1 194.2 -0.000521882135
194.25 194.2 194.3 -0.001093594602
194.35 194.3 194.4 0.0006372577977
194.45 194.4 194.5 -0.0006727196037
194.55 194.5 194.6 -0.000909989871
194.65 194.6 194.7 -0.000823728663
194.75 194.7 194.8 -0.0002244966375
194.85 194.8 194.9 -0.0006351202496
194.95 194.9 195 -0.0004114706479
195.05 195 195.1 -0.000301624167
195.15 195.1 195.2 -0.0001143717441
195.25 195.2 195.3 0.0009102065502
195.35 195.3 195.4 -0.001995992511
195.45 195.4 195.5 -0.000990491181
195.55 195.5 195.6 -0.000557447376
195.65 195.6 195.7 8.394543385e-06
195.75 195.7 195.8 0.0004631864937
195.85 195.8 195.9 -2.23001138e-05
195.95 195.9 196 -0.0006061049599
196.05 196 196.1 -0.001524839769
196.15 196.1 196.2 0.0001724190512
196.25 196.2 196.3 -0.001017184154
196.35 196.3 196.4 -3.864293433e-05
196.45 196.4 196.5 -0.001765910666
196.55 196.5 196.6 -0.001033476832
196.65 196.6 196.7 -6.858301534e-05
196.75 196.7 196.8 -0.00042789343
196.85 196.8 196.9 -9.327110529e-05
196.95 196.9 197 -7.751836163e-05
197.05 197 197.1 0.0005969813995
197.15 197.1 197.2 -0.0005727804424
197.25 197.2 197.3 0.00120173294
197.35 197.3 197.4 -0.0003258794341
197.45 197.4 197.5 -0.0009629811913
197.55 197.5 197.6 0.0008234510119
197.65 197.6 197.7 -6.916334377e-05
197.75 197.7 197.8 -0.0003664387786
197.85 197.8 197.9 -0.0012184809
197.95 197.9 198 0.0007950234495
198.05 198 198.1 -0.0006099468907
198.15 198.1 198.2 -1.68523925e-05
198.25 198.2 198.3 -0.0008125913624
198.35 198.3 198.4 0.0005613169843
198.45 198.4 198.5 -0.0004276481632
198.55 198.5 198.6 -0.001161969096
198.65 198.6 198.7 0.0001894534341
198.75 198.7 198.8 -0.0007129563371
198.85 198.8 198.9 -0.0006884140087
198.95 198.9 199 -0.0002819515433
199.05 199 199.1 -0.0001551637517
199.15 199.1 199.2 0.0007272272213
199.25 199.2 199.3 -0.0006234903194
199.35 199.3 199.4 -0.0008156919812
199.45 199.4 199.5 -2.1084807e-06
199.55 199.5 199.6 -9.985730169e-05
199.65 199.6 199.7 0.0006634280855
199.75 199.7 199.8 -7.241540454e-05
199.85 199.8 199.9 -0.001705831729
199.95 199.9 200 -0.001441467059
