# Columns: s_cen(1) s_min(2) s_max(3) xi_iso(4)
0.05 0 0.1 41.70513795
0.15 0.1 0.2 12.11774269
0.25 0.2 0.3 16.74965679
0.35 0.3 0.4 17.79655229
0.45 0.4 0.5 22.08304953
0.55 0.5 0.6 23.34005912
0.65 0.6 0.7 21.80475226
0.75 0.7 0.8 22.56564544
0.85 0.8 0.9 20.78503627
0.95 0.9 1 19.97410497
1.05 1 1.1 20.44211341
1.15 1.1 1.2 19.63968607
1.25 1.2 1.3 18.52087304
1.35 1.3 1.4 17.12504677
1.45 1.4 1.5 16.70318985
1.55 1.5 1.6 15.83476894
1.65 1.6 1.7 15.24247553
1.75 1.7 1.8 14.14158957
1.85 1.8 1.9 13.01454716
1.95 1.9 2 12.48406141
2.05 2 2.1 11.87114009
2.15 2.1 2.2 10.98859174
2.25 2.2 2.3 10.50463511
2.35 2.3 2.4 9.711281462
2.45 2.4 2.5 9.007248401
2.55 2.5 2.6 8.528155334
2.65 2.6 2.7 8.231420782
2.75 2.7 2.8 7.629681563
2.85 2.8 2.9 7.627130306
2.95 2.9 3 6.902614365
3.05 3 3.1 6.630559381
3.15 3.1 3.2 6.578566626
3.25 3.2 3.3 6.198107701
3.35 3.3 3.4 5.995151571
3.45 3.4 3.5 5.630348344
3.55 3.5 3.6 5.343330185
3.65 3.6 3.7 5.088563767
3.75 3.7 3.8 4.956697316
3.85 3.8 3.9 4.721217099
3.95 3.9 4 4.539874785
4.05 4 4.1 4.599411653
4.15 4.1 4.2 4.400705478
4.25 4.2 4.3 4.058146209
4.35 4.3 4.4 4.035247512
4.45 4.4 4.5 3.908737212
4.55 4.5 4.6 3.860521568
4.65 4.6 4.7 3.71432669
4.75 4.7 4.8 3.533095087
4.85 4.8 4.9 3.425626122
4.95 4.9 5 3.404169785
5.05 5 5.1 3.298934667
5.15 5.1 5.2 3.170439042
5.25 5.2 5.3 3.134211064
5.35 5.3 5.4 2.976862326
5.45 5.4 5.5 2.928154122
5.55 5.5 5.6 2.910488312
5.65 5.6 5.7 2.75594076
5.75 5.7 5.8 2.765377246
5.85 5.8 5.9 2.642293023
5.95 5.9 6 2.579184516
6.05 6 6.1 2.547151849
6.15 6.1 6.2 2.462056683
6.25 6.2 6.3 2.374257759
6.35 6.3 6.4 2.335756609
6.45 6.4 6.5 2.253398994
6.55 6.5 6.6 2.192612761
6.65 6.6 6.7 2.170865295
6.75 6.7 6.8 2.139327587
6.85 6.8 6.9 2.035223447
6.95 6.9 7 2.045706229
7.05 7 7.1 2.000692044
7.15 7.1 7.2 1.905787021
7.25 7.2 7.3 1.909432923
7.35 7.3 7.4 1.86037878
7.45 7.4 7.5 1.82275458
7.55 7.5 7.6 1.80115892
7.65 7.6 7.7 1.705533807
7.75 7.7 7.8 1.703020581
7.85 7.8 7.9 1.678893547
7.95 7.9 8 1.630467731
8.05 8 8.1 1.621811413
8.15 8.1 8.2 1.570998299
8.25 8.2 8.3 1.499667777
8.35 8.3 8.4 1.454580992
8.45 8.4 8.5 1.481846424
8.55 8.5 8.6 1.415919114
8.65 8.6 8.7 1.362053689
8.75 8.7 8.8 1.387611186
8.85 8.8 8.9 1.364937752
8.95 8.9 9 1.288705161
9.05 9 9.1 1.275103237
9.15 9.1 9.2 1.268168757
9.25 9.2 9.3 1.250268157
9.35 9.3 9.4 1.239338032
9.45 9.4 9.5 1.210480791
9.55 9.5 9.6 1.155041593
9.65 9.6 9.7 1.156189098
9.75 9.7 9.8 1.106655631
9.85 9.8 9.9 1.14461498
9.95 9.9 10 1.058514266
10.05 10 10.1 1.084288675
10.15 10.1 10.2 1.055685012
10.25 10.2 10.3 1.024500388
10.35 10.3 10.4 1.050845481
10.45 10.4 10.5 0.9982268854
10.55 10.5 10.6 0.9790432271
10.65 10.6 10.7 0.9552593759
10.75 10.7 10.8 0.9502170733
10.85 10.8 10.9 0.9283561723
10.95 10.9 11 0.9359292936
11.05 11 11.1 0.9220123725
11.15 11.1 11.2 0.8854266994
11.25 11.2 11.3 0.898234587
11.35 11.3 11.4 0.8505121664
11.45 11.4 11.5 0.8577478729
11.55 11.5 11.6 0.8295163271
11.65 11.6 11.7 0.8385394792
11.75 11.7 11.8 0.8272406928
11.85 11.8 11.9 0.7730661875
11.95 11.9 12 0.7859285298
12.05 12 12.1 0.7975870006
12.15 12.1 12.2 0.7520918764
12.25 12.2 12.3 0.7758926135
12.35 12.3 12.4 0.7698829085
12.45 12.4 12.5 0.725580871
12.55 12.5 12.6 0.6907557153
12.65 12.6 12.7 0.700403195
12.75 12.7 12.8 0.7074237628
12.85 12.8 12.9 0.6820053711
12.95 12.9 13 0.6927065826
13.05 13 13.1 0.6619914289
13.15 13.1 13.2 0.6597018486
13.25 13.2 13.3 0.6319019812
13.35 13.3 13.4 0.6383093885
13.45 13.4 13.5 0.6288254227
13.55 13.5 13.6 0.6308887532
13.65 13.6 13.7 0.6157376565
13.75 13.7 13.8 0.6026104129
13.85 13.8 13.9 0.58162639
13.95 13.9 14 0.5803749988
14.05 14 14.1 0.5980138526
14.15 14.1 14.2 0.5847468477
14.25 14.2 14.3 0.544494753
14.35 14.3 14.4 0.5601827531
14.45 14.4 14.5 0.5431171974
14.55 14.5 14.6 0.5371443365
14.65 14.6 14.7 0.5508631388
14.75 14.7 14.8 0.5094807606
14.85 14.8 14.9 0.520989585
14.95 14.9 15 0.5201325962
15.05 15 15.1 0.5170309762
15.15 15.1 15.2 0.5221126931
15.25 15.2 15.3 0.4765509345
15.35 15.3 15.4 0.478291299
15.45 15.4 15.5 0.4852973435
15.55 15.5 15.6 0.484666681
15.65 15.6 15.7 0.4451593188
15.75 15.7 15.8 0.4645879302
15.85 15.8 15.9 0.4572533353
15.95 15.9 16 0.4437280803
16.05 16 16.1 0.4435846418
16.15 16.1 16.2 0.4402782171
16.25 16.2 16.3 0.4095134404
16.35 16.3 16.4 0.4325097084
16.45 16.4 16.5 0.4262542834
16.55 16.5 16.6 0.4133440532
16.65 16.6 16.7 0.4235488217
16.75 16.7 16.8 0.4138828453
16.85 16.8 16.9 0.4231074798
16.95 16.9 17 0.3893409166
17.05 17 17.1 0.397705116
17.15 17.1 17.2 0.3916804044
17.25 17.2 17.3 0.3809304396
17.35 17.3 17.4 0.3920535916
17.45 17.4 17.5 0.3978726596
17.55 17.5 17.6 0.3678725549
17.65 17.6 17.7 0.3631925509
17.75 17.7 17.8 0.3637271668
17.85 17.8 17.9 0.3568569256
17.95 17.9 18 0.3642002537
18.05 18 18.1 0.3566759534
18.15 18.1 18.2 0.3579795811
18.25 18.2 18.3 0.345719573
18.35 18.3 18.4 0.3611582277
18.45 18.4 18.5 0.3275710704
18.55 18.5 18.6 0.3441625421
18.65 18.6 18.7 0.3275697795
18.75 18.7 18.8 0.3291225933
18.85 18.8 18.9 0.3140010611
18.95 18.9 19 0.3166151388
19.05 19 19.1 0.313800223
19.15 19.1 19.2 0.3147215135
19.25 19.2 19.3 0.3037421625
19.35 19.3 19.4 0.3110419521
19.45 19.4 19.5 0.2997621042
19.55 19.5 19.6 0.2970820646
19.65 19.6 19.7 0.2993950589
19.75 19.7 19.8 0.2979851133
19.85 19.8 19.9 0.2789380736
19.95 19.9 20 0.2945141657
20.05 20 20.1 0.2795322034
20.15 20.1 20.2 0.2708228874
20.25 20.2 20.3 0.2819255739
20.35 20.3 20.4 0.2798779356
20.45 20.4 20.5 0.2755276828
20.55 20.5 20.6 0.2581416713
20.65 20.6 20.7 0.2594054534
20.75 20.7 20.8 0.2715911239
20.85 20.8 20.9 0.2620563302
20.95 20.9 21 0.2710082327
21.05 21 21.1 0.2667125578
21.15 21.1 21.2 0.2538373771
21.25 21.2 21.3 0.2511221749
21.35 21.3 21.4 0.2634972042
21.45 21.4 21.5 0.2569528403
21.55 21.5 21.6 0.2472448763
21.65 21.6 21.7 0.2473733245
21.75 21.7 21.8 0.2385071304
21.85 21.8 21.9 0.2449323513
21.95 21.9 22 0.2394890971
22.05 22 22.1 0.2366788712
22.15 22.1 22.2 0.223557583
22.25 22.2 22.3 0.2303674651
22.35 22.3 22.4 0.2259701258
22.45 22.4 22.5 0.2330403594
22.55 22.5 22.6 0.2271290093
22.65 22.6 22.7 0.2222778991
22.75 22.7 22.8 0.2237425548
22.85 22.8 22.9 0.2244407282
22.95 22.9 23 0.2197811827
23.05 23 23.1 0.2109291114
23.15 23.1 23.2 0.2240436118
23.25 23.2 23.3 0.2084260401
23.35 23.3 23.4 0.2061842349
23.45 23.4 23.5 0.2009901781
23.55 23.5 23.6 0.2156186657
23.65 23.6 23.7 0.2048079702
23.75 23.7 23.8 0.214167354
23.85 23.8 23.9 0.1895691924
23.95 23.9 24 0.1997933933
24.05 24 24.1 0.1908718104
24.15 24.1 24.2 0.1911450454
24.25 24.2 24.3 0.1830526315
24.35 24.3 24.4 0.1897603787
24.45 24.4 24.5 0.194164268
24.55 24.5 24.6 0.1874586486
24.65 24.6 24.7 0.1857276966
24.75 24.7 24.8 0.1742967385
24.85 24.8 24.9 0.1809599547
24.95 24.9 25 0.185476109
25.05 25 25.1 0.177930119
25.15 25.1 25.2 0.1679193538
25.25 25.2 25.3 0.1836569803
25.35 25.3 25.4 0.1820888121
25.45 25.4 25.5 0.1698583696
25.55 25.5 25.6 0.1684022781
25.65 25.6 25.7 0.1773114196
25.75 25.7 25.8 0.1753681332
25.85 25.8 25.9 0.1679077459
25.95 25.9 26 0.1663651281
26.05 26 26.1 0.1677090354
26.15 26.1 26.2 0.1618970291
26.25 26.2 26.3 0.1596715331
26.35 26.3 26.4 0.1570917784
26.45 26.4 26.5 0.1514921897
26.55 26.5 26.6 0.159003815
26.65 26.6 26.7 0.1580116867
26.75 26.7 26.8 0.1518615921
26.85 26.8 26.9 0.1491572548
26.95 26.9 27 0.1528867893
27.05 27 27.1 0.1450404906
27.15 27.1 27.2 0.1546973895
27.25 27.2 27.3 0.1542271863
27.35 27.3 27.4 0.1412843752
27.45 27.4 27.5 0.1457152028
27.55 27.5 27.6 0.1436598569
27.65 27.6 27.7 0.1327873838
27.75 27.7 27.8 0.1451652898
27.85 27.8 27.9 0.1354892812
27.95 27.9 28 0.1405660713
28.05 28 28.1 0.1425444885
28.15 28.1 28.2 0.1353301943
28.25 28.2 28.3 0.1414008103
28.35 28.3 28.4 0.1263047958
28.45 28.4 28.5 0.1456414858
28.55 28.5 28.6 0.1322777711
28.65 28.6 28.7 0.1314917464
28.75 28.7 28.8 0.1344272476
28.85 28.8 28.9 0.1220375072
28.95 28.9 29 0.1226653192
29.05 29 29.1 0.1280241867
29.15 29.1 29.2 0.1318281551
29.25 29.2 29.3 0.1259820707
29.35 29.3 29.4 0.1201044809
29.45 29.4 29.5 0.1238523384
29.55 29.5 29.6 0.1261923605
29.65 29.6 29.7 0.1280004643
29.75 29.7 29.8 0.1196565581
29.85 29.8 29.9 0.1181459989
29.95 29.9 30 0.1239452804
30.05 30 30.1 0.109678347
30.15 30.1 30.2 0.1108656982
30.25 30.2 30.3 0.1154708408
30.35 30.3 30.4 0.1127148061
30.45 30.4 30.5 0.1123470362
30.55 30.5 30.6 0.1133368954
30.65 30.6 30.7 0.1067593757
30.75 30.7 30.8 0.1079553747
30.85 30.8 30.9 0.1101630372
30.95 30.9 31 0.1101772838
31.05 31 31.1 0.1082353132
31.15 31.1 31.2 0.1035797585
31.25 31.2 31.3 0.1065408419
31.35 31.3 31.4 0.1133223232
31.45 31.4 31.5 0.1032660748
31.55 31.5 31.6 0.1003534182
31.65 31.6 31.7 0.1087074097
31.75 31.7 31.8 0.1018997052
31.85 31.8 31.9 0.1081896383
31.95 31.9 32 0.09875450752
32.05 32 32.1 0.09776151426
32.15 32.1 32.2 0.09680845162
32.25 32.2 32.3 0.1031105619
32.35 32.3 32.4 0.1003978865
32.45 32.4 32.5 0.09480488374
32.55 32.5 32.6 0.09289247817
32.65 32.6 32.7 0.1019876293
32.75 32.7 32.8 0.0937735003
32.85 32.8 32.9 0.09337312515
32.95 32.9 33 0.0906541764
33.05 33 33.1 0.0952997069
33.15 33.1 33.2 0.09620927676
33.25 33.2 33.3 0.09436580493
33.35 33.3 33.4 0.09909663748
33.45 33.4 33.5 0.09226095253
33.55 33.5 33.6 0.09036441976
33.65 33.6 33.7 0.09479120145
33.75 33.7 33.8 0.09146184345
33.85 33.8 33.9 0.08511248032
33.95 33.9 34 0.08491939482
34.05 34 34.1 0.08722111221
34.15 34.1 34.2 0.08542667912
34.25 34.2 34.3 0.08029298739
34.35 34.3 34.4 0.08678083908
34.45 34.4 34.5 0.08241008246
34.55 34.5 34.6 0.07970058612
34.65 34.6 34.7 0.08559402294
34.75 34.7 34.8 0.08300984397
34.85 34.8 34.9 0.07844176108
34.95 34.9 35 0.08384789183
35.05 35 35.1 0.07820139088
35.15 35.1 35.2 0.07773233277
35.25 35.2 35.3 0.07857591225
35.35 35.3 35.4 0.07921713062
35.45 35.4 35.5 0.07698667086
35.55 35.5 35.6 0.07850033821
35.65 35.6 35.7 0.07999268161
35.75 35.7 35.8 0.07980268898
35.85 35.8 35.9 0.07233975875
35.95 35.9 36 0.07134204609
36.05 36 36.1 0.07863106935
36.15 36.1 36.2 0.07807264307
36.25 36.2 36.3 0.07561571798
36.35 36.3 36.4 0.07429522085
36.45 36.4 36.5 0.07634515043
36.55 36.5 36.6 0.06506260482
36.65 36.6 36.7 0.07335519196
36.75 36.7 36.8 0.06655182889
36.85 36.8 36.9 0.0689851132
36.95 36.9 37 0.06479323086
37.05 37 37.1 0.07160915632
37.15 37.1 37.2 0.07183172184
37.25 37.2 37.3 0.06958865316
37.35 37.3 37.4 0.07738218331
37.45 37.4 37.5 0.06792615668
37.55 37.5 37.6 0.06526212877
37.65 37.6 37.7 0.06777899719
37.75 37.7 37.8 0.06448853084
37.85 37.8 37.9 0.06691176132
37.95 37.9 38 0.06612268927
38.05 38 38.1 0.05991571498
38.15 38.1 38.2 0.06271745743
38.25 38.2 38.3 0.05810242464
38.35 38.3 38.4 0.06013977509
38.45 38.4 38.5 0.05993400298
38.55 38.5 38.6 0.0643755543
38.65 38.6 38.7 0.06284406793
38.75 38.7 38.8 0.05798539065
38.85 38.8 38.9 0.06668569306
38.95 38.9 39 0.05571463879
39.05 39 39.1 0.05673345796
39.15 39.1 39.2 0.06073579116
39.25 39.2 39.3 0.06118067657
39.35 39.3 39.4 0.06240934237
39.45 39.4 39.5 0.05996060069
39.55 39.5 39.6 0.05998239509
39.65 39.6 39.7 0.06234339659
39.75 39.7 39.8 0.05476544254
39.85 39.8 39.9 0.0588511105
39.95 39.9 40 0.05510126926
40.05 40 40.1 0.05987369299
40.15 40.1 40.2 0.05589334022
40.25 40.2 40.3 0.05664727225
40.35 40.3 40.4 0.0553634041
40.45 40.4 40.5 0.05156507464
40.55 40.5 40.6 0.06077399712
40.65 40.6 40.7 0.05434894302
40.75 40.7 40.8 0.05133781089
40.85 40.8 40.9 0.04987320066
40.95 40.9 41 0.05056540293
41.05 41 41.1 0.05323422858
41.15 41.1 41.2 0.0564466207
41.25 41.2 41.3 0.04654840121
41.35 41.3 41.4 0.04987310983
41.45 41.4 41.5 0.05361468699
41.55 41.5 41.6 0.05596349196
41.65 41.6 41.7 0.04884935754
41.75 41.7 41.8 0.04727677518
41.85 41.8 41.9 0.04851728116
41.95 41.9 42 0.0531226838
42.05 42 42.1 0.05533335472
42.15 42.1 42.2 0.0468556573
42.25 42.2 42.3 0.05270497255
42.35 42.3 42.4 0.04956105977
42.45 42.4 42.5 0.04812403722
42.55 42.5 42.6 0.04960154283
42.65 42.6 42.7 0.04584556387
42.75 42.7 42.8 0.0499092073
42.85 42.8 42.9 0.04865602205
42.95 42.9 43 0.04820017141
43.05 43 43.1 0.0449462891
43.15 43.1 43.2 0.04431177086
43.25 43.2 43.3 0.04668903155
43.35 43.3 43.4 0.05006328559
43.45 43.4 43.5 0.04739391717
43.55 43.5 43.6 0.04425461211
43.65 43.6 43.7 0.05036535851
43.75 43.7 43.8 0.04361675374
43.85 43.8 43.9 0.04445363167
43.95 43.9 44 0.04583577866
44.05 44 44.1 0.04248859331
44.15 44.1 44.2 0.04817473043
44.25 44.2 44.3 0.04488645172
44.35 44.3 44.4 0.04707550315
44.45 44.4 44.5 0.04452945751
44.55 44.5 44.6 0.04050715163
44.65 44.6 44.7 0.04530763651
44.75 44.7 44.8 0.04387063694
44.85 44.8 44.9 0.03564884793
44.95 44.9 45 0.03564441055
45.05 45 45.1 0.04218128374
45.15 45.1 45.2 0.04109287227
45.25 45.2 45.3 0.03788370567
45.35 45.3 45.4 0.03747903696
45.45 45.4 45.5 0.04154181885
45.55 45.5 45.6 0.03987322371
45.65 45.6 45.7 0.03926785062
45.75 45.7 45.8 0.03887089648
45.85 45.8 45.9 0.03782227398
45.95 45.9 46 0.03635314839
46.05 46 46.1 0.03435244877
46.15 46.1 46.2 0.03310968995
46.25 46.2 46.3 0.04206875483
46.35 46.3 46.4 0.03768238204
46.45 46.4 46.5 0.03574585754
46.55 46.5 46.6 0.04017100335
46.65 46.6 46.7 0.03597741623
46.75 46.7 46.8 0.03914876156
46.85 46.8 46.9 0.03722310329
46.95 46.9 47 0.03659971639
47.05 47 47.1 0.0366615558
47.15 47.1 47.2 0.03523348364
47.25 47.2 47.3 0.03256128157
47.35 47.3 47.4 0.03589359381
47.45 47.4 47.5 0.04084053475
47.55 47.5 47.6 0.03007139607
47.65 47.6 47.7 0.03424180433
47.75 47.7 47.8 0.03304870192
47.85 47.8 47.9 0.03950450621
47.95 47.9 48 0.03114609926
48.05 48 48.1 0.03206554405
48.15 48.1 48.2 0.03499737484
48.25 48.2 48.3 0.02874794386
48.35 48.3 48.4 0.03372415689
48.45 48.4 48.5 0.0353099386
48.55 48.5 48.6 0.03415328874
48.65 48.6 48.7 0.03359046792
48.75 48.7 48.8 0.02713035649
48.85 48.8 48.9 0.03358232017
48.95 48.9 49 0.02945742053
49.05 49 49.1 0.03148784598
49.15 49.1 49.2 0.03023226546
49.25 49.2 49.3 0.02790921024
49.35 49.3 49.4 0.0312684125
49.45 49.4 49.5 0.0290915243
49.55 49.5 49.6 0.03138974607
49.65 49.6 49.7 0.02887805365
49.75 49.7 49.8 0.03458308223
49.85 49.8 49.9 0.03054347407
49.95 49.9 50 0.02691723834
50.05 50 50.1 0.03529628678
50.15 50.1 50.2 0.02743780867
50.25 50.2 50.3 0.02655747471
50.35 50.3 50.4 0.03182677466
50.45 50.4 50.5 0.02734044893
50.55 50.5 50.6 0.02509615562
50.65 50.6 50.7 0.02341782417
50.75 50.7 50.8 0.02613023071
50.85 50.8 50.9 0.02571759453
50.95 50.9 51 0.03050210621
51.05 51 51.1 0.02427838977
51.15 51.1 51.2 0.02770423801
51.25 51.2 51.3 0.02781797389
51.35 51.3 51.4 0.02762731177
51.45 51.4 51.5 0.02644302074
51.55 51.5 51.6 0.03077322064
51.65 51.6 51.7 0.02354806633
51.75 51.7 51.8 0.02781920205
51.85 51.8 51.9 0.02997762301
51.95 51.9 52 0.02820642668
52.05 52 52.1 0.02288218181
52.15 52.1 52.2 0.02553099121
52.25 52.2 52.3 0.02622996355
52.35 52.3 52.4 0.02483088802
52.45 52.4 52.5 0.02514306443
52.55 52.5 52.6 0.02635796396
52.65 52.6 52.7 0.02826219163
52.75 52.7 52.8 0.02344238342
52.85 52.8 52.9 0.02646085734
52.95 52.9 53 0.02108839354
53.05 53 53.1 0.02298298205
53.15 53.1 53.2 0.0234777399
53.25 53.2 53.3 0.02304741228
53.35 53.3 53.4 0.02632956966
53.45 53.4 53.5 0.02675515895
53.55 53.5 53.6 0.02948220342
53.65 53.6 53.7 0.01935554367
53.75 53.7 53.8 0.02295549905
53.85 53.8 53.9 0.022244361
53.95 53.9 54 0.0284202252
54.05 54 54.1 0.02650014137
54.15 54.1 54.2 0.0184354387
54.25 54.2 54.3 0.02859261161
54.35 54.3 54.4 0.02151804771
54.45 54.4 54.5 0.01960741769
54.55 54.5 54.6 0.02223087248
54.65 54.6 54.7 0.02053933967
54.75 54.7 54.8 0.0206846344
54.85 54.8 54.9 0.02374270627
54.95 54.9 55 0.01987426827
55.05 55 55.1 0.02285253183
55.15 55.1 55.2 0.02144067157
55.25 55.2 55.3 0.02038562436
55.35 55.3 55.4 0.02046987322
55.45 55.4 55.5 0.02085437844
55.55 55.5 55.6 0.0208485203
55.65 55.6 55.7 0.01846996281
55.75 55.7 55.8 0.0205882211
55.85 55.8 55.9 0.02413360186
55.95 55.9 56 0.02131488529
56.05 56 56.1 0.01881009943
56.15 56.1 56.2 0.0203039947
56.25 56.2 56.3 0.02141287464
56.35 56.3 56.4 0.01681878024
56.45 56.4 56.5 0.02214186836
56.55 56.5 56.6 0.01911954827
56.65 56.6 56.7 0.01684353706
56.75 56.7 56.8 0.01706575019
56.85 56.8 56.9 0.02109247616
56.95 56.9 57 0.02181430629
57.05 57 57.1 0.01811736068
57.15 57.1 57.2 0.02039551044
57.25 57.2 57.3 0.01805263674
57.35 57.3 57.4 0.01815447673
57.45 57.4 57.5 0.01992490547
57.55 57.5 57.6 0.01639876407
57.65 57.6 57.7 0.01400395848
57.75 57.7 57.8 0.02139590209
57.85 57.8 57.9 0.01729986942
57.95 57.9 58 0.01969475786
58.05 58 58.1 0.01660498518
58.15 58.1 58.2 0.01926059608
58.25 58.2 58.3 0.01772620765
58.35 58.3 58.4 0.02119089796
58.45 58.4 58.5 0.01782508432
58.55 58.5 58.6 0.01823689824
58.65 58.6 58.7 0.01300494563
58.75 58.7 58.8 0.0151227032
58.85 58.8 58.9 0.01827134676
58.95 58.9 59 0.01671047193
59.05 59 59.1 0.01708751115
59.15 59.1 59.2 0.01814657724
59.25 59.2 59.3 0.01296957545
59.35 59.3 59.4 0.01665666689
59.45 59.4 59.5 0.02075205476
59.55 59.5 59.6 0.0197212669
59.65 59.6 59.7 0.01944567399
59.75 59.7 59.8 0.01483067557
59.85 59.8 59.9 0.0172983154
59.95 59.9 60 0.0162857814
60.05 60 60.1 0.01297883877
60.15 60.1 60.2 0.01017296042
60.25 60.2 60.3 0.01642772012
60.35 60.3 60.4 0.01599300459
60.45 60.4 60.5 0.01525112142
60.55 60.5 60.6 0.01360102118
60.65 60.6 60.7 0.01294254604
60.75 60.7 60.8 0.01313274196
60.85 60.8 60.9 0.01447736531
60.95 60.9 61 0.01664046621
61.05 61 61.1 0.01678411066
61.15 61.1 61.2 0.01288210977
61.25 61.2 61.3 0.01525538237
61.35 61.3 61.4 0.01663055297
61.45 61.4 61.5 0.01228729608
61.55 61.5 61.6 0.01641309334
61.65 61.6 61.7 0.01750343575
61.75 61.7 61.8 0.01189415971
61.85 61.8 61.9 0.01259555802
61.95 61.9 62 0.01456510572
62.05 62 62.1 0.01408541392
62.15 62.1 62.2 0.01810785336
62.25 62.2 62.3 0.0135617675
62.35 62.3 62.4 0.01677357987
62.45 62.4 62.5 0.0120217142
62.55 62.5 62.6 0.0139399638
62.65 62.6 62.7 0.01224081483
62.75 62.7 62.8 0.0143604411
62.85 62.8 62.9 0.01479677782
62.95 62.9 63 0.0159805682
63.05 63 63.1 0.01283927747
63.15 63.1 63.2 0.01421073804
63.25 63.2 63.3 0.01402763813
63.35 63.3 63.4 0.01038973563
63.45 63.4 63.5 0.01164101364
63.55 63.5 63.6 0.01116924648
63.65 63.6 63.7 0.01130902148
63.75 63.7 63.8 0.01014003087
63.85 63.8 63.9 0.0149262364
63.95 63.9 64 0.01235702845
64.05 64 64.1 0.01085773558
64.15 64.1 64.2 0.009440605823
64.25 64.2 64.3 0.01381645309
64.35 64.3 64.4 0.01516578494
64.45 64.4 64.5 0.01374097275
64.55 64.5 64.6 0.01176377508
64.65 64.6 64.7 0.01225321863
64.75 64.7 64.8 0.010228579
64.85 64.8 64.9 0.01477166637
64.95 64.9 65 0.0127038781
65.05 65 65.1 0.01506317784
65.15 65.1 65.2 0.01293808921
65.25 65.2 65.3 0.01260653376
65.35 65.3 65.4 0.01324694798
65.45 65.4 65.5 0.009489599873
65.55 65.5 65.6 0.01047555201
65.65 65.6 65.7 0.0113144638
65.75 65.7 65.8 0.01141114695
65.85 65.8 65.9 0.01156168839
65.95 65.9 66 0.01109625101
66.05 66 66.1 0.01292479769
66.15 66.1 66.2 0.01346326177
66.25 66.2 66.3 0.0136918834
66.35 66.3 66.4 0.01322934536
66.45 66.4 66.5 0.01129427548
66.55 66.5 66.6 0.008360552454
66.65 66.6 66.7 0.0151096935
66.75 66.7 66.8 0.0121186237
66.85 66.8 66.9 0.009520889143
66.95 66.9 67 0.01085927764
67.05 67 67.1 0.01340892802
67.15 67.1 67.2 0.01097404028
67.25 67.2 67.3 0.009995833431
67.35 67.3 67.4 0.01132888885
67.45 67.4 67.5 0.01173719521
67.55 67.5 67.6 0.01081892621
67.65 67.6 67.7 0.01088249745
67.75 67.7 67.8 0.008349861569
67.85 67.8 67.9 0.01334961387
67.95 67.9 68 0.01154356937
68.05 68 68.1 0.009189512499
68.15 68.1 68.2 0.008720109918
68.25 68.2 68.3 0.008768884445
68.35 68.3 68.4 0.01061868339
68.45 68.4 68.5 0.01424698365
68.55 68.5 68.6 0.01027443726
68.65 68.6 68.7 0.009985087475
68.75 68.7 68.8 0.01025774847
68.85 68.8 68.9 0.01089365476
68.95 68.9 69 0.01199018629
69.05 69 69.1 0.01260362834
69.15 69.1 69.2 0.007956107843
69.25 69.2 69.3 0.01150367259
69.35 69.3 69.4 0.005773342003
69.45 69.4 69.5 0.01262143945
69.55 69.5 69.6 0.005378270948
69.65 69.6 69.7 0.01287391609
69.75 69.7 69.8 0.007714815366
69.85 69.8 69.9 0.007334829831
69.95 69.9 70 0.009612918054
70.05 70 70.1 0.01152663663
70.15 70.1 70.2 0.009545754665
70.25 70.2 70.3 0.007764386617
70.35 70.3 70.4 0.00794999445
70.45 70.4 70.5 0.01183078788
70.55 70.5 70.6 0.009595512153
70.65 70.6 70.7 0.01102207053
70.75 70.7 70.8 0.008303168049
70.85 70.8 70.9 0.009575277503
70.95 70.9 71 0.009574619755
71.05 71 71.1 0.01143970431
71.15 71.1 71.2 0.01053253976
71.25 71.2 71.3 0.007377225965
71.35 71.3 71.4 0.009681224349
71.45 71.4 71.5 0.006172709256
71.55 71.5 71.6 0.009249400063
71.65 71.6 71.7 0.00812850124
71.75 71.7 71.8 0.01113974065
71.85 71.8 71.9 0.01027480125
71.95 71.9 72 0.007600247832
72.05 72 72.1 0.008323813445
72.15 72.1 72.2 0.007833957402
72.25 72.2 72.3 0.009615788449
72.35 72.3 72.4 0.00497782307
72.45 72.4 72.5 0.01094087573
72.55 72.5 72.6 0.0102652572
72.65 72.6 72.7 0.00645561487
72.75 72.7 72.8 0.007759251521
72.85 72.8 72.9 0.01094203288
72.95 72.9 73 0.00729359424
73.05 73 73.1 0.007780572354
73.15 73.1 73.2 0.01091943055
73.25 73.2 73.3 0.008504152102
73.35 73.3 73.4 0.005574109866
73.45 73.4 73.5 0.007223732295
73.55 73.5 73.6 0.009253142173
73.65 73.6 73.7 0.009137488982
73.75 73.7 73.8 0.006556558985
73.85 73.8 73.9 0.009971365543
73.95 73.9 74 0.005984383011
74.05 74 74.1 0.007617606942
74.15 74.1 74.2 0.007608870704
74.25 74.2 74.3 0.009138414017
74.35 74.3 74.4 0.01016025284
74.45 74.4 74.5 0.009166168999
74.55 74.5 74.6 0.006344375413
74.65 74.6 74.7 0.009779581134
74.75 74.7 74.8 0.007715201637
74.85 74.8 74.9 0.00883471295
74.95 74.9 75 0.01036322124
75.05 75 75.1 0.007586906954
75.15 75.1 75.2 0.005967896937
75.25 75.2 75.3 0.009042556837
75.35 75.3 75.4 0.007768322892
75.45 75.4 75.5 0.009201628317
75.55 75.5 75.6 0.01140295138
75.65 75.6 75.7 0.010804876
75.75 75.7 75.8 0.01022618286
75.85 75.8 75.9 0.00402953717
75.95 75.9 76 0.008067345186
76.05 76 76.1 0.006305047016
76.15 76.1 76.2 0.01023457561
76.25 76.2 76.3 0.006635232591
76.35 76.3 76.4 0.00848204926
76.45 76.4 76.5 0.007704736285
76.55 76.5 76.6 0.00654446431
76.65 76.6 76.7 0.005545389359
76.75 76.7 76.8 0.005453488904
76.85 76.8 76.9 0.009860023589
76.95 76.9 77 0.007772897346
77.05 77 77.1 0.007685444045
77.15 77.1 77.2 0.005317651662
77.25 77.2 77.3 0.004921131364
77.35 77.3 77.4 0.007525127521
77.45 77.4 77.5 0.009501393838
77.55 77.5 77.6 0.005088541413
77.65 77.6 77.7 0.005955215082
77.75 77.7 77.8 0.007677112701
77.85 77.8 77.9 0.005219769497
77.95 77.9 78 0.001288811458
78.05 78 78.1 0.006765322751
78.15 78.1 78.2 0.004839907014
78.25 78.2 78.3 0.008030722402
78.35 78.3 78.4 0.008633000698
78.45 78.4 78.5 0.005972116361
78.55 78.5 78.6 0.009468877161
78.65 78.6 78.7 0.005269669918
78.75 78.7 78.8 0.008129714149
78.85 78.8 78.9 0.005390027939
78.95 78.9 79 0.002703607723
79.05 79 79.1 0.005066513289
79.15 79.1 79.2 0.009419649062
79.25 79.2 79.3 0.006202815457
79.35 79.3 79.4 0.003492030189
79.45 79.4 79.5 0.0048191288
79.55 79.5 79.6 0.006883814821
79.65 79.6 79.7 0.005992956144
79.75 79.7 79.8 0.005450699004
79.85 79.8 79.9 0.00520785103
79.95 79.9 80 0.007824190846
80.05 80 80.1 0.007015078076
80.15 80.1 80.2 0.009091768248
80.25 80.2 80.3 0.006497707475
80.35 80.3 80.4 0.008392411506
80.45 80.4 80.5 0.006645463066
80.55 80.5 80.6 0.007664169906
80.65 80.6 80.7 0.008119437336
80.75 80.7 80.8 0.004820983498
80.85 80.8 80.9 0.003618811057
80.95 80.9 81 0.005923985467
81.05 81 81.1 0.005799068601
81.15 81.1 81.2 0.005556805663
81.25 81.2 81.3 0.006522804729
81.35 81.3 81.4 0.007674169417
81.45 81.4 81.5 0.006285080548
81.55 81.5 81.6 0.007904978447
81.65 81.6 81.7 0.00764353797
81.75 81.7 81.8 0.006933479996
81.85 81.8 81.9 0.009006957108
81.95 81.9 82 0.005439016004
82.05 82 82.1 0.007700997328
82.15 82.1 82.2 0.006671939822
82.25 82.2 82.3 0.006670312514
82.35 82.3 82.4 0.006651430176
82.45 82.4 82.5 0.002112279841
82.55 82.5 82.6 0.006731966318
82.65 82.6 82.7 0.005877647601
82.75 82.7 82.8 0.006148701453
82.85 82.8 82.9 0.009316172419
82.95 82.9 83 0.006088587031
83.05 83 83.1 0.005631338462
83.15 83.1 83.2 0.005677620556
83.25 83.2 83.3 0.008428758508
83.35 83.3 83.4 0.005462058311
83.45 83.4 83.5 0.003714381651
83.55 83.5 83.6 0.006081973257
83.65 83.6 83.7 0.006055890533
83.75 83.7 83.8 0.006084325673
83.85 83.8 83.9 0.008000960395
83.95 83.9 84 0.005673705962
84.05 84 84.1 0.006082785621
84.15 84.1 84.2 0.002908245365
84.25 84.2 84.3 0.003507476808
84.35 84.3 84.4 0.00904687628
84.45 84.4 84.5 0.005169924632
84.55 84.5 84.6 0.003386047701
84.65 84.6 84.7 0.00702047077
84.75 84.7 84.8 0.003718915068
84.85 84.8 84.9 0.005343409611
84.95 84.9 85 0.00566303287
85.05 85 85.1 0.00750347238
85.15 85.1 85.2 0.005822414229
85.25 85.2 85.3 0.004480614393
85.35 85.3 85.4 0.005388701825
85.45 85.4 85.5 0.007126577405
85.55 85.5 85.6 0.005826786539
85.65 85.6 85.7 0.005229594899
85.75 85.7 85.8 0.008159940613
85.85 85.8 85.9 0.007202858757
85.95 85.9 86 0.006931166303
86.05 86 86.1 0.003317559036
86.15 86.1 86.2 0.006474636062
86.25 86.2 86.3 0.003862235166
86.35 86.3 86.4 0.005832883885
86.45 86.4 86.5 0.00534798099
86.55 86.5 86.6 0.005436411413
86.65 86.6 86.7 0.002774783639
86.75 86.7 86.8 0.004669046934
86.85 86.8 86.9 0.002674793908
86.95 86.9 87 0.004534091795
87.05 87 87.1 0.006952820746
87.15 87.1 87.2 0.004073552193
87.25 87.2 87.3 0.005222740608
87.35 87.3 87.4 0.005584945232
87.45 87.4 87.5 0.004225553084
87.55 87.5 87.6 0.002822427412
87.65 87.6 87.7 0.002735634029
87.75 87.7 87.8 0.004041269455
87.85 87.8 87.9 0.001080793697
87.95 87.9 88 0.006693408124
88.05 88 88.1 0.004288919686
88.15 88.1 88.2 0.004218827846
88.25 88.2 88.3 0.006453284714
88.35 88.3 88.4 0.004919678033
88.45 88.4 88.5 0.002856539211
88.55 88.5 88.6 0.003866827525
88.65 88.6 88.7 0.0083940152
88.75 88.7 88.8 0.005614543077
88.85 88.8 88.9 0.001074290392
88.95 88.9 89 0.004753861294
89.05 89 89.1 0.003737237381
89.15 89.1 89.2 0.007275981551
89.25 89.2 89.3 0.004577662259
89.35 89.3 89.4 0.003829624108
89.45 89.4 89.5 0.004166058672
89.55 89.5 89.6 0.002454087609
89.65 89.6 89.7 0.006220478461
89.75 89.7 89.8 0.005789061687
89.85 89.8 89.9 0.00577645911
89.95 89.9 90 0.004626197949
90.05 90 90.1 0.003227818755
90.15 90.1 90.2 0.006671950939
90.25 90.2 90.3 0.006482478533
90.35 90.3 90.4 0.005674594381
90.45 90.4 90.5 0.003818546085
90.55 90.5 90.6 0.005873952095
90.65 90.6 90.7 0.00435722661
90.75 90.7 90.8 0.006866724525
90.85 90.8 90.9 0.006193232648
90.95 90.9 91 0.005951612359
91.05 91 91.1 0.002920442626
91.15 91.1 91.2 0.002800739951
91.25 91.2 91.3 0.00638337619
91.35 91.3 91.4 0.002247193465
91.45 91.4 91.5 0.004717567597
91.55 91.5 91.6 0.005460476895
91.65 91.6 91.7 0.004652704063
91.75 91.7 91.8 0.004723223085
91.85 91.8 91.9 0.006459260929
91.95 91.9 92 0.005431975438
92.05 92 92.1 0.004545356787
92.15 92.1 92.2 0.006220000239
92.25 92.2 92.3 0.004393928715
92.35 92.3 92.4 0.003003100221
92.45 92.4 92.5 0.005907069349
92.55 92.5 92.6 0.005337722813
92.65 92.6 92.7 0.005243342133
92.75 92.7 92.8 0.004441967748
92.85 92.8 92.9 0.004013620002
92.95 92.9 93 0.003813497304
93.05 93 93.1 0.006528656437
93.15 93.1 93.2 0.004170158369
93.25 93.2 93.3 0.004682701345
93.35 93.3 93.4 0.005295772354
93.45 93.4 93.5 0.003986988039
93.55 93.5 93.6 0.006640962849
93.65 93.6 93.7 0.006695346848
93.75 93.7 93.8 0.007061260347
93.85 93.8 93.9 0.00437368474
93.95 93.9 94 0.005661208352
94.05 94 94.1 0.00666775539
94.15 94.1 94.2 0.005124818964
94.25 94.2 94.3 0.005594453202
94.35 94.3 94.4 0.007445116713
94.45 94.4 94.5 0.005240993842
94.55 94.5 94.6 0.008204526778
94.65 94.6 94.7 0.00106105936
94.75 94.7 94.8 0.006939742948
94.85 94.8 94.9 0.005853292428
94.95 94.9 95 0.005565226
95.05 95 95.1 0.007992842096
95.15 95.1 95.2 0.001443470035
95.25 95.2 95.3 0.007777651673
95.35 95.3 95.4 0.003617825975
95.45 95.4 95.5 0.003737098468
95.55 95.5 95.6 0.006157277313
95.65 95.6 95.7 0.007439096312
95.75 95.7 95.8 0.00512127177
95.85 95.8 95.9 0.007481587486
95.95 95.9 96 0.004248046139
96.05 96 96.1 0.003244325789
96.15 96.1 96.2 0.005560161459
96.25 96.2 96.3 0.007194934551
96.35 96.3 96.4 0.003896026584
96.45 96.4 96.5 0.004234161061
96.55 96.5 96.6 0.006092664683
96.65 96.6 96.7 0.006444880952
96.75 96.7 96.8 0.006195268912
96.85 96.8 96.9 0.004605481425
96.95 96.9 97 0.005625901085
97.05 97 97.1 0.003941703464
97.15 97.1 97.2 0.005964405033
97.25 97.2 97.3 0.007476652588
97.35 97.3 97.4 0.005032165322
97.45 97.4 97.5 0.004330031152
97.55 97.5 97.6 0.006794858826
97.65 97.6 97.7 0.003479629001
97.75 97.7 97.8 0.002292816015
97.85 97.8 97.9 0.004413046308
97.95 97.9 98 0.004413846032
98.05 98 98.1 0.006661218548
98.15 98.1 98.2 0.006048630097
98.25 98.2 98.3 0.005943763311
98.35 98.3 98.4 0.003924766566
98.45 98.4 98.5 0.006830396774
98.55 98.5 98.6 0.003721370969
98.65 98.6 98.7 0.004483706182
98.75 98.7 98.8 0.005773069804
98.85 98.8 98.9 0.006345718211
98.95 98.9 99 0.004229324795
99.05 99 99.1 0.004116421073
99.15 99.1 99.2 0.006473514434
99.25 99.2 99.3 0.00265848885
99.35 99.3 99.4 0.005808489666
99.45 99.4 99.5 0.006143850213
99.55 99.5 99.6 0.00444248638
99.65 99.6 99.7 0.00490751736
99.75 99.7 99.8 0.003949520413
99.85 99.8 99.9 0.004634016712
99.95 99.9 100 0.005574001952
100.05 100 100.1 0.005747350343
100.15 100.1 100.2 0.002881474868
100.25 100.2 100.3 0.005214432813
100.35 100.3 100.4 0.004867597655
100.45 100.4 100.5 0.004004723582
100.55 100.5 100.6 0.004391823558
100.65 100.6 100.7 0.0053668664
100.75 100.7 100.8 0.003539635982
100.85 100.8 100.9 0.006169510936
100.95 100.9 101 0.006658591862
101.05 101 101.1 0.004198336788
101.15 101.1 101.2 0.006824026691
101.25 101.2 101.3 0.005297416251
101.35 101.3 101.4 0.002661981447
101.45 101.4 101.5 0.003696513064
101.55 101.5 101.6 0.001872362164
101.65 101.6 101.7 0.004464750195
101.75 101.7 101.8 0.005162559615
101.85 101.8 101.9 0.003646662315
101.95 101.9 102 0.004972337442
102.05 102 102.1 0.004084445462
102.15 102.1 102.2 0.007214910866
102.25 102.2 102.3 0.005218913451
102.35 102.3 102.4 0.006726964504
102.45 102.4 102.5 0.003233898067
102.55 102.5 102.6 0.00506242297
102.65 102.6 102.7 0.005537152722
102.75 102.7 102.8 0.001719969557
102.85 102.8 102.9 0.006682559446
102.95 102.9 103 0.006648537926
103.05 103 103.1 0.004726850949
103.15 103.1 103.2 0.004204761197
103.25 103.2 103.3 0.003153769028
103.35 103.3 103.4 0.004966206046
103.45 103.4 103.5 0.004686512127
103.55 103.5 103.6 0.004876558745
103.65 103.6 103.7 0.005165070131
103.75 103.7 103.8 0.005701599807
103.85 103.8 103.9 0.00604154485
103.95 103.9 104 0.004824395711
104.05 104 104.1 0.00301183814
104.15 104.1 104.2 0.006100075924
104.25 104.2 104.3 0.003059183763
104.35 104.3 104.4 0.006862016692
104.45 104.4 104.5 0.004683395226
104.55 104.5 104.6 0.003930674231
104.65 104.6 104.7 0.006473257397
104.75 104.7 104.8 0.00284990608
104.85 104.8 104.9 0.003161057494
104.95 104.9 105 0.004807192014
105.05 105 105.1 0.005618579006
105.15 105.1 105.2 0.003020934539
105.25 105.2 105.3 0.002560051357
105.35 105.3 105.4 0.005701939764
105.45 105.4 105.5 0.005937614619
105.55 105.5 105.6 0.007872851873
105.65 105.6 105.7 0.005776226987
105.75 105.7 105.8 0.004637440555
105.85 105.8 105.9 0.005346056038
105.95 105.9 106 0.003753628445
106.05 106 106.1 0.004800366939
106.15 106.1 106.2 0.004544078805
106.25 106.2 106.3 0.004570009865
106.35 106.3 106.4 0.003531876978
106.45 106.4 106.5 0.004766908204
106.55 106.5 106.6 0.00300691006
106.65 106.6 106.7 0.003735627392
106.75 106.7 106.8 0.006570086813
106.85 106.8 106.9 0.004796246478
106.95 106.9 107 0.004226772504
107.05 107 107.1 0.002777437374
107.15 107.1 107.2 0.004720876813
107.25 107.2 107.3 0.004743106892
107.35 107.3 107.4 0.005280656352
107.45 107.4 107.5 0.004620002904
107.55 107.5 107.6 0.005285179003
107.65 107.6 107.7 0.003908174612
107.75 107.7 107.8 0.004692166166
107.85 107.8 107.9 0.005555690255
107.95 107.9 108 0.005484387792
108.05 108 108.1 0.005059288757
108.15 108.1 108.2 0.003992860074
108.25 108.2 108.3 0.004583546632
108.35 108.3 108.4 0.005731723012
108.45 108.4 108.5 0.003939872603
108.55 108.5 108.6 0.004066511632
108.65 108.6 108.7 0.00401011943
108.75 108.7 108.8 0.003497628109
108.85 108.8 108.9 0.001531765216
108.95 108.9 109 0.004816244505
109.05 109 109.1 0.001888298101
109.15 109.1 109.2 0.003309205507
109.25 109.2 109.3 0.003935424195
109.35 109.3 109.4 0.004955612724
109.45 109.4 109.5 0.004274625334
109.55 109.5 109.6 0.004867015037
109.65 109.6 109.7 0.002971496226
109.75 109.7 109.8 0.003416190845
109.85 109.8 109.9 0.005218222272
109.95 109.9 110 0.003669987203
110.05 110 110.1 0.004014766007
110.15 110.1 110.2 0.001247677011
110.25 110.2 110.3 0.003505257987
110.35 110.3 110.4 0.002841626631
110.45 110.4 110.5 0.003772670873
110.55 110.5 110.6 0.002077926446
110.65 110.6 110.7 0.002657526295
110.75 110.7 110.8 0.004465302857
110.85 110.8 110.9 0.00130387021
110.95 110.9 111 0.005033994713
111.05 111 111.1 0.003175995451
111.15 111.1 111.2 0.004407421724
111.25 111.2 111.3 0.001851213453
111.35 111.3 111.4 0.002449770682
111.45 111.4 111.5 0.001552504711
111.55 111.5 111.6 0.003939938836
111.65 111.6 111.7 0.003538212568
111.75 111.7 111.8 0.001736672989
111.85 111.8 111.9 0.002128371735
111.95 111.9 112 0.004657938645
112.05 112 112.1 0.001360809599
112.15 112.1 112.2 0.004734358615
112.25 112.2 112.3 0.002941941377
112.35 112.3 112.4 0.001938691997
112.45 112.4 112.5 0.005722414957
112.55 112.5 112.6 0.0007519732062
112.65 112.6 112.7 0.0038322105
112.75 112.7 112.8 0.003668752909
112.85 112.8 112.9 0.005788731621
112.95 112.9 113 0.00387347434
113.05 113 113.1 0.003414838838
113.15 113.1 113.2 0.002882361115
113.25 113.2 113.3 0.00578649197
113.35 113.3 113.4 0.001687263388
113.45 113.4 113.5 0.003656344821
113.55 113.5 113.6 0.001595952686
113.65 113.6 113.7 0.003078815928
113.75 113.7 113.8 0.003388858755
113.85 113.8 113.9 0.004414017481
113.95 113.9 114 0.00418087687
114.05 114 114.1 0.0007505675142
114.15 114.1 114.2 0.003314012451
114.25 114.2 114.3 0.001644411276
114.35 114.3 114.4 0.001183569453
114.45 114.4 114.5 0.003454338007
114.55 114.5 114.6 0.004453563188
114.65 114.6 114.7 0.003585023027
114.75 114.7 114.8 0.001858150952
114.85 114.8 114.9 0.002908860197
114.95 114.9 115 0.002267804301
115.05 115 115.1 0.003349080986
115.15 115.1 115.2 0.003460897857
115.25 115.2 115.3 0.004132367792
115.35 115.3 115.4 0.002567452677
115.45 115.4 115.5 0.004572916465
115.55 115.5 115.6 0.002468044894
115.65 115.6 115.7 0.002213948935
115.75 115.7 115.8 0.002140844786
115.85 115.8 115.9 0.00384746761
115.95 115.9 116 0.005393030924
116.05 116 116.1 0.004080430272
116.15 116.1 116.2 0.002932642788
116.25 116.2 116.3 0.002115417041
116.35 116.3 116.4 0.003608213759
116.45 116.4 116.5 0.0006951734288
116.55 116.5 116.6 0.0036459639
116.65 116.6 116.7 0.002862775679
116.75 116.7 116.8 0.001073086739
116.85 116.8 116.9 0.002258511446
116.95 116.9 117 0.004394746423
117.05 117 117.1 0.00179327224
117.15 117.1 117.2 0.003539924732
117.25 117.2 117.3 0.002764965259
117.35 117.3 117.4 0.00185690603
117.45 117.4 117.5 0.0001741238759
117.55 117.5 117.6 0.002283688235
117.65 117.6 117.7 0.002848424022
117.75 117.7 117.8 0.003935609749
117.85 117.8 117.9 0.003467252657
117.95 117.9 118 0.002097862882
118.05 118 118.1 0.0005998881952
118.15 118.1 118.2 0.001309491683
118.25 118.2 118.3 0.003083092038
118.35 118.3 118.4 0.00189828017
118.45 118.4 118.5 0.002745908346
118.55 118.5 118.6 0.003250742002
118.65 118.6 118.7 0.001273448161
118.75 118.7 118.8 0.001832659388
118.85 118.8 118.9 0.003022167708
118.95 118.9 119 0.004094615066
119.05 119 119.1 0.003744607818
119.15 119.1 119.2 0.002876183469
119.25 119.2 119.3 0.003444361695
119.35 119.3 119.4 0.002632150316
119.45 119.4 119.5 0.002460957519
119.55 119.5 119.6 0.002623929962
119.65 119.6 119.7 0.003691958338
119.75 119.7 119.8 0.00245935404
119.85 119.8 119.9 0.003944012606
119.95 119.9 120 0.003239872854
120.05 120 120.1 0.0006717210674
120.15 120.1 120.2 0.00237979283
120.25 120.2 120.3 0.001770590828
120.35 120.3 120.4 0.003601958357
120.45 120.4 120.5 0.002374574121
120.55 120.5 120.6 0.002093794207
120.65 120.6 120.7 0.002527264632
120.75 120.7 120.8 0.001274378
120.85 120.8 120.9 0.002597657736
120.95 120.9 121 0.004046181649
121.05 121 121.1 0.002339299443
121.15 121.1 121.2 0.001637030107
121.25 121.2 121.3 0.0008295401074
121.35 121.3 121.4 0.002318854822
121.45 121.4 121.5 0.002754609517
121.55 121.5 121.6 0.001814334155
121.65 121.6 121.7 0.002802757632
121.75 121.7 121.8 0.001519230795
121.85 121.8 121.9 0.001704165153
121.95 121.9 122 0.001764848847
122.05 122 122.1 0.003137376306
122.15 122.1 122.2 0.001487747347
122.25 122.2 122.3 0.001925923928
122.35 122.3 122.4 0.002998138198
122.45 122.4 122.5 -0.0007184273215
122.55 122.5 122.6 0.00136487528
122.65 122.6 122.7 0.003978724255
122.75 122.7 122.8 0.001137751959
122.85 122.8 122.9 0.002169192599
122.95 122.9 123 0.0007936044076
123.05 123 123.1 0.0041727628
123.15 123.1 123.2 0.0004205093353
123.25 123.2 123.3 0.002526304399
123.35 123.3 123.4 0.001592453685
123.45 123.4 123.5 0.0005911904557
123.55 123.5 123.6 0.002614317394
123.65 123.6 123.7 -0.0006110361369
123.75 123.7 123.8 0.001855970776
123.85 123.8 123.9 0.002701350208
123.95 123.9 124 0.001660899365
124.05 124 124.1 0.001024875707
124.15 124.1 124.2 0.001408992816
124.25 124.2 124.3 0.001002525018
124.35 124.3 124.4 0.002167040708
124.45 124.4 124.5 -0.0003093432342
124.55 124.5 124.6 0.002400908221
124.65 124.6 124.7 0.002045404748
124.75 124.7 124.8 0.003392033194
124.85 124.8 124.9 0.001703421849
124.95 124.9 125 0.002265742662
125.05 125 125.1 0.003627939029
125.15 125.1 125.2 0.003667944848
125.25 125.2 125.3 0.0006073502498
125.35 125.3 125.4 0.0007598706904
125.45 125.4 125.5 0.001673624671
125.55 125.5 125.6 0.003359027692
125.65 125.6 125.7 0.000934987253
125.75 125.7 125.8 0.001957804595
125.85 125.8 125.9 0.002484738672
125.95 125.9 126 0.000534664839
126.05 126 126.1 0.002485429074
126.15 126.1 126.2 0.001451268346
126.25 126.2 126.3 4.367503343e-05
126.35 126.3 126.4 0.001663111668
126.45 126.4 126.5 0.002161443491
126.55 126.5 126.6 0.001038489504
126.65 126.6 126.7 0.001117154554
126.75 126.7 126.8 0.001072159601
126.85 126.8 126.9 0.002415408818
126.95 126.9 127 0.000895807685
127.05 127 127.1 0.001184836504
127.15 127.1 127.2 0.0003831549398
127.25 127.2 127.3 0.001290553188
127.35 127.3 127.4 0.000364186179
127.45 127.4 127.5 0.002356953777
127.55 127.5 127.6 0.002224536985
127.65 127.6 127.7 0.0003949779101
127.75 127.7 127.8 0.001055069041
127.85 127.8 127.9 0.002111757173
127.95 127.9 128 0.0014096209
128.05 128 128.1 0.001225095518
128.15 128.1 128.2 0.000115785872
128.25 128.2 128.3 0.00120190823
128.35 128.3 128.4 -0.001107003946
128.45 128.4 128.5 0.0006590111301
128.55 128.5 128.6 0.001431735746
128.65 128.6 128.7 0.0008973549602
128.75 128.7 128.8 0.0003181792016
128.85 128.8 128.9 0.0007776538335
128.95 128.9 129 0.002354099
129.05 129 129.1 -0.0007344555172
129.15 129.1 129.2 0.003041866617
129.25 129.2 129.3 0.0005441929555
129.35 129.3 129.4 -0.0006216743526
129.45 129.4 129.5 0.001554507428
129.55 129.5 129.6 0.002594085496
129.65 129.6 129.7 0.001845977107
129.75 129.7 129.8 0.002150691833
129.85 129.8 129.9 0.0008023561762
129.95 129.9 130 -2.955304508e-05
130.05 130 130.1 -0.0002076122917
130.15 130.1 130.2 -0.0005101346868
130.25 130.2 130.3 0.002844930686
130.35 130.3 130.4 -0.001262315159
130.45 130.4 130.5 0.0006622057791
130.55 130.5 130.6 0.0003626024516
130.65 130.6 130.7 -0.0006793635205
130.75 130.7 130.8 -0.001051695674
130.85 130.8 130.9 -0.001265292363
130.95 130.9 131 -0.0001478591718
131.05 131 131.1 0.0005797099232
131.15 131.1 131.2 0.0006856281836
131.25 131.2 131.3 -0.0002974664484
131.35 131.3 131.4 -0.0006496531555
131.45 131.4 131.5 0.002095043227
131.55 131.5 131.6 0.001083833988
131.65 131.6 131.7 0.001366560751
131.75 131.7 131.8 0.0004910699251
131.85 131.8 131.9 -5.033688322e-05
131.95 131.9 132 0.001051277807
132.05 132 132.1 0.0005969253552
132.15 132.1 132.2 0.0001001502693
132.25 132.2 132.3 0.001086174914
132.35 132.3 132.4 0.0004246294525
132.45 132.4 132.5 -0.000271617645
132.55 132.5 132.6 0.0006272107224
132.65 132.6 132.7 0.0007851660745
132.75 132.7 132.8 0.0005374560155
132.85 132.8 132.9 0.0002987777394
132.95 132.9 133 0.0006391088637
133.05 133 133.1 -0.0001341499001
133.15 133.1 133.2 0.000944446091
133.25 133.2 133.3 0.0005224354389
133.35 133.3 133.4 0.002460152975
133.45 133.4 133.5 -0.001040869554
133.55 133.5 133.6 -0.0007566949188
133.65 133.6 133.7 -0.001813561417
133.75 133.7 133.8 0.001677402085
133.85 133.8 133.9 0.0002109722733
133.95 133.9 134 -0.001605258738
134.05 134 134.1 0.00104697772
134.15 134.1 134.2 7.433274337e-06
134.25 134.2 134.3 -0.001800475091
134.35 134.3 134.4 -0.0001774538047
134.45 134.4 134.5 -0.0005970249239
134.55 134.5 134.6 -0.0011410513
134.65 134.6 134.7 0.00429551144
134.75 134.7 134.8 -0.0002337223543
134.85 134.8 134.9 1.022994218e-05
134.95 134.9 135 -0.001220951431
135.05 135 135.1 -0.001440523544
135.15 135.1 135.2 0.0002469867025
135.25 135.2 135.3 0.001183552948
135.35 135.3 135.4 0.001138886758
135.45 135.4 135.5 -0.0004185300692
135.55 135.5 135.6 0.0003702239892
135.65 135.6 135.7 -0.0007944250762
135.75 135.7 135.8 -0.0003811209268
135.85 135.8 135.9 -0.0005252680465
135.95 135.9 136 -0.0005751259978
136.05 136 136.1 -0.0005818607146
136.15 136.1 136.2 -0.0007988974361
136.25 136.2 136.3 -4.78098404e-05
136.35 136.3 136.4 0.0001939007241
136.45 136.4 136.5 0.0006999172454
136.55 136.5 136.6 -0.0002315134
136.65 136.6 136.7 -0.001570740057
136.75 136.7 136.8 -0.0004871175399
136.85 136.8 136.9 -0.0009086010349
136.95 136.9 137 -0.001069875545
137.05 137 137.1 -0.001140885857
137.15 137.1 137.2 -0.0008836524399
137.25 137.2 137.3 0.0003118713122
137.35 137.3 137.4 -0.002069220305
137.45 137.4 137.5 -0.002543475379
137.55 137.5 137.6 -0.00163684195
137.65 137.6 137.7 0.0004817534465
137.75 137.7 137.8 0.0003453201129
137.85 137.8 137.9 0.0009909729673
137.95 137.9 138 9.511720536e-05
138.05 138 138.1 -0.0009273579523
138.15 138.1 138.2 -0.002369105997
138.25 138.2 138.3 0.001398035511
138.35 138.3 138.4 -0.0004229315409
138.45 138.4 138.5 0.0006256861245
138.55 138.5 138.6 -0.0009485568569
138.65 138.6 138.7 -0.001063821879
138.75 138.7 138.8 0.00136900914
138.85 138.8 138.9 -0.0009753031703
138.95 138.9 139 -0.0008350313024
139.05 139 139.1 -0.002302193259
139.15 139.1 139.2 0.0003194345279
139.25 139.2 139.3 -0.001059906435
139.35 139.3 139.4 -0.00192784866
139.45 139.4 139.5 -0.0001447986375
139.55 139.5 139.6 -0.0001965083581
139.65 139.6 139.7 -0.0002207099545
139.75 139.7 139.8 -3.261472765e-05
139.85 139.8 139.9 -0.001125088402
139.95 139.9 140 -0.000556011047
140.05 140 140.1 -0.0001589645488
140.15 140.1 140.2 -0.0003783197962
140.25 140.2 140.3 -6.539165604e-05
140.35 140.3 140.4 -0.001934693025
140.45 140.4 140.5 0.0003961880928
140.55 140.5 140.6 -0.002040580573
140.65 140.6 140.7 -0.001660240712
140.75 140.7 140.8 -0.001578825797
140.85 140.8 140.9 -0.001613914102
140.95 140.9 141 7.043088524e-05
141.05 141 141.1 -0.001541221265
141.15 141.1 141.2 -0.001071627596
141.25 141.2 141.3 0.0002565109521
141.35 141.3 141.4 -0.0006480409086
141.45 141.4 141.5 -0.0002758155549
141.55 141.5 141.6 0.0004635102189
141.65 141.6 141.7 -0.0006423356333
141.75 141.7 141.8 -0.00109184551
141.85 141.8 141.9 -0.001783918673
141.95 141.9 142 -0.0008296873503
142.05 142 142.1 -0.0006622376867
142.15 142.1 142.2 -0.001842565841
142.25 142.2 142.3 0.001326233363
142.35 142.3 142.4 0.0004016854624
142.45 142.4 142.5 0.0004256658757
142.55 142.5 142.6 0.0002275435314
142.65 142.6 142.7 -0.002699704775
142.75 142.7 142.8 0.0001609803052
142.85 142.8 142.9 0.00111276043
142.95 142.9 143 -0.0002656847662
143.05 143 143.1 -0.0005665255227
143.15 143.1 143.2 -0.001928320774
143.25 143.2 143.3 -1.999003499e-05
143.35 143.3 143.4 -0.001132770898
143.45 143.4 143.5 -0.0002491232778
143.55 143.5 143.6 5.897862567e-05
143.65 143.6 143.7 -0.0009493347045
143.75 143.7 143.8 0.0001504647266
143.85 143.8 143.9 -0.0008676651598
143.95 143.9 144 0.0003614026019
144.05 144 144.1 -0.0006774696894
144.15 144.1 144.2 -0.0003202926694
144.25 144.2 144.3 -0.001562399926
144.35 144.3 144.4 -0.002445370515
144.45 144.4 144.5 -0.0004744171896
144.55 144.5 144.6 -0.002142399248
144.65 144.6 144.7 -0.0003545544368
144.75 144.7 144.8 -0.000497280586
144.85 144.8 144.9 -0.001491760832
144.95 144.9 145 0.0005803271386
145.05 145 145.1 0.0005838751444
145.15 145.1 145.2 -0.001800054815
145.25 145.2 145.3 -0.0004470043646
145.35 145.3 145.4 0.0001940208076
145.45 145.4 145.5 0.0002851711484
145.55 145.5 145.6 -0.002617063428
145.65 145.6 145.7 -0.0007914982065
145.75 145.7 145.8 0.002741207893
145.85 145.8 145.9 -0.001426178997
145.95 145.9 146 -0.0001000574408
146.05 146 146.1 3.543818933e-06
146.15 146.1 146.2 -0.0003841129598
146.25 146.2 146.3 -0.0007899058478
146.35 146.3 146.4 -0.0009847612498
146.45 146.4 146.5 -0.0005639249567
146.55 146.5 146.6 -3.185098076e-05
146.65 146.6 146.7 -0.002009813252
146.75 146.7 146.8 -0.0005790954618
146.85 146.8 146.9 -0.0001008115662
146.95 146.9 147 -3.469394785e-05
147.05 147 147.1 -0.0009778787756
147.15 147.1 147.2 -0.0003782503777
147.25 147.2 147.3 7.818311668e-05
147.35 147.3 147.4 -0.0001903647767
147.45 147.4 147.5 0.000668442377
147.55 147.5 147.6 -0.00262788222
147.65 147.6 147.7 -8.325202382e-05
147.75 147.7 147.8 -0.0004066244165
147.85 147.8 147.9 -0.00185071871
147.95 147.9 148 0.000402462395
148.05 148 148.1 -0.003805468677
148.15 148.1 148.2 -0.001068955566
148.25 148.2 148.3 -0.00169538939
148.35 148.3 148.4 -0.0009525737546
148.45 148.4 148.5 -0.003177930186
148.55 148.5 148.6 -0.002777457926
148.65 148.6 148.7 -0.002854522705
148.75 148.7 148.8 -0.0002722398825
148.85 148.8 148.9 -0.0004122311918
148.95 148.9 149 -0.0003738162559
149.05 149 149.1 -0.002164380799
149.15 149.1 149.2 -0.001934689326
149.25 149.2 149.3 -0.0001263663012
149.35 149.3 149.4 -0.0003667122287
149.45 149.4 149.5 -0.001376928877
149.55 149.5 149.6 -0.002248520188
149.65 149.6 149.7 -0.0005540971395
149.75 149.7 149.8 0.001155130258
149.85 149.8 149.9 -0.002420860593
149.95 149.9 150 -0.001755691
150.05 150 150.1 -0.001256253028
150.15 150.1 150.2 -0.002629247026
150.25 150.2 150.3 -0.0007874325477
150.35 150.3 150.4 -0.001725886083
150.45 150.4 150.5 -0.0009414719009
150.55 150.5 150.6 -0.001937345236
150.65 150.6 150.7 -0.001769517839
150.75 150.7 150.8 0.0008333467178
150.85 150.8 150.9 -0.001333727703
150.95 150.9 151 -0.001025684181
151.05 151 151.1 -0.000510283361
151.15 151.1 151.2 -0.0001374585815
151.25 151.2 151.3 -0.0006686594893
151.35 151.3 151.4 -0.001285953466
151.45 151.4 151.5 -0.0009270559078
151.55 151.5 151.6 -0.0002359110849
151.65 151.6 151.7 9.763737232e-05
151.75 151.7 151.8 -0.002054249564
151.85 151.8 151.9 -0.0005444157414
151.95 151.9 152 -0.0008309195121
152.05 152 152.1 -0.001030642157
152.15 152.1 152.2 0.0003339364868
152.25 152.2 152.3 -0.0008244543736
152.35 152.3 152.4 -0.003621876741
152.45 152.4 152.5 -0.002208103256
152.55 152.5 152.6 -0.0007405211574
152.65 152.6 152.7 -0.0002798904257
152.75 152.7 152.8 -0.001111277963
152.85 152.8 152.9 -0.001870054539
152.95 152.9 153 -0.00202181646
153.05 153 153.1 -0.0007507093438
153.15 153.1 153.2 -0.001598694731
153.25 153.2 153.3 -0.002546587693
153.35 153.3 153.4 -0.0002824749956
153.45 153.4 153.5 -0.002384433114
153.55 153.5 153.6 -0.001809310374
153.65 153.6 153.7 -0.001753753971
153.75 153.7 153.8 -0.002059365528
153.85 153.8 153.9 0.0002889937609
153.95 153.9 154 -0.001635371828
154.05 154 154.1 -0.001294937182
154.15 154.1 154.2 -0.003265133412
154.25 154.2 154.3 0.0007229216213
154.35 154.3 154.4 -0.00107199252
154.45 154.4 154.5 -0.0008689759974
154.55 154.5 154.6 0.001427008732
154.65 154.6 154.7 -0.002316261339
154.75 154.7 154.8 -0.00118742638
154.85 154.8 154.9 -0.002124948564
154.95 154.9 155 -0.002104747734
155.05 155 155.1 -0.001504474169
155.15 155.1 155.2 -0.0007982328088
155.25 155.2 155.3 -0.001589440221
155.35 155.3 155.4 0.0006415641622
155.45 155.4 155.5 -0.0008474894528
155.55 155.5 155.6 -0.001241607709
155.65 155.6 155.7 -0.00153214655
155.75 155.7 155.8 -0.0004809393951
155.85 155.8 155.9 -0.001947469701
155.95 155.9 156 -0.001315199425
156.05 156 156.1 -0.001951357996
156.15 156.1 156.2 -0.002239153078
156.25 156.2 156.3 -0.002589303877
156.35 156.3 156.4 -6.254238243e-05
156.45 156.4 156.5 -0.0004457315927
156.55 156.5 156.6 -0.001626868368
156.65 156.6 156.7 -0.0008468747673
156.75 156.7 156.8 -0.001830793063
156.85 156.8 156.9 -0.002590478732
156.95 156.9 157 -0.001555304447
157.05 157 157.1 -0.001038201076
157.15 157.1 157.2 -0.002028926102
157.25 157.2 157.3 -0.002432931033
157.35 157.3 157.4 -0.001653808766
157.45 157.4 157.5 -0.002492340782
157.55 157.5 157.6 -0.0005684514768
157.65 157.6 157.7 -0.000249108362
157.75 157.7 157.8 -0.002149747796
157.85 157.8 157.9 -0.002074816332
157.95 157.9 158 -0.00132760904
158.05 158 158.1 -0.003038596098
158.15 158.1 158.2 -0.00264150283
158.25 158.2 158.3 -0.003236216139
158.35 158.3 158.4 -0.002908035394
158.45 158.4 158.5 -0.001971191842
158.55 158.5 158.6 -0.001780886013
158.65 158.6 158.7 0.0003421382459
158.75 158.7 158.8 -0.001520971248
158.85 158.8 158.9 -0.00281208611
158.95 158.9 159 -0.002307472916
159.05 159 159.1 -0.002086156355
159.15 159.1 159.2 -0.001300259417
159.25 159.2 159.3 -0.002245417883
159.35 159.3 159.4 -0.00223141339
159.45 159.4 159.5 -0.0007469781074
159.55 159.5 159.6 -0.0008696516815
159.65 159.6 159.7 -0.001883631815
159.75 159.7 159.8 -0.0002555288526
159.85 159.8 159.9 -0.00260659452
159.95 159.9 160 -0.002472349076
160.05 160 160.1 0.0003830935755
160.15 160.1 160.2 -0.001903094553
160.25 160.2 160.3 -0.001827838495
160.35 160.3 160.4 -0.001841121348
160.45 160.4 160.5 -0.0002889843598
160.55 160.5 160.6 -0.002037621217
160.65 160.6 160.7 -0.001390110731
160.75 160.7 160.8 -0.002216322325
160.85 160.8 160.9 -0.001979072236
160.95 160.9 161 -0.001116524625
161.05 161 161.1 -0.000658299803
161.15 161.1 161.2 -0.001498747999
161.25 161.2 161.3 -0.000811667715
161.35 161.3 161.4 -0.00421202208
161.45 161.4 161.5 -0.003863262803
161.55 161.5 161.6 -0.001152542344
161.65 161.6 161.7 -0.002668858709
161.75 161.7 161.8 -0.002020813199
161.85 161.8 161.9 -0.001800547699
161.95 161.9 162 -0.002415790113
162.05 162 162.1 -0.004006335014
162.15 162.1 162.2 -0.003543899859
162.25 162.2 162.3 -0.002246207467
162.35 162.3 162.4 -0.003284003231
162.45 162.4 162.5 -0.001035277942
162.55 162.5 162.6 -0.001913613275
162.65 162.6 162.7 -0.001317659476
162.75 162.7 162.8 0.0005165118061
162.85 162.8 162.9 -0.001194021453
162.95 162.9 163 -0.0002590645687
163.05 163 163.1 8.070972774e-05
163.15 163.1 163.2 -0.001764926805
163.25 163.2 163.3 -0.0008043436556
163.35 163.3 163.4 -0.002306003247
163.45 163.4 163.5 -0.001561829358
163.55 163.5 163.6 -0.002209782074
163.65 163.6 163.7 -0.003238692696
163.75 163.7 163.8 -0.001134411152
163.85 163.8 163.9 -0.001814770853
163.95 163.9 164 -0.00169111714
164.05 164 164.1 -0.002407875508
164.15 164.1 164.2 -0.001794219011
164.25 164.2 164.3 -0.002679627057
164.35 164.3 164.4 -1.858484527e-05
164.45 164.4 164.5 -0.002086170809
164.55 164.5 164.6 -0.001488695875
164.65 164.6 164.7 -0.0005743081322
164.75 164.7 164.8 -0.001360142369
164.85 164.8 164.9 -0.002390794004
164.95 164.9 165 -0.0006380651412
165.05 165 165.1 -0.001361157518
165.15 165.1 165.2 -0.0013015924
165.25 165.2 165.3 -0.001851083916
165.35 165.3 165.4 -0.001095373002
165.45 165.4 165.5 -0.001532900975
165.55 165.5 165.6 -0.002583306322
165.65 165.6 165.7 -0.002016016966
165.75 165.7 165.8 -0.00347337519
165.85 165.8 165.9 -0.003102290129
165.95 165.9 166 -0.002151057929
166.05 166 166.1 -0.000435032644
166.15 166.1 166.2 -0.0003274054324
166.25 166.2 166.3 -0.001062789398
166.35 166.3 166.4 -0.002288051667
166.45 166.4 166.5 -0.0005071207606
166.55 166.5 166.6 -0.001978744508
166.65 166.6 166.7 -0.00205259822
166.75 166.7 166.8 -0.002330972392
166.85 166.8 166.9 -0.002466874857
166.95 166.9 167 -0.001609080477
167.05 167 167.1 -0.001995921885
167.15 167.1 167.2 -0.0009886068735
167.25 167.2 167.3 -0.0009044819293
167.35 167.3 167.4 8.212355531e-05
167.45 167.4 167.5 -0.001304398317
167.55 167.5 167.6 -0.001254530858
167.65 167.6 167.7 -0.0006425470094
167.75 167.7 167.8 -0.002900585181
167.85 167.8 167.9 -0.001353947763
167.95 167.9 168 -0.001232415017
168.05 168 168.1 -0.001294347131
168.15 168.1 168.2 -0.001967546989
168.25 168.2 168.3 -0.002398067584
168.35 168.3 168.4 -0.000834924379
168.45 168.4 168.5 -0.001489907962
168.55 168.5 168.6 -0.001022701533
168.65 168.6 168.7 9.109510233e-06
168.75 168.7 168.8 -0.002939211969
168.85 168.8 168.9 -0.003140895389
168.95 168.9 169 -0.0009396063662
169.05 169 169.1 -0.001218696409
169.15 169.1 169.2 -0.00200954315
169.25 169.2 169.3 -0.001815070017
169.35 169.3 169.4 -0.0009415072681
169.45 169.4 169.5 -0.002005939024
169.55 169.5 169.6 -0.001644611795
169.65 169.6 169.7 -0.0008812819216
169.75 169.7 169.8 -0.002318234557
169.85 169.8 169.9 -0.0001688352179
169.95 169.9 170 -0.0006634368367
170.05 170 170.1 -0.0002926581311
170.15 170.1 170.2 -0.001826856472
170.25 170.2 170.3 -0.001029039655
170.35 170.3 170.4 -0.0002066878944
170.45 170.4 170.5 -0.002308712667
170.55 170.5 170.6 -0.0001367496476
170.65 170.6 170.7 -0.0003824597639
170.75 170.7 170.8 -0.002185053166
170.85 170.8 170.9 -0.0006160303894
170.95 170.9 171 -0.0008594531396
171.05 171 171.1 -0.002333100311
171.15 171.1 171.2 -0.0005185519326
171.25 171.2 171.3 -0.002075161925
171.35 171.3 171.4 -0.002242188528
171.45 171.4 171.5 -0.001411451438
171.55 171.5 171.6 -0.002528030107
171.65 171.6 171.7 -0.002569291795
171.75 171.7 171.8 -0.002261937184
171.85 171.8 171.9 -0.0004068309383
171.95 171.9 172 -0.0003271274836
172.05 172 172.1 -0.0006192832196
172.15 172.1 172.2 -0.002440977373
172.25 172.2 172.3 -0.002527187583
172.35 172.3 172.4 -0.003005005671
172.45 172.4 172.5 -0.00232821518
172.55 172.5 172.6 -0.002924580378
172.65 172.6 172.7 -0.001975624343
172.75 172.7 172.8 0.0005754431604
172.85 172.8 172.9 -0.001272373934
172.95 172.9 173 -0.001711249537
173.05 173 173.1 -0.0002761608797
173.15 173.1 173.2 -0.0009294443591
173.25 173.2 173.3 -0.001644712894
173.35 173.3 173.4 -0.002137437731
173.45 173.4 173.5 -0.001843102025
173.55 173.5 173.6 -0.0006379951771
173.65 173.6 173.7 -0.0027533264
173.75 173.7 173.8 -0.001889665638
173.85 173.8 173.9 -0.002102149569
173.95 173.9 174 0.0001220753874
174.05 174 174.1 -0.001472950729
174.15 174.1 174.2 -0.0001663022687
174.25 174.2 174.3 -0.002615989806
174.35 174.3 174.4 -0.0002404360511
174.45 174.4 174.5 -0.001842593985
174.55 174.5 174.6 -0.001680506887
174.65 174.6 174.7 -0.001002062571
174.75 174.7 174.8 -0.0003292691957
174.85 174.8 174.9 -0.002569595163
174.95 174.9 175 -0.0008682477443
175.05 175 175.1 -0.0005865834226
175.15 175.1 175.2 -6.265984516e-06
175.25 175.2 175.3 -0.001539109318
175.35 175.3 175.4 -0.001539488578
175.45 175.4 175.5 -0.003587325077
175.55 175.5 175.6 -0.002091865726
175.65 175.6 175.7 -0.002195609913
175.75 175.7 175.8 -0.0003090111302
175.85 175.8 175.9 -0.001446298511
175.95 175.9 176 -0.001797726685
176.05 176 176.1 -0.002846767784
176.15 176.1 176.2 -0.001628407889
176.25 176.2 176.3 -0.00137770119
176.35 176.3 176.4 -0.001115049826
176.45 176.4 176.5 -0.002224225063
176.55 176.5 176.6 -0.0006629991742
176.65 176.6 176.7 -0.0008026615697
176.75 176.7 176.8 -0.001083433511
176.85 176.8 176.9 -0.001195492749
176.95 176.9 177 -0.001218306974
177.05 177 177.1 -0.000373764063
177.15 177.1 177.2 -0.001141151211
177.25 177.2 177.3 -0.000629037023
177.35 177.3 177.4 -0.001560680923
177.45 177.4 177.5 -0.001839862081
177.55 177.5 177.6 -3.986265641e-05
177.65 177.6 177.7 -0.001351918583
177.75 177.7 177.8 -0.00170137033
177.85 177.8 177.9 -0.0007145041918
177.95 177.9 178 -0.001375468197
178.05 178 178.1 -0.0009689736484
178.15 178.1 178.2 -0.002506692616
178.25 178.2 178.3 -0.001699309294
178.35 178.3 178.4 -0.002526001055
178.45 178.4 178.5 -0.001456491155
178.55 178.5 178.6 -0.000807549115
178.65 178.6 178.7 -0.001115783409
178.75 178.7 178.8 -0.001797943088
178.85 178.8 178.9 -0.000382369393
178.95 178.9 179 -0.0009711834261
179.05 179 179.1 -0.002247675001
179.15 179.1 179.2 -0.000510507268
179.25 179.2 179.3 -0.002107347187
179.35 179.3 179.4 -0.003209515292
179.45 179.4 179.5 -0.001287915501
179.55 179.5 179.6 -0.0009234933145
179.65 179.6 179.7 -0.0009211375718
179.75 179.7 179.8 -0.0007813798309
179.85 179.8 179.9 -0.001408830742
179.95 179.9 180 -0.0003593009653
180.05 180 180.1 0.0003380785905
180.15 180.1 180.2 -0.001221701995
180.25 180.2 180.3 -0.0008139322236
180.35 180.3 180.4 -0.00188474201
180.45 180.4 180.5 -0.001727772042
180.55 180.5 180.6 -0.001999064484
180.65 180.6 180.7 0.0004634476681
180.75 180.7 180.8 0.0007533444414
180.85 180.8 180.9 -0.0006274624207
180.95 180.9 181 -0.002477602343
181.05 181 181.1 -0.001576934153
181.15 181.1 181.2 -0.0007613206842
181.25 181.2 181.3 -0.002118491507
181.35 181.3 181.4 -0.001799675367
181.45 181.4 181.5 -0.001952302697
181.55 181.5 181.6 -0.0004784468976
181.65 181.6 181.7 -0.001707759358
181.75 181.7 181.8 -0.001417356174
181.85 181.8 181.9 -0.002466016926
181.95 181.9 182 -0.001689688357
182.05 182 182.1 -0.002116712478
182.15 182.1 182.2 -0.0009243992806
182.25 182.2 182.3 -0.002144106263
182.35 182.3 182.4 -0.002081319234
182.45 182.4 182.5 -0.001263232887
182.55 182.5 182.6 -0.003565425705
182.65 182.6 182.7 -0.0009144831341
182.75 182.7 182.8 -0.001430462042
182.85 182.8 182.9 -0.001432275674
182.95 182.9 183 -0.00175564594
183.05 183 183.1 -0.0009278015008
183.15 183.1 183.2 -0.002282406364
183.25 183.2 183.3 -0.001670667071
183.35 183.3 183.4 -0.001225361768
183.45 183.4 183.5 -0.001247080929
183.55 183.5 183.6 -0.001219152597
183.65 183.6 183.7 -0.001362431469
183.75 183.7 183.8 -0.0004694583204
183.85 183.8 183.9 -0.002026399454
183.95 183.9 184 -0.001706967842
184.05 184 184.1 0.0007699498093
184.15 184.1 184.2 -0.001341530409
184.25 184.2 184.3 -0.0008882999561
184.35 184.3 184.4 -0.001841390374
184.45 184.4 184.5 -0.0001109118849
184.55 184.5 184.6 -0.001904721318
184.65 184.6 184.7 -0.0009415053685
184.75 184.7 184.8 -0.001359730093
184.85 184.8 184.9 -0.0002103657463
184.95 184.9 185 -0.002539930163
185.05 185 185.1 -0.001429198296
185.15 185.1 185.2 -0.0005121664275
185.25 185.2 185.3 -0.001093549565
185.35 185.3 185.4 -0.0003686058405
185.45 185.4 185.5 -0.001565737859
185.55 185.5 185.6 -0.002735327522
185.65 185.6 185.7 -0.001887335553
185.75 185.7 185.8 -0.002998632184
185.85 185.8 185.9 -0.001253809629
185.95 185.9 186 -0.0004921570651
186.05 186 186.1 -0.002023145506
186.15 186.1 186.2 -0.001757321982
186.25 186.2 186.3 -0.0003859858513
186.35 186.3 186.4 6.632820129e-05
186.45 186.4 186.5 -0.001186757413
186.55 186.5 186.6 -0.001091224466
186.65 186.6 186.7 -0.002615206675
186.75 186.7 186.8 -0.001554678691
186.85 186.8 186.9 -0.001373115235
186.95 186.9 187 -0.001744046104
187.05 187 187.1 -0.0008801336651
187.15 187.1 187.2 -0.002325295739
187.25 187.2 187.3 -0.00260745336
187.35 187.3 187.4 -0.0009545497549
187.45 187.4 187.5 -0.0007844756945
187.55 187.5 187.6 -0.001250979212
187.65 187.6 187.7 -0.002283222077
187.75 187.7 187.8 -0.002349835644
187.85 187.8 187.9 -0.0009977576227
187.95 187.9 188 -0.002393640169
188.05 188 188.1 -0.0009738987033
188.15 188.1 188.2 -0.0008174826943
188.25 188.2 188.3 -0.0006908484366
188.35 188.3 188.4 -0.00104525407
188.45 188.4 188.5 -0.001994673504
188.55 188.5 188.6 -0.00154327716
188.65 188.6 188.7 -0.001670826318
188.75 188.7 188.8 -0.001285510369
188.85 188.8 188.9 -0.001750011966
188.95 188.9 189 -0.0008033253903
189.05 189 189.1 -0.0008726761396
189.15 189.1 189.2 -0.0005093274663
189.25 189.2 189.3 -0.0009558543457
189.35 189.3 189.4 -0.001332598469
189.45 189.4 189.5 -0.002045297783
189.55 189.5 189.6 -0.001782634342
189.65 189.6 189.7 -0.001531495053
189.75 189.7 189.8 -0.002364161718
189.85 189.8 189.9 -0.0009858051274
189.95 189.9 190 -0.0006147742903
190.05 190 190.1 -0.001136792115
190.15 190.1 190.2 -0.002771331709
190.25 190.2 190.3 -0.002057778732
190.35 190.3 190.4 -0.001066764722
190.45 190.4 190.5 -0.001485540443
190.55 190.5 190.6 -0.0008842737381
190.65 190.6 190.7 -0.001422552409
190.75 190.7 190.8 -0.001487021444
190.85 190.8 190.9 -0.0005518975825
190.95 190.9 191 -0.000567701206
191.05 191 191.1 -0.0008341421346
191.15 191.1 191.2 -0.001318118926
191.25 191.2 191.3 -0.002027813763
191.35 191.3 191.4 -0.0003058547836
191.45 191.4 191.5 -8.444639725e-05
191.55 191.5 191.6 -0.0007195487625
191.65 191.6 191.7 -0.00241981278
191.75 191.7 191.8 -0.002378089512
191.85 191.8 191.9 -0.0007269996601
191.95 191.9 192 -0.002641715799
192.05 192 192.1 -0.001245518284
192.15 192.1 192.2 -0.001588922472
192.25 192.2 192.3 -0.00254076275
192.35 192.3 192.4 -0.0005422690389
192.45 192.4 192.5 -0.001696525254
192.55 192.5 192.6 -0.0008052847111
192.65 192.6 192.7 -0.001138486022
192.75 192.7 192.8 -0.001863194352
192.85 192.8 192.9 1.694183043e-05
192.95 192.9 193 -0.003242583457
193.05 193 193.1 -0.0009518106803
193.15 193.1 193.2 -0.001379621051
193.25 193.2 193.3 4.918248637e-05
193.35 193.3 193.4 -0.001836244112
193.45 193.4 193.5 -0.001035108469
193.55 193.5 193.6 -0.001297469808
193.65 193.6 193.7 -0.001772349961
193.75 193.7 193.8 -0.001512203801
193.85 193.8 193.9 -0.0006390079436
193.95 193.9 194 -0.001246828383
194.05 194 194.1 -0.001895656658
194.15 194.1 194.2 -0.001239629658
194.25 194.2 194.3 -0.002079502833
194.35 194.3 194.4 -0.002680188352
194.45 194.4 194.5 -0.002419165475
194.55 194.5 194.6 -0.001321230221
194.65 194.6 194.7 -0.002215816103
194.75 194.7 194.8 -0.001111226656
194.85 194.8 194.9 -0.001484124876
194.95 194.9 195 -0.001455992997
195.05 195 195.1 -0.00111427413
195.15 195.1 195.2 -0.002217537425
195.25 195.2 195.3 -0.001419827965
195.35 195.3 195.4 0.000746113335
195.45 195.4 195.5 -0.001805337802
195.55 195.5 195.6 -0.002752309591
195.65 195.6 195.7 -0.001653615461
195.75 195.7 195.8 -0.003084252576
195.85 195.8 195.9 -0.002083371188
195.95 195.9 196 -1.924725184e-05
196.05 196 196.1 -0.002071793139
196.15 196.1 196.2 -0.002159371556
196.25 196.2 196.3 0.0004845784903
196.35 196.3 196.4 -0.0006765806074
196.45 196.4 196.5 -0.001115479164
196.55 196.5 196.6 -0.002177711526
196.65 196.6 196.7 -0.002451367246
196.75 196.7 196.8 -0.0008536263189
196.85 196.8 196.9 -0.001046322432
196.95 196.9 197 -0.002174188213
197.05 197 197.1 -0.001021051837
197.15 197.1 197.2 -0.0006361755185
197.25 197.2 197.3 -0.002646155074
197.35 197.3 197.4 -0.001028232191
197.45 197.4 197.5 -0.001904002916
197.55 197.5 197.6 -0.002846444047
197.65 197.6 197.7 -0.002578966676
197.75 197.7 197.8 -0.002880567331
197.85 197.8 197.9 0.0002921098571
197.95 197.9 198 -0.00118302673
198.05 198 198.1 -0.0011851181
198.15 198.1 198.2 -0.002130916514
198.25 198.2 198.3 -0.00289780912
198.35 198.3 198.4 -0.001927750373
198.45 198.4 198.5 -0.002265802148
198.55 198.5 198.6 -0.001199636174
198.65 198.6 198.7 -0.0008395933582
198.75 198.7 198.8 -0.00254618357
198.85 198.8 198.9 -0.0009760812461
198.95 198.9 199 -0.002109274749
199.05 199 199.1 3.558835582e-05
199.15 199.1 199.2 -0.001406713484
199.25 199.2 199.3 -0.002488791816
199.35 199.3 199.4 -0.0009806425812
199.45 199.4 199.5 -0.001927613788
199.55 199.5 199.6 -0.0009515021483
199.65 199.6 199.7 -0.001985279474
199.75 199.7 199.8 -0.001137699668
199.85 199.8 199.9 -0.001274451856
199.95 199.9 200 -0.002145191822
