# Columns: s_cen(1) s_min(2) s_max(3) xi_iso(4)
0.05 0 0.1 39.81461227
0.15 0.1 0.2 9.617046469
0.25 0.2 0.3 12.89382097
0.35 0.3 0.4 17.40703645
0.45 0.4 0.5 20.18495031
0.55 0.5 0.6 23.35759935
0.65 0.6 0.7 23.19336452
0.75 0.7 0.8 21.37120894
0.85 0.8 0.9 20.91003242
0.95 0.9 1 20.88797492
1.05 1 1.1 20.1734244
1.15 1.1 1.2 18.88381675
1.25 1.2 1.3 18.58323134
1.35 1.3 1.4 17.68883045
1.45 1.4 1.5 16.81537402
1.55 1.5 1.6 15.93580808
1.65 1.6 1.7 15.44480725
1.75 1.7 1.8 13.90635604
1.85 1.8 1.9 13.74764114
1.95 1.9 2 12.08341907
2.05 2 2.1 11.64873792
2.15 2.1 2.2 11.0847517
2.25 2.2 2.3 10.27900414
2.35 2.3 2.4 9.729766743
2.45 2.4 2.5 9.107954085
2.55 2.5 2.6 8.659938227
2.65 2.6 2.7 8.379047122
2.75 2.7 2.8 7.891905159
2.85 2.8 2.9 7.418766007
2.95 2.9 3 6.893951493
3.05 3 3.1 6.675258098
3.15 3.1 3.2 6.126517943
3.25 3.2 3.3 6.209275412
3.35 3.3 3.4 5.840236812
3.45 3.4 3.5 5.62665622
3.55 3.5 3.6 5.348150343
3.65 3.6 3.7 5.121350904
3.75 3.7 3.8 4.94007186
3.85 3.8 3.9 4.838460557
3.95 3.9 4 4.736720825
4.05 4 4.1 4.574238361
4.15 4.1 4.2 4.354322346
4.25 4.2 4.3 4.313040985
4.35 4.3 4.4 3.971103227
4.45 4.4 4.5 4.035291307
4.55 4.5 4.6 3.822062641
4.65 4.6 4.7 3.724684528
4.75 4.7 4.8 3.562418792
4.85 4.8 4.9 3.396382656
4.95 4.9 5 3.463886862
5.05 5 5.1 3.317728412
5.15 5.1 5.2 3.239224637
5.25 5.2 5.3 3.153226097
5.35 5.3 5.4 3.026385385
5.45 5.4 5.5 2.970907297
5.55 5.5 5.6 2.878761522
5.65 5.6 5.7 2.757318102
5.75 5.7 5.8 2.802795199
5.85 5.8 5.9 2.705584197
5.95 5.9 6 2.568742653
6.05 6 6.1 2.549188517
6.15 6.1 6.2 2.47217974
6.25 6.2 6.3 2.420627544
6.35 6.3 6.4 2.355300214
6.45 6.4 6.5 2.269979582
6.55 6.5 6.6 2.188856276
6.65 6.6 6.7 2.259524269
6.75 6.7 6.8 2.138503741
6.85 6.8 6.9 2.048574475
6.95 6.9 7 2.073247799
7.05 7 7.1 1.99117957
7.15 7.1 7.2 1.911609829
7.25 7.2 7.3 1.91310167
7.35 7.3 7.4 1.85067257
7.45 7.4 7.5 1.828928303
7.55 7.5 7.6 1.771705288
7.65 7.6 7.7 1.785750427
7.75 7.7 7.8 1.685804803
7.85 7.8 7.9 1.64021652
7.95 7.9 8 1.628119721
8.05 8 8.1 1.603018996
8.15 8.1 8.2 1.569640901
8.25 8.2 8.3 1.533681531
8.35 8.3 8.4 1.484623849
8.45 8.4 8.5 1.50331456
8.55 8.5 8.6 1.401523758
8.65 8.6 8.7 1.408287345
8.75 8.7 8.8 1.396658984
8.85 8.8 8.9 1.311101564
8.95 8.9 9 1.335350632
9.05 9 9.1 1.303014851
9.15 9.1 9.2 1.290335208
9.25 9.2 9.3 1.262925116
9.35 9.3 9.4 1.267832981
9.45 9.4 9.5 1.232623814
9.55 9.5 9.6 1.194406214
9.65 9.6 9.7 1.217800571
9.75 9.7 9.8 1.13587344
9.85 9.8 9.9 1.146829268
9.95 9.9 10 1.105193446
10.05 10 10.1 1.085604722
10.15 10.1 10.2 1.070529668
10.25 10.2 10.3 1.041160044
10.35 10.3 10.4 1.057643107
10.45 10.4 10.5 0.9937769986
10.55 10.5 10.6 0.9832813303
10.65 10.6 10.7 0.9659254895
10.75 10.7 10.8 0.9737136052
10.85 10.8 10.9 0.9507883177
10.95 10.9 11 0.9241107517
11.05 11 11.1 0.9086077563
11.15 11.1 11.2 0.9215949542
11.25 11.2 11.3 0.8721966159
11.35 11.3 11.4 0.8662882338
11.45 11.4 11.5 0.8154745502
11.55 11.5 11.6 0.8514247044
11.65 11.6 11.7 0.8186840153
11.75 11.7 11.8 0.8349286649
11.85 11.8 11.9 0.820083659
11.95 11.9 12 0.7989095049
12.05 12 12.1 0.7808321909
12.15 12.1 12.2 0.7830738557
12.25 12.2 12.3 0.7521268286
12.35 12.3 12.4 0.7576921083
12.45 12.4 12.5 0.7416365719
12.55 12.5 12.6 0.7290108877
12.65 12.6 12.7 0.7106895651
12.75 12.7 12.8 0.7023525058
12.85 12.8 12.9 0.6862793525
12.95 12.9 13 0.6709135916
13.05 13 13.1 0.6776964983
13.15 13.1 13.2 0.6657469439
13.25 13.2 13.3 0.6435482688
13.35 13.3 13.4 0.6381464997
13.45 13.4 13.5 0.6339176489
13.55 13.5 13.6 0.59672568
13.65 13.6 13.7 0.6141550032
13.75 13.7 13.8 0.6087162102
13.85 13.8 13.9 0.6145629787
13.95 13.9 14 0.5871271548
14.05 14 14.1 0.5609649714
14.15 14.1 14.2 0.5897644739
14.25 14.2 14.3 0.5662006515
14.35 14.3 14.4 0.5485575011
14.45 14.4 14.5 0.5407035839
14.55 14.5 14.6 0.541811503
14.65 14.6 14.7 0.539353882
14.75 14.7 14.8 0.5167433665
14.85 14.8 14.9 0.5272551909
14.95 14.9 15 0.5029498173
15.05 15 15.1 0.502395968
15.15 15.1 15.2 0.499706459
15.25 15.2 15.3 0.4999682745
15.35 15.3 15.4 0.4948901768
15.45 15.4 15.5 0.4868644626
15.55 15.5 15.6 0.4727773011
15.65 15.6 15.7 0.4694519959
15.75 15.7 15.8 0.4760256836
15.85 15.8 15.9 0.4670387069
15.95 15.9 16 0.4433317267
16.05 16 16.1 0.4631884554
16.15 16.1 16.2 0.4438883052
16.25 16.2 16.3 0.4256434873
16.35 16.3 16.4 0.4363274341
16.45 16.4 16.5 0.4273538625
16.55 16.5 16.6 0.414815942
16.65 16.6 16.7 0.4179219791
16.75 16.7 16.8 0.4109670138
16.85 16.8 16.9 0.4017900512
16.95 16.9 17 0.408921005
17.05 17 17.1 0.4043260667
17.15 17.1 17.2 0.3941508881
17.25 17.2 17.3 0.395082911
17.35 17.3 17.4 0.3765701855
17.45 17.4 17.5 0.3748859099
17.55 17.5 17.6 0.3824285147
17.65 17.6 17.7 0.3649417253
17.75 17.7 17.8 0.366876168
17.85 17.8 17.9 0.3681269343
17.95 17.9 18 0.3582793658
18.05 18 18.1 0.3598851355
18.15 18.1 18.2 0.3468525376
18.25 18.2 18.3 0.3567216487
18.35 18.3 18.4 0.346140782
18.45 18.4 18.5 0.334467057
18.55 18.5 18.6 0.3396939963
18.65 18.6 18.7 0.3300691119
18.75 18.7 18.8 0.3233223713
18.85 18.8 18.9 0.3280886897
18.95 18.9 19 0.3157686571
19.05 19 19.1 0.3244762763
19.15 19.1 19.2 0.313095768
19.25 19.2 19.3 0.3311473463
19.35 19.3 19.4 0.314177407
19.45 19.4 19.5 0.3104060048
19.55 19.5 19.6 0.3002358717
19.65 19.6 19.7 0.2850724368
19.75 19.7 19.8 0.2949703769
19.85 19.8 19.9 0.2981923543
19.95 19.9 20 0.2838903604
20.05 20 20.1 0.2879990003
20.15 20.1 20.2 0.2783599209
20.25 20.2 20.3 0.2823175824
20.35 20.3 20.4 0.2877638874
20.45 20.4 20.5 0.2737556101
20.55 20.5 20.6 0.2744320459
20.65 20.6 20.7 0.2596792282
20.75 20.7 20.8 0.2624964355
20.85 20.8 20.9 0.2715153636
20.95 20.9 21 0.2566913445
21.05 21 21.1 0.2578777468
21.15 21.1 21.2 0.2542776483
21.25 21.2 21.3 0.2535951796
21.35 21.3 21.4 0.2595158288
21.45 21.4 21.5 0.2578998418
21.55 21.5 21.6 0.2533229817
21.65 21.6 21.7 0.2469346794
21.75 21.7 21.8 0.2438359382
21.85 21.8 21.9 0.2332345834
21.95 21.9 22 0.239204491
22.05 22 22.1 0.2256070165
22.15 22.1 22.2 0.237789169
22.25 22.2 22.3 0.2287998406
22.35 22.3 22.4 0.226688426
22.45 22.4 22.5 0.21219493
22.55 22.5 22.6 0.2339177959
22.65 22.6 22.7 0.2135474422
22.75 22.7 22.8 0.2179494855
22.85 22.8 22.9 0.2187570076
22.95 22.9 23 0.211155438
23.05 23 23.1 0.2037114658
23.15 23.1 23.2 0.2208663876
23.25 23.2 23.3 0.2093037642
23.35 23.3 23.4 0.2121767942
23.45 23.4 23.5 0.2144651452
23.55 23.5 23.6 0.2067820679
23.65 23.6 23.7 0.2021797312
23.75 23.7 23.8 0.1944358622
23.85 23.8 23.9 0.1950774297
23.95 23.9 24 0.1992577809
24.05 24 24.1 0.1997407039
24.15 24.1 24.2 0.1871125018
24.25 24.2 24.3 0.1887275962
24.35 24.3 24.4 0.1899732155
24.45 24.4 24.5 0.1828968644
24.55 24.5 24.6 0.1920648551
24.65 24.6 24.7 0.1847020846
24.75 24.7 24.8 0.1779725153
24.85 24.8 24.9 0.1696787314
24.95 24.9 25 0.1677422069
25.05 25 25.1 0.1800384706
25.15 25.1 25.2 0.1671909038
25.25 25.2 25.3 0.174758769
25.35 25.3 25.4 0.169206208
25.45 25.4 25.5 0.177828224
25.55 25.5 25.6 0.1739751884
25.65 25.6 25.7 0.1753110773
25.75 25.7 25.8 0.1849119075
25.85 25.8 25.9 0.162316676
25.95 25.9 26 0.1656579177
26.05 26 26.1 0.1604346669
26.15 26.1 26.2 0.1716169895
26.25 26.2 26.3 0.1574724348
26.35 26.3 26.4 0.1571815062
26.45 26.4 26.5 0.1521587282
26.55 26.5 26.6 0.1533411601
26.65 26.6 26.7 0.1544231396
26.75 26.7 26.8 0.1576489414
26.85 26.8 26.9 0.148435684
26.95 26.9 27 0.1505971689
27.05 27 27.1 0.145253558
27.15 27.1 27.2 0.1503967413
27.25 27.2 27.3 0.1460003653
27.35 27.3 27.4 0.1563565996
27.45 27.4 27.5 0.1512662232
27.55 27.5 27.6 0.1518420176
27.65 27.6 27.7 0.1470963541
27.75 27.7 27.8 0.147130273
27.85 27.8 27.9 0.1364213548
27.95 27.9 28 0.1440589016
28.05 28 28.1 0.1367175664
28.15 28.1 28.2 0.1339137559
28.25 28.2 28.3 0.1408305994
28.35 28.3 28.4 0.1350422689
28.45 28.4 28.5 0.1316341744
28.55 28.5 28.6 0.1308072273
28.65 28.6 28.7 0.1268128419
28.75 28.7 28.8 0.130836618
28.85 28.8 28.9 0.1202874379
28.95 28.9 29 0.126080539
29.05 29 29.1 0.1244928348
29.15 29.1 29.2 0.1198931616
29.25 29.2 29.3 0.1202738672
29.35 29.3 29.4 0.1194003504
29.45 29.4 29.5 0.1169846337
29.55 29.5 29.6 0.1229425864
29.65 29.6 29.7 0.1121248084
29.75 29.7 29.8 0.1191785556
29.85 29.8 29.9 0.1216954618
29.95 29.9 30 0.1201036957
30.05 30 30.1 0.1151849857
30.15 30.1 30.2 0.1156376389
30.25 30.2 30.3 0.1164124874
30.35 30.3 30.4 0.1124152394
30.45 30.4 30.5 0.1166745746
30.55 30.5 30.6 0.1125665761
30.65 30.6 30.7 0.1049922539
30.75 30.7 30.8 0.115298353
30.85 30.8 30.9 0.1100435431
30.95 30.9 31 0.1110109137
31.05 31 31.1 0.1075207993
31.15 31.1 31.2 0.104586568
31.25 31.2 31.3 0.1049054557
31.35 31.3 31.4 0.1071944466
31.45 31.4 31.5 0.1088878334
31.55 31.5 31.6 0.09913126589
31.65 31.6 31.7 0.09765012223
31.75 31.7 31.8 0.1003880014
31.85 31.8 31.9 0.1007605716
31.95 31.9 32 0.1007443761
32.05 32 32.1 0.100088582
32.15 32.1 32.2 0.09936413365
32.25 32.2 32.3 0.09820617249
32.35 32.3 32.4 0.09365269158
32.45 32.4 32.5 0.09227175204
32.55 32.5 32.6 0.09989717966
32.65 32.6 32.7 0.1048897359
32.75 32.7 32.8 0.08995017446
32.85 32.8 32.9 0.09031614635
32.95 32.9 33 0.09459616495
33.05 33 33.1 0.08827135986
33.15 33.1 33.2 0.09403081901
33.25 33.2 33.3 0.08317819573
33.35 33.3 33.4 0.09256979691
33.45 33.4 33.5 0.09483538969
33.55 33.5 33.6 0.08043836574
33.65 33.6 33.7 0.08675812098
33.75 33.7 33.8 0.0841330073
33.85 33.8 33.9 0.08085595636
33.95 33.9 34 0.08812852087
34.05 34 34.1 0.0843514999
34.15 34.1 34.2 0.08065842975
34.25 34.2 34.3 0.08438827338
34.35 34.3 34.4 0.07561414585
34.45 34.4 34.5 0.08577847481
34.55 34.5 34.6 0.09081147667
34.65 34.6 34.7 0.08114026053
34.75 34.7 34.8 0.07770665743
34.85 34.8 34.9 0.08059763854
34.95 34.9 35 0.08076558885
35.05 35 35.1 0.08225057904
35.15 35.1 35.2 0.07129519953
35.25 35.2 35.3 0.08103993306
35.35 35.3 35.4 0.08691073299
35.45 35.4 35.5 0.07399891904
35.55 35.5 35.6 0.0730431256
35.65 35.6 35.7 0.07102699265
35.75 35.7 35.8 0.07116982552
35.85 35.8 35.9 0.0666459782
35.95 35.9 36 0.07448710644
36.05 36 36.1 0.07655827716
36.15 36.1 36.2 0.07106130298
36.25 36.2 36.3 0.07154605276
36.35 36.3 36.4 0.06941320836
36.45 36.4 36.5 0.07155168165
36.55 36.5 36.6 0.06772787548
36.65 36.6 36.7 0.06452079246
36.75 36.7 36.8 0.06358556641
36.85 36.8 36.9 0.07098539495
36.95 36.9 37 0.06844185497
37.05 37 37.1 0.06158137515
37.15 37.1 37.2 0.06973159312
37.25 37.2 37.3 0.0685534496
37.35 37.3 37.4 0.07420498726
37.45 37.4 37.5 0.06534208564
37.55 37.5 37.6 0.07003698758
37.65 37.6 37.7 0.0635750339
37.75 37.7 37.8 0.06405769233
37.85 37.8 37.9 0.06432646241
37.95 37.9 38 0.06445493879
38.05 38 38.1 0.06599898601
38.15 38.1 38.2 0.06539250464
38.25 38.2 38.3 0.0665846641
38.35 38.3 38.4 0.05971562673
38.45 38.4 38.5 0.05589334302
38.55 38.5 38.6 0.05653653946
38.65 38.6 38.7 0.06589437384
38.75 38.7 38.8 0.05948292596
38.85 38.8 38.9 0.05366463837
38.95 38.9 39 0.05960694803
39.05 39 39.1 0.06507575378
39.15 39.1 39.2 0.05652530949
39.25 39.2 39.3 0.05439479162
39.35 39.3 39.4 0.06279712145
39.45 39.4 39.5 0.05601084179
39.55 39.5 39.6 0.05295795372
39.65 39.6 39.7 0.05575990355
39.75 39.7 39.8 0.05242438299
39.85 39.8 39.9 0.0545567368
39.95 39.9 40 0.05628147894
40.05 40 40.1 0.05100839715
40.15 40.1 40.2 0.0521336357
40.25 40.2 40.3 0.05637301243
40.35 40.3 40.4 0.05816072154
40.45 40.4 40.5 0.05174719974
40.55 40.5 40.6 0.05424035406
40.65 40.6 40.7 0.0495452047
40.75 40.7 40.8 0.05200354475
40.85 40.8 40.9 0.04874397792
40.95 40.9 41 0.04977396758
41.05 41 41.1 0.04803475998
41.15 41.1 41.2 0.05316313076
41.25 41.2 41.3 0.05355994064
41.35 41.3 41.4 0.04785700639
41.45 41.4 41.5 0.05038531865
41.55 41.5 41.6 0.04534511983
41.65 41.6 41.7 0.05314018879
41.75 41.7 41.8 0.05528364347
41.85 41.8 41.9 0.04674742404
41.95 41.9 42 0.05315395239
42.05 42 42.1 0.05278362701
42.15 42.1 42.2 0.0503446812
42.25 42.2 42.3 0.04810230419
42.35 42.3 42.4 0.04810223489
42.45 42.4 42.5 0.04774689462
42.55 42.5 42.6 0.04296364899
42.65 42.6 42.7 0.0454969806
42.75 42.7 42.8 0.04837600405
42.85 42.8 42.9 0.04864602589
42.95 42.9 43 0.04607622195
43.05 43 43.1 0.03904419794
43.15 43.1 43.2 0.04229140385
43.25 43.2 43.3 0.04153049294
43.35 43.3 43.4 0.0462714608
43.45 43.4 43.5 0.04712935367
43.55 43.5 43.6 0.04555951184
43.65 43.6 43.7 0.04574668847
43.75 43.7 43.8 0.05110619957
43.85 43.8 43.9 0.03640125877
43.95 43.9 44 0.04257697126
44.05 44 44.1 0.04127402009
44.15 44.1 44.2 0.04405007988
44.25 44.2 44.3 0.04424719743
44.35 44.3 44.4 0.03981905145
44.45 44.4 44.5 0.03824925356
44.55 44.5 44.6 0.0405025648
44.65 44.6 44.7 0.04121456456
44.75 44.7 44.8 0.0420516872
44.85 44.8 44.9 0.04037800909
44.95 44.9 45 0.03529372898
45.05 45 45.1 0.04261718649
45.15 45.1 45.2 0.04136625483
45.25 45.2 45.3 0.03357139987
45.35 45.3 45.4 0.03930708253
45.45 45.4 45.5 0.03657439805
45.55 45.5 45.6 0.03830114645
45.65 45.6 45.7 0.04038332673
45.75 45.7 45.8 0.03532944408
45.85 45.8 45.9 0.04159223048
45.95 45.9 46 0.03476682729
46.05 46 46.1 0.02927892547
46.15 46.1 46.2 0.04011596302
46.25 46.2 46.3 0.03478532033
46.35 46.3 46.4 0.03672001095
46.45 46.4 46.5 0.03822721997
46.55 46.5 46.6 0.03344855737
46.65 46.6 46.7 0.03530293463
46.75 46.7 46.8 0.03086778045
46.85 46.8 46.9 0.03041990907
46.95 46.9 47 0.03230888948
47.05 47 47.1 0.03486386098
47.15 47.1 47.2 0.0355763769
47.25 47.2 47.3 0.0380366809
47.35 47.3 47.4 0.03551249303
47.45 47.4 47.5 0.03167609396
47.55 47.5 47.6 0.03376464647
47.65 47.6 47.7 0.0348327491
47.75 47.7 47.8 0.03690947364
47.85 47.8 47.9 0.03608889559
47.95 47.9 48 0.02721069312
48.05 48 48.1 0.03280282775
48.15 48.1 48.2 0.03482871187
48.25 48.2 48.3 0.03396204088
48.35 48.3 48.4 0.02672607016
48.45 48.4 48.5 0.03243647766
48.55 48.5 48.6 0.03320861097
48.65 48.6 48.7 0.03334664432
48.75 48.7 48.8 0.03888778266
48.85 48.8 48.9 0.02883394242
48.95 48.9 49 0.03219358752
49.05 49 49.1 0.02951530975
49.15 49.1 49.2 0.02804378026
49.25 49.2 49.3 0.03077181286
49.35 49.3 49.4 0.0313507854
49.45 49.4 49.5 0.02756188103
49.55 49.5 49.6 0.02526751486
49.65 49.6 49.7 0.02669921112
49.75 49.7 49.8 0.0306324577
49.85 49.8 49.9 0.02723147872
49.95 49.9 50 0.02232380113
50.05 50 50.1 0.02409463919
50.15 50.1 50.2 0.02812625627
50.25 50.2 50.3 0.03076470447
50.35 50.3 50.4 0.02358144805
50.45 50.4 50.5 0.0304447374
50.55 50.5 50.6 0.02441020591
50.65 50.6 50.7 0.02377220604
50.75 50.7 50.8 0.0257778222
50.85 50.8 50.9 0.02722365281
50.95 50.9 51 0.02481851728
51.05 51 51.1 0.02433193342
51.15 51.1 51.2 0.02512636121
51.25 51.2 51.3 0.02425086052
51.35 51.3 51.4 0.02492282085
51.45 51.4 51.5 0.02541573791
51.55 51.5 51.6 0.02648020097
51.65 51.6 51.7 0.02407370987
51.75 51.7 51.8 0.02456337607
51.85 51.8 51.9 0.02319249153
51.95 51.9 52 0.02614807282
52.05 52 52.1 0.02754148952
52.15 52.1 52.2 0.02469055635
52.25 52.2 52.3 0.02368351771
52.35 52.3 52.4 0.01964880654
52.45 52.4 52.5 0.02637053433
52.55 52.5 52.6 0.02066108552
52.65 52.6 52.7 0.02074813041
52.75 52.7 52.8 0.02428779282
52.85 52.8 52.9 0.0297729701
52.95 52.9 53 0.02208338656
53.05 53 53.1 0.02403316131
53.15 53.1 53.2 0.0205523378
53.25 53.2 53.3 0.02374087404
53.35 53.3 53.4 0.02420570599
53.45 53.4 53.5 0.02070693469
53.55 53.5 53.6 0.01876420646
53.65 53.6 53.7 0.01825644934
53.75 53.7 53.8 0.01893212212
53.85 53.8 53.9 0.0202603531
53.95 53.9 54 0.01886315237
54.05 54 54.1 0.01854434886
54.15 54.1 54.2 0.019208618
54.25 54.2 54.3 0.02003039277
54.35 54.3 54.4 0.01842925479
54.45 54.4 54.5 0.0182628076
54.55 54.5 54.6 0.01813229028
54.65 54.6 54.7 0.02011675667
54.75 54.7 54.8 0.01985672491
54.85 54.8 54.9 0.02055996176
54.95 54.9 55 0.02123271031
55.05 55 55.1 0.020722608
55.15 55.1 55.2 0.02226274881
55.25 55.2 55.3 0.01709247047
55.35 55.3 55.4 0.01722630758
55.45 55.4 55.5 0.02209867881
55.55 55.5 55.6 0.01998403223
55.65 55.6 55.7 0.01735022994
55.75 55.7 55.8 0.01865144935
55.85 55.8 55.9 0.01894595526
55.95 55.9 56 0.02044142252
56.05 56 56.1 0.02133100236
56.15 56.1 56.2 0.02199692099
56.25 56.2 56.3 0.01759694428
56.35 56.3 56.4 0.02082595091
56.45 56.4 56.5 0.01855762739
56.55 56.5 56.6 0.01710262118
56.65 56.6 56.7 0.01873638427
56.75 56.7 56.8 0.01941130265
56.85 56.8 56.9 0.0175745423
56.95 56.9 57 0.01540293541
57.05 57 57.1 0.01763218916
57.15 57.1 57.2 0.01838095226
57.25 57.2 57.3 0.01828012862
57.35 57.3 57.4 0.01549499111
57.45 57.4 57.5 0.01209344185
57.55 57.5 57.6 0.0179752324
57.65 57.6 57.7 0.01952376275
57.75 57.7 57.8 0.01883220249
57.85 57.8 57.9 0.02096805801
57.95 57.9 58 0.01820338743
58.05 58 58.1 0.01832963137
58.15 58.1 58.2 0.01101008991
58.25 58.2 58.3 0.01498656357
58.35 58.3 58.4 0.01473983212
58.45 58.4 58.5 0.01371761708
58.55 58.5 58.6 0.01402417698
58.65 58.6 58.7 0.01427268877
58.75 58.7 58.8 0.01502123862
58.85 58.8 58.9 0.01409949295
58.95 58.9 59 0.01643954576
59.05 59 59.1 0.01396648484
59.15 59.1 59.2 0.01503611927
59.25 59.2 59.3 0.0182592186
59.35 59.3 59.4 0.01197915347
59.45 59.4 59.5 0.01574514535
59.55 59.5 59.6 0.01386421666
59.65 59.6 59.7 0.0155856426
59.75 59.7 59.8 0.01519556707
59.85 59.8 59.9 0.0166106261
59.95 59.9 60 0.01581316163
60.05 60 60.1 0.01353706254
60.15 60.1 60.2 0.01626277088
60.25 60.2 60.3 0.01478868873
60.35 60.3 60.4 0.01384249991
60.45 60.4 60.5 0.01035101034
60.55 60.5 60.6 0.01673871671
60.65 60.6 60.7 0.01334685331
60.75 60.7 60.8 0.01239099427
60.85 60.8 60.9 0.01675991356
60.95 60.9 61 0.01322831641
61.05 61 61.1 0.01168438293
61.15 61.1 61.2 0.01125512551
61.25 61.2 61.3 0.01603708956
61.35 61.3 61.4 0.01207748276
61.45 61.4 61.5 0.01364445986
61.55 61.5 61.6 0.01020285483
61.65 61.6 61.7 0.01313814574
61.75 61.7 61.8 0.0107278489
61.85 61.8 61.9 0.01161047333
61.95 61.9 62 0.01202113775
62.05 62 62.1 0.01108253976
62.15 62.1 62.2 0.01176765737
62.25 62.2 62.3 0.01161705916
62.35 62.3 62.4 0.01144012363
62.45 62.4 62.5 0.01624176343
62.55 62.5 62.6 0.01041704026
62.65 62.6 62.7 0.01262487123
62.75 62.7 62.8 0.01043332741
62.85 62.8 62.9 0.01069223089
62.95 62.9 63 0.009185025578
63.05 63 63.1 0.01426009152
63.15 63.1 63.2 0.01002586149
63.25 63.2 63.3 0.01034702548
63.35 63.3 63.4 0.01080932099
63.45 63.4 63.5 0.01009731305
63.55 63.5 63.6 0.009201268646
63.65 63.6 63.7 0.01345881613
63.75 63.7 63.8 0.008538315276
63.85 63.8 63.9 0.01076164734
63.95 63.9 64 0.01055725629
64.05 64 64.1 0.009442511474
64.15 64.1 64.2 0.01007602123
64.25 64.2 64.3 0.003452983702
64.35 64.3 64.4 0.004695244874
64.45 64.4 64.5 0.008148663872
64.55 64.5 64.6 0.01091530322
64.65 64.6 64.7 0.01063433618
64.75 64.7 64.8 0.009507036032
64.85 64.8 64.9 0.008498949431
64.95 64.9 65 0.007346933673
65.05 65 65.1 0.01114146389
65.15 65.1 65.2 0.009279930636
65.25 65.2 65.3 0.007914048161
65.35 65.3 65.4 0.008716469882
65.45 65.4 65.5 0.01180013028
65.55 65.5 65.6 0.007860411603
65.65 65.6 65.7 0.01114573683
65.75 65.7 65.8 0.01023506747
65.85 65.8 65.9 0.008312347952
65.95 65.9 66 0.005814157234
66.05 66 66.1 0.009377805653
66.15 66.1 66.2 0.005516990431
66.25 66.2 66.3 0.005553681968
66.35 66.3 66.4 0.008827221182
66.45 66.4 66.5 0.01006689847
66.55 66.5 66.6 0.01141012925
66.65 66.6 66.7 0.008370381832
66.75 66.7 66.8 0.01017670769
66.85 66.8 66.9 0.007632390207
66.95 66.9 67 0.009958911084
67.05 67 67.1 0.004904817245
67.15 67.1 67.2 0.007238885783
67.25 67.2 67.3 0.009378534349
67.35 67.3 67.4 0.00746614392
67.45 67.4 67.5 0.009186308071
67.55 67.5 67.6 0.004278419484
67.65 67.6 67.7 0.007982745098
67.75 67.7 67.8 0.006733042824
67.85 67.8 67.9 0.008918536708
67.95 67.9 68 0.006236376984
68.05 68 68.1 0.00419121834
68.15 68.1 68.2 0.01074326734
68.25 68.2 68.3 0.006792318836
68.35 68.3 68.4 0.006725284877
68.45 68.4 68.5 0.007032927708
68.55 68.5 68.6 0.006971089987
68.65 68.6 68.7 0.004101372532
68.75 68.7 68.8 0.006726539804
68.85 68.8 68.9 0.005822663671
68.95 68.9 69 0.004238508345
69.05 69 69.1 0.008368128391
69.15 69.1 69.2 0.005996418353
69.25 69.2 69.3 0.005774540808
69.35 69.3 69.4 0.006328050433
69.45 69.4 69.5 0.006911523801
69.55 69.5 69.6 0.005529954052
69.65 69.6 69.7 0.008837569232
69.75 69.7 69.8 0.004046888247
69.85 69.8 69.9 0.006408737776
69.95 69.9 70 0.005064754589
70.05 70 70.1 0.003218899731
70.15 70.1 70.2 0.005017766827
70.25 70.2 70.3 0.006756762055
70.35 70.3 70.4 0.004699875055
70.45 70.4 70.5 0.005508883238
70.55 70.5 70.6 0.00658108713
70.65 70.6 70.7 0.007538791341
70.75 70.7 70.8 0.007036236181
70.85 70.8 70.9 0.001879736325
70.95 70.9 71 0.003515979095
71.05 71 71.1 0.006767630597
71.15 71.1 71.2 0.008235860659
71.25 71.2 71.3 0.009276437719
71.35 71.3 71.4 0.002528726584
71.45 71.4 71.5 0.003451585546
71.55 71.5 71.6 0.00314438349
71.65 71.6 71.7 0.007909690054
71.75 71.7 71.8 0.008396521693
71.85 71.8 71.9 0.003366345235
71.95 71.9 72 0.004296150597
72.05 72 72.1 0.004339020168
72.15 72.1 72.2 0.00338964612
72.25 72.2 72.3 0.001328825042
72.35 72.3 72.4 0.003216963707
72.45 72.4 72.5 0.006789160313
72.55 72.5 72.6 0.005910787681
72.65 72.6 72.7 0.003395702332
72.75 72.7 72.8 0.002515012387
72.85 72.8 72.9 0.00674385543
72.95 72.9 73 0.001858668474
73.05 73 73.1 0.007405664721
73.15 73.1 73.2 0.006414153516
73.25 73.2 73.3 0.00361921784
73.35 73.3 73.4 0.005378662359
73.45 73.4 73.5 0.001186217633
73.55 73.5 73.6 0.004481673142
73.65 73.6 73.7 0.00290691628
73.75 73.7 73.8 0.005131744441
73.85 73.8 73.9 0.005887559538
73.95 73.9 74 0.004069005253
74.05 74 74.1 0.007257157769
74.15 74.1 74.2 0.003273588499
74.25 74.2 74.3 0.004529764682
74.35 74.3 74.4 0.005478652047
74.45 74.4 74.5 0.00207939714
74.55 74.5 74.6 0.0059440409
74.65 74.6 74.7 0.003607776123
74.75 74.7 74.8 0.004581610899
74.85 74.8 74.9 0.00333589423
74.95 74.9 75 0.00263271607
75.05 75 75.1 0.009603789908
75.15 75.1 75.2 0.003377851141
75.25 75.2 75.3 0.00297447833
75.35 75.3 75.4 0.005624341348
75.45 75.4 75.5 0.007152023556
75.55 75.5 75.6 0.00547779316
75.65 75.6 75.7 0.003758396459
75.75 75.7 75.8 0.005283491694
75.85 75.8 75.9 0.007884213782
75.95 75.9 76 0.003166752287
76.05 76 76.1 0.007072170347
76.15 76.1 76.2 0.004261765778
76.25 76.2 76.3 0.002818958297
76.35 76.3 76.4 0.001841276274
76.45 76.4 76.5 0.004851392612
76.55 76.5 76.6 0.006806112719
76.65 76.6 76.7 0.003949546254
76.75 76.7 76.8 0.002999886467
76.85 76.8 76.9 0.004777738897
76.95 76.9 77 0.006936621841
77.05 77 77.1 0.006268001511
77.15 77.1 77.2 0.00585913183
77.25 77.2 77.3 0.007022207731
77.35 77.3 77.4 0.003801736003
77.45 77.4 77.5 0.004098547892
77.55 77.5 77.6 0.002205034773
77.65 77.6 77.7 0.006655444498
77.75 77.7 77.8 0.005072582918
77.85 77.8 77.9 0.004285156345
77.95 77.9 78 0.006033557821
78.05 78 78.1 0.00369070407
78.15 78.1 78.2 0.004169983849
78.25 78.2 78.3 0.005454500117
78.35 78.3 78.4 0.004949640083
78.45 78.4 78.5 0.004435936516
78.55 78.5 78.6 0.004421371425
78.65 78.6 78.7 0.002044317584
78.75 78.7 78.8 0.005636079419
78.85 78.8 78.9 0.006366838635
78.95 78.9 79 0.002618579775
79.05 79 79.1 0.003564936732
79.15 79.1 79.2 0.00427032492
79.25 79.2 79.3 0.002892723361
79.35 79.3 79.4 0.001464799239
79.45 79.4 79.5 0.002150701806
79.55 79.5 79.6 0.003597943399
79.65 79.6 79.7 0.003349500204
79.75 79.7 79.8 0.004968069716
79.85 79.8 79.9 0.004251613744
79.95 79.9 80 0.0044659212
80.05 80 80.1 0.004551131917
80.15 80.1 80.2 0.002144188401
80.25 80.2 80.3 0.002900602012
80.35 80.3 80.4 0.004415945175
80.45 80.4 80.5 0.005260360785
80.55 80.5 80.6 0.005924578962
80.65 80.6 80.7 0.004234639785
80.75 80.7 80.8 0.004491358697
80.85 80.8 80.9 0.003502897238
80.95 80.9 81 0.003284358073
81.05 81 81.1 0.004186310338
81.15 81.1 81.2 0.004703764334
81.25 81.2 81.3 0.005566394688
81.35 81.3 81.4 0.005462136258
81.45 81.4 81.5 0.005729825283
81.55 81.5 81.6 0.003383738817
81.65 81.6 81.7 0.00409413906
81.75 81.7 81.8 0.005285170868
81.85 81.8 81.9 0.003745744208
81.95 81.9 82 0.003147134199
82.05 82 82.1 0.004777020527
82.15 82.1 82.2 0.003862900915
82.25 82.2 82.3 0.0051491037
82.35 82.3 82.4 -0.0002911515098
82.45 82.4 82.5 0.003286313334
82.55 82.5 82.6 0.004618791854
82.65 82.6 82.7 0.004091739774
82.75 82.7 82.8 0.005713863411
82.85 82.8 82.9 0.001586609702
82.95 82.9 83 0.005282493953
83.05 83 83.1 0.003923428512
83.15 83.1 83.2 0.004683454865
83.25 83.2 83.3 0.005020880645
83.35 83.3 83.4 0.002949625893
83.45 83.4 83.5 0.006660311284
83.55 83.5 83.6 0.004034843709
83.65 83.6 83.7 0.002712007794
83.75 83.7 83.8 0.00496381819
83.85 83.8 83.9 0.002674065825
83.95 83.9 84 0.004123817487
84.05 84 84.1 0.003161715686
84.15 84.1 84.2 0.00377273121
84.25 84.2 84.3 0.004568913996
84.35 84.3 84.4 0.006156930412
84.45 84.4 84.5 0.006303057017
84.55 84.5 84.6 0.005747829873
84.65 84.6 84.7 0.004140354766
84.75 84.7 84.8 0.006019577359
84.85 84.8 84.9 0.000406833882
84.95 84.9 85 0.004936435555
85.05 85 85.1 0.003659083307
85.15 85.1 85.2 0.003849430531
85.25 85.2 85.3 0.002707502011
85.35 85.3 85.4 0.003184729083
85.45 85.4 85.5 0.002362557893
85.55 85.5 85.6 0.00476754829
85.65 85.6 85.7 0.002433330604
85.75 85.7 85.8 0.0047638101
85.85 85.8 85.9 0.004546300155
85.95 85.9 86 0.00460184455
86.05 86 86.1 0.004476610374
86.15 86.1 86.2 0.00526081089
86.25 86.2 86.3 0.004935625187
86.35 86.3 86.4 0.00201982536
86.45 86.4 86.5 0.004531650259
86.55 86.5 86.6 0.006331748932
86.65 86.6 86.7 0.004228370918
86.75 86.7 86.8 0.003671672697
86.85 86.8 86.9 0.003361235159
86.95 86.9 87 0.004188489644
87.05 87 87.1 0.003860361748
87.15 87.1 87.2 0.004078450319
87.25 87.2 87.3 0.00335659463
87.35 87.3 87.4 0.002287952285
87.45 87.4 87.5 0.004900709102
87.55 87.5 87.6 0.0004695903071
87.65 87.6 87.7 0.004811304852
87.75 87.7 87.8 0.00490804929
87.85 87.8 87.9 0.0004352266433
87.95 87.9 88 0.005552130371
88.05 88 88.1 0.003157631305
88.15 88.1 88.2 0.006960194901
88.25 88.2 88.3 0.005979466108
88.35 88.3 88.4 0.005126640596
88.45 88.4 88.5 0.006258624375
88.55 88.5 88.6 0.003853804087
88.65 88.6 88.7 0.007075304529
88.75 88.7 88.8 0.007751325693
88.85 88.8 88.9 0.003936597034
88.95 88.9 89 0.002997015122
89.05 89 89.1 0.003567873079
89.15 89.1 89.2 0.002626528195
89.25 89.2 89.3 0.003167497564
89.35 89.3 89.4 0.004669631623
89.45 89.4 89.5 0.00498459323
89.55 89.5 89.6 0.003540196658
89.65 89.6 89.7 0.001218860367
89.75 89.7 89.8 0.00590898476
89.85 89.8 89.9 0.004095790886
89.95 89.9 90 0.005042647881
90.05 90 90.1 0.005362114191
90.15 90.1 90.2 0.005453007555
90.25 90.2 90.3 0.004496155635
90.35 90.3 90.4 0.003184499123
90.45 90.4 90.5 0.002028174588
90.55 90.5 90.6 0.006205569836
90.65 90.6 90.7 0.002690418556
90.75 90.7 90.8 0.005990051254
90.85 90.8 90.9 0.001866193534
90.95 90.9 91 0.001257519841
91.05 91 91.1 0.003007118708
91.15 91.1 91.2 0.004803860732
91.25 91.2 91.3 0.003534042804
91.35 91.3 91.4 0.003626510053
91.45 91.4 91.5 0.002828872618
91.55 91.5 91.6 0.004427411527
91.65 91.6 91.7 0.004982421697
91.75 91.7 91.8 0.00678294541
91.85 91.8 91.9 0.007203085974
91.95 91.9 92 0.007578869094
92.05 92 92.1 0.005430311418
92.15 92.1 92.2 0.005791838394
92.25 92.2 92.3 0.006539292671
92.35 92.3 92.4 0.006111155606
92.45 92.4 92.5 0.00308109306
92.55 92.5 92.6 0.005819968442
92.65 92.6 92.7 0.005754239954
92.75 92.7 92.8 0.005005582145
92.85 92.8 92.9 0.00294531717
92.95 92.9 93 0.006754167952
93.05 93 93.1 0.003631947356
93.15 93.1 93.2 0.004884883947
93.25 93.2 93.3 0.004997802686
93.35 93.3 93.4 0.003095051056
93.45 93.4 93.5 0.002939893599
93.55 93.5 93.6 0.002520601346
93.65 93.6 93.7 0.003459599708
93.75 93.7 93.8 0.002398986587
93.85 93.8 93.9 0.002097684649
93.95 93.9 94 0.004615892394
94.05 94 94.1 0.005286292505
94.15 94.1 94.2 0.004950981936
94.25 94.2 94.3 0.006429697045
94.35 94.3 94.4 0.004287801411
94.45 94.4 94.5 0.003608227962
94.55 94.5 94.6 0.00578480687
94.65 94.6 94.7 0.006255849257
94.75 94.7 94.8 0.00469511921
94.85 94.8 94.9 0.004559239592
94.95 94.9 95 0.004404079315
95.05 95 95.1 0.003771511103
95.15 95.1 95.2 0.006905982283
95.25 95.2 95.3 0.004234447598
95.35 95.3 95.4 0.003337732036
95.45 95.4 95.5 0.00393507915
95.55 95.5 95.6 0.003572034501
95.65 95.6 95.7 0.005774749415
95.75 95.7 95.8 0.005467439105
95.85 95.8 95.9 0.002854462963
95.95 95.9 96 0.001122204063
96.05 96 96.1 0.002736170628
96.15 96.1 96.2 0.004862487484
96.25 96.2 96.3 0.002398395609
96.35 96.3 96.4 0.005089057024
96.45 96.4 96.5 0.004930867326
96.55 96.5 96.6 0.001754100906
96.65 96.6 96.7 0.003033419576
96.75 96.7 96.8 0.003391740663
96.85 96.8 96.9 0.004527786224
96.95 96.9 97 0.005574909458
97.05 97 97.1 0.004252291347
97.15 97.1 97.2 0.002320511576
97.25 97.2 97.3 0.004858099038
97.35 97.3 97.4 0.003102070697
97.45 97.4 97.5 0.004174143143
97.55 97.5 97.6 0.002676154887
97.65 97.6 97.7 0.003120724219
97.75 97.7 97.8 0.004485467191
97.85 97.8 97.9 0.006569666758
97.95 97.9 98 0.002109906778
98.05 98 98.1 0.005757306209
98.15 98.1 98.2 0.005697797238
98.25 98.2 98.3 0.003086322695
98.35 98.3 98.4 0.003135975611
98.45 98.4 98.5 0.004420386488
98.55 98.5 98.6 0.00296212173
98.65 98.6 98.7 0.005717561957
98.75 98.7 98.8 0.002814267045
98.85 98.8 98.9 0.003021204007
98.95 98.9 99 0.003891364111
99.05 99 99.1 0.005834301269
99.15 99.1 99.2 0.002246015087
99.25 99.2 99.3 0.001854438821
99.35 99.3 99.4 0.005910484623
99.45 99.4 99.5 0.002962140567
99.55 99.5 99.6 0.00312007065
99.65 99.6 99.7 0.003415878745
99.75 99.7 99.8 0.004847668088
99.85 99.8 99.9 0.004453970583
99.95 99.9 100 0.0007137180445
100.05 100 100.1 0.002436718365
100.15 100.1 100.2 0.005124813936
100.25 100.2 100.3 0.003975341828
100.35 100.3 100.4 0.003183804095
100.45 100.4 100.5 0.002613055188
100.55 100.5 100.6 0.004252996378
100.65 100.6 100.7 0.002205474158
100.75 100.7 100.8 0.002337188924
100.85 100.8 100.9 0.003597323123
100.95 100.9 101 0.005928430714
101.05 101 101.1 0.005033430212
101.15 101.1 101.2 0.001652210663
101.25 101.2 101.3 0.004225617976
101.35 101.3 101.4 0.003883278397
101.45 101.4 101.5 0.003868937439
101.55 101.5 101.6 0.00418634509
101.65 101.6 101.7 0.001814973879
101.75 101.7 101.8 -0.001214448717
101.85 101.8 101.9 0.005767758723
101.95 101.9 102 0.003289956999
102.05 102 102.1 0.002865234
102.15 102.1 102.2 0.004782148484
102.25 102.2 102.3 0.002976018037
102.35 102.3 102.4 0.003471633361
102.45 102.4 102.5 0.003981649771
102.55 102.5 102.6 0.003022770558
102.65 102.6 102.7 0.00145177133
102.75 102.7 102.8 0.00427875513
102.85 102.8 102.9 0.003380413156
102.95 102.9 103 0.002309822058
103.05 103 103.1 0.002072291515
103.15 103.1 103.2 0.003873455523
103.25 103.2 103.3 0.002839331047
103.35 103.3 103.4 0.002677400916
103.45 103.4 103.5 0.002637549746
103.55 103.5 103.6 -0.0004593124857
103.65 103.6 103.7 0.00443277925
103.75 103.7 103.8 0.004887603986
103.85 103.8 103.9 0.002387058758
103.95 103.9 104 0.003616563005
104.05 104 104.1 0.0003033313759
104.15 104.1 104.2 0.003962500523
104.25 104.2 104.3 0.003837256131
104.35 104.3 104.4 0.002157703793
104.45 104.4 104.5 0.002952020774
104.55 104.5 104.6 0.003514616957
104.65 104.6 104.7 0.003612213477
104.75 104.7 104.8 0.003457301363
104.85 104.8 104.9 0.004416550544
104.95 104.9 105 0.0008257052149
105.05 105 105.1 0.003970800653
105.15 105.1 105.2 0.003984445193
105.25 105.2 105.3 0.001885815177
105.35 105.3 105.4 0.001789191329
105.45 105.4 105.5 0.003441820689
105.55 105.5 105.6 0.0006795203088
105.65 105.6 105.7 0.003235790484
105.75 105.7 105.8 0.002986497938
105.85 105.8 105.9 0.004417189052
105.95 105.9 106 0.003801856581
106.05 106 106.1 0.004515967243
106.15 106.1 106.2 0.0001914376328
106.25 106.2 106.3 0.003430988232
106.35 106.3 106.4 0.006343839289
106.45 106.4 106.5 0.003979587566
106.55 106.5 106.6 0.005067964031
106.65 106.6 106.7 0.003481734518
106.75 106.7 106.8 0.001058206514
106.85 106.8 106.9 0.00458496001
106.95 106.9 107 0.003157107116
107.05 107 107.1 0.005055953959
107.15 107.1 107.2 0.003920536791
107.25 107.2 107.3 0.003095944573
107.35 107.3 107.4 0.002133340076
107.45 107.4 107.5 0.004545421949
107.55 107.5 107.6 0.00586319013
107.65 107.6 107.7 0.004743700719
107.75 107.7 107.8 0.003899937085
107.85 107.8 107.9 0.004480260991
107.95 107.9 108 0.003724650145
108.05 108 108.1 0.002749695862
108.15 108.1 108.2 0.003485121162
108.25 108.2 108.3 0.002839297454
108.35 108.3 108.4 0.001528342472
108.45 108.4 108.5 0.002497060078
108.55 108.5 108.6 0.004234313025
108.65 108.6 108.7 0.002655159077
108.75 108.7 108.8 0.002045496566
108.85 108.8 108.9 0.003523055416
108.95 108.9 109 0.003203834127
109.05 109 109.1 0.002501416601
109.15 109.1 109.2 0.001919016764
109.25 109.2 109.3 0.002380280623
109.35 109.3 109.4 0.004610421216
109.45 109.4 109.5 0.002785283932
109.55 109.5 109.6 0.002131171693
109.65 109.6 109.7 0.003582736274
109.75 109.7 109.8 0.00236318326
109.85 109.8 109.9 0.003912858806
109.95 109.9 110 0.002373820288
110.05 110 110.1 0.002726344869
110.15 110.1 110.2 0.001923169508
110.25 110.2 110.3 0.001565128667
110.35 110.3 110.4 0.001269907519
110.45 110.4 110.5 0.002749921975
110.55 110.5 110.6 0.003705450088
110.65 110.6 110.7 0.000799127954
110.75 110.7 110.8 0.002114737928
110.85 110.8 110.9 0.001467276924
110.95 110.9 111 0.001255499926
111.05 111 111.1 0.002677682114
111.15 111.1 111.2 0.001270936897
111.25 111.2 111.3 0.003035929411
111.35 111.3 111.4 0.001552526613
111.45 111.4 111.5 0.0007081380774
111.55 111.5 111.6 0.002672970596
111.65 111.6 111.7 0.0022196163
111.75 111.7 111.8 0.002578806125
111.85 111.8 111.9 0.001381120329
111.95 111.9 112 0.001684518482
112.05 112 112.1 0.001815894359
112.15 112.1 112.2 -0.00086209536
112.25 112.2 112.3 0.001875547697
112.35 112.3 112.4 0.001865899916
112.45 112.4 112.5 0.003304734133
112.55 112.5 112.6 0.002220254794
112.65 112.6 112.7 0.0005757462999
112.75 112.7 112.8 0.002122270676
112.85 112.8 112.9 0.001687426489
112.95 112.9 113 0.003071085224
113.05 113 113.1 -0.0004694598179
113.15 113.1 113.2 0.002999513125
113.25 113.2 113.3 -0.0002539724477
113.35 113.3 113.4 0.001392924679
113.45 113.4 113.5 0.002949764569
113.55 113.5 113.6 0.002850701237
113.65 113.6 113.7 0.002194736719
113.75 113.7 113.8 0.001259764482
113.85 113.8 113.9 0.003487850648
113.95 113.9 114 -3.895029069e-05
114.05 114 114.1 0.002011081616
114.15 114.1 114.2 0.0008969519981
114.25 114.2 114.3 0.001997263746
114.35 114.3 114.4 0.001287905929
114.45 114.4 114.5 0.004300533126
114.55 114.5 114.6 0.002163298056
114.65 114.6 114.7 0.004894101344
114.75 114.7 114.8 0.003548092756
114.85 114.8 114.9 0.002294491233
114.95 114.9 115 0.001783480337
115.05 115 115.1 0.003403264784
115.15 115.1 115.2 0.00111003944
115.25 115.2 115.3 0.001601545916
115.35 115.3 115.4 0.001062820251
115.45 115.4 115.5 0.002189573264
115.55 115.5 115.6 0.00168356659
115.65 115.6 115.7 0.00154195822
115.75 115.7 115.8 0.002428248065
115.85 115.8 115.9 0.002913413206
115.95 115.9 116 0.0002521008553
116.05 116 116.1 0.001205881766
116.15 116.1 116.2 0.0008864639561
116.25 116.2 116.3 -0.0002837379588
116.35 116.3 116.4 0.001489024164
116.45 116.4 116.5 0.0008941503255
116.55 116.5 116.6 0.0001454681558
116.65 116.6 116.7 0.002789686853
116.75 116.7 116.8 0.001425744913
116.85 116.8 116.9 0.002060454408
116.95 116.9 117 -0.0006639767379
117.05 117 117.1 0.002149055192
117.15 117.1 117.2 0.0005837988825
117.25 117.2 117.3 0.001747730242
117.35 117.3 117.4 0.00126634683
117.45 117.4 117.5 -0.0006356068564
117.55 117.5 117.6 0.001998163211
117.65 117.6 117.7 0.00362434537
117.75 117.7 117.8 0.0008310850892
117.85 117.8 117.9 0.001991934863
117.95 117.9 118 0.001318504358
118.05 118 118.1 0.0004505475529
118.15 118.1 118.2 -0.0006323520071
118.25 118.2 118.3 0.00302033302
118.35 118.3 118.4 0.001379223174
118.45 118.4 118.5 0.001192462415
118.55 118.5 118.6 0.001223241184
118.65 118.6 118.7 0.001650684798
118.75 118.7 118.8 0.001504743241
118.85 118.8 118.9 0.001456873706
118.95 118.9 119 6.833050264e-05
119.05 119 119.1 0.001420909434
119.15 119.1 119.2 -0.001211852023
119.25 119.2 119.3 0.001200721819
119.35 119.3 119.4 0.0005055970961
119.45 119.4 119.5 0.001461261651
119.55 119.5 119.6 0.0009091687048
119.65 119.6 119.7 0.001087638491
119.75 119.7 119.8 0.002052334721
119.85 119.8 119.9 0.0006347295914
119.95 119.9 120 0.002595017621
120.05 120 120.1 0.0006649588198
120.15 120.1 120.2 -3.685259673e-05
120.25 120.2 120.3 -0.0004284350188
120.35 120.3 120.4 0.001571065478
120.45 120.4 120.5 0.0004612113348
120.55 120.5 120.6 0.002553812254
120.65 120.6 120.7 0.001332859494
120.75 120.7 120.8 0.001839015468
120.85 120.8 120.9 0.002106171843
120.95 120.9 121 -0.0008487978329
121.05 121 121.1 -0.001106191494
121.15 121.1 121.2 0.002498504002
121.25 121.2 121.3 0.001619445849
121.35 121.3 121.4 0.0001602398011
121.45 121.4 121.5 -0.0008529348159
121.55 121.5 121.6 -0.001734670815
121.65 121.6 121.7 0.0009997788476
121.75 121.7 121.8 0.0008097905677
121.85 121.8 121.9 0.001712322806
121.95 121.9 122 0.0006029533873
122.05 122 122.1 -0.0001228365434
122.15 122.1 122.2 0.0003889826577
122.25 122.2 122.3 0.0002444436078
122.35 122.3 122.4 -0.001599629073
122.45 122.4 122.5 -0.001256456322
122.55 122.5 122.6 0.001356270288
122.65 122.6 122.7 -0.001058908792
122.75 122.7 122.8 -0.0008694305111
122.85 122.8 122.9 -0.0005779873153
122.95 122.9 123 0.0001327077102
123.05 123 123.1 0.001425114919
123.15 123.1 123.2 0.001711353928
123.25 123.2 123.3 -9.754991369e-07
123.35 123.3 123.4 -0.0003827341125
123.45 123.4 123.5 0.0005001921177
123.55 123.5 123.6 0.001562768716
123.65 123.6 123.7 -0.001816943498
123.75 123.7 123.8 0.0005594412959
123.85 123.8 123.9 0.002508481832
123.95 123.9 124 -0.0009029408814
124.05 124 124.1 0.003030727654
124.15 124.1 124.2 -0.00232342687
124.25 124.2 124.3 -0.0004123827703
124.35 124.3 124.4 -5.835191301e-05
124.45 124.4 124.5 0.0008809745297
124.55 124.5 124.6 -0.001081694249
124.65 124.6 124.7 0.0006366382545
124.75 124.7 124.8 -0.0004775793172
124.85 124.8 124.9 2.751516603e-05
124.95 124.9 125 0.0006867519935
125.05 125 125.1 -0.001605506696
125.15 125.1 125.2 -0.0008075584868
125.25 125.2 125.3 -0.002446509596
125.35 125.3 125.4 -0.001249842699
125.45 125.4 125.5 -0.0006892862269
125.55 125.5 125.6 -0.000659503895
125.65 125.6 125.7 6.541472668e-05
125.75 125.7 125.8 -0.0008422989819
125.85 125.8 125.9 -4.539572027e-05
125.95 125.9 126 -0.001426717708
126.05 126 126.1 0.00088382055
126.15 126.1 126.2 -0.001574467564
126.25 126.2 126.3 0.0002832086069
126.35 126.3 126.4 -0.0003679935221
126.45 126.4 126.5 -0.0004000076116
126.55 126.5 126.6 -0.001349500794
126.65 126.6 126.7 0.0001643014134
126.75 126.7 126.8 -0.001055010503
126.85 126.8 126.9 -0.00134928069
126.95 126.9 127 0.0007043314749
127.05 127 127.1 -0.00208721629
127.15 127.1 127.2 -0.0006953755814
127.25 127.2 127.3 -0.001115256716
127.35 127.3 127.4 -0.001350059123
127.45 127.4 127.5 0.0011515112
127.55 127.5 127.6 0.0001076754132
127.65 127.6 127.7 0.0002353776096
127.75 127.7 127.8 0.001513261944
127.85 127.8 127.9 -0.001645070392
127.95 127.9 128 -0.0002957771242
128.05 128 128.1 -0.001024616458
128.15 128.1 128.2 0.001110810106
128.25 128.2 128.3 0.0007098905794
128.35 128.3 128.4 0.001177825954
128.45 128.4 128.5 -0.001788458086
128.55 128.5 128.6 -0.001544170225
128.65 128.6 128.7 -0.001765441479
128.75 128.7 128.8 0.0005646802303
128.85 128.8 128.9 -0.0006853759144
128.95 128.9 129 -0.0003056704571
129.05 129 129.1 -0.001173506762
129.15 129.1 129.2 -6.373434027e-05
129.25 129.2 129.3 -0.0006905519125
129.35 129.3 129.4 -3.776907636e-05
129.45 129.4 129.5 -0.0006226099034
129.55 129.5 129.6 -0.0004449990293
129.65 129.6 129.7 -0.0006422160575
129.75 129.7 129.8 -0.0008022602893
129.85 129.8 129.9 -0.0004816414481
129.95 129.9 130 -0.0007203910309
130.05 130 130.1 0.001858459674
130.15 130.1 130.2 0.0001991962856
130.25 130.2 130.3 0.0001547460234
130.35 130.3 130.4 -0.001070681746
130.45 130.4 130.5 -0.001006508542
130.55 130.5 130.6 -3.458989449e-05
130.65 130.6 130.7 -0.0001803854528
130.75 130.7 130.8 0.0001688319395
130.85 130.8 130.9 -0.0003516655214
130.95 130.9 131 0.001979620853
131.05 131 131.1 -0.001094596297
131.15 131.1 131.2 0.000550172141
131.25 131.2 131.3 0.001280199216
131.35 131.3 131.4 3.414462637e-05
131.45 131.4 131.5 -0.002508015608
131.55 131.5 131.6 0.0001403495601
131.65 131.6 131.7 -0.00231166127
131.75 131.7 131.8 0.0005353527476
131.85 131.8 131.9 -0.000569850029
131.95 131.9 132 0.001089210178
132.05 132 132.1 -0.001381540374
132.15 132.1 132.2 -0.000352269217
132.25 132.2 132.3 -0.002600311235
132.35 132.3 132.4 0.0007080143823
132.45 132.4 132.5 -0.00204475262
132.55 132.5 132.6 5.811742683e-05
132.65 132.6 132.7 0.0016369835
132.75 132.7 132.8 -3.753739156e-05
132.85 132.8 132.9 7.708338294e-06
132.95 132.9 133 -0.001466932066
133.05 133 133.1 -0.002181105117
133.15 133.1 133.2 -0.0001751658508
133.25 133.2 133.3 -9.739349039e-05
133.35 133.3 133.4 0.000212537441
133.45 133.4 133.5 -0.001599978007
133.55 133.5 133.6 -0.0004317168617
133.65 133.6 133.7 -0.001151797424
133.75 133.7 133.8 -0.000577614544
133.85 133.8 133.9 0.001250290659
133.95 133.9 134 -0.0002664938249
134.05 134 134.1 -0.0004199032834
134.15 134.1 134.2 -0.001591704974
134.25 134.2 134.3 -2.17201428e-05
134.35 134.3 134.4 0.0012769084
134.45 134.4 134.5 0.0009802948037
134.55 134.5 134.6 0.0006585597041
134.65 134.6 134.7 5.191662289e-05
134.75 134.7 134.8 -0.0003761227438
134.85 134.8 134.9 0.000670658819
134.95 134.9 135 0.0003685969936
135.05 135 135.1 -0.002487296836
135.15 135.1 135.2 0.0004208130819
135.25 135.2 135.3 -0.001300105188
135.35 135.3 135.4 -0.001048289072
135.45 135.4 135.5 -0.001460813435
135.55 135.5 135.6 0.001790227492
135.65 135.6 135.7 -0.0006579928713
135.75 135.7 135.8 0.0004112312835
135.85 135.8 135.9 0.0001392239458
135.95 135.9 136 -0.0004873957271
136.05 136 136.1 -0.002152950788
136.15 136.1 136.2 -0.0008434100581
136.25 136.2 136.3 -0.001470216144
136.35 136.3 136.4 -0.0005418963676
136.45 136.4 136.5 0.001563525734
136.55 136.5 136.6 -0.001015372915
136.65 136.6 136.7 0.000366296763
136.75 136.7 136.8 -0.00144265145
136.85 136.8 136.9 -0.0008549656037
136.95 136.9 137 0.0005077046196
137.05 137 137.1 0.001431791938
137.15 137.1 137.2 -0.001701712762
137.25 137.2 137.3 -0.001294602268
137.35 137.3 137.4 0.00014535865
137.45 137.4 137.5 -0.001341865981
137.55 137.5 137.6 -0.001383439167
137.65 137.6 137.7 0.00049873624
137.75 137.7 137.8 0.000475437466
137.85 137.8 137.9 -0.001083752281
137.95 137.9 138 0.001053676849
138.05 138 138.1 -0.00192231835
138.15 138.1 138.2 -0.000761011385
138.25 138.2 138.3 -0.002059292254
138.35 138.3 138.4 -0.001748702778
138.45 138.4 138.5 -0.001838622183
138.55 138.5 138.6 -0.001202342097
138.65 138.6 138.7 -0.0008305053456
138.75 138.7 138.8 -0.001475755515
138.85 138.8 138.9 -0.0009471182277
138.95 138.9 139 -0.0006601219555
139.05 139 139.1 0.0001206952728
139.15 139.1 139.2 0.0006865759582
139.25 139.2 139.3 -0.001594408045
139.35 139.3 139.4 -0.0003511630118
139.45 139.4 139.5 -0.001367063919
139.55 139.5 139.6 0.0006709588532
139.65 139.6 139.7 -0.0003140844983
139.75 139.7 139.8 0.001560184622
139.85 139.8 139.9 2.150433944e-05
139.95 139.9 140 -0.00125522707
140.05 140 140.1 -0.0009050861971
140.15 140.1 140.2 -0.002216194462
140.25 140.2 140.3 0.000335989894
140.35 140.3 140.4 0.0006509752267
140.45 140.4 140.5 0.0003997846738
140.55 140.5 140.6 0.0008455243596
140.65 140.6 140.7 -0.0002573261356
140.75 140.7 140.8 -0.001516303062
140.85 140.8 140.9 -0.0009115353702
140.95 140.9 141 0.00107734332
141.05 141 141.1 0.00222115558
141.15 141.1 141.2 -0.001647964461
141.25 141.2 141.3 -0.000394831971
141.35 141.3 141.4 0.0008634244222
141.45 141.4 141.5 0.001614852951
141.55 141.5 141.6 0.0002419408054
141.65 141.6 141.7 0.0002235162527
141.75 141.7 141.8 -0.0004932602648
141.85 141.8 141.9 -0.001361564751
141.95 141.9 142 0.000255266029
142.05 142 142.1 0.0002744099574
142.15 142.1 142.2 -0.0007981369326
142.25 142.2 142.3 -0.0003020005219
142.35 142.3 142.4 -0.0004056116571
142.45 142.4 142.5 -0.001843772094
142.55 142.5 142.6 -0.001649248859
142.65 142.6 142.7 -0.0001780918028
142.75 142.7 142.8 -0.001278191296
142.85 142.8 142.9 -0.0004347084619
142.95 142.9 143 8.200578061e-05
143.05 143 143.1 -0.0007302955715
143.15 143.1 143.2 -0.0001236363099
143.25 143.2 143.3 0.0003081759765
143.35 143.3 143.4 -0.001303447428
143.45 143.4 143.5 0.000549718886
143.55 143.5 143.6 -0.0003538915276
143.65 143.6 143.7 -0.0007818742175
143.75 143.7 143.8 -0.0007651015126
143.85 143.8 143.9 0.0001025333899
143.95 143.9 144 -0.001731886687
144.05 144 144.1 -0.0007773136559
144.15 144.1 144.2 -0.0002386831308
144.25 144.2 144.3 1.250196328e-05
144.35 144.3 144.4 9.536934943e-05
144.45 144.4 144.5 -0.001527703543
144.55 144.5 144.6 0.0002926227884
144.65 144.6 144.7 0.0009335460053
144.75 144.7 144.8 -0.0005837505813
144.85 144.8 144.9 -0.0005909820863
144.95 144.9 145 -4.348993156e-05
145.05 145 145.1 -0.001595066549
145.15 145.1 145.2 -0.0007441717322
145.25 145.2 145.3 -0.00170604704
145.35 145.3 145.4 0.0009715996028
145.45 145.4 145.5 -0.0004665442003
145.55 145.5 145.6 -0.002643590208
145.65 145.6 145.7 -0.000669313149
145.75 145.7 145.8 -0.0002854556832
145.85 145.8 145.9 0.0004851374152
145.95 145.9 146 0.0004813997319
146.05 146 146.1 -0.0008125534359
146.15 146.1 146.2 -0.000204991781
146.25 146.2 146.3 -0.0008953513684
146.35 146.3 146.4 0.001941462709
146.45 146.4 146.5 0.0006660486529
146.55 146.5 146.6 0.001220825658
146.65 146.6 146.7 0.0003253152384
146.75 146.7 146.8 0.0005594609051
146.85 146.8 146.9 -0.000327508899
146.95 146.9 147 -0.001345996042
147.05 147 147.1 -0.0009654676466
147.15 147.1 147.2 -0.0004879987171
147.25 147.2 147.3 -0.0006037195328
147.35 147.3 147.4 0.0004756334285
147.45 147.4 147.5 -0.0006311231539
147.55 147.5 147.6 0.0007488020429
147.65 147.6 147.7 0.0005884326385
147.75 147.7 147.8 0.0002051910259
147.85 147.8 147.9 -0.000338604892
147.95 147.9 148 -0.0001543669434
148.05 148 148.1 -0.001171491753
148.15 148.1 148.2 -4.386842275e-05
148.25 148.2 148.3 -0.0007636573119
148.35 148.3 148.4 -0.0006324322299
148.45 148.4 148.5 0.0003118158802
148.55 148.5 148.6 -2.842768481e-05
148.65 148.6 148.7 -0.0004188512806
148.75 148.7 148.8 0.002243889533
148.85 148.8 148.9 0.0002074231259
148.95 148.9 149 -0.001776481099
149.05 149 149.1 0.001203388637
149.15 149.1 149.2 -0.000673649747
149.25 149.2 149.3 -0.001266026293
149.35 149.3 149.4 0.0001441937799
149.45 149.4 149.5 0.0016316011
149.55 149.5 149.6 -0.0008008055397
149.65 149.6 149.7 0.001512498764
149.75 149.7 149.8 2.418435752e-05
149.85 149.8 149.9 -0.0008521922782
149.95 149.9 150 -0.0003390159911
150.05 150 150.1 0.001806764983
150.15 150.1 150.2 -0.0005967630454
150.25 150.2 150.3 -0.001039484803
150.35 150.3 150.4 0.001059715244
150.45 150.4 150.5 8.599397805e-05
150.55 150.5 150.6 0.0005012035601
150.65 150.6 150.7 0.0008347725281
150.75 150.7 150.8 -0.001215550255
150.85 150.8 150.9 -0.001405718963
150.95 150.9 151 0.001345855842
151.05 151 151.1 -0.0001757588438
151.15 151.1 151.2 0.00139074584
151.25 151.2 151.3 -0.0004282172679
151.35 151.3 151.4 -0.0009434175613
151.45 151.4 151.5 -0.000197417299
151.55 151.5 151.6 0.0006755741927
151.65 151.6 151.7 -0.0004720973097
151.75 151.7 151.8 -0.0006844847568
151.85 151.8 151.9 0.0001081524197
151.95 151.9 152 -0.0002879856619
152.05 152 152.1 -0.00152801511
152.15 152.1 152.2 0.0001244747789
152.25 152.2 152.3 1.058990662e-05
152.35 152.3 152.4 2.554564932e-05
152.45 152.4 152.5 0.0005766688181
152.55 152.5 152.6 0.0009572809454
152.65 152.6 152.7 -0.0009163468806
152.75 152.7 152.8 -8.973948223e-05
152.85 152.8 152.9 0.0002953897668
152.95 152.9 153 -0.001002160858
153.05 153 153.1 -0.0003321782063
153.15 153.1 153.2 0.0007833380861
153.25 153.2 153.3 -0.0003356079184
153.35 153.3 153.4 0.001017347903
153.45 153.4 153.5 -0.0006453097537
153.55 153.5 153.6 0.001051108846
153.65 153.6 153.7 -0.0001013432563
153.75 153.7 153.8 0.0007429728781
153.85 153.8 153.9 -0.0005328504391
153.95 153.9 154 -0.0009361818742
154.05 154 154.1 -0.0009493867505
154.15 154.1 154.2 -7.160944923e-05
154.25 154.2 154.3 -0.001096379978
154.35 154.3 154.4 -0.000160460946
154.45 154.4 154.5 -0.0008687808703
154.55 154.5 154.6 -0.0003767011719
154.65 154.6 154.7 3.279099931e-05
154.75 154.7 154.8 7.50990769e-05
154.85 154.8 154.9 -0.0007403007418
154.95 154.9 155 -5.100943321e-06
155.05 155 155.1 -0.00095334514
155.15 155.1 155.2 -0.00105121912
155.25 155.2 155.3 -0.001145720679
155.35 155.3 155.4 -0.001219857161
155.45 155.4 155.5 0.000828252989
155.55 155.5 155.6 -0.001484451167
155.65 155.6 155.7 0.00028895599
155.75 155.7 155.8 -0.003014601255
155.85 155.8 155.9 -0.0005763035399
155.95 155.9 156 -0.0008652680766
156.05 156 156.1 0.0005368303227
156.15 156.1 156.2 -0.0007359402492
156.25 156.2 156.3 -0.000376233003
156.35 156.3 156.4 0.000263620597
156.45 156.4 156.5 -0.0009763785725
156.55 156.5 156.6 0.0008110559056
156.65 156.6 156.7 0.0005565633806
156.75 156.7 156.8 -0.0008378472093
156.85 156.8 156.9 -0.0001251931509
156.95 156.9 157 0.0002781003424
157.05 157 157.1 -0.000738865288
157.15 157.1 157.2 0.0004171329924
157.25 157.2 157.3 0.0003565811391
157.35 157.3 157.4 0.0001903173921
157.45 157.4 157.5 -0.000816381024
157.55 157.5 157.6 -0.0009945018774
157.65 157.6 157.7 0.0008759207682
157.75 157.7 157.8 0.0002287923629
157.85 157.8 157.9 0.000741929934
157.95 157.9 158 7.54811949e-05
158.05 158 158.1 -0.0003395551749
158.15 158.1 158.2 -0.001973093539
158.25 158.2 158.3 4.139332913e-06
158.35 158.3 158.4 -0.0009449920051
158.45 158.4 158.5 -0.00148283255
158.55 158.5 158.6 -0.0002011900126
158.65 158.6 158.7 0.0003328283947
158.75 158.7 158.8 -0.000445305092
158.85 158.8 158.9 -4.754550151e-05
158.95 158.9 159 8.20759512e-05
159.05 159 159.1 -0.0004981851665
159.15 159.1 159.2 -0.001403410066
159.25 159.2 159.3 0.0007279464959
159.35 159.3 159.4 0.0007678515203
159.45 159.4 159.5 0.0004545181743
159.55 159.5 159.6 4.896521916e-06
159.65 159.6 159.7 -0.003269674419
159.75 159.7 159.8 -5.369244369e-05
159.85 159.8 159.9 -0.00187678065
159.95 159.9 160 0.0003620102418
160.05 160 160.1 -0.0006048630576
160.15 160.1 160.2 -0.001002000252
160.25 160.2 160.3 0.0004320987621
160.35 160.3 160.4 6.62492967e-05
160.45 160.4 160.5 -0.002812322037
160.55 160.5 160.6 -0.001203907799
160.65 160.6 160.7 0.001294890841
160.75 160.7 160.8 -0.002151929593
160.85 160.8 160.9 -0.0002387739913
160.95 160.9 161 -0.0009688397169
161.05 161 161.1 0.0005011818646
161.15 161.1 161.2 -0.0003191075385
161.25 161.2 161.3 -0.0003322852029
161.35 161.3 161.4 -0.0009417181551
161.45 161.4 161.5 -0.0003768536628
161.55 161.5 161.6 0.0008042752089
161.65 161.6 161.7 0.001988542172
161.75 161.7 161.8 -0.001384494257
161.85 161.8 161.9 0.0007039004527
161.95 161.9 162 -0.002065299067
162.05 162 162.1 -0.0004726236785
162.15 162.1 162.2 -0.001656782757
162.25 162.2 162.3 -0.0007606452147
162.35 162.3 162.4 -0.001169312525
162.45 162.4 162.5 0.0001983682811
162.55 162.5 162.6 -0.0006356387495
162.65 162.6 162.7 0.001260444671
162.75 162.7 162.8 -7.099357459e-05
162.85 162.8 162.9 0.0002721685655
162.95 162.9 163 0.001039184453
163.05 163 163.1 -0.0002714687494
163.15 163.1 163.2 -0.001378818254
163.25 163.2 163.3 0.0003321728066
163.35 163.3 163.4 0.001474873355
163.45 163.4 163.5 -7.293006429e-05
163.55 163.5 163.6 -0.0004253177802
163.65 163.6 163.7 -0.0004700935525
163.75 163.7 163.8 0.0002595336535
163.85 163.8 163.9 -0.0007961857324
163.95 163.9 164 -0.001988593906
164.05 164 164.1 -0.0009385481246
164.15 164.1 164.2 0.0007206087753
164.25 164.2 164.3 0.0001321927387
164.35 164.3 164.4 0.001233826891
164.45 164.4 164.5 0.0004182765684
164.55 164.5 164.6 2.620474437e-05
164.65 164.6 164.7 -0.0004029455507
164.75 164.7 164.8 -0.000669661258
164.85 164.8 164.9 0.0007794856832
164.95 164.9 165 -0.0006807759123
165.05 165 165.1 0.0009072768839
165.15 165.1 165.2 -0.001133506633
165.25 165.2 165.3 -3.609143603e-05
165.35 165.3 165.4 0.0003870017919
165.45 165.4 165.5 0.001340125677
165.55 165.5 165.6 -0.001207952277
165.65 165.6 165.7 -6.470038691e-05
165.75 165.7 165.8 -0.0008514258823
165.85 165.8 165.9 0.0001260676307
165.95 165.9 166 0.0001637569824
166.05 166 166.1 0.001191405324
166.15 166.1 166.2 -0.0008168336877
166.25 166.2 166.3 -0.001203205051
166.35 166.3 166.4 -0.0001874128339
166.45 166.4 166.5 -0.002627322888
166.55 166.5 166.6 0.0003850398757
166.65 166.6 166.7 -0.0002961187872
166.75 166.7 166.8 0.00024338997
166.85 166.8 166.9 -0.0006131848104
166.95 166.9 167 0.0001011736077
167.05 167 167.1 -0.001521352165
167.15 167.1 167.2 0.0001473020188
167.25 167.2 167.3 -4.440618189e-05
167.35 167.3 167.4 -0.0008769161002
167.45 167.4 167.5 -0.0004229563531
167.55 167.5 167.6 0.0003636791102
167.65 167.6 167.7 -0.0004670395383
167.75 167.7 167.8 -0.001190531538
167.85 167.8 167.9 -0.000632268669
167.95 167.9 168 -0.0002622461213
168.05 168 168.1 -0.0008675834416
168.15 168.1 168.2 -0.0008901604004
168.25 168.2 168.3 0.0004191388567
168.35 168.3 168.4 -0.001248967451
168.45 168.4 168.5 0.0001151955335
168.55 168.5 168.6 -0.0007323618028
168.65 168.6 168.7 -0.001617768795
168.75 168.7 168.8 -0.0003832492532
168.85 168.8 168.9 -0.0002504929138
168.95 168.9 169 -0.000169825857
169.05 169 169.1 -0.0009579699233
169.15 169.1 169.2 -2.178122756e-05
169.25 169.2 169.3 -0.001433330495
169.35 169.3 169.4 -0.001306373392
169.45 169.4 169.5 -0.0002951213598
169.55 169.5 169.6 -0.001184233969
169.65 169.6 169.7 -0.0002054700675
169.75 169.7 169.8 0.0001512373706
169.85 169.8 169.9 0.001305298211
169.95 169.9 170 -0.0001494143117
170.05 170 170.1 0.0009127931964
170.15 170.1 170.2 -0.001538957084
170.25 170.2 170.3 -0.001414866395
170.35 170.3 170.4 0.0003526508638
170.45 170.4 170.5 -0.001406709371
170.55 170.5 170.6 -0.0009001152565
170.65 170.6 170.7 -0.001134813448
170.75 170.7 170.8 0.0007127860168
170.85 170.8 170.9 -0.002653676242
170.95 170.9 171 -0.00117339217
171.05 171 171.1 0.002036799503
171.15 171.1 171.2 -0.0007999662235
171.25 171.2 171.3 -0.000611805106
171.35 171.3 171.4 -0.001112130831
171.45 171.4 171.5 -0.001210778974
171.55 171.5 171.6 -0.0001581146218
171.65 171.6 171.7 -0.0007432419383
171.75 171.7 171.8 -0.001380064933
171.85 171.8 171.9 -0.001085190946
171.95 171.9 172 0.0005758179418
172.05 172 172.1 0.0001344444526
172.15 172.1 172.2 -0.001827297913
172.25 172.2 172.3 -0.001457621738
172.35 172.3 172.4 -0.001573285947
172.45 172.4 172.5 -0.0008514290881
172.55 172.5 172.6 -0.002217330552
172.65 172.6 172.7 -0.0007977512125
172.75 172.7 172.8 -0.001553538986
172.85 172.8 172.9 0.0001780225467
172.95 172.9 173 0.0009087314898
173.05 173 173.1 -0.0002798187672
173.15 173.1 173.2 -0.0005436437859
173.25 173.2 173.3 -0.0004019690041
173.35 173.3 173.4 -6.867834919e-05
173.45 173.4 173.5 -0.001190923459
173.55 173.5 173.6 -0.001506660442
173.65 173.6 173.7 -0.00214732531
173.75 173.7 173.8 -0.001225597146
173.85 173.8 173.9 -0.001229893371
173.95 173.9 174 -0.0009145846629
174.05 174 174.1 -0.0007107992102
174.15 174.1 174.2 -0.0006776565764
174.25 174.2 174.3 -0.0005861702606
174.35 174.3 174.4 -0.001381868296
174.45 174.4 174.5 -0.002148558482
174.55 174.5 174.6 -0.000836004523
174.65 174.6 174.7 -0.002046726281
174.75 174.7 174.8 -0.0002294943488
174.85 174.8 174.9 -0.0008960783023
174.95 174.9 175 -0.001207380521
175.05 175 175.1 -0.001682873501
175.15 175.1 175.2 -0.002406579569
175.25 175.2 175.3 -0.0003067440602
175.35 175.3 175.4 -0.000887356274
175.45 175.4 175.5 -0.001467805183
175.55 175.5 175.6 -9.362804391e-05
175.65 175.6 175.7 -0.001179245696
175.75 175.7 175.8 0.0003326969504
175.85 175.8 175.9 -0.0008791136615
175.95 175.9 176 -0.0003833688838
176.05 176 176.1 -0.0001259568234
176.15 176.1 176.2 -0.001191182593
176.25 176.2 176.3 -0.0004117784177
176.35 176.3 176.4 -0.00250359044
176.45 176.4 176.5 -0.0007712032248
176.55 176.5 176.6 0.0002348033989
176.65 176.6 176.7 -0.0007246308788
176.75 176.7 176.8 -0.001208696128
176.85 176.8 176.9 -0.001383899115
176.95 176.9 177 -0.0001229897727
177.05 177 177.1 -0.001274055222
177.15 177.1 177.2 -0.001054297244
177.25 177.2 177.3 -0.0004266960212
177.35 177.3 177.4 -0.001207489389
177.45 177.4 177.5 -0.001405990701
177.55 177.5 177.6 -0.0009890728595
177.65 177.6 177.7 -0.001382759218
177.75 177.7 177.8 -0.001028832147
177.85 177.8 177.9 0.001065294098
177.95 177.9 178 -0.0002469562188
178.05 178 178.1 -9.794957387e-06
178.15 178.1 178.2 -0.002162820974
178.25 178.2 178.3 -0.0007750993373
178.35 178.3 178.4 -0.001814465353
178.45 178.4 178.5 -0.0008768804511
178.55 178.5 178.6 -0.0008277369968
178.65 178.6 178.7 0.0002556991416
178.75 178.7 178.8 -0.0006542812892
178.85 178.8 178.9 -0.0003651409413
178.95 178.9 179 0.0005055757527
179.05 179 179.1 -0.001104578211
179.15 179.1 179.2 -0.0006915116153
179.25 179.2 179.3 -0.0009278826137
179.35 179.3 179.4 -0.0008412622996
179.45 179.4 179.5 -0.001602412166
179.55 179.5 179.6 0.0002042302804
179.65 179.6 179.7 -0.000158065596
179.75 179.7 179.8 -0.0008608601577
179.85 179.8 179.9 -0.0006215386853
179.95 179.9 180 0.000145693609
180.05 180 180.1 -0.001837612748
180.15 180.1 180.2 -0.001959118337
180.25 180.2 180.3 -0.0004802669877
180.35 180.3 180.4 -0.001068350225
180.45 180.4 180.5 0.000110760761
180.55 180.5 180.6 -0.0003989370043
180.65 180.6 180.7 -0.001050832314
180.75 180.7 180.8 -0.002315259267
180.85 180.8 180.9 -0.001173822171
180.95 180.9 181 -0.0006331693041
181.05 181 181.1 -0.001325638408
181.15 181.1 181.2 -0.0007580234635
181.25 181.2 181.3 -0.001695024104
181.35 181.3 181.4 0.0002681514683
181.45 181.4 181.5 -0.001488117025
181.55 181.5 181.6 -0.002037014119
181.65 181.6 181.7 -0.0008190342918
181.75 181.7 181.8 8.937739381e-05
181.85 181.8 181.9 -0.0005922582726
181.95 181.9 182 -0.000644119227
182.05 182 182.1 -0.0004990735945
182.15 182.1 182.2 -0.002135255524
182.25 182.2 182.3 -0.001437738638
182.35 182.3 182.4 -0.000231447136
182.45 182.4 182.5 -0.0007472113903
182.55 182.5 182.6 -0.0006631860152
182.65 182.6 182.7 -0.0005323521585
182.75 182.7 182.8 -0.00192942998
182.85 182.8 182.9 -0.001923891268
182.95 182.9 183 -0.001077185852
183.05 183 183.1 0.0002087431334
183.15 183.1 183.2 0.001744658561
183.25 183.2 183.3 -0.001724031605
183.35 183.3 183.4 -0.0005518200453
183.45 183.4 183.5 -0.0004484080748
183.55 183.5 183.6 0.0004461846978
183.65 183.6 183.7 0.0002868717134
183.75 183.7 183.8 0.0005595063194
183.85 183.8 183.9 -0.0004386361678
183.95 183.9 184 9.36563532e-05
184.05 184 184.1 0.0003007234821
184.15 184.1 184.2 -0.0005607230759
184.25 184.2 184.3 -0.0002729133222
184.35 184.3 184.4 -0.0002815965825
184.45 184.4 184.5 -0.0007432383986
184.55 184.5 184.6 -0.002067084444
184.65 184.6 184.7 -0.002183419442
184.75 184.7 184.8 -0.000743368756
184.85 184.8 184.9 -0.0008260128401
184.95 184.9 185 -0.0008101660244
185.05 185 185.1 -0.000167085177
185.15 185.1 185.2 0.0001448915202
185.25 185.2 185.3 -0.0008772988027
185.35 185.3 185.4 0.001067713878
185.45 185.4 185.5 -0.0006290800346
185.55 185.5 185.6 -0.0004370321302
185.65 185.6 185.7 1.860393136e-05
185.75 185.7 185.8 -0.0005101012923
185.85 185.8 185.9 -0.0006290995147
185.95 185.9 186 -0.0003675905289
186.05 186 186.1 -0.001364352972
186.15 186.1 186.2 -0.0007174829381
186.25 186.2 186.3 0.0002391942663
186.35 186.3 186.4 -0.0004626684071
186.45 186.4 186.5 -0.0008902006076
186.55 186.5 186.6 0.000643040596
186.65 186.6 186.7 6.501062102e-05
186.75 186.7 186.8 -0.000557407988
186.85 186.8 186.9 -0.0001379192631
186.95 186.9 187 -0.0008101243874
187.05 187 187.1 -0.0003256280664
187.15 187.1 187.2 -0.00122303543
187.25 187.2 187.3 -0.00109493538
187.35 187.3 187.4 -0.000462034023
187.45 187.4 187.5 -1.785584384e-06
187.55 187.5 187.6 -0.0009768605666
187.65 187.6 187.7 -0.001049315321
187.75 187.7 187.8 0.0002679909955
187.85 187.8 187.9 -0.001168250809
187.95 187.9 188 0.0002517672973
188.05 188 188.1 -0.001375905682
188.15 188.1 188.2 0.0001660933132
188.25 188.2 188.3 -0.0006259351183
188.35 188.3 188.4 -0.0009693966847
188.45 188.4 188.5 -0.001448475178
188.55 188.5 188.6 -0.00149110083
188.65 188.6 188.7 -0.0003051172693
188.75 188.7 188.8 -0.0004472282774
188.85 188.8 188.9 -0.0004046555618
188.95 188.9 189 0.0003992199275
189.05 189 189.1 -0.001191756921
189.15 189.1 189.2 -0.0004514312727
189.25 189.2 189.3 -0.001301604288
189.35 189.3 189.4 -0.000650504461
189.45 189.4 189.5 -0.00204156381
189.55 189.5 189.6 -0.0004647434025
189.65 189.6 189.7 -0.001311919199
189.75 189.7 189.8 -0.002333426979
189.85 189.8 189.9 -0.002175276738
189.95 189.9 190 -0.001185604929
190.05 190 190.1 -0.000348236734
190.15 190.1 190.2 -0.00299338564
190.25 190.2 190.3 -0.001702547509
190.35 190.3 190.4 -0.0001676619509
190.45 190.4 190.5 -0.0008286211645
190.55 190.5 190.6 -0.00105692218
190.65 190.6 190.7 -0.001589090943
190.75 190.7 190.8 -0.0004988493557
190.85 190.8 190.9 -0.0009544232925
190.95 190.9 191 9.811062834e-05
191.05 191 191.1 -0.0003606247368
191.15 191.1 191.2 -0.001671661391
191.25 191.2 191.3 5.390901807e-05
191.35 191.3 191.4 -0.000351295185
191.45 191.4 191.5 -0.001806144509
191.55 191.5 191.6 -0.001507819627
191.65 191.6 191.7 -0.0002043744791
191.75 191.7 191.8 -0.0006661110737
191.85 191.8 191.9 -0.001917403612
191.95 191.9 192 -0.001756076271
192.05 192 192.1 -0.001348940249
192.15 192.1 192.2 -0.001130488531
192.25 192.2 192.3 -0.001668672832
192.35 192.3 192.4 -0.001576195852
192.45 192.4 192.5 0.0003460154259
192.55 192.5 192.6 -0.0006638281722
192.65 192.6 192.7 -0.0008589459353
192.75 192.7 192.8 -7.737597059e-05
192.85 192.8 192.9 0.000375165107
192.95 192.9 193 0.0003959169803
193.05 193 193.1 -0.001596958784
193.15 193.1 193.2 -0.000313199795
193.25 193.2 193.3 0.0001211912309
193.35 193.3 193.4 -0.0003557042697
193.45 193.4 193.5 0.001375353315
193.55 193.5 193.6 -0.001256835262
193.65 193.6 193.7 -0.0003079039336
193.75 193.7 193.8 -0.001338884267
193.85 193.8 193.9 -0.001294443602
193.95 193.9 194 -9.787313705e-05
194.05 194 194.1 -0.0009866182476
194.15 194.1 194.2 -0.002294773384
194.25 194.2 194.3 -0.0009820436042
194.35 194.3 194.4 0.0003066111409
194.45 194.4 194.5 -0.0006678613588
194.55 194.5 194.6 -0.001110678421
194.65 194.6 194.7 -0.001960638328
194.75 194.7 194.8 -0.0005270885712
194.85 194.8 194.9 -8.269431463e-05
194.95 194.9 195 -0.001135137794
195.05 195 195.1 0.0001332047317
195.15 195.1 195.2 -0.0002123110838
195.25 195.2 195.3 -0.0009901444368
195.35 195.3 195.4 -0.0007966039257
195.45 195.4 195.5 -0.001072952804
195.55 195.5 195.6 -0.001914547606
195.65 195.6 195.7 0.001266539437
195.75 195.7 195.8 0.0001126145585
195.85 195.8 195.9 -0.000611577896
195.95 195.9 196 -0.002553199523
196.05 196 196.1 -0.002195869653
196.15 196.1 196.2 -0.0004755540002
196.25 196.2 196.3 0.00025304841
196.35 196.3 196.4 -0.001208038891
196.45 196.4 196.5 -0.001153966182
196.55 196.5 196.6 -0.0009187617005
196.65 196.6 196.7 -0.0007741664499
196.75 196.7 196.8 8.278805529e-06
196.85 196.8 196.9 -0.001072416032
196.95 196.9 197 -0.002005591532
197.05 197 197.1 -0.001180067259
197.15 197.1 197.2 -0.0003241102127
197.25 197.2 197.3 -0.001789928686
197.35 197.3 197.4 -0.0004404889289
197.45 197.4 197.5 -0.0005920180815
197.55 197.5 197.6 -0.001443772924
197.65 197.6 197.7 -0.00152624526
197.75 197.7 197.8 0.0003712940572
197.85 197.8 197.9 -0.001427927731
197.95 197.9 198 -0.0005076855616
198.05 198 198.1 -0.003175278098
198.15 198.1 198.2 -0.0003944404249
198.25 198.2 198.3 -0.001275397602
198.35 198.3 198.4 -0.0003732499317
198.45 198.4 198.5 -0.003124450705
198.55 198.5 198.6 -0.0004506542927
198.65 198.6 198.7 -0.001681633676
198.75 198.7 198.8 -0.0006961492018
198.85 198.8 198.9 -0.0009528670911
198.95 198.9 199 -0.0001930743537
199.05 199 199.1 -0.0001357921469
199.15 199.1 199.2 -0.00177552507
199.25 199.2 199.3 -0.0004604827007
199.35 199.3 199.4 0.0001853705411
199.45 199.4 199.5 -0.001431138967
199.55 199.5 199.6 -0.001756232938
199.65 199.6 199.7 -0.001120637856
199.75 199.7 199.8 -0.0007612039586
199.85 199.8 199.9 -0.0005625184734
199.95 199.9 200 -0.0001285923566
