# Columns: s_cen(1) s_min(2) s_max(3) xi_iso(4)
0.05 0 0.1 67.0309503
0.15 0.1 0.2 15.29552444
0.25 0.2 0.3 12.99344521
0.35 0.3 0.4 16.71409839
0.45 0.4 0.5 19.56690017
0.55 0.5 0.6 22.51495579
0.65 0.6 0.7 23.24476977
0.75 0.7 0.8 21.28615557
0.85 0.8 0.9 21.16871477
0.95 0.9 1 21.05200289
1.05 1 1.1 20.22132529
1.15 1.1 1.2 19.60010648
1.25 1.2 1.3 18.69079897
1.35 1.3 1.4 17.4309583
1.45 1.4 1.5 17.64624737
1.55 1.5 1.6 16.04579662
1.65 1.6 1.7 15.16164319
1.75 1.7 1.8 14.11002356
1.85 1.8 1.9 13.34215877
1.95 1.9 2 12.20690668
2.05 2 2.1 11.45325381
2.15 2.1 2.2 11.1468346
2.25 2.2 2.3 10.56727338
2.35 2.3 2.4 9.894301546
2.45 2.4 2.5 9.309860777
2.55 2.5 2.6 8.54174606
2.65 2.6 2.7 8.014308815
2.75 2.7 2.8 7.673424444
2.85 2.8 2.9 7.362000318
2.95 2.9 3 7.021254661
3.05 3 3.1 6.404575555
3.15 3.1 3.2 6.568826971
3.25 3.2 3.3 6.277465428
3.35 3.3 3.4 5.763516469
3.45 3.4 3.5 5.505743873
3.55 3.5 3.6 5.442298019
3.65 3.6 3.7 5.174002191
3.75 3.7 3.8 4.929502035
3.85 3.8 3.9 4.789354895
3.95 3.9 4 4.612778077
4.05 4 4.1 4.517211846
4.15 4.1 4.2 4.300000431
4.25 4.2 4.3 4.183081358
4.35 4.3 4.4 4.091216307
4.45 4.4 4.5 3.947555295
4.55 4.5 4.6 3.811983883
4.65 4.6 4.7 3.671041205
4.75 4.7 4.8 3.601846623
4.85 4.8 4.9 3.466188064
4.95 4.9 5 3.468465568
5.05 5 5.1 3.346225368
5.15 5.1 5.2 3.214783592
5.25 5.2 5.3 3.186795517
5.35 5.3 5.4 3.009409026
5.45 5.4 5.5 2.919913482
5.55 5.5 5.6 2.937783851
5.65 5.6 5.7 2.810464011
5.75 5.7 5.8 2.793004729
5.85 5.8 5.9 2.580058738
5.95 5.9 6 2.55596467
6.05 6 6.1 2.547498752
6.15 6.1 6.2 2.463669574
6.25 6.2 6.3 2.399867861
6.35 6.3 6.4 2.372322938
6.45 6.4 6.5 2.269901431
6.55 6.5 6.6 2.251131332
6.65 6.6 6.7 2.180788935
6.75 6.7 6.8 2.129643853
6.85 6.8 6.9 2.073811963
6.95 6.9 7 2.014420392
7.05 7 7.1 1.964147117
7.15 7.1 7.2 1.92874728
7.25 7.2 7.3 1.878709097
7.35 7.3 7.4 1.805769189
7.45 7.4 7.5 1.834612164
7.55 7.5 7.6 1.799698359
7.65 7.6 7.7 1.735561971
7.75 7.7 7.8 1.679359815
7.85 7.8 7.9 1.657956904
7.95 7.9 8 1.620845347
8.05 8 8.1 1.595550096
8.15 8.1 8.2 1.579463665
8.25 8.2 8.3 1.519600445
8.35 8.3 8.4 1.500099876
8.45 8.4 8.5 1.44352048
8.55 8.5 8.6 1.450153109
8.65 8.6 8.7 1.419970231
8.75 8.7 8.8 1.405965175
8.85 8.8 8.9 1.365589307
8.95 8.9 9 1.357210135
9.05 9 9.1 1.312607142
9.15 9.1 9.2 1.307552725
9.25 9.2 9.3 1.290922973
9.35 9.3 9.4 1.237350461
9.45 9.4 9.5 1.227717779
9.55 9.5 9.6 1.184821704
9.65 9.6 9.7 1.208723948
9.75 9.7 9.8 1.144990044
9.85 9.8 9.9 1.095065401
9.95 9.9 10 1.1153373
10.05 10 10.1 1.091588347
10.15 10.1 10.2 1.036407558
10.25 10.2 10.3 1.016315938
10.35 10.3 10.4 0.9986932352
10.45 10.4 10.5 1.033299467
10.55 10.5 10.6 0.9842121735
10.65 10.6 10.7 0.9654866457
10.75 10.7 10.8 0.9565894016
10.85 10.8 10.9 0.9426546825
10.95 10.9 11 0.9392495491
11.05 11 11.1 0.9117387174
11.15 11.1 11.2 0.8939851596
11.25 11.2 11.3 0.903600687
11.35 11.3 11.4 0.8566349401
11.45 11.4 11.5 0.864238924
11.55 11.5 11.6 0.8509569325
11.65 11.6 11.7 0.850076435
11.75 11.7 11.8 0.8199246873
11.85 11.8 11.9 0.8075498737
11.95 11.9 12 0.7886297035
12.05 12 12.1 0.7898683346
12.15 12.1 12.2 0.7724937644
12.25 12.2 12.3 0.7565366165
12.35 12.3 12.4 0.7128752748
12.45 12.4 12.5 0.7673173575
12.55 12.5 12.6 0.7255298178
12.65 12.6 12.7 0.7110318678
12.75 12.7 12.8 0.700474888
12.85 12.8 12.9 0.6928887109
12.95 12.9 13 0.6822278507
13.05 13 13.1 0.6633967892
13.15 13.1 13.2 0.6484343169
13.25 13.2 13.3 0.6459378744
13.35 13.3 13.4 0.6371702231
13.45 13.4 13.5 0.6418920391
13.55 13.5 13.6 0.6322937573
13.65 13.6 13.7 0.6201085872
13.75 13.7 13.8 0.6049192316
13.85 13.8 13.9 0.6019184769
13.95 13.9 14 0.5898353125
14.05 14 14.1 0.5763146936
14.15 14.1 14.2 0.565779496
14.25 14.2 14.3 0.5668889126
14.35 14.3 14.4 0.5615563332
14.45 14.4 14.5 0.5501809044
14.55 14.5 14.6 0.5648126666
14.65 14.6 14.7 0.527343469
14.75 14.7 14.8 0.5313009401
14.85 14.8 14.9 0.5113855402
14.95 14.9 15 0.5341966195
15.05 15 15.1 0.5076493644
15.15 15.1 15.2 0.528349971
15.25 15.2 15.3 0.4944607111
15.35 15.3 15.4 0.5012793289
15.45 15.4 15.5 0.4881397387
15.55 15.5 15.6 0.485875998
15.65 15.6 15.7 0.4885334642
15.75 15.7 15.8 0.4856632934
15.85 15.8 15.9 0.4833992048
15.95 15.9 16 0.4643198612
16.05 16 16.1 0.4578494316
16.15 16.1 16.2 0.4476273346
16.25 16.2 16.3 0.4544045697
16.35 16.3 16.4 0.4510513977
16.45 16.4 16.5 0.4314452597
16.55 16.5 16.6 0.4360015846
16.65 16.6 16.7 0.4316610211
16.75 16.7 16.8 0.424969914
16.85 16.8 16.9 0.3991898969
16.95 16.9 17 0.4042260268
17.05 17 17.1 0.4075833108
17.15 17.1 17.2 0.3940549426
17.25 17.2 17.3 0.4010458716
17.35 17.3 17.4 0.3939256942
17.45 17.4 17.5 0.3786036683
17.55 17.5 17.6 0.3779106428
17.65 17.6 17.7 0.3794975947
17.75 17.7 17.8 0.369130272
17.85 17.8 17.9 0.3621417381
17.95 17.9 18 0.3570294602
18.05 18 18.1 0.3712080602
18.15 18.1 18.2 0.3539975649
18.25 18.2 18.3 0.354089673
18.35 18.3 18.4 0.3487824998
18.45 18.4 18.5 0.3493861144
18.55 18.5 18.6 0.3514575371
18.65 18.6 18.7 0.3352680705
18.75 18.7 18.8 0.3283311216
18.85 18.8 18.9 0.3259379847
18.95 18.9 19 0.3168016001
19.05 19 19.1 0.3283540274
19.15 19.1 19.2 0.330360261
19.25 19.2 19.3 0.3183315306
19.35 19.3 19.4 0.3316588195
19.45 19.4 19.5 0.3104518405
19.55 19.5 19.6 0.3089925083
19.65 19.6 19.7 0.3062729537
19.75 19.7 19.8 0.3047630065
19.85 19.8 19.9 0.3005945129
19.95 19.9 20 0.305920452
20.05 20 20.1 0.2909713807
20.15 20.1 20.2 0.3050710044
20.25 20.2 20.3 0.2899031428
20.35 20.3 20.4 0.2828626044
20.45 20.4 20.5 0.285786561
20.55 20.5 20.6 0.2737577443
20.65 20.6 20.7 0.267883488
20.75 20.7 20.8 0.2724459363
20.85 20.8 20.9 0.2739073954
20.95 20.9 21 0.2871415764
21.05 21 21.1 0.2613143957
21.15 21.1 21.2 0.250846927
21.25 21.2 21.3 0.2689813742
21.35 21.3 21.4 0.2577640208
21.45 21.4 21.5 0.2520051175
21.55 21.5 21.6 0.264915145
21.65 21.6 21.7 0.255106656
21.75 21.7 21.8 0.2491132633
21.85 21.8 21.9 0.2477649937
21.95 21.9 22 0.2498447219
22.05 22 22.1 0.2399504597
22.15 22.1 22.2 0.2351301708
22.25 22.2 22.3 0.226353814
22.35 22.3 22.4 0.2360713568
22.45 22.4 22.5 0.2253594422
22.55 22.5 22.6 0.2212766292
22.65 22.6 22.7 0.2399036947
22.75 22.7 22.8 0.2310077758
22.85 22.8 22.9 0.2160509742
22.95 22.9 23 0.2254005741
23.05 23 23.1 0.2123193137
23.15 23.1 23.2 0.2166157838
23.25 23.2 23.3 0.2185804271
23.35 23.3 23.4 0.2123981773
23.45 23.4 23.5 0.2073890946
23.55 23.5 23.6 0.2024950507
23.65 23.6 23.7 0.1982715729
23.75 23.7 23.8 0.1919444871
23.85 23.8 23.9 0.2056285519
23.95 23.9 24 0.1901801325
24.05 24 24.1 0.196448845
24.15 24.1 24.2 0.2007436897
24.25 24.2 24.3 0.2052920869
24.35 24.3 24.4 0.1998238642
24.45 24.4 24.5 0.1878015949
24.55 24.5 24.6 0.1977931537
24.65 24.6 24.7 0.1901742125
24.75 24.7 24.8 0.1847193759
24.85 24.8 24.9 0.179726255
24.95 24.9 25 0.1860524019
25.05 25 25.1 0.1816463283
25.15 25.1 25.2 0.1945869322
25.25 25.2 25.3 0.1872983284
25.35 25.3 25.4 0.1680623937
25.45 25.4 25.5 0.1668298999
25.55 25.5 25.6 0.1716193594
25.65 25.6 25.7 0.1780192506
25.75 25.7 25.8 0.1727779628
25.85 25.8 25.9 0.1656001905
25.95 25.9 26 0.1563114216
26.05 26 26.1 0.1673925034
26.15 26.1 26.2 0.1662105556
26.25 26.2 26.3 0.1527767078
26.35 26.3 26.4 0.1660311578
26.45 26.4 26.5 0.1673786602
26.55 26.5 26.6 0.151586374
26.65 26.6 26.7 0.1579420375
26.75 26.7 26.8 0.1577397066
26.85 26.8 26.9 0.1534800582
26.95 26.9 27 0.1518401608
27.05 27 27.1 0.1546957615
27.15 27.1 27.2 0.1551759824
27.25 27.2 27.3 0.156864025
27.35 27.3 27.4 0.1484424047
27.45 27.4 27.5 0.1396012854
27.55 27.5 27.6 0.1459969361
27.65 27.6 27.7 0.1421299789
27.75 27.7 27.8 0.137994873
27.85 27.8 27.9 0.1416780952
27.95 27.9 28 0.1406418947
28.05 28 28.1 0.1391732764
28.15 28.1 28.2 0.1396825426
28.25 28.2 28.3 0.1283319326
28.35 28.3 28.4 0.134272035
28.45 28.4 28.5 0.139588702
28.55 28.5 28.6 0.1302482455
28.65 28.6 28.7 0.1358927715
28.75 28.7 28.8 0.1337077298
28.85 28.8 28.9 0.1336911423
28.95 28.9 29 0.1328506492
29.05 29 29.1 0.123205821
29.15 29.1 29.2 0.1183442441
29.25 29.2 29.3 0.1215080981
29.35 29.3 29.4 0.1278017769
29.45 29.4 29.5 0.1254004584
29.55 29.5 29.6 0.1208596132
29.65 29.6 29.7 0.1275664909
29.75 29.7 29.8 0.1278970456
29.85 29.8 29.9 0.1122362822
29.95 29.9 30 0.1203835174
30.05 30 30.1 0.1090993617
30.15 30.1 30.2 0.1133652047
30.25 30.2 30.3 0.1159655036
30.35 30.3 30.4 0.1187737715
30.45 30.4 30.5 0.1216354802
30.55 30.5 30.6 0.1147358163
30.65 30.6 30.7 0.1112823073
30.75 30.7 30.8 0.1017503501
30.85 30.8 30.9 0.1143941934
30.95 30.9 31 0.1168220098
31.05 31 31.1 0.1037550269
31.15 31.1 31.2 0.105856219
31.25 31.2 31.3 0.1119604686
31.35 31.3 31.4 0.1122096381
31.45 31.4 31.5 0.1085170626
31.55 31.5 31.6 0.1073802458
31.65 31.6 31.7 0.1080984378
31.75 31.7 31.8 0.1044788928
31.85 31.8 31.9 0.1038605256
31.95 31.9 32 0.09681399645
32.05 32 32.1 0.09503373553
32.15 32.1 32.2 0.09672657007
32.25 32.2 32.3 0.09624161439
32.35 32.3 32.4 0.0889936002
32.45 32.4 32.5 0.09618858467
32.55 32.5 32.6 0.09647665847
32.65 32.6 32.7 0.09240700034
32.75 32.7 32.8 0.09960181612
32.85 32.8 32.9 0.09348463923
32.95 32.9 33 0.0984264383
33.05 33 33.1 0.0975433175
33.15 33.1 33.2 0.09418912448
33.25 33.2 33.3 0.08978127356
33.35 33.3 33.4 0.09453355037
33.45 33.4 33.5 0.08577950334
33.55 33.5 33.6 0.08408370092
33.65 33.6 33.7 0.08712588405
33.75 33.7 33.8 0.08375568383
33.85 33.8 33.9 0.08698823525
33.95 33.9 34 0.0815578299
34.05 34 34.1 0.08046383579
34.15 34.1 34.2 0.08107321873
34.25 34.2 34.3 0.07953499732
34.35 34.3 34.4 0.08260207678
34.45 34.4 34.5 0.07578859352
34.55 34.5 34.6 0.07481762288
34.65 34.6 34.7 0.08066223624
34.75 34.7 34.8 0.08196586857
34.85 34.8 34.9 0.07398901621
34.95 34.9 35 0.08108433612
35.05 35 35.1 0.07428307901
35.15 35.1 35.2 0.08098087064
35.25 35.2 35.3 0.07096841142
35.35 35.3 35.4 0.07715854309
35.45 35.4 35.5 0.07811063065
35.55 35.5 35.6 0.07756316737
35.65 35.6 35.7 0.07104723837
35.75 35.7 35.8 0.0759918098
35.85 35.8 35.9 0.07186768738
35.95 35.9 36 0.07232065673
36.05 36 36.1 0.07811434371
36.15 36.1 36.2 0.07474341926
36.25 36.2 36.3 0.06654266835
36.35 36.3 36.4 0.06645807319
36.45 36.4 36.5 0.07368914036
36.55 36.5 36.6 0.0716923385
36.65 36.6 36.7 0.07310246969
36.75 36.7 36.8 0.0705746606
36.85 36.8 36.9 0.06969068521
36.95 36.9 37 0.071106771
37.05 37 37.1 0.07347594943
37.15 37.1 37.2 0.06992151586
37.25 37.2 37.3 0.07645288866
37.35 37.3 37.4 0.07121851354
37.45 37.4 37.5 0.07092581371
37.55 37.5 37.6 0.06086546844
37.65 37.6 37.7 0.06387757827
37.75 37.7 37.8 0.0703700796
37.85 37.8 37.9 0.06037400708
37.95 37.9 38 0.05704262311
38.05 38 38.1 0.06664416201
38.15 38.1 38.2 0.0646946571
38.25 38.2 38.3 0.0619357844
38.35 38.3 38.4 0.06203596825
38.45 38.4 38.5 0.06123436172
38.55 38.5 38.6 0.06523147929
38.65 38.6 38.7 0.06372024841
38.75 38.7 38.8 0.05606087839
38.85 38.8 38.9 0.05893857362
38.95 38.9 39 0.06370425258
39.05 39 39.1 0.05596156912
39.15 39.1 39.2 0.0596374248
39.25 39.2 39.3 0.05580660351
39.35 39.3 39.4 0.05536816156
39.45 39.4 39.5 0.05995525145
39.55 39.5 39.6 0.05664918161
39.65 39.6 39.7 0.05388166941
39.75 39.7 39.8 0.05380748129
39.85 39.8 39.9 0.04770663124
39.95 39.9 40 0.0614599605
40.05 40 40.1 0.0518222316
40.15 40.1 40.2 0.05255734899
40.25 40.2 40.3 0.05709190854
40.35 40.3 40.4 0.05020221444
40.45 40.4 40.5 0.05353130783
40.55 40.5 40.6 0.04826271508
40.65 40.6 40.7 0.05279330462
40.75 40.7 40.8 0.04655394326
40.85 40.8 40.9 0.04682821155
40.95 40.9 41 0.05063933646
41.05 41 41.1 0.04874249194
41.15 41.1 41.2 0.04913883043
41.25 41.2 41.3 0.05172508418
41.35 41.3 41.4 0.04838003315
41.45 41.4 41.5 0.05227320194
41.55 41.5 41.6 0.05053211153
41.65 41.6 41.7 0.05301017397
41.75 41.7 41.8 0.04577707633
41.85 41.8 41.9 0.04516457482
41.95 41.9 42 0.046976169
42.05 42 42.1 0.04393420923
42.15 42.1 42.2 0.04093704364
42.25 42.2 42.3 0.03871585159
42.35 42.3 42.4 0.04510937479
42.45 42.4 42.5 0.04877744399
42.55 42.5 42.6 0.05115462053
42.65 42.6 42.7 0.04498423871
42.75 42.7 42.8 0.04901152988
42.85 42.8 42.9 0.04848609527
42.95 42.9 43 0.0439675331
43.05 43 43.1 0.04623650622
43.15 43.1 43.2 0.04459754201
43.25 43.2 43.3 0.04454710826
43.35 43.3 43.4 0.03812454153
43.45 43.4 43.5 0.04652008163
43.55 43.5 43.6 0.04172184214
43.65 43.6 43.7 0.0379891361
43.75 43.7 43.8 0.03759917077
43.85 43.8 43.9 0.04134565161
43.95 43.9 44 0.0439996894
44.05 44 44.1 0.04291103624
44.15 44.1 44.2 0.04156511431
44.25 44.2 44.3 0.04150387955
44.35 44.3 44.4 0.04013775916
44.45 44.4 44.5 0.03845557597
44.55 44.5 44.6 0.03749252453
44.65 44.6 44.7 0.04141041902
44.75 44.7 44.8 0.04166086401
44.85 44.8 44.9 0.04194154648
44.95 44.9 45 0.04185127
45.05 45 45.1 0.03834835517
45.15 45.1 45.2 0.03509622128
45.25 45.2 45.3 0.04107978058
45.35 45.3 45.4 0.03907142182
45.45 45.4 45.5 0.04283068839
45.55 45.5 45.6 0.03993193257
45.65 45.6 45.7 0.03850556751
45.75 45.7 45.8 0.03530786834
45.85 45.8 45.9 0.0395455448
45.95 45.9 46 0.03326096587
46.05 46 46.1 0.03506519138
46.15 46.1 46.2 0.02878651849
46.25 46.2 46.3 0.03321256009
46.35 46.3 46.4 0.03219828781
46.45 46.4 46.5 0.03965248181
46.55 46.5 46.6 0.0363388332
46.65 46.6 46.7 0.03420390023
46.75 46.7 46.8 0.03977240872
46.85 46.8 46.9 0.03920406409
46.95 46.9 47 0.03781167304
47.05 47 47.1 0.0397678696
47.15 47.1 47.2 0.03116444701
47.25 47.2 47.3 0.03716157658
47.35 47.3 47.4 0.03465179716
47.45 47.4 47.5 0.03345945743
47.55 47.5 47.6 0.03552426502
47.65 47.6 47.7 0.039079388
47.75 47.7 47.8 0.03515839726
47.85 47.8 47.9 0.03016474656
47.95 47.9 48 0.03861435078
48.05 48 48.1 0.0344750025
48.15 48.1 48.2 0.03370324723
48.25 48.2 48.3 0.03493538378
48.35 48.3 48.4 0.03097037698
48.45 48.4 48.5 0.030536346
48.55 48.5 48.6 0.0323677272
48.65 48.6 48.7 0.03257293323
48.75 48.7 48.8 0.03624864168
48.85 48.8 48.9 0.02467308775
48.95 48.9 49 0.03420755684
49.05 49 49.1 0.03035281243
49.15 49.1 49.2 0.02549850562
49.25 49.2 49.3 0.02879095682
49.35 49.3 49.4 0.03070577792
49.45 49.4 49.5 0.03187724041
49.55 49.5 49.6 0.02618744993
49.65 49.6 49.7 0.03200215666
49.75 49.7 49.8 0.02913058436
49.85 49.8 49.9 0.03107109283
49.95 49.9 50 0.02688205341
50.05 50 50.1 0.02373499983
50.15 50.1 50.2 0.02816311497
50.25 50.2 50.3 0.02792071012
50.35 50.3 50.4 0.02796233031
50.45 50.4 50.5 0.02543160461
50.55 50.5 50.6 0.03287732655
50.65 50.6 50.7 0.03006491246
50.75 50.7 50.8 0.02777680524
50.85 50.8 50.9 0.03123159376
50.95 50.9 51 0.02387749046
51.05 51 51.1 0.02263606703
51.15 51.1 51.2 0.02330484235
51.25 51.2 51.3 0.02641054208
51.35 51.3 51.4 0.02834454411
51.45 51.4 51.5 0.02551888404
51.55 51.5 51.6 0.02770968281
51.65 51.6 51.7 0.02397759391
51.75 51.7 51.8 0.02516381093
51.85 51.8 51.9 0.02535765314
51.95 51.9 52 0.02514463596
52.05 52 52.1 0.02292507675
52.15 52.1 52.2 0.02524711018
52.25 52.2 52.3 0.02166443953
52.35 52.3 52.4 0.01917151141
52.45 52.4 52.5 0.02518819804
52.55 52.5 52.6 0.0266902781
52.65 52.6 52.7 0.02582745307
52.75 52.7 52.8 0.02548648068
52.85 52.8 52.9 0.0276885456
52.95 52.9 53 0.01683100471
53.05 53 53.1 0.0201239657
53.15 53.1 53.2 0.02532521157
53.25 53.2 53.3 0.02447818882
53.35 53.3 53.4 0.02186458355
53.45 53.4 53.5 0.02116670674
53.55 53.5 53.6 0.02073368738
53.65 53.6 53.7 0.02170883589
53.75 53.7 53.8 0.02219612086
53.85 53.8 53.9 0.02514471015
53.95 53.9 54 0.02054381615
54.05 54 54.1 0.02030697114
54.15 54.1 54.2 0.02150824067
54.25 54.2 54.3 0.02194033583
54.35 54.3 54.4 0.0219604289
54.45 54.4 54.5 0.02504286308
54.55 54.5 54.6 0.02288725528
54.65 54.6 54.7 0.02188376015
54.75 54.7 54.8 0.01884286158
54.85 54.8 54.9 0.02006572667
54.95 54.9 55 0.0188197246
55.05 55 55.1 0.02142597497
55.15 55.1 55.2 0.0254861317
55.25 55.2 55.3 0.02227480982
55.35 55.3 55.4 0.02051531957
55.45 55.4 55.5 0.02399915799
55.55 55.5 55.6 0.0199549499
55.65 55.6 55.7 0.01815483766
55.75 55.7 55.8 0.01863864856
55.85 55.8 55.9 0.01754055253
55.95 55.9 56 0.02204169868
56.05 56 56.1 0.02054008245
56.15 56.1 56.2 0.02107385403
56.25 56.2 56.3 0.01897658742
56.35 56.3 56.4 0.01423153994
56.45 56.4 56.5 0.02133413585
56.55 56.5 56.6 0.02253881703
56.65 56.6 56.7 0.0298732729
56.75 56.7 56.8 0.01835465528
56.85 56.8 56.9 0.01752517396
56.95 56.9 57 0.01873444931
57.05 57 57.1 0.0184794707
57.15 57.1 57.2 0.02127650677
57.25 57.2 57.3 0.0236847441
57.35 57.3 57.4 0.02344235085
57.45 57.4 57.5 0.01656109027
57.55 57.5 57.6 0.0230349768
57.65 57.6 57.7 0.0188661008
57.75 57.7 57.8 0.01949032701
57.85 57.8 57.9 0.01716613161
57.95 57.9 58 0.01953490928
58.05 58 58.1 0.01758100384
58.15 58.1 58.2 0.0154667237
58.25 58.2 58.3 0.01428158545
58.35 58.3 58.4 0.0186592101
58.45 58.4 58.5 0.01656291188
58.55 58.5 58.6 0.01592378789
58.65 58.6 58.7 0.01680128821
58.75 58.7 58.8 0.01550952593
58.85 58.8 58.9 0.01839338161
58.95 58.9 59 0.01749494731
59.05 59 59.1 0.01581586963
59.15 59.1 59.2 0.01828276791
59.25 59.2 59.3 0.01944562738
59.35 59.3 59.4 0.01563384116
59.45 59.4 59.5 0.01496192162
59.55 59.5 59.6 0.01474596777
59.65 59.6 59.7 0.01694876384
59.75 59.7 59.8 0.01638545755
59.85 59.8 59.9 0.01322044181
59.95 59.9 60 0.01452782834
60.05 60 60.1 0.01503648789
60.15 60.1 60.2 0.01487817537
60.25 60.2 60.3 0.01684860108
60.35 60.3 60.4 0.01773667942
60.45 60.4 60.5 0.0139955904
60.55 60.5 60.6 0.01413483658
60.65 60.6 60.7 0.01824725352
60.75 60.7 60.8 0.01559997645
60.85 60.8 60.9 0.01624209222
60.95 60.9 61 0.01601078383
61.05 61 61.1 0.01731221228
61.15 61.1 61.2 0.01567166909
61.25 61.2 61.3 0.01792349839
61.35 61.3 61.4 0.01472954922
61.45 61.4 61.5 0.0150650565
61.55 61.5 61.6 0.01338452888
61.65 61.6 61.7 0.0163523799
61.75 61.7 61.8 0.01351283567
61.85 61.8 61.9 0.01391603217
61.95 61.9 62 0.01342368391
62.05 62 62.1 0.01744057584
62.15 62.1 62.2 0.01803097557
62.25 62.2 62.3 0.01867734113
62.35 62.3 62.4 0.01232407652
62.45 62.4 62.5 0.01488804888
62.55 62.5 62.6 0.01144841354
62.65 62.6 62.7 0.01646924181
62.75 62.7 62.8 0.01253167224
62.85 62.8 62.9 0.01353876313
62.95 62.9 63 0.01086167647
63.05 63 63.1 0.01353605005
63.15 63.1 63.2 0.01270939451
63.25 63.2 63.3 0.01502196558
63.35 63.3 63.4 0.01211733639
63.45 63.4 63.5 0.01405732293
63.55 63.5 63.6 0.01513000756
63.65 63.6 63.7 0.01314742345
63.75 63.7 63.8 0.01548077685
63.85 63.8 63.9 0.01524940371
63.95 63.9 64 0.01220253471
64.05 64 64.1 0.01449447729
64.15 64.1 64.2 0.01302221028
64.25 64.2 64.3 0.01921951113
64.35 64.3 64.4 0.01389723425
64.45 64.4 64.5 0.01401600982
64.55 64.5 64.6 0.01054408738
64.65 64.6 64.7 0.01177640438
64.75 64.7 64.8 0.01618276927
64.85 64.8 64.9 0.01708560333
64.95 64.9 65 0.01726651882
65.05 65 65.1 0.0115146323
65.15 65.1 65.2 0.01310035229
65.25 65.2 65.3 0.009390336577
65.35 65.3 65.4 0.01244919306
65.45 65.4 65.5 0.01531429846
65.55 65.5 65.6 0.01398274362
65.65 65.6 65.7 0.01488708064
65.75 65.7 65.8 0.0133758035
65.85 65.8 65.9 0.01528289889
65.95 65.9 66 0.007416468991
66.05 66 66.1 0.01334163243
66.15 66.1 66.2 0.01360765355
66.25 66.2 66.3 0.01200279794
66.35 66.3 66.4 0.01421512236
66.45 66.4 66.5 0.01179368809
66.55 66.5 66.6 0.01076451511
66.65 66.6 66.7 0.01033394447
66.75 66.7 66.8 0.01345324591
66.85 66.8 66.9 0.01425182248
66.95 66.9 67 0.01312772313
67.05 67 67.1 0.01157527424
67.15 67.1 67.2 0.01228569853
67.25 67.2 67.3 0.01092630079
67.35 67.3 67.4 0.01268454999
67.45 67.4 67.5 0.009157171629
67.55 67.5 67.6 0.01424878798
67.65 67.6 67.7 0.01198502673
67.75 67.7 67.8 0.01488459853
67.85 67.8 67.9 0.01008228702
67.95 67.9 68 0.01309495457
68.05 68 68.1 0.009840726651
68.15 68.1 68.2 0.0133167507
68.25 68.2 68.3 0.008951873386
68.35 68.3 68.4 0.007386561567
68.45 68.4 68.5 0.01212657788
68.55 68.5 68.6 0.00901341604
68.65 68.6 68.7 0.01269227775
68.75 68.7 68.8 0.01107789504
68.85 68.8 68.9 0.01031965104
68.95 68.9 69 0.01153873098
69.05 69 69.1 0.0102803359
69.15 69.1 69.2 0.01234383133
69.25 69.2 69.3 0.01110915751
69.35 69.3 69.4 0.006824269488
69.45 69.4 69.5 0.01108072051
69.55 69.5 69.6 0.008865576583
69.65 69.6 69.7 0.01152574889
69.75 69.7 69.8 0.01254345938
69.85 69.8 69.9 0.009302926251
69.95 69.9 70 0.01076750382
70.05 70 70.1 0.01293385105
70.15 70.1 70.2 0.01101439071
70.25 70.2 70.3 0.0103924121
70.35 70.3 70.4 0.009238599319
70.45 70.4 70.5 0.01246084973
70.55 70.5 70.6 0.009510507639
70.65 70.6 70.7 0.01141568625
70.75 70.7 70.8 0.007511494741
70.85 70.8 70.9 0.01182477644
70.95 70.9 71 0.01338298064
71.05 71 71.1 0.01242850956
71.15 71.1 71.2 0.009678008244
71.25 71.2 71.3 0.01244009708
71.35 71.3 71.4 0.01348769728
71.45 71.4 71.5 0.01311975044
71.55 71.5 71.6 0.01200571759
71.65 71.6 71.7 0.01091258204
71.75 71.7 71.8 0.01199833436
71.85 71.8 71.9 0.0103833051
71.95 71.9 72 0.009035624698
72.05 72 72.1 0.01036611747
72.15 72.1 72.2 0.008164877228
72.25 72.2 72.3 0.01197913188
72.35 72.3 72.4 0.007923680066
72.45 72.4 72.5 0.01182185827
72.55 72.5 72.6 0.008843877454
72.65 72.6 72.7 0.01142737713
72.75 72.7 72.8 0.009754270148
72.85 72.8 72.9 0.008845186146
72.95 72.9 73 0.00915259561
73.05 73 73.1 0.01158241862
73.15 73.1 73.2 0.01539245205
73.25 73.2 73.3 0.01137590939
73.35 73.3 73.4 0.01004025347
73.45 73.4 73.5 0.01007044681
73.55 73.5 73.6 0.01025819083
73.65 73.6 73.7 0.00873926287
73.75 73.7 73.8 0.008107194607
73.85 73.8 73.9 0.01134112162
73.95 73.9 74 0.01002136291
74.05 74 74.1 0.009811973817
74.15 74.1 74.2 0.007584755658
74.25 74.2 74.3 0.01083262089
74.35 74.3 74.4 0.01259979099
74.45 74.4 74.5 0.008951573266
74.55 74.5 74.6 0.01317202462
74.65 74.6 74.7 0.009933726537
74.75 74.7 74.8 0.008772536014
74.85 74.8 74.9 0.006488330087
74.95 74.9 75 0.007958229497
75.05 75 75.1 0.007865516024
75.15 75.1 75.2 0.008900508573
75.25 75.2 75.3 0.0119651314
75.35 75.3 75.4 0.006660963014
75.45 75.4 75.5 0.007388086818
75.55 75.5 75.6 0.01073997992
75.65 75.6 75.7 0.008857064169
75.75 75.7 75.8 0.009768639125
75.85 75.8 75.9 0.01056156253
75.95 75.9 76 0.009564489745
76.05 76 76.1 0.008773964297
76.15 76.1 76.2 0.01072705707
76.25 76.2 76.3 0.00831098152
76.35 76.3 76.4 0.01196004853
76.45 76.4 76.5 0.009669318487
76.55 76.5 76.6 0.007782122109
76.65 76.6 76.7 0.01173395657
76.75 76.7 76.8 0.008732061337
76.85 76.8 76.9 0.01135211454
76.95 76.9 77 0.007169324373
77.05 77 77.1 0.008356253943
77.15 77.1 77.2 0.01130563343
77.25 77.2 77.3 0.01032484976
77.35 77.3 77.4 0.01021429464
77.45 77.4 77.5 0.009333712348
77.55 77.5 77.6 0.009026671937
77.65 77.6 77.7 0.00876564738
77.75 77.7 77.8 0.007134685836
77.85 77.8 77.9 0.009564462262
77.95 77.9 78 0.007132969865
78.05 78 78.1 0.006223921652
78.15 78.1 78.2 0.009614445305
78.25 78.2 78.3 0.01115486248
78.35 78.3 78.4 0.008195522443
78.45 78.4 78.5 0.009055227258
78.55 78.5 78.6 0.008368315107
78.65 78.6 78.7 0.009734861815
78.75 78.7 78.8 0.009461126293
78.85 78.8 78.9 0.01043194014
78.95 78.9 79 0.01093031531
79.05 79 79.1 0.01115152574
79.15 79.1 79.2 0.009748720253
79.25 79.2 79.3 0.01000088179
79.35 79.3 79.4 0.006749752272
79.45 79.4 79.5 0.005268378865
79.55 79.5 79.6 0.009258603118
79.65 79.6 79.7 0.006926768781
79.75 79.7 79.8 0.009185192154
79.85 79.8 79.9 0.0063725493
79.95 79.9 80 0.01308681759
80.05 80 80.1 0.009458827127
80.15 80.1 80.2 0.007703310696
80.25 80.2 80.3 0.007372742903
80.35 80.3 80.4 0.008138409937
80.45 80.4 80.5 0.008490960763
80.55 80.5 80.6 0.009638093267
80.65 80.6 80.7 0.004724719377
80.75 80.7 80.8 0.007460375887
80.85 80.8 80.9 0.003886144698
80.95 80.9 81 0.007930274258
81.05 81 81.1 0.009033674569
81.15 81.1 81.2 0.006192084361
81.25 81.2 81.3 0.008263774151
81.35 81.3 81.4 0.007971466179
81.45 81.4 81.5 0.009627175173
81.55 81.5 81.6 0.007771883708
81.65 81.6 81.7 0.005851503979
81.75 81.7 81.8 0.008405233316
81.85 81.8 81.9 0.004810904689
81.95 81.9 82 0.008385151491
82.05 82 82.1 0.006081278779
82.15 82.1 82.2 0.009367478567
82.25 82.2 82.3 0.007180801572
82.35 82.3 82.4 0.009810813341
82.45 82.4 82.5 0.008053042398
82.55 82.5 82.6 0.005921692069
82.65 82.6 82.7 0.007731241656
82.75 82.7 82.8 0.005863961358
82.85 82.8 82.9 0.006252330406
82.95 82.9 83 0.006727954202
83.05 83 83.1 0.01018526368
83.15 83.1 83.2 0.006329831055
83.25 83.2 83.3 0.007342371789
83.35 83.3 83.4 0.008354345163
83.45 83.4 83.5 0.00842449481
83.55 83.5 83.6 0.00558945707
83.65 83.6 83.7 0.00552592748
83.75 83.7 83.8 0.008933143625
83.85 83.8 83.9 0.007885375653
83.95 83.9 84 0.005902334133
84.05 84 84.1 0.01103482837
84.15 84.1 84.2 0.004886546076
84.25 84.2 84.3 0.008887303182
84.35 84.3 84.4 0.007656476081
84.45 84.4 84.5 0.007026797802
84.55 84.5 84.6 0.008865227381
84.65 84.6 84.7 0.008032499454
84.75 84.7 84.8 0.006323526847
84.85 84.8 84.9 0.00321401969
84.95 84.9 85 0.008586647371
85.05 85 85.1 0.00780416122
85.15 85.1 85.2 0.005536656536
85.25 85.2 85.3 0.008319157873
85.35 85.3 85.4 0.00878061393
85.45 85.4 85.5 0.008400916129
85.55 85.5 85.6 0.009813991299
85.65 85.6 85.7 0.004622979182
85.75 85.7 85.8 0.00579999497
85.85 85.8 85.9 0.006873224652
85.95 85.9 86 0.005753323666
86.05 86 86.1 0.005830248185
86.15 86.1 86.2 0.00773518262
86.25 86.2 86.3 0.008837292377
86.35 86.3 86.4 0.00707348761
86.45 86.4 86.5 0.005402015292
86.55 86.5 86.6 0.005995420379
86.65 86.6 86.7 0.007792432287
86.75 86.7 86.8 0.00622972209
86.85 86.8 86.9 0.003589811357
86.95 86.9 87 0.006093897504
87.05 87 87.1 0.003634407236
87.15 87.1 87.2 0.009807097393
87.25 87.2 87.3 0.007698081676
87.35 87.3 87.4 0.007505338377
87.45 87.4 87.5 0.003705950689
87.55 87.5 87.6 0.00442753671
87.65 87.6 87.7 0.007145564975
87.75 87.7 87.8 0.005493715747
87.85 87.8 87.9 0.00522505125
87.95 87.9 88 0.006905160284
88.05 88 88.1 0.007484171024
88.15 88.1 88.2 0.01092495717
88.25 88.2 88.3 0.005361768031
88.35 88.3 88.4 0.004835097611
88.45 88.4 88.5 0.006101643103
88.55 88.5 88.6 0.004310366779
88.65 88.6 88.7 0.003489411006
88.75 88.7 88.8 0.006433979921
88.85 88.8 88.9 0.007767380686
88.95 88.9 89 0.005272804789
89.05 89 89.1 0.006682165924
89.15 89.1 89.2 0.001923130411
89.25 89.2 89.3 0.004852829741
89.35 89.3 89.4 0.002987205532
89.45 89.4 89.5 0.007284410213
89.55 89.5 89.6 0.009544733517
89.65 89.6 89.7 0.008317181777
89.75 89.7 89.8 0.007223409774
89.85 89.8 89.9 0.005374846419
89.95 89.9 90 0.005051348605
90.05 90 90.1 0.005624035461
90.15 90.1 90.2 0.009632338028
90.25 90.2 90.3 0.005946412884
90.35 90.3 90.4 0.006991928519
90.45 90.4 90.5 0.006175861853
90.55 90.5 90.6 0.008077074859
90.65 90.6 90.7 0.008777389862
90.75 90.7 90.8 0.005480413941
90.85 90.8 90.9 0.006564833499
90.95 90.9 91 0.002502965074
91.05 91 91.1 0.005319998161
91.15 91.1 91.2 0.006333783446
91.25 91.2 91.3 0.006189905747
91.35 91.3 91.4 0.004422872415
91.45 91.4 91.5 0.007920690115
91.55 91.5 91.6 0.007182634799
91.65 91.6 91.7 0.006539773859
91.75 91.7 91.8 0.005592506882
91.85 91.8 91.9 0.007362776272
91.95 91.9 92 0.007144332605
92.05 92 92.1 0.01057679756
92.15 92.1 92.2 0.006057426408
92.25 92.2 92.3 0.007317165677
92.35 92.3 92.4 0.007565413407
92.45 92.4 92.5 0.008691290035
92.55 92.5 92.6 0.005134715052
92.65 92.6 92.7 0.006454045041
92.75 92.7 92.8 0.006016704235
92.85 92.8 92.9 0.006869321412
92.95 92.9 93 0.006299190355
93.05 93 93.1 0.00513316639
93.15 93.1 93.2 0.006364434605
93.25 93.2 93.3 0.003532810392
93.35 93.3 93.4 0.006767652814
93.45 93.4 93.5 0.008037249819
93.55 93.5 93.6 0.007259038995
93.65 93.6 93.7 0.00339075926
93.75 93.7 93.8 0.006629157347
93.85 93.8 93.9 0.006760807336
93.95 93.9 94 0.00935442378
94.05 94 94.1 0.006527482605
94.15 94.1 94.2 0.00490591264
94.25 94.2 94.3 0.007501079923
94.35 94.3 94.4 0.005524825864
94.45 94.4 94.5 0.005312181693
94.55 94.5 94.6 0.007158407271
94.65 94.6 94.7 0.007017503282
94.75 94.7 94.8 0.005687152917
94.85 94.8 94.9 0.004037681631
94.95 94.9 95 0.006111203643
95.05 95 95.1 0.00691581458
95.15 95.1 95.2 0.005972039694
95.25 95.2 95.3 0.004537185199
95.35 95.3 95.4 0.008278983809
95.45 95.4 95.5 0.007667432573
95.55 95.5 95.6 0.006379853207
95.65 95.6 95.7 0.006686005047
95.75 95.7 95.8 0.009492837423
95.85 95.8 95.9 0.005817999208
95.95 95.9 96 0.007039662976
96.05 96 96.1 0.008004532134
96.15 96.1 96.2 0.005092810576
96.25 96.2 96.3 0.005731359782
96.35 96.3 96.4 0.005868304037
96.45 96.4 96.5 0.005798320293
96.55 96.5 96.6 0.007451586676
96.65 96.6 96.7 0.006052396249
96.75 96.7 96.8 0.007040005694
96.85 96.8 96.9 0.005856912762
96.95 96.9 97 0.006641252099
97.05 97 97.1 0.005778246809
97.15 97.1 97.2 0.009118278453
97.25 97.2 97.3 0.004628973942
97.35 97.3 97.4 0.007725081187
97.45 97.4 97.5 0.004770967312
97.55 97.5 97.6 0.006221993368
97.65 97.6 97.7 0.007674362879
97.75 97.7 97.8 0.007414503105
97.85 97.8 97.9 0.006973775767
97.95 97.9 98 0.007859091513
98.05 98 98.1 0.007437785934
98.15 98.1 98.2 0.005707074095
98.25 98.2 98.3 0.00749567435
98.35 98.3 98.4 0.005602045776
98.45 98.4 98.5 0.006805634304
98.55 98.5 98.6 0.005130126827
98.65 98.6 98.7 0.007895820473
98.75 98.7 98.8 0.006279952473
98.85 98.8 98.9 0.006843524388
98.95 98.9 99 0.006460198612
99.05 99 99.1 0.005616276654
99.15 99.1 99.2 0.003472854895
99.25 99.2 99.3 0.006623528878
99.35 99.3 99.4 0.005879876906
99.45 99.4 99.5 0.007228768736
99.55 99.5 99.6 0.008261077556
99.65 99.6 99.7 0.007382126465
99.75 99.7 99.8 0.006370873363
99.85 99.8 99.9 0.008741771826
99.95 99.9 100 0.006704927414
100.05 100 100.1 0.004546492902
100.15 100.1 100.2 0.003432255948
100.25 100.2 100.3 0.007248411223
100.35 100.3 100.4 0.006870193536
100.45 100.4 100.5 0.003755858984
100.55 100.5 100.6 0.004675594387
100.65 100.6 100.7 0.007108860757
100.75 100.7 100.8 0.004602398018
100.85 100.8 100.9 0.004981489128
100.95 100.9 101 0.006383169993
101.05 101 101.1 0.004909088345
101.15 101.1 101.2 0.004689221693
101.25 101.2 101.3 0.004940888956
101.35 101.3 101.4 0.009075080027
101.45 101.4 101.5 0.008681203032
101.55 101.5 101.6 0.00557179497
101.65 101.6 101.7 0.007072843669
101.75 101.7 101.8 0.007227171844
101.85 101.8 101.9 0.006960154082
101.95 101.9 102 0.00675478101
102.05 102 102.1 0.005482755313
102.15 102.1 102.2 0.008304157713
102.25 102.2 102.3 0.006477737056
102.35 102.3 102.4 0.006594539983
102.45 102.4 102.5 0.00739037114
102.55 102.5 102.6 0.004987356919
102.65 102.6 102.7 0.006233856222
102.75 102.7 102.8 0.006975632269
102.85 102.8 102.9 0.005609807682
102.95 102.9 103 0.004984865864
103.05 103 103.1 0.004920993056
103.15 103.1 103.2 0.003753042767
103.25 103.2 103.3 0.00640360033
103.35 103.3 103.4 0.006125794007
103.45 103.4 103.5 0.003778778229
103.55 103.5 103.6 0.005137505317
103.65 103.6 103.7 0.007151870885
103.75 103.7 103.8 0.00385586443
103.85 103.8 103.9 0.005808391947
103.95 103.9 104 0.004696587714
104.05 104 104.1 0.004198202261
104.15 104.1 104.2 0.005148341175
104.25 104.2 104.3 0.006297988585
104.35 104.3 104.4 0.003618739547
104.45 104.4 104.5 0.005003331896
104.55 104.5 104.6 0.003015471685
104.65 104.6 104.7 0.007062272993
104.75 104.7 104.8 0.005435112298
104.85 104.8 104.9 0.008353729763
104.95 104.9 105 0.004903367912
105.05 105 105.1 0.002752044913
105.15 105.1 105.2 0.004713129506
105.25 105.2 105.3 0.005166125399
105.35 105.3 105.4 0.00468162063
105.45 105.4 105.5 0.007484613095
105.55 105.5 105.6 0.005336143751
105.65 105.6 105.7 0.003962011578
105.75 105.7 105.8 0.005536960255
105.85 105.8 105.9 0.004764571792
105.95 105.9 106 0.004434826675
106.05 106 106.1 0.005690506656
106.15 106.1 106.2 0.003402490628
106.25 106.2 106.3 0.005691807586
106.35 106.3 106.4 0.003021927573
106.45 106.4 106.5 0.003785890276
106.55 106.5 106.6 0.005349311902
106.65 106.6 106.7 0.003807019937
106.75 106.7 106.8 0.003489525893
106.85 106.8 106.9 0.004693583802
106.95 106.9 107 0.003575034105
107.05 107 107.1 0.005522839145
107.15 107.1 107.2 0.003059621056
107.25 107.2 107.3 0.005092459239
107.35 107.3 107.4 0.002860076591
107.45 107.4 107.5 0.004155773773
107.55 107.5 107.6 0.002613370639
107.65 107.6 107.7 0.003895768185
107.75 107.7 107.8 0.005574501358
107.85 107.8 107.9 0.005043673495
107.95 107.9 108 0.003836022965
108.05 108 108.1 0.002608204557
108.15 108.1 108.2 0.005893219312
108.25 108.2 108.3 0.003904441751
108.35 108.3 108.4 0.004418160799
108.45 108.4 108.5 0.00416258096
108.55 108.5 108.6 0.003860488803
108.65 108.6 108.7 0.005996488212
108.75 108.7 108.8 0.002965664915
108.85 108.8 108.9 0.002989549433
108.95 108.9 109 0.004208096826
109.05 109 109.1 0.003647417929
109.15 109.1 109.2 0.003293454572
109.25 109.2 109.3 0.003380233749
109.35 109.3 109.4 0.005546310574
109.45 109.4 109.5 0.003605822953
109.55 109.5 109.6 0.004160693737
109.65 109.6 109.7 0.005029066873
109.75 109.7 109.8 0.003410345076
109.85 109.8 109.9 0.001362900922
109.95 109.9 110 0.003936741449
110.05 110 110.1 0.004676731749
110.15 110.1 110.2 0.001083299541
110.25 110.2 110.3 0.003799107351
110.35 110.3 110.4 0.004071864646
110.45 110.4 110.5 0.001697701065
110.55 110.5 110.6 0.002485197414
110.65 110.6 110.7 0.003139263888
110.75 110.7 110.8 0.003739462536
110.85 110.8 110.9 0.002180275101
110.95 110.9 111 0.002377692001
111.05 111 111.1 0.00478575065
111.15 111.1 111.2 0.003313719049
111.25 111.2 111.3 0.004517486811
111.35 111.3 111.4 0.001633425158
111.45 111.4 111.5 0.003021124047
111.55 111.5 111.6 0.0038029545
111.65 111.6 111.7 0.005065339607
111.75 111.7 111.8 0.002049710411
111.85 111.8 111.9 0.004918008381
111.95 111.9 112 0.003601294574
112.05 112 112.1 0.002883217176
112.15 112.1 112.2 0.003655446472
112.25 112.2 112.3 0.001982738853
112.35 112.3 112.4 0.002284574853
112.45 112.4 112.5 0.002312308083
112.55 112.5 112.6 0.002834986383
112.65 112.6 112.7 0.005425247409
112.75 112.7 112.8 0.001926328953
112.85 112.8 112.9 0.002609887692
112.95 112.9 113 0.003818041092
113.05 113 113.1 0.003080472551
113.15 113.1 113.2 0.005017914501
113.25 113.2 113.3 0.0007073558305
113.35 113.3 113.4 0.000303759879
113.45 113.4 113.5 0.003216512322
113.55 113.5 113.6 0.003150602602
113.65 113.6 113.7 0.003086583494
113.75 113.7 113.8 0.002957120764
113.85 113.8 113.9 0.003826968939
113.95 113.9 114 0.001899225002
114.05 114 114.1 0.002691303251
114.15 114.1 114.2 0.003546602166
114.25 114.2 114.3 0.0008803228801
114.35 114.3 114.4 0.001351688066
114.45 114.4 114.5 0.0005915731775
114.55 114.5 114.6 0.003844804243
114.65 114.6 114.7 0.000737591075
114.75 114.7 114.8 0.002352706133
114.85 114.8 114.9 0.003911941146
114.95 114.9 115 0.0008739981065
115.05 115 115.1 0.0017078668
115.15 115.1 115.2 0.002439951141
115.25 115.2 115.3 0.002280326865
115.35 115.3 115.4 0.0002725917982
115.45 115.4 115.5 0.002024857999
115.55 115.5 115.6 0.00407811874
115.65 115.6 115.7 0.001401052631
115.75 115.7 115.8 0.001356554194
115.85 115.8 115.9 0.002189241266
115.95 115.9 116 0.0006700064587
116.05 116 116.1 0.004465904192
116.15 116.1 116.2 0.0007398916524
116.25 116.2 116.3 0.002922883781
116.35 116.3 116.4 0.003126286109
116.45 116.4 116.5 0.001326033161
116.55 116.5 116.6 0.002693504974
116.65 116.6 116.7 0.003113961703
116.75 116.7 116.8 0.00224297397
116.85 116.8 116.9 0.002348007742
116.95 116.9 117 -0.0007448667673
117.05 117 117.1 0.002585675064
117.15 117.1 117.2 0.001143363229
117.25 117.2 117.3 0.0004093992154
117.35 117.3 117.4 0.000149019894
117.45 117.4 117.5 0.00290134405
117.55 117.5 117.6 0.001449835537
117.65 117.6 117.7 0.0004188302351
117.75 117.7 117.8 0.002339880168
117.85 117.8 117.9 0.001402531919
117.95 117.9 118 0.003945998243
118.05 118 118.1 0.001355625049
118.15 118.1 118.2 0.002252439242
118.25 118.2 118.3 6.275154964e-05
118.35 118.3 118.4 -0.0004972043951
118.45 118.4 118.5 0.003291752675
118.55 118.5 118.6 -0.0004521893491
118.65 118.6 118.7 0.0009165554981
118.75 118.7 118.8 0.00332666707
118.85 118.8 118.9 0.001533820078
118.95 118.9 119 0.0002251141448
119.05 119 119.1 0.002181306722
119.15 119.1 119.2 0.001848266014
119.25 119.2 119.3 0.001784289076
119.35 119.3 119.4 0.002940087864
119.45 119.4 119.5 -0.0007348420082
119.55 119.5 119.6 0.001307974291
119.65 119.6 119.7 0.0008607570016
119.75 119.7 119.8 3.291793062e-05
119.85 119.8 119.9 0.004754270022
119.95 119.9 120 0.0007284959608
120.05 120 120.1 0.0005686825557
120.15 120.1 120.2 0.0005745837542
120.25 120.2 120.3 -0.0003798836368
120.35 120.3 120.4 0.001694633138
120.45 120.4 120.5 0.0007505051971
120.55 120.5 120.6 0.0007892877962
120.65 120.6 120.7 0.001716023075
120.75 120.7 120.8 0.001010741143
120.85 120.8 120.9 0.0009588269276
120.95 120.9 121 -0.0001933049117
121.05 121 121.1 -0.001002918025
121.15 121.1 121.2 0.001661602456
121.25 121.2 121.3 0.001425820614
121.35 121.3 121.4 -0.001793238555
121.45 121.4 121.5 0.002458400128
121.55 121.5 121.6 0.001021361416
121.65 121.6 121.7 -6.832886621e-05
121.75 121.7 121.8 -2.495467677e-05
121.85 121.8 121.9 -0.0005650141425
121.95 121.9 122 -0.0007469240436
122.05 122 122.1 -0.00163618998
122.15 122.1 122.2 0.0006467427229
122.25 122.2 122.3 -0.0002811854642
122.35 122.3 122.4 -0.0002571726919
122.45 122.4 122.5 0.00177910301
122.55 122.5 122.6 -0.001860661846
122.65 122.6 122.7 0.0009284814018
122.75 122.7 122.8 0.0002684705758
122.85 122.8 122.9 -0.0004675713689
122.95 122.9 123 -0.0009226664761
123.05 123 123.1 -0.001034349439
123.15 123.1 123.2 -0.00224221371
123.25 123.2 123.3 0.0005195645896
123.35 123.3 123.4 -0.0005684012874
123.45 123.4 123.5 0.0007483554594
123.55 123.5 123.6 -0.0008544921784
123.65 123.6 123.7 -0.0004124316129
123.75 123.7 123.8 4.436403591e-05
123.85 123.8 123.9 0.001503774864
123.95 123.9 124 -0.0004298022214
124.05 124 124.1 -0.0008849852086
124.15 124.1 124.2 -0.001048028835
124.25 124.2 124.3 -0.001252732778
124.35 124.3 124.4 0.001060019871
124.45 124.4 124.5 7.125513224e-05
124.55 124.5 124.6 -0.0002544987552
124.65 124.6 124.7 0.001201405258
124.75 124.7 124.8 -0.0009188501246
124.85 124.8 124.9 -0.002205119749
124.95 124.9 125 0.00126308928
125.05 125 125.1 0.001015131643
125.15 125.1 125.2 -0.001868057968
125.25 125.2 125.3 0.0007744183206
125.35 125.3 125.4 0.001111898754
125.45 125.4 125.5 -0.0001256732747
125.55 125.5 125.6 0.00106791791
125.65 125.6 125.7 -0.001364800374
125.75 125.7 125.8 -0.001391486233
125.85 125.8 125.9 -0.001795179304
125.95 125.9 126 0.001451425086
126.05 126 126.1 0.000285968814
126.15 126.1 126.2 -0.0001842648322
126.25 126.2 126.3 0.0008506760348
126.35 126.3 126.4 -0.0004702425394
126.45 126.4 126.5 0.001573829049
126.55 126.5 126.6 -6.800703748e-05
126.65 126.6 126.7 -0.001536091839
126.75 126.7 126.8 -0.001302814104
126.85 126.8 126.9 -0.000851567139
126.95 126.9 127 5.677008656e-05
127.05 127 127.1 -0.001783737527
127.15 127.1 127.2 -0.001396971981
127.25 127.2 127.3 -0.0004614687488
127.35 127.3 127.4 0.0001518765496
127.45 127.4 127.5 -0.0005543878953
127.55 127.5 127.6 -0.0009539454263
127.65 127.6 127.7 -0.002042693102
127.75 127.7 127.8 -0.0001161397926
127.85 127.8 127.9 0.0009780013771
127.95 127.9 128 -0.0004588608257
128.05 128 128.1 -0.0006527565247
128.15 128.1 128.2 0.0008129330096
128.25 128.2 128.3 -0.001171655681
128.35 128.3 128.4 -7.258054508e-05
128.45 128.4 128.5 -0.0008570771547
128.55 128.5 128.6 0.0005706222761
128.65 128.6 128.7 0.0007983822183
128.75 128.7 128.8 -0.003077252821
128.85 128.8 128.9 7.601946454e-05
128.95 128.9 129 -0.001679725991
129.05 129 129.1 -0.002218708786
129.15 129.1 129.2 -0.0005338015652
129.25 129.2 129.3 -0.0002027089341
129.35 129.3 129.4 -8.278488823e-05
129.45 129.4 129.5 -0.0002334002265
129.55 129.5 129.6 0.0006595842848
129.65 129.6 129.7 0.0001585014224
129.75 129.7 129.8 0.0001142890977
129.85 129.8 129.9 0.0004453844715
129.95 129.9 130 0.0005944218975
130.05 130 130.1 -0.001387931222
130.15 130.1 130.2 -0.000722875647
130.25 130.2 130.3 -0.0004724771425
130.35 130.3 130.4 -5.221192431e-05
130.45 130.4 130.5 -0.0001328798151
130.55 130.5 130.6 2.073923207e-05
130.65 130.6 130.7 -0.0004345943219
130.75 130.7 130.8 -0.0004209999887
130.85 130.8 130.9 0.0001790280745
130.95 130.9 131 -8.285881283e-05
131.05 131 131.1 -0.0007088758904
131.15 131.1 131.2 0.001088333994
131.25 131.2 131.3 -0.002106443909
131.35 131.3 131.4 0.001016009589
131.45 131.4 131.5 -0.001161173889
131.55 131.5 131.6 -0.001534596126
131.65 131.6 131.7 0.0004964695734
131.75 131.7 131.8 -0.001251732616
131.85 131.8 131.9 -0.0009099977266
131.95 131.9 132 -0.0002345614399
132.05 132 132.1 -0.001791519739
132.15 132.1 132.2 -0.002799019582
132.25 132.2 132.3 0.001358027361
132.35 132.3 132.4 -0.002431070971
132.45 132.4 132.5 -0.0009907529915
132.55 132.5 132.6 -0.003034817447
132.65 132.6 132.7 -0.002170193064
132.75 132.7 132.8 -0.001731204686
132.85 132.8 132.9 -0.00315196101
132.95 132.9 133 -0.002105495486
133.05 133 133.1 -0.001325017072
133.15 133.1 133.2 -7.495882675e-05
133.25 133.2 133.3 -0.002685520629
133.35 133.3 133.4 -0.0001101181008
133.45 133.4 133.5 -0.0003767256196
133.55 133.5 133.6 -0.001179335384
133.65 133.6 133.7 -0.001826873983
133.75 133.7 133.8 -0.002579682732
133.85 133.8 133.9 -0.0004036124917
133.95 133.9 134 -0.002282388219
134.05 134 134.1 -0.0008341671548
134.15 134.1 134.2 -0.0005312433179
134.25 134.2 134.3 -0.003079320394
134.35 134.3 134.4 -0.0001032568217
134.45 134.4 134.5 0.00172087101
134.55 134.5 134.6 -0.001748271865
134.65 134.6 134.7 -0.0006873630988
134.75 134.7 134.8 -0.000147904196
134.85 134.8 134.9 -0.003329257936
134.95 134.9 135 -0.0004051764932
135.05 135 135.1 -0.001088531288
135.15 135.1 135.2 -0.00365287668
135.25 135.2 135.3 -0.001812742031
135.35 135.3 135.4 -0.001643125877
135.45 135.4 135.5 -0.00431570319
135.55 135.5 135.6 -0.001467569128
135.65 135.6 135.7 -0.001734665406
135.75 135.7 135.8 -0.002020503791
135.85 135.8 135.9 -0.0002645722368
135.95 135.9 136 -0.001940334438
136.05 136 136.1 -0.0003206534616
136.15 136.1 136.2 -0.00299208451
136.25 136.2 136.3 -0.002675651846
136.35 136.3 136.4 -0.002238475582
136.45 136.4 136.5 -0.00150421348
136.55 136.5 136.6 -0.00169527813
136.65 136.6 136.7 -0.003181714315
136.75 136.7 136.8 -0.001034695133
136.85 136.8 136.9 -0.002505585385
136.95 136.9 137 -0.003063372294
137.05 137 137.1 -0.001919058596
137.15 137.1 137.2 -0.00109461819
137.25 137.2 137.3 -0.0009665582213
137.35 137.3 137.4 -0.0006960080952
137.45 137.4 137.5 -0.001489069437
137.55 137.5 137.6 0.0004806501382
137.65 137.6 137.7 -0.002382417372
137.75 137.7 137.8 -0.003505695759
137.85 137.8 137.9 -0.0009699253233
137.95 137.9 138 -6.86372561e-05
138.05 138 138.1 -0.001382314051
138.15 138.1 138.2 -0.001219713519
138.25 138.2 138.3 -0.002071530376
138.35 138.3 138.4 -0.002344135512
138.45 138.4 138.5 -0.0007811275151
138.55 138.5 138.6 -0.002796240422
138.65 138.6 138.7 -0.003020415132
138.75 138.7 138.8 -0.002429503545
138.85 138.8 138.9 -0.002464493639
138.95 138.9 139 -0.001097150559
139.05 139 139.1 -0.002050689777
139.15 139.1 139.2 -0.001815523786
139.25 139.2 139.3 -0.001305609791
139.35 139.3 139.4 -0.002151400216
139.45 139.4 139.5 -0.002195442618
139.55 139.5 139.6 -0.002155552794
139.65 139.6 139.7 -0.00211724859
139.75 139.7 139.8 -0.0006744786017
139.85 139.8 139.9 -0.001228902871
139.95 139.9 140 -0.002839510144
140.05 140 140.1 -0.004013558558
140.15 140.1 140.2 -0.003109742196
140.25 140.2 140.3 -0.0008501037141
140.35 140.3 140.4 -0.004878224859
140.45 140.4 140.5 -0.001880326441
140.55 140.5 140.6 -0.001206532626
140.65 140.6 140.7 -0.003145691963
140.75 140.7 140.8 -0.0003864869507
140.85 140.8 140.9 -0.002674852413
140.95 140.9 141 -0.002109564576
141.05 141 141.1 0.0004391471369
141.15 141.1 141.2 -0.001778777931
141.25 141.2 141.3 -0.0013581957
141.35 141.3 141.4 -0.0003167029329
141.45 141.4 141.5 -0.002318010827
141.55 141.5 141.6 -0.001116323645
141.65 141.6 141.7 -0.001464338398
141.75 141.7 141.8 -0.003028347886
141.85 141.8 141.9 -0.0009747095411
141.95 141.9 142 -0.0015100945
142.05 142 142.1 -0.001321565648
142.15 142.1 142.2 -0.0009310472441
142.25 142.2 142.3 -0.002643749519
142.35 142.3 142.4 -0.001144273174
142.45 142.4 142.5 -0.002155062851
142.55 142.5 142.6 -0.0006270075929
142.65 142.6 142.7 -0.002419761044
142.75 142.7 142.8 -0.002218164236
142.85 142.8 142.9 -0.002098443525
142.95 142.9 143 -0.001451277071
143.05 143 143.1 -0.00196417585
143.15 143.1 143.2 -0.0004526487328
143.25 143.2 143.3 -0.002376376318
143.35 143.3 143.4 0.001249676916
143.45 143.4 143.5 -0.0008409092306
143.55 143.5 143.6 -0.001766250618
143.65 143.6 143.7 -0.002382338734
143.75 143.7 143.8 -0.0001918617965
143.85 143.8 143.9 0.001106902668
143.95 143.9 144 -0.002607992366
144.05 144 144.1 -0.0002009163766
144.15 144.1 144.2 -0.000459966416
144.25 144.2 144.3 -0.0008017168169
144.35 144.3 144.4 -0.002134384626
144.45 144.4 144.5 -0.003108849158
144.55 144.5 144.6 -0.002479116695
144.65 144.6 144.7 -0.002895973568
144.75 144.7 144.8 -0.0007432211797
144.85 144.8 144.9 -0.002875333126
144.95 144.9 145 -0.001895541821
145.05 145 145.1 -0.001672030092
145.15 145.1 145.2 -0.002104564406
145.25 145.2 145.3 -0.002703623775
145.35 145.3 145.4 -0.002840639022
145.45 145.4 145.5 -0.002019802279
145.55 145.5 145.6 -0.001602644234
145.65 145.6 145.7 -0.001030014531
145.75 145.7 145.8 -0.001020632618
145.85 145.8 145.9 -0.001152563438
145.95 145.9 146 -0.001401753748
146.05 146 146.1 -0.002460749895
146.15 146.1 146.2 -0.003923430203
146.25 146.2 146.3 -0.001515707128
146.35 146.3 146.4 -0.0005960237124
146.45 146.4 146.5 -0.00158640889
146.55 146.5 146.6 -0.001552816649
146.65 146.6 146.7 -0.001869754555
146.75 146.7 146.8 -0.0004670709343
146.85 146.8 146.9 -0.0009359191608
146.95 146.9 147 -0.003039622713
147.05 147 147.1 -0.002182165082
147.15 147.1 147.2 -0.002507462005
147.25 147.2 147.3 -0.003462424233
147.35 147.3 147.4 -0.001830880362
147.45 147.4 147.5 -0.00227649624
147.55 147.5 147.6 0.0001913191174
147.65 147.6 147.7 -0.001908460501
147.75 147.7 147.8 -0.001995076335
147.85 147.8 147.9 -0.0007001646593
147.95 147.9 148 -0.002085006898
148.05 148 148.1 -0.003234194792
148.15 148.1 148.2 -0.001612338451
148.25 148.2 148.3 -0.002704949881
148.35 148.3 148.4 -0.001446422286
148.45 148.4 148.5 -0.002106614133
148.55 148.5 148.6 -0.003110069365
148.65 148.6 148.7 -0.001854726396
148.75 148.7 148.8 -0.002008512493
148.85 148.8 148.9 -0.001642356707
148.95 148.9 149 -0.0001356427698
149.05 149 149.1 -0.001482043788
149.15 149.1 149.2 -0.002712948079
149.25 149.2 149.3 -0.001234549896
149.35 149.3 149.4 -0.002741395602
149.45 149.4 149.5 -0.001094765842
149.55 149.5 149.6 -0.003288233786
149.65 149.6 149.7 -0.0008768500286
149.75 149.7 149.8 -0.002277303216
149.85 149.8 149.9 -0.002791409539
149.95 149.9 150 -0.002184604619
150.05 150 150.1 -0.001131633955
150.15 150.1 150.2 -0.001308533217
150.25 150.2 150.3 -0.002159924618
150.35 150.3 150.4 -0.0007899635512
150.45 150.4 150.5 -0.0004869689872
150.55 150.5 150.6 -0.001537069079
150.65 150.6 150.7 -0.00367097335
150.75 150.7 150.8 -0.00241445626
150.85 150.8 150.9 0.001255799817
150.95 150.9 151 -0.0001774932939
151.05 151 151.1 4.072026034e-05
151.15 151.1 151.2 -0.00232490481
151.25 151.2 151.3 -0.001774009363
151.35 151.3 151.4 -0.001132052515
151.45 151.4 151.5 -0.002614586244
151.55 151.5 151.6 -5.188600068e-05
151.65 151.6 151.7 -0.00122062675
151.75 151.7 151.8 -0.0008496185899
151.85 151.8 151.9 -0.0025786763
151.95 151.9 152 -0.00182179621
152.05 152 152.1 -0.0001099240205
152.15 152.1 152.2 -0.002224869317
152.25 152.2 152.3 -0.00197648585
152.35 152.3 152.4 -0.002208228501
152.45 152.4 152.5 -0.001175750043
152.55 152.5 152.6 -0.0002695011396
152.65 152.6 152.7 -0.001097937162
152.75 152.7 152.8 -0.001271904255
152.85 152.8 152.9 -0.002810850935
152.95 152.9 153 -0.0008921157794
153.05 153 153.1 -0.001423422499
153.15 153.1 153.2 -0.00114023919
153.25 153.2 153.3 -0.002940883537
153.35 153.3 153.4 -0.001222674191
153.45 153.4 153.5 -0.0005047244771
153.55 153.5 153.6 -0.0004491899766
153.65 153.6 153.7 -0.002427664766
153.75 153.7 153.8 -0.0006247694175
153.85 153.8 153.9 -0.0002079571423
153.95 153.9 154 -0.001331396687
154.05 154 154.1 -0.00132542689
154.15 154.1 154.2 -0.0002689015182
154.25 154.2 154.3 -0.001621609188
154.35 154.3 154.4 -0.0006497673536
154.45 154.4 154.5 -0.0005008037411
154.55 154.5 154.6 -0.0004469395299
154.65 154.6 154.7 -0.0004745950995
154.75 154.7 154.8 -1.832410272e-05
154.85 154.8 154.9 -0.002413502973
154.95 154.9 155 -0.0009850441356
155.05 155 155.1 -0.001620456806
155.15 155.1 155.2 -0.001954219012
155.25 155.2 155.3 -0.00104836964
155.35 155.3 155.4 -0.001577063605
155.45 155.4 155.5 -0.0004225944285
155.55 155.5 155.6 -0.002657027963
155.65 155.6 155.7 -0.002562764282
155.75 155.7 155.8 -0.001749235575
155.85 155.8 155.9 -0.001273062059
155.95 155.9 156 -0.002855628621
156.05 156 156.1 -0.0001133378776
156.15 156.1 156.2 -0.001285807608
156.25 156.2 156.3 -0.001503429799
156.35 156.3 156.4 -0.001384505958
156.45 156.4 156.5 -0.001390163821
156.55 156.5 156.6 -0.0007279720245
156.65 156.6 156.7 -0.001096818346
156.75 156.7 156.8 -0.000208687295
156.85 156.8 156.9 -0.00209566431
156.95 156.9 157 -0.002774346859
157.05 157 157.1 -0.003100080567
157.15 157.1 157.2 -0.002497055223
157.25 157.2 157.3 -0.001402094779
157.35 157.3 157.4 -0.001286013906
157.45 157.4 157.5 -0.002832885174
157.55 157.5 157.6 -0.0009602167906
157.65 157.6 157.7 -0.003128627539
157.75 157.7 157.8 -0.002398072215
157.85 157.8 157.9 -0.002789918142
157.95 157.9 158 -0.0004255323357
158.05 158 158.1 -0.002085426356
158.15 158.1 158.2 -0.003489584801
158.25 158.2 158.3 -0.001299055638
158.35 158.3 158.4 -0.002000200907
158.45 158.4 158.5 -0.00256074151
158.55 158.5 158.6 -0.001620899164
158.65 158.6 158.7 -0.001980269409
158.75 158.7 158.8 -0.001314589002
158.85 158.8 158.9 -0.0005536293135
158.95 158.9 159 -0.0004674260134
159.05 159 159.1 -0.002412929446
159.15 159.1 159.2 -0.00284520015
159.25 159.2 159.3 -0.002259111404
159.35 159.3 159.4 -0.002992414687
159.45 159.4 159.5 -0.002501100612
159.55 159.5 159.6 -0.002507444644
159.65 159.6 159.7 -0.001142597909
159.75 159.7 159.8 -0.0006601226404
159.85 159.8 159.9 -0.002562484396
159.95 159.9 160 -0.0008066277046
160.05 160 160.1 1.764358797e-05
160.15 160.1 160.2 -0.0005017340529
160.25 160.2 160.3 -0.001124491436
160.35 160.3 160.4 -0.001190006755
160.45 160.4 160.5 -0.000452462476
160.55 160.5 160.6 -0.00171867341
160.65 160.6 160.7 -0.0002798859904
160.75 160.7 160.8 -0.0003083782598
160.85 160.8 160.9 -0.001954331382
160.95 160.9 161 -0.001541940447
161.05 161 161.1 -0.0008227549036
161.15 161.1 161.2 -0.003338125204
161.25 161.2 161.3 -0.0005773444556
161.35 161.3 161.4 -0.0009062362882
161.45 161.4 161.5 -0.001513498958
161.55 161.5 161.6 -0.0009592090569
161.65 161.6 161.7 -0.00117555131
161.75 161.7 161.8 -0.001902167325
161.85 161.8 161.9 -0.000444864884
161.95 161.9 162 -0.0009613459729
162.05 162 162.1 -0.00124418678
162.15 162.1 162.2 -0.0002709182678
162.25 162.2 162.3 -0.001039878517
162.35 162.3 162.4 -0.0008203143902
162.45 162.4 162.5 -0.0002664518604
162.55 162.5 162.6 -0.00190990194
162.65 162.6 162.7 -0.002561778346
162.75 162.7 162.8 -0.001415923468
162.85 162.8 162.9 -0.001704619313
162.95 162.9 163 -0.001580271953
163.05 163 163.1 -0.001628655165
163.15 163.1 163.2 0.0009033060765
163.25 163.2 163.3 -0.001588373207
163.35 163.3 163.4 -0.001363793012
163.45 163.4 163.5 -0.002210152703
163.55 163.5 163.6 -0.00215320086
163.65 163.6 163.7 -0.0002693496034
163.75 163.7 163.8 -0.001686767433
163.85 163.8 163.9 -0.001142963267
163.95 163.9 164 -0.001465459197
164.05 164 164.1 -0.001493100978
164.15 164.1 164.2 -0.001297833364
164.25 164.2 164.3 -0.0009926455177
164.35 164.3 164.4 0.001046343611
164.45 164.4 164.5 -0.0009247637502
164.55 164.5 164.6 -0.0008320939335
164.65 164.6 164.7 -0.001118775727
164.75 164.7 164.8 -0.0001967826922
164.85 164.8 164.9 -0.002899281808
164.95 164.9 165 -0.0004217377917
165.05 165 165.1 0.0003359775221
165.15 165.1 165.2 -6.581372083e-05
165.25 165.2 165.3 -0.002675936273
165.35 165.3 165.4 0.0003973509254
165.45 165.4 165.5 -0.0008161388279
165.55 165.5 165.6 -0.001311204501
165.65 165.6 165.7 -0.002517210678
165.75 165.7 165.8 -0.000333050141
165.85 165.8 165.9 -0.00140783967
165.95 165.9 166 0.0002117761734
166.05 166 166.1 -0.002531907066
166.15 166.1 166.2 -0.001379508529
166.25 166.2 166.3 -0.0009624890155
166.35 166.3 166.4 -0.001976217574
166.45 166.4 166.5 -0.0002247402269
166.55 166.5 166.6 2.967122198e-05
166.65 166.6 166.7 -0.000328046013
166.75 166.7 166.8 0.000170529494
166.85 166.8 166.9 -0.00278140598
166.95 166.9 167 -0.001316110383
167.05 167 167.1 -0.001001907565
167.15 167.1 167.2 -0.001172327417
167.25 167.2 167.3 -0.0002744612324
167.35 167.3 167.4 -0.001835573226
167.45 167.4 167.5 -0.001570013708
167.55 167.5 167.6 0.0002061608074
167.65 167.6 167.7 -0.001111765944
167.75 167.7 167.8 -0.001238561449
167.85 167.8 167.9 -0.0003787507227
167.95 167.9 168 0.0003638145586
168.05 168 168.1 -0.000428929363
168.15 168.1 168.2 -0.002314567752
168.25 168.2 168.3 -0.001186063937
168.35 168.3 168.4 0.0006424218773
168.45 168.4 168.5 -0.0009604117659
168.55 168.5 168.6 -0.0009537079191
168.65 168.6 168.7 7.344409893e-06
168.75 168.7 168.8 -0.0007323818809
168.85 168.8 168.9 -0.001418204414
168.95 168.9 169 -0.0005661234786
169.05 169 169.1 -0.001849118218
169.15 169.1 169.2 -0.002241547823
169.25 169.2 169.3 -0.001766575986
169.35 169.3 169.4 -0.001082515821
169.45 169.4 169.5 0.0001204789983
169.55 169.5 169.6 -0.001531585793
169.65 169.6 169.7 -0.0007688849699
169.75 169.7 169.8 -0.001603959624
169.85 169.8 169.9 6.040287664e-05
169.95 169.9 170 -0.0007239756335
170.05 170 170.1 -0.001183969907
170.15 170.1 170.2 -4.072172888e-05
170.25 170.2 170.3 -0.001287626587
170.35 170.3 170.4 -0.001444018472
170.45 170.4 170.5 -0.001541494995
170.55 170.5 170.6 -0.001331119468
170.65 170.6 170.7 -0.0007179307643
170.75 170.7 170.8 -0.002355346589
170.85 170.8 170.9 9.165879643e-05
170.95 170.9 171 -0.000858766624
171.05 171 171.1 0.0007920567009
171.15 171.1 171.2 -0.001081038551
171.25 171.2 171.3 -0.0005361100653
171.35 171.3 171.4 -0.001777822442
171.45 171.4 171.5 -0.001708205753
171.55 171.5 171.6 -0.002223337823
171.65 171.6 171.7 -0.0002275801323
171.75 171.7 171.8 -0.001443564858
171.85 171.8 171.9 0.0009301132647
171.95 171.9 172 -0.001851169243
172.05 172 172.1 -0.0002933515151
172.15 172.1 172.2 -0.001193660429
172.25 172.2 172.3 0.0004492322596
172.35 172.3 172.4 -0.001396604776
172.45 172.4 172.5 0.0001158080857
172.55 172.5 172.6 -0.001242117646
172.65 172.6 172.7 -0.001378629224
172.75 172.7 172.8 -0.002039894667
172.85 172.8 172.9 -0.002732999938
172.95 172.9 173 -0.001320709565
173.05 173 173.1 0.0001542770411
173.15 173.1 173.2 -0.0009641366673
173.25 173.2 173.3 -0.0009178429497
173.35 173.3 173.4 -0.002448900006
173.45 173.4 173.5 -0.001157752697
173.55 173.5 173.6 -0.0005870235504
173.65 173.6 173.7 -0.001692033898
173.75 173.7 173.8 0.0007400057571
173.85 173.8 173.9 -0.0003998320324
173.95 173.9 174 -0.001068310163
174.05 174 174.1 -0.0001739366372
174.15 174.1 174.2 0.0004314722866
174.25 174.2 174.3 -0.002146246986
174.35 174.3 174.4 -0.002061878324
174.45 174.4 174.5 -0.0002615201044
174.55 174.5 174.6 -0.001134694594
174.65 174.6 174.7 -0.001166479856
174.75 174.7 174.8 -0.0009556921928
174.85 174.8 174.9 0.0003383231338
174.95 174.9 175 -0.001995636442
175.05 175 175.1 -0.0009435593446
175.15 175.1 175.2 0.0003083191763
175.25 175.2 175.3 -0.002026996301
175.35 175.3 175.4 -0.002219059724
175.45 175.4 175.5 -0.00133243112
175.55 175.5 175.6 -0.002316666756
175.65 175.6 175.7 -0.0006210833497
175.75 175.7 175.8 -1.755567314e-06
175.85 175.8 175.9 -0.000238641119
175.95 175.9 176 -0.001245382174
176.05 176 176.1 -0.001681693488
176.15 176.1 176.2 -0.0009769545561
176.25 176.2 176.3 -0.0007641003959
176.35 176.3 176.4 -0.0002500778823
176.45 176.4 176.5 -0.001971207262
176.55 176.5 176.6 -0.001372909974
176.65 176.6 176.7 -0.002431262881
176.75 176.7 176.8 -0.0006502164984
176.85 176.8 176.9 -0.001449812281
176.95 176.9 177 -0.000787039963
177.05 177 177.1 -0.000773414273
177.15 177.1 177.2 -0.001568349011
177.25 177.2 177.3 -0.002281097516
177.35 177.3 177.4 -0.0001090154098
177.45 177.4 177.5 -0.001950819959
177.55 177.5 177.6 -0.00195636353
177.65 177.6 177.7 -0.002721444826
177.75 177.7 177.8 -0.001414433692
177.85 177.8 177.9 -0.002390369275
177.95 177.9 178 0.0004396433884
178.05 178 178.1 -0.0005529277855
178.15 178.1 178.2 -0.00167060307
178.25 178.2 178.3 -0.001085094729
178.35 178.3 178.4 -0.001362216268
178.45 178.4 178.5 -0.001753442119
178.55 178.5 178.6 -0.002096787844
178.65 178.6 178.7 -0.002045312677
178.75 178.7 178.8 -0.001428031678
178.85 178.8 178.9 -0.002407984956
178.95 178.9 179 -1.421004905e-05
179.05 179 179.1 -0.0007958988504
179.15 179.1 179.2 -0.001707068334
179.25 179.2 179.3 -0.001795560773
179.35 179.3 179.4 -0.002913904667
179.45 179.4 179.5 -0.001258173516
179.55 179.5 179.6 -0.0005292709216
179.65 179.6 179.7 -0.001553439452
179.75 179.7 179.8 -0.001330635085
179.85 179.8 179.9 -0.0003553017526
179.95 179.9 180 -0.001764500017
180.05 180 180.1 -0.001538071412
180.15 180.1 180.2 -0.001431401753
180.25 180.2 180.3 -0.000919244581
180.35 180.3 180.4 -0.0007120706717
180.45 180.4 180.5 -0.003268224707
180.55 180.5 180.6 -0.00150522061
180.65 180.6 180.7 -0.003135704295
180.75 180.7 180.8 -0.002815230166
180.85 180.8 180.9 -0.00300381157
180.95 180.9 181 -0.001952001915
181.05 181 181.1 -0.0007966827553
181.15 181.1 181.2 -0.0006170302602
181.25 181.2 181.3 -0.001536557325
181.35 181.3 181.4 -0.001540861063
181.45 181.4 181.5 -0.002655472887
181.55 181.5 181.6 -0.001157040493
181.65 181.6 181.7 -0.001346071992
181.75 181.7 181.8 -0.0005703936133
181.85 181.8 181.9 -0.00321715278
181.95 181.9 182 -0.002546020881
182.05 182 182.1 -0.00216432602
182.15 182.1 182.2 -0.0003735231607
182.25 182.2 182.3 -0.0006298573449
182.35 182.3 182.4 -0.002617818938
182.45 182.4 182.5 -0.0006043623329
182.55 182.5 182.6 -0.001267029863
182.65 182.6 182.7 -0.002065827293
182.75 182.7 182.8 -0.001368041845
182.85 182.8 182.9 -0.001325852867
182.95 182.9 183 -0.001878128345
183.05 183 183.1 -0.000633651559
183.15 183.1 183.2 -0.001790608686
183.25 183.2 183.3 -0.001961562756
183.35 183.3 183.4 -0.001672091999
183.45 183.4 183.5 -0.001502465594
183.55 183.5 183.6 -0.0004667245003
183.65 183.6 183.7 -0.001135754462
183.75 183.7 183.8 -0.0008241378025
183.85 183.8 183.9 -0.001506211006
183.95 183.9 184 -0.0007756918946
184.05 184 184.1 -0.001461953953
184.15 184.1 184.2 -0.001837140076
184.25 184.2 184.3 -0.002118924827
184.35 184.3 184.4 -0.001798386017
184.45 184.4 184.5 -0.002105076825
184.55 184.5 184.6 -0.000965333694
184.65 184.6 184.7 -0.0005323078433
184.75 184.7 184.8 -0.002755445529
184.85 184.8 184.9 -0.001643107698
184.95 184.9 185 -0.001585822301
185.05 185 185.1 -0.001505338552
185.15 185.1 185.2 -0.001486716842
185.25 185.2 185.3 -0.003889548956
185.35 185.3 185.4 -0.0008460986477
185.45 185.4 185.5 -0.002800428986
185.55 185.5 185.6 -0.001396547256
185.65 185.6 185.7 -0.002180332066
185.75 185.7 185.8 -0.001720454003
185.85 185.8 185.9 -0.002107364729
185.95 185.9 186 -0.001418489514
186.05 186 186.1 -0.001853999821
186.15 186.1 186.2 -0.002880692536
186.25 186.2 186.3 -0.001122996085
186.35 186.3 186.4 -0.003286877902
186.45 186.4 186.5 -0.003138374724
186.55 186.5 186.6 -0.001523500518
186.65 186.6 186.7 -0.002303688311
186.75 186.7 186.8 -0.002794627888
186.85 186.8 186.9 -0.002897948262
186.95 186.9 187 -0.001155240508
187.05 187 187.1 -0.002484024943
187.15 187.1 187.2 -0.000549932991
187.25 187.2 187.3 -5.39688512e-05
187.35 187.3 187.4 -0.002521673357
187.45 187.4 187.5 -0.002415991468
187.55 187.5 187.6 -0.001271951268
187.65 187.6 187.7 -0.002195171182
187.75 187.7 187.8 -0.002612833659
187.85 187.8 187.9 -0.001820630663
187.95 187.9 188 -0.003108497839
188.05 188 188.1 -0.002252974879
188.15 188.1 188.2 -0.002780178982
188.25 188.2 188.3 -0.002250129366
188.35 188.3 188.4 -0.001111230259
188.45 188.4 188.5 -0.0007037242772
188.55 188.5 188.6 -0.001884923635
188.65 188.6 188.7 -0.00204082355
188.75 188.7 188.8 -0.002125577019
188.85 188.8 188.9 -0.0006347456751
188.95 188.9 189 -0.001987384189
189.05 189 189.1 -0.001162384637
189.15 189.1 189.2 -0.002073867331
189.25 189.2 189.3 -0.001276883232
189.35 189.3 189.4 -0.002253802035
189.45 189.4 189.5 -0.002712873396
189.55 189.5 189.6 -0.001666740195
189.65 189.6 189.7 -0.002007696414
189.75 189.7 189.8 -0.001570910125
189.85 189.8 189.9 -0.001288609173
189.95 189.9 190 -0.001546453222
190.05 190 190.1 -0.002303067245
190.15 190.1 190.2 0.0006079125667
190.25 190.2 190.3 -0.0008163778731
190.35 190.3 190.4 -0.001521720665
190.45 190.4 190.5 -0.002099625014
190.55 190.5 190.6 9.044546985e-05
190.65 190.6 190.7 -0.001620155101
190.75 190.7 190.8 -0.002219065788
190.85 190.8 190.9 -0.001534534314
190.95 190.9 191 -0.002459651778
191.05 191 191.1 -0.001103313368
191.15 191.1 191.2 -0.00198014957
191.25 191.2 191.3 -0.002661748465
191.35 191.3 191.4 -0.002678750908
191.45 191.4 191.5 -0.002251242573
191.55 191.5 191.6 -0.00135592921
191.65 191.6 191.7 -0.002145112358
191.75 191.7 191.8 -0.001457793378
191.85 191.8 191.9 -0.001375255149
191.95 191.9 192 -0.002911762458
192.05 192 192.1 -0.002862728397
192.15 192.1 192.2 -0.001644678133
192.25 192.2 192.3 -0.002242742459
192.35 192.3 192.4 -0.001493638914
192.45 192.4 192.5 -0.001936001474
192.55 192.5 192.6 -0.001752867685
192.65 192.6 192.7 -0.000863116185
192.75 192.7 192.8 -0.002043781179
192.85 192.8 192.9 -0.0003499942357
192.95 192.9 193 -0.001761788383
193.05 193 193.1 -0.003599270408
193.15 193.1 193.2 -0.0029417862
193.25 193.2 193.3 -0.001249564479
193.35 193.3 193.4 -0.001674979293
193.45 193.4 193.5 -0.001497608739
193.55 193.5 193.6 -0.002209408953
193.65 193.6 193.7 -9.769847683e-05
193.75 193.7 193.8 -0.00266952879
193.85 193.8 193.9 -0.001201163182
193.95 193.9 194 -0.001244904759
194.05 194 194.1 -0.002794548819
194.15 194.1 194.2 -0.0007944833672
194.25 194.2 194.3 -0.001925888356
194.35 194.3 194.4 -0.001107160103
194.45 194.4 194.5 -0.001074184645
194.55 194.5 194.6 -0.002197012252
194.65 194.6 194.7 -0.001905409508
194.75 194.7 194.8 -0.0002191667674
194.85 194.8 194.9 -0.0005779976492
194.95 194.9 195 -0.002287229682
195.05 195 195.1 -0.001663690933
195.15 195.1 195.2 -0.0006116047672
195.25 195.2 195.3 -0.000716774511
195.35 195.3 195.4 -0.001243368507
195.45 195.4 195.5 -0.002282031428
195.55 195.5 195.6 -0.000682963865
195.65 195.6 195.7 -0.001499016543
195.75 195.7 195.8 -0.001096496669
195.85 195.8 195.9 -0.001946339057
195.95 195.9 196 -0.0008175253925
196.05 196 196.1 -0.001523086164
196.15 196.1 196.2 -0.0003853854101
196.25 196.2 196.3 -0.001979689054
196.35 196.3 196.4 -0.001274790133
196.45 196.4 196.5 -0.004081692923
196.55 196.5 196.6 -0.001710252883
196.65 196.6 196.7 -0.0006389105319
196.75 196.7 196.8 -0.0016983992
196.85 196.8 196.9 -0.001520773951
196.95 196.9 197 -0.000155889537
197.05 197 197.1 -0.002048896345
197.15 197.1 197.2 -0.001536832631
197.25 197.2 197.3 -0.001793580884
197.35 197.3 197.4 -0.001715127592
197.45 197.4 197.5 -0.002254847425
197.55 197.5 197.6 -0.001469415715
197.65 197.6 197.7 -0.001081882898
197.75 197.7 197.8 -0.001358119288
197.85 197.8 197.9 -0.001256610648
197.95 197.9 198 -0.001553682529
198.05 198 198.1 -0.001880512616
198.15 198.1 198.2 -0.002074761572
198.25 198.2 198.3 -0.0008631746005
198.35 198.3 198.4 -0.001423206244
198.45 198.4 198.5 -0.003066607989
198.55 198.5 198.6 -0.0009026648786
198.65 198.6 198.7 -0.001775600935
198.75 198.7 198.8 -0.001769054709
198.85 198.8 198.9 -0.0004502850158
198.95 198.9 199 -0.001017964563
199.05 199 199.1 -0.001261755281
199.15 199.1 199.2 -0.0009526628065
199.25 199.2 199.3 -0.00133670926
199.35 199.3 199.4 -0.0006727807817
199.45 199.4 199.5 -0.0006775228574
199.55 199.5 199.6 -0.001823907363
199.65 199.6 199.7 -0.001687017878
199.75 199.7 199.8 -0.001952929597
199.85 199.8 199.9 -0.0006471033031
199.95 199.9 200 -0.001343806612
