# Columns: s_cen(1) s_min(2) s_max(3) xi_iso(4)
0.05 0 0.1 35.23459294
0.15 0.1 0.2 13.31705815
0.25 0.2 0.3 16.19228913
0.35 0.3 0.4 19.37002519
0.45 0.4 0.5 22.48188146
0.55 0.5 0.6 23.97443033
0.65 0.6 0.7 21.64791427
0.75 0.7 0.8 22.31300563
0.85 0.8 0.9 20.44980593
0.95 0.9 1 21.56411413
1.05 1 1.1 20.01089324
1.15 1.1 1.2 18.89828464
1.25 1.2 1.3 18.39204241
1.35 1.3 1.4 18.24510168
1.45 1.4 1.5 16.69643368
1.55 1.5 1.6 15.32252559
1.65 1.6 1.7 14.75216231
1.75 1.7 1.8 13.65619555
1.85 1.8 1.9 13.34244101
1.95 1.9 2 12.24051006
2.05 2 2.1 11.74890842
2.15 2.1 2.2 11.30030263
2.25 2.2 2.3 10.53280384
2.35 2.3 2.4 9.796273041
2.45 2.4 2.5 9.665587504
2.55 2.5 2.6 8.950280934
2.65 2.6 2.7 8.068184544
2.75 2.7 2.8 7.823771846
2.85 2.8 2.9 7.416146318
2.95 2.9 3 6.986738277
3.05 3 3.1 6.606549169
3.15 3.1 3.2 6.397687844
3.25 3.2 3.3 6.161500347
3.35 3.3 3.4 5.678902529
3.45 3.4 3.5 5.450939128
3.55 3.5 3.6 5.398918645
3.65 3.6 3.7 5.260363898
3.75 3.7 3.8 4.973337409
3.85 3.8 3.9 4.690029388
3.95 3.9 4 4.737695782
4.05 4 4.1 4.538274608
4.15 4.1 4.2 4.177434811
4.25 4.2 4.3 4.168756546
4.35 4.3 4.4 3.987791882
4.45 4.4 4.5 3.966880821
4.55 4.5 4.6 3.844674452
4.65 4.6 4.7 3.680242858
4.75 4.7 4.8 3.59238708
4.85 4.8 4.9 3.414234019
4.95 4.9 5 3.315647364
5.05 5 5.1 3.253041358
5.15 5.1 5.2 3.161465403
5.25 5.2 5.3 3.172301568
5.35 5.3 5.4 3.011774088
5.45 5.4 5.5 3.006309801
5.55 5.5 5.6 2.812842525
5.65 5.6 5.7 2.817508532
5.75 5.7 5.8 2.674019257
5.85 5.8 5.9 2.633559777
5.95 5.9 6 2.650353427
6.05 6 6.1 2.580603732
6.15 6.1 6.2 2.4532919
6.25 6.2 6.3 2.396061842
6.35 6.3 6.4 2.294102949
6.45 6.4 6.5 2.314561333
6.55 6.5 6.6 2.26816061
6.65 6.6 6.7 2.183921813
6.75 6.7 6.8 2.104045907
6.85 6.8 6.9 2.017431838
6.95 6.9 7 2.034388259
7.05 7 7.1 1.973224213
7.15 7.1 7.2 1.96816435
7.25 7.2 7.3 1.920094069
7.35 7.3 7.4 1.857947627
7.45 7.4 7.5 1.822282297
7.55 7.5 7.6 1.780060792
7.65 7.6 7.7 1.72671282
7.75 7.7 7.8 1.694882327
7.85 7.8 7.9 1.630411096
7.95 7.9 8 1.669101229
8.05 8 8.1 1.608677423
8.15 8.1 8.2 1.54880183
8.25 8.2 8.3 1.557646837
8.35 8.3 8.4 1.53532913
8.45 8.4 8.5 1.479597592
8.55 8.5 8.6 1.434322404
8.65 8.6 8.7 1.405845885
8.75 8.7 8.8 1.383986118
8.85 8.8 8.9 1.361670469
8.95 8.9 9 1.33223674
9.05 9 9.1 1.305983494
9.15 9.1 9.2 1.299274807
9.25 9.2 9.3 1.276867289
9.35 9.3 9.4 1.237767742
9.45 9.4 9.5 1.195495999
9.55 9.5 9.6 1.220538133
9.65 9.6 9.7 1.176588502
9.75 9.7 9.8 1.126049129
9.85 9.8 9.9 1.15622971
9.95 9.9 10 1.089901294
10.05 10 10.1 1.095967242
10.15 10.1 10.2 1.081100507
10.25 10.2 10.3 1.083032216
10.35 10.3 10.4 1.052060795
10.45 10.4 10.5 1.030192792
10.55 10.5 10.6 1.0064083
10.65 10.6 10.7 0.9734168631
10.75 10.7 10.8 0.986490505
10.85 10.8 10.9 0.9570933855
10.95 10.9 11 0.9102187027
11.05 11 11.1 0.9273052363
11.15 11.1 11.2 0.9248547845
11.25 11.2 11.3 0.8883280292
11.35 11.3 11.4 0.8972661037
11.45 11.4 11.5 0.8479472454
11.55 11.5 11.6 0.8628087846
11.65 11.6 11.7 0.8373549866
11.75 11.7 11.8 0.821416638
11.85 11.8 11.9 0.813193477
11.95 11.9 12 0.7930593103
12.05 12 12.1 0.7561027814
12.15 12.1 12.2 0.7944198054
12.25 12.2 12.3 0.7750677337
12.35 12.3 12.4 0.7872345388
12.45 12.4 12.5 0.7387935297
12.55 12.5 12.6 0.7140987145
12.65 12.6 12.7 0.7275909502
12.75 12.7 12.8 0.7156756046
12.85 12.8 12.9 0.7128589041
12.95 12.9 13 0.6843575366
13.05 13 13.1 0.6703100774
13.15 13.1 13.2 0.6587864543
13.25 13.2 13.3 0.6615685054
13.35 13.3 13.4 0.632033045
13.45 13.4 13.5 0.653852979
13.55 13.5 13.6 0.6311979864
13.65 13.6 13.7 0.6279923673
13.75 13.7 13.8 0.6036279891
13.85 13.8 13.9 0.6238984168
13.95 13.9 14 0.5934133862
14.05 14 14.1 0.5876733465
14.15 14.1 14.2 0.5802288229
14.25 14.2 14.3 0.5808464454
14.35 14.3 14.4 0.5565433786
14.45 14.4 14.5 0.5564502707
14.55 14.5 14.6 0.5307488624
14.65 14.6 14.7 0.5420061669
14.75 14.7 14.8 0.5133959876
14.85 14.8 14.9 0.5246567771
14.95 14.9 15 0.503362704
15.05 15 15.1 0.516060028
15.15 15.1 15.2 0.5050074896
15.25 15.2 15.3 0.4953745045
15.35 15.3 15.4 0.4907344856
15.45 15.4 15.5 0.4939412334
15.55 15.5 15.6 0.4803594909
15.65 15.6 15.7 0.4694771666
15.75 15.7 15.8 0.4570104691
15.85 15.8 15.9 0.4713266139
15.95 15.9 16 0.4447859553
16.05 16 16.1 0.4513399719
16.15 16.1 16.2 0.4546288988
16.25 16.2 16.3 0.453770715
16.35 16.3 16.4 0.4471226945
16.45 16.4 16.5 0.4290203963
16.55 16.5 16.6 0.4180759116
16.65 16.6 16.7 0.4237720025
16.75 16.7 16.8 0.4206146268
16.85 16.8 16.9 0.4076256038
16.95 16.9 17 0.4096810812
17.05 17 17.1 0.394824034
17.15 17.1 17.2 0.3968633325
17.25 17.2 17.3 0.3871471227
17.35 17.3 17.4 0.3945841964
17.45 17.4 17.5 0.3661750892
17.55 17.5 17.6 0.3771808825
17.65 17.6 17.7 0.3782705826
17.75 17.7 17.8 0.3506920526
17.85 17.8 17.9 0.370771931
17.95 17.9 18 0.3587092367
18.05 18 18.1 0.3677618595
18.15 18.1 18.2 0.3606081549
18.25 18.2 18.3 0.3463143323
18.35 18.3 18.4 0.3395738523
18.45 18.4 18.5 0.3396627644
18.55 18.5 18.6 0.343312125
18.65 18.6 18.7 0.3361893216
18.75 18.7 18.8 0.3279461666
18.85 18.8 18.9 0.3138772614
18.95 18.9 19 0.3172067174
19.05 19 19.1 0.3376766493
19.15 19.1 19.2 0.315581146
19.25 19.2 19.3 0.3166181181
19.35 19.3 19.4 0.3136337613
19.45 19.4 19.5 0.3072895509
19.55 19.5 19.6 0.306145075
19.65 19.6 19.7 0.2998087289
19.75 19.7 19.8 0.2951072802
19.85 19.8 19.9 0.2985541131
19.95 19.9 20 0.2848712399
20.05 20 20.1 0.2877668052
20.15 20.1 20.2 0.2836711656
20.25 20.2 20.3 0.2756850214
20.35 20.3 20.4 0.2674691351
20.45 20.4 20.5 0.2717598916
20.55 20.5 20.6 0.2801105882
20.65 20.6 20.7 0.2710415673
20.75 20.7 20.8 0.2598298908
20.85 20.8 20.9 0.2712550858
20.95 20.9 21 0.2615789671
21.05 21 21.1 0.2698618777
21.15 21.1 21.2 0.2619039389
21.25 21.2 21.3 0.258702172
21.35 21.3 21.4 0.2521612542
21.45 21.4 21.5 0.2536331487
21.55 21.5 21.6 0.2476427771
21.65 21.6 21.7 0.2465929607
21.75 21.7 21.8 0.242675842
21.85 21.8 21.9 0.2469908071
21.95 21.9 22 0.2375940264
22.05 22 22.1 0.2386224629
22.15 22.1 22.2 0.2341140276
22.25 22.2 22.3 0.2339762895
22.35 22.3 22.4 0.2362016607
22.45 22.4 22.5 0.2205596574
22.55 22.5 22.6 0.2333712368
22.65 22.6 22.7 0.2280273374
22.75 22.7 22.8 0.2182454181
22.85 22.8 22.9 0.2229423712
22.95 22.9 23 0.2174294118
23.05 23 23.1 0.2157030869
23.15 23.1 23.2 0.2107807646
23.25 23.2 23.3 0.2162757942
23.35 23.3 23.4 0.2108046008
23.45 23.4 23.5 0.2106943806
23.55 23.5 23.6 0.2065106397
23.65 23.6 23.7 0.2059091404
23.75 23.7 23.8 0.2099290222
23.85 23.8 23.9 0.2015388291
23.95 23.9 24 0.2002671494
24.05 24 24.1 0.1962121648
24.15 24.1 24.2 0.1968491083
24.25 24.2 24.3 0.1966930758
24.35 24.3 24.4 0.1946800883
24.45 24.4 24.5 0.1912684347
24.55 24.5 24.6 0.1851047265
24.65 24.6 24.7 0.1791623826
24.75 24.7 24.8 0.2040466147
24.85 24.8 24.9 0.1819281119
24.95 24.9 25 0.1908293327
25.05 25 25.1 0.1809927516
25.15 25.1 25.2 0.1733751366
25.25 25.2 25.3 0.180305525
25.35 25.3 25.4 0.1783752372
25.45 25.4 25.5 0.1741592082
25.55 25.5 25.6 0.178969826
25.65 25.6 25.7 0.1709366603
25.75 25.7 25.8 0.1785067854
25.85 25.8 25.9 0.1802669255
25.95 25.9 26 0.1719839102
26.05 26 26.1 0.1682417452
26.15 26.1 26.2 0.1653910523
26.25 26.2 26.3 0.1670059884
26.35 26.3 26.4 0.1565363644
26.45 26.4 26.5 0.1640365669
26.55 26.5 26.6 0.1557243204
26.65 26.6 26.7 0.1503471678
26.75 26.7 26.8 0.1612196634
26.85 26.8 26.9 0.159719874
26.95 26.9 27 0.167478414
27.05 27 27.1 0.1500703707
27.15 27.1 27.2 0.1564882025
27.25 27.2 27.3 0.1533348946
27.35 27.3 27.4 0.1502267627
27.45 27.4 27.5 0.1497654201
27.55 27.5 27.6 0.1487841522
27.65 27.6 27.7 0.1382435527
27.75 27.7 27.8 0.1427796468
27.85 27.8 27.9 0.1337297786
27.95 27.9 28 0.1418322326
28.05 28 28.1 0.1412548186
28.15 28.1 28.2 0.1346759253
28.25 28.2 28.3 0.138081131
28.35 28.3 28.4 0.1322882383
28.45 28.4 28.5 0.1307302348
28.55 28.5 28.6 0.1329786375
28.65 28.6 28.7 0.1321456898
28.75 28.7 28.8 0.1386550062
28.85 28.8 28.9 0.1221114878
28.95 28.9 29 0.1291306063
29.05 29 29.1 0.1330088593
29.15 29.1 29.2 0.1285250131
29.25 29.2 29.3 0.1240460915
29.35 29.3 29.4 0.1216171473
29.45 29.4 29.5 0.1253942708
29.55 29.5 29.6 0.1190100299
29.65 29.6 29.7 0.1249236468
29.75 29.7 29.8 0.1143128566
29.85 29.8 29.9 0.117199889
29.95 29.9 30 0.1212870717
30.05 30 30.1 0.1243133063
30.15 30.1 30.2 0.1150233842
30.25 30.2 30.3 0.1216380715
30.35 30.3 30.4 0.1163969738
30.45 30.4 30.5 0.1116993421
30.55 30.5 30.6 0.117219174
30.65 30.6 30.7 0.1198818187
30.75 30.7 30.8 0.1247332925
30.85 30.8 30.9 0.1100254193
30.95 30.9 31 0.1163702432
31.05 31 31.1 0.1109877635
31.15 31.1 31.2 0.1001904134
31.25 31.2 31.3 0.1040342568
31.35 31.3 31.4 0.115591411
31.45 31.4 31.5 0.1114166504
31.55 31.5 31.6 0.1036783257
31.65 31.6 31.7 0.112333813
31.75 31.7 31.8 0.1114539098
31.85 31.8 31.9 0.1142208328
31.95 31.9 32 0.09917469933
32.05 32 32.1 0.1054161124
32.15 32.1 32.2 0.09953403332
32.25 32.2 32.3 0.09839503874
32.35 32.3 32.4 0.09033552806
32.45 32.4 32.5 0.1012413233
32.55 32.5 32.6 0.09420698188
32.65 32.6 32.7 0.09350970126
32.75 32.7 32.8 0.09858680879
32.85 32.8 32.9 0.1012695576
32.95 32.9 33 0.09578395875
33.05 33 33.1 0.09467865027
33.15 33.1 33.2 0.08840409077
33.25 33.2 33.3 0.0904207125
33.35 33.3 33.4 0.0836509135
33.45 33.4 33.5 0.09839722272
33.55 33.5 33.6 0.09346364227
33.65 33.6 33.7 0.09405621209
33.75 33.7 33.8 0.08006124493
33.85 33.8 33.9 0.08329071445
33.95 33.9 34 0.08437768488
34.05 34 34.1 0.089572733
34.15 34.1 34.2 0.09066505606
34.25 34.2 34.3 0.08477816906
34.35 34.3 34.4 0.08283509011
34.45 34.4 34.5 0.08607593769
34.55 34.5 34.6 0.08321348826
34.65 34.6 34.7 0.0882536648
34.75 34.7 34.8 0.08433211121
34.85 34.8 34.9 0.08527073718
34.95 34.9 35 0.07657280902
35.05 35 35.1 0.07549384347
35.15 35.1 35.2 0.08444807823
35.25 35.2 35.3 0.07917153672
35.35 35.3 35.4 0.08051324279
35.45 35.4 35.5 0.07770919629
35.55 35.5 35.6 0.07788495546
35.65 35.6 35.7 0.07631975929
35.75 35.7 35.8 0.07535595084
35.85 35.8 35.9 0.07931151195
35.95 35.9 36 0.0855384191
36.05 36 36.1 0.07779857619
36.15 36.1 36.2 0.07192400195
36.25 36.2 36.3 0.07494587801
36.35 36.3 36.4 0.06887254006
36.45 36.4 36.5 0.07007971653
36.55 36.5 36.6 0.0703058695
36.65 36.6 36.7 0.0684098351
36.75 36.7 36.8 0.06867885341
36.85 36.8 36.9 0.07284783741
36.95 36.9 37 0.06848832729
37.05 37 37.1 0.07457182417
37.15 37.1 37.2 0.07050028053
37.25 37.2 37.3 0.06801156972
37.35 37.3 37.4 0.06760073819
37.45 37.4 37.5 0.0699957321
37.55 37.5 37.6 0.0704517307
37.65 37.6 37.7 0.0676154636
37.75 37.7 37.8 0.07662334678
37.85 37.8 37.9 0.06665985047
37.95 37.9 38 0.06824887562
38.05 38 38.1 0.06337824761
38.15 38.1 38.2 0.0646321318
38.25 38.2 38.3 0.05972434965
38.35 38.3 38.4 0.06498741206
38.45 38.4 38.5 0.06779985626
38.55 38.5 38.6 0.05499707909
38.65 38.6 38.7 0.06047055405
38.75 38.7 38.8 0.05991452795
38.85 38.8 38.9 0.06492696242
38.95 38.9 39 0.06570783943
39.05 39 39.1 0.06438972724
39.15 39.1 39.2 0.05966318013
39.25 39.2 39.3 0.05806514829
39.35 39.3 39.4 0.05530653667
39.45 39.4 39.5 0.05955151246
39.55 39.5 39.6 0.04900399118
39.65 39.6 39.7 0.05688533538
39.75 39.7 39.8 0.05416510981
39.85 39.8 39.9 0.05602003609
39.95 39.9 40 0.05608936342
40.05 40 40.1 0.05589371921
40.15 40.1 40.2 0.05581288713
40.25 40.2 40.3 0.05390425599
40.35 40.3 40.4 0.05375396579
40.45 40.4 40.5 0.0549566841
40.55 40.5 40.6 0.05473741725
40.65 40.6 40.7 0.04830193558
40.75 40.7 40.8 0.05313632747
40.85 40.8 40.9 0.05418324611
40.95 40.9 41 0.04979273597
41.05 41 41.1 0.04614709689
41.15 41.1 41.2 0.04981810254
41.25 41.2 41.3 0.04643077138
41.35 41.3 41.4 0.05573104192
41.45 41.4 41.5 0.04668281698
41.55 41.5 41.6 0.04560071558
41.65 41.6 41.7 0.04759100721
41.75 41.7 41.8 0.04847697899
41.85 41.8 41.9 0.04580259833
41.95 41.9 42 0.04782483243
42.05 42 42.1 0.05055233937
42.15 42.1 42.2 0.04817752173
42.25 42.2 42.3 0.05070641165
42.35 42.3 42.4 0.05126449633
42.45 42.4 42.5 0.04997653716
42.55 42.5 42.6 0.04418030147
42.65 42.6 42.7 0.04644940511
42.75 42.7 42.8 0.0443552111
42.85 42.8 42.9 0.04157161256
42.95 42.9 43 0.04737100272
43.05 43 43.1 0.04231762261
43.15 43.1 43.2 0.04705591754
43.25 43.2 43.3 0.04060669817
43.35 43.3 43.4 0.04523246025
43.45 43.4 43.5 0.03794002394
43.55 43.5 43.6 0.04952254173
43.65 43.6 43.7 0.04158931724
43.75 43.7 43.8 0.04516411466
43.85 43.8 43.9 0.04045199971
43.95 43.9 44 0.0421500329
44.05 44 44.1 0.04721867689
44.15 44.1 44.2 0.0441728129
44.25 44.2 44.3 0.04137363878
44.35 44.3 44.4 0.04323861882
44.45 44.4 44.5 0.04429278725
44.55 44.5 44.6 0.04436500463
44.65 44.6 44.7 0.04268461403
44.75 44.7 44.8 0.04114751638
44.85 44.8 44.9 0.04109936966
44.95 44.9 45 0.0412981297
45.05 45 45.1 0.04286156427
45.15 45.1 45.2 0.04066455568
45.25 45.2 45.3 0.03822051992
45.35 45.3 45.4 0.03870259017
45.45 45.4 45.5 0.03723107511
45.55 45.5 45.6 0.0389306608
45.65 45.6 45.7 0.03544791155
45.75 45.7 45.8 0.03706477948
45.85 45.8 45.9 0.03673449022
45.95 45.9 46 0.03665748727
46.05 46 46.1 0.03663581902
46.15 46.1 46.2 0.03634784562
46.25 46.2 46.3 0.03807896216
46.35 46.3 46.4 0.03807987859
46.45 46.4 46.5 0.03696445798
46.55 46.5 46.6 0.03681543114
46.65 46.6 46.7 0.02992485265
46.75 46.7 46.8 0.03782291646
46.85 46.8 46.9 0.03663565187
46.95 46.9 47 0.03857306091
47.05 47 47.1 0.0369013651
47.15 47.1 47.2 0.03824734541
47.25 47.2 47.3 0.0270611886
47.35 47.3 47.4 0.03462939723
47.45 47.4 47.5 0.03140558683
47.55 47.5 47.6 0.03160340673
47.65 47.6 47.7 0.03263896408
47.75 47.7 47.8 0.03477572199
47.85 47.8 47.9 0.02821108576
47.95 47.9 48 0.03249872416
48.05 48 48.1 0.02646816844
48.15 48.1 48.2 0.03532412079
48.25 48.2 48.3 0.03047671228
48.35 48.3 48.4 0.03486570522
48.45 48.4 48.5 0.02680935718
48.55 48.5 48.6 0.02948827134
48.65 48.6 48.7 0.03010147266
48.75 48.7 48.8 0.02757204538
48.85 48.8 48.9 0.03463174263
48.95 48.9 49 0.02536957372
49.05 49 49.1 0.02969134706
49.15 49.1 49.2 0.02723454935
49.25 49.2 49.3 0.02997410572
49.35 49.3 49.4 0.02634422736
49.45 49.4 49.5 0.02535371886
49.55 49.5 49.6 0.02413641252
49.65 49.6 49.7 0.02508438173
49.75 49.7 49.8 0.0290066884
49.85 49.8 49.9 0.03104188273
49.95 49.9 50 0.02534942502
50.05 50 50.1 0.02693455393
50.15 50.1 50.2 0.02413972549
50.25 50.2 50.3 0.02631431922
50.35 50.3 50.4 0.02893224345
50.45 50.4 50.5 0.02773594416
50.55 50.5 50.6 0.02805553255
50.65 50.6 50.7 0.02286675798
50.75 50.7 50.8 0.02488386261
50.85 50.8 50.9 0.02558061275
50.95 50.9 51 0.02451891718
51.05 51 51.1 0.03058657467
51.15 51.1 51.2 0.0199882472
51.25 51.2 51.3 0.02583053649
51.35 51.3 51.4 0.02557096258
51.45 51.4 51.5 0.0286633284
51.55 51.5 51.6 0.02338221149
51.65 51.6 51.7 0.02277180555
51.75 51.7 51.8 0.02479603185
51.85 51.8 51.9 0.02413812392
51.95 51.9 52 0.02488563112
52.05 52 52.1 0.02421900367
52.15 52.1 52.2 0.02402298691
52.25 52.2 52.3 0.02029158042
52.35 52.3 52.4 0.02405458846
52.45 52.4 52.5 0.02431988938
52.55 52.5 52.6 0.02268433506
52.65 52.6 52.7 0.02469132355
52.75 52.7 52.8 0.02502131813
52.85 52.8 52.9 0.02682634046
52.95 52.9 53 0.02377819791
53.05 53 53.1 0.02171407337
53.15 53.1 53.2 0.0221169298
53.25 53.2 53.3 0.02072029109
53.35 53.3 53.4 0.0307636125
53.45 53.4 53.5 0.02731331622
53.55 53.5 53.6 0.02194661091
53.65 53.6 53.7 0.02133677809
53.75 53.7 53.8 0.02581072754
53.85 53.8 53.9 0.02097694109
53.95 53.9 54 0.02047848699
54.05 54 54.1 0.02391296424
54.15 54.1 54.2 0.02083006916
54.25 54.2 54.3 0.0180526059
54.35 54.3 54.4 0.0224090913
54.45 54.4 54.5 0.02462122696
54.55 54.5 54.6 0.0171552947
54.65 54.6 54.7 0.01298395125
54.75 54.7 54.8 0.02150030009
54.85 54.8 54.9 0.01939708168
54.95 54.9 55 0.0239748758
55.05 55 55.1 0.02369395384
55.15 55.1 55.2 0.01888163
55.25 55.2 55.3 0.02159788378
55.35 55.3 55.4 0.02616751107
55.45 55.4 55.5 0.02183616988
55.55 55.5 55.6 0.01948166146
55.65 55.6 55.7 0.02033488637
55.75 55.7 55.8 0.01788914213
55.85 55.8 55.9 0.01819142555
55.95 55.9 56 0.01902821731
56.05 56 56.1 0.0241211558
56.15 56.1 56.2 0.01833795137
56.25 56.2 56.3 0.02344642544
56.35 56.3 56.4 0.02204955895
56.45 56.4 56.5 0.01686641658
56.55 56.5 56.6 0.01688769156
56.65 56.6 56.7 0.02154143788
56.75 56.7 56.8 0.02063112735
56.85 56.8 56.9 0.01949783475
56.95 56.9 57 0.01411753578
57.05 57 57.1 0.01385870404
57.15 57.1 57.2 0.01907126822
57.25 57.2 57.3 0.01712045711
57.35 57.3 57.4 0.01869927356
57.45 57.4 57.5 0.0166009018
57.55 57.5 57.6 0.01767751904
57.65 57.6 57.7 0.0174235392
57.75 57.7 57.8 0.01550037871
57.85 57.8 57.9 0.02118271047
57.95 57.9 58 0.01812526646
58.05 58 58.1 0.01912270374
58.15 58.1 58.2 0.01550837527
58.25 58.2 58.3 0.01570315229
58.35 58.3 58.4 0.01722219045
58.45 58.4 58.5 0.02116353783
58.55 58.5 58.6 0.01581425749
58.65 58.6 58.7 0.01440434641
58.75 58.7 58.8 0.01887257043
58.85 58.8 58.9 0.01740666732
58.95 58.9 59 0.01588108923
59.05 59 59.1 0.01237735867
59.15 59.1 59.2 0.02268094891
59.25 59.2 59.3 0.01544092521
59.35 59.3 59.4 0.01418878161
59.45 59.4 59.5 0.01790900555
59.55 59.5 59.6 0.02060576397
59.65 59.6 59.7 0.01772199917
59.75 59.7 59.8 0.01768415847
59.85 59.8 59.9 0.01992260262
59.95 59.9 60 0.01727431449
60.05 60 60.1 0.01917082392
60.15 60.1 60.2 0.01404984102
60.25 60.2 60.3 0.01928594384
60.35 60.3 60.4 0.01545912495
60.45 60.4 60.5 0.01369381127
60.55 60.5 60.6 0.01561005623
60.65 60.6 60.7 0.01385507878
60.75 60.7 60.8 0.01709175537
60.85 60.8 60.9 0.01824204419
60.95 60.9 61 0.01320236883
61.05 61 61.1 0.01758952533
61.15 61.1 61.2 0.01609902311
61.25 61.2 61.3 0.0133961241
61.35 61.3 61.4 0.01296990492
61.45 61.4 61.5 0.01495538434
61.55 61.5 61.6 0.01569724118
61.65 61.6 61.7 0.01321862971
61.75 61.7 61.8 0.01459773196
61.85 61.8 61.9 0.01465792226
61.95 61.9 62 0.01440946228
62.05 62 62.1 0.01280257896
62.15 62.1 62.2 0.01721207799
62.25 62.2 62.3 0.01574028221
62.35 62.3 62.4 0.01302495064
62.45 62.4 62.5 0.01823392716
62.55 62.5 62.6 0.01198618329
62.65 62.6 62.7 0.01431059087
62.75 62.7 62.8 0.01578676789
62.85 62.8 62.9 0.009848845624
62.95 62.9 63 0.01254944163
63.05 63 63.1 0.01090333829
63.15 63.1 63.2 0.01181221508
63.25 63.2 63.3 0.005405171924
63.35 63.3 63.4 0.01523728277
63.45 63.4 63.5 0.01549457678
63.55 63.5 63.6 0.01427765526
63.65 63.6 63.7 0.0122010528
63.75 63.7 63.8 0.01175286366
63.85 63.8 63.9 0.01228911599
63.95 63.9 64 0.01039510517
64.05 64 64.1 0.01156059245
64.15 64.1 64.2 0.01127630113
64.25 64.2 64.3 0.01124866437
64.35 64.3 64.4 0.01069965125
64.45 64.4 64.5 0.009264519064
64.55 64.5 64.6 0.01373739424
64.65 64.6 64.7 0.009043221993
64.75 64.7 64.8 0.008819805268
64.85 64.8 64.9 0.01117317133
64.95 64.9 65 0.01152623883
65.05 65 65.1 0.0123672252
65.15 65.1 65.2 0.00767301199
65.25 65.2 65.3 0.01110975557
65.35 65.3 65.4 0.01402184757
65.45 65.4 65.5 0.01329994737
65.55 65.5 65.6 0.009969406811
65.65 65.6 65.7 0.01042196527
65.75 65.7 65.8 0.009068861406
65.85 65.8 65.9 0.01218681302
65.95 65.9 66 0.01078656684
66.05 66 66.1 0.01378174907
66.15 66.1 66.2 0.007285994566
66.25 66.2 66.3 0.01182370437
66.35 66.3 66.4 0.006174046042
66.45 66.4 66.5 0.01015333419
66.55 66.5 66.6 0.01042661988
66.65 66.6 66.7 0.01234243361
66.75 66.7 66.8 0.01189579002
66.85 66.8 66.9 0.01300532161
66.95 66.9 67 0.01141464848
67.05 67 67.1 0.01162838212
67.15 67.1 67.2 0.01102761366
67.25 67.2 67.3 0.01095972488
67.35 67.3 67.4 0.01118472476
67.45 67.4 67.5 0.01603724904
67.55 67.5 67.6 0.01438160621
67.65 67.6 67.7 0.007587100387
67.75 67.7 67.8 0.01255268102
67.85 67.8 67.9 0.008888512062
67.95 67.9 68 0.00814691724
68.05 68 68.1 0.01165376988
68.15 68.1 68.2 0.006773347217
68.25 68.2 68.3 0.006652541203
68.35 68.3 68.4 0.01260677022
68.45 68.4 68.5 0.01062675812
68.55 68.5 68.6 0.01370920939
68.65 68.6 68.7 0.01338962752
68.75 68.7 68.8 0.009543142209
68.85 68.8 68.9 0.009065764546
68.95 68.9 69 0.009238360413
69.05 69 69.1 0.008384584301
69.15 69.1 69.2 0.01295794395
69.25 69.2 69.3 0.009429090792
69.35 69.3 69.4 0.00940246053
69.45 69.4 69.5 0.007921704194
69.55 69.5 69.6 0.009877460322
69.65 69.6 69.7 0.01251113691
69.75 69.7 69.8 0.008497973065
69.85 69.8 69.9 0.008776960196
69.95 69.9 70 0.01022102743
70.05 70 70.1 0.007565673355
70.15 70.1 70.2 0.007572634897
70.25 70.2 70.3 0.008073363055
70.35 70.3 70.4 0.008795980097
70.45 70.4 70.5 0.006197056014
70.55 70.5 70.6 0.006660383758
70.65 70.6 70.7 0.007984845201
70.75 70.7 70.8 0.01068296021
70.85 70.8 70.9 0.009488267129
70.95 70.9 71 0.006962190434
71.05 71 71.1 0.008328443124
71.15 71.1 71.2 0.008375745709
71.25 71.2 71.3 0.01197397555
71.35 71.3 71.4 0.007836489932
71.45 71.4 71.5 0.006784265456
71.55 71.5 71.6 0.006333619289
71.65 71.6 71.7 0.007838705678
71.75 71.7 71.8 0.006986713732
71.85 71.8 71.9 0.003841467546
71.95 71.9 72 0.006193071813
72.05 72 72.1 0.00645331643
72.15 72.1 72.2 0.007028942416
72.25 72.2 72.3 0.006049579478
72.35 72.3 72.4 0.007436424606
72.45 72.4 72.5 0.00371789822
72.55 72.5 72.6 0.008602871366
72.65 72.6 72.7 0.009281283736
72.75 72.7 72.8 0.008123728312
72.85 72.8 72.9 0.009590154594
72.95 72.9 73 0.00603995741
73.05 73 73.1 0.005657831267
73.15 73.1 73.2 0.005676994072
73.25 73.2 73.3 0.007137366643
73.35 73.3 73.4 0.006395844269
73.45 73.4 73.5 0.00920325628
73.55 73.5 73.6 0.009995158388
73.65 73.6 73.7 0.008943173705
73.75 73.7 73.8 0.004651104609
73.85 73.8 73.9 0.005852571063
73.95 73.9 74 0.007653334345
74.05 74 74.1 0.006427712206
74.15 74.1 74.2 0.007417157985
74.25 74.2 74.3 0.00473949191
74.35 74.3 74.4 0.005528039092
74.45 74.4 74.5 0.00597255985
74.55 74.5 74.6 0.005706096771
74.65 74.6 74.7 0.005478238562
74.75 74.7 74.8 0.005821070249
74.85 74.8 74.9 0.006997903966
74.95 74.9 75 0.005414744165
75.05 75 75.1 0.00569334469
75.15 75.1 75.2 0.005914945376
75.25 75.2 75.3 0.005207403409
75.35 75.3 75.4 0.005993363714
75.45 75.4 75.5 0.007362878065
75.55 75.5 75.6 0.01148586344
75.65 75.6 75.7 0.005639710554
75.75 75.7 75.8 0.004598810901
75.85 75.8 75.9 0.005443247903
75.95 75.9 76 0.006335375481
76.05 76 76.1 0.007087488634
76.15 76.1 76.2 0.007833930749
76.25 76.2 76.3 0.004905454652
76.35 76.3 76.4 0.006487422159
76.45 76.4 76.5 0.00652652638
76.55 76.5 76.6 0.006591185306
76.65 76.6 76.7 0.008725767865
76.75 76.7 76.8 0.00706178528
76.85 76.8 76.9 0.00473053246
76.95 76.9 77 0.006041358608
77.05 77 77.1 0.004024016326
77.15 77.1 77.2 0.006649306234
77.25 77.2 77.3 0.005803556504
77.35 77.3 77.4 0.005655025788
77.45 77.4 77.5 0.006471621254
77.55 77.5 77.6 0.00456700923
77.65 77.6 77.7 0.005674625396
77.75 77.7 77.8 0.006604893482
77.85 77.8 77.9 0.003137865686
77.95 77.9 78 0.004969659709
78.05 78 78.1 0.002884748088
78.15 78.1 78.2 0.005606923375
78.25 78.2 78.3 0.003232280494
78.35 78.3 78.4 0.006723789351
78.45 78.4 78.5 0.005004498162
78.55 78.5 78.6 0.008169526295
78.65 78.6 78.7 0.005273891837
78.75 78.7 78.8 0.00583105453
78.85 78.8 78.9 0.005668376388
78.95 78.9 79 0.002166670224
79.05 79 79.1 0.005276583992
79.15 79.1 79.2 0.007204967389
79.25 79.2 79.3 0.004718017172
79.35 79.3 79.4 0.00433778694
79.45 79.4 79.5 0.004120537162
79.55 79.5 79.6 0.004437955704
79.65 79.6 79.7 0.009356545524
79.75 79.7 79.8 0.005623261636
79.85 79.8 79.9 0.005478513727
79.95 79.9 80 0.00346246529
80.05 80 80.1 0.003310121568
80.15 80.1 80.2 0.004176220057
80.25 80.2 80.3 0.004246772904
80.35 80.3 80.4 0.001346796297
80.45 80.4 80.5 0.004600791707
80.55 80.5 80.6 0.006721279905
80.65 80.6 80.7 0.006342580284
80.75 80.7 80.8 0.003540158379
80.85 80.8 80.9 0.002278132455
80.95 80.9 81 0.004159389343
81.05 81 81.1 0.00741720167
81.15 81.1 81.2 0.00752737183
81.25 81.2 81.3 0.003794104654
81.35 81.3 81.4 0.003227531181
81.45 81.4 81.5 0.004141125782
81.55 81.5 81.6 0.004121442548
81.65 81.6 81.7 0.005683423928
81.75 81.7 81.8 0.0043598323
81.85 81.8 81.9 0.001919901043
81.95 81.9 82 0.006209141204
82.05 82 82.1 0.002873269118
82.15 82.1 82.2 0.003949995825
82.25 82.2 82.3 0.004519062713
82.35 82.3 82.4 0.007544874005
82.45 82.4 82.5 0.005602693429
82.55 82.5 82.6 0.00221752329
82.65 82.6 82.7 0.003968183017
82.75 82.7 82.8 0.001916502673
82.85 82.8 82.9 0.001109879685
82.95 82.9 83 0.001924431968
83.05 83 83.1 0.004756603891
83.15 83.1 83.2 0.003437023406
83.25 83.2 83.3 0.00412556268
83.35 83.3 83.4 0.001933337566
83.45 83.4 83.5 0.004723773561
83.55 83.5 83.6 0.002842392145
83.65 83.6 83.7 0.003419814673
83.75 83.7 83.8 0.004858719915
83.85 83.8 83.9 0.004220892692
83.95 83.9 84 0.004482323595
84.05 84 84.1 0.004042163266
84.15 84.1 84.2 0.002895244485
84.25 84.2 84.3 0.004171532771
84.35 84.3 84.4 0.004692405827
84.45 84.4 84.5 0.00537693441
84.55 84.5 84.6 0.004613490497
84.65 84.6 84.7 0.003245312923
84.75 84.7 84.8 0.004565896841
84.85 84.8 84.9 0.002358912655
84.95 84.9 85 0.005017041913
85.05 85 85.1 0.003777653887
85.15 85.1 85.2 0.001056289848
85.25 85.2 85.3 0.003848116745
85.35 85.3 85.4 0.002919796024
85.45 85.4 85.5 0.004253314984
85.55 85.5 85.6 0.006827180405
85.65 85.6 85.7 0.003350672169
85.75 85.7 85.8 0.004507369493
85.85 85.8 85.9 0.001378120878
85.95 85.9 86 0.0002853701386
86.05 86 86.1 0.002359383799
86.15 86.1 86.2 0.003883964327
86.25 86.2 86.3 0.0006605324962
86.35 86.3 86.4 0.0032290189
86.45 86.4 86.5 0.00285641077
86.55 86.5 86.6 0.002352975275
86.65 86.6 86.7 0.003690254057
86.75 86.7 86.8 0.002033033517
86.85 86.8 86.9 0.002318184953
86.95 86.9 87 0.003440263622
87.05 87 87.1 0.002595562772
87.15 87.1 87.2 0.004679945467
87.25 87.2 87.3 0.001916009101
87.35 87.3 87.4 0.004734833961
87.45 87.4 87.5 0.001349115078
87.55 87.5 87.6 0.003051456324
87.65 87.6 87.7 0.003182360423
87.75 87.7 87.8 0.0009931222486
87.85 87.8 87.9 0.004904089472
87.95 87.9 88 0.005094930247
88.05 88 88.1 0.000977872333
88.15 88.1 88.2 0.002380295071
88.25 88.2 88.3 0.004553020722
88.35 88.3 88.4 0.004705331522
88.45 88.4 88.5 0.003215992458
88.55 88.5 88.6 0.004626728498
88.65 88.6 88.7 0.004577551058
88.75 88.7 88.8 0.003216895714
88.85 88.8 88.9 0.002883979165
88.95 88.9 89 0.00478477465
89.05 89 89.1 0.001405860256
89.15 89.1 89.2 0.005146782409
89.25 89.2 89.3 -0.0003266452045
89.35 89.3 89.4 0.003282673006
89.45 89.4 89.5 0.003723647924
89.55 89.5 89.6 0.001323593253
89.65 89.6 89.7 0.00124948756
89.75 89.7 89.8 0.004232048543
89.85 89.8 89.9 0.003585871794
89.95 89.9 90 0.002724015649
90.05 90 90.1 0.003119113119
90.15 90.1 90.2 0.002531723067
90.25 90.2 90.3 0.00530111673
90.35 90.3 90.4 0.004593849117
90.45 90.4 90.5 0.001210094762
90.55 90.5 90.6 -0.0002665052616
90.65 90.6 90.7 0.0009659648703
90.75 90.7 90.8 0.00408390378
90.85 90.8 90.9 0.002888832328
90.95 90.9 91 0.004130427621
91.05 91 91.1 0.003794231079
91.15 91.1 91.2 0.001682908873
91.25 91.2 91.3 0.004612228165
91.35 91.3 91.4 0.003468922923
91.45 91.4 91.5 0.002733808492
91.55 91.5 91.6 0.003038145387
91.65 91.6 91.7 0.002323300616
91.75 91.7 91.8 0.002571618286
91.85 91.8 91.9 0.001796079403
91.95 91.9 92 0.003153291346
92.05 92 92.1 0.003299169241
92.15 92.1 92.2 0.003386339176
92.25 92.2 92.3 0.003978139062
92.35 92.3 92.4 0.002216945518
92.45 92.4 92.5 0.00277798302
92.55 92.5 92.6 0.001712185424
92.65 92.6 92.7 0.004331691672
92.75 92.7 92.8 0.00162129594
92.85 92.8 92.9 0.002460743787
92.95 92.9 93 0.003191897517
93.05 93 93.1 0.004057064116
93.15 93.1 93.2 0.004117790925
93.25 93.2 93.3 0.001898264061
93.35 93.3 93.4 0.003338747391
93.45 93.4 93.5 0.0002121197543
93.55 93.5 93.6 0.00570588393
93.65 93.6 93.7 0.0053718733
93.75 93.7 93.8 0.002476639424
93.85 93.8 93.9 0.003227565627
93.95 93.9 94 0.001600252547
94.05 94 94.1 0.003693238606
94.15 94.1 94.2 0.004164576512
94.25 94.2 94.3 0.002248781515
94.35 94.3 94.4 0.004705956456
94.45 94.4 94.5 0.0008315820571
94.55 94.5 94.6 0.001384869196
94.65 94.6 94.7 0.004312259994
94.75 94.7 94.8 0.003227672057
94.85 94.8 94.9 0.002463743522
94.95 94.9 95 0.003082099323
95.05 95 95.1 0.003515268248
95.15 95.1 95.2 0.007069186378
95.25 95.2 95.3 0.004711475619
95.35 95.3 95.4 0.005292843417
95.45 95.4 95.5 0.005734040282
95.55 95.5 95.6 0.002708519565
95.65 95.6 95.7 0.004617118912
95.75 95.7 95.8 0.003224204023
95.85 95.8 95.9 0.003075928952
95.95 95.9 96 0.001952077066
96.05 96 96.1 0.0003635495429
96.15 96.1 96.2 0.00479368671
96.25 96.2 96.3 0.003554467872
96.35 96.3 96.4 0.0042578984
96.45 96.4 96.5 0.001932393081
96.55 96.5 96.6 0.003788184593
96.65 96.6 96.7 0.002077152507
96.75 96.7 96.8 0.0003961622485
96.85 96.8 96.9 0.0002201322263
96.95 96.9 97 0.004351890631
97.05 97 97.1 0.005796378806
97.15 97.1 97.2 0.002707518256
97.25 97.2 97.3 0.002036475784
97.35 97.3 97.4 0.003838935508
97.45 97.4 97.5 -0.0003131381552
97.55 97.5 97.6 0.003966964574
97.65 97.6 97.7 0.005725564127
97.75 97.7 97.8 0.001569408441
97.85 97.8 97.9 0.007717454594
97.95 97.9 98 0.003344101859
98.05 98 98.1 0.002627195365
98.15 98.1 98.2 0.002916166905
98.25 98.2 98.3 0.003754131876
98.35 98.3 98.4 0.003532974712
98.45 98.4 98.5 0.004137679096
98.55 98.5 98.6 0.001724803073
98.65 98.6 98.7 0.0008266319664
98.75 98.7 98.8 0.005211584017
98.85 98.8 98.9 0.002368243013
98.95 98.9 99 0.006000629208
99.05 99 99.1 0.003455533722
99.15 99.1 99.2 0.003284825795
99.25 99.2 99.3 0.005315535851
99.35 99.3 99.4 0.003790613677
99.45 99.4 99.5 0.004674883621
99.55 99.5 99.6 0.001482680835
99.65 99.6 99.7 0.001537439013
99.75 99.7 99.8 0.003897273751
99.85 99.8 99.9 0.001424983544
99.95 99.9 100 0.004024770266
100.05 100 100.1 0.004463384113
100.15 100.1 100.2 0.002116185461
100.25 100.2 100.3 0.0006058555895
100.35 100.3 100.4 0.003003683249
100.45 100.4 100.5 0.004956073747
100.55 100.5 100.6 0.004103394353
100.65 100.6 100.7 0.00427368134
100.75 100.7 100.8 0.002187033905
100.85 100.8 100.9 0.003759999691
100.95 100.9 101 0.004467582313
101.05 101 101.1 0.004495318898
101.15 101.1 101.2 0.001401615821
101.25 101.2 101.3 0.003237399185
101.35 101.3 101.4 0.003202652233
101.45 101.4 101.5 0.0044655355
101.55 101.5 101.6 0.004110601474
101.65 101.6 101.7 0.005127717031
101.75 101.7 101.8 0.002976492499
101.85 101.8 101.9 0.002896325416
101.95 101.9 102 0.003618014012
102.05 102 102.1 0.006836726886
102.15 102.1 102.2 0.002921900487
102.25 102.2 102.3 0.002792951664
102.35 102.3 102.4 0.006022590387
102.45 102.4 102.5 0.003757406261
102.55 102.5 102.6 0.002638593263
102.65 102.6 102.7 0.003700150022
102.75 102.7 102.8 0.002686909619
102.85 102.8 102.9 0.001519229456
102.95 102.9 103 0.00469472401
103.05 103 103.1 0.00474736878
103.15 103.1 103.2 0.003468853106
103.25 103.2 103.3 0.004237916887
103.35 103.3 103.4 0.004524460265
103.45 103.4 103.5 0.00440677638
103.55 103.5 103.6 0.001612996614
103.65 103.6 103.7 0.005906349453
103.75 103.7 103.8 0.004338799645
103.85 103.8 103.9 0.003440446404
103.95 103.9 104 0.002530206776
104.05 104 104.1 0.002805102396
104.15 104.1 104.2 0.004902453664
104.25 104.2 104.3 0.003847047178
104.35 104.3 104.4 0.003254327124
104.45 104.4 104.5 0.006723458116
104.55 104.5 104.6 0.005397502955
104.65 104.6 104.7 0.003928266844
104.75 104.7 104.8 0.002550275138
104.85 104.8 104.9 0.002343518297
104.95 104.9 105 0.002697787853
105.05 105 105.1 0.002774486299
105.15 105.1 105.2 0.004704894567
105.25 105.2 105.3 0.002319623596
105.35 105.3 105.4 0.004761261225
105.45 105.4 105.5 0.003993083112
105.55 105.5 105.6 0.00502781079
105.65 105.6 105.7 0.003180267027
105.75 105.7 105.8 0.002479374462
105.85 105.8 105.9 0.001132147833
105.95 105.9 106 0.001922120256
106.05 106 106.1 0.003604193336
106.15 106.1 106.2 0.002773744818
106.25 106.2 106.3 0.003645163092
106.35 106.3 106.4 0.0024697805
106.45 106.4 106.5 0.003508880176
106.55 106.5 106.6 0.0008773582324
106.65 106.6 106.7 0.002921747913
106.75 106.7 106.8 0.00469951303
106.85 106.8 106.9 0.002915961429
106.95 106.9 107 -4.125584582e-05
107.05 107 107.1 0.005173890247
107.15 107.1 107.2 0.003577135478
107.25 107.2 107.3 0.002830461288
107.35 107.3 107.4 0.003718843112
107.45 107.4 107.5 0.002107998616
107.55 107.5 107.6 0.002651505993
107.65 107.6 107.7 0.002862557691
107.75 107.7 107.8 0.005521834802
107.85 107.8 107.9 0.002438951925
107.95 107.9 108 0.004010505565
108.05 108 108.1 0.004761228847
108.15 108.1 108.2 0.005338867199
108.25 108.2 108.3 0.001319424329
108.35 108.3 108.4 0.004150232416
108.45 108.4 108.5 0.002889917827
108.55 108.5 108.6 0.003495609417
108.65 108.6 108.7 0.002213280773
108.75 108.7 108.8 0.003308749635
108.85 108.8 108.9 0.001530297571
108.95 108.9 109 0.001933496995
109.05 109 109.1 0.001689831148
109.15 109.1 109.2 0.001052352639
109.25 109.2 109.3 0.001832219556
109.35 109.3 109.4 0.003587669981
109.45 109.4 109.5 0.001528204408
109.55 109.5 109.6 0.0008100905821
109.65 109.6 109.7 0.002040841968
109.75 109.7 109.8 0.002946014414
109.85 109.8 109.9 0.002793070261
109.95 109.9 110 0.001322686627
110.05 110 110.1 -0.000610206891
110.15 110.1 110.2 0.005446563747
110.25 110.2 110.3 0.001596426266
110.35 110.3 110.4 0.002602392985
110.45 110.4 110.5 0.001387408033
110.55 110.5 110.6 0.00135811162
110.65 110.6 110.7 7.278927341e-05
110.75 110.7 110.8 0.001620766253
110.85 110.8 110.9 0.0005166852807
110.95 110.9 111 0.001584950222
111.05 111 111.1 0.001321372683
111.15 111.1 111.2 0.00332936679
111.25 111.2 111.3 0.002789313419
111.35 111.3 111.4 0.002116140508
111.45 111.4 111.5 0.004187582034
111.55 111.5 111.6 0.000788682902
111.65 111.6 111.7 0.001482936636
111.75 111.7 111.8 0.002290174424
111.85 111.8 111.9 -0.0008604217199
111.95 111.9 112 0.002341029383
112.05 112 112.1 0.0005409226319
112.15 112.1 112.2 0.001464716707
112.25 112.2 112.3 -2.664899311e-05
112.35 112.3 112.4 0.001649364988
112.45 112.4 112.5 0.0004970811609
112.55 112.5 112.6 0.003947650531
112.65 112.6 112.7 0.001387080862
112.75 112.7 112.8 0.003899871932
112.85 112.8 112.9 0.00281144938
112.95 112.9 113 0.0007317359769
113.05 113 113.1 0.002065555427
113.15 113.1 113.2 0.0009145794646
113.25 113.2 113.3 0.00206405467
113.35 113.3 113.4 0.0007567997578
113.45 113.4 113.5 0.00188806151
113.55 113.5 113.6 0.0009711874266
113.65 113.6 113.7 0.003534505525
113.75 113.7 113.8 0.001968326737
113.85 113.8 113.9 0.0009633832609
113.95 113.9 114 0.0007445892272
114.05 114 114.1 -0.0003580161634
114.15 114.1 114.2 0.001256375551
114.25 114.2 114.3 0.0004701298096
114.35 114.3 114.4 0.001433874051
114.45 114.4 114.5 -0.0001041022001
114.55 114.5 114.6 -0.001279777705
114.65 114.6 114.7 0.002228809095
114.75 114.7 114.8 0.001431819223
114.85 114.8 114.9 0.002759177188
114.95 114.9 115 0.0007346176119
115.05 115 115.1 0.0005606539395
115.15 115.1 115.2 -0.0003553865877
115.25 115.2 115.3 1.958556284e-05
115.35 115.3 115.4 0.001257881169
115.45 115.4 115.5 0.002259925889
115.55 115.5 115.6 0.001052186914
115.65 115.6 115.7 0.0008826291948
115.75 115.7 115.8 -0.0008462415679
115.85 115.8 115.9 0.001089370861
115.95 115.9 116 0.001839128769
116.05 116 116.1 0.0001671727447
116.15 116.1 116.2 0.0008721112101
116.25 116.2 116.3 0.002169889013
116.35 116.3 116.4 0.001548114923
116.45 116.4 116.5 0.0005282826826
116.55 116.5 116.6 -0.001857773053
116.65 116.6 116.7 -0.00118601259
116.75 116.7 116.8 0.001506020462
116.85 116.8 116.9 -0.0003346424655
116.95 116.9 117 0.001190164124
117.05 117 117.1 0.002388838121
117.15 117.1 117.2 0.002941355504
117.25 117.2 117.3 0.003168029074
117.35 117.3 117.4 -0.0003043723473
117.45 117.4 117.5 0.001171469975
117.55 117.5 117.6 -0.002051385705
117.65 117.6 117.7 -2.475103556e-05
117.75 117.7 117.8 0.0003948888129
117.85 117.8 117.9 -0.001828254123
117.95 117.9 118 0.001875797183
118.05 118 118.1 0.002707450032
118.15 118.1 118.2 -0.0005358289365
118.25 118.2 118.3 0.002799159751
118.35 118.3 118.4 0.002422917407
118.45 118.4 118.5 -0.0009066178998
118.55 118.5 118.6 -0.001333947151
118.65 118.6 118.7 0.0003392888911
118.75 118.7 118.8 0.00145601258
118.85 118.8 118.9 0.0005978415806
118.95 118.9 119 0.0004666513298
119.05 119 119.1 0.0001707918452
119.15 119.1 119.2 0.001504782407
119.25 119.2 119.3 0.0002817931557
119.35 119.3 119.4 0.0001069267772
119.45 119.4 119.5 0.0008801304261
119.55 119.5 119.6 0.0006068524152
119.65 119.6 119.7 -0.0008756366171
119.75 119.7 119.8 0.001791446091
119.85 119.8 119.9 0.001322099387
119.95 119.9 120 -0.002253176533
120.05 120 120.1 0.00137802871
120.15 120.1 120.2 0.001646706077
120.25 120.2 120.3 0.002538641806
120.35 120.3 120.4 0.001560916278
120.45 120.4 120.5 0.001264204898
120.55 120.5 120.6 0.0005119815904
120.65 120.6 120.7 0.001537250074
120.75 120.7 120.8 -0.001548539845
120.85 120.8 120.9 -0.0007153619423
120.95 120.9 121 0.000757809723
121.05 121 121.1 -0.00100391486
121.15 121.1 121.2 -0.001729434722
121.25 121.2 121.3 -0.0005641395098
121.35 121.3 121.4 -0.001589267105
121.45 121.4 121.5 3.209573808e-05
121.55 121.5 121.6 0.0007151139609
121.65 121.6 121.7 -0.001160300828
121.75 121.7 121.8 0.001956720752
121.85 121.8 121.9 -0.00113150833
121.95 121.9 122 -0.0009398496205
122.05 122 122.1 0.001155130529
122.15 122.1 122.2 -0.001304820215
122.25 122.2 122.3 0.0007317887015
122.35 122.3 122.4 -0.002140031662
122.45 122.4 122.5 -0.00412533693
122.55 122.5 122.6 0.0006335817992
122.65 122.6 122.7 0.0006153245536
122.75 122.7 122.8 -0.001560302195
122.85 122.8 122.9 0.0001189944827
122.95 122.9 123 0.0003764909665
123.05 123 123.1 0.002741982574
123.15 123.1 123.2 0.000261245231
123.25 123.2 123.3 -8.971786813e-05
123.35 123.3 123.4 -0.0001672364848
123.45 123.4 123.5 0.0002448266161
123.55 123.5 123.6 -0.000263397879
123.65 123.6 123.7 0.0009140460758
123.75 123.7 123.8 8.938889797e-05
123.85 123.8 123.9 -0.0004925469988
123.95 123.9 124 -0.0002994662892
124.05 124 124.1 -0.002526692907
124.15 124.1 124.2 0.0006750602245
124.25 124.2 124.3 0.0001254634504
124.35 124.3 124.4 0.000720151506
124.45 124.4 124.5 0.001016708101
124.55 124.5 124.6 -0.0005396054972
124.65 124.6 124.7 -0.0004386778864
124.75 124.7 124.8 -0.0001963341527
124.85 124.8 124.9 -0.001028029135
124.95 124.9 125 0.0003146121441
125.05 125 125.1 -0.001623399997
125.15 125.1 125.2 -0.0006930490175
125.25 125.2 125.3 -0.0009393883066
125.35 125.3 125.4 7.531152397e-05
125.45 125.4 125.5 -0.001377951928
125.55 125.5 125.6 0.0001522309935
125.65 125.6 125.7 0.0001942889321
125.75 125.7 125.8 0.0006085414009
125.85 125.8 125.9 -0.001972517143
125.95 125.9 126 -0.001937190875
126.05 126 126.1 -0.0005807561701
126.15 126.1 126.2 -0.0002594217887
126.25 126.2 126.3 -0.001502098662
126.35 126.3 126.4 0.0005019545717
126.45 126.4 126.5 -0.001908298701
126.55 126.5 126.6 0.0001222045755
126.65 126.6 126.7 -0.002533905932
126.75 126.7 126.8 -0.001305561929
126.85 126.8 126.9 -0.0003621311657
126.95 126.9 127 0.0009162986694
127.05 127 127.1 0.0003673287978
127.15 127.1 127.2 -0.0009930903189
127.25 127.2 127.3 0.0005908507397
127.35 127.3 127.4 0.000902709619
127.45 127.4 127.5 -0.001331923619
127.55 127.5 127.6 -0.001950390547
127.65 127.6 127.7 -0.0005803125877
127.75 127.7 127.8 -0.001092724766
127.85 127.8 127.9 -8.573619616e-05
127.95 127.9 128 -8.37234593e-05
128.05 128 128.1 3.559236321e-06
128.15 128.1 128.2 -0.001068695945
128.25 128.2 128.3 0.000177166191
128.35 128.3 128.4 -0.0004672912018
128.45 128.4 128.5 -0.001023913431
128.55 128.5 128.6 0.0007398173556
128.65 128.6 128.7 0.00038930252
128.75 128.7 128.8 -0.0002834331859
128.85 128.8 128.9 -0.0005817689899
128.95 128.9 129 0.0006346013148
129.05 129 129.1 0.0006795202975
129.15 129.1 129.2 -0.0004246282643
129.25 129.2 129.3 0.0003188816644
129.35 129.3 129.4 -0.001720424123
129.45 129.4 129.5 0.001258090082
129.55 129.5 129.6 -0.0006298535702
129.65 129.6 129.7 -0.001674776996
129.75 129.7 129.8 -0.0003779593431
129.85 129.8 129.9 -0.00138422863
129.95 129.9 130 0.0009362047484
130.05 130 130.1 -0.0005086906301
130.15 130.1 130.2 0.0001566711749
130.25 130.2 130.3 -0.000891319956
130.35 130.3 130.4 -0.0002520508374
130.45 130.4 130.5 -0.0009606542033
130.55 130.5 130.6 -0.002222123156
130.65 130.6 130.7 1.500267304e-05
130.75 130.7 130.8 -0.001325783735
130.85 130.8 130.9 0.001037342776
130.95 130.9 131 -0.001632372073
131.05 131 131.1 -0.001080815492
131.15 131.1 131.2 0.0005901445204
131.25 131.2 131.3 0.00101425559
131.35 131.3 131.4 0.0006062874987
131.45 131.4 131.5 3.602874675e-07
131.55 131.5 131.6 -0.002273817231
131.65 131.6 131.7 0.001313504444
131.75 131.7 131.8 -0.002306388389
131.85 131.8 131.9 -0.0007007214027
131.95 131.9 132 -0.000279754017
132.05 132 132.1 -0.0004986004341
132.15 132.1 132.2 -0.0009442499908
132.25 132.2 132.3 -5.848888381e-05
132.35 132.3 132.4 -0.001371221611
132.45 132.4 132.5 -0.001222464873
132.55 132.5 132.6 -0.001189878763
132.65 132.6 132.7 -0.0008792047824
132.75 132.7 132.8 0.001533157443
132.85 132.8 132.9 -0.001027527342
132.95 132.9 133 -0.001690439746
133.05 133 133.1 -0.0008256727464
133.15 133.1 133.2 -0.0002077631513
133.25 133.2 133.3 -0.0007707651716
133.35 133.3 133.4 0.001743289039
133.45 133.4 133.5 -0.002470937017
133.55 133.5 133.6 -0.00154137786
133.65 133.6 133.7 -0.000372573651
133.75 133.7 133.8 -0.0006109931367
133.85 133.8 133.9 -0.0002514222477
133.95 133.9 134 -0.00157502132
134.05 134 134.1 -0.001339486002
134.15 134.1 134.2 -0.001784064815
134.25 134.2 134.3 -0.001432982598
134.35 134.3 134.4 -0.00157020146
134.45 134.4 134.5 -0.002541529388
134.55 134.5 134.6 -0.00183672718
134.65 134.6 134.7 -0.001120411578
134.75 134.7 134.8 -0.001663221486
134.85 134.8 134.9 -0.001990649296
134.95 134.9 135 -0.00118461723
135.05 135 135.1 -0.002247494339
135.15 135.1 135.2 -0.0004770793987
135.25 135.2 135.3 -0.001732937317
135.35 135.3 135.4 -0.000877637336
135.45 135.4 135.5 -0.001676322909
135.55 135.5 135.6 -0.0009058761748
135.65 135.6 135.7 -0.003302769537
135.75 135.7 135.8 -0.002186011661
135.85 135.8 135.9 -0.0007048614627
135.95 135.9 136 -0.002023594608
136.05 136 136.1 -0.003620205777
136.15 136.1 136.2 -0.001399841243
136.25 136.2 136.3 -0.001540223142
136.35 136.3 136.4 -0.0004267639235
136.45 136.4 136.5 -0.001419242016
136.55 136.5 136.6 -0.002295757041
136.65 136.6 136.7 -0.002319100118
136.75 136.7 136.8 -0.000712421444
136.85 136.8 136.9 -0.00120681731
136.95 136.9 137 -0.001089027839
137.05 137 137.1 -0.001765028259
137.15 137.1 137.2 -0.00196339208
137.25 137.2 137.3 -0.001871320721
137.35 137.3 137.4 -0.0004768418683
137.45 137.4 137.5 -0.003672646799
137.55 137.5 137.6 -0.001171013559
137.65 137.6 137.7 4.348311315e-05
137.75 137.7 137.8 -0.00398043821
137.85 137.8 137.9 -0.002360792513
137.95 137.9 138 -0.0001762662611
138.05 138 138.1 -0.001720405417
138.15 138.1 138.2 -0.001680938504
138.25 138.2 138.3 -0.001533226933
138.35 138.3 138.4 -0.001893833681
138.45 138.4 138.5 -0.001804933242
138.55 138.5 138.6 -0.0006431061765
138.65 138.6 138.7 -0.002552144387
138.75 138.7 138.8 -0.002969091523
138.85 138.8 138.9 -0.001159187303
138.95 138.9 139 -0.0009198381714
139.05 139 139.1 -0.001201192335
139.15 139.1 139.2 -0.001220336532
139.25 139.2 139.3 -0.001420594751
139.35 139.3 139.4 -0.001482125072
139.45 139.4 139.5 -0.001681263623
139.55 139.5 139.6 -0.001174116974
139.65 139.6 139.7 -0.002125674362
139.75 139.7 139.8 -0.0004220643509
139.85 139.8 139.9 -0.003151714071
139.95 139.9 140 -0.002575767751
140.05 140 140.1 -0.002064762377
140.15 140.1 140.2 -0.001531551276
140.25 140.2 140.3 -0.002353296422
140.35 140.3 140.4 -0.002166156813
140.45 140.4 140.5 -0.001326993091
140.55 140.5 140.6 -0.002333193047
140.65 140.6 140.7 -0.002306439624
140.75 140.7 140.8 -0.001574760897
140.85 140.8 140.9 4.191244621e-05
140.95 140.9 141 -0.001426841645
141.05 141 141.1 -0.0007835862109
141.15 141.1 141.2 -0.002718226646
141.25 141.2 141.3 4.55490673e-05
141.35 141.3 141.4 -0.002984144368
141.45 141.4 141.5 -0.000927619662
141.55 141.5 141.6 -0.001986431265
141.65 141.6 141.7 -0.000697037915
141.75 141.7 141.8 -0.00210152196
141.85 141.8 141.9 -0.00238503369
141.95 141.9 142 -0.001066262497
142.05 142 142.1 -0.0007271362056
142.15 142.1 142.2 -0.002963810804
142.25 142.2 142.3 -0.001719018929
142.35 142.3 142.4 -0.001654957286
142.45 142.4 142.5 -0.001735702539
142.55 142.5 142.6 0.0005458632066
142.65 142.6 142.7 0.000495329337
142.75 142.7 142.8 -0.0009195260514
142.85 142.8 142.9 -1.474241997e-05
142.95 142.9 143 -0.002525137196
143.05 143 143.1 -0.002712493406
143.15 143.1 143.2 -0.001195598857
143.25 143.2 143.3 1.677345989e-05
143.35 143.3 143.4 -0.001219216387
143.45 143.4 143.5 -0.00158538489
143.55 143.5 143.6 -0.00125565225
143.65 143.6 143.7 0.0003919472273
143.75 143.7 143.8 -0.0007526769146
143.85 143.8 143.9 0.0004106936546
143.95 143.9 144 -0.0004043924374
144.05 144 144.1 -0.003490294453
144.15 144.1 144.2 -0.002182351776
144.25 144.2 144.3 -0.001016133104
144.35 144.3 144.4 -0.0007684446078
144.45 144.4 144.5 0.000958682136
144.55 144.5 144.6 -0.0002730937116
144.65 144.6 144.7 -0.002049872173
144.75 144.7 144.8 -0.003085564461
144.85 144.8 144.9 -0.001322289411
144.95 144.9 145 -0.001812643699
145.05 145 145.1 -0.001622832197
145.15 145.1 145.2 8.390580709e-05
145.25 145.2 145.3 -0.001444800048
145.35 145.3 145.4 -0.0009678799178
145.45 145.4 145.5 -0.0007215565232
145.55 145.5 145.6 -0.002266336045
145.65 145.6 145.7 -0.003479420815
145.75 145.7 145.8 -0.000647971157
145.85 145.8 145.9 -0.000740336176
145.95 145.9 146 -0.001573044253
146.05 146 146.1 -0.0009217429957
146.15 146.1 146.2 0.0001897527848
146.25 146.2 146.3 -0.001438841521
146.35 146.3 146.4 -0.0002299284138
146.45 146.4 146.5 -0.000540445523
146.55 146.5 146.6 0.0008355847827
146.65 146.6 146.7 -0.00345127554
146.75 146.7 146.8 -0.0009536536224
146.85 146.8 146.9 0.0002044914901
146.95 146.9 147 0.001201193785
147.05 147 147.1 0.0007059420518
147.15 147.1 147.2 -0.0002816085394
147.25 147.2 147.3 -0.002360338447
147.35 147.3 147.4 -0.001594050425
147.45 147.4 147.5 -0.001636644388
147.55 147.5 147.6 -0.0008808769828
147.65 147.6 147.7 0.0001694660084
147.75 147.7 147.8 -0.001642518564
147.85 147.8 147.9 0.0001416440914
147.95 147.9 148 0.0004714293578
148.05 148 148.1 -1.892401525e-06
148.15 148.1 148.2 -0.0006715730752
148.25 148.2 148.3 -0.0004119159995
148.35 148.3 148.4 -0.0006860336688
148.45 148.4 148.5 -0.0005165895435
148.55 148.5 148.6 -0.000726253476
148.65 148.6 148.7 0.0004937305151
148.75 148.7 148.8 0.0006228041056
148.85 148.8 148.9 0.0006262720021
148.95 148.9 149 -0.0004369213676
149.05 149 149.1 -0.0005700374326
149.15 149.1 149.2 -0.0004477482907
149.25 149.2 149.3 -0.001316702339
149.35 149.3 149.4 -0.00191105615
149.45 149.4 149.5 -0.0003059132802
149.55 149.5 149.6 -0.001709152193
149.65 149.6 149.7 -0.0001747971205
149.75 149.7 149.8 -0.001166014665
149.85 149.8 149.9 -0.001422874311
149.95 149.9 150 -0.0009796907238
150.05 150 150.1 -0.002482098753
150.15 150.1 150.2 0.0001449498954
150.25 150.2 150.3 -0.002220871588
150.35 150.3 150.4 0.0001791564712
150.45 150.4 150.5 0.0002691052349
150.55 150.5 150.6 1.86756207e-05
150.65 150.6 150.7 -0.0008282740987
150.75 150.7 150.8 0.00123840845
150.85 150.8 150.9 -0.001740039782
150.95 150.9 151 0.0002717797391
151.05 151 151.1 -0.0008894773688
151.15 151.1 151.2 -0.0002924307932
151.25 151.2 151.3 -0.0007042297181
151.35 151.3 151.4 0.001475437669
151.45 151.4 151.5 0.0001693400922
151.55 151.5 151.6 -0.0002444886842
151.65 151.6 151.7 0.0003514263008
151.75 151.7 151.8 -0.003239065753
151.85 151.8 151.9 0.001131744807
151.95 151.9 152 -0.0007342595059
152.05 152 152.1 -0.001770533081
152.15 152.1 152.2 -0.001500575296
152.25 152.2 152.3 0.0002779698078
152.35 152.3 152.4 -0.001681572221
152.45 152.4 152.5 -0.0001265444157
152.55 152.5 152.6 -0.0005110736655
152.65 152.6 152.7 -4.755180844e-06
152.75 152.7 152.8 -0.001937090439
152.85 152.8 152.9 -0.001115774324
152.95 152.9 153 -0.001931624022
153.05 153 153.1 -0.0006028190112
153.15 153.1 153.2 0.0008117056585
153.25 153.2 153.3 9.629956091e-05
153.35 153.3 153.4 -7.397185726e-05
153.45 153.4 153.5 -0.0004331773617
153.55 153.5 153.6 0.0007557495571
153.65 153.6 153.7 0.0002608324644
153.75 153.7 153.8 0.0006180871814
153.85 153.8 153.9 -0.0004026426015
153.95 153.9 154 -0.0003558745147
154.05 154 154.1 -0.0001052424265
154.15 154.1 154.2 0.0002836638192
154.25 154.2 154.3 -0.001639046138
154.35 154.3 154.4 -0.001747146842
154.45 154.4 154.5 -0.002522138332
154.55 154.5 154.6 -0.0005276416251
154.65 154.6 154.7 0.0003876661418
154.75 154.7 154.8 -0.0003327058501
154.85 154.8 154.9 -1.192779517e-05
154.95 154.9 155 -0.001424909967
155.05 155 155.1 0.0003582039848
155.15 155.1 155.2 -0.000463377652
155.25 155.2 155.3 -0.001265467953
155.35 155.3 155.4 -0.0009478905957
155.45 155.4 155.5 -0.001120465985
155.55 155.5 155.6 -0.0007257962938
155.65 155.6 155.7 0.0001246616714
155.75 155.7 155.8 -0.0003398576394
155.85 155.8 155.9 -0.0007601324072
155.95 155.9 156 -0.0006898822443
156.05 156 156.1 -0.001451529589
156.15 156.1 156.2 -0.0009305966835
156.25 156.2 156.3 0.0007375489813
156.35 156.3 156.4 -0.0004485304128
156.45 156.4 156.5 -0.002171118747
156.55 156.5 156.6 0.0005443107977
156.65 156.6 156.7 -0.0009845842277
156.75 156.7 156.8 -0.001896629731
156.85 156.8 156.9 -0.0004487657268
156.95 156.9 157 -0.0002529027386
157.05 157 157.1 -0.001329125528
157.15 157.1 157.2 -0.002153675222
157.25 157.2 157.3 -0.002503635377
157.35 157.3 157.4 -0.001368003466
157.45 157.4 157.5 -0.0003814600994
157.55 157.5 157.6 0.0009256548606
157.65 157.6 157.7 -0.0005066287821
157.75 157.7 157.8 -0.00122314414
157.85 157.8 157.9 -4.585672242e-05
157.95 157.9 158 -0.0008610213989
158.05 158 158.1 -0.001074978802
158.15 158.1 158.2 -0.002724849857
158.25 158.2 158.3 0.0005363187743
158.35 158.3 158.4 0.0001314119704
158.45 158.4 158.5 -0.0008255062201
158.55 158.5 158.6 -0.0005509185194
158.65 158.6 158.7 -9.690971954e-05
158.75 158.7 158.8 0.001198444732
158.85 158.8 158.9 -0.0007717454239
158.95 158.9 159 -0.000594024926
159.05 159 159.1 -0.0004966352268
159.15 159.1 159.2 -0.001434555148
159.25 159.2 159.3 -0.001733120621
159.35 159.3 159.4 0.0009507708831
159.45 159.4 159.5 0.000799362672
159.55 159.5 159.6 -0.0004562378255
159.65 159.6 159.7 -0.0004581892944
159.75 159.7 159.8 -0.001510546338
159.85 159.8 159.9 0.002039358939
159.95 159.9 160 -0.001304054433
160.05 160 160.1 -0.0001355194629
160.15 160.1 160.2 0.0001695019207
160.25 160.2 160.3 -0.0004791483495
160.35 160.3 160.4 0.0009883745166
160.45 160.4 160.5 -0.001305092622
160.55 160.5 160.6 -0.0002733260473
160.65 160.6 160.7 0.0001759805703
160.75 160.7 160.8 -0.0004873722142
160.85 160.8 160.9 0.0001196597716
160.95 160.9 161 -0.001495343228
161.05 161 161.1 -0.000106028113
161.15 161.1 161.2 0.0006771897562
161.25 161.2 161.3 -0.001283960728
161.35 161.3 161.4 -0.0006365088551
161.45 161.4 161.5 -0.0009641200613
161.55 161.5 161.6 -5.929678541e-05
161.65 161.6 161.7 -0.0009249564622
161.75 161.7 161.8 -0.0007113858588
161.85 161.8 161.9 -0.000784331718
161.95 161.9 162 -0.0005748831675
162.05 162 162.1 0.001329212998
162.15 162.1 162.2 -0.0002945507022
162.25 162.2 162.3 -0.0006832078916
162.35 162.3 162.4 -0.0006257030177
162.45 162.4 162.5 -9.89754225e-06
162.55 162.5 162.6 0.0006782246183
162.65 162.6 162.7 -0.001989321368
162.75 162.7 162.8 -0.0007612126236
162.85 162.8 162.9 -0.001126982247
162.95 162.9 163 -0.0008173753697
163.05 163 163.1 2.804989156e-05
163.15 163.1 163.2 0.0005742701005
163.25 163.2 163.3 -7.448927151e-05
163.35 163.3 163.4 -0.002472302618
163.45 163.4 163.5 0.001326545731
163.55 163.5 163.6 0.001693766401
163.65 163.6 163.7 0.0002209254721
163.75 163.7 163.8 -0.0007378654828
163.85 163.8 163.9 -0.002005851921
163.95 163.9 164 -0.0007837207102
164.05 164 164.1 0.0007311187414
164.15 164.1 164.2 0.0009517972345
164.25 164.2 164.3 0.0007517416812
164.35 164.3 164.4 -0.0009936961288
164.45 164.4 164.5 0.0005323555258
164.55 164.5 164.6 -0.001091068186
164.65 164.6 164.7 0.001270348096
164.75 164.7 164.8 0.001579337265
164.85 164.8 164.9 -0.0006290717051
164.95 164.9 165 -0.001039933982
165.05 165 165.1 -0.001013121978
165.15 165.1 165.2 -0.0007020256576
165.25 165.2 165.3 0.0002001773753
165.35 165.3 165.4 -0.0001883785845
165.45 165.4 165.5 0.0008305770965
165.55 165.5 165.6 -0.0002936420862
165.65 165.6 165.7 -0.0003130667755
165.75 165.7 165.8 -0.0009496189823
165.85 165.8 165.9 0.0001507316185
165.95 165.9 166 -0.0008527893261
166.05 166 166.1 0.001249402319
166.15 166.1 166.2 -0.0006354227685
166.25 166.2 166.3 -0.0001127551934
166.35 166.3 166.4 -0.001102288656
166.45 166.4 166.5 -0.0006335974138
166.55 166.5 166.6 0.001230834083
166.65 166.6 166.7 -0.00124429626
166.75 166.7 166.8 0.001304129591
166.85 166.8 166.9 0.0005561595715
166.95 166.9 167 0.0008798179908
167.05 167 167.1 0.0002547250261
167.15 167.1 167.2 -0.001031311051
167.25 167.2 167.3 -0.0005892220819
167.35 167.3 167.4 0.001385069394
167.45 167.4 167.5 -0.00139191297
167.55 167.5 167.6 -0.001944657206
167.65 167.6 167.7 -0.001345336875
167.75 167.7 167.8 -9.734348419e-05
167.85 167.8 167.9 -1.470333266e-05
167.95 167.9 168 2.993417316e-05
168.05 168 168.1 -5.707542289e-05
168.15 168.1 168.2 0.001151155156
168.25 168.2 168.3 -0.0008041812325
168.35 168.3 168.4 -0.0004031422708
168.45 168.4 168.5 0.0004033083853
168.55 168.5 168.6 0.0006201402357
168.65 168.6 168.7 0.0002152433039
168.75 168.7 168.8 9.828803785e-05
168.85 168.8 168.9 -0.0006457782694
168.95 168.9 169 0.0001327441533
169.05 169 169.1 -8.111945747e-05
169.15 169.1 169.2 0.001124385886
169.25 169.2 169.3 0.0003506043629
169.35 169.3 169.4 -0.001433438719
169.45 169.4 169.5 -0.0004988937615
169.55 169.5 169.6 -0.0007050324547
169.65 169.6 169.7 0.0002378303406
169.75 169.7 169.8 0.0006444178928
169.85 169.8 169.9 0.000317426511
169.95 169.9 170 0.0003458312666
170.05 170 170.1 0.0001179575118
170.15 170.1 170.2 0.000255472957
170.25 170.2 170.3 -0.001618420203
170.35 170.3 170.4 -0.0007135056904
170.45 170.4 170.5 -0.0007346519575
170.55 170.5 170.6 -0.0002488541519
170.65 170.6 170.7 -8.979136897e-05
170.75 170.7 170.8 -0.0004228609827
170.85 170.8 170.9 -0.0007552270465
170.95 170.9 171 -0.001809187442
171.05 171 171.1 7.768183316e-05
171.15 171.1 171.2 -0.001155397867
171.25 171.2 171.3 -0.0005343826891
171.35 171.3 171.4 0.0004457974191
171.45 171.4 171.5 0.0001320654714
171.55 171.5 171.6 -0.0002820509642
171.65 171.6 171.7 -0.0006868038955
171.75 171.7 171.8 -0.0005250238862
171.85 171.8 171.9 0.0009667919557
171.95 171.9 172 7.992548892e-05
172.05 172 172.1 -9.242989131e-05
172.15 172.1 172.2 -0.00113885161
172.25 172.2 172.3 -0.0007008411818
172.35 172.3 172.4 0.001877011458
172.45 172.4 172.5 0.001117683624
172.55 172.5 172.6 -0.0001761372413
172.65 172.6 172.7 -0.001014071629
172.75 172.7 172.8 0.0002494359566
172.85 172.8 172.9 0.0005371791206
172.95 172.9 173 -0.0005462839448
173.05 173 173.1 -8.467295244e-05
173.15 173.1 173.2 0.001136897105
173.25 173.2 173.3 -0.001867335798
173.35 173.3 173.4 7.994767268e-05
173.45 173.4 173.5 -0.0004178257449
173.55 173.5 173.6 0.0003294531718
173.65 173.6 173.7 -0.0008250848866
173.75 173.7 173.8 0.001315473831
173.85 173.8 173.9 0.000183593865
173.95 173.9 174 0.0007720732504
174.05 174 174.1 -0.001213252944
174.15 174.1 174.2 -0.0009534546116
174.25 174.2 174.3 -0.0001895197799
174.35 174.3 174.4 -0.0005920150136
174.45 174.4 174.5 0.0001796092561
174.55 174.5 174.6 -0.0003602092395
174.65 174.6 174.7 -0.001184791189
174.75 174.7 174.8 -0.0003003519358
174.85 174.8 174.9 0.0003215301431
174.95 174.9 175 -0.0004693903443
175.05 175 175.1 0.0002254818701
175.15 175.1 175.2 0.0006877303224
175.25 175.2 175.3 0.001126914518
175.35 175.3 175.4 -0.0002627329318
175.45 175.4 175.5 -0.0001766285278
175.55 175.5 175.6 -0.001015166438
175.65 175.6 175.7 0.0002276308828
175.75 175.7 175.8 -0.0001327546215
175.85 175.8 175.9 0.0001945734214
175.95 175.9 176 0.000200401377
176.05 176 176.1 -0.00187754856
176.15 176.1 176.2 -0.0009041535326
176.25 176.2 176.3 0.002110511151
176.35 176.3 176.4 0.001034481371
176.45 176.4 176.5 0.0001248056476
176.55 176.5 176.6 0.0003430893931
176.65 176.6 176.7 0.0003195066152
176.75 176.7 176.8 -0.001461154647
176.85 176.8 176.9 0.001072946346
176.95 176.9 177 0.0008704666141
177.05 177 177.1 -1.162588236e-05
177.15 177.1 177.2 0.0005124355248
177.25 177.2 177.3 -0.0004196945182
177.35 177.3 177.4 -0.001219481075
177.45 177.4 177.5 0.001243156036
177.55 177.5 177.6 0.0003079106188
177.65 177.6 177.7 0.001128063331
177.75 177.7 177.8 0.000221678372
177.85 177.8 177.9 0.0001107571082
177.95 177.9 178 0.0004754077673
178.05 178 178.1 0.001259445722
178.15 178.1 178.2 -0.001960013735
178.25 178.2 178.3 -0.001483242828
178.35 178.3 178.4 4.168587385e-05
178.45 178.4 178.5 0.0003478064891
178.55 178.5 178.6 0.001108431491
178.65 178.6 178.7 6.516117187e-05
178.75 178.7 178.8 0.0004029186708
178.85 178.8 178.9 6.437537494e-05
178.95 178.9 179 0.001568118993
179.05 179 179.1 0.001664877513
179.15 179.1 179.2 -0.001040466562
179.25 179.2 179.3 -0.0001468262426
179.35 179.3 179.4 -0.001304572623
179.45 179.4 179.5 -0.0006963981931
179.55 179.5 179.6 -0.0001007147527
179.65 179.6 179.7 -0.0004206393879
179.75 179.7 179.8 0.0001987106982
179.85 179.8 179.9 5.487928135e-05
179.95 179.9 180 -0.001420115917
180.05 180 180.1 0.0007121677661
180.15 180.1 180.2 -0.000529972182
180.25 180.2 180.3 0.0009332371273
180.35 180.3 180.4 -0.001172154158
180.45 180.4 180.5 0.001164937085
180.55 180.5 180.6 0.001210703999
180.65 180.6 180.7 0.0005262123255
180.75 180.7 180.8 -0.00015943612
180.85 180.8 180.9 4.169801219e-05
180.95 180.9 181 -0.00114718073
181.05 181 181.1 -0.0009990612793
181.15 181.1 181.2 -0.001846151639
181.25 181.2 181.3 -0.0009416581734
181.35 181.3 181.4 -0.0004206210449
181.45 181.4 181.5 0.00055168619
181.55 181.5 181.6 0.0001230329757
181.65 181.6 181.7 -0.001461929099
181.75 181.7 181.8 0.0001885150252
181.85 181.8 181.9 -5.310155167e-06
181.95 181.9 182 0.000673940601
182.05 182 182.1 -0.001430758906
182.15 182.1 182.2 -0.00111877536
182.25 182.2 182.3 -0.00191861422
182.35 182.3 182.4 0.0009832670629
182.45 182.4 182.5 -0.001532704713
182.55 182.5 182.6 0.0003798804331
182.65 182.6 182.7 -0.0008149296432
182.75 182.7 182.8 -1.358850234e-05
182.85 182.8 182.9 -0.0001145542659
182.95 182.9 183 -0.0003759075341
183.05 183 183.1 -0.0002384184052
183.15 183.1 183.2 0.002276348331
183.25 183.2 183.3 -0.001200691761
183.35 183.3 183.4 0.0009965143749
183.45 183.4 183.5 -0.000182459366
183.55 183.5 183.6 -0.000282904702
183.65 183.6 183.7 -0.0002295279282
183.75 183.7 183.8 -0.0001838455257
183.85 183.8 183.9 -0.000213720459
183.95 183.9 184 0.0006175482136
184.05 184 184.1 0.0005366287551
184.15 184.1 184.2 0.0001467182007
184.25 184.2 184.3 -0.001146751252
184.35 184.3 184.4 -0.000202122373
184.45 184.4 184.5 -0.0009243837209
184.55 184.5 184.6 -0.000116246724
184.65 184.6 184.7 -9.718960934e-05
184.75 184.7 184.8 -0.0009832770028
184.85 184.8 184.9 -0.0004963611168
184.95 184.9 185 0.000330898693
185.05 185 185.1 -0.0005606582109
185.15 185.1 185.2 0.0004278937996
185.25 185.2 185.3 -0.0006671506764
185.35 185.3 185.4 0.0003838655499
185.45 185.4 185.5 0.0003303877035
185.55 185.5 185.6 -0.0005448015451
185.65 185.6 185.7 0.001012802703
185.75 185.7 185.8 -0.0001070263201
185.85 185.8 185.9 0.001096450198
185.95 185.9 186 -0.0005673614926
186.05 186 186.1 -1.41891247e-05
186.15 186.1 186.2 -0.00153252873
186.25 186.2 186.3 -0.001858909025
186.35 186.3 186.4 0.000178683737
186.45 186.4 186.5 -0.001435072874
186.55 186.5 186.6 0.001612711298
186.65 186.6 186.7 -0.00115138663
186.75 186.7 186.8 -0.0002727767599
186.85 186.8 186.9 -0.0006648416426
186.95 186.9 187 -0.0006142970596
187.05 187 187.1 0.0002379546853
187.15 187.1 187.2 -0.0008164229822
187.25 187.2 187.3 0.0006041587003
187.35 187.3 187.4 0.0003256894278
187.45 187.4 187.5 0.0004355953089
187.55 187.5 187.6 -0.0009480587691
187.65 187.6 187.7 -0.0001925063797
187.75 187.7 187.8 0.0002439811131
187.85 187.8 187.9 0.0002520871167
187.95 187.9 188 0.00169694806
188.05 188 188.1 0.001717520755
188.15 188.1 188.2 0.0002431307607
188.25 188.2 188.3 -0.000711539732
188.35 188.3 188.4 0.0002321321055
188.45 188.4 188.5 0.0009542669138
188.55 188.5 188.6 0.0007178492756
188.65 188.6 188.7 0.0005314269885
188.75 188.7 188.8 0.0006413527889
188.85 188.8 188.9 0.0002113500843
188.95 188.9 189 0.00014254776
189.05 189 189.1 0.0007842046443
189.15 189.1 189.2 -0.0003549025322
189.25 189.2 189.3 0.0010678385
189.35 189.3 189.4 -0.0004866990359
189.45 189.4 189.5 0.0003639443411
189.55 189.5 189.6 -0.0007743232795
189.65 189.6 189.7 -0.0001513432528
189.75 189.7 189.8 -0.001486679269
189.85 189.8 189.9 0.0007897338085
189.95 189.9 190 0.0001841408577
190.05 190 190.1 0.0004544330796
190.15 190.1 190.2 -1.703084192e-05
190.25 190.2 190.3 -0.001030934351
190.35 190.3 190.4 0.000606582409
190.45 190.4 190.5 0.0002817792206
190.55 190.5 190.6 -0.0005957292336
190.65 190.6 190.7 -0.000173159104
190.75 190.7 190.8 -0.0007283638928
190.85 190.8 190.9 -0.0009309564507
190.95 190.9 191 -0.0007559507181
191.05 191 191.1 0.0002801882216
191.15 191.1 191.2 -0.001171742296
191.25 191.2 191.3 0.0002133868619
191.35 191.3 191.4 -0.0007365643129
191.45 191.4 191.5 -0.0009284191938
191.55 191.5 191.6 -0.000904455324
191.65 191.6 191.7 0.0003879194822
191.75 191.7 191.8 0.0002931664743
191.85 191.8 191.9 -0.0003807800863
191.95 191.9 192 -0.001024700975
192.05 192 192.1 -0.0006077140047
192.15 192.1 192.2 0.0005290516621
192.25 192.2 192.3 -0.0001378145685
192.35 192.3 192.4 -0.002177494135
192.45 192.4 192.5 0.0006366916564
192.55 192.5 192.6 2.089836854e-05
192.65 192.6 192.7 -0.001416301141
192.75 192.7 192.8 0.0001228315762
192.85 192.8 192.9 -0.00126296098
192.95 192.9 193 0.0004060849074
193.05 193 193.1 -2.064327434e-05
193.15 193.1 193.2 -7.59752099e-05
193.25 193.2 193.3 -0.000628113801
193.35 193.3 193.4 -0.001009623515
193.45 193.4 193.5 -0.001156719121
193.55 193.5 193.6 -0.002922746749
193.65 193.6 193.7 -6.952629704e-05
193.75 193.7 193.8 -0.000544051451
193.85 193.8 193.9 -0.000892804482
193.95 193.9 194 -0.001329803793
194.05 194 194.1 -0.001436640757
194.15 194.1 194.2 0.001289953647
194.25 194.2 194.3 -0.0001530527247
194.35 194.3 194.4 0.001021998838
194.45 194.4 194.5 -6.209737971e-05
194.55 194.5 194.6 -0.000196160341
194.65 194.6 194.7 0.000554604025
194.75 194.7 194.8 -0.0009566229959
194.85 194.8 194.9 -0.0003884371374
194.95 194.9 195 -7.586332198e-05
195.05 195 195.1 6.984780195e-06
195.15 195.1 195.2 0.0003483349084
195.25 195.2 195.3 -0.0006105803799
195.35 195.3 195.4 0.00109814107
195.45 195.4 195.5 -0.0008819399857
195.55 195.5 195.6 -0.001124949236
195.65 195.6 195.7 6.879991182e-05
195.75 195.7 195.8 -0.0008095846188
195.85 195.8 195.9 -0.001771823264
195.95 195.9 196 0.0002851244532
196.05 196 196.1 -0.0006935481891
196.15 196.1 196.2 -0.0003603281501
196.25 196.2 196.3 0.0001730656187
196.35 196.3 196.4 -0.0005668759041
196.45 196.4 196.5 -0.0002381363622
196.55 196.5 196.6 -0.0003032471532
196.65 196.6 196.7 0.0003897734655
196.75 196.7 196.8 -0.0008384749698
196.85 196.8 196.9 -0.0008668269857
196.95 196.9 197 -0.000565985858
197.05 197 197.1 -0.0004927170169
197.15 197.1 197.2 -0.0002542333288
197.25 197.2 197.3 -0.001723017468
197.35 197.3 197.4 -0.0008920666047
197.45 197.4 197.5 -0.001909069634
197.55 197.5 197.6 -0.001078710975
197.65 197.6 197.7 0.000666715914
197.75 197.7 197.8 -0.0007478853285
197.85 197.8 197.9 -0.001124280761
197.95 197.9 198 -0.0003926167189
198.05 198 198.1 -0.002084247879
198.15 198.1 198.2 -0.001619133507
198.25 198.2 198.3 -0.001626417889
198.35 198.3 198.4 -0.0003497592828
198.45 198.4 198.5 -0.002583167638
198.55 198.5 198.6 -0.0008247611313
198.65 198.6 198.7 -0.001259669688
198.75 198.7 198.8 -0.001378320971
198.85 198.8 198.9 -0.001067320008
198.95 198.9 199 -0.0008761626078
199.05 199 199.1 -0.0008855950673
199.15 199.1 199.2 -0.001271179149
199.25 199.2 199.3 -0.002392326292
199.35 199.3 199.4 -0.001560712923
199.45 199.4 199.5 -0.0008366188738
199.55 199.5 199.6 -0.0003098874273
199.65 199.6 199.7 -0.0004002759307
199.75 199.7 199.8 -0.001789518258
199.85 199.8 199.9 -0.0007743554144
199.95 199.9 200 -0.001044298267
