# Columns: s_cen(1) s_min(2) s_max(3) xi_iso(4)
0.05 0 0.1 26.37297665
0.15 0.1 0.2 11.253564
0.25 0.2 0.3 14.86402259
0.35 0.3 0.4 18.92086211
0.45 0.4 0.5 20.58012869
0.55 0.5 0.6 23.01723708
0.65 0.6 0.7 22.57701162
0.75 0.7 0.8 21.18182336
0.85 0.8 0.9 19.51809965
0.95 0.9 1 21.42566268
1.05 1 1.1 19.73147605
1.15 1.1 1.2 19.24344649
1.25 1.2 1.3 19.00808396
1.35 1.3 1.4 17.33414657
1.45 1.4 1.5 16.39455395
1.55 1.5 1.6 16.04994789
1.65 1.6 1.7 14.85318369
1.75 1.7 1.8 13.89775744
1.85 1.8 1.9 13.1384703
1.95 1.9 2 12.70843279
2.05 2 2.1 11.92469567
2.15 2.1 2.2 11.05243562
2.25 2.2 2.3 10.34178312
2.35 2.3 2.4 9.899827861
2.45 2.4 2.5 9.303209329
2.55 2.5 2.6 8.511033581
2.65 2.6 2.7 8.298081855
2.75 2.7 2.8 7.814353254
2.85 2.8 2.9 7.194171477
2.95 2.9 3 7.218657482
3.05 3 3.1 6.641638489
3.15 3.1 3.2 6.423262954
3.25 3.2 3.3 5.973264603
3.35 3.3 3.4 5.857529736
3.45 3.4 3.5 5.441726091
3.55 3.5 3.6 5.412254181
3.65 3.6 3.7 5.147485208
3.75 3.7 3.8 5.046632518
3.85 3.8 3.9 4.820392985
3.95 3.9 4 4.714549319
4.05 4 4.1 4.584009532
4.15 4.1 4.2 4.317596823
4.25 4.2 4.3 4.208674025
4.35 4.3 4.4 4.024539676
4.45 4.4 4.5 3.903291072
4.55 4.5 4.6 3.8785097
4.65 4.6 4.7 3.748819401
4.75 4.7 4.8 3.579469001
4.85 4.8 4.9 3.528726777
4.95 4.9 5 3.464748989
5.05 5 5.1 3.299025707
5.15 5.1 5.2 3.212968648
5.25 5.2 5.3 3.186369708
5.35 5.3 5.4 2.963098094
5.45 5.4 5.5 2.883677067
5.55 5.5 5.6 2.896831418
5.65 5.6 5.7 2.827130572
5.75 5.7 5.8 2.720569628
5.85 5.8 5.9 2.585711206
5.95 5.9 6 2.623535919
6.05 6 6.1 2.528046173
6.15 6.1 6.2 2.452084563
6.25 6.2 6.3 2.388569821
6.35 6.3 6.4 2.280174062
6.45 6.4 6.5 2.305512587
6.55 6.5 6.6 2.243976811
6.65 6.6 6.7 2.135601684
6.75 6.7 6.8 2.175021956
6.85 6.8 6.9 2.082641267
6.95 6.9 7 2.055697389
7.05 7 7.1 1.986923303
7.15 7.1 7.2 1.942109331
7.25 7.2 7.3 1.882466413
7.35 7.3 7.4 1.849739069
7.45 7.4 7.5 1.801109521
7.55 7.5 7.6 1.713879055
7.65 7.6 7.7 1.716556253
7.75 7.7 7.8 1.72733383
7.85 7.8 7.9 1.659188023
7.95 7.9 8 1.662066683
8.05 8 8.1 1.620219252
8.15 8.1 8.2 1.573655749
8.25 8.2 8.3 1.544950975
8.35 8.3 8.4 1.509762522
8.45 8.4 8.5 1.459341439
8.55 8.5 8.6 1.43352146
8.65 8.6 8.7 1.423966744
8.75 8.7 8.8 1.389315208
8.85 8.8 8.9 1.342697124
8.95 8.9 9 1.302640395
9.05 9 9.1 1.335214653
9.15 9.1 9.2 1.294638319
9.25 9.2 9.3 1.259935868
9.35 9.3 9.4 1.258290061
9.45 9.4 9.5 1.204507354
9.55 9.5 9.6 1.162147822
9.65 9.6 9.7 1.16199188
9.75 9.7 9.8 1.124803908
9.85 9.8 9.9 1.151800393
9.95 9.9 10 1.099620608
10.05 10 10.1 1.076631677
10.15 10.1 10.2 1.075392642
10.25 10.2 10.3 1.072599053
10.35 10.3 10.4 1.007521459
10.45 10.4 10.5 0.9894545613
10.55 10.5 10.6 0.988281808
10.65 10.6 10.7 0.9844703492
10.75 10.7 10.8 0.9632627708
10.85 10.8 10.9 0.9470644302
10.95 10.9 11 0.9083831014
11.05 11 11.1 0.9361041757
11.15 11.1 11.2 0.9024237751
11.25 11.2 11.3 0.873677795
11.35 11.3 11.4 0.8707750938
11.45 11.4 11.5 0.8506372221
11.55 11.5 11.6 0.8547564522
11.65 11.6 11.7 0.8271991749
11.75 11.7 11.8 0.8216820447
11.85 11.8 11.9 0.8348546307
11.95 11.9 12 0.8051359072
12.05 12 12.1 0.7996650577
12.15 12.1 12.2 0.7800194071
12.25 12.2 12.3 0.7409870145
12.35 12.3 12.4 0.7353958935
12.45 12.4 12.5 0.7360243098
12.55 12.5 12.6 0.7082538883
12.65 12.6 12.7 0.7048108313
12.75 12.7 12.8 0.709841995
12.85 12.8 12.9 0.7014031492
12.95 12.9 13 0.677314759
13.05 13 13.1 0.6766497008
13.15 13.1 13.2 0.6650342825
13.25 13.2 13.3 0.6591428155
13.35 13.3 13.4 0.6462186424
13.45 13.4 13.5 0.6286935948
13.55 13.5 13.6 0.6368997004
13.65 13.6 13.7 0.6195140242
13.75 13.7 13.8 0.6021898121
13.85 13.8 13.9 0.6028887753
13.95 13.9 14 0.5960648569
14.05 14 14.1 0.583591808
14.15 14.1 14.2 0.5901295022
14.25 14.2 14.3 0.5804680697
14.35 14.3 14.4 0.5600712358
14.45 14.4 14.5 0.5411809175
14.55 14.5 14.6 0.5446724979
14.65 14.6 14.7 0.5488697947
14.75 14.7 14.8 0.5343232339
14.85 14.8 14.9 0.5110187799
14.95 14.9 15 0.5045833911
15.05 15 15.1 0.5228105045
15.15 15.1 15.2 0.5050976554
15.25 15.2 15.3 0.4983487221
15.35 15.3 15.4 0.485598661
15.45 15.4 15.5 0.4733469692
15.55 15.5 15.6 0.482863227
15.65 15.6 15.7 0.4900772111
15.75 15.7 15.8 0.4692263151
15.85 15.8 15.9 0.4741367511
15.95 15.9 16 0.4547086888
16.05 16 16.1 0.4523922574
16.15 16.1 16.2 0.4623656345
16.25 16.2 16.3 0.4390005086
16.35 16.3 16.4 0.4276719634
16.45 16.4 16.5 0.4239343672
16.55 16.5 16.6 0.4337069018
16.65 16.6 16.7 0.4251460384
16.75 16.7 16.8 0.4056590839
16.85 16.8 16.9 0.4033402557
16.95 16.9 17 0.4008618386
17.05 17 17.1 0.4176332112
17.15 17.1 17.2 0.4050275238
17.25 17.2 17.3 0.3947579892
17.35 17.3 17.4 0.4000176853
17.45 17.4 17.5 0.3763938091
17.55 17.5 17.6 0.3829922307
17.65 17.6 17.7 0.3765272743
17.75 17.7 17.8 0.3638341479
17.85 17.8 17.9 0.3720131306
17.95 17.9 18 0.3782826222
18.05 18 18.1 0.3562530954
18.15 18.1 18.2 0.3654351721
18.25 18.2 18.3 0.3463788292
18.35 18.3 18.4 0.3291301171
18.45 18.4 18.5 0.3387694275
18.55 18.5 18.6 0.3414489316
18.65 18.6 18.7 0.3349546322
18.75 18.7 18.8 0.3368082485
18.85 18.8 18.9 0.3188231067
18.95 18.9 19 0.3246938279
19.05 19 19.1 0.3120026427
19.15 19.1 19.2 0.3157309926
19.25 19.2 19.3 0.3070763824
19.35 19.3 19.4 0.3080867047
19.45 19.4 19.5 0.3205866706
19.55 19.5 19.6 0.2954679872
19.65 19.6 19.7 0.3014355439
19.75 19.7 19.8 0.2968007736
19.85 19.8 19.9 0.2948775174
19.95 19.9 20 0.2932839085
20.05 20 20.1 0.2804690728
20.15 20.1 20.2 0.2707204025
20.25 20.2 20.3 0.2881614654
20.35 20.3 20.4 0.284356134
20.45 20.4 20.5 0.2831159776
20.55 20.5 20.6 0.2726539219
20.65 20.6 20.7 0.2725760252
20.75 20.7 20.8 0.2642599255
20.85 20.8 20.9 0.2673231333
20.95 20.9 21 0.2612430175
21.05 21 21.1 0.2618028149
21.15 21.1 21.2 0.2664628397
21.25 21.2 21.3 0.257944668
21.35 21.3 21.4 0.2493108396
21.45 21.4 21.5 0.2478756897
21.55 21.5 21.6 0.2498693194
21.65 21.6 21.7 0.2441987704
21.75 21.7 21.8 0.2575080818
21.85 21.8 21.9 0.2444838951
21.95 21.9 22 0.2407505135
22.05 22 22.1 0.2380244791
22.15 22.1 22.2 0.2355558558
22.25 22.2 22.3 0.2302907078
22.35 22.3 22.4 0.2337705204
22.45 22.4 22.5 0.2368089302
22.55 22.5 22.6 0.2265052862
22.65 22.6 22.7 0.2202002578
22.75 22.7 22.8 0.2092258851
22.85 22.8 22.9 0.2085425824
22.95 22.9 23 0.2066541985
23.05 23 23.1 0.2130683549
23.15 23.1 23.2 0.201108707
23.25 23.2 23.3 0.2039453654
23.35 23.3 23.4 0.2016808628
23.45 23.4 23.5 0.2001821049
23.55 23.5 23.6 0.1994743136
23.65 23.6 23.7 0.1996677771
23.75 23.7 23.8 0.2016934947
23.85 23.8 23.9 0.2005300709
23.95 23.9 24 0.1851744512
24.05 24 24.1 0.1962601325
24.15 24.1 24.2 0.1904842348
24.25 24.2 24.3 0.1988422484
24.35 24.3 24.4 0.1912705693
24.45 24.4 24.5 0.1944680654
24.55 24.5 24.6 0.1855520317
24.65 24.6 24.7 0.176859491
24.75 24.7 24.8 0.1792938677
24.85 24.8 24.9 0.1786290023
24.95 24.9 25 0.1766394215
25.05 25 25.1 0.1889479156
25.15 25.1 25.2 0.1734363277
25.25 25.2 25.3 0.171580195
25.35 25.3 25.4 0.1798247586
25.45 25.4 25.5 0.1792251213
25.55 25.5 25.6 0.1719496834
25.65 25.6 25.7 0.1627037118
25.75 25.7 25.8 0.160652263
25.85 25.8 25.9 0.1680240322
25.95 25.9 26 0.1756708646
26.05 26 26.1 0.1682936626
26.15 26.1 26.2 0.1670923243
26.25 26.2 26.3 0.1729070869
26.35 26.3 26.4 0.1544672569
26.45 26.4 26.5 0.1570439894
26.55 26.5 26.6 0.168032902
26.65 26.6 26.7 0.1595613288
26.75 26.7 26.8 0.1437177784
26.85 26.8 26.9 0.1517690522
26.95 26.9 27 0.1505855297
27.05 27 27.1 0.143426351
27.15 27.1 27.2 0.1458055748
27.25 27.2 27.3 0.1445510094
27.35 27.3 27.4 0.1448983619
27.45 27.4 27.5 0.1430030808
27.55 27.5 27.6 0.1382549117
27.65 27.6 27.7 0.1376976723
27.75 27.7 27.8 0.1393965047
27.85 27.8 27.9 0.1517524177
27.95 27.9 28 0.1418722012
28.05 28 28.1 0.1434307998
28.15 28.1 28.2 0.1280951968
28.25 28.2 28.3 0.1395961928
28.35 28.3 28.4 0.1316872806
28.45 28.4 28.5 0.1360748589
28.55 28.5 28.6 0.1329208195
28.65 28.6 28.7 0.1266356947
28.75 28.7 28.8 0.1369523369
28.85 28.8 28.9 0.1354667119
28.95 28.9 29 0.1281016188
29.05 29 29.1 0.129088702
29.15 29.1 29.2 0.130432337
29.25 29.2 29.3 0.1285597482
29.35 29.3 29.4 0.1266163708
29.45 29.4 29.5 0.1218867654
29.55 29.5 29.6 0.1199181053
29.65 29.6 29.7 0.1198118067
29.75 29.7 29.8 0.1219993996
29.85 29.8 29.9 0.1235654418
29.95 29.9 30 0.1234200535
30.05 30 30.1 0.1184698288
30.15 30.1 30.2 0.118836478
30.25 30.2 30.3 0.1217353465
30.35 30.3 30.4 0.1168829301
30.45 30.4 30.5 0.114501433
30.55 30.5 30.6 0.1085651889
30.65 30.6 30.7 0.1101933744
30.75 30.7 30.8 0.1166668399
30.85 30.8 30.9 0.1088587011
30.95 30.9 31 0.1081387937
31.05 31 31.1 0.1134748324
31.15 31.1 31.2 0.1100650082
31.25 31.2 31.3 0.1094932691
31.35 31.3 31.4 0.1054723446
31.45 31.4 31.5 0.1096701772
31.55 31.5 31.6 0.1087374899
31.65 31.6 31.7 0.09995399489
31.75 31.7 31.8 0.101972991
31.85 31.8 31.9 0.1018976182
31.95 31.9 32 0.09566742884
32.05 32 32.1 0.1033638882
32.15 32.1 32.2 0.09788120382
32.25 32.2 32.3 0.09995729086
32.35 32.3 32.4 0.1021753241
32.45 32.4 32.5 0.1021964643
32.55 32.5 32.6 0.09696430837
32.65 32.6 32.7 0.1030193319
32.75 32.7 32.8 0.09791342146
32.85 32.8 32.9 0.09925119345
32.95 32.9 33 0.09484470449
33.05 33 33.1 0.09476081271
33.15 33.1 33.2 0.09312536178
33.25 33.2 33.3 0.1004734554
33.35 33.3 33.4 0.09532535231
33.45 33.4 33.5 0.0912475763
33.55 33.5 33.6 0.09235641001
33.65 33.6 33.7 0.0892703304
33.75 33.7 33.8 0.08695936125
33.85 33.8 33.9 0.08995836537
33.95 33.9 34 0.08433451779
34.05 34 34.1 0.09367577977
34.15 34.1 34.2 0.08944783378
34.25 34.2 34.3 0.08434350278
34.35 34.3 34.4 0.08382908174
34.45 34.4 34.5 0.07762932537
34.55 34.5 34.6 0.08316172976
34.65 34.6 34.7 0.08585510363
34.75 34.7 34.8 0.07873828752
34.85 34.8 34.9 0.08012328602
34.95 34.9 35 0.08031059621
35.05 35 35.1 0.07842494501
35.15 35.1 35.2 0.08172138411
35.25 35.2 35.3 0.08214057002
35.35 35.3 35.4 0.0839996379
35.45 35.4 35.5 0.0759199684
35.55 35.5 35.6 0.07583747323
35.65 35.6 35.7 0.07061898245
35.75 35.7 35.8 0.08445361524
35.85 35.8 35.9 0.07637652935
35.95 35.9 36 0.07983737143
36.05 36 36.1 0.06967177089
36.15 36.1 36.2 0.07696281455
36.25 36.2 36.3 0.06972044302
36.35 36.3 36.4 0.07496578436
36.45 36.4 36.5 0.07605481914
36.55 36.5 36.6 0.0741671034
36.65 36.6 36.7 0.0720647314
36.75 36.7 36.8 0.07324539441
36.85 36.8 36.9 0.07635600759
36.95 36.9 37 0.06763983329
37.05 37 37.1 0.06809714515
37.15 37.1 37.2 0.06550791408
37.25 37.2 37.3 0.0706220245
37.35 37.3 37.4 0.06079739151
37.45 37.4 37.5 0.06701732429
37.55 37.5 37.6 0.07015960335
37.65 37.6 37.7 0.06555871418
37.75 37.7 37.8 0.06643606504
37.85 37.8 37.9 0.06497052717
37.95 37.9 38 0.06502584403
38.05 38 38.1 0.06799912607
38.15 38.1 38.2 0.06627804334
38.25 38.2 38.3 0.06585574076
38.35 38.3 38.4 0.06292016248
38.45 38.4 38.5 0.06253990822
38.55 38.5 38.6 0.05779010207
38.65 38.6 38.7 0.06149052405
38.75 38.7 38.8 0.06549078505
38.85 38.8 38.9 0.06914944768
38.95 38.9 39 0.06097378583
39.05 39 39.1 0.06139475708
39.15 39.1 39.2 0.05698385429
39.25 39.2 39.3 0.05717398924
39.35 39.3 39.4 0.06083343435
39.45 39.4 39.5 0.05502393917
39.55 39.5 39.6 0.05222516013
39.65 39.6 39.7 0.057409598
39.75 39.7 39.8 0.05535957993
39.85 39.8 39.9 0.05260602209
39.95 39.9 40 0.05698948388
40.05 40 40.1 0.05346251784
40.15 40.1 40.2 0.05010465307
40.25 40.2 40.3 0.05560325961
40.35 40.3 40.4 0.05263088097
40.45 40.4 40.5 0.05495594631
40.55 40.5 40.6 0.05288224993
40.65 40.6 40.7 0.05069115115
40.75 40.7 40.8 0.05057660943
40.85 40.8 40.9 0.04986133685
40.95 40.9 41 0.05108549149
41.05 41 41.1 0.04882016675
41.15 41.1 41.2 0.06011259365
41.25 41.2 41.3 0.05268306351
41.35 41.3 41.4 0.05595703711
41.45 41.4 41.5 0.05245162147
41.55 41.5 41.6 0.05034520446
41.65 41.6 41.7 0.05437501474
41.75 41.7 41.8 0.05052919964
41.85 41.8 41.9 0.05063922029
41.95 41.9 42 0.04614658958
42.05 42 42.1 0.05273676564
42.15 42.1 42.2 0.04979049189
42.25 42.2 42.3 0.04911107224
42.35 42.3 42.4 0.05057843585
42.45 42.4 42.5 0.05190373753
42.55 42.5 42.6 0.0453092882
42.65 42.6 42.7 0.04741248909
42.75 42.7 42.8 0.0499073722
42.85 42.8 42.9 0.0524929441
42.95 42.9 43 0.04918095955
43.05 43 43.1 0.04817640217
43.15 43.1 43.2 0.04744773881
43.25 43.2 43.3 0.04388998493
43.35 43.3 43.4 0.04427407942
43.45 43.4 43.5 0.04314746872
43.55 43.5 43.6 0.04244449335
43.65 43.6 43.7 0.04529208912
43.75 43.7 43.8 0.04225408989
43.85 43.8 43.9 0.04448769547
43.95 43.9 44 0.04216972887
44.05 44 44.1 0.04759560221
44.15 44.1 44.2 0.04237784537
44.25 44.2 44.3 0.04257814661
44.35 44.3 44.4 0.04201209064
44.45 44.4 44.5 0.0480277775
44.55 44.5 44.6 0.04290684816
44.65 44.6 44.7 0.04602562471
44.75 44.7 44.8 0.04269951117
44.85 44.8 44.9 0.04015441734
44.95 44.9 45 0.03991135299
45.05 45 45.1 0.04478150586
45.15 45.1 45.2 0.0409958645
45.25 45.2 45.3 0.04094050266
45.35 45.3 45.4 0.0406951347
45.45 45.4 45.5 0.04355053096
45.55 45.5 45.6 0.03889085869
45.65 45.6 45.7 0.04052911827
45.75 45.7 45.8 0.03950571527
45.85 45.8 45.9 0.04328485659
45.95 45.9 46 0.04258571831
46.05 46 46.1 0.04043911405
46.15 46.1 46.2 0.03635674618
46.25 46.2 46.3 0.04068283552
46.35 46.3 46.4 0.03965594297
46.45 46.4 46.5 0.04369170451
46.55 46.5 46.6 0.03599195889
46.65 46.6 46.7 0.03713470458
46.75 46.7 46.8 0.03338616705
46.85 46.8 46.9 0.03231407707
46.95 46.9 47 0.04272650019
47.05 47 47.1 0.03542070892
47.15 47.1 47.2 0.03725837769
47.25 47.2 47.3 0.03618058105
47.35 47.3 47.4 0.02809380499
47.45 47.4 47.5 0.04324595544
47.55 47.5 47.6 0.03778669099
47.65 47.6 47.7 0.03801497164
47.75 47.7 47.8 0.03420848638
47.85 47.8 47.9 0.04118963012
47.95 47.9 48 0.04178714513
48.05 48 48.1 0.03561894093
48.15 48.1 48.2 0.03707304829
48.25 48.2 48.3 0.0331467887
48.35 48.3 48.4 0.0373926501
48.45 48.4 48.5 0.03479102861
48.55 48.5 48.6 0.03274456335
48.65 48.6 48.7 0.03661884877
48.75 48.7 48.8 0.03275844985
48.85 48.8 48.9 0.03175069812
48.95 48.9 49 0.03106499469
49.05 49 49.1 0.02934634949
49.15 49.1 49.2 0.0325258491
49.25 49.2 49.3 0.03518639032
49.35 49.3 49.4 0.03138361606
49.45 49.4 49.5 0.02988091224
49.55 49.5 49.6 0.03050313549
49.65 49.6 49.7 0.02849375125
49.75 49.7 49.8 0.03005696384
49.85 49.8 49.9 0.03215982917
49.95 49.9 50 0.0305653088
50.05 50 50.1 0.0258456727
50.15 50.1 50.2 0.02914121742
50.25 50.2 50.3 0.02891708911
50.35 50.3 50.4 0.0308177202
50.45 50.4 50.5 0.02653883088
50.55 50.5 50.6 0.02870808455
50.65 50.6 50.7 0.03093568768
50.75 50.7 50.8 0.02836384696
50.85 50.8 50.9 0.03521747466
50.95 50.9 51 0.03002434915
51.05 51 51.1 0.03251195758
51.15 51.1 51.2 0.02519773332
51.25 51.2 51.3 0.02894725523
51.35 51.3 51.4 0.02615075615
51.45 51.4 51.5 0.02604339152
51.55 51.5 51.6 0.02649855111
51.65 51.6 51.7 0.02608524205
51.75 51.7 51.8 0.02951460845
51.85 51.8 51.9 0.0270692278
51.95 51.9 52 0.02680181953
52.05 52 52.1 0.03090554768
52.15 52.1 52.2 0.02608480818
52.25 52.2 52.3 0.02667897321
52.35 52.3 52.4 0.02407137715
52.45 52.4 52.5 0.02620718765
52.55 52.5 52.6 0.02430443
52.65 52.6 52.7 0.02469903843
52.75 52.7 52.8 0.02088232425
52.85 52.8 52.9 0.02651652837
52.95 52.9 53 0.02753122446
53.05 53 53.1 0.02019928932
53.15 53.1 53.2 0.02154557257
53.25 53.2 53.3 0.02918897858
53.35 53.3 53.4 0.02584692147
53.45 53.4 53.5 0.02458309089
53.55 53.5 53.6 0.02407518438
53.65 53.6 53.7 0.02908545805
53.75 53.7 53.8 0.02400778804
53.85 53.8 53.9 0.02502047469
53.95 53.9 54 0.02384874996
54.05 54 54.1 0.0221472193
54.15 54.1 54.2 0.02294168853
54.25 54.2 54.3 0.02285936076
54.35 54.3 54.4 0.02444450388
54.45 54.4 54.5 0.01993361028
54.55 54.5 54.6 0.02619122212
54.65 54.6 54.7 0.0282090068
54.75 54.7 54.8 0.02741209141
54.85 54.8 54.9 0.02687066504
54.95 54.9 55 0.02495488755
55.05 55 55.1 0.02292752582
55.15 55.1 55.2 0.0215194989
55.25 55.2 55.3 0.02532896317
55.35 55.3 55.4 0.02446384933
55.45 55.4 55.5 0.02529297684
55.55 55.5 55.6 0.02212383967
55.65 55.6 55.7 0.02118210299
55.75 55.7 55.8 0.01930819696
55.85 55.8 55.9 0.02276138488
55.95 55.9 56 0.02526401187
56.05 56 56.1 0.01890916403
56.15 56.1 56.2 0.02556571907
56.25 56.2 56.3 0.02311901097
56.35 56.3 56.4 0.02353647549
56.45 56.4 56.5 0.01851633931
56.55 56.5 56.6 0.02062391555
56.65 56.6 56.7 0.01874219845
56.75 56.7 56.8 0.02116938803
56.85 56.8 56.9 0.01882994501
56.95 56.9 57 0.0188233794
57.05 57 57.1 0.01830181879
57.15 57.1 57.2 0.02276493233
57.25 57.2 57.3 0.01732562256
57.35 57.3 57.4 0.02079099477
57.45 57.4 57.5 0.01894510146
57.55 57.5 57.6 0.0170610745
57.65 57.6 57.7 0.02061566878
57.75 57.7 57.8 0.01461815869
57.85 57.8 57.9 0.02438690926
57.95 57.9 58 0.02031657612
58.05 58 58.1 0.0177565244
58.15 58.1 58.2 0.02134003134
58.25 58.2 58.3 0.02144987086
58.35 58.3 58.4 0.02127074425
58.45 58.4 58.5 0.01858548322
58.55 58.5 58.6 0.02133108093
58.65 58.6 58.7 0.01767066425
58.75 58.7 58.8 0.01658315943
58.85 58.8 58.9 0.01831341092
58.95 58.9 59 0.02018814546
59.05 59 59.1 0.01563392107
59.15 59.1 59.2 0.01833994035
59.25 59.2 59.3 0.01754338305
59.35 59.3 59.4 0.01825422648
59.45 59.4 59.5 0.01584474548
59.55 59.5 59.6 0.01598418781
59.65 59.6 59.7 0.01403954832
59.75 59.7 59.8 0.01360331834
59.85 59.8 59.9 0.01887854108
59.95 59.9 60 0.01834204441
60.05 60 60.1 0.0159066149
60.15 60.1 60.2 0.01738765941
60.25 60.2 60.3 0.01710445443
60.35 60.3 60.4 0.01494598248
60.45 60.4 60.5 0.01313469549
60.55 60.5 60.6 0.01635019369
60.65 60.6 60.7 0.01765130753
60.75 60.7 60.8 0.01898829584
60.85 60.8 60.9 0.01492831778
60.95 60.9 61 0.01538922645
61.05 61 61.1 0.01909251815
61.15 61.1 61.2 0.01620639537
61.25 61.2 61.3 0.01882917291
61.35 61.3 61.4 0.01349062227
61.45 61.4 61.5 0.01609397048
61.55 61.5 61.6 0.01426014935
61.65 61.6 61.7 0.01726892687
61.75 61.7 61.8 0.01270679909
61.85 61.8 61.9 0.01397100235
61.95 61.9 62 0.01624756846
62.05 62 62.1 0.01682404274
62.15 62.1 62.2 0.01209960953
62.25 62.2 62.3 0.01273057762
62.35 62.3 62.4 0.01528748992
62.45 62.4 62.5 0.01660849901
62.55 62.5 62.6 0.01138802281
62.65 62.6 62.7 0.01444776724
62.75 62.7 62.8 0.01259921254
62.85 62.8 62.9 0.01563851073
62.95 62.9 63 0.0140302905
63.05 63 63.1 0.01124688559
63.15 63.1 63.2 0.01431718928
63.25 63.2 63.3 0.01548251803
63.35 63.3 63.4 0.01164129242
63.45 63.4 63.5 0.01307741422
63.55 63.5 63.6 0.01289172953
63.65 63.6 63.7 0.01326966517
63.75 63.7 63.8 0.01131109352
63.85 63.8 63.9 0.01439874678
63.95 63.9 64 0.01394938054
64.05 64 64.1 0.01602037919
64.15 64.1 64.2 0.01746577922
64.25 64.2 64.3 0.0104687899
64.35 64.3 64.4 0.008716135617
64.45 64.4 64.5 0.01485627192
64.55 64.5 64.6 0.01417476462
64.65 64.6 64.7 0.01164574661
64.75 64.7 64.8 0.009451140955
64.85 64.8 64.9 0.01266037988
64.95 64.9 65 0.009130826957
65.05 65 65.1 0.01111070807
65.15 65.1 65.2 0.01334941013
65.25 65.2 65.3 0.0139490938
65.35 65.3 65.4 0.01134391433
65.45 65.4 65.5 0.008966988832
65.55 65.5 65.6 0.01078530916
65.65 65.6 65.7 0.01120391652
65.75 65.7 65.8 0.008647079886
65.85 65.8 65.9 0.007824817511
65.95 65.9 66 0.005298012874
66.05 66 66.1 0.00678980916
66.15 66.1 66.2 0.01203676236
66.25 66.2 66.3 0.009016765887
66.35 66.3 66.4 0.01216656956
66.45 66.4 66.5 0.01032794123
66.55 66.5 66.6 0.009810399238
66.65 66.6 66.7 0.007239842745
66.75 66.7 66.8 0.01627858797
66.85 66.8 66.9 0.01184121085
66.95 66.9 67 0.008650838553
67.05 67 67.1 0.009336585812
67.15 67.1 67.2 0.009092078111
67.25 67.2 67.3 0.01171667145
67.35 67.3 67.4 0.009749018946
67.45 67.4 67.5 0.008977437808
67.55 67.5 67.6 0.01234667341
67.65 67.6 67.7 0.009907655508
67.75 67.7 67.8 0.007259795346
67.85 67.8 67.9 0.01135310001
67.95 67.9 68 0.008411987785
68.05 68 68.1 0.01318465155
68.15 68.1 68.2 0.01009589286
68.25 68.2 68.3 0.003677881762
68.35 68.3 68.4 0.003237124435
68.45 68.4 68.5 0.00979071973
68.55 68.5 68.6 0.01056344803
68.65 68.6 68.7 0.0105363131
68.75 68.7 68.8 0.007513723973
68.85 68.8 68.9 0.007738635852
68.95 68.9 69 0.007181820259
69.05 69 69.1 0.01323003352
69.15 69.1 69.2 0.007788697214
69.25 69.2 69.3 0.00751892704
69.35 69.3 69.4 0.009554699449
69.45 69.4 69.5 0.007294513753
69.55 69.5 69.6 0.009829816592
69.65 69.6 69.7 0.0116754302
69.75 69.7 69.8 0.004067144233
69.85 69.8 69.9 0.004424065993
69.95 69.9 70 0.004417302765
70.05 70 70.1 0.008655348405
70.15 70.1 70.2 0.007739116708
70.25 70.2 70.3 0.006392001265
70.35 70.3 70.4 0.007642536004
70.45 70.4 70.5 0.005961044727
70.55 70.5 70.6 0.007428895188
70.65 70.6 70.7 0.006334308657
70.75 70.7 70.8 0.006284208815
70.85 70.8 70.9 0.005739279369
70.95 70.9 71 0.009144744075
71.05 71 71.1 0.008067705011
71.15 71.1 71.2 0.01096921355
71.25 71.2 71.3 0.008064059155
71.35 71.3 71.4 0.009402465985
71.45 71.4 71.5 0.00795719742
71.55 71.5 71.6 0.00789007483
71.65 71.6 71.7 0.007030557803
71.75 71.7 71.8 0.007746547569
71.85 71.8 71.9 0.01054803898
71.95 71.9 72 0.00518880406
72.05 72 72.1 0.005808750209
72.15 72.1 72.2 0.008431877411
72.25 72.2 72.3 0.007481208586
72.35 72.3 72.4 0.008139277411
72.45 72.4 72.5 0.007147464175
72.55 72.5 72.6 0.008995183161
72.65 72.6 72.7 0.006059616349
72.75 72.7 72.8 0.01068701036
72.85 72.8 72.9 0.006605608248
72.95 72.9 73 0.006275360971
73.05 73 73.1 0.005133962055
73.15 73.1 73.2 0.007676902348
73.25 73.2 73.3 0.005081043999
73.35 73.3 73.4 0.00795524505
73.45 73.4 73.5 0.00724577567
73.55 73.5 73.6 0.01027422261
73.65 73.6 73.7 0.006474731915
73.75 73.7 73.8 0.006646353082
73.85 73.8 73.9 0.003623404733
73.95 73.9 74 0.00736692726
74.05 74 74.1 0.004599780492
74.15 74.1 74.2 0.007170929656
74.25 74.2 74.3 0.008679341525
74.35 74.3 74.4 0.005064578739
74.45 74.4 74.5 0.007764791528
74.55 74.5 74.6 0.001901659988
74.65 74.6 74.7 0.006974339342
74.75 74.7 74.8 0.006005562431
74.85 74.8 74.9 0.007760253878
74.95 74.9 75 0.005508090159
75.05 75 75.1 0.003375838212
75.15 75.1 75.2 0.00671437217
75.25 75.2 75.3 0.004755884225
75.35 75.3 75.4 0.004657778358
75.45 75.4 75.5 0.006501911868
75.55 75.5 75.6 0.008463808095
75.65 75.6 75.7 0.006596412767
75.75 75.7 75.8 0.006190286785
75.85 75.8 75.9 0.006549724438
75.95 75.9 76 0.004195945601
76.05 76 76.1 0.009954058803
76.15 76.1 76.2 0.00579114827
76.25 76.2 76.3 0.004352122638
76.35 76.3 76.4 0.006757202211
76.45 76.4 76.5 0.004628155667
76.55 76.5 76.6 0.005814615594
76.65 76.6 76.7 0.005572164428
76.75 76.7 76.8 0.007250340409
76.85 76.8 76.9 0.005270666824
76.95 76.9 77 0.005885809221
77.05 77 77.1 0.009064458477
77.15 77.1 77.2 0.007811281522
77.25 77.2 77.3 0.006967700867
77.35 77.3 77.4 0.003447909754
77.45 77.4 77.5 0.007117609493
77.55 77.5 77.6 0.003613179865
77.65 77.6 77.7 0.003945278223
77.75 77.7 77.8 0.003668051485
77.85 77.8 77.9 0.001459538682
77.95 77.9 78 0.006884002673
78.05 78 78.1 0.004342270829
78.15 78.1 78.2 0.00493705501
78.25 78.2 78.3 0.006436962896
78.35 78.3 78.4 0.005024707983
78.45 78.4 78.5 0.005112699256
78.55 78.5 78.6 0.00307747079
78.65 78.6 78.7 0.002640650357
78.75 78.7 78.8 0.009195983453
78.85 78.8 78.9 0.0096034677
78.95 78.9 79 0.00580066055
79.05 79 79.1 0.005608781296
79.15 79.1 79.2 0.002925905993
79.25 79.2 79.3 0.006673862902
79.35 79.3 79.4 0.005430178144
79.45 79.4 79.5 0.005048374135
79.55 79.5 79.6 0.006191051603
79.65 79.6 79.7 0.00416519406
79.75 79.7 79.8 0.008203929685
79.85 79.8 79.9 0.0055073527
79.95 79.9 80 0.006723047786
80.05 80 80.1 0.005245389467
80.15 80.1 80.2 0.0028233573
80.25 80.2 80.3 0.007545835032
80.35 80.3 80.4 0.001700680085
80.45 80.4 80.5 0.003098258538
80.55 80.5 80.6 0.004446005526
80.65 80.6 80.7 0.005077704281
80.75 80.7 80.8 0.004627646253
80.85 80.8 80.9 0.002001447862
80.95 80.9 81 0.005943528186
81.05 81 81.1 0.005637673071
81.15 81.1 81.2 0.00349461703
81.25 81.2 81.3 0.0048456742
81.35 81.3 81.4 0.002032426354
81.45 81.4 81.5 0.005816969937
81.55 81.5 81.6 0.005924653245
81.65 81.6 81.7 0.003819318499
81.75 81.7 81.8 0.003485459036
81.85 81.8 81.9 0.005471911159
81.95 81.9 82 0.004735882331
82.05 82 82.1 0.0062536066
82.15 82.1 82.2 0.003918482674
82.25 82.2 82.3 0.00364465502
82.35 82.3 82.4 0.001635085898
82.45 82.4 82.5 0.004396878177
82.55 82.5 82.6 0.001091862855
82.65 82.6 82.7 0.005975580153
82.75 82.7 82.8 0.005958822026
82.85 82.8 82.9 0.003058140183
82.95 82.9 83 0.003772657959
83.05 83 83.1 0.002945532984
83.15 83.1 83.2 0.004973784601
83.25 83.2 83.3 0.001386085674
83.35 83.3 83.4 0.003021363726
83.45 83.4 83.5 0.002881453304
83.55 83.5 83.6 0.004853697905
83.65 83.6 83.7 0.002607897792
83.75 83.7 83.8 0.003540432908
83.85 83.8 83.9 0.003855781886
83.95 83.9 84 0.004007644247
84.05 84 84.1 0.006057123657
84.15 84.1 84.2 0.006172272223
84.25 84.2 84.3 0.004587183204
84.35 84.3 84.4 0.001544449537
84.45 84.4 84.5 0.005312472542
84.55 84.5 84.6 0.005644255738
84.65 84.6 84.7 0.005526346559
84.75 84.7 84.8 0.00367429825
84.85 84.8 84.9 0.002136749138
84.95 84.9 85 0.002545965868
85.05 85 85.1 0.005815000198
85.15 85.1 85.2 0.006466064644
85.25 85.2 85.3 0.005200746965
85.35 85.3 85.4 0.0009885518837
85.45 85.4 85.5 0.002595531486
85.55 85.5 85.6 0.005930098158
85.65 85.6 85.7 0.004515389626
85.75 85.7 85.8 0.001481587644
85.85 85.8 85.9 0.005487739365
85.95 85.9 86 0.005034883707
86.05 86 86.1 0.005630995102
86.15 86.1 86.2 0.001958171597
86.25 86.2 86.3 0.001366531406
86.35 86.3 86.4 0.0006675798499
86.45 86.4 86.5 0.004095875554
86.55 86.5 86.6 0.002887049281
86.65 86.6 86.7 0.003116151745
86.75 86.7 86.8 0.002027240195
86.85 86.8 86.9 0.002653354081
86.95 86.9 87 0.00261284537
87.05 87 87.1 0.003235645566
87.15 87.1 87.2 0.004536559323
87.25 87.2 87.3 0.001842458738
87.35 87.3 87.4 0.004424731719
87.45 87.4 87.5 0.0009156942061
87.55 87.5 87.6 0.001931186132
87.65 87.6 87.7 0.006066560699
87.75 87.7 87.8 0.000916616277
87.85 87.8 87.9 -0.0003650139955
87.95 87.9 88 0.001192940664
88.05 88 88.1 0.001290560758
88.15 88.1 88.2 0.003386931995
88.25 88.2 88.3 0.006025690988
88.35 88.3 88.4 0.001137681747
88.45 88.4 88.5 0.001567571398
88.55 88.5 88.6 0.004679937041
88.65 88.6 88.7 0.003659744764
88.75 88.7 88.8 0.003470792573
88.85 88.8 88.9 0.004068129102
88.95 88.9 89 0.003813325843
89.05 89 89.1 0.004511255726
89.15 89.1 89.2 0.002708917907
89.25 89.2 89.3 0.001593331073
89.35 89.3 89.4 0.001221735924
89.45 89.4 89.5 0.004249982048
89.55 89.5 89.6 0.004993981562
89.65 89.6 89.7 0.003785429899
89.75 89.7 89.8 0.003720846989
89.85 89.8 89.9 0.003971480974
89.95 89.9 90 0.001413815705
90.05 90 90.1 0.003211199681
90.15 90.1 90.2 0.001298743538
90.25 90.2 90.3 0.004983395964
90.35 90.3 90.4 0.003576929046
90.45 90.4 90.5 0.001456508208
90.55 90.5 90.6 -0.0008225789439
90.65 90.6 90.7 0.005170501985
90.75 90.7 90.8 0.002396489574
90.85 90.8 90.9 0.00261320188
90.95 90.9 91 0.005747997758
91.05 91 91.1 0.002365204732
91.15 91.1 91.2 0.005806199769
91.25 91.2 91.3 0.004654478609
91.35 91.3 91.4 0.003743814285
91.45 91.4 91.5 0.002200048936
91.55 91.5 91.6 0.001815678138
91.65 91.6 91.7 0.002698684148
91.75 91.7 91.8 0.004240778921
91.85 91.8 91.9 0.00172261892
91.95 91.9 92 0.002810450475
92.05 92 92.1 0.002873481206
92.15 92.1 92.2 0.004225300806
92.25 92.2 92.3 0.003197503076
92.35 92.3 92.4 0.0032989532
92.45 92.4 92.5 0.002806604556
92.55 92.5 92.6 0.00173545883
92.65 92.6 92.7 0.0004019570588
92.75 92.7 92.8 0.002426601529
92.85 92.8 92.9 0.001743380203
92.95 92.9 93 0.0004505683141
93.05 93 93.1 0.001974091347
93.15 93.1 93.2 0.004284258314
93.25 93.2 93.3 0.003641844059
93.35 93.3 93.4 0.004939592721
93.45 93.4 93.5 0.004140961881
93.55 93.5 93.6 -0.0006894462935
93.65 93.6 93.7 0.002880234512
93.75 93.7 93.8 0.004866800305
93.85 93.8 93.9 0.005188118916
93.95 93.9 94 0.005091195752
94.05 94 94.1 0.004907788104
94.15 94.1 94.2 0.004277990069
94.25 94.2 94.3 0.002893154465
94.35 94.3 94.4 0.002923641151
94.45 94.4 94.5 0.003404031135
94.55 94.5 94.6 0.003851514216
94.65 94.6 94.7 0.001850865248
94.75 94.7 94.8 0.004396093565
94.85 94.8 94.9 0.002660919353
94.95 94.9 95 0.002968634118
95.05 95 95.1 0.004533712464
95.15 95.1 95.2 0.00642415839
95.25 95.2 95.3 0.005011921161
95.35 95.3 95.4 0.004339741447
95.45 95.4 95.5 0.002445705543
95.55 95.5 95.6 0.002329729053
95.65 95.6 95.7 0.002965880926
95.75 95.7 95.8 0.002411146294
95.85 95.8 95.9 0.002855880193
95.95 95.9 96 0.001911834956
96.05 96 96.1 0.0002103835354
96.15 96.1 96.2 0.003874755242
96.25 96.2 96.3 0.002910974896
96.35 96.3 96.4 0.00257467852
96.45 96.4 96.5 0.001515400953
96.55 96.5 96.6 0.002642159994
96.65 96.6 96.7 0.0006201212079
96.75 96.7 96.8 0.004528860909
96.85 96.8 96.9 0.004930649572
96.95 96.9 97 0.003595911698
97.05 97 97.1 0.002516290431
97.15 97.1 97.2 0.004679447247
97.25 97.2 97.3 0.005343543765
97.35 97.3 97.4 0.00566312724
97.45 97.4 97.5 0.000778706878
97.55 97.5 97.6 0.003687170049
97.65 97.6 97.7 0.003111909218
97.75 97.7 97.8 0.001410604483
97.85 97.8 97.9 0.004358071084
97.95 97.9 98 0.003778980497
98.05 98 98.1 0.004645583977
98.15 98.1 98.2 0.003714819642
98.25 98.2 98.3 0.001927483404
98.35 98.3 98.4 0.0009363525476
98.45 98.4 98.5 0.003272319769
98.55 98.5 98.6 0.003265133271
98.65 98.6 98.7 0.005807496608
98.75 98.7 98.8 0.0005197726375
98.85 98.8 98.9 0.003062829231
98.95 98.9 99 0.004313472805
99.05 99 99.1 0.004486146186
99.15 99.1 99.2 0.004295787506
99.25 99.2 99.3 0.006192599643
99.35 99.3 99.4 0.004798538263
99.45 99.4 99.5 0.004987354957
99.55 99.5 99.6 0.002203427501
99.65 99.6 99.7 0.003213934763
99.75 99.7 99.8 0.004460644711
99.85 99.8 99.9 0.004090461295
99.95 99.9 100 0.004133427162
100.05 100 100.1 0.004334072272
100.15 100.1 100.2 0.005990617275
100.25 100.2 100.3 0.005648930691
100.35 100.3 100.4 0.001008758797
100.45 100.4 100.5 0.005323117859
100.55 100.5 100.6 0.002801596843
100.65 100.6 100.7 0.003989864205
100.75 100.7 100.8 0.004373598929
100.85 100.8 100.9 0.002506104959
100.95 100.9 101 0.00321057717
101.05 101 101.1 0.001523128564
101.15 101.1 101.2 0.003730475546
101.25 101.2 101.3 0.003878475994
101.35 101.3 101.4 0.003703657285
101.45 101.4 101.5 0.00261881525
101.55 101.5 101.6 0.003724428382
101.65 101.6 101.7 0.004832079926
101.75 101.7 101.8 0.003767830028
101.85 101.8 101.9 0.00417356199
101.95 101.9 102 0.004889959981
102.05 102 102.1 0.001178237224
102.15 102.1 102.2 0.002491634332
102.25 102.2 102.3 0.001911256421
102.35 102.3 102.4 0.003231968846
102.45 102.4 102.5 0.003199409614
102.55 102.5 102.6 0.003619204918
102.65 102.6 102.7 0.006094802784
102.75 102.7 102.8 0.003209839478
102.85 102.8 102.9 0.001826373728
102.95 102.9 103 0.002471872838
103.05 103 103.1 0.002482923338
103.15 103.1 103.2 0.005370406499
103.25 103.2 103.3 0.005819031259
103.35 103.3 103.4 0.001894208978
103.45 103.4 103.5 0.003106096234
103.55 103.5 103.6 0.004106727216
103.65 103.6 103.7 0.002090007397
103.75 103.7 103.8 0.00302419428
103.85 103.8 103.9 0.003304874941
103.95 103.9 104 0.004903590328
104.05 104 104.1 0.001199785069
104.15 104.1 104.2 0.003171185048
104.25 104.2 104.3 0.001781891274
104.35 104.3 104.4 0.005231949377
104.45 104.4 104.5 0.001762691078
104.55 104.5 104.6 0.002012318835
104.65 104.6 104.7 0.003541655638
104.75 104.7 104.8 0.003271606358
104.85 104.8 104.9 0.003787895331
104.95 104.9 105 0.002640853714
105.05 105 105.1 0.002166973939
105.15 105.1 105.2 0.000842846276
105.25 105.2 105.3 0.002124288726
105.35 105.3 105.4 0.005100026762
105.45 105.4 105.5 0.004154879087
105.55 105.5 105.6 0.00363146618
105.65 105.6 105.7 0.00107735636
105.75 105.7 105.8 -0.000941135867
105.85 105.8 105.9 0.004993891977
105.95 105.9 106 0.004116808481
106.05 106 106.1 0.002108190398
106.15 106.1 106.2 0.001152508053
106.25 106.2 106.3 0.003222211386
106.35 106.3 106.4 0.001462764384
106.45 106.4 106.5 0.002009696887
106.55 106.5 106.6 0.0006035181106
106.65 106.6 106.7 0.001790633424
106.75 106.7 106.8 0.001060770933
106.85 106.8 106.9 0.001831768445
106.95 106.9 107 0.00473232209
107.05 107 107.1 0.002569786145
107.15 107.1 107.2 0.002707578615
107.25 107.2 107.3 0.002750569949
107.35 107.3 107.4 0.003113674196
107.45 107.4 107.5 0.001654352642
107.55 107.5 107.6 0.001854761972
107.65 107.6 107.7 0.0006043357922
107.75 107.7 107.8 0.002372751858
107.85 107.8 107.9 0.0007232253908
107.95 107.9 108 0.0005783623231
108.05 108 108.1 0.00318430707
108.15 108.1 108.2 0.005062448769
108.25 108.2 108.3 0.001521921121
108.35 108.3 108.4 0.001964354183
108.45 108.4 108.5 0.000184136767
108.55 108.5 108.6 0.001577512878
108.65 108.6 108.7 0.001370631887
108.75 108.7 108.8 0.002505728811
108.85 108.8 108.9 0.001100258207
108.95 108.9 109 0.001914772563
109.05 109 109.1 0.0003135278996
109.15 109.1 109.2 0.002284702016
109.25 109.2 109.3 0.001475361824
109.35 109.3 109.4 0.001854718347
109.45 109.4 109.5 0.0006721735401
109.55 109.5 109.6 0.001771780189
109.65 109.6 109.7 0.001705161431
109.75 109.7 109.8 0.001054605496
109.85 109.8 109.9 0.00137614667
109.95 109.9 110 0.002973510187
110.05 110 110.1 0.00211003435
110.15 110.1 110.2 0.001173932114
110.25 110.2 110.3 0.004731063026
110.35 110.3 110.4 0.0004186303381
110.45 110.4 110.5 0.001704817097
110.55 110.5 110.6 0.00381370308
110.65 110.6 110.7 0.002054797098
110.75 110.7 110.8 0.001636778439
110.85 110.8 110.9 0.003437541875
110.95 110.9 111 0.002343950835
111.05 111 111.1 0.0005949504209
111.15 111.1 111.2 -1.862322349e-06
111.25 111.2 111.3 0.001479027277
111.35 111.3 111.4 0.002807633735
111.45 111.4 111.5 0.002680238918
111.55 111.5 111.6 0.002891692006
111.65 111.6 111.7 0.003433943698
111.75 111.7 111.8 0.002090695389
111.85 111.8 111.9 0.002980805294
111.95 111.9 112 0.0003166279195
112.05 112 112.1 -0.0002919055545
112.15 112.1 112.2 0.001017190082
112.25 112.2 112.3 0.0009942824647
112.35 112.3 112.4 0.0006200352941
112.45 112.4 112.5 0.002669314025
112.55 112.5 112.6 0.0009377174505
112.65 112.6 112.7 0.003565299728
112.75 112.7 112.8 0.002205858626
112.85 112.8 112.9 0.002388275586
112.95 112.9 113 0.001877400691
113.05 113 113.1 0.00332711415
113.15 113.1 113.2 0.003284054319
113.25 113.2 113.3 0.00323196855
113.35 113.3 113.4 0.001266158285
113.45 113.4 113.5 -0.001375222341
113.55 113.5 113.6 0.0006838901933
113.65 113.6 113.7 0.001984089436
113.75 113.7 113.8 -0.0005962285168
113.85 113.8 113.9 0.000261061915
113.95 113.9 114 0.001015984212
114.05 114 114.1 -0.0001853909076
114.15 114.1 114.2 0.00324046296
114.25 114.2 114.3 0.004603311175
114.35 114.3 114.4 -0.0004214139612
114.45 114.4 114.5 0.00230292963
114.55 114.5 114.6 0.004126139305
114.65 114.6 114.7 0.002584117211
114.75 114.7 114.8 -0.001152639603
114.85 114.8 114.9 0.003459772015
114.95 114.9 115 0.001120828976
115.05 115 115.1 0.001582617839
115.15 115.1 115.2 0.0001821487807
115.25 115.2 115.3 -0.0008506204486
115.35 115.3 115.4 0.002377409063
115.45 115.4 115.5 0.001282567709
115.55 115.5 115.6 0.001933003912
115.65 115.6 115.7 0.001503617321
115.75 115.7 115.8 0.0005572415436
115.85 115.8 115.9 0.0007061432216
115.95 115.9 116 0.003915686354
116.05 116 116.1 0.003025281009
116.15 116.1 116.2 7.584769659e-05
116.25 116.2 116.3 0.002296506713
116.35 116.3 116.4 0.00434562737
116.45 116.4 116.5 0.0008437712869
116.55 116.5 116.6 0.002081632575
116.65 116.6 116.7 0.003176706069
116.75 116.7 116.8 0.001599089964
116.85 116.8 116.9 0.002544942062
116.95 116.9 117 0.003798122899
117.05 117 117.1 0.0003535056159
117.15 117.1 117.2 0.0005538474003
117.25 117.2 117.3 0.0005357214551
117.35 117.3 117.4 0.000238491232
117.45 117.4 117.5 -0.0001158598524
117.55 117.5 117.6 0.001173214582
117.65 117.6 117.7 0.0009288714241
117.75 117.7 117.8 0.001006902172
117.85 117.8 117.9 -0.001313595379
117.95 117.9 118 -0.0006683382047
118.05 118 118.1 0.00074459089
118.15 118.1 118.2 0.003050701736
118.25 118.2 118.3 0.001813894837
118.35 118.3 118.4 0.0001176275244
118.45 118.4 118.5 0.0008773210142
118.55 118.5 118.6 0.002063843427
118.65 118.6 118.7 0.0007020193665
118.75 118.7 118.8 0.001557264116
118.85 118.8 118.9 0.0008564390724
118.95 118.9 119 0.0008674945314
119.05 119 119.1 -0.000722869588
119.15 119.1 119.2 0.001597466485
119.25 119.2 119.3 0.00278309325
119.35 119.3 119.4 0.001512408387
119.45 119.4 119.5 0.001494294709
119.55 119.5 119.6 0.0005345512037
119.65 119.6 119.7 0.001787316353
119.75 119.7 119.8 0.0002947892251
119.85 119.8 119.9 0.002487235955
119.95 119.9 120 0.002256125147
120.05 120 120.1 0.001664534646
120.15 120.1 120.2 -0.0003274078663
120.25 120.2 120.3 -0.0003079099341
120.35 120.3 120.4 0.0004545990422
120.45 120.4 120.5 0.002556827629
120.55 120.5 120.6 0.001399567115
120.65 120.6 120.7 0.001985964133
120.75 120.7 120.8 0.002166974789
120.85 120.8 120.9 -0.0009908170019
120.95 120.9 121 0.001671599951
121.05 121 121.1 0.002834036598
121.15 121.1 121.2 0.0002164135999
121.25 121.2 121.3 0.0005661667743
121.35 121.3 121.4 0.002447371716
121.45 121.4 121.5 7.732185173e-05
121.55 121.5 121.6 0.001567587981
121.65 121.6 121.7 0.002556341425
121.75 121.7 121.8 0.001664709033
121.85 121.8 121.9 0.004279452802
121.95 121.9 122 0.0004253428661
122.05 122 122.1 0.002085564969
122.15 122.1 122.2 -0.0001722356825
122.25 122.2 122.3 -0.001294660398
122.35 122.3 122.4 0.001689713691
122.45 122.4 122.5 0.001977089415
122.55 122.5 122.6 0.001121446121
122.65 122.6 122.7 0.001768444406
122.75 122.7 122.8 0.002683217163
122.85 122.8 122.9 -0.001279919409
122.95 122.9 123 0.001563616041
123.05 123 123.1 9.371332653e-05
123.15 123.1 123.2 6.291605754e-06
123.25 123.2 123.3 0.002308978394
123.35 123.3 123.4 0.001188208717
123.45 123.4 123.5 0.0003683161063
123.55 123.5 123.6 -0.0007783015961
123.65 123.6 123.7 -0.0005614341121
123.75 123.7 123.8 0.00149546047
123.85 123.8 123.9 0.001516445903
123.95 123.9 124 -3.198233885e-05
124.05 124 124.1 0.001382103072
124.15 124.1 124.2 0.0004838581501
124.25 124.2 124.3 -5.631440327e-05
124.35 124.3 124.4 0.001700075285
124.45 124.4 124.5 0.001097762685
124.55 124.5 124.6 0.0009266651431
124.65 124.6 124.7 0.0008228647984
124.75 124.7 124.8 0.0008923000444
124.85 124.8 124.9 0.0006609272656
124.95 124.9 125 -0.0002212275034
125.05 125 125.1 -0.002099614532
125.15 125.1 125.2 -0.001473092967
125.25 125.2 125.3 0.002264814275
125.35 125.3 125.4 -0.0007240363549
125.45 125.4 125.5 -0.0002116083407
125.55 125.5 125.6 0.002283537601
125.65 125.6 125.7 0.0008246132198
125.75 125.7 125.8 -0.0005214056278
125.85 125.8 125.9 0.002494739971
125.95 125.9 126 -0.00129805347
126.05 126 126.1 -0.0008687213057
126.15 126.1 126.2 0.0002485484978
126.25 126.2 126.3 -0.002199029172
126.35 126.3 126.4 0.0006394417881
126.45 126.4 126.5 -0.0003861612125
126.55 126.5 126.6 -0.0003993266722
126.65 126.6 126.7 -0.0004977880954
126.75 126.7 126.8 -0.0003116315005
126.85 126.8 126.9 0.00147046078
126.95 126.9 127 0.001262815622
127.05 127 127.1 0.0004750564073
127.15 127.1 127.2 -0.0003378158984
127.25 127.2 127.3 -2.055543765e-05
127.35 127.3 127.4 0.0002969783688
127.45 127.4 127.5 0.001186065285
127.55 127.5 127.6 0.001613302223
127.65 127.6 127.7 -0.001426731367
127.75 127.7 127.8 -0.0003076331325
127.85 127.8 127.9 0.0008526855817
127.95 127.9 128 -0.001797375693
128.05 128 128.1 0.0004200061419
128.15 128.1 128.2 -0.0006688500861
128.25 128.2 128.3 0.001099937901
128.35 128.3 128.4 -0.0004227242437
128.45 128.4 128.5 0.0004668448688
128.55 128.5 128.6 -0.001291892613
128.65 128.6 128.7 -0.001270834961
128.75 128.7 128.8 -0.001198992316
128.85 128.8 128.9 -0.0007941996984
128.95 128.9 129 -0.0021672994
129.05 129 129.1 0.0005230888711
129.15 129.1 129.2 0.001702841612
129.25 129.2 129.3 0.001569462779
129.35 129.3 129.4 -0.0009704842243
129.45 129.4 129.5 0.001184764677
129.55 129.5 129.6 -0.0008518359058
129.65 129.6 129.7 0.001058963171
129.75 129.7 129.8 -0.001781692121
129.85 129.8 129.9 -0.0003365318367
129.95 129.9 130 -0.0009423554664
130.05 130 130.1 -2.059020316e-05
130.15 130.1 130.2 0.0001903724724
130.25 130.2 130.3 -0.001125806651
130.35 130.3 130.4 -0.001285658506
130.45 130.4 130.5 -0.0008860209976
130.55 130.5 130.6 0.0004797314377
130.65 130.6 130.7 0.0007081392594
130.75 130.7 130.8 0.0001671282456
130.85 130.8 130.9 -0.001969573358
130.95 130.9 131 -0.0004540270077
131.05 131 131.1 0.0004526294034
131.15 131.1 131.2 -0.000473132975
131.25 131.2 131.3 -0.001413136839
131.35 131.3 131.4 -0.0005961623498
131.45 131.4 131.5 -6.686609753e-05
131.55 131.5 131.6 -0.0004605261462
131.65 131.6 131.7 -0.002602517263
131.75 131.7 131.8 0.001174325109
131.85 131.8 131.9 -0.0007942264713
131.95 131.9 132 0.0009745204432
132.05 132 132.1 -0.0008129654105
132.15 132.1 132.2 -0.0004106175778
132.25 132.2 132.3 -0.002712610508
132.35 132.3 132.4 4.251746051e-06
132.45 132.4 132.5 0.0002900788323
132.55 132.5 132.6 -0.001363326427
132.65 132.6 132.7 -0.0002576062089
132.75 132.7 132.8 0.0001662142074
132.85 132.8 132.9 0.0001917191431
132.95 132.9 133 -0.0006247785079
133.05 133 133.1 -0.0009854515996
133.15 133.1 133.2 -0.00162166018
133.25 133.2 133.3 0.0008773271072
133.35 133.3 133.4 -0.00138846433
133.45 133.4 133.5 0.0007768828486
133.55 133.5 133.6 -0.001011832541
133.65 133.6 133.7 -0.0008667669556
133.75 133.7 133.8 -0.001965233593
133.85 133.8 133.9 -2.604660606e-05
133.95 133.9 134 -0.0002143485746
134.05 134 134.1 0.0009145193631
134.15 134.1 134.2 -0.0004943923848
134.25 134.2 134.3 -0.0007902799336
134.35 134.3 134.4 -0.0007886840614
134.45 134.4 134.5 -0.001354256595
134.55 134.5 134.6 -0.001207754305
134.65 134.6 134.7 -0.001960868163
134.75 134.7 134.8 -0.001853297228
134.85 134.8 134.9 -0.0002602118156
134.95 134.9 135 -0.0007480327065
135.05 135 135.1 -0.001931009637
135.15 135.1 135.2 -0.0009605573482
135.25 135.2 135.3 -3.035817701e-05
135.35 135.3 135.4 -0.0006862963411
135.45 135.4 135.5 -0.003172039836
135.55 135.5 135.6 -0.0001125366622
135.65 135.6 135.7 -0.0002309236355
135.75 135.7 135.8 -0.0007120482538
135.85 135.8 135.9 -0.0002212921836
135.95 135.9 136 0.0004446039762
136.05 136 136.1 -0.0002877529946
136.15 136.1 136.2 -0.001281630199
136.25 136.2 136.3 0.0005035825133
136.35 136.3 136.4 0.001011156484
136.45 136.4 136.5 -0.001640580893
136.55 136.5 136.6 -0.0003053698298
136.65 136.6 136.7 -0.003088384678
136.75 136.7 136.8 -9.186190027e-05
136.85 136.8 136.9 -0.001291061381
136.95 136.9 137 -0.0009302554037
137.05 137 137.1 0.0004651823893
137.15 137.1 137.2 5.261657219e-06
137.25 137.2 137.3 -0.0005170813066
137.35 137.3 137.4 0.001437370484
137.45 137.4 137.5 -0.0006621185615
137.55 137.5 137.6 -0.0004210214439
137.65 137.6 137.7 -0.0009758114361
137.75 137.7 137.8 0.0003627126713
137.85 137.8 137.9 -6.267236014e-05
137.95 137.9 138 -0.0004193314384
138.05 138 138.1 -0.001060243281
138.15 138.1 138.2 -0.0005352338277
138.25 138.2 138.3 -0.002268793362
138.35 138.3 138.4 -0.0006064907156
138.45 138.4 138.5 0.0006428384243
138.55 138.5 138.6 -2.930977303e-05
138.65 138.6 138.7 -0.002816320179
138.75 138.7 138.8 -0.0005829181133
138.85 138.8 138.9 -0.001098498824
138.95 138.9 139 0.000445996676
139.05 139 139.1 -0.0003001170236
139.15 139.1 139.2 -0.002036087087
139.25 139.2 139.3 -0.0006231685042
139.35 139.3 139.4 -0.001341894345
139.45 139.4 139.5 -0.000749410308
139.55 139.5 139.6 -0.001022758967
139.65 139.6 139.7 0.0005835221868
139.75 139.7 139.8 -0.0008009940304
139.85 139.8 139.9 0.0003479109796
139.95 139.9 140 -0.001402130842
140.05 140 140.1 -0.002497404173
140.15 140.1 140.2 -0.0002722751967
140.25 140.2 140.3 -0.000983290649
140.35 140.3 140.4 -0.0004532836435
140.45 140.4 140.5 0.0002454776448
140.55 140.5 140.6 -0.001285701473
140.65 140.6 140.7 0.0005347989878
140.75 140.7 140.8 -6.067211895e-05
140.85 140.8 140.9 -0.001658521581
140.95 140.9 141 0.0003466822017
141.05 141 141.1 0.0002120724704
141.15 141.1 141.2 -0.0009912256619
141.25 141.2 141.3 -0.001454407772
141.35 141.3 141.4 -0.0005022805996
141.45 141.4 141.5 -0.0009303909373
141.55 141.5 141.6 -0.0007817279543
141.65 141.6 141.7 -0.0006629438692
141.75 141.7 141.8 -0.0005763889055
141.85 141.8 141.9 -0.000470423905
141.95 141.9 142 -0.0006139291004
142.05 142 142.1 0.0001093268706
142.15 142.1 142.2 0.000763722557
142.25 142.2 142.3 -0.0009998068969
142.35 142.3 142.4 -0.0005094396832
142.45 142.4 142.5 1.155362627e-06
142.55 142.5 142.6 0.000430615946
142.65 142.6 142.7 0.001548949536
142.75 142.7 142.8 0.000510469237
142.85 142.8 142.9 0.0003427199301
142.95 142.9 143 -1.063233275e-05
143.05 143 143.1 -0.001426639614
143.15 143.1 143.2 0.0001696431956
143.25 143.2 143.3 -2.346868651e-05
143.35 143.3 143.4 2.263616622e-05
143.45 143.4 143.5 0.0001563386093
143.55 143.5 143.6 0.0002687927022
143.65 143.6 143.7 0.001328286302
143.75 143.7 143.8 -0.0006196025546
143.85 143.8 143.9 -0.000683153541
143.95 143.9 144 0.0007999468199
144.05 144 144.1 -0.001065351534
144.15 144.1 144.2 -0.001024369971
144.25 144.2 144.3 -0.0009773426597
144.35 144.3 144.4 -0.001642282047
144.45 144.4 144.5 -0.001031835156
144.55 144.5 144.6 0.0002969881845
144.65 144.6 144.7 -0.0001145024958
144.75 144.7 144.8 -0.001723394277
144.85 144.8 144.9 -0.0001648724312
144.95 144.9 145 -0.001015637628
145.05 145 145.1 -0.00133563901
145.15 145.1 145.2 -0.000922419549
145.25 145.2 145.3 0.0001080599487
145.35 145.3 145.4 -0.001428163145
145.45 145.4 145.5 0.0007574013624
145.55 145.5 145.6 9.85998212e-05
145.65 145.6 145.7 -0.0007585679132
145.75 145.7 145.8 0.0005843272372
145.85 145.8 145.9 -0.0006965909182
145.95 145.9 146 -0.0003836965428
146.05 146 146.1 -0.0002562095993
146.15 146.1 146.2 -2.360700736e-05
146.25 146.2 146.3 -0.0002046709662
146.35 146.3 146.4 -0.001526165994
146.45 146.4 146.5 -0.0008121743993
146.55 146.5 146.6 4.268203631e-05
146.65 146.6 146.7 0.0001217709412
146.75 146.7 146.8 -0.001845546479
146.85 146.8 146.9 -0.0006156479726
146.95 146.9 147 -0.0008682267609
147.05 147 147.1 -0.0009237632989
147.15 147.1 147.2 -0.0006693096306
147.25 147.2 147.3 -0.001050262711
147.35 147.3 147.4 -0.000477287812
147.45 147.4 147.5 -0.0008220412599
147.55 147.5 147.6 0.000364425852
147.65 147.6 147.7 -0.0007655140905
147.75 147.7 147.8 -0.0005284440966
147.85 147.8 147.9 0.0003778423369
147.95 147.9 148 -0.001492105081
148.05 148 148.1 0.002143956136
148.15 148.1 148.2 0.0001732663497
148.25 148.2 148.3 -0.001177378779
148.35 148.3 148.4 -0.001493729443
148.45 148.4 148.5 -0.000196489498
148.55 148.5 148.6 0.0007327784669
148.65 148.6 148.7 -0.003054187483
148.75 148.7 148.8 -0.001116067817
148.85 148.8 148.9 -0.000923956558
148.95 148.9 149 -7.98434355e-05
149.05 149 149.1 -0.0005846684448
149.15 149.1 149.2 0.0003041032624
149.25 149.2 149.3 -0.0005028799049
149.35 149.3 149.4 0.0008844824619
149.45 149.4 149.5 0.000306752695
149.55 149.5 149.6 9.934240944e-05
149.65 149.6 149.7 -0.0006205473028
149.75 149.7 149.8 0.001163128263
149.85 149.8 149.9 -0.001371901661
149.95 149.9 150 -0.0009478751846
150.05 150 150.1 -0.0006472840902
150.15 150.1 150.2 -0.001045239195
150.25 150.2 150.3 -0.001123975184
150.35 150.3 150.4 -0.000929705929
150.45 150.4 150.5 0.0005075203564
150.55 150.5 150.6 -2.052351421e-05
150.65 150.6 150.7 -0.003280696514
150.75 150.7 150.8 -0.001477506103
150.85 150.8 150.9 -0.001103474362
150.95 150.9 151 3.209155824e-05
151.05 151 151.1 -0.0007251691305
151.15 151.1 151.2 0.0001127451538
151.25 151.2 151.3 0.0004496255916
151.35 151.3 151.4 -0.001498637659
151.45 151.4 151.5 0.0002401550645
151.55 151.5 151.6 3.16855843e-05
151.65 151.6 151.7 0.0002538223097
151.75 151.7 151.8 0.0001669751046
151.85 151.8 151.9 -0.001624143835
151.95 151.9 152 -0.001051305358
152.05 152 152.1 -0.001608282335
152.15 152.1 152.2 1.8732018e-05
152.25 152.2 152.3 -0.0004914320605
152.35 152.3 152.4 0.0005364388897
152.45 152.4 152.5 8.04926048e-05
152.55 152.5 152.6 -0.001334536189
152.65 152.6 152.7 -0.0001863872473
152.75 152.7 152.8 0.001699419007
152.85 152.8 152.9 -0.0004928606127
152.95 152.9 153 -0.0002178394311
153.05 153 153.1 0.0008060674001
153.15 153.1 153.2 0.0002658996499
153.25 153.2 153.3 -0.0003404350225
153.35 153.3 153.4 -0.001214280913
153.45 153.4 153.5 0.000167404428
153.55 153.5 153.6 -0.001532437549
153.65 153.6 153.7 -7.435419311e-05
153.75 153.7 153.8 -0.0008504133719
153.85 153.8 153.9 0.0008837624754
153.95 153.9 154 0.0003941417176
154.05 154 154.1 0.0004393172399
154.15 154.1 154.2 -0.0006671342858
154.25 154.2 154.3 -0.0004648629359
154.35 154.3 154.4 0.0006129876132
154.45 154.4 154.5 0.0006395615174
154.55 154.5 154.6 -0.001133166561
154.65 154.6 154.7 -6.388923177e-05
154.75 154.7 154.8 -0.001548638477
154.85 154.8 154.9 0.0005213334416
154.95 154.9 155 0.001780353734
155.05 155 155.1 -0.000576613626
155.15 155.1 155.2 0.0005808250655
155.25 155.2 155.3 -0.0003051842994
155.35 155.3 155.4 0.00100521277
155.45 155.4 155.5 -0.0008133450108
155.55 155.5 155.6 0.000637236336
155.65 155.6 155.7 -0.0002496025677
155.75 155.7 155.8 -0.0002423227569
155.85 155.8 155.9 0.0001433502969
155.95 155.9 156 0.0002620799895
156.05 156 156.1 0.0002256629588
156.15 156.1 156.2 -0.0006098729294
156.25 156.2 156.3 0.000147770929
156.35 156.3 156.4 -0.0004645399728
156.45 156.4 156.5 5.939604629e-05
156.55 156.5 156.6 -0.000311279571
156.65 156.6 156.7 0.0008899894427
156.75 156.7 156.8 -0.00147867577
156.85 156.8 156.9 4.29271428e-05
156.95 156.9 157 0.0007722773547
157.05 157 157.1 0.002290639787
157.15 157.1 157.2 0.0007610476311
157.25 157.2 157.3 0.0003474704092
157.35 157.3 157.4 2.258151102e-05
157.45 157.4 157.5 -0.0007306076729
157.55 157.5 157.6 -0.0007028201028
157.65 157.6 157.7 -0.0002516089685
157.75 157.7 157.8 -0.0004452000207
157.85 157.8 157.9 -0.0006579701201
157.95 157.9 158 7.584955499e-05
158.05 158 158.1 0.0006937409608
158.15 158.1 158.2 8.770869516e-05
158.25 158.2 158.3 0.001464343837
158.35 158.3 158.4 0.0003235058657
158.45 158.4 158.5 -0.0001703683123
158.55 158.5 158.6 -0.0003742347915
158.65 158.6 158.7 -6.475803183e-05
158.75 158.7 158.8 -0.0007583206511
158.85 158.8 158.9 -0.001381349738
158.95 158.9 159 -0.0002013912677
159.05 159 159.1 -0.000902858386
159.15 159.1 159.2 -0.0005568776113
159.25 159.2 159.3 0.0006657407801
159.35 159.3 159.4 -0.001379506523
159.45 159.4 159.5 -0.00112544422
159.55 159.5 159.6 5.384962743e-05
159.65 159.6 159.7 0.0002208685946
159.75 159.7 159.8 0.000813857071
159.85 159.8 159.9 0.0006592874016
159.95 159.9 160 -0.001473402259
160.05 160 160.1 -0.002066059227
160.15 160.1 160.2 -0.001022889623
160.25 160.2 160.3 -0.001231248622
160.35 160.3 160.4 -0.001377848485
160.45 160.4 160.5 -0.001562246158
160.55 160.5 160.6 -0.001620638179
160.65 160.6 160.7 -0.000876922689
160.75 160.7 160.8 -0.001615070746
160.85 160.8 160.9 0.0005009874138
160.95 160.9 161 -0.0003523779107
161.05 161 161.1 -0.0002035921533
161.15 161.1 161.2 0.0001432438255
161.25 161.2 161.3 0.0003467616118
161.35 161.3 161.4 -0.0001302676592
161.45 161.4 161.5 -0.0005401480293
161.55 161.5 161.6 -0.001286793554
161.65 161.6 161.7 -0.0001321562921
161.75 161.7 161.8 -9.233712992e-05
161.85 161.8 161.9 0.0006937030129
161.95 161.9 162 -0.001024155389
162.05 162 162.1 -0.0005857299001
162.15 162.1 162.2 -0.001943207404
162.25 162.2 162.3 0.000228846952
162.35 162.3 162.4 -0.0002533074573
162.45 162.4 162.5 -0.0013052377
162.55 162.5 162.6 -0.0009042584648
162.65 162.6 162.7 -0.0008965678809
162.75 162.7 162.8 -0.001549632838
162.85 162.8 162.9 -0.0009882004915
162.95 162.9 163 -0.001237785719
163.05 163 163.1 -0.0002145459802
163.15 163.1 163.2 -0.0004007003009
163.25 163.2 163.3 -0.0004869762774
163.35 163.3 163.4 -0.0002686527233
163.45 163.4 163.5 -0.0002082969612
163.55 163.5 163.6 -0.000280783763
163.65 163.6 163.7 -0.000822166185
163.75 163.7 163.8 -0.0004832034341
163.85 163.8 163.9 -0.0007817332547
163.95 163.9 164 -0.001867079657
164.05 164 164.1 -0.0006189856701
164.15 164.1 164.2 0.0003836198199
164.25 164.2 164.3 -0.0003728852166
164.35 164.3 164.4 -0.001469267261
164.45 164.4 164.5 -0.0003321228098
164.55 164.5 164.6 0.0001074073806
164.65 164.6 164.7 -7.783574142e-06
164.75 164.7 164.8 -0.0001845610084
164.85 164.8 164.9 -0.001940974591
164.95 164.9 165 0.0008465703948
165.05 165 165.1 -0.0008926013513
165.15 165.1 165.2 -0.001649476205
165.25 165.2 165.3 -0.0007482456106
165.35 165.3 165.4 -0.002113039438
165.45 165.4 165.5 -0.0007430078733
165.55 165.5 165.6 -0.0004707157584
165.65 165.6 165.7 -0.0002225780302
165.75 165.7 165.8 -0.0001002060247
165.85 165.8 165.9 -0.001344124817
165.95 165.9 166 -0.001157382923
166.05 166 166.1 -0.0006041790331
166.15 166.1 166.2 -0.0006193248095
166.25 166.2 166.3 -0.0006770343092
166.35 166.3 166.4 -0.001921598833
166.45 166.4 166.5 -0.001278479077
166.55 166.5 166.6 -0.002929812834
166.65 166.6 166.7 -1.039483961e-05
166.75 166.7 166.8 -0.0002245427956
166.85 166.8 166.9 -0.00186556337
166.95 166.9 167 0.0004833197983
167.05 167 167.1 -0.001429935689
167.15 167.1 167.2 -0.001289923752
167.25 167.2 167.3 -0.002055535332
167.35 167.3 167.4 -0.002037637527
167.45 167.4 167.5 -0.0003444760033
167.55 167.5 167.6 -0.001235312741
167.65 167.6 167.7 -0.000139971479
167.75 167.7 167.8 -0.001733444338
167.85 167.8 167.9 -0.0003022204014
167.95 167.9 168 -0.001970987731
168.05 168 168.1 -0.001852098876
168.15 168.1 168.2 -0.0006996265201
168.25 168.2 168.3 -0.0004048738721
168.35 168.3 168.4 6.399353667e-05
168.45 168.4 168.5 -0.001251223734
168.55 168.5 168.6 -0.001376578077
168.65 168.6 168.7 -0.0008062367479
168.75 168.7 168.8 0.001562996908
168.85 168.8 168.9 -0.001077312239
168.95 168.9 169 0.0003083836125
169.05 169 169.1 -0.0006120252896
169.15 169.1 169.2 -0.0001181827514
169.25 169.2 169.3 -0.001581091715
169.35 169.3 169.4 -0.0007168280039
169.45 169.4 169.5 -0.001184479278
169.55 169.5 169.6 -0.002832793955
169.65 169.6 169.7 -0.0006117109492
169.75 169.7 169.8 -0.001262704617
169.85 169.8 169.9 -0.00122113223
169.95 169.9 170 0.0005050897433
170.05 170 170.1 -0.001006170143
170.15 170.1 170.2 -0.0004355390447
170.25 170.2 170.3 4.564945522e-05
170.35 170.3 170.4 -0.001191435718
170.45 170.4 170.5 0.0007519153996
170.55 170.5 170.6 -0.001506531984
170.65 170.6 170.7 0.0001379903665
170.75 170.7 170.8 0.0001127477594
170.85 170.8 170.9 -0.0008388799454
170.95 170.9 171 -0.0005202598649
171.05 171 171.1 -0.002316668817
171.15 171.1 171.2 -0.0002215350431
171.25 171.2 171.3 -0.0006095637275
171.35 171.3 171.4 -0.003053548444
171.45 171.4 171.5 -0.0003432645171
171.55 171.5 171.6 -0.00123244532
171.65 171.6 171.7 -0.0006880490412
171.75 171.7 171.8 -0.001169124712
171.85 171.8 171.9 -0.001718365702
171.95 171.9 172 -0.001120654606
172.05 172 172.1 -0.001311308931
172.15 172.1 172.2 -0.001197099181
172.25 172.2 172.3 -0.00150953278
172.35 172.3 172.4 -0.003087053005
172.45 172.4 172.5 -0.001325504064
172.55 172.5 172.6 0.0004601630843
172.65 172.6 172.7 -0.0006824361475
172.75 172.7 172.8 -0.0005326594433
172.85 172.8 172.9 -0.001720140332
172.95 172.9 173 -0.0005357411731
173.05 173 173.1 1.232831504e-05
173.15 173.1 173.2 -0.001738634207
173.25 173.2 173.3 -0.001006107178
173.35 173.3 173.4 -0.0007467676757
173.45 173.4 173.5 -0.0007714252557
173.55 173.5 173.6 -0.0008747740383
173.65 173.6 173.7 -0.0005737845183
173.75 173.7 173.8 -0.00315617916
173.85 173.8 173.9 0.0006228164018
173.95 173.9 174 -0.001034518292
174.05 174 174.1 -0.0005111422661
174.15 174.1 174.2 -0.001781164812
174.25 174.2 174.3 -0.001940327132
174.35 174.3 174.4 -0.001657106886
174.45 174.4 174.5 0.000327276135
174.55 174.5 174.6 -0.001096222465
174.65 174.6 174.7 -0.001380983896
174.75 174.7 174.8 -0.0004932897105
174.85 174.8 174.9 -0.001335874321
174.95 174.9 175 -0.001769187097
175.05 175 175.1 -0.002111057441
175.15 175.1 175.2 -0.0005310693895
175.25 175.2 175.3 -0.002629335825
175.35 175.3 175.4 -0.001039605577
175.45 175.4 175.5 -0.002992522838
175.55 175.5 175.6 -0.001301444485
175.65 175.6 175.7 -0.001643716599
175.75 175.7 175.8 -0.001198730745
175.85 175.8 175.9 0.000170359135
175.95 175.9 176 -0.002073352218
176.05 176 176.1 -0.001449767695
176.15 176.1 176.2 -0.001656617515
176.25 176.2 176.3 -0.001331232339
176.35 176.3 176.4 -0.001479908478
176.45 176.4 176.5 -0.001094046977
176.55 176.5 176.6 -0.001693849655
176.65 176.6 176.7 -0.000870298855
176.75 176.7 176.8 -0.0003434823875
176.85 176.8 176.9 -0.0004604328666
176.95 176.9 177 -0.001222048282
177.05 177 177.1 -0.0005790540562
177.15 177.1 177.2 -0.000218420599
177.25 177.2 177.3 -0.001448942943
177.35 177.3 177.4 -0.0008006297212
177.45 177.4 177.5 -0.0007888815692
177.55 177.5 177.6 -0.0003146360318
177.65 177.6 177.7 -0.0006112587467
177.75 177.7 177.8 -0.001123815427
177.85 177.8 177.9 0.000166594153
177.95 177.9 178 -0.001322845255
178.05 178 178.1 -0.0001516099696
178.15 178.1 178.2 -0.0005235130236
178.25 178.2 178.3 -0.00146092162
178.35 178.3 178.4 -0.002283742074
178.45 178.4 178.5 -0.00110393695
178.55 178.5 178.6 0.000910752898
178.65 178.6 178.7 -0.001771908235
178.75 178.7 178.8 -0.0008579709188
178.85 178.8 178.9 -0.000874539092
178.95 178.9 179 -0.001391280329
179.05 179 179.1 -0.0009094866911
179.15 179.1 179.2 -0.00178452108
179.25 179.2 179.3 -0.0009719932801
179.35 179.3 179.4 -0.0001123170197
179.45 179.4 179.5 -0.0009425874795
179.55 179.5 179.6 -0.0002255571808
179.65 179.6 179.7 0.00012350611
179.75 179.7 179.8 -0.002242405925
179.85 179.8 179.9 -0.00174685456
179.95 179.9 180 -0.001764626792
180.05 180 180.1 -0.001366816654
180.15 180.1 180.2 -0.001323120694
180.25 180.2 180.3 -0.0007255633279
180.35 180.3 180.4 -0.001190843699
180.45 180.4 180.5 -0.00124035409
180.55 180.5 180.6 -0.000682587216
180.65 180.6 180.7 -0.002037332853
180.75 180.7 180.8 -0.001816063652
180.85 180.8 180.9 0.0007114968173
180.95 180.9 181 -0.002295132364
181.05 181 181.1 -0.00203357784
181.15 181.1 181.2 -0.0001244839696
181.25 181.2 181.3 -0.0005770609732
181.35 181.3 181.4 -0.001169521738
181.45 181.4 181.5 -0.0003976863661
181.55 181.5 181.6 -0.0004800959404
181.65 181.6 181.7 -0.0005513168182
181.75 181.7 181.8 -0.001006233212
181.85 181.8 181.9 -0.001591141803
181.95 181.9 182 -1.661959363e-05
182.05 182 182.1 -0.0006320082652
182.15 182.1 182.2 -0.0002334013705
182.25 182.2 182.3 -0.001511073262
182.35 182.3 182.4 -0.001136424015
182.45 182.4 182.5 3.349931513e-05
182.55 182.5 182.6 0.001258424804
182.65 182.6 182.7 -0.00221104537
182.75 182.7 182.8 -0.001512567614
182.85 182.8 182.9 -0.0008219103459
182.95 182.9 183 -0.0004439494582
183.05 183 183.1 -0.000682860729
183.15 183.1 183.2 -0.001288810783
183.25 183.2 183.3 -0.001186586615
183.35 183.3 183.4 -0.0002568762775
183.45 183.4 183.5 -0.002289637007
183.55 183.5 183.6 -0.0007829191403
183.65 183.6 183.7 -0.001584040091
183.75 183.7 183.8 -0.0009134369405
183.85 183.8 183.9 4.756133911e-05
183.95 183.9 184 0.0009058099068
184.05 184 184.1 2.201024761e-05
184.15 184.1 184.2 -0.0009885999598
184.25 184.2 184.3 -0.002585587152
184.35 184.3 184.4 -0.0004236389389
184.45 184.4 184.5 -0.0006470495859
184.55 184.5 184.6 -0.0003322676938
184.65 184.6 184.7 9.74658925e-05
184.75 184.7 184.8 0.0009302126604
184.85 184.8 184.9 -0.001218475131
184.95 184.9 185 3.923508865e-05
185.05 185 185.1 -0.0008365266507
185.15 185.1 185.2 0.0002501014448
185.25 185.2 185.3 9.854813859e-05
185.35 185.3 185.4 -0.0007728080405
185.45 185.4 185.5 -0.0002441377793
185.55 185.5 185.6 -0.0003719791093
185.65 185.6 185.7 0.0003763170722
185.75 185.7 185.8 -0.001533747324
185.85 185.8 185.9 -0.0009583353754
185.95 185.9 186 0.0003654580457
186.05 186 186.1 -0.0008578448907
186.15 186.1 186.2 -0.0009456703669
186.25 186.2 186.3 -0.00153851847
186.35 186.3 186.4 -0.001337604355
186.45 186.4 186.5 -0.001535841711
186.55 186.5 186.6 -0.001364818456
186.65 186.6 186.7 -0.001751233688
186.75 186.7 186.8 -0.000893891374
186.85 186.8 186.9 -0.001888758374
186.95 186.9 187 -0.000889028062
187.05 187 187.1 -0.0007911067986
187.15 187.1 187.2 -0.002180447135
187.25 187.2 187.3 -0.0009368398002
187.35 187.3 187.4 -0.0005804969545
187.45 187.4 187.5 -0.000249525767
187.55 187.5 187.6 0.0001633648107
187.65 187.6 187.7 -0.001611869357
187.75 187.7 187.8 -1.773311267e-05
187.85 187.8 187.9 -0.001764345658
187.95 187.9 188 -0.0007337566929
188.05 188 188.1 -0.001147032996
188.15 188.1 188.2 -0.0005797664865
188.25 188.2 188.3 -0.001347448066
188.35 188.3 188.4 -0.002439652148
188.45 188.4 188.5 -0.0001505353371
188.55 188.5 188.6 -0.001194595227
188.65 188.6 188.7 -0.0007302716913
188.75 188.7 188.8 -0.001529307113
188.85 188.8 188.9 -0.0003774588219
188.95 188.9 189 -0.0004040104747
189.05 189 189.1 -0.001954790673
189.15 189.1 189.2 -5.070224006e-05
189.25 189.2 189.3 -0.0009922449523
189.35 189.3 189.4 0.0008065314507
189.45 189.4 189.5 -0.001332181151
189.55 189.5 189.6 -0.001314580816
189.65 189.6 189.7 -0.0008597477573
189.75 189.7 189.8 -0.0005582069766
189.85 189.8 189.9 -0.00204019407
189.95 189.9 190 -0.0001590119721
190.05 190 190.1 -0.0006284177351
190.15 190.1 190.2 -0.001284170017
190.25 190.2 190.3 -3.203811325e-05
190.35 190.3 190.4 -0.0003489622728
190.45 190.4 190.5 -0.001849743785
190.55 190.5 190.6 -0.001185108867
190.65 190.6 190.7 -0.001538131928
190.75 190.7 190.8 -0.0002648825327
190.85 190.8 190.9 -0.001777650498
190.95 190.9 191 -0.001080371211
191.05 191 191.1 -0.001368003934
191.15 191.1 191.2 -0.0002291313569
191.25 191.2 191.3 -0.001201327493
191.35 191.3 191.4 0.0002558467469
191.45 191.4 191.5 -0.0006986497003
191.55 191.5 191.6 0.000486182409
191.65 191.6 191.7 0.0003314640307
191.75 191.7 191.8 -0.001339478001
191.85 191.8 191.9 -0.001327138721
191.95 191.9 192 -0.0008895401763
192.05 192 192.1 -0.001361993741
192.15 192.1 192.2 -0.000685467962
192.25 192.2 192.3 0.0003963990308
192.35 192.3 192.4 4.535306358e-05
192.45 192.4 192.5 -0.000163974636
192.55 192.5 192.6 -0.0002732034469
192.65 192.6 192.7 0.0002498855132
192.75 192.7 192.8 -0.0009355301486
192.85 192.8 192.9 -0.0003020023142
192.95 192.9 193 -0.000225859897
193.05 193 193.1 -0.001136269347
193.15 193.1 193.2 -0.0007758507928
193.25 193.2 193.3 -0.0001282554086
193.35 193.3 193.4 0.001181712392
193.45 193.4 193.5 -0.0003424894806
193.55 193.5 193.6 -0.0001845374321
193.65 193.6 193.7 -0.001011916326
193.75 193.7 193.8 -0.0004549958001
193.85 193.8 193.9 -0.00110801597
193.95 193.9 194 -1.134269336e-05
194.05 194 194.1 -0.0009973039272
194.15 194.1 194.2 -0.001629484014
194.25 194.2 194.3 0.0001115895501
194.35 194.3 194.4 -0.0004995908636
194.45 194.4 194.5 0.0001459600107
194.55 194.5 194.6 -0.0005917019935
194.65 194.6 194.7 -0.0006470016383
194.75 194.7 194.8 -0.0007193101822
194.85 194.8 194.9 2.848829545e-05
194.95 194.9 195 0.0003948520802
195.05 195 195.1 -0.0004023942872
195.15 195.1 195.2 -1.780697736e-05
195.25 195.2 195.3 -0.0003396236159
195.35 195.3 195.4 -0.001256360791
195.45 195.4 195.5 0.000323846316
195.55 195.5 195.6 -0.0007340235546
195.65 195.6 195.7 -0.0008422352363
195.75 195.7 195.8 -0.001036998538
195.85 195.8 195.9 -0.000224736541
195.95 195.9 196 -0.000399336098
196.05 196 196.1 -0.0009027539245
196.15 196.1 196.2 0.000476786179
196.25 196.2 196.3 -0.0003877066972
196.35 196.3 196.4 9.359060689e-05
196.45 196.4 196.5 -0.0003307251066
196.55 196.5 196.6 -0.000282161254
196.65 196.6 196.7 0.000570527587
196.75 196.7 196.8 -0.001172852306
196.85 196.8 196.9 -0.002396270343
196.95 196.9 197 -0.002018811589
197.05 197 197.1 -0.0004679098476
197.15 197.1 197.2 -0.001015186481
197.25 197.2 197.3 0.0005871269812
197.35 197.3 197.4 -0.001342708182
197.45 197.4 197.5 -0.001738979649
197.55 197.5 197.6 -0.001364901118
197.65 197.6 197.7 0.0007232717972
197.75 197.7 197.8 -0.0008683325053
197.85 197.8 197.9 -0.0009575739468
197.95 197.9 198 0.0004339343799
198.05 198 198.1 -0.001621642855
198.15 198.1 198.2 -0.0003281484594
198.25 198.2 198.3 -0.0003180421171
198.35 198.3 198.4 -0.0004921623646
198.45 198.4 198.5 -0.001502382018
198.55 198.5 198.6 -0.0003020373764
198.65 198.6 198.7 -0.0004251356051
198.75 198.7 198.8 -0.0007804053107
198.85 198.8 198.9 -0.0001764368468
198.95 198.9 199 -0.001292224002
199.05 199 199.1 -0.0001745358635
199.15 199.1 199.2 -0.0005937230394
199.25 199.2 199.3 0.0006969576526
199.35 199.3 199.4 0.0004880482979
199.45 199.4 199.5 -8.320142772e-06
199.55 199.5 199.6 -0.0002299505079
199.65 199.6 199.7 5.524300375e-05
199.75 199.7 199.8 -0.001021984995
199.85 199.8 199.9 0.0002586482809
199.95 199.9 200 -0.001577507799
