# Columns: s_cen(1) s_min(2) s_max(3) xi_iso(4)
0.05 0 0.1 92.15137148
0.15 0.1 0.2 19.16874252
0.25 0.2 0.3 19.88954274
0.35 0.3 0.4 18.15203374
0.45 0.4 0.5 20.45041996
0.55 0.5 0.6 23.90701538
0.65 0.6 0.7 22.72630901
0.75 0.7 0.8 23.00296806
0.85 0.8 0.9 22.36106483
0.95 0.9 1 21.47169113
1.05 1 1.1 20.76472666
1.15 1.1 1.2 19.52005242
1.25 1.2 1.3 18.08320468
1.35 1.3 1.4 18.2246503
1.45 1.4 1.5 16.3377516
1.55 1.5 1.6 15.59222322
1.65 1.6 1.7 15.91545093
1.75 1.7 1.8 13.58912037
1.85 1.8 1.9 12.95183152
1.95 1.9 2 12.4702561
2.05 2 2.1 11.7395519
2.15 2.1 2.2 11.12785909
2.25 2.2 2.3 10.59136842
2.35 2.3 2.4 10.01857433
2.45 2.4 2.5 9.638734739
2.55 2.5 2.6 9.458321572
2.65 2.6 2.7 8.269151774
2.75 2.7 2.8 7.513898568
2.85 2.8 2.9 7.250903755
2.95 2.9 3 7.012505002
3.05 3 3.1 6.480694483
3.15 3.1 3.2 6.625620025
3.25 3.2 3.3 6.211295367
3.35 3.3 3.4 5.739856799
3.45 3.4 3.5 5.943060705
3.55 3.5 3.6 5.700972536
3.65 3.6 3.7 5.283074903
3.75 3.7 3.8 5.090871545
3.85 3.8 3.9 4.652615119
3.95 3.9 4 4.554662451
4.05 4 4.1 4.590259229
4.15 4.1 4.2 4.267979393
4.25 4.2 4.3 4.182905146
4.35 4.3 4.4 3.9545242
4.45 4.4 4.5 3.892721624
4.55 4.5 4.6 3.917331255
4.65 4.6 4.7 3.770177674
4.75 4.7 4.8 3.540552668
4.85 4.8 4.9 3.514445825
4.95 4.9 5 3.593517247
5.05 5 5.1 3.224200847
5.15 5.1 5.2 3.161470361
5.25 5.2 5.3 3.22723454
5.35 5.3 5.4 2.965055327
5.45 5.4 5.5 2.941041523
5.55 5.5 5.6 2.929059296
5.65 5.6 5.7 2.792115139
5.75 5.7 5.8 2.714628812
5.85 5.8 5.9 2.564221013
5.95 5.9 6 2.523225764
6.05 6 6.1 2.499265688
6.15 6.1 6.2 2.4195795
6.25 6.2 6.3 2.382228826
6.35 6.3 6.4 2.259356326
6.45 6.4 6.5 2.329897379
6.55 6.5 6.6 2.232466424
6.65 6.6 6.7 2.224757214
6.75 6.7 6.8 2.129600661
6.85 6.8 6.9 2.057271085
6.95 6.9 7 1.955262805
7.05 7 7.1 2.014750199
7.15 7.1 7.2 1.890524234
7.25 7.2 7.3 1.858087391
7.35 7.3 7.4 1.834015454
7.45 7.4 7.5 1.785476645
7.55 7.5 7.6 1.759928077
7.65 7.6 7.7 1.758365583
7.75 7.7 7.8 1.691608872
7.85 7.8 7.9 1.676036299
7.95 7.9 8 1.66146317
8.05 8 8.1 1.529431848
8.15 8.1 8.2 1.537303104
8.25 8.2 8.3 1.563354413
8.35 8.3 8.4 1.510577608
8.45 8.4 8.5 1.4629209
8.55 8.5 8.6 1.430938105
8.65 8.6 8.7 1.419877355
8.75 8.7 8.8 1.365605357
8.85 8.8 8.9 1.338226534
8.95 8.9 9 1.398990317
9.05 9 9.1 1.295028499
9.15 9.1 9.2 1.319927796
9.25 9.2 9.3 1.256310916
9.35 9.3 9.4 1.207781498
9.45 9.4 9.5 1.176905908
9.55 9.5 9.6 1.203502227
9.65 9.6 9.7 1.203913457
9.75 9.7 9.8 1.139838967
9.85 9.8 9.9 1.049331973
9.95 9.9 10 1.061116522
10.05 10 10.1 1.05977474
10.15 10.1 10.2 0.9868237814
10.25 10.2 10.3 1.013101594
10.35 10.3 10.4 1.009152854
10.45 10.4 10.5 0.9873351791
10.55 10.5 10.6 0.9333726882
10.65 10.6 10.7 0.9462283346
10.75 10.7 10.8 0.953334332
10.85 10.8 10.9 0.9111464322
10.95 10.9 11 0.8882487019
11.05 11 11.1 0.853251542
11.15 11.1 11.2 0.8690947867
11.25 11.2 11.3 0.8538624308
11.35 11.3 11.4 0.839820507
11.45 11.4 11.5 0.7977523585
11.55 11.5 11.6 0.8078754067
11.65 11.6 11.7 0.8399818594
11.75 11.7 11.8 0.8176409058
11.85 11.8 11.9 0.721607619
11.95 11.9 12 0.7865543225
12.05 12 12.1 0.746178045
12.15 12.1 12.2 0.7521887772
12.25 12.2 12.3 0.7574143018
12.35 12.3 12.4 0.7240238592
12.45 12.4 12.5 0.6781389696
12.55 12.5 12.6 0.6797639813
12.65 12.6 12.7 0.6711047841
12.75 12.7 12.8 0.6642280226
12.85 12.8 12.9 0.645650338
12.95 12.9 13 0.6825443126
13.05 13 13.1 0.6292193558
13.15 13.1 13.2 0.6817992496
13.25 13.2 13.3 0.6342702426
13.35 13.3 13.4 0.6479134564
13.45 13.4 13.5 0.6207895598
13.55 13.5 13.6 0.6310044844
13.65 13.6 13.7 0.6040600982
13.75 13.7 13.8 0.5733935525
13.85 13.8 13.9 0.6139302561
13.95 13.9 14 0.592779038
14.05 14 14.1 0.5978035565
14.15 14.1 14.2 0.5761559141
14.25 14.2 14.3 0.571469619
14.35 14.3 14.4 0.5576426457
14.45 14.4 14.5 0.562531161
14.55 14.5 14.6 0.5383805924
14.65 14.6 14.7 0.5184624877
14.75 14.7 14.8 0.5058324886
14.85 14.8 14.9 0.5323971124
14.95 14.9 15 0.4956610981
15.05 15 15.1 0.5220034114
15.15 15.1 15.2 0.4991315251
15.25 15.2 15.3 0.4937261236
15.35 15.3 15.4 0.4719729996
15.45 15.4 15.5 0.469634987
15.55 15.5 15.6 0.4583134388
15.65 15.6 15.7 0.4711975286
15.75 15.7 15.8 0.4436012249
15.85 15.8 15.9 0.4576943459
15.95 15.9 16 0.4480226846
16.05 16 16.1 0.4485564833
16.15 16.1 16.2 0.4378557916
16.25 16.2 16.3 0.4243106216
16.35 16.3 16.4 0.4107578382
16.45 16.4 16.5 0.4318978862
16.55 16.5 16.6 0.3962291704
16.65 16.6 16.7 0.4058797281
16.75 16.7 16.8 0.4191760992
16.85 16.8 16.9 0.4101241192
16.95 16.9 17 0.4063901563
17.05 17 17.1 0.3906746191
17.15 17.1 17.2 0.3958941716
17.25 17.2 17.3 0.3736195733
17.35 17.3 17.4 0.3763886925
17.45 17.4 17.5 0.3614271818
17.55 17.5 17.6 0.3707529108
17.65 17.6 17.7 0.3769728347
17.75 17.7 17.8 0.3771438246
17.85 17.8 17.9 0.3777548148
17.95 17.9 18 0.3485670025
18.05 18 18.1 0.3455229611
18.15 18.1 18.2 0.3518502804
18.25 18.2 18.3 0.3356404858
18.35 18.3 18.4 0.3267991731
18.45 18.4 18.5 0.3554270904
18.55 18.5 18.6 0.3217960651
18.65 18.6 18.7 0.3220376451
18.75 18.7 18.8 0.3405121478
18.85 18.8 18.9 0.3209860823
18.95 18.9 19 0.3258923438
19.05 19 19.1 0.3161878529
19.15 19.1 19.2 0.3114892085
19.25 19.2 19.3 0.3161219406
19.35 19.3 19.4 0.296547839
19.45 19.4 19.5 0.2964885537
19.55 19.5 19.6 0.2924274875
19.65 19.6 19.7 0.3027453547
19.75 19.7 19.8 0.2908288355
19.85 19.8 19.9 0.2819874893
19.95 19.9 20 0.2828008268
20.05 20 20.1 0.2904256031
20.15 20.1 20.2 0.2872135134
20.25 20.2 20.3 0.2875332307
20.35 20.3 20.4 0.2806563402
20.45 20.4 20.5 0.2777911384
20.55 20.5 20.6 0.2848029201
20.65 20.6 20.7 0.2590346981
20.75 20.7 20.8 0.2712604724
20.85 20.8 20.9 0.2553113992
20.95 20.9 21 0.2528701627
21.05 21 21.1 0.2407620977
21.15 21.1 21.2 0.2343553996
21.25 21.2 21.3 0.2460187161
21.35 21.3 21.4 0.2425500649
21.45 21.4 21.5 0.2593678395
21.55 21.5 21.6 0.2343895374
21.65 21.6 21.7 0.229497785
21.75 21.7 21.8 0.2277949643
21.85 21.8 21.9 0.2177477332
21.95 21.9 22 0.2483043601
22.05 22 22.1 0.2301638543
22.15 22.1 22.2 0.2028411326
22.25 22.2 22.3 0.2162631474
22.35 22.3 22.4 0.2353363888
22.45 22.4 22.5 0.2098272078
22.55 22.5 22.6 0.2166931351
22.65 22.6 22.7 0.2172214208
22.75 22.7 22.8 0.1917039863
22.85 22.8 22.9 0.2251304872
22.95 22.9 23 0.2013407195
23.05 23 23.1 0.1901983805
23.15 23.1 23.2 0.2065345462
23.25 23.2 23.3 0.2010655493
23.35 23.3 23.4 0.2011047811
23.45 23.4 23.5 0.1802802867
23.55 23.5 23.6 0.1868086421
23.65 23.6 23.7 0.1964471978
23.75 23.7 23.8 0.1864526902
23.85 23.8 23.9 0.1821595073
23.95 23.9 24 0.2008626991
24.05 24 24.1 0.1945362418
24.15 24.1 24.2 0.1952865552
24.25 24.2 24.3 0.1685766314
24.35 24.3 24.4 0.1702180747
24.45 24.4 24.5 0.1825023886
24.55 24.5 24.6 0.1812124755
24.65 24.6 24.7 0.1734251454
24.75 24.7 24.8 0.1896622621
24.85 24.8 24.9 0.1757590755
24.95 24.9 25 0.1507562808
25.05 25 25.1 0.1620430147
25.15 25.1 25.2 0.1673685777
25.25 25.2 25.3 0.1730134872
25.35 25.3 25.4 0.1772224973
25.45 25.4 25.5 0.153006154
25.55 25.5 25.6 0.1683821897
25.65 25.6 25.7 0.1698721642
25.75 25.7 25.8 0.1564466328
25.85 25.8 25.9 0.1507412388
25.95 25.9 26 0.1629688787
26.05 26 26.1 0.1651205721
26.15 26.1 26.2 0.1520879239
26.25 26.2 26.3 0.164623229
26.35 26.3 26.4 0.1489801878
26.45 26.4 26.5 0.1452900139
26.55 26.5 26.6 0.1474145513
26.65 26.6 26.7 0.1547386446
26.75 26.7 26.8 0.1410485325
26.85 26.8 26.9 0.1441561522
26.95 26.9 27 0.1408351429
27.05 27 27.1 0.1390361247
27.15 27.1 27.2 0.1460121171
27.25 27.2 27.3 0.1349502447
27.35 27.3 27.4 0.1340171481
27.45 27.4 27.5 0.1375709235
27.55 27.5 27.6 0.1398112932
27.65 27.6 27.7 0.138331072
27.75 27.7 27.8 0.131479172
27.85 27.8 27.9 0.140412894
27.95 27.9 28 0.1178853473
28.05 28 28.1 0.1269092524
28.15 28.1 28.2 0.1296724175
28.25 28.2 28.3 0.1340160752
28.35 28.3 28.4 0.1350435737
28.45 28.4 28.5 0.1390517484
28.55 28.5 28.6 0.1056680096
28.65 28.6 28.7 0.1112299669
28.75 28.7 28.8 0.1105047399
28.85 28.8 28.9 0.128458804
28.95 28.9 29 0.1113632831
29.05 29 29.1 0.1199153363
29.15 29.1 29.2 0.1118419431
29.25 29.2 29.3 0.1356645989
29.35 29.3 29.4 0.108249228
29.45 29.4 29.5 0.1190957411
29.55 29.5 29.6 0.1012989761
29.65 29.6 29.7 0.1187836879
29.75 29.7 29.8 0.1137799817
29.85 29.8 29.9 0.1149141377
29.95 29.9 30 0.1027857856
30.05 30 30.1 0.09974352894
30.15 30.1 30.2 0.1021932351
30.25 30.2 30.3 0.1076975582
30.35 30.3 30.4 0.1113074938
30.45 30.4 30.5 0.1060304477
30.55 30.5 30.6 0.1034645826
30.65 30.6 30.7 0.09453603469
30.75 30.7 30.8 0.1088469553
30.85 30.8 30.9 0.09493359869
30.95 30.9 31 0.09097448268
31.05 31 31.1 0.0996148508
31.15 31.1 31.2 0.10798001
31.25 31.2 31.3 0.09847597691
31.35 31.3 31.4 0.09861319644
31.45 31.4 31.5 0.1015760843
31.55 31.5 31.6 0.08703775045
31.65 31.6 31.7 0.08110545317
31.75 31.7 31.8 0.09466144863
31.85 31.8 31.9 0.08851182635
31.95 31.9 32 0.08674976013
32.05 32 32.1 0.08733392836
32.15 32.1 32.2 0.09292900655
32.25 32.2 32.3 0.09395288568
32.35 32.3 32.4 0.08362759243
32.45 32.4 32.5 0.09085336091
32.55 32.5 32.6 0.08840948278
32.65 32.6 32.7 0.08188817666
32.75 32.7 32.8 0.08530279272
32.85 32.8 32.9 0.09348412756
32.95 32.9 33 0.07625786839
33.05 33 33.1 0.07598637849
33.15 33.1 33.2 0.08245690589
33.25 33.2 33.3 0.07867929042
33.35 33.3 33.4 0.07588772202
33.45 33.4 33.5 0.0919297492
33.55 33.5 33.6 0.07552012881
33.65 33.6 33.7 0.07111296252
33.75 33.7 33.8 0.07299601173
33.85 33.8 33.9 0.07959295159
33.95 33.9 34 0.07612566163
34.05 34 34.1 0.06883695934
34.15 34.1 34.2 0.07160777298
34.25 34.2 34.3 0.07004638584
34.35 34.3 34.4 0.08301974155
34.45 34.4 34.5 0.04932170611
34.55 34.5 34.6 0.07153638152
34.65 34.6 34.7 0.07183247237
34.75 34.7 34.8 0.05733700511
34.85 34.8 34.9 0.06440355839
34.95 34.9 35 0.07277570897
35.05 35 35.1 0.08311942714
35.15 35.1 35.2 0.06220159936
35.25 35.2 35.3 0.05515868957
35.35 35.3 35.4 0.07110437492
35.45 35.4 35.5 0.06258212062
35.55 35.5 35.6 0.05316131408
35.65 35.6 35.7 0.05672884161
35.75 35.7 35.8 0.05713052371
35.85 35.8 35.9 0.0558653312
35.95 35.9 36 0.05913896165
36.05 36 36.1 0.04850638739
36.15 36.1 36.2 0.06337019798
36.25 36.2 36.3 0.06719012998
36.35 36.3 36.4 0.06312840111
36.45 36.4 36.5 0.06496452527
36.55 36.5 36.6 0.06130761734
36.65 36.6 36.7 0.05991510567
36.75 36.7 36.8 0.06515973121
36.85 36.8 36.9 0.06171180107
36.95 36.9 37 0.05711710293
37.05 37 37.1 0.06012475071
37.15 37.1 37.2 0.0568755101
37.25 37.2 37.3 0.05367764786
37.35 37.3 37.4 0.05237924606
37.45 37.4 37.5 0.05697614142
37.55 37.5 37.6 0.0563615471
37.65 37.6 37.7 0.05318576908
37.75 37.7 37.8 0.05673234231
37.85 37.8 37.9 0.05472098633
37.95 37.9 38 0.04809667613
38.05 38 38.1 0.05956224399
38.15 38.1 38.2 0.0464235841
38.25 38.2 38.3 0.06260504539
38.35 38.3 38.4 0.05691180103
38.45 38.4 38.5 0.04085821808
38.55 38.5 38.6 0.05539325534
38.65 38.6 38.7 0.04813745423
38.75 38.7 38.8 0.04197616566
38.85 38.8 38.9 0.04768978212
38.95 38.9 39 0.04112355959
39.05 39 39.1 0.04688666584
39.15 39.1 39.2 0.04295385079
39.25 39.2 39.3 0.0377157922
39.35 39.3 39.4 0.04885075849
39.45 39.4 39.5 0.04257524026
39.55 39.5 39.6 0.04910658215
39.65 39.6 39.7 0.05228298243
39.75 39.7 39.8 0.03685655797
39.85 39.8 39.9 0.03618324482
39.95 39.9 40 0.04097320332
40.05 40 40.1 0.04571687502
40.15 40.1 40.2 0.04525109952
40.25 40.2 40.3 0.04346054548
40.35 40.3 40.4 0.05052355737
40.45 40.4 40.5 0.04792736706
40.55 40.5 40.6 0.03859895684
40.65 40.6 40.7 0.04493122144
40.75 40.7 40.8 0.04655532083
40.85 40.8 40.9 0.04248549312
40.95 40.9 41 0.04505421654
41.05 41 41.1 0.04323081962
41.15 41.1 41.2 0.03140928269
41.25 41.2 41.3 0.04101517982
41.35 41.3 41.4 0.03975857484
41.45 41.4 41.5 0.04018528145
41.55 41.5 41.6 0.03389625665
41.65 41.6 41.7 0.05232940981
41.75 41.7 41.8 0.04234016963
41.85 41.8 41.9 0.03200698413
41.95 41.9 42 0.03769302363
42.05 42 42.1 0.03684476901
42.15 42.1 42.2 0.03404594131
42.25 42.2 42.3 0.04506280244
42.35 42.3 42.4 0.03377311257
42.45 42.4 42.5 0.04169048794
42.55 42.5 42.6 0.03174875965
42.65 42.6 42.7 0.03512031625
42.75 42.7 42.8 0.04476517743
42.85 42.8 42.9 0.03885061011
42.95 42.9 43 0.0303822174
43.05 43 43.1 0.03668958532
43.15 43.1 43.2 0.03286556494
43.25 43.2 43.3 0.029675766
43.35 43.3 43.4 0.03560840276
43.45 43.4 43.5 0.04385302209
43.55 43.5 43.6 0.0310390809
43.65 43.6 43.7 0.03663211045
43.75 43.7 43.8 0.03266752841
43.85 43.8 43.9 0.03547491609
43.95 43.9 44 0.0343540662
44.05 44 44.1 0.04813385697
44.15 44.1 44.2 0.03225483096
44.25 44.2 44.3 0.03540056455
44.35 44.3 44.4 0.03072139914
44.45 44.4 44.5 0.03086235822
44.55 44.5 44.6 0.03519765335
44.65 44.6 44.7 0.03330359892
44.75 44.7 44.8 0.02602046269
44.85 44.8 44.9 0.0305267887
44.95 44.9 45 0.02725805537
45.05 45 45.1 0.03761404125
45.15 45.1 45.2 0.02507395919
45.25 45.2 45.3 0.02700314224
45.35 45.3 45.4 0.02138864802
45.45 45.4 45.5 0.02736967446
45.55 45.5 45.6 0.02821215307
45.65 45.6 45.7 0.02227542686
45.75 45.7 45.8 0.02678981418
45.85 45.8 45.9 0.02382580095
45.95 45.9 46 0.03264730699
46.05 46 46.1 0.02865075424
46.15 46.1 46.2 0.03708919695
46.25 46.2 46.3 0.02816723005
46.35 46.3 46.4 0.02455800542
46.45 46.4 46.5 0.02650359504
46.55 46.5 46.6 0.01756666927
46.65 46.6 46.7 0.02119358391
46.75 46.7 46.8 0.02483993534
46.85 46.8 46.9 0.03240618443
46.95 46.9 47 0.02364791534
47.05 47 47.1 0.03356760573
47.15 47.1 47.2 0.02604554835
47.25 47.2 47.3 0.03040466499
47.35 47.3 47.4 0.02631291919
47.45 47.4 47.5 0.02566532699
47.55 47.5 47.6 0.03220534941
47.65 47.6 47.7 0.02426579184
47.75 47.7 47.8 0.03054878888
47.85 47.8 47.9 0.02822773834
47.95 47.9 48 0.0200255899
48.05 48 48.1 0.02609088473
48.15 48.1 48.2 0.02510079254
48.25 48.2 48.3 0.0284016254
48.35 48.3 48.4 0.03084719243
48.45 48.4 48.5 0.025878499
48.55 48.5 48.6 0.02485384881
48.65 48.6 48.7 0.03394226797
48.75 48.7 48.8 0.02467936607
48.85 48.8 48.9 0.03061056859
48.95 48.9 49 0.02248302802
49.05 49 49.1 0.03022188196
49.15 49.1 49.2 0.01950054164
49.25 49.2 49.3 0.01969331785
49.35 49.3 49.4 0.02406155424
49.45 49.4 49.5 0.02313575834
49.55 49.5 49.6 0.0217206559
49.65 49.6 49.7 0.01480592288
49.75 49.7 49.8 0.01772595413
49.85 49.8 49.9 0.02613156461
49.95 49.9 50 0.02362217963
50.05 50 50.1 0.02262716793
50.15 50.1 50.2 0.02102941572
50.25 50.2 50.3 0.02668101922
50.35 50.3 50.4 0.02552026685
50.45 50.4 50.5 0.0204364312
50.55 50.5 50.6 0.01487254251
50.65 50.6 50.7 0.01638340371
50.75 50.7 50.8 0.02330115494
50.85 50.8 50.9 0.02287635481
50.95 50.9 51 0.01511233065
51.05 51 51.1 0.02114651583
51.15 51.1 51.2 0.0150902695
51.25 51.2 51.3 0.02068907724
51.35 51.3 51.4 0.02642082585
51.45 51.4 51.5 0.02501901884
51.55 51.5 51.6 0.0137543792
51.65 51.6 51.7 0.02329723309
51.75 51.7 51.8 0.03165611595
51.85 51.8 51.9 0.01919398121
51.95 51.9 52 0.02560335909
52.05 52 52.1 0.01763959954
52.15 52.1 52.2 0.02291408544
52.25 52.2 52.3 0.01586342734
52.35 52.3 52.4 0.01996579916
52.45 52.4 52.5 0.0137789667
52.55 52.5 52.6 0.01682474056
52.65 52.6 52.7 0.01710003098
52.75 52.7 52.8 0.01559999887
52.85 52.8 52.9 0.01363603094
52.95 52.9 53 0.01726785611
53.05 53 53.1 0.01136417432
53.15 53.1 53.2 0.0187797756
53.25 53.2 53.3 0.01932607531
53.35 53.3 53.4 0.01299568039
53.45 53.4 53.5 0.01526512649
53.55 53.5 53.6 0.02201238975
53.65 53.6 53.7 0.01310729231
53.75 53.7 53.8 0.01871447469
53.85 53.8 53.9 0.01699558408
53.95 53.9 54 0.01821075232
54.05 54 54.1 0.01148530111
54.15 54.1 54.2 0.01387255611
54.25 54.2 54.3 0.01917510513
54.35 54.3 54.4 0.01154651086
54.45 54.4 54.5 0.01224782784
54.55 54.5 54.6 0.01773317242
54.65 54.6 54.7 0.009965769868
54.75 54.7 54.8 0.02217306063
54.85 54.8 54.9 0.01554370321
54.95 54.9 55 0.01146148051
55.05 55 55.1 0.01746006573
55.15 55.1 55.2 0.01738339292
55.25 55.2 55.3 0.00803370785
55.35 55.3 55.4 0.0151685679
55.45 55.4 55.5 0.01439945784
55.55 55.5 55.6 0.01486398261
55.65 55.6 55.7 0.01240444748
55.75 55.7 55.8 0.01390170516
55.85 55.8 55.9 0.01073027776
55.95 55.9 56 0.009963416069
56.05 56 56.1 0.01696677923
56.15 56.1 56.2 0.009027167368
56.25 56.2 56.3 0.0151750642
56.35 56.3 56.4 0.01149728852
56.45 56.4 56.5 0.0106856503
56.55 56.5 56.6 0.0166640613
56.65 56.6 56.7 0.01115739632
56.75 56.7 56.8 0.01677335443
56.85 56.8 56.9 0.0117601259
56.95 56.9 57 0.0184931949
57.05 57 57.1 0.006981069871
57.15 57.1 57.2 0.01217630257
57.25 57.2 57.3 0.01193754698
57.35 57.3 57.4 0.01235995378
57.45 57.4 57.5 0.01458567719
57.55 57.5 57.6 0.01159853962
57.65 57.6 57.7 0.008867216951
57.75 57.7 57.8 0.01515955105
57.85 57.8 57.9 0.009689383756
57.95 57.9 58 0.0120441137
58.05 58 58.1 0.01468881973
58.15 58.1 58.2 0.01279306868
58.25 58.2 58.3 0.01197574634
58.35 58.3 58.4 0.009851810746
58.45 58.4 58.5 0.01393277249
58.55 58.5 58.6 0.01258134203
58.65 58.6 58.7 0.006437866245
58.75 58.7 58.8 0.008348236036
58.85 58.8 58.9 0.01978245263
58.95 58.9 59 0.01556056091
59.05 59 59.1 0.01293855492
59.15 59.1 59.2 0.01112234569
59.25 59.2 59.3 0.01704377729
59.35 59.3 59.4 -0.0007591539582
59.45 59.4 59.5 0.00911324827
59.55 59.5 59.6 0.01150338136
59.65 59.6 59.7 0.01862784077
59.75 59.7 59.8 0.01018062365
59.85 59.8 59.9 0.009567433346
59.95 59.9 60 0.0118523507
60.05 60 60.1 0.009343938666
60.15 60.1 60.2 0.01508934173
60.25 60.2 60.3 0.01834683624
60.35 60.3 60.4 0.01183513575
60.45 60.4 60.5 0.008901516486
60.55 60.5 60.6 0.008970057492
60.65 60.6 60.7 0.01003088112
60.75 60.7 60.8 0.009501752951
60.85 60.8 60.9 0.01060480908
60.95 60.9 61 0.01055040594
61.05 61 61.1 0.007608097308
61.15 61.1 61.2 0.002094155813
61.25 61.2 61.3 0.009856652158
61.35 61.3 61.4 0.01272721641
61.45 61.4 61.5 0.01111642406
61.55 61.5 61.6 0.007014556388
61.65 61.6 61.7 0.01371707209
61.75 61.7 61.8 0.01130416462
61.85 61.8 61.9 0.008126383327
61.95 61.9 62 0.008864157905
62.05 62 62.1 0.005614335711
62.15 62.1 62.2 0.008567309405
62.25 62.2 62.3 0.01168123367
62.35 62.3 62.4 0.007822957705
62.45 62.4 62.5 0.005691149077
62.55 62.5 62.6 0.007879017701
62.65 62.6 62.7 0.009811119795
62.75 62.7 62.8 0.01301816292
62.85 62.8 62.9 0.00852651857
62.95 62.9 63 0.01424545926
63.05 63 63.1 0.01109138
63.15 63.1 63.2 0.003227484213
63.25 63.2 63.3 0.006220148713
63.35 63.3 63.4 0.01175477149
63.45 63.4 63.5 0.006999225336
63.55 63.5 63.6 0.007766586617
63.65 63.6 63.7 0.006341494405
63.75 63.7 63.8 0.003366739744
63.85 63.8 63.9 0.008977055803
63.95 63.9 64 0.01001192357
64.05 64 64.1 0.008472884862
64.15 64.1 64.2 0.005387999235
64.25 64.2 64.3 0.01599491277
64.35 64.3 64.4 0.005109446721
64.45 64.4 64.5 0.002468675597
64.55 64.5 64.6 0.006961356206
64.65 64.6 64.7 0.002509200655
64.75 64.7 64.8 0.007744395799
64.85 64.8 64.9 0.006863875464
64.95 64.9 65 0.007252757294
65.05 65 65.1 0.01255428916
65.15 65.1 65.2 0.01295277392
65.25 65.2 65.3 0.004080575337
65.35 65.3 65.4 0.007213203909
65.45 65.4 65.5 0.007325203042
65.55 65.5 65.6 0.008983003244
65.65 65.6 65.7 0.007926982839
65.75 65.7 65.8 0.003422072503
65.85 65.8 65.9 0.009486160357
65.95 65.9 66 0.01037631728
66.05 66 66.1 0.00348989702
66.15 66.1 66.2 0.009779145858
66.25 66.2 66.3 0.005959084282
66.35 66.3 66.4 0.001986750264
66.45 66.4 66.5 0.006627757049
66.55 66.5 66.6 0.005230612925
66.65 66.6 66.7 0.006000403788
66.75 66.7 66.8 0.005790682773
66.85 66.8 66.9 0.01018532355
66.95 66.9 67 0.009890027169
67.05 67 67.1 0.01111213392
67.15 67.1 67.2 0.004901747204
67.25 67.2 67.3 0.01140010677
67.35 67.3 67.4 0.007054089897
67.45 67.4 67.5 0.01444474997
67.55 67.5 67.6 0.00796687232
67.65 67.6 67.7 0.004405688928
67.75 67.7 67.8 -0.0007645568595
67.85 67.8 67.9 0.01018640268
67.95 67.9 68 0.005497702338
68.05 68 68.1 0.005810520065
68.15 68.1 68.2 0.007342813053
68.25 68.2 68.3 0.009484312156
68.35 68.3 68.4 0.00409216491
68.45 68.4 68.5 0.009602213148
68.55 68.5 68.6 0.008127241079
68.65 68.6 68.7 0.01149000656
68.75 68.7 68.8 0.008416287996
68.85 68.8 68.9 0.002917383852
68.95 68.9 69 0.004616782972
69.05 69 69.1 -0.0003918633658
69.15 69.1 69.2 0.002934402195
69.25 69.2 69.3 0.007023220975
69.35 69.3 69.4 0.00645566588
69.45 69.4 69.5 0.006552171379
69.55 69.5 69.6 0.008608287777
69.65 69.6 69.7 0.00169965947
69.75 69.7 69.8 0.006185413043
69.85 69.8 69.9 0.007349759251
69.95 69.9 70 0.00310397892
70.05 70 70.1 0.00794195038
70.15 70.1 70.2 0.01008181811
70.25 70.2 70.3 0.003482996853
70.35 70.3 70.4 0.006058277165
70.45 70.4 70.5 0.005013503043
70.55 70.5 70.6 0.002555619063
70.65 70.6 70.7 0.003629088323
70.75 70.7 70.8 0.01147465009
70.85 70.8 70.9 0.0118097192
70.95 70.9 71 0.002868896892
71.05 71 71.1 0.004743880773
71.15 71.1 71.2 0.006472134636
71.25 71.2 71.3 0.005854133112
71.35 71.3 71.4 0.01215459398
71.45 71.4 71.5 -0.0003158887299
71.55 71.5 71.6 0.004886060511
71.65 71.6 71.7 0.009811315621
71.75 71.7 71.8 0.01409465913
71.85 71.8 71.9 0.004943829338
71.95 71.9 72 0.007102498524
72.05 72 72.1 0.009054955101
72.15 72.1 72.2 0.006343154452
72.25 72.2 72.3 0.00959552721
72.35 72.3 72.4 0.007377096668
72.45 72.4 72.5 0.001295835591
72.55 72.5 72.6 0.002024808934
72.65 72.6 72.7 0.009689750458
72.75 72.7 72.8 0.004508912629
72.85 72.8 72.9 0.004373708679
72.95 72.9 73 0.004377233905
73.05 73 73.1 0.008068718118
73.15 73.1 73.2 0.002693578443
73.25 73.2 73.3 0.003227003238
73.35 73.3 73.4 0.008905500967
73.45 73.4 73.5 0.0004493026669
73.55 73.5 73.6 0.00188217517
73.65 73.6 73.7 0.002430607949
73.75 73.7 73.8 0.006187412986
73.85 73.8 73.9 0.009485274716
73.95 73.9 74 0.001168406722
74.05 74 74.1 0.006830744822
74.15 74.1 74.2 0.003990413188
74.25 74.2 74.3 0.001366324704
74.35 74.3 74.4 0.007724299277
74.45 74.4 74.5 0.002653773083
74.55 74.5 74.6 0.007950326459
74.65 74.6 74.7 0.01127719212
74.75 74.7 74.8 0.0005163260836
74.85 74.8 74.9 0.008367920791
74.95 74.9 75 0.00493914715
75.05 75 75.1 0.003189315081
75.15 75.1 75.2 0.004001225832
75.25 75.2 75.3 0.00883464311
75.35 75.3 75.4 0.004348469983
75.45 75.4 75.5 -0.0008770729755
75.55 75.5 75.6 0.00105756972
75.65 75.6 75.7 0.003722962213
75.75 75.7 75.8 0.003801145808
75.85 75.8 75.9 0.002881883477
75.95 75.9 76 0.006881599445
76.05 76 76.1 0.007694764345
76.15 76.1 76.2 0.006322422352
76.25 76.2 76.3 0.003748776112
76.35 76.3 76.4 0.0007251249592
76.45 76.4 76.5 0.008917282154
76.55 76.5 76.6 0.00353061161
76.65 76.6 76.7 0.002133319877
76.75 76.7 76.8 0.007261753648
76.85 76.8 76.9 0.008017951483
76.95 76.9 77 -7.951866737e-05
77.05 77 77.1 0.001977341751
77.15 77.1 77.2 0.003770205306
77.25 77.2 77.3 0.001528934472
77.35 77.3 77.4 0.004848050502
77.45 77.4 77.5 0.002530126105
77.55 77.5 77.6 0.002921037479
77.65 77.6 77.7 0.001262275538
77.75 77.7 77.8 0.01027340783
77.85 77.8 77.9 0.006332907849
77.95 77.9 78 0.007029337835
78.05 78 78.1 0.004958487649
78.15 78.1 78.2 0.002677459398
78.25 78.2 78.3 0.007186356237
78.35 78.3 78.4 0.006608998873
78.45 78.4 78.5 0.00490353575
78.55 78.5 78.6 -0.0009317631071
78.65 78.6 78.7 0.0003105506632
78.75 78.7 78.8 -0.001053863955
78.85 78.8 78.9 0.0006417606728
78.95 78.9 79 0.005479209063
79.05 79 79.1 0.006384659528
79.15 79.1 79.2 0.0006487591802
79.25 79.2 79.3 0.005580355542
79.35 79.3 79.4 0.003782376111
79.45 79.4 79.5 0.0001001472336
79.55 79.5 79.6 0.001309794261
79.65 79.6 79.7 0.001707864912
79.75 79.7 79.8 0.0001505779009
79.85 79.8 79.9 0.002982258703
79.95 79.9 80 0.002965049238
80.05 80 80.1 0.006479528603
80.15 80.1 80.2 0.000128955959
80.25 80.2 80.3 0.0006632601156
80.35 80.3 80.4 0.004495055256
80.45 80.4 80.5 0.004361106462
80.55 80.5 80.6 0.004288923675
80.65 80.6 80.7 0.001464782543
80.75 80.7 80.8 -0.0002610377737
80.85 80.8 80.9 0.005146191858
80.95 80.9 81 -0.0004014481775
81.05 81 81.1 0.001088873623
81.15 81.1 81.2 0.001260179355
81.25 81.2 81.3 0.002691950572
81.35 81.3 81.4 -0.0008193369613
81.45 81.4 81.5 0.003140835196
81.55 81.5 81.6 0.005482787031
81.65 81.6 81.7 -0.002926248885
81.75 81.7 81.8 0.004761638646
81.85 81.8 81.9 0.001161074153
81.95 81.9 82 0.0007982413552
82.05 82 82.1 0.005982921883
82.15 82.1 82.2 0.004402296075
82.25 82.2 82.3 0.001881938527
82.35 82.3 82.4 -0.000891627073
82.45 82.4 82.5 0.002240611638
82.55 82.5 82.6 0.004206934556
82.65 82.6 82.7 -0.002226098538
82.75 82.7 82.8 0.002629749124
82.85 82.8 82.9 0.008608303277
82.95 82.9 83 0.004669343288
83.05 83 83.1 0.004338850582
83.15 83.1 83.2 0.01118689686
83.25 83.2 83.3 0.005559334591
83.35 83.3 83.4 0.001937973859
83.45 83.4 83.5 0.004239871864
83.55 83.5 83.6 0.003849023646
83.65 83.6 83.7 0.007902761436
83.75 83.7 83.8 -0.0004869868872
83.85 83.8 83.9 0.006213954889
83.95 83.9 84 0.006417381992
84.05 84 84.1 0.003672171204
84.15 84.1 84.2 0.003261180929
84.25 84.2 84.3 0.004289971711
84.35 84.3 84.4 0.004968612307
84.45 84.4 84.5 0.007280927481
84.55 84.5 84.6 0.003244207315
84.65 84.6 84.7 0.003297807748
84.75 84.7 84.8 0.004551899295
84.85 84.8 84.9 -0.002833492218
84.95 84.9 85 0.002686067184
85.05 85 85.1 0.008771452205
85.15 85.1 85.2 0.003078526765
85.25 85.2 85.3 0.0002255830184
85.35 85.3 85.4 0.004303181894
85.45 85.4 85.5 0.0005740800042
85.55 85.5 85.6 0.005362244233
85.65 85.6 85.7 0.001015018145
85.75 85.7 85.8 0.0008990937477
85.85 85.8 85.9 0.00556269439
85.95 85.9 86 0.005783971209
86.05 86 86.1 0.006268441329
86.15 86.1 86.2 0.002300669859
86.25 86.2 86.3 0.006119627697
86.35 86.3 86.4 0.004883522594
86.45 86.4 86.5 0.002840991817
86.55 86.5 86.6 0.004229975274
86.65 86.6 86.7 0.005608836785
86.75 86.7 86.8 0.002808914729
86.85 86.8 86.9 0.00563144106
86.95 86.9 87 0.007287088641
87.05 87 87.1 0.003294166758
87.15 87.1 87.2 0.005921888269
87.25 87.2 87.3 0.00570334172
87.35 87.3 87.4 0.0025683172
87.45 87.4 87.5 0.007177079572
87.55 87.5 87.6 0.008265003656
87.65 87.6 87.7 0.007191356888
87.75 87.7 87.8 0.002864274466
87.85 87.8 87.9 0.004915086127
87.95 87.9 88 0.00715685213
88.05 88 88.1 -0.0002962926683
88.15 88.1 88.2 0.003666188935
88.25 88.2 88.3 0.004520578916
88.35 88.3 88.4 0.01009421361
88.45 88.4 88.5 0.004465501094
88.55 88.5 88.6 0.005406679919
88.65 88.6 88.7 0.005856292325
88.75 88.7 88.8 0.005667466201
88.85 88.8 88.9 0.007001680535
88.95 88.9 89 0.002793143165
89.05 89 89.1 0.004201063246
89.15 89.1 89.2 0.005737017798
89.25 89.2 89.3 0.003068292036
89.35 89.3 89.4 0.005679981055
89.45 89.4 89.5 0.004720410945
89.55 89.5 89.6 0.008018424408
89.65 89.6 89.7 0.008012962466
89.75 89.7 89.8 0.00449349492
89.85 89.8 89.9 0.006363341279
89.95 89.9 90 0.002350859382
90.05 90 90.1 0.006988702192
90.15 90.1 90.2 0.007249229529
90.25 90.2 90.3 0.006515730673
90.35 90.3 90.4 0.005365417074
90.45 90.4 90.5 0.00842058891
90.55 90.5 90.6 0.005858680659
90.65 90.6 90.7 0.008419803884
90.75 90.7 90.8 0.008728231937
90.85 90.8 90.9 0.004416142806
90.95 90.9 91 0.004492672696
91.05 91 91.1 0.007717461677
91.15 91.1 91.2 0.006005630675
91.25 91.2 91.3 0.005781240161
91.35 91.3 91.4 0.008301934178
91.45 91.4 91.5 0.005586370215
91.55 91.5 91.6 0.003834781226
91.65 91.6 91.7 0.006330473485
91.75 91.7 91.8 0.006088014044
91.85 91.8 91.9 0.006411123121
91.95 91.9 92 0.003847464926
92.05 92 92.1 0.006115242633
92.15 92.1 92.2 0.01060067175
92.25 92.2 92.3 0.005455033776
92.35 92.3 92.4 0.009589986685
92.45 92.4 92.5 0.004334379165
92.55 92.5 92.6 0.003913108793
92.65 92.6 92.7 0.006870098671
92.75 92.7 92.8 0.005565165372
92.85 92.8 92.9 0.005030365868
92.95 92.9 93 0.005680799072
93.05 93 93.1 0.006274496153
93.15 93.1 93.2 0.008930799969
93.25 93.2 93.3 0.008059781472
93.35 93.3 93.4 0.00635100418
93.45 93.4 93.5 0.002874902373
93.55 93.5 93.6 0.00323318065
93.65 93.6 93.7 0.008503929399
93.75 93.7 93.8 0.003852805166
93.85 93.8 93.9 0.008226935823
93.95 93.9 94 0.002024980422
94.05 94 94.1 0.005255534823
94.15 94.1 94.2 0.005930831167
94.25 94.2 94.3 0.003663899544
94.35 94.3 94.4 0.003856192505
94.45 94.4 94.5 0.007891961885
94.55 94.5 94.6 0.005357087885
94.65 94.6 94.7 0.006291848369
94.75 94.7 94.8 0.004832861922
94.85 94.8 94.9 0.003778755794
94.95 94.9 95 0.005351688508
95.05 95 95.1 0.00664691569
95.15 95.1 95.2 0.007325370437
95.25 95.2 95.3 0.01167215048
95.35 95.3 95.4 0.005992770661
95.45 95.4 95.5 0.00762702557
95.55 95.5 95.6 0.003658524498
95.65 95.6 95.7 0.008122186881
95.75 95.7 95.8 0.01001209439
95.85 95.8 95.9 0.004750810294
95.95 95.9 96 0.00338022706
96.05 96 96.1 0.00673999279
96.15 96.1 96.2 0.005874397767
96.25 96.2 96.3 0.009235087203
96.35 96.3 96.4 0.00731148445
96.45 96.4 96.5 0.003519340515
96.55 96.5 96.6 0.01163546856
96.65 96.6 96.7 0.005567177576
96.75 96.7 96.8 0.007872363145
96.85 96.8 96.9 0.001263611176
96.95 96.9 97 0.005288710945
97.05 97 97.1 0.00353872351
97.15 97.1 97.2 0.007775397779
97.25 97.2 97.3 0.008894866246
97.35 97.3 97.4 0.00956209583
97.45 97.4 97.5 0.008820853806
97.55 97.5 97.6 0.008789873387
97.65 97.6 97.7 0.006192322654
97.75 97.7 97.8 0.009426025945
97.85 97.8 97.9 0.006561696371
97.95 97.9 98 0.007814505676
98.05 98 98.1 0.004316704839
98.15 98.1 98.2 0.001561599466
98.25 98.2 98.3 0.008024612441
98.35 98.3 98.4 0.006916090862
98.45 98.4 98.5 0.004282149723
98.55 98.5 98.6 0.006521977702
98.65 98.6 98.7 0.003983567062
98.75 98.7 98.8 0.005166287809
98.85 98.8 98.9 0.005179857626
98.95 98.9 99 0.005352381369
99.05 99 99.1 0.007191489644
99.15 99.1 99.2 0.01017426328
99.25 99.2 99.3 0.007221952632
99.35 99.3 99.4 0.008356478
99.45 99.4 99.5 0.005240392493
99.55 99.5 99.6 0.007347734887
99.65 99.6 99.7 0.006760627491
99.75 99.7 99.8 0.005868188214
99.85 99.8 99.9 0.006192621965
99.95 99.9 100 0.007193048958
100.05 100 100.1 0.006439357143
100.15 100.1 100.2 0.008983727564
100.25 100.2 100.3 0.003043250011
100.35 100.3 100.4 0.002254071709
100.45 100.4 100.5 0.003354892292
100.55 100.5 100.6 0.007631940704
100.65 100.6 100.7 0.008170624268
100.75 100.7 100.8 0.002403961712
100.85 100.8 100.9 0.006727740267
100.95 100.9 101 0.00649910796
101.05 101 101.1 0.006420376991
101.15 101.1 101.2 0.004800615478
101.25 101.2 101.3 0.009637048158
101.35 101.3 101.4 0.007693811998
101.45 101.4 101.5 0.006699802437
101.55 101.5 101.6 0.007943557857
101.65 101.6 101.7 0.005003678194
101.75 101.7 101.8 0.009457769033
101.85 101.8 101.9 0.005938991156
101.95 101.9 102 0.01046596068
102.05 102 102.1 0.003139697508
102.15 102.1 102.2 0.005626796153
102.25 102.2 102.3 0.007418792459
102.35 102.3 102.4 0.00826352482
102.45 102.4 102.5 0.00252935492
102.55 102.5 102.6 0.006614438702
102.65 102.6 102.7 0.00788093389
102.75 102.7 102.8 0.005775035698
102.85 102.8 102.9 0.004105421634
102.95 102.9 103 0.004716186873
103.05 103 103.1 0.01094938319
103.15 103.1 103.2 0.005464432179
103.25 103.2 103.3 0.00541408413
103.35 103.3 103.4 0.007256409581
103.45 103.4 103.5 0.006770373441
103.55 103.5 103.6 0.006578835561
103.65 103.6 103.7 0.004864208685
103.75 103.7 103.8 0.008614676361
103.85 103.8 103.9 0.007233608525
103.95 103.9 104 0.003985206175
104.05 104 104.1 0.00521325899
104.15 104.1 104.2 0.007962454104
104.25 104.2 104.3 0.007327673334
104.35 104.3 104.4 0.004836835629
104.45 104.4 104.5 0.004916819168
104.55 104.5 104.6 0.009645145797
104.65 104.6 104.7 0.007289583865
104.75 104.7 104.8 0.00788780748
104.85 104.8 104.9 0.003412102662
104.95 104.9 105 0.003318113215
105.05 105 105.1 0.006149016979
105.15 105.1 105.2 0.005686412143
105.25 105.2 105.3 0.005729231804
105.35 105.3 105.4 0.001881765407
105.45 105.4 105.5 0.008482234145
105.55 105.5 105.6 0.008960951424
105.65 105.6 105.7 0.005303538945
105.75 105.7 105.8 0.002761105208
105.85 105.8 105.9 0.004735230534
105.95 105.9 106 0.006549742008
106.05 106 106.1 0.006103082968
106.15 106.1 106.2 0.00466281341
106.25 106.2 106.3 0.003884743644
106.35 106.3 106.4 0.004099119397
106.45 106.4 106.5 0.004564034339
106.55 106.5 106.6 0.007161382201
106.65 106.6 106.7 0.007193260221
106.75 106.7 106.8 0.008217410038
106.85 106.8 106.9 0.003646058458
106.95 106.9 107 0.007428835829
107.05 107 107.1 0.00399304146
107.15 107.1 107.2 0.004921749822
107.25 107.2 107.3 0.006234918348
107.35 107.3 107.4 0.004736377341
107.45 107.4 107.5 0.009181961722
107.55 107.5 107.6 0.006133756666
107.65 107.6 107.7 0.003136491067
107.75 107.7 107.8 0.00673296659
107.85 107.8 107.9 0.005774987199
107.95 107.9 108 0.005250175894
108.05 108 108.1 0.002104022525
108.15 108.1 108.2 0.003383754279
108.25 108.2 108.3 0.001006722
108.35 108.3 108.4 0.001902118468
108.45 108.4 108.5 0.003766801546
108.55 108.5 108.6 0.008896061019
108.65 108.6 108.7 0.007088453233
108.75 108.7 108.8 0.004082180663
108.85 108.8 108.9 0.007344417103
108.95 108.9 109 0.008909057086
109.05 109 109.1 0.006241108697
109.15 109.1 109.2 0.00106617377
109.25 109.2 109.3 0.002247032866
109.35 109.3 109.4 0.006911936762
109.45 109.4 109.5 0.001834603006
109.55 109.5 109.6 0.006071729524
109.65 109.6 109.7 0.004124506269
109.75 109.7 109.8 0.001549894597
109.85 109.8 109.9 0.007887068644
109.95 109.9 110 -0.00186874364
110.05 110 110.1 0.006083927944
110.15 110.1 110.2 0.004306008396
110.25 110.2 110.3 0.004982604443
110.35 110.3 110.4 0.002832860657
110.45 110.4 110.5 0.005084631127
110.55 110.5 110.6 0.006527448385
110.65 110.6 110.7 0.004544985439
110.75 110.7 110.8 0.004843597692
110.85 110.8 110.9 0.005078445446
110.95 110.9 111 0.006681231166
111.05 111 111.1 0.007147047332
111.15 111.1 111.2 0.004589781959
111.25 111.2 111.3 0.002545594009
111.35 111.3 111.4 0.005472262629
111.45 111.4 111.5 0.004856181747
111.55 111.5 111.6 0.005123257571
111.65 111.6 111.7 0.005251605145
111.75 111.7 111.8 0.003788096679
111.85 111.8 111.9 0.005956728833
111.95 111.9 112 0.0004790032631
112.05 112 112.1 0.006475985808
112.15 112.1 112.2 0.006609591043
112.25 112.2 112.3 0.005467747379
112.35 112.3 112.4 0.006155389414
112.45 112.4 112.5 0.00678624209
112.55 112.5 112.6 0.008704116776
112.65 112.6 112.7 0.002436578647
112.75 112.7 112.8 0.003500357802
112.85 112.8 112.9 0.002789276431
112.95 112.9 113 0.004162076466
113.05 113 113.1 0.003594248864
113.15 113.1 113.2 0.003022642684
113.25 113.2 113.3 0.008135105529
113.35 113.3 113.4 0.001996444255
113.45 113.4 113.5 0.005601115129
113.55 113.5 113.6 0.003652761634
113.65 113.6 113.7 0.005640237948
113.75 113.7 113.8 0.004606634427
113.85 113.8 113.9 0.006156543979
113.95 113.9 114 0.002513785403
114.05 114 114.1 0.004186190177
114.15 114.1 114.2 0.0005353333575
114.25 114.2 114.3 0.005112152172
114.35 114.3 114.4 0.006910374521
114.45 114.4 114.5 0.003772010606
114.55 114.5 114.6 0.002614205974
114.65 114.6 114.7 0.005616153186
114.75 114.7 114.8 0.004531762077
114.85 114.8 114.9 0.003599703924
114.95 114.9 115 0.006298734912
115.05 115 115.1 -0.0005543519893
115.15 115.1 115.2 0.003340654175
115.25 115.2 115.3 0.005402591675
115.35 115.3 115.4 0.006466889834
115.45 115.4 115.5 0.006943355675
115.55 115.5 115.6 0.004807967219
115.65 115.6 115.7 0.003645716791
115.75 115.7 115.8 0.00749563576
115.85 115.8 115.9 0.004780869056
115.95 115.9 116 0.004106264019
116.05 116 116.1 0.006675812852
116.15 116.1 116.2 0.006384616625
116.25 116.2 116.3 0.006595473105
116.35 116.3 116.4 0.003734941607
116.45 116.4 116.5 -0.001913491423
116.55 116.5 116.6 0.006439917048
116.65 116.6 116.7 0.004902209883
116.75 116.7 116.8 0.003457831416
116.85 116.8 116.9 0.002128779911
116.95 116.9 117 0.008050609275
117.05 117 117.1 0.001968657616
117.15 117.1 117.2 0.001557876001
117.25 117.2 117.3 0.004261629591
117.35 117.3 117.4 0.006209303408
117.45 117.4 117.5 0.007686373304
117.55 117.5 117.6 0.001552160484
117.65 117.6 117.7 0.001339462006
117.75 117.7 117.8 0.004143379319
117.85 117.8 117.9 0.004566306666
117.95 117.9 118 0.004642612513
118.05 118 118.1 0.004349048542
118.15 118.1 118.2 0.003943033713
118.25 118.2 118.3 0.0007685508802
118.35 118.3 118.4 0.005196220961
118.45 118.4 118.5 0.002579069954
118.55 118.5 118.6 0.004292181068
118.65 118.6 118.7 0.00413183542
118.75 118.7 118.8 0.005477481006
118.85 118.8 118.9 0.003080537396
118.95 118.9 119 0.001578281623
119.05 119 119.1 0.004075760658
119.15 119.1 119.2 0.001840075805
119.25 119.2 119.3 0.004836127718
119.35 119.3 119.4 0.001397753414
119.45 119.4 119.5 0.001806753039
119.55 119.5 119.6 0.0008759915249
119.65 119.6 119.7 0.005101329475
119.75 119.7 119.8 0.005572182987
119.85 119.8 119.9 0.002752829174
119.95 119.9 120 0.003782649495
120.05 120 120.1 0.002740273103
120.15 120.1 120.2 0.003662511234
120.25 120.2 120.3 0.001829218222
120.35 120.3 120.4 0.003971827253
120.45 120.4 120.5 0.0006039754482
120.55 120.5 120.6 0.002590780944
120.65 120.6 120.7 -0.00259709645
120.75 120.7 120.8 0.005412403965
120.85 120.8 120.9 0.00159875516
120.95 120.9 121 0.002807073494
121.05 121 121.1 -0.002673578745
121.15 121.1 121.2 0.002755065581
121.25 121.2 121.3 0.00013345639
121.35 121.3 121.4 0.002167246783
121.45 121.4 121.5 -0.0008662060755
121.55 121.5 121.6 0.0001048677013
121.65 121.6 121.7 0.002476981481
121.75 121.7 121.8 0.004430545792
121.85 121.8 121.9 0.002533731402
121.95 121.9 122 0.002544546816
122.05 122 122.1 0.00122785432
122.15 122.1 122.2 -0.001940481926
122.25 122.2 122.3 0.004442551385
122.35 122.3 122.4 0.00213169623
122.45 122.4 122.5 0.002742457028
122.55 122.5 122.6 0.002873376326
122.65 122.6 122.7 0.0004549331784
122.75 122.7 122.8 0.002227275245
122.85 122.8 122.9 0.005644408412
122.95 122.9 123 0.002554905801
123.05 123 123.1 0.002915042794
123.15 123.1 123.2 0.003059541018
123.25 123.2 123.3 0.002389893162
123.35 123.3 123.4 0.00175327604
123.45 123.4 123.5 0.001700241095
123.55 123.5 123.6 0.002261582002
123.65 123.6 123.7 0.00247359293
123.75 123.7 123.8 0.0009738456403
123.85 123.8 123.9 0.0005228606106
123.95 123.9 124 0.0007556914692
124.05 124 124.1 0.003885707554
124.15 124.1 124.2 0.003135960551
124.25 124.2 124.3 0.004495469032
124.35 124.3 124.4 0.002725054636
124.45 124.4 124.5 0.004079980563
124.55 124.5 124.6 0.00383290609
124.65 124.6 124.7 -0.001426925977
124.75 124.7 124.8 0.003286517485
124.85 124.8 124.9 0.003542401359
124.95 124.9 125 -0.0003874278692
125.05 125 125.1 0.001838589931
125.15 125.1 125.2 -0.000781012151
125.25 125.2 125.3 0.004968809519
125.35 125.3 125.4 0.003008278428
125.45 125.4 125.5 0.006244995065
125.55 125.5 125.6 0.002263702516
125.65 125.6 125.7 0.001185923913
125.75 125.7 125.8 0.002466664151
125.85 125.8 125.9 -0.001103640322
125.95 125.9 126 0.0004955527244
126.05 126 126.1 0.004485674371
126.15 126.1 126.2 0.001394487527
126.25 126.2 126.3 0.005060855212
126.35 126.3 126.4 0.003935470032
126.45 126.4 126.5 0.0004798692613
126.55 126.5 126.6 -0.003218311111
126.65 126.6 126.7 -0.001070365783
126.75 126.7 126.8 0.004445412167
126.85 126.8 126.9 0.002439993429
126.95 126.9 127 0.004157998018
127.05 127 127.1 0.001340416802
127.15 127.1 127.2 0.0008674345245
127.25 127.2 127.3 0.00208406174
127.35 127.3 127.4 0.001377209864
127.45 127.4 127.5 -8.565972573e-05
127.55 127.5 127.6 0.004427523097
127.65 127.6 127.7 0.001291761666
127.75 127.7 127.8 0.00274911153
127.85 127.8 127.9 0.001876631475
127.95 127.9 128 0.006059440641
128.05 128 128.1 0.00115041885
128.15 128.1 128.2 0.006004440999
128.25 128.2 128.3 6.149958954e-05
128.35 128.3 128.4 0.00107518863
128.45 128.4 128.5 0.003810453299
128.55 128.5 128.6 0.004247712081
128.65 128.6 128.7 0.001320131785
128.75 128.7 128.8 0.001275991361
128.85 128.8 128.9 0.003884200316
128.95 128.9 129 5.327637608e-05
129.05 129 129.1 0.0009463300144
129.15 129.1 129.2 -0.003479467388
129.25 129.2 129.3 0.0009366106432
129.35 129.3 129.4 0.0019846527
129.45 129.4 129.5 0.0004804312488
129.55 129.5 129.6 0.0017521349
129.65 129.6 129.7 0.003230013211
129.75 129.7 129.8 0.003384408156
129.85 129.8 129.9 0.003228799178
129.95 129.9 130 0.002038615916
130.05 130 130.1 0.003008695202
130.15 130.1 130.2 -0.003334363038
130.25 130.2 130.3 0.002876672616
130.35 130.3 130.4 -0.001716620275
130.45 130.4 130.5 0.002919936334
130.55 130.5 130.6 -0.001509520521
130.65 130.6 130.7 0.003062433021
130.75 130.7 130.8 0.00228569908
130.85 130.8 130.9 -0.001568391317
130.95 130.9 131 0.0001509016253
131.05 131 131.1 0.0003758086811
131.15 131.1 131.2 -0.001014347308
131.25 131.2 131.3 -0.000527624078
131.35 131.3 131.4 0.001499577515
131.45 131.4 131.5 0.002302537494
131.55 131.5 131.6 0.0029929155
131.65 131.6 131.7 0.00156223323
131.75 131.7 131.8 -0.001292534922
131.85 131.8 131.9 -0.002315257736
131.95 131.9 132 0.002062551577
132.05 132 132.1 0.0008331087905
132.15 132.1 132.2 -0.001102784895
132.25 132.2 132.3 -0.0004237849256
132.35 132.3 132.4 0.0004407410328
132.45 132.4 132.5 0.002575933655
132.55 132.5 132.6 -0.0005305238135
132.65 132.6 132.7 0.006440318603
132.75 132.7 132.8 -0.002783704793
132.85 132.8 132.9 0.00271048302
132.95 132.9 133 0.001312590552
133.05 133 133.1 0.001434532356
133.15 133.1 133.2 -0.001724040405
133.25 133.2 133.3 0.001841025882
133.35 133.3 133.4 -0.003284211704
133.45 133.4 133.5 -0.001164778958
133.55 133.5 133.6 -0.0008005054716
133.65 133.6 133.7 0.002358361509
133.75 133.7 133.8 0.003322791118
133.85 133.8 133.9 0.001728168762
133.95 133.9 134 0.0004715582307
134.05 134 134.1 -0.002204963391
134.15 134.1 134.2 0.0005359505445
134.25 134.2 134.3 0.0003931521302
134.35 134.3 134.4 -5.942750527e-05
134.45 134.4 134.5 0.0007974425512
134.55 134.5 134.6 -0.004024792826
134.65 134.6 134.7 0.0004630704172
134.75 134.7 134.8 0.002876079766
134.85 134.8 134.9 -0.0005880398582
134.95 134.9 135 0.0001044165798
135.05 135 135.1 -0.0006726409437
135.15 135.1 135.2 -0.0009040884407
135.25 135.2 135.3 0.003008066497
135.35 135.3 135.4 -0.0001818612923
135.45 135.4 135.5 -0.000910372821
135.55 135.5 135.6 -0.0007027891203
135.65 135.6 135.7 -0.001936796129
135.75 135.7 135.8 -0.0009434091497
135.85 135.8 135.9 0.001587668661
135.95 135.9 136 -0.002588879141
136.05 136 136.1 -0.0001290896089
136.15 136.1 136.2 0.0002185605312
136.25 136.2 136.3 -0.0007123947181
136.35 136.3 136.4 0.002685312189
136.45 136.4 136.5 -0.002928866407
136.55 136.5 136.6 0.001953317293
136.65 136.6 136.7 0.000486989628
136.75 136.7 136.8 0.003118237306
136.85 136.8 136.9 -0.0008806624926
136.95 136.9 137 -0.0004552237239
137.05 137 137.1 -0.003349966599
137.15 137.1 137.2 0.001637396657
137.25 137.2 137.3 -0.001095021121
137.35 137.3 137.4 -0.001819953313
137.45 137.4 137.5 -0.002661453109
137.55 137.5 137.6 0.001518407333
137.65 137.6 137.7 -0.0002048658589
137.75 137.7 137.8 -0.00294768271
137.85 137.8 137.9 0.002192436569
137.95 137.9 138 0.001433573143
138.05 138 138.1 0.003371941654
138.15 138.1 138.2 0.0003248336544
138.25 138.2 138.3 -0.00115103436
138.35 138.3 138.4 0.00167391017
138.45 138.4 138.5 -0.0003895502933
138.55 138.5 138.6 0.0001551353029
138.65 138.6 138.7 -0.005087555758
138.75 138.7 138.8 -0.002575572156
138.85 138.8 138.9 -0.001718779075
138.95 138.9 139 -0.0005934939729
139.05 139 139.1 -0.0005835321605
139.15 139.1 139.2 -0.0002274065605
139.25 139.2 139.3 -0.0024038069
139.35 139.3 139.4 0.0007606003389
139.45 139.4 139.5 -0.001350888331
139.55 139.5 139.6 -0.0005267654728
139.65 139.6 139.7 -0.0003949661165
139.75 139.7 139.8 -0.002102165771
139.85 139.8 139.9 0.0001474138692
139.95 139.9 140 -0.003005552733
140.05 140 140.1 -0.001094088346
140.15 140.1 140.2 -0.0004762752281
140.25 140.2 140.3 -0.003496719465
140.35 140.3 140.4 -0.002468722317
140.45 140.4 140.5 -0.001979094951
140.55 140.5 140.6 -0.0007615639795
140.65 140.6 140.7 -0.002882510861
140.75 140.7 140.8 -0.002173634727
140.85 140.8 140.9 -0.001111237973
140.95 140.9 141 -0.003378831244
141.05 141 141.1 0.0003364705286
141.15 141.1 141.2 -0.002024147362
141.25 141.2 141.3 -0.001614164612
141.35 141.3 141.4 -0.0007831712161
141.45 141.4 141.5 0.00147290968
141.55 141.5 141.6 -0.0005897399164
141.65 141.6 141.7 -0.002015382605
141.75 141.7 141.8 0.0002595046049
141.85 141.8 141.9 -0.0006267444375
141.95 141.9 142 -0.002148618421
142.05 142 142.1 -0.003489318062
142.15 142.1 142.2 -0.001183026255
142.25 142.2 142.3 -0.000533660034
142.35 142.3 142.4 -0.001303257107
142.45 142.4 142.5 -0.001819319277
142.55 142.5 142.6 0.002060823728
142.65 142.6 142.7 -0.002476704129
142.75 142.7 142.8 -0.003834209044
142.85 142.8 142.9 -0.0003821667434
142.95 142.9 143 -0.00189970797
143.05 143 143.1 -0.001688285973
143.15 143.1 143.2 -0.002442210059
143.25 143.2 143.3 -0.001773510624
143.35 143.3 143.4 -0.002226975729
143.45 143.4 143.5 -2.520393894e-05
143.55 143.5 143.6 0.0005554675626
143.65 143.6 143.7 -0.001675245355
143.75 143.7 143.8 -0.0005159401638
143.85 143.8 143.9 -0.001926643038
143.95 143.9 144 -0.001171031196
144.05 144 144.1 -0.001254587709
144.15 144.1 144.2 -0.001699780427
144.25 144.2 144.3 -0.001721114098
144.35 144.3 144.4 -0.002027934331
144.45 144.4 144.5 -0.001591926107
144.55 144.5 144.6 0.0003221273607
144.65 144.6 144.7 -0.0006428447494
144.75 144.7 144.8 -0.0004642588704
144.85 144.8 144.9 -0.0007019339929
144.95 144.9 145 -0.0009459691565
145.05 145 145.1 0.0008799808815
145.15 145.1 145.2 -0.0001635546995
145.25 145.2 145.3 -0.001975599394
145.35 145.3 145.4 -0.001639968399
145.45 145.4 145.5 -0.004842046698
145.55 145.5 145.6 0.002536449523
145.65 145.6 145.7 -0.0002134736415
145.75 145.7 145.8 -0.005279801681
145.85 145.8 145.9 -0.0003934883036
145.95 145.9 146 -0.001698328939
146.05 146 146.1 -0.001318375695
146.15 146.1 146.2 0.00177567042
146.25 146.2 146.3 -0.00110476756
146.35 146.3 146.4 -0.0007544202157
146.45 146.4 146.5 -0.001688484736
146.55 146.5 146.6 -0.00245254431
146.65 146.6 146.7 -0.0009795513368
146.75 146.7 146.8 0.001496937601
146.85 146.8 146.9 -0.003670343869
146.95 146.9 147 -0.001195939531
147.05 147 147.1 -0.00151893503
147.15 147.1 147.2 -0.001169935182
147.25 147.2 147.3 -0.003356466211
147.35 147.3 147.4 -0.002229523854
147.45 147.4 147.5 -0.002835518417
147.55 147.5 147.6 -0.00253880582
147.65 147.6 147.7 -0.001910236672
147.75 147.7 147.8 -0.001441368957
147.85 147.8 147.9 -0.0004598831677
147.95 147.9 148 0.002330758232
148.05 148 148.1 0.0001388559771
148.15 148.1 148.2 7.963889902e-05
148.25 148.2 148.3 0.0002481115765
148.35 148.3 148.4 -0.000766005729
148.45 148.4 148.5 0.0007675343528
148.55 148.5 148.6 -0.00324559798
148.65 148.6 148.7 -0.005284250137
148.75 148.7 148.8 -0.001903789814
148.85 148.8 148.9 -0.0015306474
148.95 148.9 149 -0.002461167025
149.05 149 149.1 -0.001907196018
149.15 149.1 149.2 -0.003815265318
149.25 149.2 149.3 -0.0007097674544
149.35 149.3 149.4 -0.002038867762
149.45 149.4 149.5 -0.002470893955
149.55 149.5 149.6 -0.001187525799
149.65 149.6 149.7 -0.001957669446
149.75 149.7 149.8 -0.001766805866
149.85 149.8 149.9 -0.002261003029
149.95 149.9 150 -0.00358406268
150.05 150 150.1 0.0007470560544
150.15 150.1 150.2 -0.002706391069
150.25 150.2 150.3 -0.001161229017
150.35 150.3 150.4 -0.002074511019
150.45 150.4 150.5 0.0001352007545
150.55 150.5 150.6 0.001830618332
150.65 150.6 150.7 -0.003658056385
150.75 150.7 150.8 -0.005053668705
150.85 150.8 150.9 -0.001629694317
150.95 150.9 151 -0.00252514811
151.05 151 151.1 -0.002775390794
151.15 151.1 151.2 -0.000708659127
151.25 151.2 151.3 -0.0001239231771
151.35 151.3 151.4 -0.001825737682
151.45 151.4 151.5 -0.0001989811611
151.55 151.5 151.6 0.002196268169
151.65 151.6 151.7 -0.003039309627
151.75 151.7 151.8 -0.0007894698215
151.85 151.8 151.9 -0.003802712607
151.95 151.9 152 -0.0001209301086
152.05 152 152.1 0.001398940557
152.15 152.1 152.2 -0.00151706812
152.25 152.2 152.3 -0.001085257099
152.35 152.3 152.4 -0.001854971335
152.45 152.4 152.5 -0.002446589428
152.55 152.5 152.6 -0.001060839265
152.65 152.6 152.7 0.001632133249
152.75 152.7 152.8 -0.001145170542
152.85 152.8 152.9 -0.0009266374184
152.95 152.9 153 -0.0004297860415
153.05 153 153.1 -0.00034371643
153.15 153.1 153.2 -0.0007569900233
153.25 153.2 153.3 -0.003137513644
153.35 153.3 153.4 -0.001767404116
153.45 153.4 153.5 -0.0008281137625
153.55 153.5 153.6 -0.003783890867
153.65 153.6 153.7 0.0003609192103
153.75 153.7 153.8 -0.0002912067785
153.85 153.8 153.9 -0.002838871038
153.95 153.9 154 -0.0005303306229
154.05 154 154.1 -0.002842249039
154.15 154.1 154.2 -0.001636172387
154.25 154.2 154.3 -0.001900835758
154.35 154.3 154.4 0.000524626824
154.45 154.4 154.5 -0.002743272946
154.55 154.5 154.6 -0.00214799951
154.65 154.6 154.7 -0.002773050955
154.75 154.7 154.8 -0.002790584435
154.85 154.8 154.9 -0.002283951688
154.95 154.9 155 -0.001542543014
155.05 155 155.1 -0.002901648851
155.15 155.1 155.2 -0.003508375147
155.25 155.2 155.3 -0.003871732979
155.35 155.3 155.4 -0.001563099049
155.45 155.4 155.5 -0.002290166881
155.55 155.5 155.6 3.434256404e-05
155.65 155.6 155.7 0.0008028400013
155.75 155.7 155.8 -0.001058177506
155.85 155.8 155.9 -0.002518464213
155.95 155.9 156 0.0001541706031
156.05 156 156.1 -0.004232272676
156.15 156.1 156.2 -0.001821453933
156.25 156.2 156.3 -0.0007439647253
156.35 156.3 156.4 -0.0008882760765
156.45 156.4 156.5 -0.0006724779168
156.55 156.5 156.6 -0.004075476912
156.65 156.6 156.7 -0.002700819896
156.75 156.7 156.8 -0.00268385649
156.85 156.8 156.9 -0.0006245628162
156.95 156.9 157 -0.001052222261
157.05 157 157.1 -0.004033037006
157.15 157.1 157.2 -0.003345658332
157.25 157.2 157.3 -0.002993737219
157.35 157.3 157.4 -0.001944924898
157.45 157.4 157.5 -0.001854748714
157.55 157.5 157.6 -0.0001680000939
157.65 157.6 157.7 -0.001299416804
157.75 157.7 157.8 -0.003137583486
157.85 157.8 157.9 -0.002169364361
157.95 157.9 158 -0.0007209813911
158.05 158 158.1 -0.003791435228
158.15 158.1 158.2 -0.001041710238
158.25 158.2 158.3 -0.0008449907824
158.35 158.3 158.4 -0.001232052714
158.45 158.4 158.5 -0.001411031712
158.55 158.5 158.6 -0.002084958039
158.65 158.6 158.7 -0.001805995327
158.75 158.7 158.8 -0.004057820358
158.85 158.8 158.9 -0.00185777774
158.95 158.9 159 -0.0006728390816
159.05 159 159.1 -0.004135454618
159.15 159.1 159.2 0.0008221223155
159.25 159.2 159.3 -0.003192950681
159.35 159.3 159.4 -9.787086643e-05
159.45 159.4 159.5 -0.003341758411
159.55 159.5 159.6 -0.0003038268099
159.65 159.6 159.7 -0.001074086396
159.75 159.7 159.8 -0.001782325394
159.85 159.8 159.9 -0.001700661424
159.95 159.9 160 -0.0008001015124
160.05 160 160.1 -0.0008059516815
160.15 160.1 160.2 0.001571645493
160.25 160.2 160.3 -0.001000783014
160.35 160.3 160.4 -0.0008316170675
160.45 160.4 160.5 -0.001172290543
160.55 160.5 160.6 -0.003229627098
160.65 160.6 160.7 -0.0005855722994
160.75 160.7 160.8 -0.0009758623303
160.85 160.8 160.9 -0.0008342364364
160.95 160.9 161 -0.0008011857731
161.05 161 161.1 -0.0007872693098
161.15 161.1 161.2 -0.001934693326
161.25 161.2 161.3 -0.002618734521
161.35 161.3 161.4 -0.002684658783
161.45 161.4 161.5 -0.00277221005
161.55 161.5 161.6 -0.001477958104
161.65 161.6 161.7 -0.003249953974
161.75 161.7 161.8 0.0008091146972
161.85 161.8 161.9 -0.00572418086
161.95 161.9 162 -0.00381788554
162.05 162 162.1 0.001097628492
162.15 162.1 162.2 -0.001397289105
162.25 162.2 162.3 -9.223937572e-05
162.35 162.3 162.4 -0.00255465712
162.45 162.4 162.5 -0.0003086462485
162.55 162.5 162.6 -0.0008517965241
162.65 162.6 162.7 -0.001087729984
162.75 162.7 162.8 -0.003335721178
162.85 162.8 162.9 -0.000506576142
162.95 162.9 163 -0.0002433794092
163.05 163 163.1 -0.00151466273
163.15 163.1 163.2 -0.001282944059
163.25 163.2 163.3 0.0006917135834
163.35 163.3 163.4 -0.002900960135
163.45 163.4 163.5 -0.0004453153089
163.55 163.5 163.6 -0.002969274979
163.65 163.6 163.7 -0.003050671608
163.75 163.7 163.8 -0.001333556264
163.85 163.8 163.9 -0.003117941418
163.95 163.9 164 -0.0006832782639
164.05 164 164.1 -0.0009640044764
164.15 164.1 164.2 -0.003235501513
164.25 164.2 164.3 -0.0002913615989
164.35 164.3 164.4 0.001475878398
164.45 164.4 164.5 -0.003158802679
164.55 164.5 164.6 0.0004106758752
164.65 164.6 164.7 -0.0023293643
164.75 164.7 164.8 -0.001168023968
164.85 164.8 164.9 -0.002471412497
164.95 164.9 165 -0.00251893097
165.05 165 165.1 -0.001912959807
165.15 165.1 165.2 -0.002532793811
165.25 165.2 165.3 -0.0007464331892
165.35 165.3 165.4 -0.001907317893
165.45 165.4 165.5 -0.00117024322
165.55 165.5 165.6 -0.003091461486
165.65 165.6 165.7 -0.0005154530982
165.75 165.7 165.8 -0.003408088732
165.85 165.8 165.9 0.0001956145591
165.95 165.9 166 -0.001778438053
166.05 166 166.1 -0.001478493848
166.15 166.1 166.2 -0.004331211501
166.25 166.2 166.3 -0.002693579301
166.35 166.3 166.4 -0.0002120962371
166.45 166.4 166.5 -0.002217785674
166.55 166.5 166.6 -0.0003016891419
166.65 166.6 166.7 -0.005168843856
166.75 166.7 166.8 -0.001991095965
166.85 166.8 166.9 -0.0008212013763
166.95 166.9 167 -0.0001337172954
167.05 167 167.1 0.000303496694
167.15 167.1 167.2 -0.0001328652392
167.25 167.2 167.3 -0.0003405303921
167.35 167.3 167.4 -0.001332554095
167.45 167.4 167.5 -0.001159624698
167.55 167.5 167.6 -0.0009767331527
167.65 167.6 167.7 0.000318277526
167.75 167.7 167.8 -0.004272159804
167.85 167.8 167.9 -0.002181198562
167.95 167.9 168 -0.000812181564
168.05 168 168.1 0.0001241388134
168.15 168.1 168.2 0.0005683673879
168.25 168.2 168.3 0.002362185525
168.35 168.3 168.4 -0.0003953959769
168.45 168.4 168.5 -0.002756481506
168.55 168.5 168.6 -0.001768473306
168.65 168.6 168.7 -0.002503359462
168.75 168.7 168.8 -0.001833507066
168.85 168.8 168.9 -0.002564446488
168.95 168.9 169 -0.0002654819059
169.05 169 169.1 -0.001428576551
169.15 169.1 169.2 0.0001873769655
169.25 169.2 169.3 -0.003671066782
169.35 169.3 169.4 -0.002642117695
169.45 169.4 169.5 0.0005115246438
169.55 169.5 169.6 -0.003766522602
169.65 169.6 169.7 -0.001738950057
169.75 169.7 169.8 -0.000601701154
169.85 169.8 169.9 -0.003140975222
169.95 169.9 170 -0.001328876354
170.05 170 170.1 -0.0004673864883
170.15 170.1 170.2 -0.002407866249
170.25 170.2 170.3 0.001301703202
170.35 170.3 170.4 -0.001156648278
170.45 170.4 170.5 -0.001206784755
170.55 170.5 170.6 -0.001959865019
170.65 170.6 170.7 -0.0003803075677
170.75 170.7 170.8 1.862329243e-05
170.85 170.8 170.9 -0.0002739073564
170.95 170.9 171 -0.0004391162704
171.05 171 171.1 0.0004447958017
171.15 171.1 171.2 0.0006929890992
171.25 171.2 171.3 -0.000669191958
171.35 171.3 171.4 -0.001208308699
171.45 171.4 171.5 -0.004100388245
171.55 171.5 171.6 0.0006060736628
171.65 171.6 171.7 -0.003747533887
171.75 171.7 171.8 -0.0005783568207
171.85 171.8 171.9 -0.003117201699
171.95 171.9 172 -0.002947655835
172.05 172 172.1 -0.001610369696
172.15 172.1 172.2 -0.003215540243
172.25 172.2 172.3 -0.0005032444197
172.35 172.3 172.4 -0.001354667794
172.45 172.4 172.5 0.0008441597726
172.55 172.5 172.6 -0.003883204287
172.65 172.6 172.7 -0.001737246173
172.75 172.7 172.8 -0.003368589147
172.85 172.8 172.9 -0.003247728603
172.95 172.9 173 -0.001196436589
173.05 173 173.1 -0.002708004288
173.15 173.1 173.2 -0.003513381054
173.25 173.2 173.3 -0.0027667133
173.35 173.3 173.4 -0.002123733319
173.45 173.4 173.5 -0.003941882286
173.55 173.5 173.6 -0.002585837836
173.65 173.6 173.7 -0.004338436254
173.75 173.7 173.8 -0.002780371655
173.85 173.8 173.9 -0.004470734229
173.95 173.9 174 -0.001960012974
174.05 174 174.1 -0.004435618098
174.15 174.1 174.2 -0.002060984907
174.25 174.2 174.3 -0.004897778115
174.35 174.3 174.4 0.0001252994598
174.45 174.4 174.5 -0.0009493440976
174.55 174.5 174.6 -0.001257051423
174.65 174.6 174.7 -0.001572091353
174.75 174.7 174.8 1.123382311e-05
174.85 174.8 174.9 -0.0003375561372
174.95 174.9 175 -0.003832019373
175.05 175 175.1 -0.004144156452
175.15 175.1 175.2 -0.003196526153
175.25 175.2 175.3 -0.002490504141
175.35 175.3 175.4 -0.001364688526
175.45 175.4 175.5 -0.002374544628
175.55 175.5 175.6 -0.001468594645
175.65 175.6 175.7 -0.001724808551
175.75 175.7 175.8 -0.00189523633
175.85 175.8 175.9 0.0001317931763
175.95 175.9 176 -0.002624161795
176.05 176 176.1 -0.001478369778
176.15 176.1 176.2 -0.001206929104
176.25 176.2 176.3 -0.002308898343
176.35 176.3 176.4 -0.002012768619
176.45 176.4 176.5 -0.002889147261
176.55 176.5 176.6 -0.002810198587
176.65 176.6 176.7 -0.004389453473
176.75 176.7 176.8 -0.0006139174155
176.85 176.8 176.9 -0.003858890481
176.95 176.9 177 -0.001607590412
177.05 177 177.1 -0.003237504896
177.15 177.1 177.2 -0.004281601802
177.25 177.2 177.3 -0.0007588130762
177.35 177.3 177.4 -0.002348568806
177.45 177.4 177.5 -0.002979255315
177.55 177.5 177.6 -0.002942671336
177.65 177.6 177.7 -0.004109658772
177.75 177.7 177.8 0.0007655634447
177.85 177.8 177.9 -0.0009802781751
177.95 177.9 178 -0.002425841608
178.05 178 178.1 -0.0003977963703
178.15 178.1 178.2 -0.0002216497248
178.25 178.2 178.3 -0.001293558194
178.35 178.3 178.4 -0.001578857848
178.45 178.4 178.5 -0.001605159693
178.55 178.5 178.6 -0.001974655702
178.65 178.6 178.7 -0.002524388624
178.75 178.7 178.8 -0.003101589551
178.85 178.8 178.9 -0.003437188534
178.95 178.9 179 -0.00319293749
179.05 179 179.1 -0.002583360634
179.15 179.1 179.2 -0.003789812185
179.25 179.2 179.3 -0.003839942254
179.35 179.3 179.4 -0.003457032188
179.45 179.4 179.5 -0.001351440661
179.55 179.5 179.6 -0.002683096016
179.65 179.6 179.7 -0.003830030428
179.75 179.7 179.8 -0.002261730505
179.85 179.8 179.9 -0.0001532805369
179.95 179.9 180 -0.003878121239
180.05 180 180.1 -0.002035549052
180.15 180.1 180.2 -0.0006029622391
180.25 180.2 180.3 -0.000879373711
180.35 180.3 180.4 -0.0007508809933
180.45 180.4 180.5 -0.002800972521
180.55 180.5 180.6 -0.002893751313
180.65 180.6 180.7 -0.001780260093
180.75 180.7 180.8 -0.003379948804
180.85 180.8 180.9 -0.003290038939
180.95 180.9 181 -0.003628350727
181.05 181 181.1 -0.002777556579
181.15 181.1 181.2 -0.00328869774
181.25 181.2 181.3 -0.001407846774
181.35 181.3 181.4 -0.002886146776
181.45 181.4 181.5 -0.002608151932
181.55 181.5 181.6 -0.002835511713
181.65 181.6 181.7 -0.002474970848
181.75 181.7 181.8 0.0004700367407
181.85 181.8 181.9 -0.002038628101
181.95 181.9 182 -0.0007366221862
182.05 182 182.1 -0.004510698838
182.15 182.1 182.2 -0.003617287213
182.25 182.2 182.3 -0.0007851646878
182.35 182.3 182.4 -0.000474365715
182.45 182.4 182.5 -0.004306060141
182.55 182.5 182.6 -0.0005721562089
182.65 182.6 182.7 -0.003252805582
182.75 182.7 182.8 -0.005087850591
182.85 182.8 182.9 -0.001337033011
182.95 182.9 183 -0.004926964574
183.05 183 183.1 0.0002077219568
183.15 183.1 183.2 -0.002749561375
183.25 183.2 183.3 -0.004423763123
183.35 183.3 183.4 -0.001010894333
183.45 183.4 183.5 -0.00413479264
183.55 183.5 183.6 -0.003633666197
183.65 183.6 183.7 -0.002697885736
183.75 183.7 183.8 -0.002050012747
183.85 183.8 183.9 -0.001877403066
183.95 183.9 184 -0.00141248436
184.05 184 184.1 -0.00234923696
184.15 184.1 184.2 -0.001735252952
184.25 184.2 184.3 -0.004155966958
184.35 184.3 184.4 -0.0005760647555
184.45 184.4 184.5 -0.003807225406
184.55 184.5 184.6 -0.002148573711
184.65 184.6 184.7 -0.004590905615
184.75 184.7 184.8 -0.003509486154
184.85 184.8 184.9 -0.003089484404
184.95 184.9 185 -0.002139737395
185.05 185 185.1 -0.003033771524
185.15 185.1 185.2 -0.002309738439
185.25 185.2 185.3 -0.00196990055
185.35 185.3 185.4 -0.001773817895
185.45 185.4 185.5 -0.001395863782
185.55 185.5 185.6 -0.004142211636
185.65 185.6 185.7 -0.002215231354
185.75 185.7 185.8 -0.00320132581
185.85 185.8 185.9 -0.001251725278
185.95 185.9 186 -0.003487382755
186.05 186 186.1 -0.00265526676
186.15 186.1 186.2 -0.001625510019
186.25 186.2 186.3 -0.002668663741
186.35 186.3 186.4 -0.001600810772
186.45 186.4 186.5 -0.003085328839
186.55 186.5 186.6 -0.004330562004
186.65 186.6 186.7 -0.0002794677657
186.75 186.7 186.8 -0.0007108782811
186.85 186.8 186.9 -0.004154043033
186.95 186.9 187 -0.001903960049
187.05 187 187.1 -0.00278641034
187.15 187.1 187.2 0.001076623451
187.25 187.2 187.3 -0.001312816262
187.35 187.3 187.4 -0.002018448529
187.45 187.4 187.5 -0.002027441107
187.55 187.5 187.6 -0.003400514348
187.65 187.6 187.7 -0.002472997866
187.75 187.7 187.8 -0.0007996638675
187.85 187.8 187.9 -0.001532865444
187.95 187.9 188 -0.002931678074
188.05 188 188.1 -0.00262260413
188.15 188.1 188.2 -0.0007961819326
188.25 188.2 188.3 -0.0005284633422
188.35 188.3 188.4 -0.0003120760372
188.45 188.4 188.5 -0.0003902162965
188.55 188.5 188.6 -0.0005574760454
188.65 188.6 188.7 0.0006310352122
188.75 188.7 188.8 0.0008804028944
188.85 188.8 188.9 -0.004315222318
188.95 188.9 189 -0.0001853173587
189.05 189 189.1 0.000392369488
189.15 189.1 189.2 -0.0004193893891
189.25 189.2 189.3 -0.002624482989
189.35 189.3 189.4 -0.002722945711
189.45 189.4 189.5 -0.002555225199
189.55 189.5 189.6 -0.004118123657
189.65 189.6 189.7 -0.003432614285
189.75 189.7 189.8 -0.0004347860028
189.85 189.8 189.9 -0.0008803131679
189.95 189.9 190 -0.002224846174
190.05 190 190.1 -0.0006506513323
190.15 190.1 190.2 -0.002357424827
190.25 190.2 190.3 -0.002944835062
190.35 190.3 190.4 -0.001144280302
190.45 190.4 190.5 -0.0001928308546
190.55 190.5 190.6 -0.001783306224
190.65 190.6 190.7 -0.001586703369
190.75 190.7 190.8 -0.00148739665
190.85 190.8 190.9 -0.0009663248519
190.95 190.9 191 -0.004216787741
191.05 191 191.1 -0.001722832674
191.15 191.1 191.2 -0.0001279283917
191.25 191.2 191.3 -0.002066658535
191.35 191.3 191.4 -0.0008741889819
191.45 191.4 191.5 8.155611031e-05
191.55 191.5 191.6 -5.161304676e-06
191.65 191.6 191.7 -0.0007058322891
191.75 191.7 191.8 -0.001743149549
191.85 191.8 191.9 -0.001955253171
191.95 191.9 192 -0.002419017828
192.05 192 192.1 -0.001031909606
192.15 192.1 192.2 0.000337284115
192.25 192.2 192.3 -0.002065045979
192.35 192.3 192.4 -0.0005601934601
192.45 192.4 192.5 -0.0004188233124
192.55 192.5 192.6 -0.002085919416
192.65 192.6 192.7 -0.00291914243
192.75 192.7 192.8 -0.00231973925
192.85 192.8 192.9 -0.003244519173
192.95 192.9 193 -0.002992949291
193.05 193 193.1 -0.0001812408062
193.15 193.1 193.2 -0.001589285748
193.25 193.2 193.3 -0.003201696538
193.35 193.3 193.4 -0.00124300903
193.45 193.4 193.5 -0.001859142288
193.55 193.5 193.6 -0.002001133689
193.65 193.6 193.7 -0.00229903628
193.75 193.7 193.8 -0.00278221778
193.85 193.8 193.9 -0.002242461203
193.95 193.9 194 1.554501468e-05
194.05 194 194.1 -0.0006973055037
194.15 194.1 194.2 -0.001853440247
194.25 194.2 194.3 -0.0025038672
194.35 194.3 194.4 -0.0005843148659
194.45 194.4 194.5 -0.001681225573
194.55 194.5 194.6 -0.0004030791417
194.65 194.6 194.7 -0.001050665328
194.75 194.7 194.8 -0.003191067542
194.85 194.8 194.9 -0.002205207715
194.95 194.9 195 0.001043476959
195.05 195 195.1 -0.002006711254
195.15 195.1 195.2 -0.001259945383
195.25 195.2 195.3 -0.001902568512
195.35 195.3 195.4 -0.001780998224
195.45 195.4 195.5 -0.00320071084
195.55 195.5 195.6 -0.002339700722
195.65 195.6 195.7 -0.002665289502
195.75 195.7 195.8 -0.002448068763
195.85 195.8 195.9 0.0004135321619
195.95 195.9 196 -0.00112742513
196.05 196 196.1 -0.001178942365
196.15 196.1 196.2 -0.003551905918
196.25 196.2 196.3 -0.003691363879
196.35 196.3 196.4 -0.003292625915
196.45 196.4 196.5 -0.00289713701
196.55 196.5 196.6 -0.001066411425
196.65 196.6 196.7 -0.002017524013
196.75 196.7 196.8 -0.004587502654
196.85 196.8 196.9 -0.003156849599
196.95 196.9 197 0.0002158431454
197.05 197 197.1 -0.002457226213
197.15 197.1 197.2 -0.002840522665
197.25 197.2 197.3 -0.001982032865
197.35 197.3 197.4 -0.001495170289
197.45 197.4 197.5 0.001583882165
197.55 197.5 197.6 -0.001731878133
197.65 197.6 197.7 0.0003629234675
197.75 197.7 197.8 -0.001224364397
197.85 197.8 197.9 -0.003158073701
197.95 197.9 198 -0.001263711387
198.05 198 198.1 -0.002281577178
198.15 198.1 198.2 -0.002159321128
198.25 198.2 198.3 -0.001534336201
198.35 198.3 198.4 -0.002217779858
198.45 198.4 198.5 -0.0008070367806
198.55 198.5 198.6 -0.002098232935
198.65 198.6 198.7 -0.001761225959
198.75 198.7 198.8 -0.002270804023
198.85 198.8 198.9 -0.0001228438393
198.95 198.9 199 -0.0009745797775
199.05 199 199.1 -0.001957185278
199.15 199.1 199.2 -0.003376529549
199.25 199.2 199.3 -0.001250696033
199.35 199.3 199.4 0.0003034170804
199.45 199.4 199.5 -0.003192511056
199.55 199.5 199.6 -0.002815021862
199.65 199.6 199.7 -0.002445817092
199.75 199.7 199.8 -0.002370290229
199.85 199.8 199.9 -0.001246167382
199.95 199.9 200 -0.003868916726
