# Columns: s_cen(1) s_min(2) s_max(3) xi_iso(4)
0.05 0 0.1 40.84733119
0.15 0.1 0.2 17.07795282
0.25 0.2 0.3 14.33202226
0.35 0.3 0.4 16.00783806
0.45 0.4 0.5 22.34642153
0.55 0.5 0.6 22.52061327
0.65 0.6 0.7 21.31842292
0.75 0.7 0.8 21.69455835
0.85 0.8 0.9 20.45042096
0.95 0.9 1 20.18029633
1.05 1 1.1 19.99762616
1.15 1.1 1.2 19.50255715
1.25 1.2 1.3 18.56053814
1.35 1.3 1.4 17.20510483
1.45 1.4 1.5 16.61771265
1.55 1.5 1.6 16.00179973
1.65 1.6 1.7 15.03788206
1.75 1.7 1.8 14.38678193
1.85 1.8 1.9 13.19863767
1.95 1.9 2 12.36740319
2.05 2 2.1 11.46171881
2.15 2.1 2.2 11.04564198
2.25 2.2 2.3 10.29548083
2.35 2.3 2.4 9.82738168
2.45 2.4 2.5 9.542208848
2.55 2.5 2.6 8.940401429
2.65 2.6 2.7 8.193800934
2.75 2.7 2.8 7.802074243
2.85 2.8 2.9 7.461325944
2.95 2.9 3 6.953021305
3.05 3 3.1 6.658392353
3.15 3.1 3.2 6.308435728
3.25 3.2 3.3 6.08378266
3.35 3.3 3.4 5.978116309
3.45 3.4 3.5 5.593706602
3.55 3.5 3.6 5.371452122
3.65 3.6 3.7 5.2683403
3.75 3.7 3.8 5.066522663
3.85 3.8 3.9 4.913142783
3.95 3.9 4 4.697845316
4.05 4 4.1 4.377450707
4.15 4.1 4.2 4.426672067
4.25 4.2 4.3 4.185421632
4.35 4.3 4.4 4.111589288
4.45 4.4 4.5 3.839611858
4.55 4.5 4.6 3.827663039
4.65 4.6 4.7 3.730506704
4.75 4.7 4.8 3.596561323
4.85 4.8 4.9 3.520535562
4.95 4.9 5 3.374713566
5.05 5 5.1 3.287993563
5.15 5.1 5.2 3.268392279
5.25 5.2 5.3 3.140962979
5.35 5.3 5.4 3.024182908
5.45 5.4 5.5 2.91766311
5.55 5.5 5.6 2.899850169
5.65 5.6 5.7 2.819813293
5.75 5.7 5.8 2.780504932
5.85 5.8 5.9 2.670979001
5.95 5.9 6 2.636302591
6.05 6 6.1 2.500310328
6.15 6.1 6.2 2.460113662
6.25 6.2 6.3 2.432639935
6.35 6.3 6.4 2.285877741
6.45 6.4 6.5 2.28359058
6.55 6.5 6.6 2.229882345
6.65 6.6 6.7 2.187384366
6.75 6.7 6.8 2.14169628
6.85 6.8 6.9 2.1018424
6.95 6.9 7 2.039111034
7.05 7 7.1 1.992324164
7.15 7.1 7.2 1.965327328
7.25 7.2 7.3 1.852109618
7.35 7.3 7.4 1.848419433
7.45 7.4 7.5 1.800264602
7.55 7.5 7.6 1.784149415
7.65 7.6 7.7 1.724016877
7.75 7.7 7.8 1.702634588
7.85 7.8 7.9 1.71830497
7.95 7.9 8 1.655029989
8.05 8 8.1 1.603219869
8.15 8.1 8.2 1.570744033
8.25 8.2 8.3 1.54425511
8.35 8.3 8.4 1.497551852
8.45 8.4 8.5 1.441571875
8.55 8.5 8.6 1.460059152
8.65 8.6 8.7 1.440694379
8.75 8.7 8.8 1.384055393
8.85 8.8 8.9 1.35675347
8.95 8.9 9 1.36204534
9.05 9 9.1 1.285069864
9.15 9.1 9.2 1.261782187
9.25 9.2 9.3 1.318141736
9.35 9.3 9.4 1.213442202
9.45 9.4 9.5 1.237914243
9.55 9.5 9.6 1.187107049
9.65 9.6 9.7 1.14772063
9.75 9.7 9.8 1.13318591
9.85 9.8 9.9 1.127372326
9.95 9.9 10 1.11599742
10.05 10 10.1 1.061373768
10.15 10.1 10.2 1.075820459
10.25 10.2 10.3 1.061285964
10.35 10.3 10.4 1.037297464
10.45 10.4 10.5 1.003038031
10.55 10.5 10.6 0.9767113837
10.65 10.6 10.7 0.9528425151
10.75 10.7 10.8 0.9667018943
10.85 10.8 10.9 0.9412466944
10.95 10.9 11 0.9328409313
11.05 11 11.1 0.905036026
11.15 11.1 11.2 0.9329513402
11.25 11.2 11.3 0.8668596299
11.35 11.3 11.4 0.875049448
11.45 11.4 11.5 0.8587761971
11.55 11.5 11.6 0.8712879175
11.65 11.6 11.7 0.8482735697
11.75 11.7 11.8 0.7924958208
11.85 11.8 11.9 0.7925317932
11.95 11.9 12 0.7801988593
12.05 12 12.1 0.776141795
12.15 12.1 12.2 0.7661908236
12.25 12.2 12.3 0.7606494362
12.35 12.3 12.4 0.7417303998
12.45 12.4 12.5 0.7354052769
12.55 12.5 12.6 0.7265905212
12.65 12.6 12.7 0.7246612722
12.75 12.7 12.8 0.6913690826
12.85 12.8 12.9 0.6761482322
12.95 12.9 13 0.6808956115
13.05 13 13.1 0.6660189264
13.15 13.1 13.2 0.6576422217
13.25 13.2 13.3 0.6864528083
13.35 13.3 13.4 0.6437343722
13.45 13.4 13.5 0.6312151141
13.55 13.5 13.6 0.6200123081
13.65 13.6 13.7 0.6368521369
13.75 13.7 13.8 0.6019016216
13.85 13.8 13.9 0.6072635524
13.95 13.9 14 0.5761426598
14.05 14 14.1 0.5850381568
14.15 14.1 14.2 0.5749349963
14.25 14.2 14.3 0.5690882949
14.35 14.3 14.4 0.5652491669
14.45 14.4 14.5 0.5523162179
14.55 14.5 14.6 0.5443601111
14.65 14.6 14.7 0.5339714094
14.75 14.7 14.8 0.5218727355
14.85 14.8 14.9 0.5346646041
14.95 14.9 15 0.5303908185
15.05 15 15.1 0.4952743608
15.15 15.1 15.2 0.499701295
15.25 15.2 15.3 0.4873265767
15.35 15.3 15.4 0.504220222
15.45 15.4 15.5 0.4837760848
15.55 15.5 15.6 0.4934462387
15.65 15.6 15.7 0.4909549032
15.75 15.7 15.8 0.462632623
15.85 15.8 15.9 0.468928042
15.95 15.9 16 0.4301545251
16.05 16 16.1 0.4554095121
16.15 16.1 16.2 0.4333489491
16.25 16.2 16.3 0.4463969112
16.35 16.3 16.4 0.4448918136
16.45 16.4 16.5 0.4211591025
16.55 16.5 16.6 0.4241650721
16.65 16.6 16.7 0.4261256067
16.75 16.7 16.8 0.4308895444
16.85 16.8 16.9 0.4050264974
16.95 16.9 17 0.4124714667
17.05 17 17.1 0.3889167759
17.15 17.1 17.2 0.4023827595
17.25 17.2 17.3 0.4092422287
17.35 17.3 17.4 0.3801692727
17.45 17.4 17.5 0.3919267282
17.55 17.5 17.6 0.3724602222
17.65 17.6 17.7 0.3717343144
17.75 17.7 17.8 0.3555436781
17.85 17.8 17.9 0.3725158821
17.95 17.9 18 0.3735124231
18.05 18 18.1 0.3546646233
18.15 18.1 18.2 0.3555388939
18.25 18.2 18.3 0.3542087623
18.35 18.3 18.4 0.3386978623
18.45 18.4 18.5 0.3385884206
18.55 18.5 18.6 0.336106826
18.65 18.6 18.7 0.3294085447
18.75 18.7 18.8 0.3245672581
18.85 18.8 18.9 0.3358189075
18.95 18.9 19 0.324538545
19.05 19 19.1 0.3223194917
19.15 19.1 19.2 0.3217447745
19.25 19.2 19.3 0.3096088853
19.35 19.3 19.4 0.3260549057
19.45 19.4 19.5 0.3056659275
19.55 19.5 19.6 0.3112187488
19.65 19.6 19.7 0.2963676928
19.75 19.7 19.8 0.2825481715
19.85 19.8 19.9 0.2856931961
19.95 19.9 20 0.3034594948
20.05 20 20.1 0.2973104081
20.15 20.1 20.2 0.2889507395
20.25 20.2 20.3 0.285430007
20.35 20.3 20.4 0.2817056592
20.45 20.4 20.5 0.2775066274
20.55 20.5 20.6 0.2721050976
20.65 20.6 20.7 0.2742073541
20.75 20.7 20.8 0.2653181774
20.85 20.8 20.9 0.2677891226
20.95 20.9 21 0.2681430817
21.05 21 21.1 0.2553327693
21.15 21.1 21.2 0.2671349652
21.25 21.2 21.3 0.2527227244
21.35 21.3 21.4 0.243182635
21.45 21.4 21.5 0.2441954598
21.55 21.5 21.6 0.2505665556
21.65 21.6 21.7 0.2434875303
21.75 21.7 21.8 0.2386444607
21.85 21.8 21.9 0.2397000215
21.95 21.9 22 0.2321843128
22.05 22 22.1 0.2408401369
22.15 22.1 22.2 0.2385405638
22.25 22.2 22.3 0.2290120336
22.35 22.3 22.4 0.2278262076
22.45 22.4 22.5 0.2247176903
22.55 22.5 22.6 0.2191309856
22.65 22.6 22.7 0.2385025574
22.75 22.7 22.8 0.2156748782
22.85 22.8 22.9 0.2160091466
22.95 22.9 23 0.2214550613
23.05 23 23.1 0.2118226076
23.15 23.1 23.2 0.2099833863
23.25 23.2 23.3 0.2035137013
23.35 23.3 23.4 0.211544087
23.45 23.4 23.5 0.2049351757
23.55 23.5 23.6 0.2086152932
23.65 23.6 23.7 0.1952727588
23.75 23.7 23.8 0.2030144527
23.85 23.8 23.9 0.2112915128
23.95 23.9 24 0.1924273162
24.05 24 24.1 0.1982440367
24.15 24.1 24.2 0.1947902133
24.25 24.2 24.3 0.187292209
24.35 24.3 24.4 0.1957693469
24.45 24.4 24.5 0.1892094005
24.55 24.5 24.6 0.1883784781
24.65 24.6 24.7 0.1871391942
24.75 24.7 24.8 0.1925536853
24.85 24.8 24.9 0.1840424736
24.95 24.9 25 0.1773729592
25.05 25 25.1 0.1764129499
25.15 25.1 25.2 0.1836458535
25.25 25.2 25.3 0.1699633823
25.35 25.3 25.4 0.1668005088
25.45 25.4 25.5 0.175124972
25.55 25.5 25.6 0.1751712586
25.65 25.6 25.7 0.1648620111
25.75 25.7 25.8 0.1719006473
25.85 25.8 25.9 0.1643895742
25.95 25.9 26 0.170597306
26.05 26 26.1 0.1663059222
26.15 26.1 26.2 0.1683067139
26.25 26.2 26.3 0.1534906902
26.35 26.3 26.4 0.1520772057
26.45 26.4 26.5 0.1628935263
26.55 26.5 26.6 0.1496567077
26.65 26.6 26.7 0.1546702196
26.75 26.7 26.8 0.1565964874
26.85 26.8 26.9 0.1479440241
26.95 26.9 27 0.1529187279
27.05 27 27.1 0.1499077625
27.15 27.1 27.2 0.1487895188
27.25 27.2 27.3 0.1449754416
27.35 27.3 27.4 0.1547787101
27.45 27.4 27.5 0.148331356
27.55 27.5 27.6 0.1431924026
27.65 27.6 27.7 0.1438713457
27.75 27.7 27.8 0.1407667887
27.85 27.8 27.9 0.1422794604
27.95 27.9 28 0.1393706455
28.05 28 28.1 0.141754225
28.15 28.1 28.2 0.1319704197
28.25 28.2 28.3 0.1384099592
28.35 28.3 28.4 0.1358564364
28.45 28.4 28.5 0.1211106516
28.55 28.5 28.6 0.1418128167
28.65 28.6 28.7 0.1415538024
28.75 28.7 28.8 0.129491678
28.85 28.8 28.9 0.1271907214
28.95 28.9 29 0.1278499621
29.05 29 29.1 0.1310780387
29.15 29.1 29.2 0.132181013
29.25 29.2 29.3 0.1304099264
29.35 29.3 29.4 0.1254623608
29.45 29.4 29.5 0.1226474273
29.55 29.5 29.6 0.1247399009
29.65 29.6 29.7 0.1264532706
29.75 29.7 29.8 0.1215934783
29.85 29.8 29.9 0.116781238
29.95 29.9 30 0.1171452272
30.05 30 30.1 0.1174213117
30.15 30.1 30.2 0.1160336273
30.25 30.2 30.3 0.1182798851
30.35 30.3 30.4 0.1151001124
30.45 30.4 30.5 0.1110555606
30.55 30.5 30.6 0.1057636801
30.65 30.6 30.7 0.1040202627
30.75 30.7 30.8 0.1138150794
30.85 30.8 30.9 0.1049349043
30.95 30.9 31 0.1136149903
31.05 31 31.1 0.09986050146
31.15 31.1 31.2 0.105827053
31.25 31.2 31.3 0.1145512438
31.35 31.3 31.4 0.1049517992
31.45 31.4 31.5 0.1059147369
31.55 31.5 31.6 0.09994366929
31.65 31.6 31.7 0.1113131829
31.75 31.7 31.8 0.1045117287
31.85 31.8 31.9 0.110119584
31.95 31.9 32 0.09979581007
32.05 32 32.1 0.09999567808
32.15 32.1 32.2 0.1079354988
32.25 32.2 32.3 0.09880079735
32.35 32.3 32.4 0.09417831814
32.45 32.4 32.5 0.1001412267
32.55 32.5 32.6 0.09822482568
32.65 32.6 32.7 0.1008223852
32.75 32.7 32.8 0.09201040342
32.85 32.8 32.9 0.103948614
32.95 32.9 33 0.09831056109
33.05 33 33.1 0.09464076867
33.15 33.1 33.2 0.09230478103
33.25 33.2 33.3 0.0871725361
33.35 33.3 33.4 0.08622995001
33.45 33.4 33.5 0.09252783095
33.55 33.5 33.6 0.09060011231
33.65 33.6 33.7 0.084267578
33.75 33.7 33.8 0.09302903278
33.85 33.8 33.9 0.08554574315
33.95 33.9 34 0.0915221264
34.05 34 34.1 0.09017171405
34.15 34.1 34.2 0.07895961448
34.25 34.2 34.3 0.09267352314
34.35 34.3 34.4 0.08474851424
34.45 34.4 34.5 0.08303282477
34.55 34.5 34.6 0.08439189543
34.65 34.6 34.7 0.08955515393
34.75 34.7 34.8 0.08282593404
34.85 34.8 34.9 0.07525947585
34.95 34.9 35 0.08295148506
35.05 35 35.1 0.08133887591
35.15 35.1 35.2 0.08102019742
35.25 35.2 35.3 0.08003379261
35.35 35.3 35.4 0.0747728431
35.45 35.4 35.5 0.07070471389
35.55 35.5 35.6 0.07297404155
35.65 35.6 35.7 0.07877608861
35.75 35.7 35.8 0.08016366046
35.85 35.8 35.9 0.07425516004
35.95 35.9 36 0.07797272178
36.05 36 36.1 0.07457284979
36.15 36.1 36.2 0.0722239313
36.25 36.2 36.3 0.07317403455
36.35 36.3 36.4 0.06713784796
36.45 36.4 36.5 0.07403346193
36.55 36.5 36.6 0.06943220614
36.65 36.6 36.7 0.07277524967
36.75 36.7 36.8 0.07325353777
36.85 36.8 36.9 0.06643753538
36.95 36.9 37 0.06882009095
37.05 37 37.1 0.06194985434
37.15 37.1 37.2 0.07317382411
37.25 37.2 37.3 0.06785118292
37.35 37.3 37.4 0.07500423482
37.45 37.4 37.5 0.07057637629
37.55 37.5 37.6 0.07142335678
37.65 37.6 37.7 0.06228356727
37.75 37.7 37.8 0.06744129113
37.85 37.8 37.9 0.06337294728
37.95 37.9 38 0.06107374495
38.05 38 38.1 0.0600764076
38.15 38.1 38.2 0.05962470524
38.25 38.2 38.3 0.06749938049
38.35 38.3 38.4 0.05811779308
38.45 38.4 38.5 0.05849783014
38.55 38.5 38.6 0.06118034646
38.65 38.6 38.7 0.05529772463
38.75 38.7 38.8 0.05662818504
38.85 38.8 38.9 0.0538436385
38.95 38.9 39 0.06230653497
39.05 39 39.1 0.0539873699
39.15 39.1 39.2 0.06608856376
39.25 39.2 39.3 0.06519144736
39.35 39.3 39.4 0.05594187854
39.45 39.4 39.5 0.0564181801
39.55 39.5 39.6 0.05738148748
39.65 39.6 39.7 0.05097441038
39.75 39.7 39.8 0.05188989102
39.85 39.8 39.9 0.05751473117
39.95 39.9 40 0.06074626995
40.05 40 40.1 0.05687088507
40.15 40.1 40.2 0.05248553251
40.25 40.2 40.3 0.05556477783
40.35 40.3 40.4 0.05103133867
40.45 40.4 40.5 0.05088575422
40.55 40.5 40.6 0.05041928891
40.65 40.6 40.7 0.05299499255
40.75 40.7 40.8 0.05437307757
40.85 40.8 40.9 0.04822433339
40.95 40.9 41 0.05727663801
41.05 41 41.1 0.04456849552
41.15 41.1 41.2 0.04932541502
41.25 41.2 41.3 0.04673777955
41.35 41.3 41.4 0.0446228671
41.45 41.4 41.5 0.05087045766
41.55 41.5 41.6 0.04205950544
41.65 41.6 41.7 0.04730259824
41.75 41.7 41.8 0.04690293534
41.85 41.8 41.9 0.04953096549
41.95 41.9 42 0.05058578458
42.05 42 42.1 0.04956966157
42.15 42.1 42.2 0.04456892137
42.25 42.2 42.3 0.04958334645
42.35 42.3 42.4 0.04807849038
42.45 42.4 42.5 0.04415083837
42.55 42.5 42.6 0.04427064675
42.65 42.6 42.7 0.04726975131
42.75 42.7 42.8 0.04728882565
42.85 42.8 42.9 0.04336970007
42.95 42.9 43 0.04213795164
43.05 43 43.1 0.04700330922
43.15 43.1 43.2 0.03923384578
43.25 43.2 43.3 0.04929746255
43.35 43.3 43.4 0.04401971006
43.45 43.4 43.5 0.04365525809
43.55 43.5 43.6 0.04383036638
43.65 43.6 43.7 0.03957829963
43.75 43.7 43.8 0.04800936776
43.85 43.8 43.9 0.03185345983
43.95 43.9 44 0.03612189403
44.05 44 44.1 0.04040036699
44.15 44.1 44.2 0.04515964487
44.25 44.2 44.3 0.03987450195
44.35 44.3 44.4 0.03988984016
44.45 44.4 44.5 0.04370373998
44.55 44.5 44.6 0.04068633255
44.65 44.6 44.7 0.04166864917
44.75 44.7 44.8 0.03629410247
44.85 44.8 44.9 0.03785879142
44.95 44.9 45 0.04076086288
45.05 45 45.1 0.0371001334
45.15 45.1 45.2 0.04384027279
45.25 45.2 45.3 0.04160992085
45.35 45.3 45.4 0.04158092608
45.45 45.4 45.5 0.04305872846
45.55 45.5 45.6 0.0442942578
45.65 45.6 45.7 0.04127135249
45.75 45.7 45.8 0.03848691075
45.85 45.8 45.9 0.03664247587
45.95 45.9 46 0.03616806847
46.05 46 46.1 0.03318104793
46.15 46.1 46.2 0.03771879327
46.25 46.2 46.3 0.03727573885
46.35 46.3 46.4 0.03667489225
46.45 46.4 46.5 0.03409368327
46.55 46.5 46.6 0.03138750631
46.65 46.6 46.7 0.03392343881
46.75 46.7 46.8 0.03817442126
46.85 46.8 46.9 0.03847076507
46.95 46.9 47 0.03619592326
47.05 47 47.1 0.03795494496
47.15 47.1 47.2 0.03513660506
47.25 47.2 47.3 0.03436157178
47.35 47.3 47.4 0.0347500272
47.45 47.4 47.5 0.03692300179
47.55 47.5 47.6 0.03286691027
47.65 47.6 47.7 0.03576118317
47.75 47.7 47.8 0.03348985851
47.85 47.8 47.9 0.03401408655
47.95 47.9 48 0.03174572725
48.05 48 48.1 0.03691156738
48.15 48.1 48.2 0.0332101189
48.25 48.2 48.3 0.03745706017
48.35 48.3 48.4 0.03394352437
48.45 48.4 48.5 0.02719886682
48.55 48.5 48.6 0.03148317931
48.65 48.6 48.7 0.03825816688
48.75 48.7 48.8 0.03244923854
48.85 48.8 48.9 0.03585607551
48.95 48.9 49 0.03152657283
49.05 49 49.1 0.03077286637
49.15 49.1 49.2 0.03465244783
49.25 49.2 49.3 0.03015842535
49.35 49.3 49.4 0.03142473178
49.45 49.4 49.5 0.03214618008
49.55 49.5 49.6 0.03045148393
49.65 49.6 49.7 0.0275573132
49.75 49.7 49.8 0.02298072022
49.85 49.8 49.9 0.03459619882
49.95 49.9 50 0.03078855887
50.05 50 50.1 0.02754652246
50.15 50.1 50.2 0.02883482378
50.25 50.2 50.3 0.03232353296
50.35 50.3 50.4 0.0316747373
50.45 50.4 50.5 0.02986626232
50.55 50.5 50.6 0.03031465126
50.65 50.6 50.7 0.02599534933
50.75 50.7 50.8 0.03368223893
50.85 50.8 50.9 0.0307670784
50.95 50.9 51 0.02709031608
51.05 51 51.1 0.03091047544
51.15 51.1 51.2 0.02988717311
51.25 51.2 51.3 0.0263774462
51.35 51.3 51.4 0.0278517804
51.45 51.4 51.5 0.03073086438
51.55 51.5 51.6 0.02835880464
51.65 51.6 51.7 0.02335716484
51.75 51.7 51.8 0.02611898661
51.85 51.8 51.9 0.02595961385
51.95 51.9 52 0.02455161659
52.05 52 52.1 0.02480058922
52.15 52.1 52.2 0.02663195401
52.25 52.2 52.3 0.02607530348
52.35 52.3 52.4 0.02248842541
52.45 52.4 52.5 0.02914236295
52.55 52.5 52.6 0.02209137825
52.65 52.6 52.7 0.02291898949
52.75 52.7 52.8 0.02825108457
52.85 52.8 52.9 0.02652578318
52.95 52.9 53 0.02624274616
53.05 53 53.1 0.02466727099
53.15 53.1 53.2 0.02188053213
53.25 53.2 53.3 0.02733005541
53.35 53.3 53.4 0.0241704153
53.45 53.4 53.5 0.0260391431
53.55 53.5 53.6 0.02495607736
53.65 53.6 53.7 0.02538567251
53.75 53.7 53.8 0.02430144435
53.85 53.8 53.9 0.02436838233
53.95 53.9 54 0.02178934689
54.05 54 54.1 0.02464157866
54.15 54.1 54.2 0.02298898186
54.25 54.2 54.3 0.02530067823
54.35 54.3 54.4 0.02319119065
54.45 54.4 54.5 0.02543309761
54.55 54.5 54.6 0.02106475709
54.65 54.6 54.7 0.02661520475
54.75 54.7 54.8 0.02383875128
54.85 54.8 54.9 0.02353591631
54.95 54.9 55 0.02342687153
55.05 55 55.1 0.02382187487
55.15 55.1 55.2 0.02196629219
55.25 55.2 55.3 0.02444696368
55.35 55.3 55.4 0.02391064081
55.45 55.4 55.5 0.02397904267
55.55 55.5 55.6 0.02189452337
55.65 55.6 55.7 0.02058753334
55.75 55.7 55.8 0.01550896563
55.85 55.8 55.9 0.01774327885
55.95 55.9 56 0.02060065351
56.05 56 56.1 0.02095263457
56.15 56.1 56.2 0.02079088773
56.25 56.2 56.3 0.02071731634
56.35 56.3 56.4 0.0216854214
56.45 56.4 56.5 0.0222580143
56.55 56.5 56.6 0.01970344469
56.65 56.6 56.7 0.02313813653
56.75 56.7 56.8 0.02531607677
56.85 56.8 56.9 0.02453257246
56.95 56.9 57 0.02275220004
57.05 57 57.1 0.01892842269
57.15 57.1 57.2 0.01981430721
57.25 57.2 57.3 0.02221813022
57.35 57.3 57.4 0.01931762839
57.45 57.4 57.5 0.02028883355
57.55 57.5 57.6 0.0194258145
57.65 57.6 57.7 0.01835923084
57.75 57.7 57.8 0.01801016259
57.85 57.8 57.9 0.01981629143
57.95 57.9 58 0.01931237985
58.05 58 58.1 0.02129082628
58.15 58.1 58.2 0.02030444818
58.25 58.2 58.3 0.01518462622
58.35 58.3 58.4 0.01594871161
58.45 58.4 58.5 0.01756245401
58.55 58.5 58.6 0.01858508516
58.65 58.6 58.7 0.01937701824
58.75 58.7 58.8 0.01984939893
58.85 58.8 58.9 0.01990462711
58.95 58.9 59 0.01894854359
59.05 59 59.1 0.01429440028
59.15 59.1 59.2 0.02159557719
59.25 59.2 59.3 0.01724890223
59.35 59.3 59.4 0.02029643282
59.45 59.4 59.5 0.0172321775
59.55 59.5 59.6 0.01668780721
59.65 59.6 59.7 0.02010206027
59.75 59.7 59.8 0.02131690341
59.85 59.8 59.9 0.01314692932
59.95 59.9 60 0.01558619009
60.05 60 60.1 0.01936382183
60.15 60.1 60.2 0.02022343531
60.25 60.2 60.3 0.01358485144
60.35 60.3 60.4 0.0174773385
60.45 60.4 60.5 0.01210864007
60.55 60.5 60.6 0.01683657651
60.65 60.6 60.7 0.02018140749
60.75 60.7 60.8 0.01694393229
60.85 60.8 60.9 0.01637668267
60.95 60.9 61 0.01839056248
61.05 61 61.1 0.015482094
61.15 61.1 61.2 0.01772010835
61.25 61.2 61.3 0.01440193118
61.35 61.3 61.4 0.01555870915
61.45 61.4 61.5 0.01367010988
61.55 61.5 61.6 0.01209905803
61.65 61.6 61.7 0.01261409141
61.75 61.7 61.8 0.01853807196
61.85 61.8 61.9 0.0165944093
61.95 61.9 62 0.01748386506
62.05 62 62.1 0.01314928088
62.15 62.1 62.2 0.01058272496
62.25 62.2 62.3 0.02037984378
62.35 62.3 62.4 0.01580654052
62.45 62.4 62.5 0.01707361205
62.55 62.5 62.6 0.01547351548
62.65 62.6 62.7 0.01368074652
62.75 62.7 62.8 0.01762177496
62.85 62.8 62.9 0.01299494501
62.95 62.9 63 0.01557500516
63.05 63 63.1 0.01295965803
63.15 63.1 63.2 0.01646335649
63.25 63.2 63.3 0.01689339285
63.35 63.3 63.4 0.01378312606
63.45 63.4 63.5 0.01392104265
63.55 63.5 63.6 0.01251733297
63.65 63.6 63.7 0.01646362794
63.75 63.7 63.8 0.01453995623
63.85 63.8 63.9 0.01474467954
63.95 63.9 64 0.0139186748
64.05 64 64.1 0.01254414983
64.15 64.1 64.2 0.01439454572
64.25 64.2 64.3 0.01510945744
64.35 64.3 64.4 0.01582310066
64.45 64.4 64.5 0.01484454348
64.55 64.5 64.6 0.0124897598
64.65 64.6 64.7 0.01220456629
64.75 64.7 64.8 0.01264706934
64.85 64.8 64.9 0.01421442362
64.95 64.9 65 0.01023606958
65.05 65 65.1 0.01325036681
65.15 65.1 65.2 0.01585150982
65.25 65.2 65.3 0.01238142962
65.35 65.3 65.4 0.01679635332
65.45 65.4 65.5 0.008162036401
65.55 65.5 65.6 0.01356200366
65.65 65.6 65.7 0.01218976876
65.75 65.7 65.8 0.01620417399
65.85 65.8 65.9 0.008873727309
65.95 65.9 66 0.01478501871
66.05 66 66.1 0.01762148885
66.15 66.1 66.2 0.01536599115
66.25 66.2 66.3 0.0119695116
66.35 66.3 66.4 0.01390476277
66.45 66.4 66.5 0.01147686643
66.55 66.5 66.6 0.01182792004
66.65 66.6 66.7 0.01663169578
66.75 66.7 66.8 0.01354807081
66.85 66.8 66.9 0.01267373797
66.95 66.9 67 0.01520488571
67.05 67 67.1 0.0113586439
67.15 67.1 67.2 0.0137829173
67.25 67.2 67.3 0.01246329485
67.35 67.3 67.4 0.01093178368
67.45 67.4 67.5 0.01367202484
67.55 67.5 67.6 0.009222737046
67.65 67.6 67.7 0.01493149304
67.75 67.7 67.8 0.01679783701
67.85 67.8 67.9 0.01236075702
67.95 67.9 68 0.00870784945
68.05 68 68.1 0.01203731298
68.15 68.1 68.2 0.01517227199
68.25 68.2 68.3 0.01328287078
68.35 68.3 68.4 0.012552596
68.45 68.4 68.5 0.01118626101
68.55 68.5 68.6 0.01085851787
68.65 68.6 68.7 0.01446248487
68.75 68.7 68.8 0.007686040124
68.85 68.8 68.9 0.01373007394
68.95 68.9 69 0.01391160501
69.05 69 69.1 0.01060418966
69.15 69.1 69.2 0.0131520634
69.25 69.2 69.3 0.008801737971
69.35 69.3 69.4 0.01031284171
69.45 69.4 69.5 0.01280649223
69.55 69.5 69.6 0.009021352211
69.65 69.6 69.7 0.007913776045
69.75 69.7 69.8 0.01083691645
69.85 69.8 69.9 0.008793262671
69.95 69.9 70 0.008549001849
70.05 70 70.1 0.01219122743
70.15 70.1 70.2 0.008028496886
70.25 70.2 70.3 0.01225874753
70.35 70.3 70.4 0.008167669017
70.45 70.4 70.5 0.01071841406
70.55 70.5 70.6 0.007426715273
70.65 70.6 70.7 0.006066784954
70.75 70.7 70.8 0.01214480443
70.85 70.8 70.9 0.008043392413
70.95 70.9 71 0.009811838016
71.05 71 71.1 0.01013001411
71.15 71.1 71.2 0.008353566877
71.25 71.2 71.3 0.0112686683
71.35 71.3 71.4 0.007694966146
71.45 71.4 71.5 0.008865764483
71.55 71.5 71.6 0.0101825228
71.65 71.6 71.7 0.008648371382
71.75 71.7 71.8 0.008404994153
71.85 71.8 71.9 0.009247891972
71.95 71.9 72 0.005431743756
72.05 72 72.1 0.009241760017
72.15 72.1 72.2 0.01364312005
72.25 72.2 72.3 0.009758824886
72.35 72.3 72.4 0.009930922995
72.45 72.4 72.5 0.01032518053
72.55 72.5 72.6 0.007477405325
72.65 72.6 72.7 0.01136557061
72.75 72.7 72.8 0.01057804357
72.85 72.8 72.9 0.01210024039
72.95 72.9 73 0.01040615655
73.05 73 73.1 0.006489978879
73.15 73.1 73.2 0.01212626391
73.25 73.2 73.3 0.01039580562
73.35 73.3 73.4 0.01003124976
73.45 73.4 73.5 0.01102027125
73.55 73.5 73.6 0.01264895987
73.65 73.6 73.7 0.009165440179
73.75 73.7 73.8 0.007242865117
73.85 73.8 73.9 0.0112616795
73.95 73.9 74 0.006438655063
74.05 74 74.1 0.008463149008
74.15 74.1 74.2 0.00928834796
74.25 74.2 74.3 0.00913475654
74.35 74.3 74.4 0.007800362155
74.45 74.4 74.5 0.01299651918
74.55 74.5 74.6 0.01108154877
74.65 74.6 74.7 0.009026900767
74.75 74.7 74.8 0.009749647565
74.85 74.8 74.9 0.004093969516
74.95 74.9 75 0.007211078919
75.05 75 75.1 0.005681864638
75.15 75.1 75.2 0.009176852664
75.25 75.2 75.3 0.008225754506
75.35 75.3 75.4 0.004110755353
75.45 75.4 75.5 0.01088010545
75.55 75.5 75.6 0.01141896311
75.65 75.6 75.7 0.007920122251
75.75 75.7 75.8 0.006174286316
75.85 75.8 75.9 0.007094853895
75.95 75.9 76 0.00874930428
76.05 76 76.1 0.01047397827
76.15 76.1 76.2 0.006525996783
76.25 76.2 76.3 0.00675392996
76.35 76.3 76.4 0.008799109381
76.45 76.4 76.5 0.01035399557
76.55 76.5 76.6 0.007681631588
76.65 76.6 76.7 0.007031655109
76.75 76.7 76.8 0.009987860433
76.85 76.8 76.9 0.009652326976
76.95 76.9 77 0.009908792369
77.05 77 77.1 0.008387999897
77.15 77.1 77.2 0.01142271024
77.25 77.2 77.3 0.007123188563
77.35 77.3 77.4 0.00837452375
77.45 77.4 77.5 0.007626546786
77.55 77.5 77.6 0.006882734966
77.65 77.6 77.7 0.006182253646
77.75 77.7 77.8 0.006818856221
77.85 77.8 77.9 0.005464884836
77.95 77.9 78 0.004638490505
78.05 78 78.1 0.006648558463
78.15 78.1 78.2 0.004546052081
78.25 78.2 78.3 0.005683322535
78.35 78.3 78.4 0.006708091514
78.45 78.4 78.5 0.007772266904
78.55 78.5 78.6 0.002475753532
78.65 78.6 78.7 0.006447162445
78.75 78.7 78.8 0.002834799526
78.85 78.8 78.9 0.001241852573
78.95 78.9 79 0.005924389977
79.05 79 79.1 0.005874470687
79.15 79.1 79.2 0.008122888124
79.25 79.2 79.3 0.006351753322
79.35 79.3 79.4 0.007615817933
79.45 79.4 79.5 0.008351444523
79.55 79.5 79.6 0.005188435936
79.65 79.6 79.7 0.005508573713
79.75 79.7 79.8 0.006436199205
79.85 79.8 79.9 0.003819634175
79.95 79.9 80 0.007176188505
80.05 80 80.1 0.006842947795
80.15 80.1 80.2 0.007703570826
80.25 80.2 80.3 0.004535042711
80.35 80.3 80.4 0.003263456659
80.45 80.4 80.5 0.001217062563
80.55 80.5 80.6 0.004909322294
80.65 80.6 80.7 0.006174708641
80.75 80.7 80.8 0.00391456125
80.85 80.8 80.9 0.004102752105
80.95 80.9 81 0.003159874488
81.05 81 81.1 0.008336819255
81.15 81.1 81.2 0.005122343553
81.25 81.2 81.3 0.005496754898
81.35 81.3 81.4 0.00562903848
81.45 81.4 81.5 0.005358244482
81.55 81.5 81.6 0.005013229207
81.65 81.6 81.7 0.005610132529
81.75 81.7 81.8 0.003526535476
81.85 81.8 81.9 0.004877503838
81.95 81.9 82 0.005674125365
82.05 82 82.1 0.003224391861
82.15 82.1 82.2 0.004452406496
82.25 82.2 82.3 0.00424262202
82.35 82.3 82.4 0.007088447132
82.45 82.4 82.5 0.004304249993
82.55 82.5 82.6 0.004644992927
82.65 82.6 82.7 0.003185438571
82.75 82.7 82.8 0.006266482342
82.85 82.8 82.9 0.006570518588
82.95 82.9 83 0.005709642606
83.05 83 83.1 0.00344812718
83.15 83.1 83.2 0.005240429022
83.25 83.2 83.3 0.004986839622
83.35 83.3 83.4 0.007304223872
83.45 83.4 83.5 0.003966790676
83.55 83.5 83.6 0.008749451999
83.65 83.6 83.7 0.006085861598
83.75 83.7 83.8 0.0017991472
83.85 83.8 83.9 0.00530216257
83.95 83.9 84 0.005577434385
84.05 84 84.1 0.005932143846
84.15 84.1 84.2 0.009684331969
84.25 84.2 84.3 0.0071610329
84.35 84.3 84.4 0.005900579349
84.45 84.4 84.5 0.005107445331
84.55 84.5 84.6 0.006566040982
84.65 84.6 84.7 0.00674895308
84.75 84.7 84.8 0.004604782982
84.85 84.8 84.9 0.003581744962
84.95 84.9 85 0.005608566765
85.05 85 85.1 0.005342582778
85.15 85.1 85.2 0.005731269197
85.25 85.2 85.3 0.00268820909
85.35 85.3 85.4 0.003034846809
85.45 85.4 85.5 0.005442207974
85.55 85.5 85.6 0.006056895882
85.65 85.6 85.7 0.005010975984
85.75 85.7 85.8 0.005025880979
85.85 85.8 85.9 0.003501971369
85.95 85.9 86 0.007683379711
86.05 86 86.1 0.00797021389
86.15 86.1 86.2 0.00674495243
86.25 86.2 86.3 0.003144965519
86.35 86.3 86.4 0.00906692172
86.45 86.4 86.5 0.007358347898
86.55 86.5 86.6 0.005440720427
86.65 86.6 86.7 0.007401319823
86.75 86.7 86.8 0.007275551736
86.85 86.8 86.9 0.003443448393
86.95 86.9 87 0.00695159652
87.05 87 87.1 0.006866893872
87.15 87.1 87.2 0.004055042136
87.25 87.2 87.3 0.005913396746
87.35 87.3 87.4 0.007448332281
87.45 87.4 87.5 0.006538290769
87.55 87.5 87.6 0.007844351368
87.65 87.6 87.7 0.004062657117
87.75 87.7 87.8 0.004258266783
87.85 87.8 87.9 0.005578230121
87.95 87.9 88 0.007120443102
88.05 88 88.1 0.00611414906
88.15 88.1 88.2 0.005828268149
88.25 88.2 88.3 0.005245596092
88.35 88.3 88.4 0.006338351642
88.45 88.4 88.5 0.007471122003
88.55 88.5 88.6 0.005392623219
88.65 88.6 88.7 0.005084828801
88.75 88.7 88.8 0.004178314152
88.85 88.8 88.9 0.00525121611
88.95 88.9 89 0.004923597855
89.05 89 89.1 0.00502179301
89.15 89.1 89.2 0.007583988576
89.25 89.2 89.3 0.004131592158
89.35 89.3 89.4 0.00474425979
89.45 89.4 89.5 0.004771735378
89.55 89.5 89.6 0.006049006028
89.65 89.6 89.7 0.0073233817
89.75 89.7 89.8 0.009355463551
89.85 89.8 89.9 0.002128432772
89.95 89.9 90 0.005855296847
90.05 90 90.1 0.005120167326
90.15 90.1 90.2 0.006010502284
90.25 90.2 90.3 0.005607568936
90.35 90.3 90.4 0.003818131832
90.45 90.4 90.5 0.00524408508
90.55 90.5 90.6 0.004317152739
90.65 90.6 90.7 0.008135418254
90.75 90.7 90.8 0.004689221503
90.85 90.8 90.9 0.003955104085
90.95 90.9 91 0.006085060027
91.05 91 91.1 0.004776135571
91.15 91.1 91.2 0.005820415404
91.25 91.2 91.3 0.006350516184
91.35 91.3 91.4 0.004847976497
91.45 91.4 91.5 0.00723713594
91.55 91.5 91.6 0.006912492789
91.65 91.6 91.7 0.005225082321
91.75 91.7 91.8 0.00608413943
91.85 91.8 91.9 0.005715878455
91.95 91.9 92 0.002778448924
92.05 92 92.1 0.006541753464
92.15 92.1 92.2 0.007349104041
92.25 92.2 92.3 0.007262204198
92.35 92.3 92.4 0.006975477624
92.45 92.4 92.5 0.009044434139
92.55 92.5 92.6 0.006214869129
92.65 92.6 92.7 0.003414426364
92.75 92.7 92.8 0.003463449855
92.85 92.8 92.9 0.005234599116
92.95 92.9 93 0.005559149585
93.05 93 93.1 0.004081444571
93.15 93.1 93.2 0.00310695384
93.25 93.2 93.3 0.006379400262
93.35 93.3 93.4 0.005361241261
93.45 93.4 93.5 0.007514752345
93.55 93.5 93.6 0.005784881057
93.65 93.6 93.7 0.004940629787
93.75 93.7 93.8 0.004728120477
93.85 93.8 93.9 0.003754699802
93.95 93.9 94 0.003803762021
94.05 94 94.1 0.004190555744
94.15 94.1 94.2 0.008215664209
94.25 94.2 94.3 0.004819773537
94.35 94.3 94.4 0.002879007133
94.45 94.4 94.5 0.004108852183
94.55 94.5 94.6 0.00641614403
94.65 94.6 94.7 0.003750176923
94.75 94.7 94.8 0.004499407887
94.85 94.8 94.9 0.008698021995
94.95 94.9 95 0.006109157832
95.05 95 95.1 0.005715852031
95.15 95.1 95.2 0.005088925713
95.25 95.2 95.3 0.005486770035
95.35 95.3 95.4 0.005354982546
95.45 95.4 95.5 0.006806937949
95.55 95.5 95.6 0.003181262488
95.65 95.6 95.7 0.006298889819
95.75 95.7 95.8 0.003891258961
95.85 95.8 95.9 0.004437757324
95.95 95.9 96 0.002128328044
96.05 96 96.1 0.008003813305
96.15 96.1 96.2 0.002671564277
96.25 96.2 96.3 0.004357701515
96.35 96.3 96.4 0.004797328956
96.45 96.4 96.5 0.005730502632
96.55 96.5 96.6 0.004989358272
96.65 96.6 96.7 0.005743340946
96.75 96.7 96.8 0.005695394239
96.85 96.8 96.9 0.005532501879
96.95 96.9 97 0.005108387475
97.05 97 97.1 0.003271549955
97.15 97.1 97.2 0.005367485205
97.25 97.2 97.3 0.006779220558
97.35 97.3 97.4 0.003048571093
97.45 97.4 97.5 0.003240700314
97.55 97.5 97.6 0.004906038418
97.65 97.6 97.7 0.006466928518
97.75 97.7 97.8 0.004300762216
97.85 97.8 97.9 0.005773229421
97.95 97.9 98 0.003856378416
98.05 98 98.1 0.007631178422
98.15 98.1 98.2 0.005172759012
98.25 98.2 98.3 0.005571333774
98.35 98.3 98.4 0.005096617922
98.45 98.4 98.5 0.004177743046
98.55 98.5 98.6 0.002742770341
98.65 98.6 98.7 0.005984838186
98.75 98.7 98.8 0.006197584013
98.85 98.8 98.9 0.003354003229
98.95 98.9 99 0.005684862138
99.05 99 99.1 0.00438507794
99.15 99.1 99.2 0.002801643927
99.25 99.2 99.3 0.00468647879
99.35 99.3 99.4 0.00672799968
99.45 99.4 99.5 0.004983566989
99.55 99.5 99.6 0.004761383897
99.65 99.6 99.7 0.007023147446
99.75 99.7 99.8 0.002778659057
99.85 99.8 99.9 0.005958148713
99.95 99.9 100 0.003716176483
100.05 100 100.1 0.006319692051
100.15 100.1 100.2 0.00339395036
100.25 100.2 100.3 0.006303886612
100.35 100.3 100.4 0.004861529522
100.45 100.4 100.5 0.00368280479
100.55 100.5 100.6 0.003314209881
100.65 100.6 100.7 0.003076595042
100.75 100.7 100.8 0.004415640839
100.85 100.8 100.9 0.002891545652
100.95 100.9 101 0.002906878747
101.05 101 101.1 0.005415721669
101.15 101.1 101.2 0.005292368596
101.25 101.2 101.3 0.002926634959
101.35 101.3 101.4 0.004444317401
101.45 101.4 101.5 0.007378331761
101.55 101.5 101.6 0.005604053386
101.65 101.6 101.7 0.005177174732
101.75 101.7 101.8 0.004992206819
101.85 101.8 101.9 0.005271440367
101.95 101.9 102 0.00422516119
102.05 102 102.1 0.004801789827
102.15 102.1 102.2 0.005776198267
102.25 102.2 102.3 0.003150486241
102.35 102.3 102.4 0.005460793887
102.45 102.4 102.5 0.004219382275
102.55 102.5 102.6 0.002266818199
102.65 102.6 102.7 0.005079259854
102.75 102.7 102.8 0.005538356099
102.85 102.8 102.9 0.003299362
102.95 102.9 103 0.005142453078
103.05 103 103.1 0.004931703046
103.15 103.1 103.2 0.005302798015
103.25 103.2 103.3 0.003507858695
103.35 103.3 103.4 0.00309606701
103.45 103.4 103.5 0.004498747423
103.55 103.5 103.6 0.00396560233
103.65 103.6 103.7 0.0009213378639
103.75 103.7 103.8 0.003231107962
103.85 103.8 103.9 0.002321273546
103.95 103.9 104 0.005563861757
104.05 104 104.1 0.004399893483
104.15 104.1 104.2 0.003631872725
104.25 104.2 104.3 0.003992325459
104.35 104.3 104.4 0.003116094036
104.45 104.4 104.5 0.004322306739
104.55 104.5 104.6 0.003514646344
104.65 104.6 104.7 0.001647979863
104.75 104.7 104.8 0.005355930177
104.85 104.8 104.9 0.003537109371
104.95 104.9 105 0.005303256259
105.05 105 105.1 0.004000044323
105.15 105.1 105.2 0.004847918417
105.25 105.2 105.3 0.005554133361
105.35 105.3 105.4 0.006401810011
105.45 105.4 105.5 0.003479632582
105.55 105.5 105.6 0.003134252984
105.65 105.6 105.7 0.003507410687
105.75 105.7 105.8 0.003687075768
105.85 105.8 105.9 0.004191822313
105.95 105.9 106 0.004434499545
106.05 106 106.1 0.003557924874
106.15 106.1 106.2 0.001769699337
106.25 106.2 106.3 0.002936861932
106.35 106.3 106.4 0.003873132557
106.45 106.4 106.5 0.001340816019
106.55 106.5 106.6 0.003303835941
106.65 106.6 106.7 0.004138665071
106.75 106.7 106.8 0.004577837634
106.85 106.8 106.9 0.001863633652
106.95 106.9 107 0.00330956821
107.05 107 107.1 0.002633237807
107.15 107.1 107.2 0.001722743795
107.25 107.2 107.3 0.003909315725
107.35 107.3 107.4 0.003884068891
107.45 107.4 107.5 0.00493509397
107.55 107.5 107.6 0.002062133774
107.65 107.6 107.7 0.0009690853574
107.75 107.7 107.8 0.004904891559
107.85 107.8 107.9 0.004127006762
107.95 107.9 108 0.004176680896
108.05 108 108.1 0.005613615111
108.15 108.1 108.2 0.005041000107
108.25 108.2 108.3 0.001865750586
108.35 108.3 108.4 0.003105714613
108.45 108.4 108.5 0.003337358623
108.55 108.5 108.6 0.003359097197
108.65 108.6 108.7 0.004957157162
108.75 108.7 108.8 0.004113582667
108.85 108.8 108.9 0.00199503427
108.95 108.9 109 0.001604816524
109.05 109 109.1 0.005450965824
109.15 109.1 109.2 0.002670232854
109.25 109.2 109.3 0.003981557967
109.35 109.3 109.4 0.003750631742
109.45 109.4 109.5 0.003815989991
109.55 109.5 109.6 0.006416308728
109.65 109.6 109.7 0.004598823968
109.75 109.7 109.8 0.0008904277688
109.85 109.8 109.9 0.002744280386
109.95 109.9 110 0.003248413829
110.05 110 110.1 0.004002832732
110.15 110.1 110.2 0.004178644232
110.25 110.2 110.3 0.002460911667
110.35 110.3 110.4 0.003344858459
110.45 110.4 110.5 0.001350274573
110.55 110.5 110.6 0.003494116209
110.65 110.6 110.7 0.003616369273
110.75 110.7 110.8 0.002788647291
110.85 110.8 110.9 0.004661519837
110.95 110.9 111 0.005449829781
111.05 111 111.1 0.004510865382
111.15 111.1 111.2 0.001754771286
111.25 111.2 111.3 0.005066147627
111.35 111.3 111.4 0.001852507286
111.45 111.4 111.5 0.0008862634241
111.55 111.5 111.6 0.001640082199
111.65 111.6 111.7 0.002052972707
111.75 111.7 111.8 0.003391638904
111.85 111.8 111.9 0.003756844303
111.95 111.9 112 0.002898126653
112.05 112 112.1 0.003284573079
112.15 112.1 112.2 0.003677822915
112.25 112.2 112.3 0.003229410529
112.35 112.3 112.4 0.0022980343
112.45 112.4 112.5 0.00191263669
112.55 112.5 112.6 0.003594418813
112.65 112.6 112.7 0.002829467645
112.75 112.7 112.8 0.004068860332
112.85 112.8 112.9 0.002888728243
112.95 112.9 113 0.001910122663
113.05 113 113.1 0.005054880188
113.15 113.1 113.2 0.004385543928
113.25 113.2 113.3 0.0009694099552
113.35 113.3 113.4 0.001659717809
113.45 113.4 113.5 0.002237783329
113.55 113.5 113.6 0.001208655413
113.65 113.6 113.7 0.002427459486
113.75 113.7 113.8 0.002514855944
113.85 113.8 113.9 0.002269753968
113.95 113.9 114 0.002098209568
114.05 114 114.1 0.002477149058
114.15 114.1 114.2 0.004126884713
114.25 114.2 114.3 0.001200035918
114.35 114.3 114.4 0.003006063988
114.45 114.4 114.5 0.002261357991
114.55 114.5 114.6 0.001519390116
114.65 114.6 114.7 0.002812010919
114.75 114.7 114.8 0.003310029701
114.85 114.8 114.9 0.004073512207
114.95 114.9 115 0.002131052495
115.05 115 115.1 0.002235357687
115.15 115.1 115.2 0.003416906705
115.25 115.2 115.3 0.0009400183666
115.35 115.3 115.4 0.002403854237
115.45 115.4 115.5 0.00328383435
115.55 115.5 115.6 0.003990181278
115.65 115.6 115.7 0.000673386831
115.75 115.7 115.8 0.001519889853
115.85 115.8 115.9 0.005089301355
115.95 115.9 116 0.0009226146234
116.05 116 116.1 0.002364471274
116.15 116.1 116.2 0.002492753832
116.25 116.2 116.3 -0.0001339502677
116.35 116.3 116.4 0.003409953071
116.45 116.4 116.5 0.001072785577
116.55 116.5 116.6 0.0023622613
116.65 116.6 116.7 0.001734352278
116.75 116.7 116.8 -5.947332453e-05
116.85 116.8 116.9 0.0002671345683
116.95 116.9 117 0.001897028872
117.05 117 117.1 0.00323394235
117.15 117.1 117.2 0.003044824542
117.25 117.2 117.3 0.003976252906
117.35 117.3 117.4 0.001297419729
117.45 117.4 117.5 0.002436534298
117.55 117.5 117.6 0.002492099339
117.65 117.6 117.7 0.003768651647
117.75 117.7 117.8 0.002508374825
117.85 117.8 117.9 0.002421306347
117.95 117.9 118 0.003445038725
118.05 118 118.1 0.002855819132
118.15 118.1 118.2 0.002511716812
118.25 118.2 118.3 0.002910824877
118.35 118.3 118.4 0.003025887427
118.45 118.4 118.5 0.002971516098
118.55 118.5 118.6 0.0004548578917
118.65 118.6 118.7 0.0008800885214
118.75 118.7 118.8 0.003585144806
118.85 118.8 118.9 0.001240493142
118.95 118.9 119 0.001679553869
119.05 119 119.1 0.0008027789128
119.15 119.1 119.2 0.001323205599
119.25 119.2 119.3 0.0008462299949
119.35 119.3 119.4 -0.0001702126829
119.45 119.4 119.5 0.001397126017
119.55 119.5 119.6 0.002609320583
119.65 119.6 119.7 0.002113541426
119.75 119.7 119.8 0.001947839616
119.85 119.8 119.9 0.002724212629
119.95 119.9 120 0.001794332621
120.05 120 120.1 0.001577038443
120.15 120.1 120.2 0.00153127289
120.25 120.2 120.3 0.002360443091
120.35 120.3 120.4 0.003219168682
120.45 120.4 120.5 0.001232235702
120.55 120.5 120.6 0.00154949248
120.65 120.6 120.7 0.001493339398
120.75 120.7 120.8 0.0008464301478
120.85 120.8 120.9 -0.001081508516
120.95 120.9 121 0.00141137632
121.05 121 121.1 0.0001900553796
121.15 121.1 121.2 0.004257446022
121.25 121.2 121.3 0.001166243819
121.35 121.3 121.4 0.001490076989
121.45 121.4 121.5 0.002560169036
121.55 121.5 121.6 0.001509328092
121.65 121.6 121.7 0.003952782842
121.75 121.7 121.8 0.004352530083
121.85 121.8 121.9 0.0008016746791
121.95 121.9 122 0.002615224434
122.05 122 122.1 0.002101226021
122.15 122.1 122.2 0.004184345038
122.25 122.2 122.3 0.002508131304
122.35 122.3 122.4 0.002299408196
122.45 122.4 122.5 0.000513091345
122.55 122.5 122.6 0.003499850975
122.65 122.6 122.7 0.001160611336
122.75 122.7 122.8 0.001549527878
122.85 122.8 122.9 -0.0003179832383
122.95 122.9 123 0.0007563331488
123.05 123 123.1 0.002073182521
123.15 123.1 123.2 0.001616004387
123.25 123.2 123.3 5.584266009e-05
123.35 123.3 123.4 0.0003201570227
123.45 123.4 123.5 0.002092703756
123.55 123.5 123.6 0.0014105326
123.65 123.6 123.7 0.002211920579
123.75 123.7 123.8 0.001425959993
123.85 123.8 123.9 0.00067661163
123.95 123.9 124 0.0005624339584
124.05 124 124.1 0.001960681944
124.15 124.1 124.2 0.002155566759
124.25 124.2 124.3 0.001452692367
124.35 124.3 124.4 0.0004269732512
124.45 124.4 124.5 0.002604194301
124.55 124.5 124.6 0.001195756797
124.65 124.6 124.7 -0.0009809078453
124.75 124.7 124.8 0.002271946495
124.85 124.8 124.9 0.00142632412
124.95 124.9 125 0.0003125485334
125.05 125 125.1 0.0008043735014
125.15 125.1 125.2 0.001150066096
125.25 125.2 125.3 0.0004289308727
125.35 125.3 125.4 0.001118234899
125.45 125.4 125.5 0.003380351938
125.55 125.5 125.6 0.0007223232008
125.65 125.6 125.7 0.001255897658
125.75 125.7 125.8 -0.0002346795805
125.85 125.8 125.9 0.002479677555
125.95 125.9 126 -0.0005053282861
126.05 126 126.1 0.0001943017469
126.15 126.1 126.2 0.001153486601
126.25 126.2 126.3 -0.0008510159189
126.35 126.3 126.4 -0.00119887123
126.45 126.4 126.5 0.000715172127
126.55 126.5 126.6 -0.001321502141
126.65 126.6 126.7 0.00102555573
126.75 126.7 126.8 -0.001879848621
126.85 126.8 126.9 0.001205202271
126.95 126.9 127 -0.001616469289
127.05 127 127.1 0.002580747863
127.15 127.1 127.2 0.001993814004
127.25 127.2 127.3 0.0009811787792
127.35 127.3 127.4 -0.00100030368
127.45 127.4 127.5 -0.0002885066833
127.55 127.5 127.6 0.000458588849
127.65 127.6 127.7 0.002734259883
127.75 127.7 127.8 0.002578949064
127.85 127.8 127.9 0.001852214625
127.95 127.9 128 -0.0002148647783
128.05 128 128.1 0.001976441314
128.15 128.1 128.2 0.00116008233
128.25 128.2 128.3 0.0001433310843
128.35 128.3 128.4 -0.0006612471747
128.45 128.4 128.5 -0.001699576716
128.55 128.5 128.6 0.003177189483
128.65 128.6 128.7 -0.001131132332
128.75 128.7 128.8 -0.0003696070911
128.85 128.8 128.9 0.0008236185125
128.95 128.9 129 0.00118999134
129.05 129 129.1 -0.0008288491772
129.15 129.1 129.2 0.001763306805
129.25 129.2 129.3 -0.001137527341
129.35 129.3 129.4 -0.0008039264262
129.45 129.4 129.5 0.0002035419506
129.55 129.5 129.6 -0.0006512943
129.65 129.6 129.7 -0.001426824604
129.75 129.7 129.8 -0.002955142809
129.85 129.8 129.9 0.0002737651221
129.95 129.9 130 -0.001709161484
130.05 130 130.1 -0.0008484238041
130.15 130.1 130.2 0.0007093454705
130.25 130.2 130.3 -0.0026370146
130.35 130.3 130.4 -0.0002809920679
130.45 130.4 130.5 -0.0008336349179
130.55 130.5 130.6 -0.0008255956647
130.65 130.6 130.7 -0.001223013675
130.75 130.7 130.8 -0.0001088192494
130.85 130.8 130.9 -0.0005325020872
130.95 130.9 131 0.0002958295122
131.05 131 131.1 -0.001102214811
131.15 131.1 131.2 -0.0005341922022
131.25 131.2 131.3 0.0003344583167
131.35 131.3 131.4 -0.0008516171388
131.45 131.4 131.5 -0.00144963843
131.55 131.5 131.6 -0.001390789948
131.65 131.6 131.7 -0.001545789919
131.75 131.7 131.8 -0.0002347696857
131.85 131.8 131.9 -0.001766582711
131.95 131.9 132 -0.0004490533817
132.05 132 132.1 -0.00195862794
132.15 132.1 132.2 -1.474847321e-05
132.25 132.2 132.3 -0.0008882454516
132.35 132.3 132.4 -0.0009340975777
132.45 132.4 132.5 0.001444798508
132.55 132.5 132.6 -0.001234604599
132.65 132.6 132.7 0.0002900790969
132.75 132.7 132.8 0.001838259261
132.85 132.8 132.9 0.001568307598
132.95 132.9 133 -0.0007485745431
133.05 133 133.1 -0.000173329654
133.15 133.1 133.2 0.0003805391507
133.25 133.2 133.3 -0.001330179178
133.35 133.3 133.4 0.0003689928714
133.45 133.4 133.5 -0.001618890789
133.55 133.5 133.6 0.0008129812742
133.65 133.6 133.7 -0.001746112932
133.75 133.7 133.8 -0.0001272523141
133.85 133.8 133.9 -2.980911627e-06
133.95 133.9 134 0.001771674799
134.05 134 134.1 -0.00227037547
134.15 134.1 134.2 0.0004135429062
134.25 134.2 134.3 0.001171364696
134.35 134.3 134.4 0.001221063695
134.45 134.4 134.5 -0.001122486974
134.55 134.5 134.6 6.423703486e-05
134.65 134.6 134.7 -0.0007289603505
134.75 134.7 134.8 -3.974770754e-05
134.85 134.8 134.9 0.001183497181
134.95 134.9 135 -0.0008853731424
135.05 135 135.1 -0.001493120728
135.15 135.1 135.2 -0.0002291973065
135.25 135.2 135.3 0.0005139600152
135.35 135.3 135.4 0.0001977216776
135.45 135.4 135.5 -0.001557664528
135.55 135.5 135.6 4.030863328e-05
135.65 135.6 135.7 -0.0008134945877
135.75 135.7 135.8 -0.0009654630341
135.85 135.8 135.9 0.0002201273225
135.95 135.9 136 -0.0004935198772
136.05 136 136.1 -0.0003682326119
136.15 136.1 136.2 0.001180334029
136.25 136.2 136.3 0.0009350431976
136.35 136.3 136.4 -5.971562863e-05
136.45 136.4 136.5 5.447232651e-05
136.55 136.5 136.6 0.0008860146046
136.65 136.6 136.7 -0.001647045452
136.75 136.7 136.8 -0.0006681011471
136.85 136.8 136.9 -3.088954843e-05
136.95 136.9 137 -0.000410718072
137.05 137 137.1 -0.00172423934
137.15 137.1 137.2 -0.001586605414
137.25 137.2 137.3 -0.0008609774762
137.35 137.3 137.4 -0.0004060649951
137.45 137.4 137.5 0.0004008102009
137.55 137.5 137.6 0.001477872223
137.65 137.6 137.7 0.0009849460432
137.75 137.7 137.8 -0.001663544155
137.85 137.8 137.9 -0.0002715162472
137.95 137.9 138 -0.0006130878625
138.05 138 138.1 -0.001465513232
138.15 138.1 138.2 -0.0008902070846
138.25 138.2 138.3 -0.0008901431772
138.35 138.3 138.4 -0.0004976826027
138.45 138.4 138.5 -0.0007774361148
138.55 138.5 138.6 0.001689527225
138.65 138.6 138.7 -0.0002847531495
138.75 138.7 138.8 0.0009196918203
138.85 138.8 138.9 -0.001080211076
138.95 138.9 139 -0.000168449311
139.05 139 139.1 0.0001552449775
139.15 139.1 139.2 -0.0002208465823
139.25 139.2 139.3 -0.0004590829086
139.35 139.3 139.4 -0.0002557942987
139.45 139.4 139.5 0.0005516543255
139.55 139.5 139.6 -0.0006986798787
139.65 139.6 139.7 0.00100779604
139.75 139.7 139.8 0.0007410053598
139.85 139.8 139.9 -0.0001256000603
139.95 139.9 140 0.00125424843
140.05 140 140.1 0.0009939721063
140.15 140.1 140.2 0.0007260866288
140.25 140.2 140.3 -0.0002731983026
140.35 140.3 140.4 -0.0001418365543
140.45 140.4 140.5 0.001665855259
140.55 140.5 140.6 0.001169094385
140.65 140.6 140.7 -0.0006641316499
140.75 140.7 140.8 0.000615759282
140.85 140.8 140.9 -0.001439557634
140.95 140.9 141 0.001148539437
141.05 141 141.1 0.0007717654896
141.15 141.1 141.2 0.001697430193
141.25 141.2 141.3 0.0008273512845
141.35 141.3 141.4 -0.0003059747333
141.45 141.4 141.5 -0.0004709053754
141.55 141.5 141.6 -0.00101615988
141.65 141.6 141.7 0.0008050433496
141.75 141.7 141.8 -0.0007060610967
141.85 141.8 141.9 0.001020026975
141.95 141.9 142 -0.0007457881128
142.05 142 142.1 0.000483285797
142.15 142.1 142.2 0.000405878123
142.25 142.2 142.3 4.889393263e-05
142.35 142.3 142.4 0.0002738766756
142.45 142.4 142.5 7.304342653e-07
142.55 142.5 142.6 0.0009540147498
142.65 142.6 142.7 0.0004188632197
142.75 142.7 142.8 0.000628113101
142.85 142.8 142.9 0.001045199656
142.95 142.9 143 0.0004904903734
143.05 143 143.1 -0.0007639615506
143.15 143.1 143.2 -7.501501013e-05
143.25 143.2 143.3 -0.000223692538
143.35 143.3 143.4 1.621763626e-05
143.45 143.4 143.5 0.000437285963
143.55 143.5 143.6 -0.0005544006837
143.65 143.6 143.7 -0.0006187382164
143.75 143.7 143.8 -0.0004605521003
143.85 143.8 143.9 -0.0005656967423
143.95 143.9 144 0.0005267035959
144.05 144 144.1 0.001914790043
144.15 144.1 144.2 0.0003514536909
144.25 144.2 144.3 -0.0005450256783
144.35 144.3 144.4 0.001087750212
144.45 144.4 144.5 -0.001089629494
144.55 144.5 144.6 0.001866850788
144.65 144.6 144.7 0.001395357624
144.75 144.7 144.8 -7.825252963e-05
144.85 144.8 144.9 0.000631824104
144.95 144.9 145 -0.0007610838655
145.05 145 145.1 0.0004678035391
145.15 145.1 145.2 -0.0005666536181
145.25 145.2 145.3 0.0005047208924
145.35 145.3 145.4 0.0003129350256
145.45 145.4 145.5 -0.0006496310706
145.55 145.5 145.6 -0.0002365764704
145.65 145.6 145.7 9.552390887e-06
145.75 145.7 145.8 4.851145102e-05
145.85 145.8 145.9 -0.001069011194
145.95 145.9 146 0.000682764208
146.05 146 146.1 0.001472580747
146.15 146.1 146.2 0.0008058174994
146.25 146.2 146.3 0.001282772065
146.35 146.3 146.4 0.0007330499914
146.45 146.4 146.5 0.0008049677186
146.55 146.5 146.6 -0.0004448568129
146.65 146.6 146.7 -0.0002808219745
146.75 146.7 146.8 0.001118548978
146.85 146.8 146.9 -0.0009427890268
146.95 146.9 147 -0.0009606462963
147.05 147 147.1 0.003155782346
147.15 147.1 147.2 -0.0004480269887
147.25 147.2 147.3 0.0009749473759
147.35 147.3 147.4 0.0007214929798
147.45 147.4 147.5 -5.462818336e-05
147.55 147.5 147.6 0.0003420454303
147.65 147.6 147.7 0.000913770095
147.75 147.7 147.8 0.0002912939904
147.85 147.8 147.9 -0.0005969352176
147.95 147.9 148 -0.000473240723
148.05 148 148.1 0.0009872738882
148.15 148.1 148.2 0.0001838850929
148.25 148.2 148.3 0.0005720997729
148.35 148.3 148.4 0.001287026547
148.45 148.4 148.5 -0.001191213348
148.55 148.5 148.6 -0.0007296163988
148.65 148.6 148.7 0.0006004102077
148.75 148.7 148.8 -0.0007116781226
148.85 148.8 148.9 0.0008957994252
148.95 148.9 149 0.000982956099
149.05 149 149.1 0.0003811407355
149.15 149.1 149.2 -0.0002635181029
149.25 149.2 149.3 -0.0009836561189
149.35 149.3 149.4 0.000677993011
149.45 149.4 149.5 0.0006978726592
149.55 149.5 149.6 0.001176784308
149.65 149.6 149.7 -0.001745922901
149.75 149.7 149.8 0.00101415126
149.85 149.8 149.9 -0.0002925857644
149.95 149.9 150 -0.001604702336
150.05 150 150.1 -0.0006458481135
150.15 150.1 150.2 0.000485280455
150.25 150.2 150.3 -1.146014008e-05
150.35 150.3 150.4 0.00114651944
150.45 150.4 150.5 0.0001812673619
150.55 150.5 150.6 0.001000237373
150.65 150.6 150.7 -0.0004109575328
150.75 150.7 150.8 -1.234265371e-05
150.85 150.8 150.9 -0.0007499151251
150.95 150.9 151 0.001390169374
151.05 151 151.1 -0.0001201709569
151.15 151.1 151.2 -0.001348049212
151.25 151.2 151.3 0.0006608387858
151.35 151.3 151.4 -0.0002436142804
151.45 151.4 151.5 0.001053982345
151.55 151.5 151.6 -0.0002695050975
151.65 151.6 151.7 -0.0009459822431
151.75 151.7 151.8 -0.001186177069
151.85 151.8 151.9 -0.002483007248
151.95 151.9 152 0.0006010604563
152.05 152 152.1 9.1528456e-07
152.15 152.1 152.2 -0.000196090387
152.25 152.2 152.3 0.001323716645
152.35 152.3 152.4 0.0003158014642
152.45 152.4 152.5 -0.0002313407605
152.55 152.5 152.6 0.0006092726517
152.65 152.6 152.7 0.001507480101
152.75 152.7 152.8 -0.0004180623518
152.85 152.8 152.9 -0.0001860425805
152.95 152.9 153 -0.001525556861
153.05 153 153.1 0.000378920767
153.15 153.1 153.2 0.0002417319926
153.25 153.2 153.3 0.0002116528291
153.35 153.3 153.4 0.000441473766
153.45 153.4 153.5 0.0001702608434
153.55 153.5 153.6 -0.001164015684
153.65 153.6 153.7 -0.0005792021955
153.75 153.7 153.8 0.0004978996163
153.85 153.8 153.9 -0.001242813751
153.95 153.9 154 0.0004580205521
154.05 154 154.1 0.000488271042
154.15 154.1 154.2 0.0008740352041
154.25 154.2 154.3 -0.0007755385302
154.35 154.3 154.4 -0.001046210378
154.45 154.4 154.5 -0.0008986111441
154.55 154.5 154.6 0.0005814039705
154.65 154.6 154.7 0.0005139225782
154.75 154.7 154.8 -0.0006680866943
154.85 154.8 154.9 0.0006374604824
154.95 154.9 155 0.001499733611
155.05 155 155.1 0.001191682466
155.15 155.1 155.2 -0.0008661307056
155.25 155.2 155.3 -4.875036905e-05
155.35 155.3 155.4 0.000626736513
155.45 155.4 155.5 0.0002347711266
155.55 155.5 155.6 0.0001571299594
155.65 155.6 155.7 0.0002202169916
155.75 155.7 155.8 -0.001542010097
155.85 155.8 155.9 9.026954204e-05
155.95 155.9 156 -0.0002383819645
156.05 156 156.1 -0.0001648662584
156.15 156.1 156.2 0.000931677198
156.25 156.2 156.3 -0.001209314032
156.35 156.3 156.4 -0.0004538604583
156.45 156.4 156.5 -0.0005899912551
156.55 156.5 156.6 -0.0005143801299
156.65 156.6 156.7 0.002092807669
156.75 156.7 156.8 0.0002744814577
156.85 156.8 156.9 0.0002980721142
156.95 156.9 157 5.540348e-05
157.05 157 157.1 0.0002165173367
157.15 157.1 157.2 0.0003941056579
157.25 157.2 157.3 -0.0003118989871
157.35 157.3 157.4 -0.0001654984932
157.45 157.4 157.5 0.0006407780582
157.55 157.5 157.6 -0.001035502596
157.65 157.6 157.7 -0.0004885177844
157.75 157.7 157.8 -1.042553786e-05
157.85 157.8 157.9 -0.0001522482346
157.95 157.9 158 -0.0008401197791
158.05 158 158.1 -0.0005684444137
158.15 158.1 158.2 0.001384778062
158.25 158.2 158.3 -0.002170252472
158.35 158.3 158.4 0.000297512059
158.45 158.4 158.5 -0.001702331218
158.55 158.5 158.6 -0.001449460012
158.65 158.6 158.7 0.0008384125966
158.75 158.7 158.8 -3.99742925e-05
158.85 158.8 158.9 0.0002083751262
158.95 158.9 159 0.001065083714
159.05 159 159.1 -0.0001266771058
159.15 159.1 159.2 -0.002394482125
159.25 159.2 159.3 -0.0001716074947
159.35 159.3 159.4 -0.0001454211282
159.45 159.4 159.5 -0.001489657394
159.55 159.5 159.6 -0.000511052592
159.65 159.6 159.7 0.0009964106494
159.75 159.7 159.8 -0.001002642281
159.85 159.8 159.9 0.0001467301211
159.95 159.9 160 -0.0007865219015
160.05 160 160.1 -0.0001882179483
160.15 160.1 160.2 -0.001225621641
160.25 160.2 160.3 -0.001545737179
160.35 160.3 160.4 -0.0008501453795
160.45 160.4 160.5 -0.000977277147
160.55 160.5 160.6 -0.000592975403
160.65 160.6 160.7 -0.0006499280897
160.75 160.7 160.8 -0.0008798369074
160.85 160.8 160.9 -0.0002998423175
160.95 160.9 161 -0.0002589927582
161.05 161 161.1 0.0002689661414
161.15 161.1 161.2 -0.0009165965673
161.25 161.2 161.3 -0.0005912580412
161.35 161.3 161.4 -0.002048055579
161.45 161.4 161.5 -0.0002509620596
161.55 161.5 161.6 -0.001443043185
161.65 161.6 161.7 -0.001454976754
161.75 161.7 161.8 0.0007043525759
161.85 161.8 161.9 -0.0008942507246
161.95 161.9 162 -0.0001338770878
162.05 162 162.1 -0.002652517331
162.15 162.1 162.2 0.0009940236522
162.25 162.2 162.3 -0.0005560486129
162.35 162.3 162.4 -0.00142270257
162.45 162.4 162.5 -0.001636721575
162.55 162.5 162.6 -0.0008333639845
162.65 162.6 162.7 0.000638026462
162.75 162.7 162.8 0.0001987133021
162.85 162.8 162.9 0.0001028595709
162.95 162.9 163 -0.002012117005
163.05 163 163.1 -0.002494743276
163.15 163.1 163.2 -0.0003675865806
163.25 163.2 163.3 -0.0005540083428
163.35 163.3 163.4 -0.00140443985
163.45 163.4 163.5 -0.0005264702072
163.55 163.5 163.6 -0.0003881072931
163.65 163.6 163.7 0.001951404788
163.75 163.7 163.8 -0.00120474441
163.85 163.8 163.9 -0.0003766778757
163.95 163.9 164 0.0003400354748
164.05 164 164.1 0.0005067555603
164.15 164.1 164.2 0.0006636271273
164.25 164.2 164.3 0.00107057321
164.35 164.3 164.4 0.001289725368
164.45 164.4 164.5 0.0005917808596
164.55 164.5 164.6 6.034399338e-05
164.65 164.6 164.7 0.0002103029691
164.75 164.7 164.8 0.0004567882171
164.85 164.8 164.9 -0.0001577096096
164.95 164.9 165 -0.0004242331069
165.05 165 165.1 6.426405072e-05
165.15 165.1 165.2 -0.000645357772
165.25 165.2 165.3 -0.0003097379086
165.35 165.3 165.4 -0.000134178424
165.45 165.4 165.5 0.001611073397
165.55 165.5 165.6 0.0003708261381
165.65 165.6 165.7 -0.000162390839
165.75 165.7 165.8 0.001515905905
165.85 165.8 165.9 -0.001369395138
165.95 165.9 166 0.0001502734131
166.05 166 166.1 0.0008404446402
166.15 166.1 166.2 0.0008421821615
166.25 166.2 166.3 0.0005509973753
166.35 166.3 166.4 0.0002760280634
166.45 166.4 166.5 0.0003068866584
166.55 166.5 166.6 5.947811832e-05
166.65 166.6 166.7 0.0007092195856
166.75 166.7 166.8 0.001159991672
166.85 166.8 166.9 0.0006999031873
166.95 166.9 167 -7.831301939e-05
167.05 167 167.1 0.0005592575008
167.15 167.1 167.2 -0.0003677839815
167.25 167.2 167.3 -0.001429342599
167.35 167.3 167.4 -0.0001833758908
167.45 167.4 167.5 -4.092339519e-05
167.55 167.5 167.6 -0.0007648401964
167.65 167.6 167.7 -0.0008145297998
167.75 167.7 167.8 0.0004584852006
167.85 167.8 167.9 -5.47522143e-05
167.95 167.9 168 0.0004720070644
168.05 168 168.1 0.0009798975881
168.15 168.1 168.2 0.0001091320043
168.25 168.2 168.3 -0.0001860312896
168.35 168.3 168.4 -0.001291824394
168.45 168.4 168.5 0.0002640018858
168.55 168.5 168.6 0.001099258433
168.65 168.6 168.7 4.936282376e-05
168.75 168.7 168.8 -6.011505736e-05
168.85 168.8 168.9 1.113399516e-05
168.95 168.9 169 -0.0006004375514
169.05 169 169.1 -0.0007278350824
169.15 169.1 169.2 -0.0006699429251
169.25 169.2 169.3 0.0003662533838
169.35 169.3 169.4 0.0001708384914
169.45 169.4 169.5 -0.001145698021
169.55 169.5 169.6 0.0002318060489
169.65 169.6 169.7 -0.0002737466076
169.75 169.7 169.8 -0.001001288398
169.85 169.8 169.9 -0.0003298643607
169.95 169.9 170 -0.0007907565756
170.05 170 170.1 -0.0001715041139
170.15 170.1 170.2 -5.24626147e-05
170.25 170.2 170.3 0.0001565538012
170.35 170.3 170.4 -0.0004173331452
170.45 170.4 170.5 0.0005503195901
170.55 170.5 170.6 0.0002352776916
170.65 170.6 170.7 -0.0003838427987
170.75 170.7 170.8 5.248809206e-05
170.85 170.8 170.9 -0.0009597290116
170.95 170.9 171 0.0003545097671
171.05 171 171.1 -0.000384996376
171.15 171.1 171.2 0.0001600402672
171.25 171.2 171.3 0.0003754390609
171.35 171.3 171.4 0.001723689565
171.45 171.4 171.5 -0.0008639410469
171.55 171.5 171.6 -0.0007307081433
171.65 171.6 171.7 -0.001140119098
171.75 171.7 171.8 -0.0001782548044
171.85 171.8 171.9 -0.0001772483324
171.95 171.9 172 0.001641099784
172.05 172 172.1 -0.0009291512243
172.15 172.1 172.2 0.000130783251
172.25 172.2 172.3 -0.0003894847946
172.35 172.3 172.4 -0.000788401571
172.45 172.4 172.5 -0.0001364898446
172.55 172.5 172.6 -0.0005216054558
172.65 172.6 172.7 -0.001340922961
172.75 172.7 172.8 -0.0004356938047
172.85 172.8 172.9 0.001164481937
172.95 172.9 173 -0.001088913008
173.05 173 173.1 0.000278982259
173.15 173.1 173.2 -0.0005738640764
173.25 173.2 173.3 -0.0004424359306
173.35 173.3 173.4 -0.0008526504062
173.45 173.4 173.5 -0.001065807067
173.55 173.5 173.6 0.0001880809577
173.65 173.6 173.7 0.001892843962
173.75 173.7 173.8 -0.0006490841962
173.85 173.8 173.9 -0.0005016090951
173.95 173.9 174 -0.0009130681111
174.05 174 174.1 -0.0003772122638
174.15 174.1 174.2 0.0001666119142
174.25 174.2 174.3 0.001151846275
174.35 174.3 174.4 -0.001578490681
174.45 174.4 174.5 0.0003135060772
174.55 174.5 174.6 0.0005776656867
174.65 174.6 174.7 0.0009013390012
174.75 174.7 174.8 -0.0002802011754
174.85 174.8 174.9 -0.0001393114628
174.95 174.9 175 0.0005689620624
175.05 175 175.1 0.0007842788893
175.15 175.1 175.2 0.0004714863724
175.25 175.2 175.3 0.000680656171
175.35 175.3 175.4 -7.773864831e-05
175.45 175.4 175.5 0.0005109349641
175.55 175.5 175.6 -0.0004986876383
175.65 175.6 175.7 0.0002667883955
175.75 175.7 175.8 0.0005936576765
175.85 175.8 175.9 -0.00115566349
175.95 175.9 176 0.000761627943
176.05 176 176.1 -1.430017226e-05
176.15 176.1 176.2 0.001838069636
176.25 176.2 176.3 -0.0001953178606
176.35 176.3 176.4 0.001610804468
176.45 176.4 176.5 0.0002032479362
176.55 176.5 176.6 1.033769585e-05
176.65 176.6 176.7 -0.0004111765839
176.75 176.7 176.8 0.0001306281579
176.85 176.8 176.9 0.0007673063458
176.95 176.9 177 4.401768444e-05
177.05 177 177.1 -0.0004811274433
177.15 177.1 177.2 -0.001211820188
177.25 177.2 177.3 0.0004690359718
177.35 177.3 177.4 -0.001584986129
177.45 177.4 177.5 -0.001865440894
177.55 177.5 177.6 -0.0007994520437
177.65 177.6 177.7 -0.0004969183241
177.75 177.7 177.8 -0.0003888632462
177.85 177.8 177.9 -0.0002584176235
177.95 177.9 178 -0.0002797961011
178.05 178 178.1 -0.0008771165905
178.15 178.1 178.2 -8.846990768e-05
178.25 178.2 178.3 0.0005314673546
178.35 178.3 178.4 -0.002460091066
178.45 178.4 178.5 0.001375722737
178.55 178.5 178.6 -0.001130163126
178.65 178.6 178.7 -0.0005863694098
178.75 178.7 178.8 -0.001956933751
178.85 178.8 178.9 -0.0009105203829
178.95 178.9 179 0.0008486070193
179.05 179 179.1 -0.0006042312336
179.15 179.1 179.2 0.000258936183
179.25 179.2 179.3 -0.001792465988
179.35 179.3 179.4 -0.001153798006
179.45 179.4 179.5 6.911427965e-06
179.55 179.5 179.6 -0.0002460354292
179.65 179.6 179.7 -0.001643115975
179.75 179.7 179.8 -0.001468236137
179.85 179.8 179.9 -0.0001515415578
179.95 179.9 180 -0.001082250035
180.05 180 180.1 0.0003409682308
180.15 180.1 180.2 -0.001902784092
180.25 180.2 180.3 -0.0007529660901
180.35 180.3 180.4 -0.001289003416
180.45 180.4 180.5 0.000163273687
180.55 180.5 180.6 -0.001828419204
180.65 180.6 180.7 -0.0008634666767
180.75 180.7 180.8 -0.0007567397496
180.85 180.8 180.9 0.0005448754379
180.95 180.9 181 -0.00241632851
181.05 181 181.1 -0.0005381748313
181.15 181.1 181.2 -0.001201677981
181.25 181.2 181.3 -0.001931115038
181.35 181.3 181.4 -0.000469449925
181.45 181.4 181.5 -9.929060323e-05
181.55 181.5 181.6 -0.0001734087865
181.65 181.6 181.7 -0.002001176537
181.75 181.7 181.8 0.0001200552161
181.85 181.8 181.9 -0.002358248307
181.95 181.9 182 -0.0004466392173
182.05 182 182.1 -0.001373911365
182.15 182.1 182.2 -0.0001045110385
182.25 182.2 182.3 -0.0005303295605
182.35 182.3 182.4 0.0003112968841
182.45 182.4 182.5 -0.0003119514468
182.55 182.5 182.6 -0.0007949771749
182.65 182.6 182.7 -0.002201902624
182.75 182.7 182.8 -0.0009886791783
182.85 182.8 182.9 -0.0002022705504
182.95 182.9 183 -0.000330521755
183.05 183 183.1 0.0007174906519
183.15 183.1 183.2 -0.0006889517431
183.25 183.2 183.3 -0.0006599460818
183.35 183.3 183.4 -0.001105048704
183.45 183.4 183.5 -0.001184825252
183.55 183.5 183.6 -0.001596656543
183.65 183.6 183.7 -0.001350905468
183.75 183.7 183.8 0.000937045616
183.85 183.8 183.9 -0.0007526449003
183.95 183.9 184 -0.001079205738
184.05 184 184.1 0.001006565948
184.15 184.1 184.2 0.0004581901926
184.25 184.2 184.3 -0.000941063927
184.35 184.3 184.4 -0.001917428904
184.45 184.4 184.5 -0.001103270358
184.55 184.5 184.6 -0.001738643359
184.65 184.6 184.7 -0.001561110295
184.75 184.7 184.8 -0.001117111885
184.85 184.8 184.9 -0.001258370177
184.95 184.9 185 0.0003618050679
185.05 185 185.1 0.0003968767862
185.15 185.1 185.2 -0.0003447120641
185.25 185.2 185.3 0.0004006636195
185.35 185.3 185.4 -0.0003820840606
185.45 185.4 185.5 -0.0005075692181
185.55 185.5 185.6 0.0002540486349
185.65 185.6 185.7 -0.002379193899
185.75 185.7 185.8 -0.0007787030837
185.85 185.8 185.9 -0.002156895728
185.95 185.9 186 -0.00121414425
186.05 186 186.1 0.0001236129164
186.15 186.1 186.2 0.0005273189363
186.25 186.2 186.3 -0.002426305899
186.35 186.3 186.4 -0.0004734014366
186.45 186.4 186.5 -0.000257189127
186.55 186.5 186.6 -0.0008849105634
186.65 186.6 186.7 -0.002387781789
186.75 186.7 186.8 -0.0009933689065
186.85 186.8 186.9 -0.0009754916354
186.95 186.9 187 -0.00123692173
187.05 187 187.1 -0.001953269813
187.15 187.1 187.2 0.0006641110436
187.25 187.2 187.3 -0.0001071425572
187.35 187.3 187.4 -0.000729844181
187.45 187.4 187.5 -0.0008123825972
187.55 187.5 187.6 -5.991029711e-05
187.65 187.6 187.7 -0.0006654781231
187.75 187.7 187.8 -0.00133100779
187.85 187.8 187.9 7.55444282e-05
187.95 187.9 188 -0.0006703768089
188.05 188 188.1 -0.001388539892
188.15 188.1 188.2 -0.001431595574
188.25 188.2 188.3 -0.0005856151991
188.35 188.3 188.4 0.0006236593777
188.45 188.4 188.5 -0.001820913873
188.55 188.5 188.6 -0.001624129912
188.65 188.6 188.7 -0.0008202476415
188.75 188.7 188.8 -0.00186893497
188.85 188.8 188.9 2.582894817e-06
188.95 188.9 189 -0.001607324785
189.05 189 189.1 -0.0015785009
189.15 189.1 189.2 -0.0009485801831
189.25 189.2 189.3 -0.0007281755976
189.35 189.3 189.4 -2.041930393e-05
189.45 189.4 189.5 0.0002994536505
189.55 189.5 189.6 -0.0005789948031
189.65 189.6 189.7 -0.001027210292
189.75 189.7 189.8 -0.001289646154
189.85 189.8 189.9 -4.201861345e-05
189.95 189.9 190 -0.001086859483
190.05 190 190.1 -0.0006340672931
190.15 190.1 190.2 -0.0003314284025
190.25 190.2 190.3 0.0006610194276
190.35 190.3 190.4 0.000729715152
190.45 190.4 190.5 -0.0009070856097
190.55 190.5 190.6 -5.132840882e-06
190.65 190.6 190.7 -0.0009745344154
190.75 190.7 190.8 -0.0005806525325
190.85 190.8 190.9 -0.0004946099977
190.95 190.9 191 0.0003401715542
191.05 191 191.1 -0.001232979249
191.15 191.1 191.2 -0.00117035989
191.25 191.2 191.3 -0.001382570237
191.35 191.3 191.4 -0.001671204369
191.45 191.4 191.5 -0.0008318280219
191.55 191.5 191.6 -0.001375667376
191.65 191.6 191.7 -0.002108406385
191.75 191.7 191.8 -0.0007527551354
191.85 191.8 191.9 -0.0008037687521
191.95 191.9 192 -0.001203328351
192.05 192 192.1 -0.0004416913147
192.15 192.1 192.2 -0.001945826995
192.25 192.2 192.3 0.0001568524632
192.35 192.3 192.4 -0.00066039772
192.45 192.4 192.5 -0.001936929221
192.55 192.5 192.6 -0.002494929656
192.65 192.6 192.7 -0.002036784667
192.75 192.7 192.8 -0.001988996615
192.85 192.8 192.9 8.833975494e-06
192.95 192.9 193 -0.0008257729824
193.05 193 193.1 -0.00218259345
193.15 193.1 193.2 5.926067374e-05
193.25 193.2 193.3 -0.0005618718259
193.35 193.3 193.4 -0.001575139654
193.45 193.4 193.5 -0.00115921296
193.55 193.5 193.6 8.871336192e-05
193.65 193.6 193.7 -0.002139251049
193.75 193.7 193.8 -0.0004334325653
193.85 193.8 193.9 -0.0007959430341
193.95 193.9 194 -0.001232233777
194.05 194 194.1 -0.0007626904375
194.15 194.1 194.2 5.894136981e-05
194.25 194.2 194.3 -0.0007349974835
194.35 194.3 194.4 -2.633731136e-05
194.45 194.4 194.5 -0.0002584934109
194.55 194.5 194.6 -0.0003218978985
194.65 194.6 194.7 -0.001544313288
194.75 194.7 194.8 -0.001808338061
194.85 194.8 194.9 0.0002023199012
194.95 194.9 195 -0.000885915466
195.05 195 195.1 -0.001232754731
195.15 195.1 195.2 -0.0009752778224
195.25 195.2 195.3 -0.001243551728
195.35 195.3 195.4 -0.001308160337
195.45 195.4 195.5 -2.969515711e-06
195.55 195.5 195.6 -0.0007106887629
195.65 195.6 195.7 -0.001526909753
195.75 195.7 195.8 -0.0004884070614
195.85 195.8 195.9 -0.001405217936
195.95 195.9 196 -0.0009783996457
196.05 196 196.1 0.0007773987492
196.15 196.1 196.2 -0.001284931571
196.25 196.2 196.3 -0.0005829374668
196.35 196.3 196.4 -0.000313412416
196.45 196.4 196.5 -0.0007210108711
196.55 196.5 196.6 -0.001485371958
196.65 196.6 196.7 0.0002783051578
196.75 196.7 196.8 -0.001714611828
196.85 196.8 196.9 -0.001302696445
196.95 196.9 197 -0.0009647495299
197.05 197 197.1 -0.001354974606
197.15 197.1 197.2 -0.0003771153944
197.25 197.2 197.3 -0.0005591404077
197.35 197.3 197.4 -0.000739240308
197.45 197.4 197.5 -0.001980445645
197.55 197.5 197.6 -0.002192370062
197.65 197.6 197.7 -0.001355973229
197.75 197.7 197.8 -0.001053739666
197.85 197.8 197.9 -0.002690867655
197.95 197.9 198 -0.0007339863628
198.05 198 198.1 -0.002208831074
198.15 198.1 198.2 5.276397553e-05
198.25 198.2 198.3 -0.0003279744334
198.35 198.3 198.4 -0.00160841179
198.45 198.4 198.5 -0.003415591287
198.55 198.5 198.6 -0.0008163024776
198.65 198.6 198.7 -0.0009838499021
198.75 198.7 198.8 -0.001465001231
198.85 198.8 198.9 -0.000312023728
198.95 198.9 199 -0.002406958351
199.05 199 199.1 -0.0009299894042
199.15 199.1 199.2 -0.001134401334
199.25 199.2 199.3 -0.002101122245
199.35 199.3 199.4 -0.002799369768
199.45 199.4 199.5 -0.0002443006427
199.55 199.5 199.6 6.673450579e-05
199.65 199.6 199.7 -0.0007336760318
199.75 199.7 199.8 -0.00153430642
199.85 199.8 199.9 -1.522678279e-05
199.95 199.9 200 -0.000874756435
