# Columns: s_cen(1) s_min(2) s_max(3) xi_iso(4)
0.05 0 0.1 92.97077588
0.15 0.1 0.2 23.03899789
0.25 0.2 0.3 14.29111255
0.35 0.3 0.4 19.11028264
0.45 0.4 0.5 21.43480073
0.55 0.5 0.6 21.42295623
0.65 0.6 0.7 22.32799584
0.75 0.7 0.8 19.36229039
0.85 0.8 0.9 23.51843422
0.95 0.9 1 20.90626724
1.05 1 1.1 19.97612333
1.15 1.1 1.2 19.64140011
1.25 1.2 1.3 19.57027956
1.35 1.3 1.4 16.92083764
1.45 1.4 1.5 16.54547646
1.55 1.5 1.6 15.73697527
1.65 1.6 1.7 14.74921565
1.75 1.7 1.8 14.90666871
1.85 1.8 1.9 13.38632645
1.95 1.9 2 12.34892952
2.05 2 2.1 11.96036623
2.15 2.1 2.2 11.20432581
2.25 2.2 2.3 9.9764589
2.35 2.3 2.4 10.15267862
2.45 2.4 2.5 9.459903826
2.55 2.5 2.6 8.55455027
2.65 2.6 2.7 8.837191797
2.75 2.7 2.8 7.54436219
2.85 2.8 2.9 7.241151031
2.95 2.9 3 7.19829294
3.05 3 3.1 6.445573034
3.15 3.1 3.2 6.24143164
3.25 3.2 3.3 6.204114832
3.35 3.3 3.4 5.545520951
3.45 3.4 3.5 5.46168963
3.55 3.5 3.6 5.433218303
3.65 3.6 3.7 5.135771836
3.75 3.7 3.8 5.025455767
3.85 3.8 3.9 5.043378024
3.95 3.9 4 4.824703408
4.05 4 4.1 4.446277794
4.15 4.1 4.2 4.434290307
4.25 4.2 4.3 4.371770247
4.35 4.3 4.4 4.113978254
4.45 4.4 4.5 3.87740757
4.55 4.5 4.6 4.039293441
4.65 4.6 4.7 3.879099472
4.75 4.7 4.8 3.513036257
4.85 4.8 4.9 3.556365744
4.95 4.9 5 3.487212181
5.05 5 5.1 3.235482593
5.15 5.1 5.2 3.187563459
5.25 5.2 5.3 3.213053277
5.35 5.3 5.4 2.951251542
5.45 5.4 5.5 2.996830818
5.55 5.5 5.6 2.901604601
5.65 5.6 5.7 2.805458194
5.75 5.7 5.8 2.767145766
5.85 5.8 5.9 2.80383223
5.95 5.9 6 2.578425068
6.05 6 6.1 2.638103474
6.15 6.1 6.2 2.488724175
6.25 6.2 6.3 2.401816889
6.35 6.3 6.4 2.334941883
6.45 6.4 6.5 2.326787184
6.55 6.5 6.6 2.220303973
6.65 6.6 6.7 2.20013186
6.75 6.7 6.8 2.178884048
6.85 6.8 6.9 2.046908864
6.95 6.9 7 1.960910448
7.05 7 7.1 1.990953018
7.15 7.1 7.2 1.974391019
7.25 7.2 7.3 1.818837367
7.35 7.3 7.4 1.926222311
7.45 7.4 7.5 1.839963899
7.55 7.5 7.6 1.769698009
7.65 7.6 7.7 1.757320966
7.75 7.7 7.8 1.692912347
7.85 7.8 7.9 1.633942337
7.95 7.9 8 1.558810701
8.05 8 8.1 1.594541964
8.15 8.1 8.2 1.581223606
8.25 8.2 8.3 1.536365024
8.35 8.3 8.4 1.623393766
8.45 8.4 8.5 1.457324668
8.55 8.5 8.6 1.519013776
8.65 8.6 8.7 1.387555
8.75 8.7 8.8 1.383872244
8.85 8.8 8.9 1.328874248
8.95 8.9 9 1.35791826
9.05 9 9.1 1.320734424
9.15 9.1 9.2 1.382888203
9.25 9.2 9.3 1.263743606
9.35 9.3 9.4 1.264768455
9.45 9.4 9.5 1.192566111
9.55 9.5 9.6 1.196444822
9.65 9.6 9.7 1.149365737
9.75 9.7 9.8 1.158094435
9.85 9.8 9.9 1.117950292
9.95 9.9 10 1.120275948
10.05 10 10.1 1.066675964
10.15 10.1 10.2 1.047967393
10.25 10.2 10.3 1.072123692
10.35 10.3 10.4 0.9996559038
10.45 10.4 10.5 0.9902852297
10.55 10.5 10.6 0.9566839445
10.65 10.6 10.7 0.9641735194
10.75 10.7 10.8 0.9444697298
10.85 10.8 10.9 0.9518187422
10.95 10.9 11 0.9304868983
11.05 11 11.1 0.9208324348
11.15 11.1 11.2 0.9198581549
11.25 11.2 11.3 0.8911488635
11.35 11.3 11.4 0.8583088173
11.45 11.4 11.5 0.8586708017
11.55 11.5 11.6 0.8814659557
11.65 11.6 11.7 0.874613356
11.75 11.7 11.8 0.8555405573
11.85 11.8 11.9 0.8230445634
11.95 11.9 12 0.8071030795
12.05 12 12.1 0.7695856477
12.15 12.1 12.2 0.7605919614
12.25 12.2 12.3 0.7887251155
12.35 12.3 12.4 0.756195753
12.45 12.4 12.5 0.7205329817
12.55 12.5 12.6 0.7211949021
12.65 12.6 12.7 0.713394101
12.75 12.7 12.8 0.6614034594
12.85 12.8 12.9 0.6771926406
12.95 12.9 13 0.7220550868
13.05 13 13.1 0.7151751176
13.15 13.1 13.2 0.6690528693
13.25 13.2 13.3 0.65826755
13.35 13.3 13.4 0.6545729155
13.45 13.4 13.5 0.6764717083
13.55 13.5 13.6 0.6456244148
13.65 13.6 13.7 0.6484490574
13.75 13.7 13.8 0.6089937777
13.85 13.8 13.9 0.6098203759
13.95 13.9 14 0.5742155962
14.05 14 14.1 0.5694180955
14.15 14.1 14.2 0.5990556832
14.25 14.2 14.3 0.5908441112
14.35 14.3 14.4 0.5995529109
14.45 14.4 14.5 0.569986122
14.55 14.5 14.6 0.5772822837
14.65 14.6 14.7 0.5585303527
14.75 14.7 14.8 0.5574194875
14.85 14.8 14.9 0.5284682176
14.95 14.9 15 0.5457701703
15.05 15 15.1 0.5482617673
15.15 15.1 15.2 0.5467072104
15.25 15.2 15.3 0.5004341602
15.35 15.3 15.4 0.5014187449
15.45 15.4 15.5 0.473917601
15.55 15.5 15.6 0.4881083877
15.65 15.6 15.7 0.4857130189
15.75 15.7 15.8 0.4854805934
15.85 15.8 15.9 0.4874085718
15.95 15.9 16 0.4551285935
16.05 16 16.1 0.4840651733
16.15 16.1 16.2 0.4690095243
16.25 16.2 16.3 0.4580069013
16.35 16.3 16.4 0.4309841118
16.45 16.4 16.5 0.4538914716
16.55 16.5 16.6 0.4396940589
16.65 16.6 16.7 0.4140344164
16.75 16.7 16.8 0.4200627896
16.85 16.8 16.9 0.4057075992
16.95 16.9 17 0.408469619
17.05 17 17.1 0.412892707
17.15 17.1 17.2 0.4172740425
17.25 17.2 17.3 0.3968250247
17.35 17.3 17.4 0.3873956496
17.45 17.4 17.5 0.3829133709
17.55 17.5 17.6 0.3955577797
17.65 17.6 17.7 0.3779008705
17.75 17.7 17.8 0.3622661535
17.85 17.8 17.9 0.3632603241
17.95 17.9 18 0.3779300232
18.05 18 18.1 0.3581373525
18.15 18.1 18.2 0.3946081031
18.25 18.2 18.3 0.3477274369
18.35 18.3 18.4 0.3604722503
18.45 18.4 18.5 0.3454171971
18.55 18.5 18.6 0.3456458103
18.65 18.6 18.7 0.3403733587
18.75 18.7 18.8 0.3474412031
18.85 18.8 18.9 0.3303109808
18.95 18.9 19 0.3215830995
19.05 19 19.1 0.3234273283
19.15 19.1 19.2 0.3119130068
19.25 19.2 19.3 0.3096431244
19.35 19.3 19.4 0.3211802687
19.45 19.4 19.5 0.3155120226
19.55 19.5 19.6 0.2997031819
19.65 19.6 19.7 0.3111737387
19.75 19.7 19.8 0.3227399452
19.85 19.8 19.9 0.2938771895
19.95 19.9 20 0.3011617595
20.05 20 20.1 0.3009551595
20.15 20.1 20.2 0.2920600772
20.25 20.2 20.3 0.3089827713
20.35 20.3 20.4 0.2807835656
20.45 20.4 20.5 0.2782809468
20.55 20.5 20.6 0.2834921738
20.65 20.6 20.7 0.2846358739
20.75 20.7 20.8 0.2960716153
20.85 20.8 20.9 0.2839837104
20.95 20.9 21 0.2759951388
21.05 21 21.1 0.2715142879
21.15 21.1 21.2 0.2593910307
21.25 21.2 21.3 0.2747435164
21.35 21.3 21.4 0.2632168469
21.45 21.4 21.5 0.2757075456
21.55 21.5 21.6 0.251616049
21.65 21.6 21.7 0.2416669619
21.75 21.7 21.8 0.2440169399
21.85 21.8 21.9 0.2534068001
21.95 21.9 22 0.2564708995
22.05 22 22.1 0.2677814279
22.15 22.1 22.2 0.2233073366
22.25 22.2 22.3 0.2435335353
22.35 22.3 22.4 0.239531775
22.45 22.4 22.5 0.2369720609
22.55 22.5 22.6 0.241750618
22.65 22.6 22.7 0.2314483278
22.75 22.7 22.8 0.2202970472
22.85 22.8 22.9 0.224232774
22.95 22.9 23 0.2153559245
23.05 23 23.1 0.2213137147
23.15 23.1 23.2 0.2199300008
23.25 23.2 23.3 0.2085214709
23.35 23.3 23.4 0.2172375218
23.45 23.4 23.5 0.2122368273
23.55 23.5 23.6 0.2197859783
23.65 23.6 23.7 0.2112930587
23.75 23.7 23.8 0.2142142766
23.85 23.8 23.9 0.2209987641
23.95 23.9 24 0.2056754531
24.05 24 24.1 0.1893169445
24.15 24.1 24.2 0.203413769
24.25 24.2 24.3 0.1937757593
24.35 24.3 24.4 0.2053634257
24.45 24.4 24.5 0.1912735759
24.55 24.5 24.6 0.198458254
24.65 24.6 24.7 0.2012529878
24.75 24.7 24.8 0.1879363575
24.85 24.8 24.9 0.1830324591
24.95 24.9 25 0.1918859287
25.05 25 25.1 0.1802621411
25.15 25.1 25.2 0.184996206
25.25 25.2 25.3 0.1739859293
25.35 25.3 25.4 0.1819109345
25.45 25.4 25.5 0.1783692579
25.55 25.5 25.6 0.1821692777
25.65 25.6 25.7 0.1730703841
25.75 25.7 25.8 0.1763652954
25.85 25.8 25.9 0.1647981015
25.95 25.9 26 0.1757402183
26.05 26 26.1 0.1682861601
26.15 26.1 26.2 0.1654253405
26.25 26.2 26.3 0.1664703477
26.35 26.3 26.4 0.1662783359
26.45 26.4 26.5 0.1738963222
26.55 26.5 26.6 0.1637313377
26.65 26.6 26.7 0.1639915452
26.75 26.7 26.8 0.1634712695
26.85 26.8 26.9 0.1588302627
26.95 26.9 27 0.1619549823
27.05 27 27.1 0.1460406654
27.15 27.1 27.2 0.1432219632
27.25 27.2 27.3 0.150128333
27.35 27.3 27.4 0.1400652292
27.45 27.4 27.5 0.1553182171
27.55 27.5 27.6 0.1515366939
27.65 27.6 27.7 0.1543936229
27.75 27.7 27.8 0.1520831727
27.85 27.8 27.9 0.1301914449
27.95 27.9 28 0.1387000189
28.05 28 28.1 0.1506864211
28.15 28.1 28.2 0.1502409238
28.25 28.2 28.3 0.1474969398
28.35 28.3 28.4 0.1412405219
28.45 28.4 28.5 0.1471580171
28.55 28.5 28.6 0.1345302713
28.65 28.6 28.7 0.1447538672
28.75 28.7 28.8 0.1292742485
28.85 28.8 28.9 0.1354370615
28.95 28.9 29 0.1293853187
29.05 29 29.1 0.1310444313
29.15 29.1 29.2 0.1243954254
29.25 29.2 29.3 0.1273851476
29.35 29.3 29.4 0.1311250244
29.45 29.4 29.5 0.135456203
29.55 29.5 29.6 0.1353945193
29.65 29.6 29.7 0.1340900502
29.75 29.7 29.8 0.1210174601
29.85 29.8 29.9 0.1430528886
29.95 29.9 30 0.1227880509
30.05 30 30.1 0.1115910128
30.15 30.1 30.2 0.1251006007
30.25 30.2 30.3 0.1232848467
30.35 30.3 30.4 0.1165823769
30.45 30.4 30.5 0.1225030737
30.55 30.5 30.6 0.1188653579
30.65 30.6 30.7 0.110225943
30.75 30.7 30.8 0.1154039964
30.85 30.8 30.9 0.1041429965
30.95 30.9 31 0.124760085
31.05 31 31.1 0.1076105417
31.15 31.1 31.2 0.1089361883
31.25 31.2 31.3 0.1086809821
31.35 31.3 31.4 0.1094672645
31.45 31.4 31.5 0.1200234427
31.55 31.5 31.6 0.107816067
31.65 31.6 31.7 0.1044284054
31.75 31.7 31.8 0.1053067896
31.85 31.8 31.9 0.1048078364
31.95 31.9 32 0.1131908298
32.05 32 32.1 0.1082683957
32.15 32.1 32.2 0.08885034911
32.25 32.2 32.3 0.102837703
32.35 32.3 32.4 0.1038098144
32.45 32.4 32.5 0.09845149161
32.55 32.5 32.6 0.08736397435
32.65 32.6 32.7 0.09884607876
32.75 32.7 32.8 0.09848513458
32.85 32.8 32.9 0.09053807975
32.95 32.9 33 0.1008489411
33.05 33 33.1 0.09634286035
33.15 33.1 33.2 0.09595616015
33.25 33.2 33.3 0.08625273542
33.35 33.3 33.4 0.08675193673
33.45 33.4 33.5 0.0987771164
33.55 33.5 33.6 0.09655811745
33.65 33.6 33.7 0.09429100685
33.75 33.7 33.8 0.09124648907
33.85 33.8 33.9 0.09091643725
33.95 33.9 34 0.08084280964
34.05 34 34.1 0.07924242298
34.15 34.1 34.2 0.09079129295
34.25 34.2 34.3 0.08280104327
34.35 34.3 34.4 0.08975143943
34.45 34.4 34.5 0.08844472964
34.55 34.5 34.6 0.08610990286
34.65 34.6 34.7 0.09003191341
34.75 34.7 34.8 0.08420035928
34.85 34.8 34.9 0.08565213372
34.95 34.9 35 0.08852259361
35.05 35 35.1 0.08207321665
35.15 35.1 35.2 0.08588207467
35.25 35.2 35.3 0.07688150048
35.35 35.3 35.4 0.08874332897
35.45 35.4 35.5 0.07556630693
35.55 35.5 35.6 0.08158557343
35.65 35.6 35.7 0.07625005138
35.75 35.7 35.8 0.08850927475
35.85 35.8 35.9 0.08688841508
35.95 35.9 36 0.08135351968
36.05 36 36.1 0.09291182666
36.15 36.1 36.2 0.07077882925
36.25 36.2 36.3 0.07417181754
36.35 36.3 36.4 0.07841198905
36.45 36.4 36.5 0.0757008961
36.55 36.5 36.6 0.08065581262
36.65 36.6 36.7 0.08507423167
36.75 36.7 36.8 0.07297218968
36.85 36.8 36.9 0.07299535558
36.95 36.9 37 0.0727919278
37.05 37 37.1 0.07282599509
37.15 37.1 37.2 0.06324020812
37.25 37.2 37.3 0.07226633152
37.35 37.3 37.4 0.07130618342
37.45 37.4 37.5 0.06973381825
37.55 37.5 37.6 0.07345522578
37.65 37.6 37.7 0.06687620999
37.75 37.7 37.8 0.07935338722
37.85 37.8 37.9 0.0780636969
37.95 37.9 38 0.06910326206
38.05 38 38.1 0.05954510779
38.15 38.1 38.2 0.0628314326
38.25 38.2 38.3 0.06879156463
38.35 38.3 38.4 0.06268590226
38.45 38.4 38.5 0.07413936361
38.55 38.5 38.6 0.05904801512
38.65 38.6 38.7 0.05523301637
38.75 38.7 38.8 0.06659584025
38.85 38.8 38.9 0.06344319387
38.95 38.9 39 0.07304879297
39.05 39 39.1 0.0619206838
39.15 39.1 39.2 0.06708708816
39.25 39.2 39.3 0.06797786314
39.35 39.3 39.4 0.07127458433
39.45 39.4 39.5 0.05735936875
39.55 39.5 39.6 0.05880812737
39.65 39.6 39.7 0.0589387926
39.75 39.7 39.8 0.06286925512
39.85 39.8 39.9 0.06602309813
39.95 39.9 40 0.0630615398
40.05 40 40.1 0.06002091997
40.15 40.1 40.2 0.05744569915
40.25 40.2 40.3 0.04964632564
40.35 40.3 40.4 0.06795788661
40.45 40.4 40.5 0.05815624811
40.55 40.5 40.6 0.05798619618
40.65 40.6 40.7 0.05240526596
40.75 40.7 40.8 0.0609501557
40.85 40.8 40.9 0.06780633257
40.95 40.9 41 0.06007534084
41.05 41 41.1 0.05632371979
41.15 41.1 41.2 0.05952398299
41.25 41.2 41.3 0.05807878494
41.35 41.3 41.4 0.05785267994
41.45 41.4 41.5 0.05134803479
41.55 41.5 41.6 0.06191324104
41.65 41.6 41.7 0.04571445167
41.75 41.7 41.8 0.04885470809
41.85 41.8 41.9 0.05899928813
41.95 41.9 42 0.04769350664
42.05 42 42.1 0.05366808119
42.15 42.1 42.2 0.05693018316
42.25 42.2 42.3 0.05464088904
42.35 42.3 42.4 0.05995043409
42.45 42.4 42.5 0.04236460869
42.55 42.5 42.6 0.05429589602
42.65 42.6 42.7 0.04795364516
42.75 42.7 42.8 0.05811868656
42.85 42.8 42.9 0.05175087195
42.95 42.9 43 0.05199824119
43.05 43 43.1 0.05032313338
43.15 43.1 43.2 0.04880021499
43.25 43.2 43.3 0.04748393376
43.35 43.3 43.4 0.04717684819
43.45 43.4 43.5 0.04802413032
43.55 43.5 43.6 0.04452484389
43.65 43.6 43.7 0.04713491336
43.75 43.7 43.8 0.04909969459
43.85 43.8 43.9 0.05298130047
43.95 43.9 44 0.05088134367
44.05 44 44.1 0.05144369156
44.15 44.1 44.2 0.04668463543
44.25 44.2 44.3 0.04781278316
44.35 44.3 44.4 0.04878787567
44.45 44.4 44.5 0.04465064888
44.55 44.5 44.6 0.03906222335
44.65 44.6 44.7 0.04571817069
44.75 44.7 44.8 0.03997639502
44.85 44.8 44.9 0.04484905441
44.95 44.9 45 0.04933938395
45.05 45 45.1 0.0401123258
45.15 45.1 45.2 0.04754375978
45.25 45.2 45.3 0.04760438866
45.35 45.3 45.4 0.0410888768
45.45 45.4 45.5 0.04104139557
45.55 45.5 45.6 0.03784869004
45.65 45.6 45.7 0.03986057868
45.75 45.7 45.8 0.02765978822
45.85 45.8 45.9 0.04089677783
45.95 45.9 46 0.04108674655
46.05 46 46.1 0.03488224248
46.15 46.1 46.2 0.03621800561
46.25 46.2 46.3 0.04532594344
46.35 46.3 46.4 0.03662348737
46.45 46.4 46.5 0.04137672369
46.55 46.5 46.6 0.0420625033
46.65 46.6 46.7 0.0389488971
46.75 46.7 46.8 0.04489342773
46.85 46.8 46.9 0.04543594839
46.95 46.9 47 0.03528933155
47.05 47 47.1 0.02969967225
47.15 47.1 47.2 0.0413561413
47.25 47.2 47.3 0.04400738971
47.35 47.3 47.4 0.03780989252
47.45 47.4 47.5 0.03495901822
47.55 47.5 47.6 0.03960121644
47.65 47.6 47.7 0.03999132036
47.75 47.7 47.8 0.03395922364
47.85 47.8 47.9 0.03204219378
47.95 47.9 48 0.04280794242
48.05 48 48.1 0.02901040302
48.15 48.1 48.2 0.03505870275
48.25 48.2 48.3 0.03704521206
48.35 48.3 48.4 0.04142330099
48.45 48.4 48.5 0.02887206176
48.55 48.5 48.6 0.0330134408
48.65 48.6 48.7 0.03000949134
48.75 48.7 48.8 0.03539466675
48.85 48.8 48.9 0.02498848648
48.95 48.9 49 0.02919101485
49.05 49 49.1 0.02293421616
49.15 49.1 49.2 0.04099678611
49.25 49.2 49.3 0.03486727105
49.35 49.3 49.4 0.03346493771
49.45 49.4 49.5 0.033530943
49.55 49.5 49.6 0.04058586132
49.65 49.6 49.7 0.02495331359
49.75 49.7 49.8 0.03473847458
49.85 49.8 49.9 0.04198125179
49.95 49.9 50 0.03828186419
50.05 50 50.1 0.0318443407
50.15 50.1 50.2 0.02808208228
50.25 50.2 50.3 0.03216779951
50.35 50.3 50.4 0.03735710036
50.45 50.4 50.5 0.03217505308
50.55 50.5 50.6 0.02429013138
50.65 50.6 50.7 0.02825177495
50.75 50.7 50.8 0.02482837648
50.85 50.8 50.9 0.03651678592
50.95 50.9 51 0.03345240797
51.05 51 51.1 0.03008853634
51.15 51.1 51.2 0.02919994548
51.25 51.2 51.3 0.02345506165
51.35 51.3 51.4 0.02890909497
51.45 51.4 51.5 0.025619582
51.55 51.5 51.6 0.01735400718
51.65 51.6 51.7 0.034836477
51.75 51.7 51.8 0.01834743528
51.85 51.8 51.9 0.03239615775
51.95 51.9 52 0.02658980194
52.05 52 52.1 0.02811271217
52.15 52.1 52.2 0.02939489353
52.25 52.2 52.3 0.02706734853
52.35 52.3 52.4 0.02032696596
52.45 52.4 52.5 0.02250261071
52.55 52.5 52.6 0.02560163038
52.65 52.6 52.7 0.02340577503
52.75 52.7 52.8 0.03001738672
52.85 52.8 52.9 0.02549342754
52.95 52.9 53 0.02794278524
53.05 53 53.1 0.02426695438
53.15 53.1 53.2 0.02511957038
53.25 53.2 53.3 0.02254366297
53.35 53.3 53.4 0.03058117375
53.45 53.4 53.5 0.02216797548
53.55 53.5 53.6 0.03334043308
53.65 53.6 53.7 0.02623787155
53.75 53.7 53.8 0.02540321513
53.85 53.8 53.9 0.0257565508
53.95 53.9 54 0.02443061853
54.05 54 54.1 0.02635971309
54.15 54.1 54.2 0.02799002817
54.25 54.2 54.3 0.01943706162
54.35 54.3 54.4 0.01720558361
54.45 54.4 54.5 0.02642776699
54.55 54.5 54.6 0.02544970944
54.65 54.6 54.7 0.02125518339
54.75 54.7 54.8 0.02334046197
54.85 54.8 54.9 0.02299099437
54.95 54.9 55 0.02627338524
55.05 55 55.1 0.01650511801
55.15 55.1 55.2 0.01473238742
55.25 55.2 55.3 0.02102475823
55.35 55.3 55.4 0.01831903478
55.45 55.4 55.5 0.02111775436
55.55 55.5 55.6 0.01991516707
55.65 55.6 55.7 0.0163561555
55.75 55.7 55.8 0.02719349462
55.85 55.8 55.9 0.02389381721
55.95 55.9 56 0.02214073089
56.05 56 56.1 0.02244694642
56.15 56.1 56.2 0.021566807
56.25 56.2 56.3 0.01941174773
56.35 56.3 56.4 0.01556228849
56.45 56.4 56.5 0.02490928997
56.55 56.5 56.6 0.02366476425
56.65 56.6 56.7 0.02305155146
56.75 56.7 56.8 0.01408590994
56.85 56.8 56.9 0.01855920965
56.95 56.9 57 0.02010824484
57.05 57 57.1 0.01340669141
57.15 57.1 57.2 0.01178724667
57.25 57.2 57.3 0.01599205769
57.35 57.3 57.4 0.01015095298
57.45 57.4 57.5 0.0151826281
57.55 57.5 57.6 0.0201886204
57.65 57.6 57.7 0.01736798235
57.75 57.7 57.8 0.01646394026
57.85 57.8 57.9 0.01999186489
57.95 57.9 58 0.01011013539
58.05 58 58.1 0.0179091658
58.15 58.1 58.2 0.02418767679
58.25 58.2 58.3 0.01349979905
58.35 58.3 58.4 0.01779397855
58.45 58.4 58.5 0.01382393644
58.55 58.5 58.6 0.01641505139
58.65 58.6 58.7 0.01803564592
58.75 58.7 58.8 0.01872820287
58.85 58.8 58.9 0.01708747686
58.95 58.9 59 0.01951200447
59.05 59 59.1 0.01699121841
59.15 59.1 59.2 0.01161353482
59.25 59.2 59.3 0.01718666631
59.35 59.3 59.4 0.01604520783
59.45 59.4 59.5 0.01441138542
59.55 59.5 59.6 0.02139916034
59.65 59.6 59.7 0.006150154777
59.75 59.7 59.8 0.01502198408
59.85 59.8 59.9 0.01113213785
59.95 59.9 60 0.01612088611
60.05 60 60.1 0.01652128171
60.15 60.1 60.2 0.01637265019
60.25 60.2 60.3 0.01494448165
60.35 60.3 60.4 0.00824936005
60.45 60.4 60.5 0.01481143494
60.55 60.5 60.6 0.007780612757
60.65 60.6 60.7 0.01317531276
60.75 60.7 60.8 0.0169292967
60.85 60.8 60.9 0.01644624485
60.95 60.9 61 0.008654409943
61.05 61 61.1 0.01642668415
61.15 61.1 61.2 0.00607198895
61.25 61.2 61.3 0.007647622103
61.35 61.3 61.4 0.01792411577
61.45 61.4 61.5 0.01090021537
61.55 61.5 61.6 0.01174769543
61.65 61.6 61.7 0.01021596631
61.75 61.7 61.8 0.01151397179
61.85 61.8 61.9 0.01154748801
61.95 61.9 62 0.01397411042
62.05 62 62.1 0.01202444273
62.15 62.1 62.2 0.009248286884
62.25 62.2 62.3 0.01559053634
62.35 62.3 62.4 0.007328333663
62.45 62.4 62.5 0.015317274
62.55 62.5 62.6 0.01657080082
62.65 62.6 62.7 0.01460274651
62.75 62.7 62.8 0.0126963605
62.85 62.8 62.9 0.0121621138
62.95 62.9 63 0.0149896478
63.05 63 63.1 0.01476336698
63.15 63.1 63.2 0.01158791805
63.25 63.2 63.3 0.01092140708
63.35 63.3 63.4 0.01073657781
63.45 63.4 63.5 0.01381409209
63.55 63.5 63.6 0.008586556623
63.65 63.6 63.7 0.01357481719
63.75 63.7 63.8 0.005841441214
63.85 63.8 63.9 0.009398204224
63.95 63.9 64 0.01452319306
64.05 64 64.1 0.01105852606
64.15 64.1 64.2 0.01269286462
64.25 64.2 64.3 0.007670719248
64.35 64.3 64.4 0.003946489877
64.45 64.4 64.5 0.01208730838
64.55 64.5 64.6 0.01038146905
64.65 64.6 64.7 0.007066551069
64.75 64.7 64.8 0.003588268083
64.85 64.8 64.9 0.01177407869
64.95 64.9 65 0.01076486573
65.05 65 65.1 0.007185367768
65.15 65.1 65.2 0.0121637921
65.25 65.2 65.3 0.009443670558
65.35 65.3 65.4 0.008468342901
65.45 65.4 65.5 0.0107665436
65.55 65.5 65.6 0.009462137067
65.65 65.6 65.7 0.005260246229
65.75 65.7 65.8 0.0136021066
65.85 65.8 65.9 0.007240303253
65.95 65.9 66 0.009742613553
66.05 66 66.1 0.005392418216
66.15 66.1 66.2 0.01263300455
66.25 66.2 66.3 0.007864715765
66.35 66.3 66.4 0.008075860435
66.45 66.4 66.5 0.00795255087
66.55 66.5 66.6 0.002309459596
66.65 66.6 66.7 0.007359536145
66.75 66.7 66.8 0.007724097319
66.85 66.8 66.9 0.007365668508
66.95 66.9 67 0.008650065509
67.05 67 67.1 0.00740813542
67.15 67.1 67.2 0.006620716682
67.25 67.2 67.3 0.01237446567
67.35 67.3 67.4 0.003416358463
67.45 67.4 67.5 0.009353006937
67.55 67.5 67.6 0.01027282921
67.65 67.6 67.7 0.008592267318
67.75 67.7 67.8 0.008550604063
67.85 67.8 67.9 0.003980040592
67.95 67.9 68 0.01370334754
68.05 68 68.1 0.00835697936
68.15 68.1 68.2 0.009395175908
68.25 68.2 68.3 0.009779965869
68.35 68.3 68.4 0.003733205545
68.45 68.4 68.5 0.008946852679
68.55 68.5 68.6 0.003798797327
68.65 68.6 68.7 0.006622572553
68.75 68.7 68.8 0.01042630177
68.85 68.8 68.9 0.01087860822
68.95 68.9 69 0.008804465874
69.05 69 69.1 0.01377630349
69.15 69.1 69.2 0.008615380973
69.25 69.2 69.3 0.01080240706
69.35 69.3 69.4 0.009028993044
69.45 69.4 69.5 0.004499718661
69.55 69.5 69.6 0.00899847696
69.65 69.6 69.7 0.007586382829
69.75 69.7 69.8 0.005391253109
69.85 69.8 69.9 0.01316771169
69.95 69.9 70 0.0128930833
70.05 70 70.1 0.006335396914
70.15 70.1 70.2 0.009651722146
70.25 70.2 70.3 0.007575803803
70.35 70.3 70.4 0.01178953712
70.45 70.4 70.5 0.006610711412
70.55 70.5 70.6 0.007813175759
70.65 70.6 70.7 0.001028193533
70.75 70.7 70.8 0.003998720589
70.85 70.8 70.9 0.01147436941
70.95 70.9 71 0.001934445566
71.05 71 71.1 0.004236674039
71.15 71.1 71.2 0.007181807514
71.25 71.2 71.3 0.006307726725
71.35 71.3 71.4 0.002860911615
71.45 71.4 71.5 0.0113350918
71.55 71.5 71.6 0.007963173291
71.65 71.6 71.7 2.805757908e-05
71.75 71.7 71.8 0.007279101671
71.85 71.8 71.9 0.009117149172
71.95 71.9 72 -0.0003597347293
72.05 72 72.1 0.002948293772
72.15 72.1 72.2 0.007696071096
72.25 72.2 72.3 0.00443311041
72.35 72.3 72.4 0.01148065951
72.45 72.4 72.5 0.002873503704
72.55 72.5 72.6 0.005763131691
72.65 72.6 72.7 0.00860388447
72.75 72.7 72.8 0.000506553783
72.85 72.8 72.9 0.00388557075
72.95 72.9 73 0.005618809014
73.05 73 73.1 0.001555930936
73.15 73.1 73.2 0.007742639048
73.25 73.2 73.3 0.006552804613
73.35 73.3 73.4 0.006554423469
73.45 73.4 73.5 0.006232649759
73.55 73.5 73.6 0.006207085652
73.65 73.6 73.7 0.006691964264
73.75 73.7 73.8 0.005497159775
73.85 73.8 73.9 0.006189649155
73.95 73.9 74 0.002921608227
74.05 74 74.1 0.008404881884
74.15 74.1 74.2 0.005148403953
74.25 74.2 74.3 0.001917036475
74.35 74.3 74.4 0.003640199167
74.45 74.4 74.5 0.00738283644
74.55 74.5 74.6 0.006168281299
74.65 74.6 74.7 0.001153273195
74.75 74.7 74.8 0.004395424926
74.85 74.8 74.9 -0.0009760381036
74.95 74.9 75 0.01052191054
75.05 75 75.1 0.005133839941
75.15 75.1 75.2 0.003393623406
75.25 75.2 75.3 0.002030207073
75.35 75.3 75.4 0.0006464836623
75.45 75.4 75.5 0.002536419751
75.55 75.5 75.6 0.002724289945
75.65 75.6 75.7 0.0003705421127
75.75 75.7 75.8 0.004339139066
75.85 75.8 75.9 0.00611577249
75.95 75.9 76 0.01044665169
76.05 76 76.1 -0.0008995796717
76.15 76.1 76.2 -0.001760300208
76.25 76.2 76.3 0.003467061462
76.35 76.3 76.4 0.0006782152479
76.45 76.4 76.5 0.004077573986
76.55 76.5 76.6 0.005543753569
76.65 76.6 76.7 0.006246830925
76.75 76.7 76.8 0.001431096176
76.85 76.8 76.9 0.004389484119
76.95 76.9 77 -0.0009786766858
77.05 77 77.1 0.006413602097
77.15 77.1 77.2 0.002723611035
77.25 77.2 77.3 -0.0005121872128
77.35 77.3 77.4 0.005730839924
77.45 77.4 77.5 0.002627356723
77.55 77.5 77.6 0.002993717347
77.65 77.6 77.7 -0.0004882951253
77.75 77.7 77.8 0.003151615148
77.85 77.8 77.9 0.004990657593
77.95 77.9 78 0.005661968646
78.05 78 78.1 0.005651281808
78.15 78.1 78.2 0.005420509907
78.25 78.2 78.3 0.007333900871
78.35 78.3 78.4 -0.000558395984
78.45 78.4 78.5 0.001471859847
78.55 78.5 78.6 0.002491151378
78.65 78.6 78.7 0.002729173271
78.75 78.7 78.8 -0.004285619399
78.85 78.8 78.9 0.003069150693
78.95 78.9 79 0.002624843372
79.05 79 79.1 0.002015262857
79.15 79.1 79.2 0.007046291688
79.25 79.2 79.3 0.003194971753
79.35 79.3 79.4 -0.001497717226
79.45 79.4 79.5 -0.002484225343
79.55 79.5 79.6 0.001484991002
79.65 79.6 79.7 0.00368742165
79.75 79.7 79.8 0.001488075274
79.85 79.8 79.9 0.003354303557
79.95 79.9 80 0.0006228790022
80.05 80 80.1 0.0007163718462
80.15 80.1 80.2 0.002474945367
80.25 80.2 80.3 0.005197842786
80.35 80.3 80.4 0.002495127152
80.45 80.4 80.5 0.002751787828
80.55 80.5 80.6 0.003104014539
80.65 80.6 80.7 0.005200938677
80.75 80.7 80.8 0.00454030709
80.85 80.8 80.9 0.001881584203
80.95 80.9 81 -0.0003740423042
81.05 81 81.1 -0.0003420049434
81.15 81.1 81.2 0.001568602849
81.25 81.2 81.3 0.006766537259
81.35 81.3 81.4 0.003763848067
81.45 81.4 81.5 0.004805225126
81.55 81.5 81.6 0.0001881478155
81.65 81.6 81.7 -0.001907473241
81.75 81.7 81.8 0.003941537735
81.85 81.8 81.9 0.005713195993
81.95 81.9 82 0.004051831074
82.05 82 82.1 0.000351137166
82.15 82.1 82.2 -5.486672443e-05
82.25 82.2 82.3 0.004692723674
82.35 82.3 82.4 0.001056691469
82.45 82.4 82.5 -0.001101173187
82.55 82.5 82.6 0.0007628383278
82.65 82.6 82.7 0.001807178896
82.75 82.7 82.8 -0.004023782867
82.85 82.8 82.9 0.003623562902
82.95 82.9 83 -0.001134514457
83.05 83 83.1 0.002400898225
83.15 83.1 83.2 -0.001238285733
83.25 83.2 83.3 0.006024396935
83.35 83.3 83.4 0.00279542422
83.45 83.4 83.5 0.00504435047
83.55 83.5 83.6 0.003898775163
83.65 83.6 83.7 -0.0006918040588
83.75 83.7 83.8 0.005968971254
83.85 83.8 83.9 -0.004115161471
83.95 83.9 84 0.004575269793
84.05 84 84.1 0.008507433939
84.15 84.1 84.2 4.045759239e-05
84.25 84.2 84.3 0.004330081372
84.35 84.3 84.4 0.005820944156
84.45 84.4 84.5 0.001698393574
84.55 84.5 84.6 -3.829495444e-05
84.65 84.6 84.7 0.0004699495331
84.75 84.7 84.8 0.001553595451
84.85 84.8 84.9 0.007850122444
84.95 84.9 85 2.316835003e-05
85.05 85 85.1 0.005024285527
85.15 85.1 85.2 -0.003784726865
85.25 85.2 85.3 -0.0046569441
85.35 85.3 85.4 0.001951643183
85.45 85.4 85.5 0.001938901551
85.55 85.5 85.6 0.002179166672
85.65 85.6 85.7 0.003028253985
85.75 85.7 85.8 0.0004947265928
85.85 85.8 85.9 0.004179955964
85.95 85.9 86 0.0004773888338
86.05 86 86.1 0.0003765415172
86.15 86.1 86.2 -0.003380835576
86.25 86.2 86.3 0.002679809302
86.35 86.3 86.4 -0.002546690395
86.45 86.4 86.5 0.0009476246578
86.55 86.5 86.6 0.0004004455785
86.65 86.6 86.7 -0.004701897921
86.75 86.7 86.8 0.003053476939
86.85 86.8 86.9 -4.704276679e-05
86.95 86.9 87 0.00167584557
87.05 87 87.1 0.003159600088
87.15 87.1 87.2 0.003512076199
87.25 87.2 87.3 0.001531009213
87.35 87.3 87.4 0.006190551313
87.45 87.4 87.5 0.007302834819
87.55 87.5 87.6 0.003798568338
87.65 87.6 87.7 0.001961050902
87.75 87.7 87.8 0.004695033767
87.85 87.8 87.9 0.005076109776
87.95 87.9 88 0.004730925489
88.05 88 88.1 0.003965759637
88.15 88.1 88.2 0.003270640233
88.25 88.2 88.3 -0.0005985623366
88.35 88.3 88.4 0.003979366376
88.45 88.4 88.5 0.00585741443
88.55 88.5 88.6 0.001851822448
88.65 88.6 88.7 0.00402476781
88.75 88.7 88.8 0.006086799495
88.85 88.8 88.9 0.003880710315
88.95 88.9 89 0.0009644708474
89.05 89 89.1 0.003410736397
89.15 89.1 89.2 0.002210211361
89.25 89.2 89.3 0.001085201424
89.35 89.3 89.4 0.004541294168
89.45 89.4 89.5 0.002012465762
89.55 89.5 89.6 0.0001273150748
89.65 89.6 89.7 -0.0005019243279
89.75 89.7 89.8 0.001327529798
89.85 89.8 89.9 0.002303664322
89.95 89.9 90 0.004222627362
90.05 90 90.1 0.004086436674
90.15 90.1 90.2 0.005960712641
90.25 90.2 90.3 0.001159350902
90.35 90.3 90.4 0.0008270461471
90.45 90.4 90.5 0.005090278679
90.55 90.5 90.6 -0.0002750251411
90.65 90.6 90.7 0.003825974392
90.75 90.7 90.8 0.005225147862
90.85 90.8 90.9 0.0007631131382
90.95 90.9 91 0.002830090181
91.05 91 91.1 -0.001712235197
91.15 91.1 91.2 -0.001335795727
91.25 91.2 91.3 0.002072388401
91.35 91.3 91.4 -0.0002187995654
91.45 91.4 91.5 0.005627468242
91.55 91.5 91.6 0.0006838609481
91.65 91.6 91.7 -0.001962974414
91.75 91.7 91.8 0.002928925956
91.85 91.8 91.9 0.006267302046
91.95 91.9 92 0.002802013234
92.05 92 92.1 0.001637309888
92.15 92.1 92.2 0.0002044589748
92.25 92.2 92.3 0.003662667904
92.35 92.3 92.4 0.001912460834
92.45 92.4 92.5 0.004093138636
92.55 92.5 92.6 -0.001910491161
92.65 92.6 92.7 0.005066712065
92.75 92.7 92.8 -0.004001011213
92.85 92.8 92.9 0.004391421641
92.95 92.9 93 0.00283734273
93.05 93 93.1 0.0006419344389
93.15 93.1 93.2 -0.0004879757531
93.25 93.2 93.3 -0.001759447545
93.35 93.3 93.4 0.003686238775
93.45 93.4 93.5 -0.00320180451
93.55 93.5 93.6 -0.0008232724669
93.65 93.6 93.7 0.001805250891
93.75 93.7 93.8 0.003751088688
93.85 93.8 93.9 0.002334646233
93.95 93.9 94 0.005278106485
94.05 94 94.1 -0.0008911511529
94.15 94.1 94.2 0.002647132665
94.25 94.2 94.3 -0.001396182215
94.35 94.3 94.4 0.005907851014
94.45 94.4 94.5 0.004239635209
94.55 94.5 94.6 0.004332910744
94.65 94.6 94.7 0.001339135808
94.75 94.7 94.8 0.0008665288715
94.85 94.8 94.9 0.004831023059
94.95 94.9 95 0.0027461811
95.05 95 95.1 0.006608823704
95.15 95.1 95.2 0.002069214337
95.25 95.2 95.3 0.006978593475
95.35 95.3 95.4 0.001301985825
95.45 95.4 95.5 0.006045525878
95.55 95.5 95.6 9.994858016e-05
95.65 95.6 95.7 0.003528840575
95.75 95.7 95.8 0.006213851237
95.85 95.8 95.9 0.003811071925
95.95 95.9 96 0.0007260164815
96.05 96 96.1 0.005875453633
96.15 96.1 96.2 0.003537210857
96.25 96.2 96.3 0.006639558264
96.35 96.3 96.4 0.001898609781
96.45 96.4 96.5 0.006213257544
96.55 96.5 96.6 0.003088479431
96.65 96.6 96.7 0.003105944293
96.75 96.7 96.8 0.0066350719
96.85 96.8 96.9 0.004257692375
96.95 96.9 97 0.005881067181
97.05 97 97.1 0.002578476024
97.15 97.1 97.2 0.004685640466
97.25 97.2 97.3 0.005714703477
97.35 97.3 97.4 0.006495263188
97.45 97.4 97.5 0.0020736201
97.55 97.5 97.6 0.006602297199
97.65 97.6 97.7 0.001683726897
97.75 97.7 97.8 0.004103238732
97.85 97.8 97.9 0.007059558397
97.95 97.9 98 0.004509721535
98.05 98 98.1 0.005087202032
98.15 98.1 98.2 0.003485544528
98.25 98.2 98.3 0.003512468495
98.35 98.3 98.4 0.006778910479
98.45 98.4 98.5 0.006605775428
98.55 98.5 98.6 0.006521646849
98.65 98.6 98.7 0.004701510672
98.75 98.7 98.8 0.00616759802
98.85 98.8 98.9 0.00703680028
98.95 98.9 99 0.005077527723
99.05 99 99.1 0.003648695455
99.15 99.1 99.2 0.003376609576
99.25 99.2 99.3 0.003965730991
99.35 99.3 99.4 0.009414026857
99.45 99.4 99.5 0.006138641873
99.55 99.5 99.6 0.002331091734
99.65 99.6 99.7 0.001385617541
99.75 99.7 99.8 0.005441301383
99.85 99.8 99.9 0.004096157918
99.95 99.9 100 0.004683107864
100.05 100 100.1 0.002962896136
100.15 100.1 100.2 0.00180308366
100.25 100.2 100.3 0.007462071199
100.35 100.3 100.4 0.004971325123
100.45 100.4 100.5 0.001945437566
100.55 100.5 100.6 0.004123586543
100.65 100.6 100.7 0.004816261203
100.75 100.7 100.8 0.003398939061
100.85 100.8 100.9 0.007989704201
100.95 100.9 101 0.001697311692
101.05 101 101.1 0.004077185542
101.15 101.1 101.2 0.006183686987
101.25 101.2 101.3 0.004435795262
101.35 101.3 101.4 0.001290540683
101.45 101.4 101.5 0.009001531946
101.55 101.5 101.6 0.00459464926
101.65 101.6 101.7 0.003542298723
101.75 101.7 101.8 0.002446854034
101.85 101.8 101.9 0.003206931675
101.95 101.9 102 0.003243104159
102.05 102 102.1 0.002807745597
102.15 102.1 102.2 0.003706815543
102.25 102.2 102.3 0.002845338349
102.35 102.3 102.4 0.00143466206
102.45 102.4 102.5 0.005695797761
102.55 102.5 102.6 0.000922619262
102.65 102.6 102.7 0.004466991048
102.75 102.7 102.8 0.001939596215
102.85 102.8 102.9 0.002027363826
102.95 102.9 103 0.00433256124
103.05 103 103.1 0.005389087718
103.15 103.1 103.2 0.002632457235
103.25 103.2 103.3 0.002869816763
103.35 103.3 103.4 0.0001692886914
103.45 103.4 103.5 0.003244004093
103.55 103.5 103.6 0.004195328009
103.65 103.6 103.7 0.002464558006
103.75 103.7 103.8 0.004710562806
103.85 103.8 103.9 0.003209417844
103.95 103.9 104 0.006037076075
104.05 104 104.1 0.005436759351
104.15 104.1 104.2 0.0008239783655
104.25 104.2 104.3 0.003881515694
104.35 104.3 104.4 0.001639431447
104.45 104.4 104.5 0.005292403048
104.55 104.5 104.6 0.003024444436
104.65 104.6 104.7 0.006434620421
104.75 104.7 104.8 0.001168385001
104.85 104.8 104.9 0.006408177679
104.95 104.9 105 0.001937241658
105.05 105 105.1 0.00363377065
105.15 105.1 105.2 0.002948198825
105.25 105.2 105.3 0.002063098746
105.35 105.3 105.4 0.002315301392
105.45 105.4 105.5 0.002252150995
105.55 105.5 105.6 0.0007303608992
105.65 105.6 105.7 -0.0004643210468
105.75 105.7 105.8 0.003337942124
105.85 105.8 105.9 0.0007685091239
105.95 105.9 106 0.004188132245
106.05 106 106.1 0.0001244728701
106.15 106.1 106.2 0.001006997009
106.25 106.2 106.3 0.001609771555
106.35 106.3 106.4 0.002119283786
106.45 106.4 106.5 0.006887352833
106.55 106.5 106.6 0.007415549627
106.65 106.6 106.7 0.001433756409
106.75 106.7 106.8 0.0005414204444
106.85 106.8 106.9 0.001967185847
106.95 106.9 107 0.0003418719163
107.05 107 107.1 0.001616022142
107.15 107.1 107.2 0.003099275745
107.25 107.2 107.3 0.002328051959
107.35 107.3 107.4 0.00392059538
107.45 107.4 107.5 -0.000853268298
107.55 107.5 107.6 0.001218108747
107.65 107.6 107.7 0.003761888537
107.75 107.7 107.8 0.001521214521
107.85 107.8 107.9 -0.001159514952
107.95 107.9 108 0.0024186723
108.05 108 108.1 0.003658008641
108.15 108.1 108.2 0.003951396278
108.25 108.2 108.3 -0.0002065861918
108.35 108.3 108.4 0.001454218212
108.45 108.4 108.5 0.003609552031
108.55 108.5 108.6 0.0002110484229
108.65 108.6 108.7 0.0006558413849
108.75 108.7 108.8 0.002342746376
108.85 108.8 108.9 0.0001107566872
108.95 108.9 109 0.002197795048
109.05 109 109.1 0.000986274958
109.15 109.1 109.2 0.001505527829
109.25 109.2 109.3 -0.002892890338
109.35 109.3 109.4 -0.0001763294692
109.45 109.4 109.5 0.002987171426
109.55 109.5 109.6 0.005243300178
109.65 109.6 109.7 -0.001906472037
109.75 109.7 109.8 0.001556259512
109.85 109.8 109.9 -0.001109969028
109.95 109.9 110 0.001302278572
110.05 110 110.1 -0.0003406744656
110.15 110.1 110.2 0.002190634901
110.25 110.2 110.3 0.0002076587329
110.35 110.3 110.4 0.002874496097
110.45 110.4 110.5 0.002512552674
110.55 110.5 110.6 -0.0004924294186
110.65 110.6 110.7 0.003203063218
110.75 110.7 110.8 0.004595722652
110.85 110.8 110.9 0.006467992313
110.95 110.9 111 0.004025112534
111.05 111 111.1 0.001404914709
111.15 111.1 111.2 0.002186055482
111.25 111.2 111.3 0.001664662457
111.35 111.3 111.4 0.004254045016
111.45 111.4 111.5 -0.0005171745858
111.55 111.5 111.6 0.002510221842
111.65 111.6 111.7 0.00114408686
111.75 111.7 111.8 0.0007107026615
111.85 111.8 111.9 0.005088665626
111.95 111.9 112 0.002631513926
112.05 112 112.1 0.001234130315
112.15 112.1 112.2 0.0002711970205
112.25 112.2 112.3 0.001902425856
112.35 112.3 112.4 0.002159502239
112.45 112.4 112.5 0.002073150766
112.55 112.5 112.6 6.438911494e-05
112.65 112.6 112.7 0.002411756247
112.75 112.7 112.8 0.0006548349049
112.85 112.8 112.9 0.004496092285
112.95 112.9 113 0.00257536706
113.05 113 113.1 0.003330672492
113.15 113.1 113.2 0.001106856407
113.25 113.2 113.3 -0.001337754741
113.35 113.3 113.4 0.0002331972272
113.45 113.4 113.5 -0.0005940781647
113.55 113.5 113.6 0.0008607029377
113.65 113.6 113.7 0.004852634618
113.75 113.7 113.8 0.004252962384
113.85 113.8 113.9 -0.0009583036726
113.95 113.9 114 0.001973996232
114.05 114 114.1 -0.0002182485267
114.15 114.1 114.2 -0.001328270995
114.25 114.2 114.3 0.003646281717
114.35 114.3 114.4 -0.001260262503
114.45 114.4 114.5 0.001017321667
114.55 114.5 114.6 0.0004358144357
114.65 114.6 114.7 0.0006674089555
114.75 114.7 114.8 0.0002415840696
114.85 114.8 114.9 -0.001891981014
114.95 114.9 115 -0.0008211878372
115.05 115 115.1 -0.002707542111
115.15 115.1 115.2 0.001183280874
115.25 115.2 115.3 -0.002666424931
115.35 115.3 115.4 -0.003582302198
115.45 115.4 115.5 0.0004055561068
115.55 115.5 115.6 -0.003169642019
115.65 115.6 115.7 -0.0006749768574
115.75 115.7 115.8 0.003188894713
115.85 115.8 115.9 0.001885488476
115.95 115.9 116 0.0008176769839
116.05 116 116.1 -0.00144806215
116.15 116.1 116.2 -0.0005699686942
116.25 116.2 116.3 -0.001947573559
116.35 116.3 116.4 0.003514136034
116.45 116.4 116.5 0.0006646216468
116.55 116.5 116.6 0.004395816613
116.65 116.6 116.7 0.000502546552
116.75 116.7 116.8 -0.002757388695
116.85 116.8 116.9 0.001258115631
116.95 116.9 117 -0.001122111946
117.05 117 117.1 0.002728899511
117.15 117.1 117.2 0.000599993575
117.25 117.2 117.3 0.001790489343
117.35 117.3 117.4 -4.885619206e-05
117.45 117.4 117.5 0.0008887066734
117.55 117.5 117.6 -0.002062709705
117.65 117.6 117.7 0.003932559636
117.75 117.7 117.8 -0.0005948674742
117.85 117.8 117.9 -0.001809942986
117.95 117.9 118 0.0001986035361
118.05 118 118.1 0.001358610407
118.15 118.1 118.2 -0.0001209597592
118.25 118.2 118.3 -0.0002389906235
118.35 118.3 118.4 0.001739639872
118.45 118.4 118.5 -0.00309816876
118.55 118.5 118.6 0.0006389190467
118.65 118.6 118.7 0.002259898649
118.75 118.7 118.8 -0.001255856067
118.85 118.8 118.9 0.001214589696
118.95 118.9 119 -8.61037735e-05
119.05 119 119.1 0.0004386847637
119.15 119.1 119.2 -0.002447649599
119.25 119.2 119.3 -0.001566757536
119.35 119.3 119.4 0.001240046173
119.45 119.4 119.5 -0.002072646099
119.55 119.5 119.6 -0.003646264093
119.65 119.6 119.7 -0.001552294514
119.75 119.7 119.8 0.0007092533231
119.85 119.8 119.9 0.001020457105
119.95 119.9 120 -4.502432612e-05
120.05 120 120.1 -0.001777813721
120.15 120.1 120.2 -3.351209731e-05
120.25 120.2 120.3 -0.001314997063
120.35 120.3 120.4 0.001436410681
120.45 120.4 120.5 0.0007108281778
120.55 120.5 120.6 0.00112735187
120.65 120.6 120.7 -0.001166425619
120.75 120.7 120.8 0.000538061156
120.85 120.8 120.9 -6.739907067e-05
120.95 120.9 121 0.002202817689
121.05 121 121.1 0.00174572263
121.15 121.1 121.2 0.002636545183
121.25 121.2 121.3 0.002462792436
121.35 121.3 121.4 -0.002001103198
121.45 121.4 121.5 -0.002567739015
121.55 121.5 121.6 -0.002894922025
121.65 121.6 121.7 0.000333260288
121.75 121.7 121.8 -0.001948415245
121.85 121.8 121.9 -0.001950436202
121.95 121.9 122 -0.0001648130147
122.05 122 122.1 0.001090438466
122.15 122.1 122.2 0.001436399591
122.25 122.2 122.3 -0.001521368188
122.35 122.3 122.4 0.002594488721
122.45 122.4 122.5 -0.002443072251
122.55 122.5 122.6 -0.003314464664
122.65 122.6 122.7 0.001640583126
122.75 122.7 122.8 -0.001832329348
122.85 122.8 122.9 0.001342161397
122.95 122.9 123 -0.002968735947
123.05 123 123.1 -0.00457553316
123.15 123.1 123.2 -0.0008900034318
123.25 123.2 123.3 -0.0001803471952
123.35 123.3 123.4 0.002224364832
123.45 123.4 123.5 0.0003146807995
123.55 123.5 123.6 -0.001612574215
123.65 123.6 123.7 -0.001791735782
123.75 123.7 123.8 -0.0004114342749
123.85 123.8 123.9 0.0003168832989
123.95 123.9 124 0.001133980818
124.05 124 124.1 -0.0005480919122
124.15 124.1 124.2 -0.0006776348679
124.25 124.2 124.3 -0.002746638314
124.35 124.3 124.4 -0.0005311970424
124.45 124.4 124.5 -0.003561276266
124.55 124.5 124.6 -0.001984123264
124.65 124.6 124.7 -0.001202260658
124.75 124.7 124.8 -0.002750371674
124.85 124.8 124.9 0.001052221448
124.95 124.9 125 -0.001769076514
125.05 125 125.1 -2.429040217e-05
125.15 125.1 125.2 0.0005388604884
125.25 125.2 125.3 -0.0008762069348
125.35 125.3 125.4 -0.002408882828
125.45 125.4 125.5 -0.004822024299
125.55 125.5 125.6 -0.0007599314944
125.65 125.6 125.7 -0.001994671136
125.75 125.7 125.8 -0.0006030033941
125.85 125.8 125.9 0.002067833358
125.95 125.9 126 -0.0003309123135
126.05 126 126.1 -0.0008674297047
126.15 126.1 126.2 -0.0008506810435
126.25 126.2 126.3 -0.001066951563
126.35 126.3 126.4 -0.002988524905
126.45 126.4 126.5 -0.002363256714
126.55 126.5 126.6 0.005070653345
126.65 126.6 126.7 -0.00384531687
126.75 126.7 126.8 -0.002855140586
126.85 126.8 126.9 -0.0007609689436
126.95 126.9 127 -0.002995826167
127.05 127 127.1 -0.0009489919944
127.15 127.1 127.2 0.0001316396454
127.25 127.2 127.3 0.0009467144295
127.35 127.3 127.4 0.0002937106166
127.45 127.4 127.5 0.002982767494
127.55 127.5 127.6 -0.002366902672
127.65 127.6 127.7 -0.005156018557
127.75 127.7 127.8 -0.001359823908
127.85 127.8 127.9 -0.0030763561
127.95 127.9 128 -0.004083748838
128.05 128 128.1 -0.002460673414
128.15 128.1 128.2 -0.003716314853
128.25 128.2 128.3 -0.001264276036
128.35 128.3 128.4 -0.0005198383673
128.45 128.4 128.5 0.001271697882
128.55 128.5 128.6 -0.001750031443
128.65 128.6 128.7 0.001915874
128.75 128.7 128.8 -0.0005510373878
128.85 128.8 128.9 0.0002406435796
128.95 128.9 129 -0.00423665243
129.05 129 129.1 -0.003006152967
129.15 129.1 129.2 -0.005388530122
129.25 129.2 129.3 -0.002682922227
129.35 129.3 129.4 -0.004753491109
129.45 129.4 129.5 -0.004206299043
129.55 129.5 129.6 -0.003384428901
129.65 129.6 129.7 0.0004344918633
129.75 129.7 129.8 -0.0008519575542
129.85 129.8 129.9 -0.0001850266176
129.95 129.9 130 -0.002101818024
130.05 130 130.1 -0.003653916195
130.15 130.1 130.2 0.002813338573
130.25 130.2 130.3 -0.001397692049
130.35 130.3 130.4 -0.001265151163
130.45 130.4 130.5 -0.000716054357
130.55 130.5 130.6 -0.001480295512
130.65 130.6 130.7 0.0009792366992
130.75 130.7 130.8 -0.001550996139
130.85 130.8 130.9 -0.001670996227
130.95 130.9 131 0.0003666019835
131.05 131 131.1 -0.000766627367
131.15 131.1 131.2 0.0004660142376
131.25 131.2 131.3 -0.002853563946
131.35 131.3 131.4 0.0003182439898
131.45 131.4 131.5 -0.001054088233
131.55 131.5 131.6 0.0008579786088
131.65 131.6 131.7 -0.002239018204
131.75 131.7 131.8 -0.002765003889
131.85 131.8 131.9 -0.0009780642553
131.95 131.9 132 -0.00115025473
132.05 132 132.1 -0.001134711334
132.15 132.1 132.2 -0.002693253608
132.25 132.2 132.3 -0.007232127021
132.35 132.3 132.4 -0.002189682689
132.45 132.4 132.5 -0.0008527783072
132.55 132.5 132.6 -0.0007995713804
132.65 132.6 132.7 -0.0003404915377
132.75 132.7 132.8 -0.00255535564
132.85 132.8 132.9 -0.0003179875233
132.95 132.9 133 -0.000262426951
133.05 133 133.1 -0.003135975437
133.15 133.1 133.2 -0.002683712358
133.25 133.2 133.3 -0.001542289835
133.35 133.3 133.4 -0.001727539501
133.45 133.4 133.5 -0.003546856656
133.55 133.5 133.6 -0.005480727271
133.65 133.6 133.7 0.000356449659
133.75 133.7 133.8 -0.0003213136909
133.85 133.8 133.9 -0.0005614823343
133.95 133.9 134 -0.003696864458
134.05 134 134.1 -0.002758943488
134.15 134.1 134.2 -0.000957362062
134.25 134.2 134.3 -0.000885430008
134.35 134.3 134.4 -0.005312387618
134.45 134.4 134.5 0.0006879858147
134.55 134.5 134.6 -0.002346766145
134.65 134.6 134.7 -0.005306903666
134.75 134.7 134.8 -0.0002084855197
134.85 134.8 134.9 -0.0003610713205
134.95 134.9 135 -0.003915151398
135.05 135 135.1 -0.001665796743
135.15 135.1 135.2 -0.000550640996
135.25 135.2 135.3 -0.0006335541467
135.35 135.3 135.4 -0.005289377863
135.45 135.4 135.5 -0.004113707529
135.55 135.5 135.6 -0.005567128385
135.65 135.6 135.7 -0.002978864463
135.75 135.7 135.8 -0.0005384954841
135.85 135.8 135.9 -0.0003965496591
135.95 135.9 136 0.0004527252743
136.05 136 136.1 -0.0004572981513
136.15 136.1 136.2 0.001703047091
136.25 136.2 136.3 -0.003328689062
136.35 136.3 136.4 -0.005389715126
136.45 136.4 136.5 -0.0004012751649
136.55 136.5 136.6 -0.002674893585
136.65 136.6 136.7 -0.001650612082
136.75 136.7 136.8 -0.00174645583
136.85 136.8 136.9 -0.001294104591
136.95 136.9 137 -0.001164558747
137.05 137 137.1 -0.0004166107141
137.15 137.1 137.2 -0.007677547188
137.25 137.2 137.3 -0.00485083002
137.35 137.3 137.4 -0.001325861554
137.45 137.4 137.5 -0.003121225154
137.55 137.5 137.6 -0.002262749066
137.65 137.6 137.7 -0.0009924389729
137.75 137.7 137.8 -0.002663531759
137.85 137.8 137.9 0.001915283525
137.95 137.9 138 0.0009766534677
138.05 138 138.1 -0.002614419512
138.15 138.1 138.2 -0.004584346046
138.25 138.2 138.3 -0.003704521487
138.35 138.3 138.4 -0.002508073061
138.45 138.4 138.5 -0.0002083415278
138.55 138.5 138.6 -0.003822479281
138.65 138.6 138.7 0.000363703503
138.75 138.7 138.8 -0.005962084933
138.85 138.8 138.9 -0.0001081198218
138.95 138.9 139 -0.0007825945426
139.05 139 139.1 -0.001001937966
139.15 139.1 139.2 9.298888138e-05
139.25 139.2 139.3 -0.002789952966
139.35 139.3 139.4 0.002558781227
139.45 139.4 139.5 -0.0004673212318
139.55 139.5 139.6 -0.001112030972
139.65 139.6 139.7 -0.001280511779
139.75 139.7 139.8 -0.0004063530854
139.85 139.8 139.9 -0.0007969798656
139.95 139.9 140 -0.004218467052
140.05 140 140.1 -0.003778484401
140.15 140.1 140.2 -0.003579172355
140.25 140.2 140.3 -0.003125294252
140.35 140.3 140.4 -0.0009668535037
140.45 140.4 140.5 -0.0006785462936
140.55 140.5 140.6 -0.00063971395
140.65 140.6 140.7 -0.003756994836
140.75 140.7 140.8 -0.002633548131
140.85 140.8 140.9 -0.004212733117
140.95 140.9 141 -0.0001193339857
141.05 141 141.1 -0.002918859687
141.15 141.1 141.2 -0.001081366071
141.25 141.2 141.3 -0.001780970548
141.35 141.3 141.4 -0.00139381525
141.45 141.4 141.5 -0.001410691947
141.55 141.5 141.6 -0.003539498051
141.65 141.6 141.7 -0.001545633751
141.75 141.7 141.8 -0.002153430124
141.85 141.8 141.9 -0.001710872216
141.95 141.9 142 -0.001082066794
142.05 142 142.1 -0.001122213151
142.15 142.1 142.2 -0.001708589497
142.25 142.2 142.3 -0.001012123248
142.35 142.3 142.4 -0.002696758194
142.45 142.4 142.5 3.472848264e-05
142.55 142.5 142.6 -0.002275529233
142.65 142.6 142.7 -0.0003694680912
142.75 142.7 142.8 -0.00238369149
142.85 142.8 142.9 -0.001676695219
142.95 142.9 143 -0.0002191276987
143.05 143 143.1 -0.001188733832
143.15 143.1 143.2 0.0007956061208
143.25 143.2 143.3 -0.00517800592
143.35 143.3 143.4 -0.001970272935
143.45 143.4 143.5 0.001303706938
143.55 143.5 143.6 -0.001714116772
143.65 143.6 143.7 -0.004850017895
143.75 143.7 143.8 -0.001360528866
143.85 143.8 143.9 -0.001069203521
143.95 143.9 144 -0.003447027879
144.05 144 144.1 -0.004668576748
144.15 144.1 144.2 -0.002627649808
144.25 144.2 144.3 -0.001821540609
144.35 144.3 144.4 -0.0004976630662
144.45 144.4 144.5 -0.002891941465
144.55 144.5 144.6 0.00178127568
144.65 144.6 144.7 -0.005691644029
144.75 144.7 144.8 -0.003970324975
144.85 144.8 144.9 -0.001579439913
144.95 144.9 145 0.001041973071
145.05 145 145.1 -0.0001381010761
145.15 145.1 145.2 -0.0009840231678
145.25 145.2 145.3 -0.0005025789174
145.35 145.3 145.4 -0.0003317248238
145.45 145.4 145.5 -0.002958987576
145.55 145.5 145.6 -0.003541554343
145.65 145.6 145.7 -0.001913794659
145.75 145.7 145.8 0.0008825655722
145.85 145.8 145.9 -0.00409810827
145.95 145.9 146 -0.002302704339
146.05 146 146.1 -0.003285307491
146.15 146.1 146.2 -0.00418934664
146.25 146.2 146.3 -0.002685717313
146.35 146.3 146.4 -0.002922093584
146.45 146.4 146.5 -0.004068788452
146.55 146.5 146.6 0.000564165962
146.65 146.6 146.7 -0.003357191048
146.75 146.7 146.8 -0.0002250931815
146.85 146.8 146.9 -0.000683409962
146.95 146.9 147 -0.003713934296
147.05 147 147.1 -0.0009426598073
147.15 147.1 147.2 0.0003137243652
147.25 147.2 147.3 -0.0008429414183
147.35 147.3 147.4 -0.003283071044
147.45 147.4 147.5 -0.00239335947
147.55 147.5 147.6 -0.001520153553
147.65 147.6 147.7 0.001581728474
147.75 147.7 147.8 -0.003074297753
147.85 147.8 147.9 -0.001685073876
147.95 147.9 148 -0.002349515158
148.05 148 148.1 0.0002664134595
148.15 148.1 148.2 -0.002147128449
148.25 148.2 148.3 -0.002237617923
148.35 148.3 148.4 -0.002001841493
148.45 148.4 148.5 -0.004552045027
148.55 148.5 148.6 -0.00131948615
148.65 148.6 148.7 0.002046169405
148.75 148.7 148.8 -0.004042140754
148.85 148.8 148.9 0.0007972049119
148.95 148.9 149 -0.003712726834
149.05 149 149.1 -0.001311307829
149.15 149.1 149.2 -0.002432244567
149.25 149.2 149.3 -0.002869596122
149.35 149.3 149.4 -0.002325090524
149.45 149.4 149.5 -0.000535873634
149.55 149.5 149.6 3.866895524e-05
149.65 149.6 149.7 -0.0009407097041
149.75 149.7 149.8 -0.001949554139
149.85 149.8 149.9 0.0003836194206
149.95 149.9 150 -0.0001609232438
150.05 150 150.1 -0.001377688188
150.15 150.1 150.2 -0.001966011026
150.25 150.2 150.3 -0.000960737422
150.35 150.3 150.4 -0.004334929653
150.45 150.4 150.5 -0.001709386819
150.55 150.5 150.6 -0.0005702748029
150.65 150.6 150.7 0.0008371619401
150.75 150.7 150.8 -0.001843122975
150.85 150.8 150.9 -0.003463515503
150.95 150.9 151 -0.001091382631
151.05 151 151.1 -0.0006316289001
151.15 151.1 151.2 -0.001125271918
151.25 151.2 151.3 -0.001183359374
151.35 151.3 151.4 -0.0009445639729
151.45 151.4 151.5 -0.001199265429
151.55 151.5 151.6 0.000497294201
151.65 151.6 151.7 -0.001753986733
151.75 151.7 151.8 -0.002130089862
151.85 151.8 151.9 -0.001635032229
151.95 151.9 152 -0.001576410883
152.05 152 152.1 -0.001230375734
152.15 152.1 152.2 -0.0001405059384
152.25 152.2 152.3 -0.002756112374
152.35 152.3 152.4 -0.003227507596
152.45 152.4 152.5 -0.001493130968
152.55 152.5 152.6 -0.001239838216
152.65 152.6 152.7 -0.001072851318
152.75 152.7 152.8 -0.00248929279
152.85 152.8 152.9 -0.0007765385725
152.95 152.9 153 -0.003917523022
153.05 153 153.1 -0.0002431157102
153.15 153.1 153.2 0.001136241855
153.25 153.2 153.3 -0.001819077586
153.35 153.3 153.4 -0.002436698277
153.45 153.4 153.5 -0.003105051562
153.55 153.5 153.6 -0.001495503281
153.65 153.6 153.7 -0.002360418947
153.75 153.7 153.8 -0.003081762377
153.85 153.8 153.9 -0.001582299255
153.95 153.9 154 -0.001793414354
154.05 154 154.1 -0.002263314279
154.15 154.1 154.2 -0.00169863702
154.25 154.2 154.3 -0.002015138859
154.35 154.3 154.4 -0.0005237606834
154.45 154.4 154.5 -0.003522445253
154.55 154.5 154.6 0.001089824591
154.65 154.6 154.7 -0.0008523381531
154.75 154.7 154.8 -0.001213420591
154.85 154.8 154.9 0.0005742456406
154.95 154.9 155 -0.000854929768
155.05 155 155.1 -0.001533668384
155.15 155.1 155.2 0.0001611194289
155.25 155.2 155.3 0.0004635534662
155.35 155.3 155.4 -0.001305380036
155.45 155.4 155.5 -0.0002132351409
155.55 155.5 155.6 0.0008523270382
155.65 155.6 155.7 -0.0005996874076
155.75 155.7 155.8 -0.00138043803
155.85 155.8 155.9 0.002518036766
155.95 155.9 156 0.0007166707641
156.05 156 156.1 -0.0005077720708
156.15 156.1 156.2 0.0005014882213
156.25 156.2 156.3 -0.00307606709
156.35 156.3 156.4 -0.003260265373
156.45 156.4 156.5 -0.001975442972
156.55 156.5 156.6 -0.002046463585
156.65 156.6 156.7 -0.001247245372
156.75 156.7 156.8 0.0007092402644
156.85 156.8 156.9 0.001135370397
156.95 156.9 157 -0.0003341398512
157.05 157 157.1 -0.000962162324
157.15 157.1 157.2 -0.001017402759
157.25 157.2 157.3 0.0007049098284
157.35 157.3 157.4 -0.001847856586
157.45 157.4 157.5 0.001477876792
157.55 157.5 157.6 0.0005027983288
157.65 157.6 157.7 -0.001795624646
157.75 157.7 157.8 -0.002618250006
157.85 157.8 157.9 -0.0008579832943
157.95 157.9 158 -0.003454346716
158.05 158 158.1 -0.00214204039
158.15 158.1 158.2 0.0001642732897
158.25 158.2 158.3 -0.001301055397
158.35 158.3 158.4 -0.0004405883078
158.45 158.4 158.5 -0.0004563772161
158.55 158.5 158.6 -0.001391696886
158.65 158.6 158.7 -0.002886150798
158.75 158.7 158.8 -0.0004262837285
158.85 158.8 158.9 0.0002497949563
158.95 158.9 159 -0.0001247177596
159.05 159 159.1 -0.0001138267999
159.15 159.1 159.2 0.0004763805131
159.25 159.2 159.3 -0.003090508627
159.35 159.3 159.4 0.00251166653
159.45 159.4 159.5 -0.0001308331292
159.55 159.5 159.6 -0.0009460868841
159.65 159.6 159.7 0.001923029473
159.75 159.7 159.8 -0.0001773749968
159.85 159.8 159.9 0.0003603424593
159.95 159.9 160 -0.001310224246
160.05 160 160.1 0.0001510644559
160.15 160.1 160.2 0.0004214086908
160.25 160.2 160.3 -0.001713102795
160.35 160.3 160.4 -0.000404604005
160.45 160.4 160.5 -0.002301797175
160.55 160.5 160.6 -0.002337023016
160.65 160.6 160.7 0.001813526323
160.75 160.7 160.8 0.002195898993
160.85 160.8 160.9 0.0006591953056
160.95 160.9 161 0.00158893311
161.05 161 161.1 -0.002269622043
161.15 161.1 161.2 0.000393796911
161.25 161.2 161.3 -0.002094417442
161.35 161.3 161.4 -0.001097330849
161.45 161.4 161.5 -0.0002763373763
161.55 161.5 161.6 -0.0003788129256
161.65 161.6 161.7 0.0008309305887
161.75 161.7 161.8 -0.0005926803117
161.85 161.8 161.9 -0.0004237602772
161.95 161.9 162 -0.0004849316382
162.05 162 162.1 -0.002393790847
162.15 162.1 162.2 -0.001464890668
162.25 162.2 162.3 0.0001706249694
162.35 162.3 162.4 -0.002833954565
162.45 162.4 162.5 -0.002083070623
162.55 162.5 162.6 -0.002770597353
162.65 162.6 162.7 0.001427817537
162.75 162.7 162.8 -0.003090831758
162.85 162.8 162.9 -0.002923094534
162.95 162.9 163 -0.002908111316
163.05 163 163.1 -0.003536909676
163.15 163.1 163.2 0.0003667506593
163.25 163.2 163.3 -0.0008388073931
163.35 163.3 163.4 -0.0007159063792
163.45 163.4 163.5 -0.001171692363
163.55 163.5 163.6 -0.0004886015493
163.65 163.6 163.7 -0.00158156348
163.75 163.7 163.8 -0.001329999713
163.85 163.8 163.9 -0.00209774789
163.95 163.9 164 0.001060979054
164.05 164 164.1 -0.002675354083
164.15 164.1 164.2 -0.0005318868946
164.25 164.2 164.3 -0.001134970541
164.35 164.3 164.4 -0.002488268003
164.45 164.4 164.5 0.0006414009115
164.55 164.5 164.6 -0.00138632993
164.65 164.6 164.7 0.0006183237208
164.75 164.7 164.8 -0.002189846081
164.85 164.8 164.9 -0.002128084531
164.95 164.9 165 0.0006160231805
165.05 165 165.1 0.004858573365
165.15 165.1 165.2 -0.001877218498
165.25 165.2 165.3 -0.002253890894
165.35 165.3 165.4 -0.002825187461
165.45 165.4 165.5 0.0001045356163
165.55 165.5 165.6 -0.0003868269558
165.65 165.6 165.7 -0.003935865673
165.75 165.7 165.8 -0.002024254782
165.85 165.8 165.9 -0.0006722638327
165.95 165.9 166 0.002527480056
166.05 166 166.1 0.001624311609
166.15 166.1 166.2 -0.002790678135
166.25 166.2 166.3 -0.0003710118131
166.35 166.3 166.4 -0.003981480997
166.45 166.4 166.5 0.0006185463744
166.55 166.5 166.6 -0.001166821927
166.65 166.6 166.7 0.0005817336876
166.75 166.7 166.8 0.0004485497034
166.85 166.8 166.9 -0.0001113988413
166.95 166.9 167 0.001209540633
167.05 167 167.1 2.933622882e-05
167.15 167.1 167.2 -0.002116472865
167.25 167.2 167.3 -0.001581652928
167.35 167.3 167.4 -0.0009566763525
167.45 167.4 167.5 -0.0001878644933
167.55 167.5 167.6 -0.0003507459496
167.65 167.6 167.7 -0.001275397592
167.75 167.7 167.8 -0.002102694045
167.85 167.8 167.9 -0.0003048464612
167.95 167.9 168 -0.00114163158
168.05 168 168.1 -0.001452997334
168.15 168.1 168.2 -2.964509584e-05
168.25 168.2 168.3 -0.0008473949327
168.35 168.3 168.4 0.0003213244702
168.45 168.4 168.5 -0.0002750677266
168.55 168.5 168.6 -0.0003824216134
168.65 168.6 168.7 0.0005663895742
168.75 168.7 168.8 -0.0004920394313
168.85 168.8 168.9 -0.0001229085949
168.95 168.9 169 -0.001529431282
169.05 169 169.1 0.001240473092
169.15 169.1 169.2 0.001085114273
169.25 169.2 169.3 3.062423999e-05
169.35 169.3 169.4 -0.0009802531227
169.45 169.4 169.5 0.0007313260711
169.55 169.5 169.6 0.0003032231582
169.65 169.6 169.7 -0.0001802099803
169.75 169.7 169.8 -0.0004663551433
169.85 169.8 169.9 0.0009956163058
169.95 169.9 170 -0.001631168736
170.05 170 170.1 -4.932664565e-05
170.15 170.1 170.2 0.0009268346001
170.25 170.2 170.3 -0.002680833259
170.35 170.3 170.4 0.0009152038834
170.45 170.4 170.5 0.001230869908
170.55 170.5 170.6 -0.001938091976
170.65 170.6 170.7 1.861133975e-05
170.75 170.7 170.8 0.0002483939612
170.85 170.8 170.9 -0.0004729666578
170.95 170.9 171 0.0007251195219
171.05 171 171.1 0.0003231064931
171.15 171.1 171.2 -0.0008945401813
171.25 171.2 171.3 -0.004566322966
171.35 171.3 171.4 -0.0003227954579
171.45 171.4 171.5 -0.001543562387
171.55 171.5 171.6 0.0007461509507
171.65 171.6 171.7 0.001353373511
171.75 171.7 171.8 -0.003804724765
171.85 171.8 171.9 0.001767205273
171.95 171.9 172 -0.001455977611
172.05 172 172.1 -0.002062330629
172.15 172.1 172.2 0.0002700127622
172.25 172.2 172.3 0.001752318549
172.35 172.3 172.4 0.0008504900609
172.45 172.4 172.5 0.001071383027
172.55 172.5 172.6 -0.0004111517537
172.65 172.6 172.7 -9.080780488e-05
172.75 172.7 172.8 6.111626367e-05
172.85 172.8 172.9 0.002246227036
172.95 172.9 173 -0.001523489129
173.05 173 173.1 -0.0004855633233
173.15 173.1 173.2 0.00216830304
173.25 173.2 173.3 9.113426924e-06
173.35 173.3 173.4 0.001612408896
173.45 173.4 173.5 -0.0001273082929
173.55 173.5 173.6 0.0002898588985
173.65 173.6 173.7 0.0007275210324
173.75 173.7 173.8 0.0002445418493
173.85 173.8 173.9 -0.001506126162
173.95 173.9 174 0.0006224359076
174.05 174 174.1 -0.001067653429
174.15 174.1 174.2 0.00130727341
174.25 174.2 174.3 -0.002352304171
174.35 174.3 174.4 -0.0003180579543
174.45 174.4 174.5 -0.002974048124
174.55 174.5 174.6 -0.000614609092
174.65 174.6 174.7 -0.0006935067145
174.75 174.7 174.8 -0.001153850149
174.85 174.8 174.9 0.001518395431
174.95 174.9 175 -0.0003839890094
175.05 175 175.1 0.0005513718123
175.15 175.1 175.2 0.0004867031662
175.25 175.2 175.3 -0.001087315881
175.35 175.3 175.4 7.092870112e-05
175.45 175.4 175.5 -0.002189219867
175.55 175.5 175.6 7.696665481e-05
175.65 175.6 175.7 -0.0007360942416
175.75 175.7 175.8 0.00237950997
175.85 175.8 175.9 -0.002156517613
175.95 175.9 176 0.0005939637033
176.05 176 176.1 0.0006426470061
176.15 176.1 176.2 -8.453134114e-05
176.25 176.2 176.3 3.076822232e-05
176.35 176.3 176.4 0.0006709654885
176.45 176.4 176.5 0.002066283131
176.55 176.5 176.6 -0.003327662869
176.65 176.6 176.7 -0.002812909287
176.75 176.7 176.8 0.0002856040225
176.85 176.8 176.9 0.0007585384284
176.95 176.9 177 -0.001889062183
177.05 177 177.1 -0.001565665953
177.15 177.1 177.2 -0.001183537265
177.25 177.2 177.3 -0.0007113274402
177.35 177.3 177.4 0.0008988477171
177.45 177.4 177.5 -0.001919570788
177.55 177.5 177.6 0.0008776129348
177.65 177.6 177.7 0.001375687522
177.75 177.7 177.8 -0.001400271903
177.85 177.8 177.9 -0.002503334024
177.95 177.9 178 0.003266738039
178.05 178 178.1 0.002618021306
178.15 178.1 178.2 0.001234606533
178.25 178.2 178.3 -0.0008998082122
178.35 178.3 178.4 0.0007252548679
178.45 178.4 178.5 -0.001071046041
178.55 178.5 178.6 -0.0003904009445
178.65 178.6 178.7 -0.001110869241
178.75 178.7 178.8 0.001451314344
178.85 178.8 178.9 -0.001769781128
178.95 178.9 179 0.0006691341371
179.05 179 179.1 0.0001349642977
179.15 179.1 179.2 0.001760475038
179.25 179.2 179.3 -0.002492368263
179.35 179.3 179.4 0.0002247515131
179.45 179.4 179.5 -0.0001844948664
179.55 179.5 179.6 0.0007870101618
179.65 179.6 179.7 0.003691289904
179.75 179.7 179.8 0.0002828351508
179.85 179.8 179.9 -0.0003829154208
179.95 179.9 180 0.0001128377817
180.05 180 180.1 0.001009152085
180.15 180.1 180.2 0.002501323476
180.25 180.2 180.3 0.0006133816004
180.35 180.3 180.4 0.0005127971771
180.45 180.4 180.5 0.000946167706
180.55 180.5 180.6 -0.0001615344687
180.65 180.6 180.7 0.003277565362
180.75 180.7 180.8 -0.001833337316
180.85 180.8 180.9 -0.0002696037693
180.95 180.9 181 -0.00115840535
181.05 181 181.1 -0.001716586715
181.15 181.1 181.2 0.0004106101387
181.25 181.2 181.3 -0.0004035932525
181.35 181.3 181.4 0.001401318821
181.45 181.4 181.5 -0.00223965732
181.55 181.5 181.6 0.00142665072
181.65 181.6 181.7 -0.003978300379
181.75 181.7 181.8 -0.002108735595
181.85 181.8 181.9 0.001161221033
181.95 181.9 182 -0.002886244702
182.05 182 182.1 0.001790630031
182.15 182.1 182.2 0.0009388524453
182.25 182.2 182.3 0.0007282915209
182.35 182.3 182.4 0.0008681825606
182.45 182.4 182.5 0.0003887854644
182.55 182.5 182.6 -0.000649115011
182.65 182.6 182.7 0.001368100172
182.75 182.7 182.8 0.0001485722432
182.85 182.8 182.9 0.001021366084
182.95 182.9 183 4.076454301e-05
183.05 183 183.1 -0.0007041054173
183.15 183.1 183.2 0.0025203146
183.25 183.2 183.3 -0.001495830951
183.35 183.3 183.4 -0.001925664158
183.45 183.4 183.5 -0.002145113397
183.55 183.5 183.6 -0.0006274330558
183.65 183.6 183.7 -0.0008785364477
183.75 183.7 183.8 0.0006322168734
183.85 183.8 183.9 7.525554237e-05
183.95 183.9 184 0.001063179733
184.05 184 184.1 0.00169359146
184.15 184.1 184.2 -0.001730211844
184.25 184.2 184.3 -0.002575882656
184.35 184.3 184.4 -0.0006604912386
184.45 184.4 184.5 -2.172659281e-05
184.55 184.5 184.6 -0.001924474947
184.65 184.6 184.7 -0.0001689107981
184.75 184.7 184.8 0.0005103980519
184.85 184.8 184.9 0.001554912535
184.95 184.9 185 0.00224988206
185.05 185 185.1 -0.001673673583
185.15 185.1 185.2 -0.0003741830613
185.25 185.2 185.3 0.0001543934566
185.35 185.3 185.4 -0.002849193846
185.45 185.4 185.5 -8.078883704e-05
185.55 185.5 185.6 -0.001127377193
185.65 185.6 185.7 -1.849169757e-05
185.75 185.7 185.8 0.0008079818333
185.85 185.8 185.9 -0.0005547270793
185.95 185.9 186 6.496334523e-06
186.05 186 186.1 -0.000995841937
186.15 186.1 186.2 -0.0005145920131
186.25 186.2 186.3 -0.001442796604
186.35 186.3 186.4 0.0004939331317
186.45 186.4 186.5 -0.003081313137
186.55 186.5 186.6 0.002101349227
186.65 186.6 186.7 -0.0005138930847
186.75 186.7 186.8 -0.0001722317317
186.85 186.8 186.9 0.002292206372
186.95 186.9 187 0.001533409519
187.05 187 187.1 0.003208282463
187.15 187.1 187.2 -0.002578218771
187.25 187.2 187.3 0.0002641680654
187.35 187.3 187.4 0.002838574131
187.45 187.4 187.5 0.001622175941
187.55 187.5 187.6 0.000172942087
187.65 187.6 187.7 -0.001194469593
187.75 187.7 187.8 0.003508836416
187.85 187.8 187.9 -0.0005716416178
187.95 187.9 188 0.0006209677335
188.05 188 188.1 -0.0002872482999
188.15 188.1 188.2 0.002340686465
188.25 188.2 188.3 0.002911674091
188.35 188.3 188.4 -0.0005440732389
188.45 188.4 188.5 0.00187909618
188.55 188.5 188.6 9.93696582e-06
188.65 188.6 188.7 0.0003221836817
188.75 188.7 188.8 0.0001680487293
188.85 188.8 188.9 0.0006436529641
188.95 188.9 189 0.001870923364
189.05 189 189.1 -0.0002424698878
189.15 189.1 189.2 0.00084623639
189.25 189.2 189.3 -0.001458872139
189.35 189.3 189.4 0.002608459245
189.45 189.4 189.5 0.0007831446611
189.55 189.5 189.6 0.001410613464
189.65 189.6 189.7 0.0007670219866
189.75 189.7 189.8 -0.0001364891462
189.85 189.8 189.9 -0.004735296522
189.95 189.9 190 0.001295921228
190.05 190 190.1 -0.0003929934217
190.15 190.1 190.2 -0.001150361539
190.25 190.2 190.3 -0.001564803202
190.35 190.3 190.4 0.0009319531386
190.45 190.4 190.5 -0.0003613915384
190.55 190.5 190.6 0.001845947396
190.65 190.6 190.7 -0.002309743107
190.75 190.7 190.8 0.001157114802
190.85 190.8 190.9 -0.000455823599
190.95 190.9 191 -0.002716441266
191.05 191 191.1 0.002099933197
191.15 191.1 191.2 0.0003757296737
191.25 191.2 191.3 0.001565359909
191.35 191.3 191.4 -0.001050198053
191.45 191.4 191.5 0.002255156271
191.55 191.5 191.6 0.002419627993
191.65 191.6 191.7 0.00262726041
191.75 191.7 191.8 0.0006262207531
191.85 191.8 191.9 0.001713172011
191.95 191.9 192 0.001350764131
192.05 192 192.1 0.0007268808695
192.15 192.1 192.2 3.834158131e-05
192.25 192.2 192.3 0.0001817008417
192.35 192.3 192.4 0.0001769479442
192.45 192.4 192.5 0.0001269319899
192.55 192.5 192.6 -0.0005420176426
192.65 192.6 192.7 0.0004800617674
192.75 192.7 192.8 0.0004061798484
192.85 192.8 192.9 0.0001098350047
192.95 192.9 193 -0.000532961688
193.05 193 193.1 0.001154772706
193.15 193.1 193.2 0.000971251934
193.25 193.2 193.3 -0.000212296437
193.35 193.3 193.4 -9.662363818e-05
193.45 193.4 193.5 0.003199576347
193.55 193.5 193.6 0.00247458369
193.65 193.6 193.7 0.0004161625242
193.75 193.7 193.8 0.0006681108455
193.85 193.8 193.9 -0.0003172793587
193.95 193.9 194 0.002125534678
194.05 194 194.1 0.0001157934739
194.15 194.1 194.2 -0.0009173659098
194.25 194.2 194.3 0.0006307229645
194.35 194.3 194.4 0.0007715175982
194.45 194.4 194.5 0.002545705365
194.55 194.5 194.6 0.0004312004913
194.65 194.6 194.7 -0.001232467485
194.75 194.7 194.8 -0.000222239833
194.85 194.8 194.9 0.001130890835
194.95 194.9 195 0.0005716907761
195.05 195 195.1 -0.0001450586865
195.15 195.1 195.2 0.001048654092
195.25 195.2 195.3 0.000777114009
195.35 195.3 195.4 -0.0003894052876
195.45 195.4 195.5 -4.804428057e-05
195.55 195.5 195.6 -0.0007033542909
195.65 195.6 195.7 -0.0004112018647
195.75 195.7 195.8 -0.0003749072986
195.85 195.8 195.9 -1.945831872e-05
195.95 195.9 196 0.0005185423521
196.05 196 196.1 -0.002820370578
196.15 196.1 196.2 -0.0001307705007
196.25 196.2 196.3 -0.0009229950403
196.35 196.3 196.4 0.001618907009
196.45 196.4 196.5 -0.002290568502
196.55 196.5 196.6 -0.001609117324
196.65 196.6 196.7 -0.00103513263
196.75 196.7 196.8 0.000492926256
196.85 196.8 196.9 -0.0002213061802
196.95 196.9 197 -0.003300111056
197.05 197 197.1 0.001732172342
197.15 197.1 197.2 -0.001378929936
197.25 197.2 197.3 -0.0006623495966
197.35 197.3 197.4 7.381149088e-05
197.45 197.4 197.5 0.0004349136417
197.55 197.5 197.6 -0.000211036064
197.65 197.6 197.7 0.0003193738968
197.75 197.7 197.8 -0.0009369798182
197.85 197.8 197.9 0.00448190312
197.95 197.9 198 0.0007810741329
198.05 198 198.1 0.001956350765
198.15 198.1 198.2 -0.002271574818
198.25 198.2 198.3 0.0008400251681
198.35 198.3 198.4 -0.0004882637585
198.45 198.4 198.5 -0.001415518626
198.55 198.5 198.6 -0.000570548399
198.65 198.6 198.7 0.001580589235
198.75 198.7 198.8 -0.001311797584
198.85 198.8 198.9 -0.000585808308
198.95 198.9 199 0.0003375985705
199.05 199 199.1 0.000751694871
199.15 199.1 199.2 -0.0005369644146
199.25 199.2 199.3 -0.000525246434
199.35 199.3 199.4 -0.0005161102222
199.45 199.4 199.5 0.00111710244
199.55 199.5 199.6 0.002055228142
199.65 199.6 199.7 0.0001150436527
199.75 199.7 199.8 0.002145899054
199.85 199.8 199.9 0.001191693193
199.95 199.9 200 0.001591459181
