# Columns: s_cen(1) s_min(2) s_max(3) xi_iso(4)
0.05 0 0.1 8.892474594
0.15 0.1 0.2 10.16585317
0.25 0.2 0.3 19.42350863
0.35 0.3 0.4 16.19553138
0.45 0.4 0.5 22.34244218
0.55 0.5 0.6 22.23191008
0.65 0.6 0.7 22.85243431
0.75 0.7 0.8 21.99710879
0.85 0.8 0.9 20.88538518
0.95 0.9 1 20.16893369
1.05 1 1.1 18.45185209
1.15 1.1 1.2 19.51708813
1.25 1.2 1.3 18.41809128
1.35 1.3 1.4 17.96827522
1.45 1.4 1.5 14.6796158
1.55 1.5 1.6 15.36375712
1.65 1.6 1.7 15.17153727
1.75 1.7 1.8 14.80471504
1.85 1.8 1.9 12.62151148
1.95 1.9 2 11.8811687
2.05 2 2.1 11.94590514
2.15 2.1 2.2 11.30287
2.25 2.2 2.3 10.70906121
2.35 2.3 2.4 9.864663826
2.45 2.4 2.5 9.070261079
2.55 2.5 2.6 8.623753424
2.65 2.6 2.7 8.192382488
2.75 2.7 2.8 7.688273097
2.85 2.8 2.9 7.607348425
2.95 2.9 3 6.817350566
3.05 3 3.1 6.757743576
3.15 3.1 3.2 6.119677958
3.25 3.2 3.3 6.262021237
3.35 3.3 3.4 6.135724176
3.45 3.4 3.5 5.699800358
3.55 3.5 3.6 5.644955814
3.65 3.6 3.7 5.362141729
3.75 3.7 3.8 5.029809404
3.85 3.8 3.9 4.773516415
3.95 3.9 4 4.617851279
4.05 4 4.1 4.490288547
4.15 4.1 4.2 4.442066719
4.25 4.2 4.3 4.232855957
4.35 4.3 4.4 3.997012381
4.45 4.4 4.5 3.843339691
4.55 4.5 4.6 3.902644892
4.65 4.6 4.7 3.783505608
4.75 4.7 4.8 3.614328627
4.85 4.8 4.9 3.452638253
4.95 4.9 5 3.492429863
5.05 5 5.1 3.380491863
5.15 5.1 5.2 3.303559071
5.25 5.2 5.3 3.035998782
5.35 5.3 5.4 3.120408034
5.45 5.4 5.5 2.987887158
5.55 5.5 5.6 2.793852762
5.65 5.6 5.7 2.818472959
5.75 5.7 5.8 2.795305251
5.85 5.8 5.9 2.678143987
5.95 5.9 6 2.680780607
6.05 6 6.1 2.517645616
6.15 6.1 6.2 2.381421438
6.25 6.2 6.3 2.390501968
6.35 6.3 6.4 2.324240228
6.45 6.4 6.5 2.301021136
6.55 6.5 6.6 2.198556326
6.65 6.6 6.7 2.135406377
6.75 6.7 6.8 2.208465905
6.85 6.8 6.9 2.102484908
6.95 6.9 7 2.025302083
7.05 7 7.1 2.090388927
7.15 7.1 7.2 1.934265748
7.25 7.2 7.3 1.987748376
7.35 7.3 7.4 1.904539771
7.45 7.4 7.5 1.831447232
7.55 7.5 7.6 1.799305975
7.65 7.6 7.7 1.714708768
7.75 7.7 7.8 1.67866311
7.85 7.8 7.9 1.660452456
7.95 7.9 8 1.619375425
8.05 8 8.1 1.613557171
8.15 8.1 8.2 1.513762699
8.25 8.2 8.3 1.516457724
8.35 8.3 8.4 1.528054052
8.45 8.4 8.5 1.428743464
8.55 8.5 8.6 1.425027129
8.65 8.6 8.7 1.453346967
8.75 8.7 8.8 1.397841452
8.85 8.8 8.9 1.383252175
8.95 8.9 9 1.325965804
9.05 9 9.1 1.308219303
9.15 9.1 9.2 1.275968443
9.25 9.2 9.3 1.236143491
9.35 9.3 9.4 1.250776566
9.45 9.4 9.5 1.307532882
9.55 9.5 9.6 1.190679713
9.65 9.6 9.7 1.188166481
9.75 9.7 9.8 1.145309671
9.85 9.8 9.9 1.157529403
9.95 9.9 10 1.150331362
10.05 10 10.1 1.095797724
10.15 10.1 10.2 1.015648411
10.25 10.2 10.3 1.09933606
10.35 10.3 10.4 1.054684794
10.45 10.4 10.5 1.027071295
10.55 10.5 10.6 1.024703233
10.65 10.6 10.7 0.9846153664
10.75 10.7 10.8 0.9797841054
10.85 10.8 10.9 0.9666528241
10.95 10.9 11 0.9011984434
11.05 11 11.1 0.9078412956
11.15 11.1 11.2 0.9139744788
11.25 11.2 11.3 0.8827924041
11.35 11.3 11.4 0.9432757603
11.45 11.4 11.5 0.8505259012
11.55 11.5 11.6 0.853489794
11.65 11.6 11.7 0.8441445154
11.75 11.7 11.8 0.8076256023
11.85 11.8 11.9 0.814888929
11.95 11.9 12 0.8369408796
12.05 12 12.1 0.8008896185
12.15 12.1 12.2 0.7842768254
12.25 12.2 12.3 0.7385440067
12.35 12.3 12.4 0.7823061652
12.45 12.4 12.5 0.740392225
12.55 12.5 12.6 0.7441705954
12.65 12.6 12.7 0.7666763759
12.75 12.7 12.8 0.7255660348
12.85 12.8 12.9 0.6756509735
12.95 12.9 13 0.6931894387
13.05 13 13.1 0.7007973274
13.15 13.1 13.2 0.6978036369
13.25 13.2 13.3 0.6766527821
13.35 13.3 13.4 0.6501429802
13.45 13.4 13.5 0.639506937
13.55 13.5 13.6 0.6653795113
13.65 13.6 13.7 0.630747287
13.75 13.7 13.8 0.6276143134
13.85 13.8 13.9 0.6338246193
13.95 13.9 14 0.5950714802
14.05 14 14.1 0.6091579468
14.15 14.1 14.2 0.6118304791
14.25 14.2 14.3 0.5660018095
14.35 14.3 14.4 0.5521002334
14.45 14.4 14.5 0.5620903589
14.55 14.5 14.6 0.5892085197
14.65 14.6 14.7 0.5835548041
14.75 14.7 14.8 0.5903064554
14.85 14.8 14.9 0.5280922166
14.95 14.9 15 0.5465434065
15.05 15 15.1 0.5096532193
15.15 15.1 15.2 0.5104997802
15.25 15.2 15.3 0.5333899129
15.35 15.3 15.4 0.5429416232
15.45 15.4 15.5 0.5015192842
15.55 15.5 15.6 0.4770217845
15.65 15.6 15.7 0.4845146882
15.75 15.7 15.8 0.5004088729
15.85 15.8 15.9 0.4621565145
15.95 15.9 16 0.4564500761
16.05 16 16.1 0.4503352118
16.15 16.1 16.2 0.4715294054
16.25 16.2 16.3 0.4329339922
16.35 16.3 16.4 0.4369735693
16.45 16.4 16.5 0.4594412408
16.55 16.5 16.6 0.4474399801
16.65 16.6 16.7 0.4470361329
16.75 16.7 16.8 0.4216192169
16.85 16.8 16.9 0.4418479072
16.95 16.9 17 0.4125869695
17.05 17 17.1 0.3988507054
17.15 17.1 17.2 0.4009903585
17.25 17.2 17.3 0.3911053417
17.35 17.3 17.4 0.4143031739
17.45 17.4 17.5 0.3940634183
17.55 17.5 17.6 0.3981926443
17.65 17.6 17.7 0.374521468
17.75 17.7 17.8 0.3750506865
17.85 17.8 17.9 0.3897304865
17.95 17.9 18 0.3559545896
18.05 18 18.1 0.3424791913
18.15 18.1 18.2 0.3595584416
18.25 18.2 18.3 0.3696569669
18.35 18.3 18.4 0.3700785204
18.45 18.4 18.5 0.3679571796
18.55 18.5 18.6 0.352936027
18.65 18.6 18.7 0.3545128155
18.75 18.7 18.8 0.3468017238
18.85 18.8 18.9 0.3444464776
18.95 18.9 19 0.3256743536
19.05 19 19.1 0.3426223526
19.15 19.1 19.2 0.3413256864
19.25 19.2 19.3 0.317873249
19.35 19.3 19.4 0.3445046988
19.45 19.4 19.5 0.3256745785
19.55 19.5 19.6 0.3239682162
19.65 19.6 19.7 0.3125168535
19.75 19.7 19.8 0.2926190673
19.85 19.8 19.9 0.3015745592
19.95 19.9 20 0.3075538708
20.05 20 20.1 0.3017147607
20.15 20.1 20.2 0.3129191766
20.25 20.2 20.3 0.3010468569
20.35 20.3 20.4 0.3059575863
20.45 20.4 20.5 0.3023488984
20.55 20.5 20.6 0.2844542068
20.65 20.6 20.7 0.2860968759
20.75 20.7 20.8 0.2866164182
20.85 20.8 20.9 0.2605711126
20.95 20.9 21 0.2919040499
21.05 21 21.1 0.270505155
21.15 21.1 21.2 0.2694131614
21.25 21.2 21.3 0.2656075167
21.35 21.3 21.4 0.2540228209
21.45 21.4 21.5 0.2607832617
21.55 21.5 21.6 0.2466980744
21.65 21.6 21.7 0.2405300416
21.75 21.7 21.8 0.2508152195
21.85 21.8 21.9 0.2484446097
21.95 21.9 22 0.2385040393
22.05 22 22.1 0.2423965219
22.15 22.1 22.2 0.2561952573
22.25 22.2 22.3 0.2367346946
22.35 22.3 22.4 0.2440051509
22.45 22.4 22.5 0.2462946854
22.55 22.5 22.6 0.2263209484
22.65 22.6 22.7 0.2374326965
22.75 22.7 22.8 0.224374341
22.85 22.8 22.9 0.2242483288
22.95 22.9 23 0.2175243009
23.05 23 23.1 0.2176175064
23.15 23.1 23.2 0.2200510281
23.25 23.2 23.3 0.2027215258
23.35 23.3 23.4 0.202286098
23.45 23.4 23.5 0.1961564445
23.55 23.5 23.6 0.2161329648
23.65 23.6 23.7 0.2093623918
23.75 23.7 23.8 0.2180543687
23.85 23.8 23.9 0.2154016144
23.95 23.9 24 0.2047547952
24.05 24 24.1 0.2088400187
24.15 24.1 24.2 0.2002141408
24.25 24.2 24.3 0.1937006938
24.35 24.3 24.4 0.2099122671
24.45 24.4 24.5 0.1962619272
24.55 24.5 24.6 0.1937031534
24.65 24.6 24.7 0.1929195039
24.75 24.7 24.8 0.180854575
24.85 24.8 24.9 0.1841172435
24.95 24.9 25 0.1940475199
25.05 25 25.1 0.1963883059
25.15 25.1 25.2 0.1878541281
25.25 25.2 25.3 0.1819662924
25.35 25.3 25.4 0.1853071964
25.45 25.4 25.5 0.1819727032
25.55 25.5 25.6 0.168221033
25.65 25.6 25.7 0.1926387998
25.75 25.7 25.8 0.1866955319
25.85 25.8 25.9 0.1709214208
25.95 25.9 26 0.1549209467
26.05 26 26.1 0.1849168605
26.15 26.1 26.2 0.1705517261
26.25 26.2 26.3 0.160267758
26.35 26.3 26.4 0.1774419351
26.45 26.4 26.5 0.1644282144
26.55 26.5 26.6 0.1572578867
26.65 26.6 26.7 0.1574827085
26.75 26.7 26.8 0.1547270877
26.85 26.8 26.9 0.173792214
26.95 26.9 27 0.1651319993
27.05 27 27.1 0.1720398523
27.15 27.1 27.2 0.1621079443
27.25 27.2 27.3 0.1470184825
27.35 27.3 27.4 0.1589516352
27.45 27.4 27.5 0.1649573523
27.55 27.5 27.6 0.1521310375
27.65 27.6 27.7 0.1504159679
27.75 27.7 27.8 0.1480483581
27.85 27.8 27.9 0.139563028
27.95 27.9 28 0.1557259334
28.05 28 28.1 0.1358768531
28.15 28.1 28.2 0.156123176
28.25 28.2 28.3 0.1441251525
28.35 28.3 28.4 0.1325094365
28.45 28.4 28.5 0.1404068524
28.55 28.5 28.6 0.1328988255
28.65 28.6 28.7 0.1430476167
28.75 28.7 28.8 0.1411202093
28.85 28.8 28.9 0.1290787726
28.95 28.9 29 0.1323620881
29.05 29 29.1 0.138552639
29.15 29.1 29.2 0.1296940723
29.25 29.2 29.3 0.1287772888
29.35 29.3 29.4 0.1387840337
29.45 29.4 29.5 0.1228647596
29.55 29.5 29.6 0.1409082154
29.65 29.6 29.7 0.1322558755
29.75 29.7 29.8 0.1342452797
29.85 29.8 29.9 0.1183028729
29.95 29.9 30 0.1340780429
30.05 30 30.1 0.126879849
30.15 30.1 30.2 0.1225921681
30.25 30.2 30.3 0.1141218055
30.35 30.3 30.4 0.1378902904
30.45 30.4 30.5 0.1215442826
30.55 30.5 30.6 0.1150722109
30.65 30.6 30.7 0.1240391213
30.75 30.7 30.8 0.1137657739
30.85 30.8 30.9 0.1338120304
30.95 30.9 31 0.120539522
31.05 31 31.1 0.1099371164
31.15 31.1 31.2 0.09203528356
31.25 31.2 31.3 0.1123641768
31.35 31.3 31.4 0.1103883301
31.45 31.4 31.5 0.09618447049
31.55 31.5 31.6 0.106160541
31.65 31.6 31.7 0.1035723339
31.75 31.7 31.8 0.1053654942
31.85 31.8 31.9 0.1082497522
31.95 31.9 32 0.09580322106
32.05 32 32.1 0.1046462668
32.15 32.1 32.2 0.09578760359
32.25 32.2 32.3 0.09479982862
32.35 32.3 32.4 0.102428697
32.45 32.4 32.5 0.09208114836
32.55 32.5 32.6 0.1059181669
32.65 32.6 32.7 0.1080333389
32.75 32.7 32.8 0.1050258783
32.85 32.8 32.9 0.09759072879
32.95 32.9 33 0.09043832312
33.05 33 33.1 0.09361533171
33.15 33.1 33.2 0.09074781803
33.25 33.2 33.3 0.08558040217
33.35 33.3 33.4 0.09461126586
33.45 33.4 33.5 0.09379909209
33.55 33.5 33.6 0.0858853205
33.65 33.6 33.7 0.09519151564
33.75 33.7 33.8 0.09522285666
33.85 33.8 33.9 0.07838661039
33.95 33.9 34 0.08873005508
34.05 34 34.1 0.08698148987
34.15 34.1 34.2 0.091604965
34.25 34.2 34.3 0.08778481307
34.35 34.3 34.4 0.08648524484
34.45 34.4 34.5 0.0838173153
34.55 34.5 34.6 0.08596985233
34.65 34.6 34.7 0.08669552926
34.75 34.7 34.8 0.08919620768
34.85 34.8 34.9 0.085836546
34.95 34.9 35 0.08825784092
35.05 35 35.1 0.07973101823
35.15 35.1 35.2 0.08433389785
35.25 35.2 35.3 0.07842311763
35.35 35.3 35.4 0.07690182452
35.45 35.4 35.5 0.08248961653
35.55 35.5 35.6 0.08852882492
35.65 35.6 35.7 0.08268127182
35.75 35.7 35.8 0.08305120359
35.85 35.8 35.9 0.08470340895
35.95 35.9 36 0.07859717008
36.05 36 36.1 0.0800460204
36.15 36.1 36.2 0.07836891408
36.25 36.2 36.3 0.06604170586
36.35 36.3 36.4 0.07362435919
36.45 36.4 36.5 0.08266731281
36.55 36.5 36.6 0.06778825256
36.65 36.6 36.7 0.07025592789
36.75 36.7 36.8 0.08223576817
36.85 36.8 36.9 0.08098360197
36.95 36.9 37 0.07626076688
37.05 37 37.1 0.07025654262
37.15 37.1 37.2 0.07679364349
37.25 37.2 37.3 0.08112902748
37.35 37.3 37.4 0.07846311898
37.45 37.4 37.5 0.06599100402
37.55 37.5 37.6 0.07905275204
37.65 37.6 37.7 0.0687395554
37.75 37.7 37.8 0.07329758341
37.85 37.8 37.9 0.07653615841
37.95 37.9 38 0.07447805113
38.05 38 38.1 0.06518556467
38.15 38.1 38.2 0.06344274593
38.25 38.2 38.3 0.06582689996
38.35 38.3 38.4 0.07086223536
38.45 38.4 38.5 0.07608854338
38.55 38.5 38.6 0.06427253867
38.65 38.6 38.7 0.06560941357
38.75 38.7 38.8 0.06688249511
38.85 38.8 38.9 0.0714218394
38.95 38.9 39 0.05876292499
39.05 39 39.1 0.05735965301
39.15 39.1 39.2 0.08452202412
39.25 39.2 39.3 0.06522328707
39.35 39.3 39.4 0.06892548724
39.45 39.4 39.5 0.06428916772
39.55 39.5 39.6 0.0607508858
39.65 39.6 39.7 0.06108442222
39.75 39.7 39.8 0.06471071492
39.85 39.8 39.9 0.06263668685
39.95 39.9 40 0.05534153146
40.05 40 40.1 0.06004522801
40.15 40.1 40.2 0.05451904166
40.25 40.2 40.3 0.0652393984
40.35 40.3 40.4 0.06480696901
40.45 40.4 40.5 0.0643460574
40.55 40.5 40.6 0.06443880955
40.65 40.6 40.7 0.05799279963
40.75 40.7 40.8 0.05681395529
40.85 40.8 40.9 0.05877160655
40.95 40.9 41 0.04974957367
41.05 41 41.1 0.05551666025
41.15 41.1 41.2 0.06110545863
41.25 41.2 41.3 0.05709274322
41.35 41.3 41.4 0.05488745462
41.45 41.4 41.5 0.05295435239
41.55 41.5 41.6 0.05661244025
41.65 41.6 41.7 0.07029908273
41.75 41.7 41.8 0.05410395306
41.85 41.8 41.9 0.05540448286
41.95 41.9 42 0.05334078008
42.05 42 42.1 0.05418425713
42.15 42.1 42.2 0.05372774023
42.25 42.2 42.3 0.06314532354
42.35 42.3 42.4 0.05091664702
42.45 42.4 42.5 0.05057224062
42.55 42.5 42.6 0.04892020517
42.65 42.6 42.7 0.05430045811
42.75 42.7 42.8 0.04398909815
42.85 42.8 42.9 0.04886312394
42.95 42.9 43 0.05158959427
43.05 43 43.1 0.04833131809
43.15 43.1 43.2 0.0503101356
43.25 43.2 43.3 0.04526054215
43.35 43.3 43.4 0.04682258301
43.45 43.4 43.5 0.04757716234
43.55 43.5 43.6 0.05114609545
43.65 43.6 43.7 0.04970439078
43.75 43.7 43.8 0.05576130259
43.85 43.8 43.9 0.03763021222
43.95 43.9 44 0.04708362319
44.05 44 44.1 0.04687284497
44.15 44.1 44.2 0.05279062558
44.25 44.2 44.3 0.04635357274
44.35 44.3 44.4 0.040863329
44.45 44.4 44.5 0.05771428218
44.55 44.5 44.6 0.04820769897
44.65 44.6 44.7 0.05316521693
44.75 44.7 44.8 0.04757088753
44.85 44.8 44.9 0.04491286019
44.95 44.9 45 0.04847112945
45.05 45 45.1 0.04316446926
45.15 45.1 45.2 0.0388467912
45.25 45.2 45.3 0.0461897228
45.35 45.3 45.4 0.03755982946
45.45 45.4 45.5 0.04660700569
45.55 45.5 45.6 0.04201100259
45.65 45.6 45.7 0.03595555271
45.75 45.7 45.8 0.03463171861
45.85 45.8 45.9 0.04106459681
45.95 45.9 46 0.03738412292
46.05 46 46.1 0.03722991155
46.15 46.1 46.2 0.04119566075
46.25 46.2 46.3 0.03921609291
46.35 46.3 46.4 0.03838938522
46.45 46.4 46.5 0.03961648192
46.55 46.5 46.6 0.03928668678
46.65 46.6 46.7 0.03527174735
46.75 46.7 46.8 0.03915099909
46.85 46.8 46.9 0.04043607944
46.95 46.9 47 0.04652991711
47.05 47 47.1 0.03990912772
47.15 47.1 47.2 0.03197188845
47.25 47.2 47.3 0.03626078534
47.35 47.3 47.4 0.03671824784
47.45 47.4 47.5 0.04249348984
47.55 47.5 47.6 0.04427398492
47.65 47.6 47.7 0.03593969069
47.75 47.7 47.8 0.03758938054
47.85 47.8 47.9 0.03224558312
47.95 47.9 48 0.03572997447
48.05 48 48.1 0.03814892741
48.15 48.1 48.2 0.03015071829
48.25 48.2 48.3 0.03633047143
48.35 48.3 48.4 0.03548210216
48.45 48.4 48.5 0.03214233485
48.55 48.5 48.6 0.02875021311
48.65 48.6 48.7 0.03095831312
48.75 48.7 48.8 0.03156715716
48.85 48.8 48.9 0.03658389559
48.95 48.9 49 0.02526766901
49.05 49 49.1 0.03049353788
49.15 49.1 49.2 0.04178976001
49.25 49.2 49.3 0.02967251696
49.35 49.3 49.4 0.03821073565
49.45 49.4 49.5 0.03551775867
49.55 49.5 49.6 0.03022935658
49.65 49.6 49.7 0.03466785352
49.75 49.7 49.8 0.03911555866
49.85 49.8 49.9 0.03990868923
49.95 49.9 50 0.03691119636
50.05 50 50.1 0.0328045449
50.15 50.1 50.2 0.03217551113
50.25 50.2 50.3 0.03588969278
50.35 50.3 50.4 0.03935144005
50.45 50.4 50.5 0.04042612964
50.55 50.5 50.6 0.03470474072
50.65 50.6 50.7 0.03361734124
50.75 50.7 50.8 0.03605189838
50.85 50.8 50.9 0.03433365009
50.95 50.9 51 0.03480094092
51.05 51 51.1 0.03159683599
51.15 51.1 51.2 0.03897746288
51.25 51.2 51.3 0.03342996173
51.35 51.3 51.4 0.03379436224
51.45 51.4 51.5 0.03062242822
51.55 51.5 51.6 0.03723854006
51.65 51.6 51.7 0.02431566163
51.75 51.7 51.8 0.02683966837
51.85 51.8 51.9 0.03017678725
51.95 51.9 52 0.034168592
52.05 52 52.1 0.0303469171
52.15 52.1 52.2 0.02713921934
52.25 52.2 52.3 0.03263248716
52.35 52.3 52.4 0.02753405239
52.45 52.4 52.5 0.0316963259
52.55 52.5 52.6 0.03121429053
52.65 52.6 52.7 0.02994861024
52.75 52.7 52.8 0.03331109173
52.85 52.8 52.9 0.03219229111
52.95 52.9 53 0.03134248569
53.05 53 53.1 0.04298657692
53.15 53.1 53.2 0.02997267414
53.25 53.2 53.3 0.02955414436
53.35 53.3 53.4 0.03618184477
53.45 53.4 53.5 0.02563272934
53.55 53.5 53.6 0.028964688
53.65 53.6 53.7 0.0361294354
53.75 53.7 53.8 0.02937237627
53.85 53.8 53.9 0.02365238398
53.95 53.9 54 0.02954988795
54.05 54 54.1 0.02515156889
54.15 54.1 54.2 0.02478007689
54.25 54.2 54.3 0.02139770059
54.35 54.3 54.4 0.02770844615
54.45 54.4 54.5 0.02432348934
54.55 54.5 54.6 0.02641060121
54.65 54.6 54.7 0.02113609476
54.75 54.7 54.8 0.02121118432
54.85 54.8 54.9 0.02340021483
54.95 54.9 55 0.02161583256
55.05 55 55.1 0.02337795309
55.15 55.1 55.2 0.01955166686
55.25 55.2 55.3 0.02362681482
55.35 55.3 55.4 0.02810212993
55.45 55.4 55.5 0.02500755163
55.55 55.5 55.6 0.01980987143
55.65 55.6 55.7 0.02778780307
55.75 55.7 55.8 0.02578755901
55.85 55.8 55.9 0.01831281679
55.95 55.9 56 0.02413622499
56.05 56 56.1 0.02187026703
56.15 56.1 56.2 0.02050110179
56.25 56.2 56.3 0.02472067251
56.35 56.3 56.4 0.02041503298
56.45 56.4 56.5 0.024305562
56.55 56.5 56.6 0.02295339241
56.65 56.6 56.7 0.02763248134
56.75 56.7 56.8 0.0270449715
56.85 56.8 56.9 0.02539621758
56.95 56.9 57 0.02433572288
57.05 57 57.1 0.02201345747
57.15 57.1 57.2 0.02051303849
57.25 57.2 57.3 0.01892441949
57.35 57.3 57.4 0.02884008731
57.45 57.4 57.5 0.02094156048
57.55 57.5 57.6 0.0239284305
57.65 57.6 57.7 0.02156564337
57.75 57.7 57.8 0.01982154835
57.85 57.8 57.9 0.02149068805
57.95 57.9 58 0.03125202322
58.05 58 58.1 0.01925533352
58.15 58.1 58.2 0.0214613862
58.25 58.2 58.3 0.01936426682
58.35 58.3 58.4 0.02724761006
58.45 58.4 58.5 0.02090004173
58.55 58.5 58.6 0.0234777324
58.65 58.6 58.7 0.01726178376
58.75 58.7 58.8 0.02091888388
58.85 58.8 58.9 0.02080875126
58.95 58.9 59 0.02183699456
59.05 59 59.1 0.01953745557
59.15 59.1 59.2 0.0191043651
59.25 59.2 59.3 0.01765925694
59.35 59.3 59.4 0.02120564273
59.45 59.4 59.5 0.01733894411
59.55 59.5 59.6 0.01456910371
59.65 59.6 59.7 0.02680709389
59.75 59.7 59.8 0.02217356178
59.85 59.8 59.9 0.02152604165
59.95 59.9 60 0.01933951748
60.05 60 60.1 0.02428099468
60.15 60.1 60.2 0.02816733795
60.25 60.2 60.3 0.02165406291
60.35 60.3 60.4 0.0209134292
60.45 60.4 60.5 0.0103589214
60.55 60.5 60.6 0.01335625482
60.65 60.6 60.7 0.0181885671
60.75 60.7 60.8 0.01728450951
60.85 60.8 60.9 0.02022607117
60.95 60.9 61 0.02202778332
61.05 61 61.1 0.02105347745
61.15 61.1 61.2 0.0131845554
61.25 61.2 61.3 0.01814011507
61.35 61.3 61.4 0.0211519296
61.45 61.4 61.5 0.02280217268
61.55 61.5 61.6 0.02517562422
61.65 61.6 61.7 0.01277459581
61.75 61.7 61.8 0.02140184288
61.85 61.8 61.9 0.02027563765
61.95 61.9 62 0.01758635687
62.05 62 62.1 0.02189945843
62.15 62.1 62.2 0.02098370349
62.25 62.2 62.3 0.01402909432
62.35 62.3 62.4 0.01768233887
62.45 62.4 62.5 0.01953342865
62.55 62.5 62.6 0.0150519885
62.65 62.6 62.7 0.01544854082
62.75 62.7 62.8 0.01913685161
62.85 62.8 62.9 0.01971249612
62.95 62.9 63 0.01510514784
63.05 63 63.1 0.02103973724
63.15 63.1 63.2 0.01530254882
63.25 63.2 63.3 0.01824600214
63.35 63.3 63.4 0.0166427933
63.45 63.4 63.5 0.01326637251
63.55 63.5 63.6 0.01973666786
63.65 63.6 63.7 0.01929368302
63.75 63.7 63.8 0.01093615074
63.85 63.8 63.9 0.01307285853
63.95 63.9 64 0.02221806944
64.05 64 64.1 0.0198676029
64.15 64.1 64.2 0.01701408689
64.25 64.2 64.3 0.01597890845
64.35 64.3 64.4 0.01531505344
64.45 64.4 64.5 0.01776387759
64.55 64.5 64.6 0.01676548773
64.65 64.6 64.7 0.01098889524
64.75 64.7 64.8 0.01275186655
64.85 64.8 64.9 0.02273888869
64.95 64.9 65 0.009433118451
65.05 65 65.1 0.01174691351
65.15 65.1 65.2 0.01676149853
65.25 65.2 65.3 0.01715999741
65.35 65.3 65.4 0.004117067915
65.45 65.4 65.5 0.0141755896
65.55 65.5 65.6 0.0139084479
65.65 65.6 65.7 0.01473929017
65.75 65.7 65.8 0.01645815854
65.85 65.8 65.9 0.01250028287
65.95 65.9 66 0.01135828709
66.05 66 66.1 0.00945789702
66.15 66.1 66.2 0.01627781779
66.25 66.2 66.3 0.00876574721
66.35 66.3 66.4 0.00888517208
66.45 66.4 66.5 0.0143748834
66.55 66.5 66.6 0.01520765679
66.65 66.6 66.7 0.0100264285
66.75 66.7 66.8 0.01583690268
66.85 66.8 66.9 0.01235343681
66.95 66.9 67 0.01031884335
67.05 67 67.1 0.007497413384
67.15 67.1 67.2 0.01030905591
67.25 67.2 67.3 0.01546411057
67.35 67.3 67.4 0.01437335707
67.45 67.4 67.5 0.01865924704
67.55 67.5 67.6 0.01134826208
67.65 67.6 67.7 0.0146291371
67.75 67.7 67.8 0.01133238181
67.85 67.8 67.9 0.009060405105
67.95 67.9 68 0.01678590843
68.05 68 68.1 0.01408503246
68.15 68.1 68.2 0.005603469287
68.25 68.2 68.3 0.01632891165
68.35 68.3 68.4 0.01230507133
68.45 68.4 68.5 0.01289848108
68.55 68.5 68.6 0.02456153404
68.65 68.6 68.7 0.003153772946
68.75 68.7 68.8 0.01347095999
68.85 68.8 68.9 0.01020624469
68.95 68.9 69 0.01389140765
69.05 69 69.1 0.01542785161
69.15 69.1 69.2 0.008268113984
69.25 69.2 69.3 0.01166675632
69.35 69.3 69.4 0.00955161386
69.45 69.4 69.5 0.01452612051
69.55 69.5 69.6 0.01398409458
69.65 69.6 69.7 0.01042159688
69.75 69.7 69.8 0.015400073
69.85 69.8 69.9 0.01166487658
69.95 69.9 70 0.0133128436
70.05 70 70.1 0.01140651183
70.15 70.1 70.2 0.008433130925
70.25 70.2 70.3 0.01534807205
70.35 70.3 70.4 0.01466656926
70.45 70.4 70.5 0.01290705555
70.55 70.5 70.6 0.01546470775
70.65 70.6 70.7 0.01116323551
70.75 70.7 70.8 0.01555620972
70.85 70.8 70.9 0.01193386663
70.95 70.9 71 0.01848998049
71.05 71 71.1 0.02259740634
71.15 71.1 71.2 0.0159246263
71.25 71.2 71.3 0.008117658634
71.35 71.3 71.4 0.006718821854
71.45 71.4 71.5 0.0152882682
71.55 71.5 71.6 0.01351183399
71.65 71.6 71.7 0.01236137605
71.75 71.7 71.8 0.01435647968
71.85 71.8 71.9 0.009008869292
71.95 71.9 72 0.004006259527
72.05 72 72.1 0.01106453644
72.15 72.1 72.2 0.003267256566
72.25 72.2 72.3 0.01524316679
72.35 72.3 72.4 0.0142480078
72.45 72.4 72.5 0.01292669091
72.55 72.5 72.6 0.01262038548
72.65 72.6 72.7 0.009713836676
72.75 72.7 72.8 0.01180905086
72.85 72.8 72.9 0.01079559404
72.95 72.9 73 0.009866031734
73.05 73 73.1 0.005533442571
73.15 73.1 73.2 0.007747606421
73.25 73.2 73.3 0.009514753012
73.35 73.3 73.4 0.01463039401
73.45 73.4 73.5 0.0135064624
73.55 73.5 73.6 0.009735351083
73.65 73.6 73.7 0.008593523856
73.75 73.7 73.8 0.01866603928
73.85 73.8 73.9 0.009003959911
73.95 73.9 74 0.009721820954
74.05 74 74.1 0.0115852462
74.15 74.1 74.2 0.01498657937
74.25 74.2 74.3 0.01294011594
74.35 74.3 74.4 0.008804126974
74.45 74.4 74.5 0.009943025268
74.55 74.5 74.6 0.01224197223
74.65 74.6 74.7 0.01331406376
74.75 74.7 74.8 0.0146597299
74.85 74.8 74.9 0.01212606876
74.95 74.9 75 0.01466382218
75.05 75 75.1 0.01360814591
75.15 75.1 75.2 0.006524326152
75.25 75.2 75.3 0.009879807265
75.35 75.3 75.4 0.01614435233
75.45 75.4 75.5 0.01157384312
75.55 75.5 75.6 0.01552044713
75.65 75.6 75.7 0.01325503014
75.75 75.7 75.8 0.01478794258
75.85 75.8 75.9 0.0100333464
75.95 75.9 76 0.01223110158
76.05 76 76.1 0.0105235408
76.15 76.1 76.2 0.01437588303
76.25 76.2 76.3 0.01047298214
76.35 76.3 76.4 0.008560310229
76.45 76.4 76.5 0.008042372554
76.55 76.5 76.6 0.00915583924
76.65 76.6 76.7 0.01114622253
76.75 76.7 76.8 0.01023938791
76.85 76.8 76.9 0.01005387875
76.95 76.9 77 0.008872962791
77.05 77 77.1 0.0111789992
77.15 77.1 77.2 0.01081630437
77.25 77.2 77.3 0.003180045141
77.35 77.3 77.4 0.01090162582
77.45 77.4 77.5 0.01621422557
77.55 77.5 77.6 0.009888649222
77.65 77.6 77.7 0.01451309222
77.75 77.7 77.8 0.01872301564
77.85 77.8 77.9 0.01262533845
77.95 77.9 78 0.01425528604
78.05 78 78.1 0.005419543423
78.15 78.1 78.2 0.01044654154
78.25 78.2 78.3 0.01502794211
78.35 78.3 78.4 0.01276186047
78.45 78.4 78.5 0.01318969003
78.55 78.5 78.6 0.008900420307
78.65 78.6 78.7 0.0096556832
78.75 78.7 78.8 0.008548044917
78.85 78.8 78.9 0.01015079774
78.95 78.9 79 0.01418450827
79.05 79 79.1 0.009752765566
79.15 79.1 79.2 0.01075198687
79.25 79.2 79.3 0.008361324965
79.35 79.3 79.4 0.01404650141
79.45 79.4 79.5 0.01429955754
79.55 79.5 79.6 0.008685956464
79.65 79.6 79.7 0.008830916658
79.75 79.7 79.8 0.01166476982
79.85 79.8 79.9 0.00927466041
79.95 79.9 80 0.009898691831
80.05 80 80.1 0.01500339821
80.15 80.1 80.2 0.008154781304
80.25 80.2 80.3 0.009947336774
80.35 80.3 80.4 0.01350603103
80.45 80.4 80.5 0.004299727539
80.55 80.5 80.6 0.00847503348
80.65 80.6 80.7 0.01480256193
80.75 80.7 80.8 0.01078174773
80.85 80.8 80.9 0.009678924696
80.95 80.9 81 0.009142424188
81.05 81 81.1 0.012847994
81.15 81.1 81.2 0.01695221008
81.25 81.2 81.3 0.01450183211
81.35 81.3 81.4 0.0136976637
81.45 81.4 81.5 0.008943010474
81.55 81.5 81.6 0.007995052074
81.65 81.6 81.7 0.008480227327
81.75 81.7 81.8 0.01326875292
81.85 81.8 81.9 0.01583379318
81.95 81.9 82 0.009662718944
82.05 82 82.1 0.01684638493
82.15 82.1 82.2 0.01294377209
82.25 82.2 82.3 0.009838604967
82.35 82.3 82.4 0.009444084815
82.45 82.4 82.5 0.01004955399
82.55 82.5 82.6 0.007555666344
82.65 82.6 82.7 0.01353208542
82.75 82.7 82.8 0.007909834238
82.85 82.8 82.9 0.009558137797
82.95 82.9 83 0.008521087876
83.05 83 83.1 0.009075132205
83.15 83.1 83.2 0.01057324893
83.25 83.2 83.3 0.01258359763
83.35 83.3 83.4 0.01116273946
83.45 83.4 83.5 0.006989210624
83.55 83.5 83.6 0.01240712627
83.65 83.6 83.7 0.009854752229
83.75 83.7 83.8 0.008210198974
83.85 83.8 83.9 0.01322819027
83.95 83.9 84 0.007802780844
84.05 84 84.1 0.009840612079
84.15 84.1 84.2 0.01363574798
84.25 84.2 84.3 0.006383986637
84.35 84.3 84.4 0.006905696208
84.45 84.4 84.5 0.006518766284
84.55 84.5 84.6 0.006407566339
84.65 84.6 84.7 0.01008663696
84.75 84.7 84.8 0.008952797738
84.85 84.8 84.9 0.008296870301
84.95 84.9 85 0.008213497358
85.05 85 85.1 0.0117238927
85.15 85.1 85.2 0.01191006022
85.25 85.2 85.3 0.008185893862
85.35 85.3 85.4 0.009679066058
85.45 85.4 85.5 0.003980675005
85.55 85.5 85.6 0.0113597515
85.65 85.6 85.7 0.01129833132
85.75 85.7 85.8 0.01527108684
85.85 85.8 85.9 0.01203639038
85.95 85.9 86 0.0113926308
86.05 86 86.1 0.009684344221
86.15 86.1 86.2 0.007493091574
86.25 86.2 86.3 0.008778581965
86.35 86.3 86.4 0.008610416909
86.45 86.4 86.5 0.01389832578
86.55 86.5 86.6 0.01299363673
86.65 86.6 86.7 0.004205207023
86.75 86.7 86.8 0.01175916953
86.85 86.8 86.9 0.01480844758
86.95 86.9 87 0.00588874317
87.05 87 87.1 0.01341780469
87.15 87.1 87.2 0.0115556788
87.25 87.2 87.3 0.007716938678
87.35 87.3 87.4 0.01135028345
87.45 87.4 87.5 0.01016622558
87.55 87.5 87.6 0.007169472998
87.65 87.6 87.7 0.006091828901
87.75 87.7 87.8 0.00929142135
87.85 87.8 87.9 0.01166894363
87.95 87.9 88 0.01229077667
88.05 88 88.1 0.0123910104
88.15 88.1 88.2 0.01030787401
88.25 88.2 88.3 0.009250361747
88.35 88.3 88.4 0.007387441029
88.45 88.4 88.5 0.007981547952
88.55 88.5 88.6 0.006851813474
88.65 88.6 88.7 0.00948357242
88.75 88.7 88.8 0.01080204039
88.85 88.8 88.9 0.008565970695
88.95 88.9 89 0.01545196733
89.05 89 89.1 0.008136169083
89.15 89.1 89.2 0.006971865547
89.25 89.2 89.3 0.01020369409
89.35 89.3 89.4 0.006394311684
89.45 89.4 89.5 0.01035911873
89.55 89.5 89.6 0.009157730587
89.65 89.6 89.7 0.008121577618
89.75 89.7 89.8 0.009120271229
89.85 89.8 89.9 0.01174146134
89.95 89.9 90 0.007506906591
90.05 90 90.1 0.01710677366
90.15 90.1 90.2 0.01568681399
90.25 90.2 90.3 0.01159575911
90.35 90.3 90.4 0.01270326945
90.45 90.4 90.5 0.009787469976
90.55 90.5 90.6 0.01143695569
90.65 90.6 90.7 0.01344899548
90.75 90.7 90.8 0.007912612593
90.85 90.8 90.9 0.009572217409
90.95 90.9 91 0.01250912798
91.05 91 91.1 0.01216362101
91.15 91.1 91.2 0.008376013309
91.25 91.2 91.3 0.01327385342
91.35 91.3 91.4 0.01848399595
91.45 91.4 91.5 0.01146237677
91.55 91.5 91.6 0.01339593402
91.65 91.6 91.7 0.01113013405
91.75 91.7 91.8 0.01079642358
91.85 91.8 91.9 0.009310888374
91.95 91.9 92 0.006794666022
92.05 92 92.1 0.01082623256
92.15 92.1 92.2 0.01630040686
92.25 92.2 92.3 0.01246361846
92.35 92.3 92.4 0.01348657946
92.45 92.4 92.5 0.01357053052
92.55 92.5 92.6 0.01168043611
92.65 92.6 92.7 0.01059140925
92.75 92.7 92.8 0.008070987113
92.85 92.8 92.9 0.01569708111
92.95 92.9 93 0.01031980729
93.05 93 93.1 0.009785369216
93.15 93.1 93.2 0.009232211477
93.25 93.2 93.3 0.01104901704
93.35 93.3 93.4 0.01273487389
93.45 93.4 93.5 0.01332449274
93.55 93.5 93.6 0.007711163555
93.65 93.6 93.7 0.01201292274
93.75 93.7 93.8 0.009697215695
93.85 93.8 93.9 0.01137580662
93.95 93.9 94 0.01126545065
94.05 94 94.1 0.008915505523
94.15 94.1 94.2 0.01042594696
94.25 94.2 94.3 0.009043669683
94.35 94.3 94.4 0.01613237564
94.45 94.4 94.5 0.01060958803
94.55 94.5 94.6 0.01257594251
94.65 94.6 94.7 0.01230935211
94.75 94.7 94.8 0.01355361514
94.85 94.8 94.9 0.008407221216
94.95 94.9 95 0.01097759196
95.05 95 95.1 0.01022768214
95.15 95.1 95.2 0.01198935961
95.25 95.2 95.3 0.01025549475
95.35 95.3 95.4 0.009708605326
95.45 95.4 95.5 0.01521206918
95.55 95.5 95.6 0.008719385342
95.65 95.6 95.7 0.01343010985
95.75 95.7 95.8 0.01076795807
95.85 95.8 95.9 0.01246832062
95.95 95.9 96 0.01604513651
96.05 96 96.1 0.01659009503
96.15 96.1 96.2 0.01455559694
96.25 96.2 96.3 0.01164825469
96.35 96.3 96.4 0.01613533258
96.45 96.4 96.5 0.01166987491
96.55 96.5 96.6 0.01090427008
96.65 96.6 96.7 0.01033134809
96.75 96.7 96.8 0.01264934625
96.85 96.8 96.9 0.01124233912
96.95 96.9 97 0.01222775704
97.05 97 97.1 0.01707209893
97.15 97.1 97.2 0.01447715618
97.25 97.2 97.3 0.01193410946
97.35 97.3 97.4 0.01320230447
97.45 97.4 97.5 0.01075834037
97.55 97.5 97.6 0.01348140007
97.65 97.6 97.7 0.00792167396
97.75 97.7 97.8 0.01418299984
97.85 97.8 97.9 0.01108423144
97.95 97.9 98 0.01459994218
98.05 98 98.1 0.0101119382
98.15 98.1 98.2 0.01371875768
98.25 98.2 98.3 0.01219224649
98.35 98.3 98.4 0.01242953141
98.45 98.4 98.5 0.01800215163
98.55 98.5 98.6 0.01345793432
98.65 98.6 98.7 0.01357864802
98.75 98.7 98.8 0.01051546342
98.85 98.8 98.9 0.01243966817
98.95 98.9 99 0.01480454421
99.05 99 99.1 0.01406156995
99.15 99.1 99.2 0.01505454387
99.25 99.2 99.3 0.01323080317
99.35 99.3 99.4 0.01303173974
99.45 99.4 99.5 0.01365087533
99.55 99.5 99.6 0.01257008417
99.65 99.6 99.7 0.01008456646
99.75 99.7 99.8 0.0100773695
99.85 99.8 99.9 0.01354858758
99.95 99.9 100 0.0121783125
100.05 100 100.1 0.009979154421
100.15 100.1 100.2 0.01154482958
100.25 100.2 100.3 0.01479355324
100.35 100.3 100.4 0.01075253551
100.45 100.4 100.5 0.01231837899
100.55 100.5 100.6 0.01433372065
100.65 100.6 100.7 0.01223891654
100.75 100.7 100.8 0.01142357637
100.85 100.8 100.9 0.01391717508
100.95 100.9 101 0.01446894157
101.05 101 101.1 0.01419021107
101.15 101.1 101.2 0.01009641172
101.25 101.2 101.3 0.01363712862
101.35 101.3 101.4 0.01306425277
101.45 101.4 101.5 0.01407424857
101.55 101.5 101.6 0.009419837772
101.65 101.6 101.7 0.01188281009
101.75 101.7 101.8 0.01405851939
101.85 101.8 101.9 0.01532634118
101.95 101.9 102 0.01038643322
102.05 102 102.1 0.01220298985
102.15 102.1 102.2 0.01126615849
102.25 102.2 102.3 0.01108199117
102.35 102.3 102.4 0.01137560102
102.45 102.4 102.5 0.01220273094
102.55 102.5 102.6 0.007712764643
102.65 102.6 102.7 0.007341554686
102.75 102.7 102.8 0.01196747655
102.85 102.8 102.9 0.01365878198
102.95 102.9 103 0.01481501595
103.05 103 103.1 0.008974513475
103.15 103.1 103.2 0.01257662644
103.25 103.2 103.3 0.0100035839
103.35 103.3 103.4 0.01211919574
103.45 103.4 103.5 0.01251322774
103.55 103.5 103.6 0.01247417201
103.65 103.6 103.7 0.01436956876
103.75 103.7 103.8 0.009829859801
103.85 103.8 103.9 0.01245956749
103.95 103.9 104 0.01344379533
104.05 104 104.1 0.01108388719
104.15 104.1 104.2 0.01470806662
104.25 104.2 104.3 0.01236510445
104.35 104.3 104.4 0.01230898835
104.45 104.4 104.5 0.01129543521
104.55 104.5 104.6 0.009626713921
104.65 104.6 104.7 0.01098342295
104.75 104.7 104.8 0.01336380604
104.85 104.8 104.9 0.01491723028
104.95 104.9 105 0.01240468437
105.05 105 105.1 0.01122611047
105.15 105.1 105.2 0.01104018599
105.25 105.2 105.3 0.01145057075
105.35 105.3 105.4 0.008976741051
105.45 105.4 105.5 0.009237836692
105.55 105.5 105.6 0.01432019906
105.65 105.6 105.7 0.0107891887
105.75 105.7 105.8 0.01133192501
105.85 105.8 105.9 0.0132021611
105.95 105.9 106 0.01383958617
106.05 106 106.1 0.01171536467
106.15 106.1 106.2 0.007800781815
106.25 106.2 106.3 0.01390110872
106.35 106.3 106.4 0.01066473593
106.45 106.4 106.5 0.01269157267
106.55 106.5 106.6 0.008793704108
106.65 106.6 106.7 0.01142960836
106.75 106.7 106.8 0.009365784444
106.85 106.8 106.9 0.007758400001
106.95 106.9 107 0.01336734962
107.05 107 107.1 0.008613531934
107.15 107.1 107.2 0.01116124495
107.25 107.2 107.3 0.009487417829
107.35 107.3 107.4 0.009570814204
107.45 107.4 107.5 0.008750253924
107.55 107.5 107.6 0.01201221
107.65 107.6 107.7 0.01011065664
107.75 107.7 107.8 0.01610163044
107.85 107.8 107.9 0.01027401793
107.95 107.9 108 0.009669789586
108.05 108 108.1 0.01036333576
108.15 108.1 108.2 0.00939316544
108.25 108.2 108.3 0.01046813636
108.35 108.3 108.4 0.008499311829
108.45 108.4 108.5 0.009813082781
108.55 108.5 108.6 0.006546701751
108.65 108.6 108.7 0.007361688556
108.75 108.7 108.8 0.006158034778
108.85 108.8 108.9 0.008384269619
108.95 108.9 109 0.01058808887
109.05 109 109.1 0.006116387058
109.15 109.1 109.2 0.01002807814
109.25 109.2 109.3 0.0112365644
109.35 109.3 109.4 0.01068820537
109.45 109.4 109.5 0.007121580518
109.55 109.5 109.6 0.01156677371
109.65 109.6 109.7 0.01026798429
109.75 109.7 109.8 0.009212343416
109.85 109.8 109.9 0.009632833986
109.95 109.9 110 0.007797619839
110.05 110 110.1 0.006168112243
110.15 110.1 110.2 0.01198658316
110.25 110.2 110.3 0.008624004196
110.35 110.3 110.4 0.01125183475
110.45 110.4 110.5 0.009221720386
110.55 110.5 110.6 0.007759669154
110.65 110.6 110.7 0.01103211364
110.75 110.7 110.8 0.002885161285
110.85 110.8 110.9 0.008293986527
110.95 110.9 111 0.007010353452
111.05 111 111.1 0.009691502699
111.15 111.1 111.2 0.01020772384
111.25 111.2 111.3 0.008199446321
111.35 111.3 111.4 0.01014814048
111.45 111.4 111.5 0.004562080247
111.55 111.5 111.6 0.005284981786
111.65 111.6 111.7 0.006705723491
111.75 111.7 111.8 0.01034014067
111.85 111.8 111.9 0.008884312063
111.95 111.9 112 0.007345975584
112.05 112 112.1 0.005991387076
112.15 112.1 112.2 0.01040344251
112.25 112.2 112.3 0.009423713275
112.35 112.3 112.4 0.007533614598
112.45 112.4 112.5 0.008484437768
112.55 112.5 112.6 0.01352390231
112.65 112.6 112.7 0.003894648163
112.75 112.7 112.8 0.0120189545
112.85 112.8 112.9 0.007480477481
112.95 112.9 113 0.008555681551
113.05 113 113.1 0.005907200793
113.15 113.1 113.2 0.009754542772
113.25 113.2 113.3 0.008338511334
113.35 113.3 113.4 0.006463222399
113.45 113.4 113.5 0.008194021674
113.55 113.5 113.6 0.009543188114
113.65 113.6 113.7 0.007230680826
113.75 113.7 113.8 0.003761013415
113.85 113.8 113.9 0.009850072574
113.95 113.9 114 0.008564865101
114.05 114 114.1 0.008106593223
114.15 114.1 114.2 0.006073512898
114.25 114.2 114.3 0.00565496152
114.35 114.3 114.4 0.007327345856
114.45 114.4 114.5 0.008876902118
114.55 114.5 114.6 0.005510164833
114.65 114.6 114.7 0.009826988456
114.75 114.7 114.8 0.008472740632
114.85 114.8 114.9 0.007446337311
114.95 114.9 115 0.00697190818
115.05 115 115.1 0.007151180467
115.15 115.1 115.2 0.009970265611
115.25 115.2 115.3 0.007728249573
115.35 115.3 115.4 0.006033156485
115.45 115.4 115.5 0.005879095029
115.55 115.5 115.6 0.009818836045
115.65 115.6 115.7 0.005790900968
115.75 115.7 115.8 0.008986535327
115.85 115.8 115.9 0.01131582543
115.95 115.9 116 0.009974907871
116.05 116 116.1 0.005469841126
116.15 116.1 116.2 0.009218792901
116.25 116.2 116.3 0.005911514358
116.35 116.3 116.4 0.009947440194
116.45 116.4 116.5 0.007794302153
116.55 116.5 116.6 0.004253895716
116.65 116.6 116.7 0.009746021189
116.75 116.7 116.8 0.008548586996
116.85 116.8 116.9 0.007295811721
116.95 116.9 117 0.006935483206
117.05 117 117.1 0.009373495324
117.15 117.1 117.2 0.008023262006
117.25 117.2 117.3 0.00848652667
117.35 117.3 117.4 0.008050590809
117.45 117.4 117.5 0.002737810579
117.55 117.5 117.6 0.007046947948
117.65 117.6 117.7 0.01161362352
117.75 117.7 117.8 0.007596291854
117.85 117.8 117.9 0.005043752448
117.95 117.9 118 0.006675050464
118.05 118 118.1 0.007291788673
118.15 118.1 118.2 0.004753800397
118.25 118.2 118.3 0.008692779111
118.35 118.3 118.4 0.006296301665
118.45 118.4 118.5 0.005341936369
118.55 118.5 118.6 0.007680302277
118.65 118.6 118.7 0.009421450288
118.75 118.7 118.8 0.008862629512
118.85 118.8 118.9 0.00673098285
118.95 118.9 119 0.00846232348
119.05 119 119.1 0.007188127085
119.15 119.1 119.2 0.006983592914
119.25 119.2 119.3 0.006484665686
119.35 119.3 119.4 0.006911752184
119.45 119.4 119.5 0.005707519378
119.55 119.5 119.6 0.004896157971
119.65 119.6 119.7 0.007937102648
119.75 119.7 119.8 0.001452801192
119.85 119.8 119.9 0.01022809279
119.95 119.9 120 0.007860977803
120.05 120 120.1 0.007385327881
120.15 120.1 120.2 0.005587382043
120.25 120.2 120.3 0.004832814587
120.35 120.3 120.4 0.008409487346
120.45 120.4 120.5 0.003354149347
120.55 120.5 120.6 0.005910510466
120.65 120.6 120.7 0.004245962426
120.75 120.7 120.8 0.005617655573
120.85 120.8 120.9 0.007955956709
120.95 120.9 121 0.004762231333
121.05 121 121.1 0.004366028943
121.15 121.1 121.2 0.005489281262
121.25 121.2 121.3 0.002123301476
121.35 121.3 121.4 0.003359949179
121.45 121.4 121.5 0.001321420444
121.55 121.5 121.6 0.001018424472
121.65 121.6 121.7 0.008494294821
121.75 121.7 121.8 0.006916200835
121.85 121.8 121.9 0.004155988407
121.95 121.9 122 0.005629456761
122.05 122 122.1 0.003135542333
122.15 122.1 122.2 0.002946806302
122.25 122.2 122.3 0.01273368581
122.35 122.3 122.4 0.002370464011
122.45 122.4 122.5 0.005121112341
122.55 122.5 122.6 0.007362754719
122.65 122.6 122.7 0.00372498655
122.75 122.7 122.8 0.00583852291
122.85 122.8 122.9 0.003791925801
122.95 122.9 123 0.00568686184
123.05 123 123.1 0.006240047255
123.15 123.1 123.2 0.005368846867
123.25 123.2 123.3 0.005181441557
123.35 123.3 123.4 0.004228627578
123.45 123.4 123.5 0.005301647794
123.55 123.5 123.6 0.005567063572
123.65 123.6 123.7 0.003776599498
123.75 123.7 123.8 0.007041597095
123.85 123.8 123.9 0.0009914343499
123.95 123.9 124 0.003086888598
124.05 124 124.1 0.003891879431
124.15 124.1 124.2 0.003696940828
124.25 124.2 124.3 0.008389082287
124.35 124.3 124.4 0.002557118128
124.45 124.4 124.5 0.003657868274
124.55 124.5 124.6 0.002995796913
124.65 124.6 124.7 0.005064354157
124.75 124.7 124.8 0.004732368939
124.85 124.8 124.9 0.003292135283
124.95 124.9 125 0.002839181674
125.05 125 125.1 0.004912868336
125.15 125.1 125.2 0.005018010386
125.25 125.2 125.3 0.003785598382
125.35 125.3 125.4 0.005192553429
125.45 125.4 125.5 0.00288906311
125.55 125.5 125.6 0.005301644189
125.65 125.6 125.7 0.005695556946
125.75 125.7 125.8 0.00267054145
125.85 125.8 125.9 0.002650582505
125.95 125.9 126 0.006321196518
126.05 126 126.1 0.006431193499
126.15 126.1 126.2 0.005047691467
126.25 126.2 126.3 0.005017321774
126.35 126.3 126.4 0.003838141563
126.45 126.4 126.5 0.006446849826
126.55 126.5 126.6 0.003034441658
126.65 126.6 126.7 0.005727497048
126.75 126.7 126.8 0.001870300701
126.85 126.8 126.9 0.001934740382
126.95 126.9 127 0.005664045951
127.05 127 127.1 0.008021597489
127.15 127.1 127.2 0.003506234022
127.25 127.2 127.3 0.00602294404
127.35 127.3 127.4 0.0006253889639
127.45 127.4 127.5 0.002060108487
127.55 127.5 127.6 0.004026589842
127.65 127.6 127.7 0.00492868051
127.75 127.7 127.8 0.008300000378
127.85 127.8 127.9 0.002716833149
127.95 127.9 128 0.004990084864
128.05 128 128.1 0.00223954092
128.15 128.1 128.2 0.002825001407
128.25 128.2 128.3 0.002782510069
128.35 128.3 128.4 0.004458272422
128.45 128.4 128.5 0.004625650434
128.55 128.5 128.6 0.007371210951
128.65 128.6 128.7 0.003698434862
128.75 128.7 128.8 0.004856164007
128.85 128.8 128.9 0.005514141174
128.95 128.9 129 0.003771497728
129.05 129 129.1 0.002724934599
129.15 129.1 129.2 0.003836481069
129.25 129.2 129.3 0.003740601761
129.35 129.3 129.4 0.004653310706
129.45 129.4 129.5 0.00393461693
129.55 129.5 129.6 0.004408844625
129.65 129.6 129.7 0.003278246276
129.75 129.7 129.8 0.004748097297
129.85 129.8 129.9 0.003586750364
129.95 129.9 130 0.005621036984
130.05 130 130.1 0.004098634001
130.15 130.1 130.2 0.001965741029
130.25 130.2 130.3 0.003517932889
130.35 130.3 130.4 0.006985035314
130.45 130.4 130.5 0.00549326784
130.55 130.5 130.6 0.005264849354
130.65 130.6 130.7 0.00275106508
130.75 130.7 130.8 0.004521033429
130.85 130.8 130.9 0.001567160376
130.95 130.9 131 0.001377681153
131.05 131 131.1 0.003736004033
131.15 131.1 131.2 0.005933966346
131.25 131.2 131.3 0.005870450191
131.35 131.3 131.4 0.006204372204
131.45 131.4 131.5 0.002383729058
131.55 131.5 131.6 0.006490581496
131.65 131.6 131.7 0.003876384723
131.75 131.7 131.8 0.0001594413761
131.85 131.8 131.9 0.006269856893
131.95 131.9 132 0.003607282092
132.05 132 132.1 0.005342166711
132.15 132.1 132.2 0.003418203648
132.25 132.2 132.3 0.00212930901
132.35 132.3 132.4 0.002774748014
132.45 132.4 132.5 0.002700523776
132.55 132.5 132.6 0.003996973538
132.65 132.6 132.7 0.001988538501
132.75 132.7 132.8 0.005918376188
132.85 132.8 132.9 0.004717263732
132.95 132.9 133 0.00477149833
133.05 133 133.1 0.004501266238
133.15 133.1 133.2 0.003969890852
133.25 133.2 133.3 0.004433773145
133.35 133.3 133.4 0.00183494189
133.45 133.4 133.5 0.002498638702
133.55 133.5 133.6 0.003785547695
133.65 133.6 133.7 0.004220652978
133.75 133.7 133.8 0.005337407482
133.85 133.8 133.9 0.003545681433
133.95 133.9 134 0.001658750215
134.05 134 134.1 0.002075500307
134.15 134.1 134.2 0.003384191852
134.25 134.2 134.3 0.003163927802
134.35 134.3 134.4 -0.0006672629822
134.45 134.4 134.5 0.002309596989
134.55 134.5 134.6 0.005288708769
134.65 134.6 134.7 0.003766169281
134.75 134.7 134.8 0.003420138922
134.85 134.8 134.9 0.005427400861
134.95 134.9 135 0.0005517651861
135.05 135 135.1 0.00346630665
135.15 135.1 135.2 0.003122464631
135.25 135.2 135.3 0.004265723377
135.35 135.3 135.4 0.002817548998
135.45 135.4 135.5 0.003427725063
135.55 135.5 135.6 0.003739443366
135.65 135.6 135.7 0.002758846798
135.75 135.7 135.8 0.0002793503435
135.85 135.8 135.9 0.00365196382
135.95 135.9 136 0.001805217885
136.05 136 136.1 0.003302486466
136.15 136.1 136.2 0.002506668801
136.25 136.2 136.3 0.004589354281
136.35 136.3 136.4 0.002585890744
136.45 136.4 136.5 0.0002101440291
136.55 136.5 136.6 0.005004626453
136.65 136.6 136.7 0.004966261792
136.75 136.7 136.8 0.004012826165
136.85 136.8 136.9 0.003949336526
136.95 136.9 137 0.004631117068
137.05 137 137.1 0.004730766402
137.15 137.1 137.2 0.004368669138
137.25 137.2 137.3 0.007432408682
137.35 137.3 137.4 0.002032045159
137.45 137.4 137.5 0.0051423
137.55 137.5 137.6 -0.0004335923055
137.65 137.6 137.7 0.004542382948
137.75 137.7 137.8 0.003755594448
137.85 137.8 137.9 0.003216647804
137.95 137.9 138 0.00167457224
138.05 138 138.1 0.005314137684
138.15 138.1 138.2 0.0006655002531
138.25 138.2 138.3 0.00370589727
138.35 138.3 138.4 0.004388684654
138.45 138.4 138.5 0.0005331931403
138.55 138.5 138.6 0.002688696417
138.65 138.6 138.7 0.001309363879
138.75 138.7 138.8 0.003127443632
138.85 138.8 138.9 0.004714363826
138.95 138.9 139 0.00451513331
139.05 139 139.1 0.001915386669
139.15 139.1 139.2 0.002995798457
139.25 139.2 139.3 0.0009776504571
139.35 139.3 139.4 0.004054082544
139.45 139.4 139.5 0.003791909003
139.55 139.5 139.6 0.001537474165
139.65 139.6 139.7 0.003022940862
139.75 139.7 139.8 0.005945052786
139.85 139.8 139.9 0.005408782725
139.95 139.9 140 0.001938220689
140.05 140 140.1 0.003321839471
140.15 140.1 140.2 0.004215274356
140.25 140.2 140.3 0.001813267505
140.35 140.3 140.4 0.002500765462
140.45 140.4 140.5 0.002463904649
140.55 140.5 140.6 0.001795357462
140.65 140.6 140.7 0.0009902955815
140.75 140.7 140.8 0.001413690718
140.85 140.8 140.9 0.001945400052
140.95 140.9 141 0.003470630471
141.05 141 141.1 7.542867104e-06
141.15 141.1 141.2 0.005206727363
141.25 141.2 141.3 0.004846163286
141.35 141.3 141.4 0.001647889548
141.45 141.4 141.5 -0.0006223956237
141.55 141.5 141.6 -6.805006476e-05
141.65 141.6 141.7 0.004772689667
141.75 141.7 141.8 0.0001959007329
141.85 141.8 141.9 0.001985473141
141.95 141.9 142 0.0004566072379
142.05 142 142.1 0.002285679236
142.15 142.1 142.2 0.004194654286
142.25 142.2 142.3 0.001246790146
142.35 142.3 142.4 0.001453254131
142.45 142.4 142.5 0.004753451573
142.55 142.5 142.6 0.00252730832
142.65 142.6 142.7 0.002514814406
142.75 142.7 142.8 0.001291322965
142.85 142.8 142.9 0.0005927968933
142.95 142.9 143 0.00109239769
143.05 143 143.1 0.0008634863275
143.15 143.1 143.2 0.00289023511
143.25 143.2 143.3 0.0006542723688
143.35 143.3 143.4 0.002965278532
143.45 143.4 143.5 0.002349000819
143.55 143.5 143.6 0.002566429495
143.65 143.6 143.7 0.002222548285
143.75 143.7 143.8 0.003881962129
143.85 143.8 143.9 0.005043984183
143.95 143.9 144 0.0007959754795
144.05 144 144.1 0.001682203051
144.15 144.1 144.2 0.003122425106
144.25 144.2 144.3 0.001288682997
144.35 144.3 144.4 -0.003490910351
144.45 144.4 144.5 0.00241553066
144.55 144.5 144.6 0.0002154940929
144.65 144.6 144.7 -0.001669431999
144.75 144.7 144.8 0.002796145947
144.85 144.8 144.9 0.00148100969
144.95 144.9 145 0.002615772895
145.05 145 145.1 0.001609220264
145.15 145.1 145.2 0.003505873389
145.25 145.2 145.3 0.0005496522952
145.35 145.3 145.4 0.007719866128
145.45 145.4 145.5 0.0007257711148
145.55 145.5 145.6 0.001571694991
145.65 145.6 145.7 0.002728958935
145.75 145.7 145.8 0.0009634783632
145.85 145.8 145.9 0.003634968489
145.95 145.9 146 0.001682592581
146.05 146 146.1 0.003973875405
146.15 146.1 146.2 0.002403914824
146.25 146.2 146.3 0.002333750484
146.35 146.3 146.4 0.001127774543
146.45 146.4 146.5 0.002249338844
146.55 146.5 146.6 4.177622515e-05
146.65 146.6 146.7 0.00102713376
146.75 146.7 146.8 0.004303522729
146.85 146.8 146.9 0.003485257463
146.95 146.9 147 0.002049560549
147.05 147 147.1 0.001905371051
147.15 147.1 147.2 0.001966647132
147.25 147.2 147.3 0.0001510900914
147.35 147.3 147.4 0.0009041187246
147.45 147.4 147.5 0.002865166468
147.55 147.5 147.6 0.002726788758
147.65 147.6 147.7 0.001482796445
147.75 147.7 147.8 0.001417380047
147.85 147.8 147.9 0.001002675588
147.95 147.9 148 0.003441355877
148.05 148 148.1 0.001364761495
148.15 148.1 148.2 0.0004905512321
148.25 148.2 148.3 0.005058419309
148.35 148.3 148.4 0.002023861662
148.45 148.4 148.5 -0.0007964464508
148.55 148.5 148.6 0.002534068644
148.65 148.6 148.7 -0.001186727134
148.75 148.7 148.8 0.0009500360784
148.85 148.8 148.9 0.004113861189
148.95 148.9 149 0.001802453571
149.05 149 149.1 0.00392136911
149.15 149.1 149.2 0.0006954718443
149.25 149.2 149.3 0.001896873682
149.35 149.3 149.4 0.001465633496
149.45 149.4 149.5 0.004456061303
149.55 149.5 149.6 -0.0003206726092
149.65 149.6 149.7 0.001954863862
149.75 149.7 149.8 0.004587016943
149.85 149.8 149.9 0.001326145218
149.95 149.9 150 0.001349005998
150.05 150 150.1 0.002087823462
150.15 150.1 150.2 -0.00225756354
150.25 150.2 150.3 0.002529949535
150.35 150.3 150.4 0.002548748495
150.45 150.4 150.5 0.002957786261
150.55 150.5 150.6 0.001314748968
150.65 150.6 150.7 0.002641629402
150.75 150.7 150.8 -0.001587166856
150.85 150.8 150.9 0.001693543648
150.95 150.9 151 0.001638586739
151.05 151 151.1 0.003620269568
151.15 151.1 151.2 0.001501395854
151.25 151.2 151.3 -0.0006518314376
151.35 151.3 151.4 0.00196111713
151.45 151.4 151.5 0.001343066458
151.55 151.5 151.6 0.004495455437
151.65 151.6 151.7 0.00423019485
151.75 151.7 151.8 -0.0009434814974
151.85 151.8 151.9 0.003711893172
151.95 151.9 152 0.003279927649
152.05 152 152.1 -0.0003756275262
152.15 152.1 152.2 0.003849110693
152.25 152.2 152.3 0.004615849406
152.35 152.3 152.4 0.002920847718
152.45 152.4 152.5 0.001276574735
152.55 152.5 152.6 0.002788833256
152.65 152.6 152.7 0.002527504671
152.75 152.7 152.8 0.00197505674
152.85 152.8 152.9 0.002571296025
152.95 152.9 153 0.0007712459197
153.05 153 153.1 0.0003690160359
153.15 153.1 153.2 0.002162745333
153.25 153.2 153.3 0.0008084241677
153.35 153.3 153.4 -0.001919430265
153.45 153.4 153.5 0.005454462331
153.55 153.5 153.6 0.001928035151
153.65 153.6 153.7 0.0003322617018
153.75 153.7 153.8 0.003905758477
153.85 153.8 153.9 0.001930838257
153.95 153.9 154 0.002567911321
154.05 154 154.1 0.003770845414
154.15 154.1 154.2 0.0009526911228
154.25 154.2 154.3 0.003862599045
154.35 154.3 154.4 0.003434808668
154.45 154.4 154.5 -0.0005436638482
154.55 154.5 154.6 0.004164575548
154.65 154.6 154.7 0.001669871513
154.75 154.7 154.8 0.001354972039
154.85 154.8 154.9 0.001659157013
154.95 154.9 155 0.004127781306
155.05 155 155.1 0.005556059099
155.15 155.1 155.2 0.001849936435
155.25 155.2 155.3 0.00148680736
155.35 155.3 155.4 -0.001257580556
155.45 155.4 155.5 0.001250654296
155.55 155.5 155.6 3.100085851e-05
155.65 155.6 155.7 -5.679462943e-05
155.75 155.7 155.8 0.0007360820508
155.85 155.8 155.9 0.001980948691
155.95 155.9 156 0.0002501823698
156.05 156 156.1 0.002078449754
156.15 156.1 156.2 0.002480664844
156.25 156.2 156.3 0.001766626582
156.35 156.3 156.4 0.002914288067
156.45 156.4 156.5 0.00353160342
156.55 156.5 156.6 0.001949138166
156.65 156.6 156.7 0.002688162921
156.75 156.7 156.8 0.001783627221
156.85 156.8 156.9 0.001621261402
156.95 156.9 157 0.003944240486
157.05 157 157.1 0.0025389216
157.15 157.1 157.2 0.0007022635005
157.25 157.2 157.3 0.003542636482
157.35 157.3 157.4 0.004000561065
157.45 157.4 157.5 0.00144544187
157.55 157.5 157.6 0.002794932451
157.65 157.6 157.7 0.002173765333
157.75 157.7 157.8 0.0001944488031
157.85 157.8 157.9 0.003314027476
157.95 157.9 158 -0.0003078572273
158.05 158 158.1 0.001963134812
158.15 158.1 158.2 0.002099454751
158.25 158.2 158.3 -0.0005043607111
158.35 158.3 158.4 0.003960302015
158.45 158.4 158.5 0.001175330796
158.55 158.5 158.6 0.002539558618
158.65 158.6 158.7 0.002665704929
158.75 158.7 158.8 0.0003832882869
158.85 158.8 158.9 0.001783355444
158.95 158.9 159 0.003210871254
159.05 159 159.1 0.0007213939636
159.15 159.1 159.2 0.001506543989
159.25 159.2 159.3 0.000653033396
159.35 159.3 159.4 0.0005684959764
159.45 159.4 159.5 0.0005342490741
159.55 159.5 159.6 0.003228635995
159.65 159.6 159.7 0.001495500481
159.75 159.7 159.8 0.0006735096397
159.85 159.8 159.9 0.001363539895
159.95 159.9 160 0.0008449130891
160.05 160 160.1 -0.0005346795033
160.15 160.1 160.2 0.004817431679
160.25 160.2 160.3 0.001039023577
160.35 160.3 160.4 0.001835056582
160.45 160.4 160.5 0.001835998748
160.55 160.5 160.6 0.0001849502847
160.65 160.6 160.7 0.0007754061199
160.75 160.7 160.8 0.002029149295
160.85 160.8 160.9 0.001618167851
160.95 160.9 161 0.001908492917
161.05 161 161.1 0.00156524065
161.15 161.1 161.2 0.0001407465773
161.25 161.2 161.3 -0.001394807095
161.35 161.3 161.4 0.002130940094
161.45 161.4 161.5 0.001252960649
161.55 161.5 161.6 0.003905594673
161.65 161.6 161.7 0.003941719949
161.75 161.7 161.8 0.0009224486474
161.85 161.8 161.9 -0.001528489713
161.95 161.9 162 0.001774970696
162.05 162 162.1 0.001236304315
162.15 162.1 162.2 0.00182020514
162.25 162.2 162.3 0.003170722914
162.35 162.3 162.4 0.002495332947
162.45 162.4 162.5 -0.00127905305
162.55 162.5 162.6 -0.001246276254
162.65 162.6 162.7 5.971339065e-05
162.75 162.7 162.8 0.00348842042
162.85 162.8 162.9 -0.0009202172107
162.95 162.9 163 -0.0009525964596
163.05 163 163.1 0.0009566380748
163.15 163.1 163.2 -7.692405222e-05
163.25 163.2 163.3 0.00101477925
163.35 163.3 163.4 0.001408602376
163.45 163.4 163.5 -0.002464623784
163.55 163.5 163.6 0.001792161618
163.65 163.6 163.7 0.000181420941
163.75 163.7 163.8 -0.002456725928
163.85 163.8 163.9 -0.0003152971392
163.95 163.9 164 0.002065322196
164.05 164 164.1 0.003768854592
164.15 164.1 164.2 0.001303734166
164.25 164.2 164.3 -0.001622985751
164.35 164.3 164.4 0.001609680842
164.45 164.4 164.5 0.00373796626
164.55 164.5 164.6 0.001337104553
164.65 164.6 164.7 0.0005443295212
164.75 164.7 164.8 0.0008817731665
164.85 164.8 164.9 -0.0005163146143
164.95 164.9 165 0.0007267188688
165.05 165 165.1 0.001559455188
165.15 165.1 165.2 0.002780357376
165.25 165.2 165.3 -0.000968873373
165.35 165.3 165.4 -0.0009902717995
165.45 165.4 165.5 0.00100804973
165.55 165.5 165.6 -0.0001340023416
165.65 165.6 165.7 0.003015066575
165.75 165.7 165.8 0.001275028985
165.85 165.8 165.9 0.0006441421661
165.95 165.9 166 0.0007993574264
166.05 166 166.1 0.00128684447
166.15 166.1 166.2 -0.000716967553
166.25 166.2 166.3 0.002086436108
166.35 166.3 166.4 0.0002359688086
166.45 166.4 166.5 -0.00158255666
166.55 166.5 166.6 0.001789617025
166.65 166.6 166.7 -0.0001546241192
166.75 166.7 166.8 0.0008898445322
166.85 166.8 166.9 0.0005783902963
166.95 166.9 167 0.001972134332
167.05 167 167.1 0.0005249187296
167.15 167.1 167.2 0.001899205722
167.25 167.2 167.3 0.002831427317
167.35 167.3 167.4 0.002899275726
167.45 167.4 167.5 0.000739401767
167.55 167.5 167.6 0.0004043531511
167.65 167.6 167.7 -0.0008640071747
167.75 167.7 167.8 -0.001143847889
167.85 167.8 167.9 0.00112921062
167.95 167.9 168 0.001112661703
168.05 168 168.1 -0.00119246005
168.15 168.1 168.2 0.001148320466
168.25 168.2 168.3 0.001454525275
168.35 168.3 168.4 -0.001104934964
168.45 168.4 168.5 -0.001569377435
168.55 168.5 168.6 0.001280968048
168.65 168.6 168.7 0.002629758446
168.75 168.7 168.8 -0.0006670595781
168.85 168.8 168.9 -0.003291626549
168.95 168.9 169 -0.001117255635
169.05 169 169.1 0.0015768555
169.15 169.1 169.2 0.0009095698272
169.25 169.2 169.3 0.0001305825371
169.35 169.3 169.4 0.003193779582
169.45 169.4 169.5 0.00148565798
169.55 169.5 169.6 0.003421008121
169.65 169.6 169.7 -0.00121675941
169.75 169.7 169.8 0.003606301923
169.85 169.8 169.9 0.000633628556
169.95 169.9 170 0.001091114159
170.05 170 170.1 0.0004864321336
170.15 170.1 170.2 0.005059118193
170.25 170.2 170.3 0.0004685631886
170.35 170.3 170.4 0.001510492536
170.45 170.4 170.5 0.0010353302
170.55 170.5 170.6 -0.0002506934767
170.65 170.6 170.7 -6.114984807e-05
170.75 170.7 170.8 0.001263765219
170.85 170.8 170.9 0.0004037917347
170.95 170.9 171 -0.0006737375942
171.05 171 171.1 -0.0013402964
171.15 171.1 171.2 -0.0004616063278
171.25 171.2 171.3 -0.001755522036
171.35 171.3 171.4 0.00124920846
171.45 171.4 171.5 -0.0008704606075
171.55 171.5 171.6 0.004185099882
171.65 171.6 171.7 1.910587759e-05
171.75 171.7 171.8 0.0008726366957
171.85 171.8 171.9 0.003788286484
171.95 171.9 172 0.003263028768
172.05 172 172.1 0.0009282248624
172.15 172.1 172.2 -0.0008648447205
172.25 172.2 172.3 -0.0003036644831
172.35 172.3 172.4 0.0006492306804
172.45 172.4 172.5 0.002807863288
172.55 172.5 172.6 0.0008045883434
172.65 172.6 172.7 -0.001345192711
172.75 172.7 172.8 0.001385165977
172.85 172.8 172.9 0.002144789369
172.95 172.9 173 -0.00232607145
173.05 173 173.1 -0.002013552679
173.15 173.1 173.2 -0.0001065052566
173.25 173.2 173.3 -0.0008295105192
173.35 173.3 173.4 0.0009711456039
173.45 173.4 173.5 0.001972105039
173.55 173.5 173.6 0.001427103315
173.65 173.6 173.7 0.003611842312
173.75 173.7 173.8 0.0004703379428
173.85 173.8 173.9 -0.000491612604
173.95 173.9 174 -8.649787428e-06
174.05 174 174.1 0.001194707753
174.15 174.1 174.2 0.002605745482
174.25 174.2 174.3 0.001124993321
174.35 174.3 174.4 -0.0001558759363
174.45 174.4 174.5 -0.002270350682
174.55 174.5 174.6 -3.315115969e-05
174.65 174.6 174.7 0.001059732118
174.75 174.7 174.8 0.003741926379
174.85 174.8 174.9 0.001792784531
174.95 174.9 175 -0.001220207608
175.05 175 175.1 0.002789177037
175.15 175.1 175.2 0.002073138814
175.25 175.2 175.3 0.00322877735
175.35 175.3 175.4 3.08773459e-06
175.45 175.4 175.5 0.0003311321812
175.55 175.5 175.6 0.001093394481
175.65 175.6 175.7 0.000987215158
175.75 175.7 175.8 0.001044742737
175.85 175.8 175.9 0.002499019307
175.95 175.9 176 0.0004205494204
176.05 176 176.1 0.0001508010433
176.15 176.1 176.2 -0.0005037047179
176.25 176.2 176.3 0.002499021768
176.35 176.3 176.4 0.0001894374435
176.45 176.4 176.5 0.002990166245
176.55 176.5 176.6 0.001174130866
176.65 176.6 176.7 0.0001468309612
176.75 176.7 176.8 0.00374090697
176.85 176.8 176.9 -0.0007530389874
176.95 176.9 177 -0.0002158165666
177.05 177 177.1 0.001431658654
177.15 177.1 177.2 0.0004688096301
177.25 177.2 177.3 0.001235269182
177.35 177.3 177.4 0.003757892308
177.45 177.4 177.5 4.170173679e-05
177.55 177.5 177.6 0.00030979657
177.65 177.6 177.7 -0.001496142575
177.75 177.7 177.8 0.003186597951
177.85 177.8 177.9 0.002752301828
177.95 177.9 178 -0.001495068453
178.05 178 178.1 -0.0009768741395
178.15 178.1 178.2 0.0007350769921
178.25 178.2 178.3 0.0006830367445
178.35 178.3 178.4 0.0004775054025
178.45 178.4 178.5 0.0003618901009
178.55 178.5 178.6 0.0002776240207
178.65 178.6 178.7 -0.003550177487
178.75 178.7 178.8 -0.0007717225825
178.85 178.8 178.9 0.0003849038398
178.95 178.9 179 -0.0005147356643
179.05 179 179.1 -0.001075442282
179.15 179.1 179.2 -0.0007865203152
179.25 179.2 179.3 0.002720776841
179.35 179.3 179.4 0.001297294971
179.45 179.4 179.5 -0.0007544709441
179.55 179.5 179.6 0.001851048729
179.65 179.6 179.7 0.001992358101
179.75 179.7 179.8 0.00259606298
179.85 179.8 179.9 -7.291747762e-05
179.95 179.9 180 0.0004660752374
180.05 180 180.1 0.0005901293601
180.15 180.1 180.2 -8.746640157e-05
180.25 180.2 180.3 5.712032888e-06
180.35 180.3 180.4 -0.0002235136359
180.45 180.4 180.5 -0.0002048354721
180.55 180.5 180.6 0.0005935773108
180.65 180.6 180.7 -0.0004121337895
180.75 180.7 180.8 0.002275968682
180.85 180.8 180.9 0.001381081275
180.95 180.9 181 0.002303473453
181.05 181 181.1 0.001339565782
181.15 181.1 181.2 0.001421048869
181.25 181.2 181.3 -0.002509638806
181.35 181.3 181.4 0.0004881297321
181.45 181.4 181.5 -0.001699962796
181.55 181.5 181.6 -0.0003342472841
181.65 181.6 181.7 0.002461497765
181.75 181.7 181.8 0.0003130432596
181.85 181.8 181.9 0.001409434121
181.95 181.9 182 0.0002481320356
182.05 182 182.1 0.001883391723
182.15 182.1 182.2 -0.001545987338
182.25 182.2 182.3 -0.0003215061025
182.35 182.3 182.4 -0.002246350532
182.45 182.4 182.5 -0.0001523637719
182.55 182.5 182.6 0.00139266449
182.65 182.6 182.7 0.0004077271052
182.75 182.7 182.8 0.002622927152
182.85 182.8 182.9 0.00210958592
182.95 182.9 183 -0.002167798291
183.05 183 183.1 -0.0006115078178
183.15 183.1 183.2 0.001544921813
183.25 183.2 183.3 0.000347632685
183.35 183.3 183.4 0.001433242605
183.45 183.4 183.5 0.0008024002525
183.55 183.5 183.6 0.004462341447
183.65 183.6 183.7 -0.0003512051422
183.75 183.7 183.8 0.003423957629
183.85 183.8 183.9 -0.00223340733
183.95 183.9 184 -0.0008316910344
184.05 184 184.1 -0.0006170768293
184.15 184.1 184.2 0.0006674942877
184.25 184.2 184.3 0.001505735551
184.35 184.3 184.4 0.001257180732
184.45 184.4 184.5 -0.003989485279
184.55 184.5 184.6 0.0008462354554
184.65 184.6 184.7 0.002908499731
184.75 184.7 184.8 0.0002262904401
184.85 184.8 184.9 -0.0001805104008
184.95 184.9 185 0.0006297481534
185.05 185 185.1 0.0005270658255
185.15 185.1 185.2 0.0002668570569
185.25 185.2 185.3 0.0002875533789
185.35 185.3 185.4 0.000837380855
185.45 185.4 185.5 0.0009491388792
185.55 185.5 185.6 0.0002866981394
185.65 185.6 185.7 0.001531836939
185.75 185.7 185.8 -0.0002052676138
185.85 185.8 185.9 0.0008322185861
185.95 185.9 186 0.001152152194
186.05 186 186.1 0.001562203784
186.15 186.1 186.2 0.001178975165
186.25 186.2 186.3 0.002150092463
186.35 186.3 186.4 -0.00203002033
186.45 186.4 186.5 0.001009936125
186.55 186.5 186.6 0.000783208108
186.65 186.6 186.7 -0.001743225141
186.75 186.7 186.8 -0.0002054287028
186.85 186.8 186.9 0.0009702978741
186.95 186.9 187 -0.001145415665
187.05 187 187.1 0.0008987682768
187.15 187.1 187.2 0.001063660433
187.25 187.2 187.3 0.0008894325295
187.35 187.3 187.4 0.002706640846
187.45 187.4 187.5 0.001034066156
187.55 187.5 187.6 0.002154800444
187.65 187.6 187.7 -0.0002750012498
187.75 187.7 187.8 -0.001582222209
187.85 187.8 187.9 0.0002706431367
187.95 187.9 188 0.002865573991
188.05 188 188.1 0.003211745969
188.15 188.1 188.2 0.0006071903028
188.25 188.2 188.3 0.002190188271
188.35 188.3 188.4 -0.0004517260182
188.45 188.4 188.5 0.002448950896
188.55 188.5 188.6 -9.477640603e-05
188.65 188.6 188.7 1.225964716e-05
188.75 188.7 188.8 0.0002212216294
188.85 188.8 188.9 0.0007346261498
188.95 188.9 189 0.0001524743436
189.05 189 189.1 0.001179043423
189.15 189.1 189.2 -9.61898456e-05
189.25 189.2 189.3 -0.0009545735166
189.35 189.3 189.4 -0.000978819174
189.45 189.4 189.5 0.001724376888
189.55 189.5 189.6 0.0008969798275
189.65 189.6 189.7 0.002388779128
189.75 189.7 189.8 -0.0001596082827
189.85 189.8 189.9 0.002814696482
189.95 189.9 190 0.001506459719
190.05 190 190.1 0.000526113892
190.15 190.1 190.2 0.001427179249
190.25 190.2 190.3 0.002631298426
190.35 190.3 190.4 0.000710089838
190.45 190.4 190.5 -0.0003445217251
190.55 190.5 190.6 0.003887232634
190.65 190.6 190.7 0.003653240659
190.75 190.7 190.8 0.001708231801
190.85 190.8 190.9 0.0009739451506
190.95 190.9 191 0.001116919906
191.05 191 191.1 0.00204994862
191.15 191.1 191.2 0.0006160355309
191.25 191.2 191.3 0.002845139823
191.35 191.3 191.4 0.001469961282
191.45 191.4 191.5 0.003106363956
191.55 191.5 191.6 0.003327472265
191.65 191.6 191.7 0.003235947239
191.75 191.7 191.8 0.002552660278
191.85 191.8 191.9 0.002149234586
191.95 191.9 192 0.001333127254
192.05 192 192.1 0.001267285175
192.15 192.1 192.2 0.0002417329306
192.25 192.2 192.3 0.0006995673975
192.35 192.3 192.4 0.001232390731
192.45 192.4 192.5 0.000336404904
192.55 192.5 192.6 0.003043851479
192.65 192.6 192.7 0.002793587451
192.75 192.7 192.8 -0.0004142076368
192.85 192.8 192.9 0.00153366992
192.95 192.9 193 0.0009563158407
193.05 193 193.1 0.001963753652
193.15 193.1 193.2 0.0007785032378
193.25 193.2 193.3 -0.0002983077367
193.35 193.3 193.4 0.003377298327
193.45 193.4 193.5 -1.585362107e-06
193.55 193.5 193.6 -1.505337834e-05
193.65 193.6 193.7 0.00148804822
193.75 193.7 193.8 0.00132348454
193.85 193.8 193.9 0.001479403312
193.95 193.9 194 -0.000234636734
194.05 194 194.1 0.001796621434
194.15 194.1 194.2 0.002186335629
194.25 194.2 194.3 -7.372950749e-05
194.35 194.3 194.4 0.003119846183
194.45 194.4 194.5 0.001375783996
194.55 194.5 194.6 0.001909077832
194.65 194.6 194.7 0.002624784097
194.75 194.7 194.8 -0.001228731109
194.85 194.8 194.9 -0.001151079752
194.95 194.9 195 0.001506192911
195.05 195 195.1 0.002250491152
195.15 195.1 195.2 0.001927933287
195.25 195.2 195.3 0.002704493168
195.35 195.3 195.4 0.001614534288
195.45 195.4 195.5 0.0005441620034
195.55 195.5 195.6 -0.0002954969336
195.65 195.6 195.7 -0.00142635853
195.75 195.7 195.8 0.003285840625
195.85 195.8 195.9 0.002738300516
195.95 195.9 196 0.001730166622
196.05 196 196.1 -0.0001670687855
196.15 196.1 196.2 0.002652443405
196.25 196.2 196.3 -0.0004575091826
196.35 196.3 196.4 0.003376163194
196.45 196.4 196.5 0.0003181057053
196.55 196.5 196.6 0.0008249968946
196.65 196.6 196.7 -9.756944895e-05
196.75 196.7 196.8 0.0008733664819
196.85 196.8 196.9 0.001324972263
196.95 196.9 197 0.0002645974369
197.05 197 197.1 0.003426777024
197.15 197.1 197.2 0.002971289185
197.25 197.2 197.3 0.002296454495
197.35 197.3 197.4 0.001460384256
197.45 197.4 197.5 0.00320503305
197.55 197.5 197.6 0.000782001824
197.65 197.6 197.7 0.0003331678403
197.75 197.7 197.8 0.001791385651
197.85 197.8 197.9 0.003429842655
197.95 197.9 198 0.001901599559
198.05 198 198.1 0.0008344411568
198.15 198.1 198.2 0.0005944833692
198.25 198.2 198.3 0.002801212322
198.35 198.3 198.4 0.001879439613
198.45 198.4 198.5 0.0008203506779
198.55 198.5 198.6 0.0004647798383
198.65 198.6 198.7 0.002110922454
198.75 198.7 198.8 0.001210790039
198.85 198.8 198.9 -0.0007596361391
198.95 198.9 199 -0.0001530353025
199.05 199 199.1 0.001191589953
199.15 199.1 199.2 0.0008732858478
199.25 199.2 199.3 0.001217788659
199.35 199.3 199.4 0.0007906085223
199.45 199.4 199.5 0.0004515372038
199.55 199.5 199.6 0.001529284406
199.65 199.6 199.7 0.004021736426
199.75 199.7 199.8 0.0009328934609
199.85 199.8 199.9 0.002901957006
199.95 199.9 200 -0.0003504160708
