# Columns: s_cen(1) s_min(2) s_max(3) xi_iso(4)
0.05 0 0.1 58.08193466
0.15 0.1 0.2 18.56379394
0.25 0.2 0.3 19.53225203
0.35 0.3 0.4 20.05036504
0.45 0.4 0.5 21.28004534
0.55 0.5 0.6 23.27750391
0.65 0.6 0.7 21.68457276
0.75 0.7 0.8 21.47362419
0.85 0.8 0.9 21.61575123
0.95 0.9 1 20.61123297
1.05 1 1.1 18.86866634
1.15 1.1 1.2 18.76771932
1.25 1.2 1.3 18.52939158
1.35 1.3 1.4 16.43800393
1.45 1.4 1.5 15.92548248
1.55 1.5 1.6 15.75174631
1.65 1.6 1.7 14.73642505
1.75 1.7 1.8 13.81254013
1.85 1.8 1.9 13.90197276
1.95 1.9 2 12.39949778
2.05 2 2.1 11.46524971
2.15 2.1 2.2 10.67942323
2.25 2.2 2.3 9.788043622
2.35 2.3 2.4 9.871213351
2.45 2.4 2.5 9.253461327
2.55 2.5 2.6 8.305348172
2.65 2.6 2.7 8.262014865
2.75 2.7 2.8 7.841261615
2.85 2.8 2.9 7.236479488
2.95 2.9 3 6.85505384
3.05 3 3.1 6.454545644
3.15 3.1 3.2 6.352414728
3.25 3.2 3.3 5.78100591
3.35 3.3 3.4 5.999967122
3.45 3.4 3.5 5.617076052
3.55 3.5 3.6 5.227995956
3.65 3.6 3.7 4.837162311
3.75 3.7 3.8 5.035888834
3.85 3.8 3.9 4.680102805
3.95 3.9 4 4.808587854
4.05 4 4.1 4.345813768
4.15 4.1 4.2 4.224677947
4.25 4.2 4.3 4.187762746
4.35 4.3 4.4 4.020898836
4.45 4.4 4.5 3.851021002
4.55 4.5 4.6 3.844628611
4.65 4.6 4.7 3.690484603
4.75 4.7 4.8 3.659492585
4.85 4.8 4.9 3.513681439
4.95 4.9 5 3.406730528
5.05 5 5.1 3.294681861
5.15 5.1 5.2 3.222386648
5.25 5.2 5.3 3.005736974
5.35 5.3 5.4 2.87091104
5.45 5.4 5.5 3.019717347
5.55 5.5 5.6 2.857770782
5.65 5.6 5.7 2.789115815
5.75 5.7 5.8 2.713847495
5.85 5.8 5.9 2.657915934
5.95 5.9 6 2.603138155
6.05 6 6.1 2.465768035
6.15 6.1 6.2 2.425561979
6.25 6.2 6.3 2.436009148
6.35 6.3 6.4 2.258630064
6.45 6.4 6.5 2.173833179
6.55 6.5 6.6 2.303640859
6.65 6.6 6.7 2.199303977
6.75 6.7 6.8 2.037932805
6.85 6.8 6.9 2.020361901
6.95 6.9 7 2.004558882
7.05 7 7.1 1.920764383
7.15 7.1 7.2 1.934712942
7.25 7.2 7.3 1.929272962
7.35 7.3 7.4 1.743671862
7.45 7.4 7.5 1.855866479
7.55 7.5 7.6 1.69146335
7.65 7.6 7.7 1.737526857
7.75 7.7 7.8 1.667882274
7.85 7.8 7.9 1.538975491
7.95 7.9 8 1.591886725
8.05 8 8.1 1.573781766
8.15 8.1 8.2 1.513508928
8.25 8.2 8.3 1.515684811
8.35 8.3 8.4 1.449505304
8.45 8.4 8.5 1.400602167
8.55 8.5 8.6 1.372989878
8.65 8.6 8.7 1.403771483
8.75 8.7 8.8 1.335289581
8.85 8.8 8.9 1.326447041
8.95 8.9 9 1.282397766
9.05 9 9.1 1.252124257
9.15 9.1 9.2 1.248152734
9.25 9.2 9.3 1.202612213
9.35 9.3 9.4 1.218089803
9.45 9.4 9.5 1.187324733
9.55 9.5 9.6 1.13685602
9.65 9.6 9.7 1.158970076
9.75 9.7 9.8 1.136574378
9.85 9.8 9.9 1.099538254
9.95 9.9 10 1.094275305
10.05 10 10.1 1.052970401
10.15 10.1 10.2 1.03309777
10.25 10.2 10.3 1.076919572
10.35 10.3 10.4 1.006151092
10.45 10.4 10.5 1.005507628
10.55 10.5 10.6 0.9762543565
10.65 10.6 10.7 0.9829019525
10.75 10.7 10.8 0.9284463689
10.85 10.8 10.9 0.8850002375
10.95 10.9 11 0.8732896881
11.05 11 11.1 0.8775277586
11.15 11.1 11.2 0.923507678
11.25 11.2 11.3 0.8602449339
11.35 11.3 11.4 0.8641973374
11.45 11.4 11.5 0.8288521607
11.55 11.5 11.6 0.7991961486
11.65 11.6 11.7 0.8235390133
11.75 11.7 11.8 0.8266994151
11.85 11.8 11.9 0.8082853203
11.95 11.9 12 0.8004141008
12.05 12 12.1 0.7516990357
12.15 12.1 12.2 0.7597352392
12.25 12.2 12.3 0.7215950813
12.35 12.3 12.4 0.7657633644
12.45 12.4 12.5 0.7288437167
12.55 12.5 12.6 0.7311499417
12.65 12.6 12.7 0.6869503955
12.75 12.7 12.8 0.654395663
12.85 12.8 12.9 0.6950414711
12.95 12.9 13 0.6809929892
13.05 13 13.1 0.6265732663
13.15 13.1 13.2 0.6294232462
13.25 13.2 13.3 0.6910600075
13.35 13.3 13.4 0.6260739228
13.45 13.4 13.5 0.6882430864
13.55 13.5 13.6 0.6096554711
13.65 13.6 13.7 0.6415883343
13.75 13.7 13.8 0.6227204953
13.85 13.8 13.9 0.6178360929
13.95 13.9 14 0.5931743465
14.05 14 14.1 0.5727840384
14.15 14.1 14.2 0.5799825315
14.25 14.2 14.3 0.5840519019
14.35 14.3 14.4 0.5568056224
14.45 14.4 14.5 0.5504914647
14.55 14.5 14.6 0.5464419668
14.65 14.6 14.7 0.5312516294
14.75 14.7 14.8 0.5378488762
14.85 14.8 14.9 0.5119852702
14.95 14.9 15 0.4883308861
15.05 15 15.1 0.5204329652
15.15 15.1 15.2 0.4982526384
15.25 15.2 15.3 0.5138429568
15.35 15.3 15.4 0.4765595691
15.45 15.4 15.5 0.4836014504
15.55 15.5 15.6 0.4933447052
15.65 15.6 15.7 0.4775855869
15.75 15.7 15.8 0.4761695711
15.85 15.8 15.9 0.4617771497
15.95 15.9 16 0.4432737208
16.05 16 16.1 0.4513754993
16.15 16.1 16.2 0.4618295905
16.25 16.2 16.3 0.4551952522
16.35 16.3 16.4 0.4309814529
16.45 16.4 16.5 0.4293420034
16.55 16.5 16.6 0.4230988516
16.65 16.6 16.7 0.4339527396
16.75 16.7 16.8 0.4084548982
16.85 16.8 16.9 0.3919829248
16.95 16.9 17 0.3989140992
17.05 17 17.1 0.4004051856
17.15 17.1 17.2 0.4121307264
17.25 17.2 17.3 0.3902453654
17.35 17.3 17.4 0.3703256161
17.45 17.4 17.5 0.375665276
17.55 17.5 17.6 0.381157046
17.65 17.6 17.7 0.3299493242
17.75 17.7 17.8 0.3619219301
17.85 17.8 17.9 0.3351232985
17.95 17.9 18 0.3451851367
18.05 18 18.1 0.3485531428
18.15 18.1 18.2 0.3498140892
18.25 18.2 18.3 0.3326146051
18.35 18.3 18.4 0.3501030255
18.45 18.4 18.5 0.345679445
18.55 18.5 18.6 0.3327911561
18.65 18.6 18.7 0.3462884334
18.75 18.7 18.8 0.3308232894
18.85 18.8 18.9 0.3089441101
18.95 18.9 19 0.3237808759
19.05 19 19.1 0.3343836088
19.15 19.1 19.2 0.3010370179
19.25 19.2 19.3 0.3233747551
19.35 19.3 19.4 0.271288737
19.45 19.4 19.5 0.3193973548
19.55 19.5 19.6 0.3045819376
19.65 19.6 19.7 0.312474643
19.75 19.7 19.8 0.2856487531
19.85 19.8 19.9 0.2958601936
19.95 19.9 20 0.2831941743
20.05 20 20.1 0.2766359909
20.15 20.1 20.2 0.2934211929
20.25 20.2 20.3 0.2863460915
20.35 20.3 20.4 0.2845009838
20.45 20.4 20.5 0.26468826
20.55 20.5 20.6 0.274222444
20.65 20.6 20.7 0.2569258067
20.75 20.7 20.8 0.2427520031
20.85 20.8 20.9 0.259872627
20.95 20.9 21 0.2562190182
21.05 21 21.1 0.2442024901
21.15 21.1 21.2 0.2530415022
21.25 21.2 21.3 0.2599782184
21.35 21.3 21.4 0.2482570838
21.45 21.4 21.5 0.2408911063
21.55 21.5 21.6 0.2600708976
21.65 21.6 21.7 0.2326427631
21.75 21.7 21.8 0.2323535305
21.85 21.8 21.9 0.224572325
21.95 21.9 22 0.2260655372
22.05 22 22.1 0.2172421211
22.15 22.1 22.2 0.2207154197
22.25 22.2 22.3 0.2079465688
22.35 22.3 22.4 0.2276507834
22.45 22.4 22.5 0.2266152893
22.55 22.5 22.6 0.2279338564
22.65 22.6 22.7 0.2331315854
22.75 22.7 22.8 0.2175409925
22.85 22.8 22.9 0.2263809403
22.95 22.9 23 0.1925360161
23.05 23 23.1 0.2006570858
23.15 23.1 23.2 0.2154714879
23.25 23.2 23.3 0.192600479
23.35 23.3 23.4 0.2017424466
23.45 23.4 23.5 0.2072178873
23.55 23.5 23.6 0.2059790321
23.65 23.6 23.7 0.2088446492
23.75 23.7 23.8 0.2035236865
23.85 23.8 23.9 0.1920805674
23.95 23.9 24 0.1908163963
24.05 24 24.1 0.2028945704
24.15 24.1 24.2 0.1852969506
24.25 24.2 24.3 0.170021983
24.35 24.3 24.4 0.1834684164
24.45 24.4 24.5 0.1895945726
24.55 24.5 24.6 0.1773200013
24.65 24.6 24.7 0.1870656886
24.75 24.7 24.8 0.1996392337
24.85 24.8 24.9 0.1844778805
24.95 24.9 25 0.1857397913
25.05 25 25.1 0.1820098603
25.15 25.1 25.2 0.1827873751
25.25 25.2 25.3 0.1894539526
25.35 25.3 25.4 0.1558539931
25.45 25.4 25.5 0.1614047279
25.55 25.5 25.6 0.171081175
25.65 25.6 25.7 0.1682326784
25.75 25.7 25.8 0.166569878
25.85 25.8 25.9 0.1501106592
25.95 25.9 26 0.1617953555
26.05 26 26.1 0.1655920852
26.15 26.1 26.2 0.1585721528
26.25 26.2 26.3 0.1652645194
26.35 26.3 26.4 0.1530641175
26.45 26.4 26.5 0.1638550097
26.55 26.5 26.6 0.1484410977
26.65 26.6 26.7 0.1502734746
26.75 26.7 26.8 0.1514770163
26.85 26.8 26.9 0.1389224241
26.95 26.9 27 0.1505098908
27.05 27 27.1 0.1541197739
27.15 27.1 27.2 0.1388346321
27.25 27.2 27.3 0.150571661
27.35 27.3 27.4 0.1415509688
27.45 27.4 27.5 0.1357481517
27.55 27.5 27.6 0.1429859421
27.65 27.6 27.7 0.1324095712
27.75 27.7 27.8 0.1463394941
27.85 27.8 27.9 0.1323218785
27.95 27.9 28 0.1317553125
28.05 28 28.1 0.1326265535
28.15 28.1 28.2 0.1240542816
28.25 28.2 28.3 0.1327405872
28.35 28.3 28.4 0.1310459078
28.45 28.4 28.5 0.120299473
28.55 28.5 28.6 0.1272813962
28.65 28.6 28.7 0.1285870958
28.75 28.7 28.8 0.1298709801
28.85 28.8 28.9 0.1211071954
28.95 28.9 29 0.1255269764
29.05 29 29.1 0.1328012609
29.15 29.1 29.2 0.1323737883
29.25 29.2 29.3 0.1221469642
29.35 29.3 29.4 0.09854975502
29.45 29.4 29.5 0.1272040777
29.55 29.5 29.6 0.1062006235
29.65 29.6 29.7 0.1179339845
29.75 29.7 29.8 0.121371516
29.85 29.8 29.9 0.1268287676
29.95 29.9 30 0.1348654321
30.05 30 30.1 0.1106616001
30.15 30.1 30.2 0.1094782297
30.25 30.2 30.3 0.1214734003
30.35 30.3 30.4 0.1250043945
30.45 30.4 30.5 0.1237427089
30.55 30.5 30.6 0.1038719457
30.65 30.6 30.7 0.1068423735
30.75 30.7 30.8 0.1100410188
30.85 30.8 30.9 0.1103527503
30.95 30.9 31 0.09961832015
31.05 31 31.1 0.09275110061
31.15 31.1 31.2 0.1085149764
31.25 31.2 31.3 0.1049149665
31.35 31.3 31.4 0.1140313829
31.45 31.4 31.5 0.1074908534
31.55 31.5 31.6 0.105977552
31.65 31.6 31.7 0.1130799552
31.75 31.7 31.8 0.08979437869
31.85 31.8 31.9 0.09679442015
31.95 31.9 32 0.08969575115
32.05 32 32.1 0.09597513517
32.15 32.1 32.2 0.1009060576
32.25 32.2 32.3 0.08290700219
32.35 32.3 32.4 0.09911971154
32.45 32.4 32.5 0.09661426107
32.55 32.5 32.6 0.1145770506
32.65 32.6 32.7 0.1002459799
32.75 32.7 32.8 0.09829035467
32.85 32.8 32.9 0.09593121022
32.95 32.9 33 0.08882570551
33.05 33 33.1 0.0814013308
33.15 33.1 33.2 0.08853194156
33.25 33.2 33.3 0.09205340159
33.35 33.3 33.4 0.09597364456
33.45 33.4 33.5 0.07874012873
33.55 33.5 33.6 0.08427643506
33.65 33.6 33.7 0.08680975797
33.75 33.7 33.8 0.08229070779
33.85 33.8 33.9 0.08128426201
33.95 33.9 34 0.08195903494
34.05 34 34.1 0.07144378558
34.15 34.1 34.2 0.08520160378
34.25 34.2 34.3 0.09125700798
34.35 34.3 34.4 0.08059987169
34.45 34.4 34.5 0.08634300961
34.55 34.5 34.6 0.07727446676
34.65 34.6 34.7 0.0879371445
34.75 34.7 34.8 0.078571183
34.85 34.8 34.9 0.08226123783
34.95 34.9 35 0.06415713523
35.05 35 35.1 0.06376465272
35.15 35.1 35.2 0.07336382698
35.25 35.2 35.3 0.07863381847
35.35 35.3 35.4 0.06257149903
35.45 35.4 35.5 0.07236405316
35.55 35.5 35.6 0.06896180779
35.65 35.6 35.7 0.06696599313
35.75 35.7 35.8 0.06146890821
35.85 35.8 35.9 0.06247233711
35.95 35.9 36 0.06565916892
36.05 36 36.1 0.06910154422
36.15 36.1 36.2 0.07270619623
36.25 36.2 36.3 0.06759533312
36.35 36.3 36.4 0.07025381069
36.45 36.4 36.5 0.06115135349
36.55 36.5 36.6 0.07487411607
36.65 36.6 36.7 0.06419254279
36.75 36.7 36.8 0.06451216115
36.85 36.8 36.9 0.05541213145
36.95 36.9 37 0.06626721038
37.05 37 37.1 0.06233533149
37.15 37.1 37.2 0.06255799902
37.25 37.2 37.3 0.06525577302
37.35 37.3 37.4 0.05593552072
37.45 37.4 37.5 0.06592742641
37.55 37.5 37.6 0.0675888082
37.65 37.6 37.7 0.06792550945
37.75 37.7 37.8 0.05972197389
37.85 37.8 37.9 0.05618804646
37.95 37.9 38 0.04983197661
38.05 38 38.1 0.05675150753
38.15 38.1 38.2 0.05672807298
38.25 38.2 38.3 0.06744141186
38.35 38.3 38.4 0.05318433391
38.45 38.4 38.5 0.04988796338
38.55 38.5 38.6 0.05477950994
38.65 38.6 38.7 0.05138970371
38.75 38.7 38.8 0.05020889273
38.85 38.8 38.9 0.05635872392
38.95 38.9 39 0.0534796289
39.05 39 39.1 0.05761200366
39.15 39.1 39.2 0.05923981215
39.25 39.2 39.3 0.05761142771
39.35 39.3 39.4 0.04862049255
39.45 39.4 39.5 0.0526984999
39.55 39.5 39.6 0.05915035674
39.65 39.6 39.7 0.04761843455
39.75 39.7 39.8 0.0439318645
39.85 39.8 39.9 0.05474206149
39.95 39.9 40 0.05047586201
40.05 40 40.1 0.04264671554
40.15 40.1 40.2 0.05582025625
40.25 40.2 40.3 0.05069962448
40.35 40.3 40.4 0.05153138424
40.45 40.4 40.5 0.04764769904
40.55 40.5 40.6 0.04419956489
40.65 40.6 40.7 0.04918263706
40.75 40.7 40.8 0.05734478072
40.85 40.8 40.9 0.04086505571
40.95 40.9 41 0.04468840638
41.05 41 41.1 0.05718537217
41.15 41.1 41.2 0.04102111457
41.25 41.2 41.3 0.0478675096
41.35 41.3 41.4 0.04168451278
41.45 41.4 41.5 0.04528460977
41.55 41.5 41.6 0.04936904501
41.65 41.6 41.7 0.0509251986
41.75 41.7 41.8 0.05101568606
41.85 41.8 41.9 0.04355348498
41.95 41.9 42 0.03832571841
42.05 42 42.1 0.05015405824
42.15 42.1 42.2 0.04112312788
42.25 42.2 42.3 0.04430103635
42.35 42.3 42.4 0.03604743976
42.45 42.4 42.5 0.04718090182
42.55 42.5 42.6 0.0381015601
42.65 42.6 42.7 0.03733144889
42.75 42.7 42.8 0.04384686072
42.85 42.8 42.9 0.04356958951
42.95 42.9 43 0.04763536373
43.05 43 43.1 0.03982318578
43.15 43.1 43.2 0.04210641468
43.25 43.2 43.3 0.0414235675
43.35 43.3 43.4 0.04738494019
43.45 43.4 43.5 0.03900294385
43.55 43.5 43.6 0.0417147177
43.65 43.6 43.7 0.02811636352
43.75 43.7 43.8 0.04501376582
43.85 43.8 43.9 0.0401649037
43.95 43.9 44 0.03864901293
44.05 44 44.1 0.03688386761
44.15 44.1 44.2 0.04108298405
44.25 44.2 44.3 0.04139333231
44.35 44.3 44.4 0.03707087663
44.45 44.4 44.5 0.03628472515
44.55 44.5 44.6 0.0405122728
44.65 44.6 44.7 0.03508306658
44.75 44.7 44.8 0.03553673215
44.85 44.8 44.9 0.03739766305
44.95 44.9 45 0.02896291684
45.05 45 45.1 0.03282499128
45.15 45.1 45.2 0.04193239489
45.25 45.2 45.3 0.03588106593
45.35 45.3 45.4 0.03183462927
45.45 45.4 45.5 0.0386253241
45.55 45.5 45.6 0.0352879024
45.65 45.6 45.7 0.03490217504
45.75 45.7 45.8 0.02269058003
45.85 45.8 45.9 0.03897254861
45.95 45.9 46 0.03641624968
46.05 46 46.1 0.03624516326
46.15 46.1 46.2 0.03323565823
46.25 46.2 46.3 0.03954626234
46.35 46.3 46.4 0.02925013054
46.45 46.4 46.5 0.02570124545
46.55 46.5 46.6 0.02982394331
46.65 46.6 46.7 0.04312042259
46.75 46.7 46.8 0.03031905969
46.85 46.8 46.9 0.03324829539
46.95 46.9 47 0.02966725105
47.05 47 47.1 0.03174188752
47.15 47.1 47.2 0.03327027356
47.25 47.2 47.3 0.02721066464
47.35 47.3 47.4 0.03724736239
47.45 47.4 47.5 0.03080459607
47.55 47.5 47.6 0.03550255092
47.65 47.6 47.7 0.0328612124
47.75 47.7 47.8 0.03531516695
47.85 47.8 47.9 0.0340436748
47.95 47.9 48 0.03065851319
48.05 48 48.1 0.03563601226
48.15 48.1 48.2 0.0383589519
48.25 48.2 48.3 0.0300213371
48.35 48.3 48.4 0.02807058928
48.45 48.4 48.5 0.03292130039
48.55 48.5 48.6 0.03630530241
48.65 48.6 48.7 0.03523631533
48.75 48.7 48.8 0.02929033582
48.85 48.8 48.9 0.03001587224
48.95 48.9 49 0.03720358309
49.05 49 49.1 0.03170629877
49.15 49.1 49.2 0.03676225048
49.25 49.2 49.3 0.02840833774
49.35 49.3 49.4 0.03714356899
49.45 49.4 49.5 0.04005306873
49.55 49.5 49.6 0.03360448155
49.65 49.6 49.7 0.03033747321
49.75 49.7 49.8 0.02993044415
49.85 49.8 49.9 0.03199451764
49.95 49.9 50 0.02566231976
50.05 50 50.1 0.03117302894
50.15 50.1 50.2 0.02280100805
50.25 50.2 50.3 0.0245956415
50.35 50.3 50.4 0.02944897635
50.45 50.4 50.5 0.02933260253
50.55 50.5 50.6 0.02705521833
50.65 50.6 50.7 0.03306626112
50.75 50.7 50.8 0.02360273906
50.85 50.8 50.9 0.03016695967
50.95 50.9 51 0.01844520613
51.05 51 51.1 0.03010855335
51.15 51.1 51.2 0.02902847605
51.25 51.2 51.3 0.03405066284
51.35 51.3 51.4 0.02487417492
51.45 51.4 51.5 0.02378651029
51.55 51.5 51.6 0.03058263887
51.65 51.6 51.7 0.02586914711
51.75 51.7 51.8 0.02867389576
51.85 51.8 51.9 0.02027370551
51.95 51.9 52 0.02133076302
52.05 52 52.1 0.02523125162
52.15 52.1 52.2 0.02627833536
52.25 52.2 52.3 0.02304189487
52.35 52.3 52.4 0.02161748175
52.45 52.4 52.5 0.02178782248
52.55 52.5 52.6 0.02250433283
52.65 52.6 52.7 0.03129337036
52.75 52.7 52.8 0.0227290858
52.85 52.8 52.9 0.02135761095
52.95 52.9 53 0.01839378153
53.05 53 53.1 0.02099103671
53.15 53.1 53.2 0.02370141786
53.25 53.2 53.3 0.02349629113
53.35 53.3 53.4 0.0293565234
53.45 53.4 53.5 0.02265522552
53.55 53.5 53.6 0.02345710538
53.65 53.6 53.7 0.01715956856
53.75 53.7 53.8 0.02982302202
53.85 53.8 53.9 0.01883241596
53.95 53.9 54 0.02788806004
54.05 54 54.1 0.02335639344
54.15 54.1 54.2 0.01742522624
54.25 54.2 54.3 0.02739172072
54.35 54.3 54.4 0.02408416531
54.45 54.4 54.5 0.0235342405
54.55 54.5 54.6 0.02506255003
54.65 54.6 54.7 0.03232560161
54.75 54.7 54.8 0.01891517343
54.85 54.8 54.9 0.02703197394
54.95 54.9 55 0.01982837798
55.05 55 55.1 0.02267271013
55.15 55.1 55.2 0.02863383786
55.25 55.2 55.3 0.01660166331
55.35 55.3 55.4 0.02646010002
55.45 55.4 55.5 0.02215677976
55.55 55.5 55.6 0.0221738872
55.65 55.6 55.7 0.01808383206
55.75 55.7 55.8 0.02005940875
55.85 55.8 55.9 0.01809324772
55.95 55.9 56 0.01814028354
56.05 56 56.1 0.01943270637
56.15 56.1 56.2 0.02153279255
56.25 56.2 56.3 0.02027305114
56.35 56.3 56.4 0.0236445252
56.45 56.4 56.5 0.01040672185
56.55 56.5 56.6 0.01421003245
56.65 56.6 56.7 0.02076326109
56.75 56.7 56.8 0.0178672659
56.85 56.8 56.9 0.01864344199
56.95 56.9 57 0.0164879558
57.05 57 57.1 0.02372666927
57.15 57.1 57.2 0.02668205645
57.25 57.2 57.3 0.02682991586
57.35 57.3 57.4 0.01644962651
57.45 57.4 57.5 0.01810832161
57.55 57.5 57.6 0.01947477887
57.65 57.6 57.7 0.01423799054
57.75 57.7 57.8 0.01939899925
57.85 57.8 57.9 0.01581609641
57.95 57.9 58 0.009922938098
58.05 58 58.1 0.01710465847
58.15 58.1 58.2 0.01244851473
58.25 58.2 58.3 0.01916559191
58.35 58.3 58.4 0.01685107392
58.45 58.4 58.5 0.02097153418
58.55 58.5 58.6 0.01058266073
58.65 58.6 58.7 0.02165576196
58.75 58.7 58.8 0.01971463077
58.85 58.8 58.9 0.01290538475
58.95 58.9 59 0.02372174293
59.05 59 59.1 0.01885653016
59.15 59.1 59.2 0.01790588803
59.25 59.2 59.3 0.0224987304
59.35 59.3 59.4 0.01892392617
59.45 59.4 59.5 0.02038786132
59.55 59.5 59.6 0.01460258513
59.65 59.6 59.7 0.01491096904
59.75 59.7 59.8 0.02332078652
59.85 59.8 59.9 0.01759740244
59.95 59.9 60 0.02355547375
60.05 60 60.1 0.02016619086
60.15 60.1 60.2 0.01525838777
60.25 60.2 60.3 0.0188554801
60.35 60.3 60.4 0.02264952383
60.45 60.4 60.5 0.01587814044
60.55 60.5 60.6 0.01708350953
60.65 60.6 60.7 0.01821724197
60.75 60.7 60.8 0.01854553306
60.85 60.8 60.9 0.0178304415
60.95 60.9 61 0.016376229
61.05 61 61.1 0.01041909786
61.15 61.1 61.2 0.01053646873
61.25 61.2 61.3 0.02202920812
61.35 61.3 61.4 0.01415550301
61.45 61.4 61.5 0.01822594425
61.55 61.5 61.6 0.01430375445
61.65 61.6 61.7 0.02114491487
61.75 61.7 61.8 0.018061257
61.85 61.8 61.9 0.01297718359
61.95 61.9 62 0.01858352149
62.05 62 62.1 0.01652968599
62.15 62.1 62.2 0.01728527315
62.25 62.2 62.3 0.01092022358
62.35 62.3 62.4 0.01014860521
62.45 62.4 62.5 0.01299008091
62.55 62.5 62.6 0.01245158291
62.65 62.6 62.7 0.01894024546
62.75 62.7 62.8 0.01668380565
62.85 62.8 62.9 0.01205256589
62.95 62.9 63 0.0147072371
63.05 63 63.1 0.01562197938
63.15 63.1 63.2 0.01622151397
63.25 63.2 63.3 0.01978637924
63.35 63.3 63.4 0.02302792415
63.45 63.4 63.5 0.01781230338
63.55 63.5 63.6 0.01250510864
63.65 63.6 63.7 0.0120473361
63.75 63.7 63.8 0.01766301169
63.85 63.8 63.9 0.01694500634
63.95 63.9 64 0.01943181727
64.05 64 64.1 0.01282348593
64.15 64.1 64.2 0.006140765232
64.25 64.2 64.3 0.01570388359
64.35 64.3 64.4 0.01487498355
64.45 64.4 64.5 0.01709534871
64.55 64.5 64.6 0.01455474503
64.65 64.6 64.7 0.01697885524
64.75 64.7 64.8 0.005118054518
64.85 64.8 64.9 0.01862334841
64.95 64.9 65 0.01368843446
65.05 65 65.1 0.01537150083
65.15 65.1 65.2 0.01366253655
65.25 65.2 65.3 0.01239748985
65.35 65.3 65.4 0.01384384961
65.45 65.4 65.5 0.02059418047
65.55 65.5 65.6 0.01512130737
65.65 65.6 65.7 0.01561084174
65.75 65.7 65.8 0.01142637021
65.85 65.8 65.9 0.01332142758
65.95 65.9 66 0.0186917814
66.05 66 66.1 0.00948447592
66.15 66.1 66.2 0.01551453672
66.25 66.2 66.3 0.01342114675
66.35 66.3 66.4 0.01395642547
66.45 66.4 66.5 0.01266553223
66.55 66.5 66.6 0.01466096688
66.65 66.6 66.7 0.01282294902
66.75 66.7 66.8 0.01132282947
66.85 66.8 66.9 0.008600967486
66.95 66.9 67 0.01508466719
67.05 67 67.1 0.009267570302
67.15 67.1 67.2 0.006507628397
67.25 67.2 67.3 0.01045302814
67.35 67.3 67.4 0.01151012927
67.45 67.4 67.5 0.01489210433
67.55 67.5 67.6 0.01121580664
67.65 67.6 67.7 0.01881693367
67.75 67.7 67.8 0.007156150076
67.85 67.8 67.9 0.01298643836
67.95 67.9 68 0.01434670284
68.05 68 68.1 0.008724876123
68.15 68.1 68.2 0.0108714077
68.25 68.2 68.3 0.01382582018
68.35 68.3 68.4 0.009532508278
68.45 68.4 68.5 0.01123869543
68.55 68.5 68.6 0.01357954935
68.65 68.6 68.7 0.01411754579
68.75 68.7 68.8 0.01049158807
68.85 68.8 68.9 0.01144353074
68.95 68.9 69 0.01258183243
69.05 69 69.1 0.006115579838
69.15 69.1 69.2 0.006930860201
69.25 69.2 69.3 0.01268908658
69.35 69.3 69.4 0.01387861513
69.45 69.4 69.5 0.00559707786
69.55 69.5 69.6 0.01303290858
69.65 69.6 69.7 0.008461965328
69.75 69.7 69.8 0.0131138087
69.85 69.8 69.9 0.01085306037
69.95 69.9 70 0.009867538589
70.05 70 70.1 0.01374794347
70.15 70.1 70.2 0.00870892091
70.25 70.2 70.3 0.0039570142
70.35 70.3 70.4 0.003571255937
70.45 70.4 70.5 0.005224941019
70.55 70.5 70.6 0.01090728609
70.65 70.6 70.7 0.006142446293
70.75 70.7 70.8 0.005069845989
70.85 70.8 70.9 0.008523326595
70.95 70.9 71 0.003874008655
71.05 71 71.1 0.001489695235
71.15 71.1 71.2 0.01022709731
71.25 71.2 71.3 0.008476453526
71.35 71.3 71.4 0.001433031857
71.45 71.4 71.5 0.006432936907
71.55 71.5 71.6 0.01021058927
71.65 71.6 71.7 0.01031773882
71.75 71.7 71.8 0.01278378398
71.85 71.8 71.9 0.007713567739
71.95 71.9 72 0.01024258276
72.05 72 72.1 0.006784936405
72.15 72.1 72.2 0.006972144957
72.25 72.2 72.3 0.003888253068
72.35 72.3 72.4 0.00935032092
72.45 72.4 72.5 0.01072186947
72.55 72.5 72.6 0.003143962859
72.65 72.6 72.7 0.005754509389
72.75 72.7 72.8 0.001086012914
72.85 72.8 72.9 0.010237524
72.95 72.9 73 0.01045889225
73.05 73 73.1 0.0126111443
73.15 73.1 73.2 0.01133383334
73.25 73.2 73.3 0.001396915003
73.35 73.3 73.4 0.008362037749
73.45 73.4 73.5 0.003800255951
73.55 73.5 73.6 0.005704985728
73.65 73.6 73.7 0.002459879545
73.75 73.7 73.8 0.006709046501
73.85 73.8 73.9 0.008383028474
73.95 73.9 74 0.003068393717
74.05 74 74.1 0.006261964736
74.15 74.1 74.2 0.01046148004
74.25 74.2 74.3 0.00660212791
74.35 74.3 74.4 -0.0003919809665
74.45 74.4 74.5 0.007908220456
74.55 74.5 74.6 0.007955041717
74.65 74.6 74.7 0.0008510509366
74.75 74.7 74.8 0.003960136404
74.85 74.8 74.9 0.005105864864
74.95 74.9 75 0.008534002993
75.05 75 75.1 0.001657034107
75.15 75.1 75.2 0.007592995922
75.25 75.2 75.3 0.008847596844
75.35 75.3 75.4 0.006256548026
75.45 75.4 75.5 -8.95741927e-05
75.55 75.5 75.6 0.008792778266
75.65 75.6 75.7 0.002185617859
75.75 75.7 75.8 0.005853376445
75.85 75.8 75.9 0.009568942451
75.95 75.9 76 0.006051074208
76.05 76 76.1 0.01111422247
76.15 76.1 76.2 0.0007001882182
76.25 76.2 76.3 0.002920468793
76.35 76.3 76.4 0.008492703871
76.45 76.4 76.5 0.009265246495
76.55 76.5 76.6 0.004411361177
76.65 76.6 76.7 0.007625906538
76.75 76.7 76.8 0.002279846913
76.85 76.8 76.9 0.001799580002
76.95 76.9 77 0.005436866539
77.05 77 77.1 0.006881890263
77.15 77.1 77.2 0.006245777828
77.25 77.2 77.3 0.005843731602
77.35 77.3 77.4 0.0074636184
77.45 77.4 77.5 0.004879249353
77.55 77.5 77.6 0.006540602929
77.65 77.6 77.7 0.00591135432
77.75 77.7 77.8 0.009162900736
77.85 77.8 77.9 0.002429303961
77.95 77.9 78 0.002787407556
78.05 78 78.1 0.006413866131
78.15 78.1 78.2 0.001095846676
78.25 78.2 78.3 0.006864246631
78.35 78.3 78.4 0.00312299208
78.45 78.4 78.5 0.00572740802
78.55 78.5 78.6 0.00703734639
78.65 78.6 78.7 0.004865931251
78.75 78.7 78.8 0.004089419869
78.85 78.8 78.9 0.003964610087
78.95 78.9 79 0.00709178342
79.05 79 79.1 0.006516599559
79.15 79.1 79.2 0.001561536371
79.25 79.2 79.3 0.004697065906
79.35 79.3 79.4 0.006371432032
79.45 79.4 79.5 0.007664635462
79.55 79.5 79.6 0.003665306437
79.65 79.6 79.7 0.005804227399
79.75 79.7 79.8 0.003056741848
79.85 79.8 79.9 0.0008887007475
79.95 79.9 80 0.004536793465
80.05 80 80.1 0.005409396564
80.15 80.1 80.2 0.004180832926
80.25 80.2 80.3 0.004603037272
80.35 80.3 80.4 0.01133116119
80.45 80.4 80.5 0.007612901469
80.55 80.5 80.6 0.004684631956
80.65 80.6 80.7 -0.0006009300744
80.75 80.7 80.8 4.871604466e-05
80.85 80.8 80.9 0.00564325985
80.95 80.9 81 0.007107690228
81.05 81 81.1 0.007785106737
81.15 81.1 81.2 0.004001107349
81.25 81.2 81.3 0.005072660338
81.35 81.3 81.4 0.002079745754
81.45 81.4 81.5 0.002726442578
81.55 81.5 81.6 0.004809469684
81.65 81.6 81.7 0.006981651469
81.75 81.7 81.8 0.006881470527
81.85 81.8 81.9 0.007925127297
81.95 81.9 82 0.009877721789
82.05 82 82.1 0.007833634035
82.15 82.1 82.2 0.003114582432
82.25 82.2 82.3 0.004953696882
82.35 82.3 82.4 0.006344658319
82.45 82.4 82.5 0.004525806275
82.55 82.5 82.6 0.004835680507
82.65 82.6 82.7 0.006138218138
82.75 82.7 82.8 0.004564328116
82.85 82.8 82.9 0.01005519365
82.95 82.9 83 0.004715341994
83.05 83 83.1 0.001250428818
83.15 83.1 83.2 -0.001702156573
83.25 83.2 83.3 0.006552321225
83.35 83.3 83.4 0.01031476897
83.45 83.4 83.5 0.003587606182
83.55 83.5 83.6 0.002492332095
83.65 83.6 83.7 0.005795362521
83.75 83.7 83.8 0.00231736195
83.85 83.8 83.9 0.003943925803
83.95 83.9 84 0.004131597933
84.05 84 84.1 0.006021757313
84.15 84.1 84.2 0.01173220979
84.25 84.2 84.3 0.002749805993
84.35 84.3 84.4 0.005869944923
84.45 84.4 84.5 0.003694970287
84.55 84.5 84.6 0.003544755316
84.65 84.6 84.7 0.009750733625
84.75 84.7 84.8 0.006440791654
84.85 84.8 84.9 0.007353179534
84.95 84.9 85 0.008447468208
85.05 85 85.1 0.004642105975
85.15 85.1 85.2 0.005966806403
85.25 85.2 85.3 0.002338917822
85.35 85.3 85.4 0.00850916497
85.45 85.4 85.5 0.004989998131
85.55 85.5 85.6 0.005382131069
85.65 85.6 85.7 0.006367921971
85.75 85.7 85.8 0.004315308293
85.85 85.8 85.9 0.01013550214
85.95 85.9 86 0.007066593222
86.05 86 86.1 -0.002206306301
86.15 86.1 86.2 0.003196323975
86.25 86.2 86.3 0.007589330713
86.35 86.3 86.4 0.004934115334
86.45 86.4 86.5 0.0102628798
86.55 86.5 86.6 0.002020334883
86.65 86.6 86.7 0.00553836854
86.75 86.7 86.8 0.003784049138
86.85 86.8 86.9 0.006260839256
86.95 86.9 87 0.006653948407
87.05 87 87.1 0.002072207069
87.15 87.1 87.2 0.005689329723
87.25 87.2 87.3 0.01059558147
87.35 87.3 87.4 0.005365532756
87.45 87.4 87.5 0.006038055715
87.55 87.5 87.6 0.005726347932
87.65 87.6 87.7 0.005023089028
87.75 87.7 87.8 0.007401534124
87.85 87.8 87.9 0.006779029539
87.95 87.9 88 0.003829874469
88.05 88 88.1 0.004360836575
88.15 88.1 88.2 0.005780254908
88.25 88.2 88.3 0.00476217968
88.35 88.3 88.4 0.005475630909
88.45 88.4 88.5 0.008605734535
88.55 88.5 88.6 0.001130961842
88.65 88.6 88.7 0.007320943162
88.75 88.7 88.8 0.00194415317
88.85 88.8 88.9 0.003450719551
88.95 88.9 89 0.007199875496
89.05 89 89.1 0.004713211799
89.15 89.1 89.2 0.001899057656
89.25 89.2 89.3 0.005292238597
89.35 89.3 89.4 0.004345827214
89.45 89.4 89.5 0.002229410014
89.55 89.5 89.6 0.006089905081
89.65 89.6 89.7 0.002428487819
89.75 89.7 89.8 0.003028532967
89.85 89.8 89.9 0.006221155252
89.95 89.9 90 0.007019572389
90.05 90 90.1 0.005326801155
90.15 90.1 90.2 0.0003514048146
90.25 90.2 90.3 0.005806948675
90.35 90.3 90.4 0.008657821855
90.45 90.4 90.5 0.006550871411
90.55 90.5 90.6 0.01003343057
90.65 90.6 90.7 0.006755007437
90.75 90.7 90.8 0.004822740396
90.85 90.8 90.9 0.00526801138
90.95 90.9 91 0.006188373882
91.05 91 91.1 -0.001354830647
91.15 91.1 91.2 0.006693279418
91.25 91.2 91.3 0.006226899388
91.35 91.3 91.4 -0.003692668055
91.45 91.4 91.5 0.01031491143
91.55 91.5 91.6 0.003629161614
91.65 91.6 91.7 0.007959344852
91.75 91.7 91.8 0.00471541174
91.85 91.8 91.9 0.007003954119
91.95 91.9 92 0.00730076334
92.05 92 92.1 0.006170490652
92.15 92.1 92.2 0.01154128524
92.25 92.2 92.3 0.003344376212
92.35 92.3 92.4 0.005593050947
92.45 92.4 92.5 0.002938545846
92.55 92.5 92.6 0.005512403618
92.65 92.6 92.7 0.007421648135
92.75 92.7 92.8 0.00624774857
92.85 92.8 92.9 0.006705726288
92.95 92.9 93 0.00698967636
93.05 93 93.1 0.01192990462
93.15 93.1 93.2 0.005911615181
93.25 93.2 93.3 0.00296983357
93.35 93.3 93.4 0.007205427118
93.45 93.4 93.5 0.003876682167
93.55 93.5 93.6 0.008029797594
93.65 93.6 93.7 0.007344485022
93.75 93.7 93.8 0.007161304854
93.85 93.8 93.9 0.01013709578
93.95 93.9 94 0.007842632037
94.05 94 94.1 0.005823508278
94.15 94.1 94.2 0.008702355258
94.25 94.2 94.3 0.005018022245
94.35 94.3 94.4 0.007588009732
94.45 94.4 94.5 0.00649852588
94.55 94.5 94.6 0.005803221049
94.65 94.6 94.7 0.007741344255
94.75 94.7 94.8 0.005297715438
94.85 94.8 94.9 0.009215943345
94.95 94.9 95 0.005717296397
95.05 95 95.1 0.006218410122
95.15 95.1 95.2 0.006180047094
95.25 95.2 95.3 0.006478482988
95.35 95.3 95.4 0.008272222408
95.45 95.4 95.5 0.007199910627
95.55 95.5 95.6 0.007347289605
95.65 95.6 95.7 0.009633116799
95.75 95.7 95.8 0.008421852524
95.85 95.8 95.9 0.00410960338
95.95 95.9 96 0.006422361622
96.05 96 96.1 0.006022420354
96.15 96.1 96.2 0.008511800418
96.25 96.2 96.3 0.006330807925
96.35 96.3 96.4 0.008715713217
96.45 96.4 96.5 0.01103260528
96.55 96.5 96.6 0.007141258681
96.65 96.6 96.7 0.006512239073
96.75 96.7 96.8 0.008299369431
96.85 96.8 96.9 0.007746997338
96.95 96.9 97 0.009954058413
97.05 97 97.1 0.003933408091
97.15 97.1 97.2 0.004652511645
97.25 97.2 97.3 0.008104244716
97.35 97.3 97.4 0.01255991832
97.45 97.4 97.5 0.005411001336
97.55 97.5 97.6 0.006067336186
97.65 97.6 97.7 0.003897624471
97.75 97.7 97.8 0.01265219613
97.85 97.8 97.9 0.01122474209
97.95 97.9 98 0.006010442656
98.05 98 98.1 0.009824815163
98.15 98.1 98.2 0.01349052064
98.25 98.2 98.3 0.004814699298
98.35 98.3 98.4 0.006000584902
98.45 98.4 98.5 0.005852255215
98.55 98.5 98.6 0.006160878442
98.65 98.6 98.7 0.006928219168
98.75 98.7 98.8 0.005282622365
98.85 98.8 98.9 0.008503872638
98.95 98.9 99 0.009671974669
99.05 99 99.1 0.006960497421
99.15 99.1 99.2 0.009538802897
99.25 99.2 99.3 0.006385401302
99.35 99.3 99.4 0.005816223399
99.45 99.4 99.5 0.008007499182
99.55 99.5 99.6 0.01031115682
99.65 99.6 99.7 0.007642591302
99.75 99.7 99.8 0.006915937382
99.85 99.8 99.9 0.003872881022
99.95 99.9 100 0.008779789411
100.05 100 100.1 0.007102749849
100.15 100.1 100.2 0.01306416484
100.25 100.2 100.3 0.008633891842
100.35 100.3 100.4 0.00931177453
100.45 100.4 100.5 0.009278426578
100.55 100.5 100.6 0.008417373594
100.65 100.6 100.7 0.01089203978
100.75 100.7 100.8 0.009579241307
100.85 100.8 100.9 0.00630490499
100.95 100.9 101 0.007051827536
101.05 101 101.1 0.01025168246
101.15 101.1 101.2 0.008549520293
101.25 101.2 101.3 0.004380401447
101.35 101.3 101.4 0.006236239677
101.45 101.4 101.5 0.00902344088
101.55 101.5 101.6 0.00920876535
101.65 101.6 101.7 0.007082179456
101.75 101.7 101.8 0.007336991694
101.85 101.8 101.9 0.007124803256
101.95 101.9 102 0.009610451877
102.05 102 102.1 0.005168764176
102.15 102.1 102.2 0.006704745458
102.25 102.2 102.3 0.008306812213
102.35 102.3 102.4 0.005728007975
102.45 102.4 102.5 0.008577918462
102.55 102.5 102.6 0.003815738855
102.65 102.6 102.7 0.006293520845
102.75 102.7 102.8 0.005296580967
102.85 102.8 102.9 0.004817489953
102.95 102.9 103 0.005047139106
103.05 103 103.1 0.0122872288
103.15 103.1 103.2 0.005869525113
103.25 103.2 103.3 0.006246856168
103.35 103.3 103.4 0.006118271628
103.45 103.4 103.5 0.008232216901
103.55 103.5 103.6 0.006756346147
103.65 103.6 103.7 0.008665884486
103.75 103.7 103.8 0.010907967
103.85 103.8 103.9 0.004329847259
103.95 103.9 104 0.01060714704
104.05 104 104.1 0.006675168068
104.15 104.1 104.2 0.007236714782
104.25 104.2 104.3 0.004895469576
104.35 104.3 104.4 0.009528720821
104.45 104.4 104.5 0.00808519262
104.55 104.5 104.6 0.008723834839
104.65 104.6 104.7 0.01058907269
104.75 104.7 104.8 0.004324394142
104.85 104.8 104.9 0.008913969525
104.95 104.9 105 0.004793451363
105.05 105 105.1 0.007559658508
105.15 105.1 105.2 0.0070183065
105.25 105.2 105.3 0.003231995951
105.35 105.3 105.4 0.006480298556
105.45 105.4 105.5 0.007320854527
105.55 105.5 105.6 0.002984884246
105.65 105.6 105.7 0.006711935999
105.75 105.7 105.8 0.007595531094
105.85 105.8 105.9 0.003943457511
105.95 105.9 106 0.004240767864
106.05 106 106.1 0.005342106389
106.15 106.1 106.2 0.007052085845
106.25 106.2 106.3 0.004543774665
106.35 106.3 106.4 0.008124132695
106.45 106.4 106.5 0.007910847483
106.55 106.5 106.6 0.004138905996
106.65 106.6 106.7 0.004575716911
106.75 106.7 106.8 0.004829413228
106.85 106.8 106.9 0.001764546256
106.95 106.9 107 0.004199314757
107.05 107 107.1 0.009634740374
107.15 107.1 107.2 0.004103943277
107.25 107.2 107.3 0.006432736612
107.35 107.3 107.4 0.005302561565
107.45 107.4 107.5 0.005747866512
107.55 107.5 107.6 0.005417621107
107.65 107.6 107.7 0.008093801947
107.75 107.7 107.8 0.006777461149
107.85 107.8 107.9 0.006176372832
107.95 107.9 108 0.004713871649
108.05 108 108.1 0.005690439689
108.15 108.1 108.2 0.009466949354
108.25 108.2 108.3 0.006201123636
108.35 108.3 108.4 0.004438139163
108.45 108.4 108.5 0.006471570482
108.55 108.5 108.6 0.006804823679
108.65 108.6 108.7 0.005627096843
108.75 108.7 108.8 0.009333349779
108.85 108.8 108.9 0.01065937728
108.95 108.9 109 0.005076948381
109.05 109 109.1 0.004807874527
109.15 109.1 109.2 0.004928769188
109.25 109.2 109.3 0.004685875661
109.35 109.3 109.4 0.005264256382
109.45 109.4 109.5 0.005793298135
109.55 109.5 109.6 0.002295434702
109.65 109.6 109.7 0.005964469561
109.75 109.7 109.8 0.002884666659
109.85 109.8 109.9 0.005552599457
109.95 109.9 110 0.004385494175
110.05 110 110.1 0.004804500555
110.15 110.1 110.2 0.001251374072
110.25 110.2 110.3 0.001241398652
110.35 110.3 110.4 0.00653936403
110.45 110.4 110.5 0.0008811587991
110.55 110.5 110.6 0.003215976288
110.65 110.6 110.7 0.003359431905
110.75 110.7 110.8 0.007634841603
110.85 110.8 110.9 0.005946004624
110.95 110.9 111 0.006584282548
111.05 111 111.1 0.001401083846
111.15 111.1 111.2 0.006408115961
111.25 111.2 111.3 0.003172305292
111.35 111.3 111.4 0.002710604074
111.45 111.4 111.5 0.001050344747
111.55 111.5 111.6 0.003201587199
111.65 111.6 111.7 0.007702590888
111.75 111.7 111.8 0.005373740045
111.85 111.8 111.9 0.004243147253
111.95 111.9 112 0.00367435451
112.05 112 112.1 0.002866837351
112.15 112.1 112.2 0.0005308282763
112.25 112.2 112.3 -8.669903484e-06
112.35 112.3 112.4 0.00306150203
112.45 112.4 112.5 0.002636207818
112.55 112.5 112.6 0.001686369416
112.65 112.6 112.7 0.003770618195
112.75 112.7 112.8 0.002638277689
112.85 112.8 112.9 0.001041849347
112.95 112.9 113 0.000878268193
113.05 113 113.1 0.001949754191
113.15 113.1 113.2 0.001561856318
113.25 113.2 113.3 0.0004169314575
113.35 113.3 113.4 0.001891188008
113.45 113.4 113.5 0.007526059058
113.55 113.5 113.6 0.001187186569
113.65 113.6 113.7 0.002153670211
113.75 113.7 113.8 0.007149784301
113.85 113.8 113.9 0.001015557003
113.95 113.9 114 0.004200813562
114.05 114 114.1 0.002838340678
114.15 114.1 114.2 0.003631859874
114.25 114.2 114.3 0.002306724126
114.35 114.3 114.4 0.002336178894
114.45 114.4 114.5 0.002854610276
114.55 114.5 114.6 -0.0004964407618
114.65 114.6 114.7 0.001710865792
114.75 114.7 114.8 0.001532469218
114.85 114.8 114.9 0.002330165854
114.95 114.9 115 0.004588322159
115.05 115 115.1 -0.001439891439
115.15 115.1 115.2 0.002565893714
115.25 115.2 115.3 0.001526437298
115.35 115.3 115.4 0.002765943981
115.45 115.4 115.5 0.003491282883
115.55 115.5 115.6 0.003462189026
115.65 115.6 115.7 0.0001223880771
115.75 115.7 115.8 -0.0002071962035
115.85 115.8 115.9 0.003267165715
115.95 115.9 116 0.001458196857
116.05 116 116.1 0.003793734222
116.15 116.1 116.2 0.003614130028
116.25 116.2 116.3 0.002386897952
116.35 116.3 116.4 0.004750730348
116.45 116.4 116.5 0.001038254851
116.55 116.5 116.6 0.003897114564
116.65 116.6 116.7 0.001724087312
116.75 116.7 116.8 0.003178429996
116.85 116.8 116.9 0.00286375159
116.95 116.9 117 -0.001835822971
117.05 117 117.1 0.003932298034
117.15 117.1 117.2 0.006679660297
117.25 117.2 117.3 0.001304291794
117.35 117.3 117.4 0.0002523381125
117.45 117.4 117.5 -0.001005838838
117.55 117.5 117.6 -0.003752741866
117.65 117.6 117.7 0.002481013869
117.75 117.7 117.8 0.001634067996
117.85 117.8 117.9 0.0003631326779
117.95 117.9 118 -0.0007987859807
118.05 118 118.1 0.0008842605146
118.15 118.1 118.2 0.00374846024
118.25 118.2 118.3 0.002553465889
118.35 118.3 118.4 0.0017044238
118.45 118.4 118.5 0.00133634857
118.55 118.5 118.6 -0.000835694624
118.65 118.6 118.7 0.002240747626
118.75 118.7 118.8 -0.001309480021
118.85 118.8 118.9 0.0005944518339
118.95 118.9 119 0.001535970503
119.05 119 119.1 0.006430778725
119.15 119.1 119.2 0.003060871403
119.25 119.2 119.3 -0.001565758681
119.35 119.3 119.4 0.002228289112
119.45 119.4 119.5 0.001529225563
119.55 119.5 119.6 0.002000523102
119.65 119.6 119.7 -0.003777233173
119.75 119.7 119.8 0.001341724256
119.85 119.8 119.9 -0.0004002539998
119.95 119.9 120 0.001139948457
120.05 120 120.1 0.002506274617
120.15 120.1 120.2 -0.000314712587
120.25 120.2 120.3 0.004634726215
120.35 120.3 120.4 0.0002343444162
120.45 120.4 120.5 0.0002069219431
120.55 120.5 120.6 0.001364447303
120.65 120.6 120.7 0.0007750816505
120.75 120.7 120.8 -0.00106647878
120.85 120.8 120.9 -0.0006603112378
120.95 120.9 121 0.001373529045
121.05 121 121.1 -0.001852813015
121.15 121.1 121.2 0.002391296149
121.25 121.2 121.3 -0.001320614933
121.35 121.3 121.4 0.004100337514
121.45 121.4 121.5 0.001522871868
121.55 121.5 121.6 -0.001783224505
121.65 121.6 121.7 -0.001361689268
121.75 121.7 121.8 0.0009104080787
121.85 121.8 121.9 -0.002355278035
121.95 121.9 122 -0.004049142964
122.05 122 122.1 -0.0007656859553
122.15 122.1 122.2 0.0008824012268
122.25 122.2 122.3 0.002230600693
122.35 122.3 122.4 0.0004617540654
122.45 122.4 122.5 -0.002376755527
122.55 122.5 122.6 0.0005246127082
122.65 122.6 122.7 0.001800186398
122.75 122.7 122.8 0.0007087908591
122.85 122.8 122.9 0.002892620539
122.95 122.9 123 0.0006181766058
123.05 123 123.1 -0.0006015665006
123.15 123.1 123.2 -0.0005882726502
123.25 123.2 123.3 0.0006332084765
123.35 123.3 123.4 0.0008930822748
123.45 123.4 123.5 0.000669736023
123.55 123.5 123.6 0.001188639345
123.65 123.6 123.7 -0.001725644855
123.75 123.7 123.8 0.001024891101
123.85 123.8 123.9 0.002013282675
123.95 123.9 124 0.004161847785
124.05 124 124.1 0.0005423238368
124.15 124.1 124.2 -0.001679878435
124.25 124.2 124.3 0.001292024989
124.35 124.3 124.4 0.002830156868
124.45 124.4 124.5 -0.0004790482548
124.55 124.5 124.6 0.0009926231504
124.65 124.6 124.7 0.00144489997
124.75 124.7 124.8 0.0003238429696
124.85 124.8 124.9 0.001618408586
124.95 124.9 125 0.005942318339
125.05 125 125.1 -0.0002270173627
125.15 125.1 125.2 0.002680271656
125.25 125.2 125.3 -0.002415435435
125.35 125.3 125.4 -0.001892259049
125.45 125.4 125.5 -0.004294518937
125.55 125.5 125.6 0.0009626085643
125.65 125.6 125.7 0.001468911785
125.75 125.7 125.8 -0.001192582097
125.85 125.8 125.9 -0.0005621459268
125.95 125.9 126 0.001934909713
126.05 126 126.1 4.840391392e-06
126.15 126.1 126.2 0.000902182537
126.25 126.2 126.3 -0.001913702168
126.35 126.3 126.4 -0.001053719515
126.45 126.4 126.5 0.0009583629654
126.55 126.5 126.6 -0.0009088666744
126.65 126.6 126.7 0.0003794671306
126.75 126.7 126.8 0.001428444282
126.85 126.8 126.9 -0.00102696814
126.95 126.9 127 -0.0006888793031
127.05 127 127.1 -0.0002240268621
127.15 127.1 127.2 0.002033664853
127.25 127.2 127.3 -1.946841568e-05
127.35 127.3 127.4 0.003696241448
127.45 127.4 127.5 -0.0007450685227
127.55 127.5 127.6 0.0004580301238
127.65 127.6 127.7 -0.0005628292271
127.75 127.7 127.8 -0.001734150741
127.85 127.8 127.9 -0.00299372761
127.95 127.9 128 -0.0003884442704
128.05 128 128.1 -0.001345442563
128.15 128.1 128.2 -0.0005083435603
128.25 128.2 128.3 0.0002170152125
128.35 128.3 128.4 0.00121502666
128.45 128.4 128.5 -9.76864173e-05
128.55 128.5 128.6 0.0001048097025
128.65 128.6 128.7 0.003202194974
128.75 128.7 128.8 -3.964033137e-05
128.85 128.8 128.9 -0.001518948141
128.95 128.9 129 -0.0004593780138
129.05 129 129.1 0.002487940603
129.15 129.1 129.2 0.003783050607
129.25 129.2 129.3 0.001201331934
129.35 129.3 129.4 0.0007325158589
129.45 129.4 129.5 -0.00106335782
129.55 129.5 129.6 0.002547214434
129.65 129.6 129.7 -0.0005356493163
129.75 129.7 129.8 -0.0008427352756
129.85 129.8 129.9 7.577751175e-05
129.95 129.9 130 -0.003442383283
130.05 130 130.1 0.001661084389
130.15 130.1 130.2 -0.002402003107
130.25 130.2 130.3 0.004726180517
130.35 130.3 130.4 0.001831505387
130.45 130.4 130.5 0.002430900226
130.55 130.5 130.6 -0.0002466339669
130.65 130.6 130.7 0.003550051246
130.75 130.7 130.8 -0.003236284909
130.85 130.8 130.9 0.0004598375806
130.95 130.9 131 -0.003216453942
131.05 131 131.1 0.004602976751
131.15 131.1 131.2 -0.001331136918
131.25 131.2 131.3 0.001172996445
131.35 131.3 131.4 -0.001424779991
131.45 131.4 131.5 -0.001640605063
131.55 131.5 131.6 -1.045661036e-05
131.65 131.6 131.7 0.001603798012
131.75 131.7 131.8 -0.001187487095
131.85 131.8 131.9 -0.0007367862726
131.95 131.9 132 0.001636039007
132.05 132 132.1 0.002240475241
132.15 132.1 132.2 0.001287284144
132.25 132.2 132.3 0.0006924965007
132.35 132.3 132.4 -0.000281070338
132.45 132.4 132.5 0.0003866985097
132.55 132.5 132.6 0.001353948856
132.65 132.6 132.7 -0.001376599134
132.75 132.7 132.8 0.002159207693
132.85 132.8 132.9 0.0003374927329
132.95 132.9 133 -0.002724938972
133.05 133 133.1 0.001181974462
133.15 133.1 133.2 -0.0009980723464
133.25 133.2 133.3 0.002866503176
133.35 133.3 133.4 -0.001710961576
133.45 133.4 133.5 0.004215023456
133.55 133.5 133.6 0.00186337393
133.65 133.6 133.7 -0.0001820446715
133.75 133.7 133.8 0.00117373083
133.85 133.8 133.9 0.001873524804
133.95 133.9 134 8.217227659e-05
134.05 134 134.1 0.0008139006309
134.15 134.1 134.2 0.001181088961
134.25 134.2 134.3 0.001837873891
134.35 134.3 134.4 0.0002042789499
134.45 134.4 134.5 0.001235176626
134.55 134.5 134.6 -0.001803469089
134.65 134.6 134.7 0.0008529936403
134.75 134.7 134.8 -0.001118003584
134.85 134.8 134.9 -0.0007045089056
134.95 134.9 135 0.0008226986812
135.05 135 135.1 -0.0002611433959
135.15 135.1 135.2 0.0001320042374
135.25 135.2 135.3 -0.003584961796
135.35 135.3 135.4 -0.001770476319
135.45 135.4 135.5 0.002189123643
135.55 135.5 135.6 -0.001039930342
135.65 135.6 135.7 -0.0001491237324
135.75 135.7 135.8 0.002101130985
135.85 135.8 135.9 -0.002102226115
135.95 135.9 136 0.003265566229
136.05 136 136.1 0.0002756113651
136.15 136.1 136.2 -0.0008353931235
136.25 136.2 136.3 -0.0006482936612
136.35 136.3 136.4 -0.002988653353
136.45 136.4 136.5 0.001963338732
136.55 136.5 136.6 -0.0008413501547
136.65 136.6 136.7 0.000183867443
136.75 136.7 136.8 0.0005363970754
136.85 136.8 136.9 0.00201771493
136.95 136.9 137 -0.0004093880753
137.05 137 137.1 -0.0002149695275
137.15 137.1 137.2 -9.24422391e-05
137.25 137.2 137.3 -0.0003230106701
137.35 137.3 137.4 -0.000441496094
137.45 137.4 137.5 -0.002774155401
137.55 137.5 137.6 0.0009371262929
137.65 137.6 137.7 -0.001231407769
137.75 137.7 137.8 0.001568834835
137.85 137.8 137.9 -0.002255521175
137.95 137.9 138 0.000960303306
138.05 138 138.1 0.001712632264
138.15 138.1 138.2 0.0009547054218
138.25 138.2 138.3 -3.851385868e-05
138.35 138.3 138.4 0.0006646882437
138.45 138.4 138.5 -0.002266734372
138.55 138.5 138.6 -0.001086169737
138.65 138.6 138.7 0.004954935606
138.75 138.7 138.8 -0.002675450856
138.85 138.8 138.9 -0.004251859377
138.95 138.9 139 0.001934778204
139.05 139 139.1 0.002504900704
139.15 139.1 139.2 0.001149894798
139.25 139.2 139.3 0.0007011094418
139.35 139.3 139.4 -0.0004304841358
139.45 139.4 139.5 -0.0004673161315
139.55 139.5 139.6 -0.003086490154
139.65 139.6 139.7 -0.003438153323
139.75 139.7 139.8 -0.001497437185
139.85 139.8 139.9 -0.003171147739
139.95 139.9 140 -0.0002534325057
140.05 140 140.1 -0.000618728953
140.15 140.1 140.2 -0.003422127015
140.25 140.2 140.3 -0.00168289976
140.35 140.3 140.4 -0.001818153312
140.45 140.4 140.5 -0.001809922621
140.55 140.5 140.6 -0.0001214156277
140.65 140.6 140.7 0.00034358235
140.75 140.7 140.8 -0.001892222805
140.85 140.8 140.9 -0.002479429569
140.95 140.9 141 0.002124862849
141.05 141 141.1 -0.0006957275411
141.15 141.1 141.2 -0.00086796675
141.25 141.2 141.3 0.002063347971
141.35 141.3 141.4 -0.003010724474
141.45 141.4 141.5 -0.001688791106
141.55 141.5 141.6 -0.004082324278
141.65 141.6 141.7 0.001441911627
141.75 141.7 141.8 -0.002443512559
141.85 141.8 141.9 -0.001000620281
141.95 141.9 142 0.0002067729627
142.05 142 142.1 -0.0001305175657
142.15 142.1 142.2 -0.00132638566
142.25 142.2 142.3 -0.003171149388
142.35 142.3 142.4 0.002589538994
142.45 142.4 142.5 -0.001368433423
142.55 142.5 142.6 -0.001717755913
142.65 142.6 142.7 -0.002052288247
142.75 142.7 142.8 -0.0002205864826
142.85 142.8 142.9 2.139069083e-05
142.95 142.9 143 -0.003769721926
143.05 143 143.1 -0.0003358046411
143.15 143.1 143.2 -0.0002190609103
143.25 143.2 143.3 -0.005087732553
143.35 143.3 143.4 0.002233686296
143.45 143.4 143.5 0.001654958278
143.55 143.5 143.6 -0.0007318975096
143.65 143.6 143.7 -0.002518750462
143.75 143.7 143.8 0.0003307761003
143.85 143.8 143.9 -3.387027031e-05
143.95 143.9 144 -0.0004991044838
144.05 144 144.1 -0.000840987857
144.15 144.1 144.2 -0.00127408883
144.25 144.2 144.3 -0.003427120026
144.35 144.3 144.4 -0.001166499585
144.45 144.4 144.5 0.000103013478
144.55 144.5 144.6 0.0002085639422
144.65 144.6 144.7 -0.0006463053054
144.75 144.7 144.8 -0.0009684986048
144.85 144.8 144.9 -0.0005705628678
144.95 144.9 145 -0.001916476418
145.05 145 145.1 -0.001870168507
145.15 145.1 145.2 0.0002985555027
145.25 145.2 145.3 -0.0009279746211
145.35 145.3 145.4 -0.001217394119
145.45 145.4 145.5 0.001081004633
145.55 145.5 145.6 -0.0005234627159
145.65 145.6 145.7 -0.002365723025
145.75 145.7 145.8 -0.0008551524408
145.85 145.8 145.9 -0.004427579751
145.95 145.9 146 0.0002222032849
146.05 146 146.1 -0.003199531661
146.15 146.1 146.2 -0.0006889271983
146.25 146.2 146.3 0.0009269303179
146.35 146.3 146.4 0.0004263417844
146.45 146.4 146.5 0.000715133839
146.55 146.5 146.6 -0.001686873586
146.65 146.6 146.7 0.0006277250036
146.75 146.7 146.8 0.000158824238
146.85 146.8 146.9 -0.001032929088
146.95 146.9 147 -0.002569703491
147.05 147 147.1 -0.0002995993015
147.15 147.1 147.2 0.0006896413538
147.25 147.2 147.3 -0.002795086983
147.35 147.3 147.4 -0.002098121245
147.45 147.4 147.5 -0.001452657482
147.55 147.5 147.6 -0.00149052315
147.65 147.6 147.7 -0.001829163299
147.75 147.7 147.8 0.0007949483739
147.85 147.8 147.9 -0.00199858061
147.95 147.9 148 -0.002530186786
148.05 148 148.1 -0.0001817399872
148.15 148.1 148.2 -0.002940978815
148.25 148.2 148.3 -0.0002685244572
148.35 148.3 148.4 0.001222321518
148.45 148.4 148.5 -0.0001397089058
148.55 148.5 148.6 -0.0003355815863
148.65 148.6 148.7 0.0003444668639
148.75 148.7 148.8 -0.001834257886
148.85 148.8 148.9 -0.002009081277
148.95 148.9 149 -0.003231364749
149.05 149 149.1 0.0005486466604
149.15 149.1 149.2 -0.006051585029
149.25 149.2 149.3 0.0008723805842
149.35 149.3 149.4 0.0003143370695
149.45 149.4 149.5 -0.001266018231
149.55 149.5 149.6 0.001978974572
149.65 149.6 149.7 0.0003085031541
149.75 149.7 149.8 -0.002669437485
149.85 149.8 149.9 -0.001838357493
149.95 149.9 150 -0.0009658748921
150.05 150 150.1 -0.001450027815
150.15 150.1 150.2 -0.001198198645
150.25 150.2 150.3 -0.003746285908
150.35 150.3 150.4 -0.0004907048794
150.45 150.4 150.5 0.0002866356007
150.55 150.5 150.6 -0.002965414588
150.65 150.6 150.7 -0.00033595293
150.75 150.7 150.8 -0.0004443186934
150.85 150.8 150.9 -0.0007801351748
150.95 150.9 151 -0.000933563521
151.05 151 151.1 -0.003839641536
151.15 151.1 151.2 -0.0009409748413
151.25 151.2 151.3 -0.002448483784
151.35 151.3 151.4 -0.00149812845
151.45 151.4 151.5 -0.002122189992
151.55 151.5 151.6 -0.003551775235
151.65 151.6 151.7 -0.003563835486
151.75 151.7 151.8 -0.001299413969
151.85 151.8 151.9 -0.00357228873
151.95 151.9 152 -1.856876125e-05
152.05 152 152.1 -0.001168624978
152.15 152.1 152.2 -0.001535328908
152.25 152.2 152.3 -0.003653144622
152.35 152.3 152.4 0.002918516307
152.45 152.4 152.5 -0.001288971359
152.55 152.5 152.6 -0.003638936852
152.65 152.6 152.7 -0.003751688615
152.75 152.7 152.8 -0.003214275466
152.85 152.8 152.9 -0.002225085739
152.95 152.9 153 -0.001341163253
153.05 153 153.1 -0.0009138523001
153.15 153.1 153.2 -0.0024058837
153.25 153.2 153.3 -0.002449910966
153.35 153.3 153.4 -0.002641150049
153.45 153.4 153.5 -0.001060633236
153.55 153.5 153.6 0.0009466987097
153.65 153.6 153.7 -0.00173175532
153.75 153.7 153.8 0.001015617976
153.85 153.8 153.9 -0.0008463375948
153.95 153.9 154 0.00105169705
154.05 154 154.1 -0.001450720928
154.15 154.1 154.2 -0.00281288459
154.25 154.2 154.3 0.001749687123
154.35 154.3 154.4 -0.00317176319
154.45 154.4 154.5 -0.002683053492
154.55 154.5 154.6 -0.001564959539
154.65 154.6 154.7 -0.002017176707
154.75 154.7 154.8 -0.00148116733
154.85 154.8 154.9 0.002351835347
154.95 154.9 155 -0.003517467979
155.05 155 155.1 -0.00281923434
155.15 155.1 155.2 -0.002626900627
155.25 155.2 155.3 0.00109877124
155.35 155.3 155.4 -0.004256765327
155.45 155.4 155.5 -0.001341041311
155.55 155.5 155.6 -0.001847767397
155.65 155.6 155.7 -0.001541490537
155.75 155.7 155.8 0.0001474101047
155.85 155.8 155.9 -0.002452347538
155.95 155.9 156 -0.003087984619
156.05 156 156.1 -0.0003729486604
156.15 156.1 156.2 -0.001289582061
156.25 156.2 156.3 -0.001534749972
156.35 156.3 156.4 -0.007435306187
156.45 156.4 156.5 -0.0005632280541
156.55 156.5 156.6 -0.001360166573
156.65 156.6 156.7 -0.001430191096
156.75 156.7 156.8 -0.003817662327
156.85 156.8 156.9 -0.001364611572
156.95 156.9 157 -0.003708491075
157.05 157 157.1 -0.002833593268
157.15 157.1 157.2 -0.003718070197
157.25 157.2 157.3 0.00202110146
157.35 157.3 157.4 -0.003440151648
157.45 157.4 157.5 -0.002197776565
157.55 157.5 157.6 -0.002090776285
157.65 157.6 157.7 -0.003822892904
157.75 157.7 157.8 -0.001187052134
157.85 157.8 157.9 -0.001029120518
157.95 157.9 158 -0.002373034238
158.05 158 158.1 -0.003701983859
158.15 158.1 158.2 -0.001129942778
158.25 158.2 158.3 -0.001822533119
158.35 158.3 158.4 -0.001416366698
158.45 158.4 158.5 -0.001911175652
158.55 158.5 158.6 -0.0005712048637
158.65 158.6 158.7 -0.001045469677
158.75 158.7 158.8 -0.002961140429
158.85 158.8 158.9 -0.0008723124507
158.95 158.9 159 -0.005378089047
159.05 159 159.1 -0.00059387647
159.15 159.1 159.2 -0.002250217896
159.25 159.2 159.3 -0.002407303944
159.35 159.3 159.4 -0.001436745487
159.45 159.4 159.5 -0.002922928513
159.55 159.5 159.6 -0.001822969625
159.65 159.6 159.7 -0.001545258006
159.75 159.7 159.8 -0.002946377285
159.85 159.8 159.9 -0.006156674383
159.95 159.9 160 -0.002890618826
160.05 160 160.1 -0.003839866318
160.15 160.1 160.2 -0.002950393094
160.25 160.2 160.3 -0.002811626444
160.35 160.3 160.4 -0.003438995289
160.45 160.4 160.5 -0.001430249227
160.55 160.5 160.6 -0.001393737805
160.65 160.6 160.7 -0.003606269755
160.75 160.7 160.8 -0.0007394805922
160.85 160.8 160.9 -0.002198614199
160.95 160.9 161 -0.004541781961
161.05 161 161.1 -0.0006788612594
161.15 161.1 161.2 0.001782068656
161.25 161.2 161.3 6.29421174e-05
161.35 161.3 161.4 -0.0008179354786
161.45 161.4 161.5 -0.001899490725
161.55 161.5 161.6 -0.002837221594
161.65 161.6 161.7 -0.004209806091
161.75 161.7 161.8 -0.001745271851
161.85 161.8 161.9 -0.003534941956
161.95 161.9 162 -0.002418292788
162.05 162 162.1 -0.003521445691
162.15 162.1 162.2 -0.002853512651
162.25 162.2 162.3 -0.00052257208
162.35 162.3 162.4 -0.003610113788
162.45 162.4 162.5 -0.004469801397
162.55 162.5 162.6 -0.00678526751
162.65 162.6 162.7 -0.0005764794171
162.75 162.7 162.8 -0.00292965636
162.85 162.8 162.9 -0.004527727395
162.95 162.9 163 -0.004005261827
163.05 163 163.1 -0.003653009524
163.15 163.1 163.2 -0.002922192145
163.25 163.2 163.3 -0.001709201108
163.35 163.3 163.4 -0.003695096571
163.45 163.4 163.5 -0.004561736725
163.55 163.5 163.6 -0.001466613878
163.65 163.6 163.7 -0.003569895765
163.75 163.7 163.8 -0.002333345382
163.85 163.8 163.9 -0.003791997603
163.95 163.9 164 -0.004455770398
164.05 164 164.1 -0.002339361048
164.15 164.1 164.2 -0.005196152875
164.25 164.2 164.3 -0.0006646932679
164.35 164.3 164.4 -0.005581011661
164.45 164.4 164.5 -0.004063529797
164.55 164.5 164.6 -0.0008184920875
164.65 164.6 164.7 -0.0002842540664
164.75 164.7 164.8 -0.001817570498
164.85 164.8 164.9 -0.001018107781
164.95 164.9 165 -0.0006858976367
165.05 165 165.1 -0.003546158793
165.15 165.1 165.2 -0.002875208149
165.25 165.2 165.3 -0.002598823616
165.35 165.3 165.4 -0.001675618293
165.45 165.4 165.5 0.003073601381
165.55 165.5 165.6 -0.004692794171
165.65 165.6 165.7 -0.001988789899
165.75 165.7 165.8 -0.002856596151
165.85 165.8 165.9 -0.003060624698
165.95 165.9 166 -0.0038394462
166.05 166 166.1 7.382612479e-05
166.15 166.1 166.2 -0.002639333751
166.25 166.2 166.3 -0.003851411169
166.35 166.3 166.4 -0.0006999229515
166.45 166.4 166.5 -0.002949389483
166.55 166.5 166.6 -0.002860112286
166.65 166.6 166.7 -0.0009384139848
166.75 166.7 166.8 -0.001459769304
166.85 166.8 166.9 -0.0009088225568
166.95 166.9 167 -0.003126882918
167.05 167 167.1 -0.001696713681
167.15 167.1 167.2 -0.001497850321
167.25 167.2 167.3 -0.002137161498
167.35 167.3 167.4 0.001575707451
167.45 167.4 167.5 -0.002781085235
167.55 167.5 167.6 7.249100384e-05
167.65 167.6 167.7 -0.001573635805
167.75 167.7 167.8 -0.0001333759054
167.85 167.8 167.9 -0.001178892143
167.95 167.9 168 -0.002015992421
168.05 168 168.1 -0.003001217083
168.15 168.1 168.2 -0.003875212319
168.25 168.2 168.3 -0.004577107767
168.35 168.3 168.4 -0.0008267222111
168.45 168.4 168.5 -0.001273400615
168.55 168.5 168.6 -0.0006144329426
168.65 168.6 168.7 -0.001892614658
168.75 168.7 168.8 -0.0009067754929
168.85 168.8 168.9 -0.001883853485
168.95 168.9 169 -0.004458691046
169.05 169 169.1 -0.002021206448
169.15 169.1 169.2 -0.004709821095
169.25 169.2 169.3 -0.001924618032
169.35 169.3 169.4 -0.003760513569
169.45 169.4 169.5 -0.002469630203
169.55 169.5 169.6 -0.002045954929
169.65 169.6 169.7 -0.0002509308575
169.75 169.7 169.8 0.0005242861167
169.85 169.8 169.9 -0.001412661553
169.95 169.9 170 -0.001469641481
170.05 170 170.1 -0.004345830549
170.15 170.1 170.2 -0.004182345643
170.25 170.2 170.3 -0.0009852252276
170.35 170.3 170.4 -0.0006792862379
170.45 170.4 170.5 -0.001692168044
170.55 170.5 170.6 -0.0005649644941
170.65 170.6 170.7 0.0004834031761
170.75 170.7 170.8 6.283395227e-05
170.85 170.8 170.9 -0.004466743374
170.95 170.9 171 -0.001922353326
171.05 171 171.1 -0.00170316904
171.15 171.1 171.2 -0.0008321576665
171.25 171.2 171.3 -0.001848402751
171.35 171.3 171.4 -0.004040541795
171.45 171.4 171.5 -0.003302690355
171.55 171.5 171.6 -0.001202788708
171.65 171.6 171.7 -0.001381342128
171.75 171.7 171.8 -0.001867211972
171.85 171.8 171.9 -0.003278322697
171.95 171.9 172 -0.002671728757
172.05 172 172.1 -0.0001450733213
172.15 172.1 172.2 -0.001377998447
172.25 172.2 172.3 -0.0002637838547
172.35 172.3 172.4 -0.001014862498
172.45 172.4 172.5 -0.002560869693
172.55 172.5 172.6 -0.001819759387
172.65 172.6 172.7 -0.003149828923
172.75 172.7 172.8 -0.004001689884
172.85 172.8 172.9 -0.002056785891
172.95 172.9 173 -0.001401702626
173.05 173 173.1 -0.003186834023
173.15 173.1 173.2 -0.0001411589054
173.25 173.2 173.3 -0.001697603122
173.35 173.3 173.4 -0.0006212738306
173.45 173.4 173.5 -0.001302423033
173.55 173.5 173.6 -0.002276153351
173.65 173.6 173.7 -0.002574351833
173.75 173.7 173.8 -0.00244343181
173.85 173.8 173.9 -0.002397846615
173.95 173.9 174 -0.002262804595
174.05 174 174.1 -0.002299521266
174.15 174.1 174.2 0.0001044850564
174.25 174.2 174.3 -0.002561561204
174.35 174.3 174.4 4.543276167e-05
174.45 174.4 174.5 -0.0008918826787
174.55 174.5 174.6 -0.002162491693
174.65 174.6 174.7 0.0006625719674
174.75 174.7 174.8 -0.0001038857972
174.85 174.8 174.9 -0.001073785416
174.95 174.9 175 -0.002555702272
175.05 175 175.1 0.0001259694067
175.15 175.1 175.2 -0.0004739778784
175.25 175.2 175.3 0.0009336567659
175.35 175.3 175.4 -0.003082847913
175.45 175.4 175.5 -0.003885477886
175.55 175.5 175.6 -0.0009904781765
175.65 175.6 175.7 -0.000834650336
175.75 175.7 175.8 -0.001887134333
175.85 175.8 175.9 -0.003328957906
175.95 175.9 176 -0.003175428646
176.05 176 176.1 -0.00139185861
176.15 176.1 176.2 0.0009649168002
176.25 176.2 176.3 -0.0003284608388
176.35 176.3 176.4 -0.003652192049
176.45 176.4 176.5 -0.002316185423
176.55 176.5 176.6 -0.0005868272094
176.65 176.6 176.7 -0.002140799032
176.75 176.7 176.8 -0.0007979086719
176.85 176.8 176.9 -0.003427275123
176.95 176.9 177 -0.0007628528381
177.05 177 177.1 -0.001108920538
177.15 177.1 177.2 -0.002743556917
177.25 177.2 177.3 -0.0007853705825
177.35 177.3 177.4 -0.002642707401
177.45 177.4 177.5 -0.0003824431948
177.55 177.5 177.6 -0.0002765578197
177.65 177.6 177.7 -0.0006917781319
177.75 177.7 177.8 -0.002372792916
177.85 177.8 177.9 -0.003628151945
177.95 177.9 178 -0.001256663054
178.05 178 178.1 -0.002734886952
178.15 178.1 178.2 -0.001340719906
178.25 178.2 178.3 -0.003627178893
178.35 178.3 178.4 -0.001305464791
178.45 178.4 178.5 -0.0001174996705
178.55 178.5 178.6 -0.001540424694
178.65 178.6 178.7 -0.001533402651
178.75 178.7 178.8 -0.00250808433
178.85 178.8 178.9 -0.001433533815
178.95 178.9 179 -0.001288310459
179.05 179 179.1 -0.003033811934
179.15 179.1 179.2 -0.003010563258
179.25 179.2 179.3 -0.001221981134
179.35 179.3 179.4 0.0004809791307
179.45 179.4 179.5 -1.368394473e-05
179.55 179.5 179.6 0.0001708985385
179.65 179.6 179.7 8.51210961e-05
179.75 179.7 179.8 0.001101022972
179.85 179.8 179.9 -0.001665858217
179.95 179.9 180 0.0001466751971
180.05 180 180.1 -0.001793909651
180.15 180.1 180.2 -0.002123523427
180.25 180.2 180.3 -0.0005677088543
180.35 180.3 180.4 0.002054746397
180.45 180.4 180.5 -0.00161919648
180.55 180.5 180.6 -0.0009452710205
180.65 180.6 180.7 0.001964754522
180.75 180.7 180.8 0.001331926575
180.85 180.8 180.9 -0.003285249199
180.95 180.9 181 -0.001915313582
181.05 181 181.1 0.002113134096
181.15 181.1 181.2 -0.001617209677
181.25 181.2 181.3 -0.0005877200341
181.35 181.3 181.4 -0.0008916287924
181.45 181.4 181.5 -0.0003302699939
181.55 181.5 181.6 -0.0009377805543
181.65 181.6 181.7 -0.001030480324
181.75 181.7 181.8 0.001408498499
181.85 181.8 181.9 -0.001953714949
181.95 181.9 182 -0.001892000624
182.05 182 182.1 -0.0003666462878
182.15 182.1 182.2 -0.003531615466
182.25 182.2 182.3 -0.000560039848
182.35 182.3 182.4 -0.0006782321161
182.45 182.4 182.5 -0.0001507293359
182.55 182.5 182.6 0.001101058423
182.65 182.6 182.7 -0.001474775978
182.75 182.7 182.8 -0.00183412967
182.85 182.8 182.9 -0.002179793273
182.95 182.9 183 -0.001436470759
183.05 183 183.1 0.0007191579239
183.15 183.1 183.2 0.0006889688545
183.25 183.2 183.3 -0.003396077427
183.35 183.3 183.4 -0.002302678067
183.45 183.4 183.5 0.0005911687205
183.55 183.5 183.6 -0.002276629292
183.65 183.6 183.7 -0.0003120573031
183.75 183.7 183.8 0.0009418653489
183.85 183.8 183.9 -0.0002169204858
183.95 183.9 184 -0.000992300648
184.05 184 184.1 -0.003667001712
184.15 184.1 184.2 -0.0008511937238
184.25 184.2 184.3 -0.0001803807825
184.35 184.3 184.4 -0.002849369448
184.45 184.4 184.5 -0.00238034842
184.55 184.5 184.6 -0.001221154872
184.65 184.6 184.7 0.0006553540494
184.75 184.7 184.8 -0.0008391212529
184.85 184.8 184.9 -0.002409463047
184.95 184.9 185 0.000742210566
185.05 185 185.1 -0.00310719852
185.15 185.1 185.2 -0.0004326971505
185.25 185.2 185.3 -0.002551629998
185.35 185.3 185.4 -0.0002347964229
185.45 185.4 185.5 -0.0007366857962
185.55 185.5 185.6 0.0002712901134
185.65 185.6 185.7 -0.002227129412
185.75 185.7 185.8 -0.002621884011
185.85 185.8 185.9 0.0006769434852
185.95 185.9 186 -0.002476780191
186.05 186 186.1 -0.0008393764668
186.15 186.1 186.2 0.001001171035
186.25 186.2 186.3 0.001383247858
186.35 186.3 186.4 -0.0003103147022
186.45 186.4 186.5 0.0002691946486
186.55 186.5 186.6 -0.002546863386
186.65 186.6 186.7 -0.001341891448
186.75 186.7 186.8 -0.002451687748
186.85 186.8 186.9 -0.001602276274
186.95 186.9 187 -0.000934477644
187.05 187 187.1 -0.001403109824
187.15 187.1 187.2 -0.002634457949
187.25 187.2 187.3 -0.001180963835
187.35 187.3 187.4 -0.0009611566787
187.45 187.4 187.5 0.0007921256051
187.55 187.5 187.6 -0.0002787216754
187.65 187.6 187.7 0.0005417432729
187.75 187.7 187.8 -0.001707275796
187.85 187.8 187.9 0.001721507464
187.95 187.9 188 -0.002177007583
188.05 188 188.1 0.001188787925
188.15 188.1 188.2 -0.001523110406
188.25 188.2 188.3 -0.0001089626432
188.35 188.3 188.4 0.001679230159
188.45 188.4 188.5 -0.001123464335
188.55 188.5 188.6 -0.002032696628
188.65 188.6 188.7 -0.001187520929
188.75 188.7 188.8 -1.910642711e-05
188.85 188.8 188.9 -0.002917468893
188.95 188.9 189 -0.002162144184
189.05 189 189.1 -0.001967731834
189.15 189.1 189.2 -0.001660832167
189.25 189.2 189.3 0.000682185393
189.35 189.3 189.4 -0.002166724807
189.45 189.4 189.5 -0.004028284733
189.55 189.5 189.6 0.0003179103464
189.65 189.6 189.7 -0.0001079744116
189.75 189.7 189.8 -0.001948944924
189.85 189.8 189.9 -0.001121290666
189.95 189.9 190 2.83774553e-05
190.05 190 190.1 -0.00308687602
190.15 190.1 190.2 -0.004646694933
190.25 190.2 190.3 -0.002066644679
190.35 190.3 190.4 -0.0002174716262
190.45 190.4 190.5 -0.001533490452
190.55 190.5 190.6 0.0006778874248
190.65 190.6 190.7 0.0007665614585
190.75 190.7 190.8 -0.0006327061951
190.85 190.8 190.9 -0.002481072299
190.95 190.9 191 0.0005171440141
191.05 191 191.1 -0.0007646337254
191.15 191.1 191.2 -0.0008961881735
191.25 191.2 191.3 -0.002419742366
191.35 191.3 191.4 -0.002098440407
191.45 191.4 191.5 -0.0001991636655
191.55 191.5 191.6 -0.002826638708
191.65 191.6 191.7 -0.0003397231004
191.75 191.7 191.8 -0.001599327197
191.85 191.8 191.9 -0.0009470493382
191.95 191.9 192 -0.001471161046
192.05 192 192.1 -0.002364382697
192.15 192.1 192.2 -0.001797158693
192.25 192.2 192.3 -0.003380455128
192.35 192.3 192.4 -0.0004888324692
192.45 192.4 192.5 -0.0005043211296
192.55 192.5 192.6 -0.000875120495
192.65 192.6 192.7 -0.00062376883
192.75 192.7 192.8 -0.00123136599
192.85 192.8 192.9 0.000292713797
192.95 192.9 193 -0.0007947720812
193.05 193 193.1 0.001069759075
193.15 193.1 193.2 -0.0008621097585
193.25 193.2 193.3 -0.002464037341
193.35 193.3 193.4 -0.0004060305831
193.45 193.4 193.5 -6.393744828e-05
193.55 193.5 193.6 -0.0005744257112
193.65 193.6 193.7 0.001668592218
193.75 193.7 193.8 0.0007521005314
193.85 193.8 193.9 0.00252411614
193.95 193.9 194 5.998762139e-05
194.05 194 194.1 -3.179383431e-05
194.15 194.1 194.2 -0.0005995451398
194.25 194.2 194.3 -0.0005673999012
194.35 194.3 194.4 -0.0007179941822
194.45 194.4 194.5 0.0005311326844
194.55 194.5 194.6 -0.0001383016355
194.65 194.6 194.7 -0.001936014442
194.75 194.7 194.8 -1.69935448e-05
194.85 194.8 194.9 0.00120227118
194.95 194.9 195 0.0008371086743
195.05 195 195.1 -0.001798780798
195.15 195.1 195.2 -0.001015145262
195.25 195.2 195.3 -0.0004645285747
195.35 195.3 195.4 -0.0005819937789
195.45 195.4 195.5 -0.0002162148025
195.55 195.5 195.6 -0.0008246269546
195.65 195.6 195.7 -0.0005116939508
195.75 195.7 195.8 -7.911640372e-05
195.85 195.8 195.9 -0.0009312435438
195.95 195.9 196 -0.001444506988
196.05 196 196.1 -0.003152657099
196.15 196.1 196.2 -0.001491159874
196.25 196.2 196.3 -0.0007038725665
196.35 196.3 196.4 -0.0006747946702
196.45 196.4 196.5 0.001150433232
196.55 196.5 196.6 -0.00270140736
196.65 196.6 196.7 -0.0007805929009
196.75 196.7 196.8 -0.001171594934
196.85 196.8 196.9 0.0006826015344
196.95 196.9 197 -0.0006129210695
197.05 197 197.1 -0.0004404935357
197.15 197.1 197.2 0.001195689753
197.25 197.2 197.3 0.001204868571
197.35 197.3 197.4 -0.00148402811
197.45 197.4 197.5 -0.0004464055734
197.55 197.5 197.6 -0.000856240201
197.65 197.6 197.7 0.0007587278514
197.75 197.7 197.8 -0.002130666354
197.85 197.8 197.9 0.0006127829238
197.95 197.9 198 -0.0007716205525
198.05 198 198.1 0.0007959824516
198.15 198.1 198.2 0.00206044413
198.25 198.2 198.3 0.0005550713718
198.35 198.3 198.4 0.001630789212
198.45 198.4 198.5 -0.000869647329
198.55 198.5 198.6 -0.0003726742903
198.65 198.6 198.7 -0.002055725152
198.75 198.7 198.8 0.0006291757253
198.85 198.8 198.9 -0.0004991634387
198.95 198.9 199 0.001491428088
199.05 199 199.1 -0.001483050147
199.15 199.1 199.2 -0.001410987583
199.25 199.2 199.3 -0.001016074336
199.35 199.3 199.4 -0.0006100160831
199.45 199.4 199.5 -0.001856299236
199.55 199.5 199.6 0.0004445041789
199.65 199.6 199.7 -0.002288372099
199.75 199.7 199.8 -0.0009788240308
199.85 199.8 199.9 -0.002283150902
199.95 199.9 200 0.0002755202439
