# Columns: s_cen(1) s_min(2) s_max(3) xi_iso(4)
0.05 0 0.1 15.52812415
0.15 0.1 0.2 7.103343278
0.25 0.2 0.3 15.38868486
0.35 0.3 0.4 17.14876912
0.45 0.4 0.5 20.453568
0.55 0.5 0.6 19.85862568
0.65 0.6 0.7 23.95499684
0.75 0.7 0.8 21.34303944
0.85 0.8 0.9 21.3203167
0.95 0.9 1 20.12644234
1.05 1 1.1 21.00147241
1.15 1.1 1.2 18.70258828
1.25 1.2 1.3 18.43989615
1.35 1.3 1.4 18.44141239
1.45 1.4 1.5 15.69097564
1.55 1.5 1.6 15.74046107
1.65 1.6 1.7 14.37438659
1.75 1.7 1.8 14.79594078
1.85 1.8 1.9 13.41882243
1.95 1.9 2 12.69670172
2.05 2 2.1 12.00153357
2.15 2.1 2.2 11.12885168
2.25 2.2 2.3 10.5469573
2.35 2.3 2.4 10.06721704
2.45 2.4 2.5 9.040210917
2.55 2.5 2.6 8.971524733
2.65 2.6 2.7 8.254827706
2.75 2.7 2.8 7.795628804
2.85 2.8 2.9 7.34394611
2.95 2.9 3 7.170590682
3.05 3 3.1 6.495493669
3.15 3.1 3.2 6.451970382
3.25 3.2 3.3 6.217054048
3.35 3.3 3.4 5.991858686
3.45 3.4 3.5 5.605617819
3.55 3.5 3.6 5.376833483
3.65 3.6 3.7 5.046542163
3.75 3.7 3.8 5.107574126
3.85 3.8 3.9 4.94950248
3.95 3.9 4 4.717124743
4.05 4 4.1 4.521948243
4.15 4.1 4.2 4.411575176
4.25 4.2 4.3 4.193186806
4.35 4.3 4.4 4.182299455
4.45 4.4 4.5 3.846717599
4.55 4.5 4.6 3.880427936
4.65 4.6 4.7 3.711826594
4.75 4.7 4.8 3.516990937
4.85 4.8 4.9 3.388858813
4.95 4.9 5 3.391389955
5.05 5 5.1 3.306660276
5.15 5.1 5.2 3.307615991
5.25 5.2 5.3 3.196343157
5.35 5.3 5.4 2.955910563
5.45 5.4 5.5 2.970083242
5.55 5.5 5.6 2.921013333
5.65 5.6 5.7 2.683228709
5.75 5.7 5.8 2.64655491
5.85 5.8 5.9 2.618896476
5.95 5.9 6 2.566072013
6.05 6 6.1 2.563348356
6.15 6.1 6.2 2.501412028
6.25 6.2 6.3 2.428207186
6.35 6.3 6.4 2.323477347
6.45 6.4 6.5 2.265727968
6.55 6.5 6.6 2.190903925
6.65 6.6 6.7 2.188286768
6.75 6.7 6.8 2.100495652
6.85 6.8 6.9 2.091713735
6.95 6.9 7 2.067901505
7.05 7 7.1 1.977377556
7.15 7.1 7.2 1.868457598
7.25 7.2 7.3 1.848594804
7.35 7.3 7.4 1.847309126
7.45 7.4 7.5 1.82540261
7.55 7.5 7.6 1.762711845
7.65 7.6 7.7 1.717924436
7.75 7.7 7.8 1.713378167
7.85 7.8 7.9 1.625476426
7.95 7.9 8 1.643736571
8.05 8 8.1 1.586646467
8.15 8.1 8.2 1.486059808
8.25 8.2 8.3 1.53922264
8.35 8.3 8.4 1.486586114
8.45 8.4 8.5 1.485231143
8.55 8.5 8.6 1.408342877
8.65 8.6 8.7 1.45362278
8.75 8.7 8.8 1.328880364
8.85 8.8 8.9 1.326861146
8.95 8.9 9 1.329442309
9.05 9 9.1 1.270556346
9.15 9.1 9.2 1.313016167
9.25 9.2 9.3 1.247728518
9.35 9.3 9.4 1.169458337
9.45 9.4 9.5 1.191931185
9.55 9.5 9.6 1.191644342
9.65 9.6 9.7 1.167848717
9.75 9.7 9.8 1.174752206
9.85 9.8 9.9 1.125629221
9.95 9.9 10 1.056474953
10.05 10 10.1 1.041579993
10.15 10.1 10.2 1.04939281
10.25 10.2 10.3 1.02909407
10.35 10.3 10.4 1.020107399
10.45 10.4 10.5 0.9925705841
10.55 10.5 10.6 1.015878955
10.65 10.6 10.7 1.009486518
10.75 10.7 10.8 0.9321434249
10.85 10.8 10.9 0.9376236671
10.95 10.9 11 0.9909051957
11.05 11 11.1 0.9428681369
11.15 11.1 11.2 0.8591535306
11.25 11.2 11.3 0.8513952959
11.35 11.3 11.4 0.84277846
11.45 11.4 11.5 0.832908329
11.55 11.5 11.6 0.8308351764
11.65 11.6 11.7 0.80583461
11.75 11.7 11.8 0.8086417752
11.85 11.8 11.9 0.7846514272
11.95 11.9 12 0.7782478997
12.05 12 12.1 0.7798946175
12.15 12.1 12.2 0.7225727221
12.25 12.2 12.3 0.727956245
12.35 12.3 12.4 0.7485348336
12.45 12.4 12.5 0.6773661756
12.55 12.5 12.6 0.7405100374
12.65 12.6 12.7 0.7028928993
12.75 12.7 12.8 0.7042377123
12.85 12.8 12.9 0.7059003471
12.95 12.9 13 0.6591547203
13.05 13 13.1 0.6921121011
13.15 13.1 13.2 0.6660246686
13.25 13.2 13.3 0.6709941491
13.35 13.3 13.4 0.6376083521
13.45 13.4 13.5 0.6172896844
13.55 13.5 13.6 0.6238393832
13.65 13.6 13.7 0.6152851821
13.75 13.7 13.8 0.5896826465
13.85 13.8 13.9 0.5920202045
13.95 13.9 14 0.5670631242
14.05 14 14.1 0.5540722221
14.15 14.1 14.2 0.5790004869
14.25 14.2 14.3 0.5403719996
14.35 14.3 14.4 0.5568787275
14.45 14.4 14.5 0.5396737969
14.55 14.5 14.6 0.5402093347
14.65 14.6 14.7 0.5465447604
14.75 14.7 14.8 0.4975597306
14.85 14.8 14.9 0.5153711464
14.95 14.9 15 0.5175591534
15.05 15 15.1 0.5117716958
15.15 15.1 15.2 0.4811158947
15.25 15.2 15.3 0.470434861
15.35 15.3 15.4 0.4917514552
15.45 15.4 15.5 0.4793034484
15.55 15.5 15.6 0.4796246931
15.65 15.6 15.7 0.4842959374
15.75 15.7 15.8 0.4490870902
15.85 15.8 15.9 0.4540816199
15.95 15.9 16 0.4296168329
16.05 16 16.1 0.4411604083
16.15 16.1 16.2 0.4331284287
16.25 16.2 16.3 0.418866794
16.35 16.3 16.4 0.4285289844
16.45 16.4 16.5 0.3831514197
16.55 16.5 16.6 0.425708981
16.65 16.6 16.7 0.4119475625
16.75 16.7 16.8 0.4287243461
16.85 16.8 16.9 0.3976050509
16.95 16.9 17 0.4028670127
17.05 17 17.1 0.3910042514
17.15 17.1 17.2 0.363099043
17.25 17.2 17.3 0.3821515734
17.35 17.3 17.4 0.3855188119
17.45 17.4 17.5 0.3639141075
17.55 17.5 17.6 0.3729614897
17.65 17.6 17.7 0.3483802902
17.75 17.7 17.8 0.3541868099
17.85 17.8 17.9 0.3238475227
17.95 17.9 18 0.3556950477
18.05 18 18.1 0.3286515596
18.15 18.1 18.2 0.3420711837
18.25 18.2 18.3 0.3320450662
18.35 18.3 18.4 0.3121192524
18.45 18.4 18.5 0.3215593217
18.55 18.5 18.6 0.3107090924
18.65 18.6 18.7 0.3314344013
18.75 18.7 18.8 0.3376968394
18.85 18.8 18.9 0.2963943028
18.95 18.9 19 0.3194039697
19.05 19 19.1 0.3122075389
19.15 19.1 19.2 0.3120306885
19.25 19.2 19.3 0.2880265401
19.35 19.3 19.4 0.3008626261
19.45 19.4 19.5 0.2801374731
19.55 19.5 19.6 0.3040580905
19.65 19.6 19.7 0.3050862458
19.75 19.7 19.8 0.2865515136
19.85 19.8 19.9 0.2940112716
19.95 19.9 20 0.2824104573
20.05 20 20.1 0.2759247221
20.15 20.1 20.2 0.2783318479
20.25 20.2 20.3 0.2876406187
20.35 20.3 20.4 0.2719195238
20.45 20.4 20.5 0.2873770203
20.55 20.5 20.6 0.2736988996
20.65 20.6 20.7 0.2537830266
20.75 20.7 20.8 0.2608698654
20.85 20.8 20.9 0.2579199432
20.95 20.9 21 0.2656131881
21.05 21 21.1 0.2590144997
21.15 21.1 21.2 0.2676142226
21.25 21.2 21.3 0.2392084718
21.35 21.3 21.4 0.2456870216
21.45 21.4 21.5 0.2517746906
21.55 21.5 21.6 0.2502739754
21.65 21.6 21.7 0.2422406447
21.75 21.7 21.8 0.2524566347
21.85 21.8 21.9 0.2491379709
21.95 21.9 22 0.2326193449
22.05 22 22.1 0.2505957426
22.15 22.1 22.2 0.2282014004
22.25 22.2 22.3 0.2355336708
22.35 22.3 22.4 0.2246632106
22.45 22.4 22.5 0.2077538952
22.55 22.5 22.6 0.2032019709
22.65 22.6 22.7 0.2176570303
22.75 22.7 22.8 0.2079397331
22.85 22.8 22.9 0.2060562821
22.95 22.9 23 0.2069077491
23.05 23 23.1 0.2010599413
23.15 23.1 23.2 0.2020819066
23.25 23.2 23.3 0.2121984916
23.35 23.3 23.4 0.2058006517
23.45 23.4 23.5 0.2014591107
23.55 23.5 23.6 0.2052954447
23.65 23.6 23.7 0.2032347789
23.75 23.7 23.8 0.1888448382
23.85 23.8 23.9 0.1832153478
23.95 23.9 24 0.1846663519
24.05 24 24.1 0.2003025036
24.15 24.1 24.2 0.1766590657
24.25 24.2 24.3 0.1953033973
24.35 24.3 24.4 0.1853740174
24.45 24.4 24.5 0.1880933683
24.55 24.5 24.6 0.1712008984
24.65 24.6 24.7 0.1880719126
24.75 24.7 24.8 0.1733597647
24.85 24.8 24.9 0.1794924495
24.95 24.9 25 0.1725022254
25.05 25 25.1 0.174348435
25.15 25.1 25.2 0.1606741607
25.25 25.2 25.3 0.1799105187
25.35 25.3 25.4 0.1671529282
25.45 25.4 25.5 0.1609780403
25.55 25.5 25.6 0.1705514952
25.65 25.6 25.7 0.1551500595
25.75 25.7 25.8 0.1465983783
25.85 25.8 25.9 0.1586986048
25.95 25.9 26 0.1479090347
26.05 26 26.1 0.1639052407
26.15 26.1 26.2 0.1621582652
26.25 26.2 26.3 0.1774304451
26.35 26.3 26.4 0.1411402672
26.45 26.4 26.5 0.1480775705
26.55 26.5 26.6 0.1488886206
26.65 26.6 26.7 0.149819011
26.75 26.7 26.8 0.1481976636
26.85 26.8 26.9 0.1548277529
26.95 26.9 27 0.1383390831
27.05 27 27.1 0.1474755996
27.15 27.1 27.2 0.1594294417
27.25 27.2 27.3 0.1489574941
27.35 27.3 27.4 0.1233645154
27.45 27.4 27.5 0.1369233027
27.55 27.5 27.6 0.1423813454
27.65 27.6 27.7 0.141565246
27.75 27.7 27.8 0.1483169248
27.85 27.8 27.9 0.1386155608
27.95 27.9 28 0.1395508228
28.05 28 28.1 0.1556418314
28.15 28.1 28.2 0.1315178957
28.25 28.2 28.3 0.1355458799
28.35 28.3 28.4 0.1338204887
28.45 28.4 28.5 0.1273066228
28.55 28.5 28.6 0.1277642134
28.65 28.6 28.7 0.1232819743
28.75 28.7 28.8 0.1337925443
28.85 28.8 28.9 0.1333620607
28.95 28.9 29 0.135228065
29.05 29 29.1 0.1162359386
29.15 29.1 29.2 0.1255213551
29.25 29.2 29.3 0.1202417434
29.35 29.3 29.4 0.1132070026
29.45 29.4 29.5 0.1232364276
29.55 29.5 29.6 0.1322485315
29.65 29.6 29.7 0.1223182952
29.75 29.7 29.8 0.1207690593
29.85 29.8 29.9 0.1218449384
29.95 29.9 30 0.1083863262
30.05 30 30.1 0.1260433447
30.15 30.1 30.2 0.123916351
30.25 30.2 30.3 0.1147720636
30.35 30.3 30.4 0.1073784792
30.45 30.4 30.5 0.115712257
30.55 30.5 30.6 0.109831429
30.65 30.6 30.7 0.1117341634
30.75 30.7 30.8 0.1148324617
30.85 30.8 30.9 0.1199248427
30.95 30.9 31 0.112464277
31.05 31 31.1 0.1077235999
31.15 31.1 31.2 0.1167627801
31.25 31.2 31.3 0.1124631888
31.35 31.3 31.4 0.09715276333
31.45 31.4 31.5 0.09514008049
31.55 31.5 31.6 0.1085187524
31.65 31.6 31.7 0.1049905578
31.75 31.7 31.8 0.1104415588
31.85 31.8 31.9 0.09900092005
31.95 31.9 32 0.1118614695
32.05 32 32.1 0.09559700341
32.15 32.1 32.2 0.1034204597
32.25 32.2 32.3 0.09179166838
32.35 32.3 32.4 0.1093069904
32.45 32.4 32.5 0.09577165391
32.55 32.5 32.6 0.09326531281
32.65 32.6 32.7 0.09833447222
32.75 32.7 32.8 0.104005892
32.85 32.8 32.9 0.08441921729
32.95 32.9 33 0.09254385176
33.05 33 33.1 0.08859785508
33.15 33.1 33.2 0.09549738685
33.25 33.2 33.3 0.09583898115
33.35 33.3 33.4 0.08079653923
33.45 33.4 33.5 0.09056036871
33.55 33.5 33.6 0.09078980369
33.65 33.6 33.7 0.09454642922
33.75 33.7 33.8 0.0943190275
33.85 33.8 33.9 0.0835848697
33.95 33.9 34 0.08880144235
34.05 34 34.1 0.08610646904
34.15 34.1 34.2 0.09495843259
34.25 34.2 34.3 0.08049275648
34.35 34.3 34.4 0.0827676376
34.45 34.4 34.5 0.08356452454
34.55 34.5 34.6 0.08305832271
34.65 34.6 34.7 0.08019055106
34.75 34.7 34.8 0.0743965282
34.85 34.8 34.9 0.07603745824
34.95 34.9 35 0.0720186823
35.05 35 35.1 0.08448609347
35.15 35.1 35.2 0.0793308793
35.25 35.2 35.3 0.07658930337
35.35 35.3 35.4 0.06947959335
35.45 35.4 35.5 0.07314207421
35.55 35.5 35.6 0.072795454
35.65 35.6 35.7 0.07602804611
35.75 35.7 35.8 0.07872675611
35.85 35.8 35.9 0.07576058217
35.95 35.9 36 0.0739907333
36.05 36 36.1 0.06140248227
36.15 36.1 36.2 0.07479655393
36.25 36.2 36.3 0.0687393928
36.35 36.3 36.4 0.07500929034
36.45 36.4 36.5 0.07427832692
36.55 36.5 36.6 0.05979619857
36.65 36.6 36.7 0.07419499134
36.75 36.7 36.8 0.07133918937
36.85 36.8 36.9 0.06352380613
36.95 36.9 37 0.07737467427
37.05 37 37.1 0.06627458265
37.15 37.1 37.2 0.06484007671
37.25 37.2 37.3 0.07605661166
37.35 37.3 37.4 0.07324450978
37.45 37.4 37.5 0.06473310878
37.55 37.5 37.6 0.07117473109
37.65 37.6 37.7 0.06161124587
37.75 37.7 37.8 0.06996676122
37.85 37.8 37.9 0.05769265637
37.95 37.9 38 0.06338710104
38.05 38 38.1 0.06332348597
38.15 38.1 38.2 0.05898188444
38.25 38.2 38.3 0.05469353464
38.35 38.3 38.4 0.06752669528
38.45 38.4 38.5 0.05754422319
38.55 38.5 38.6 0.05505349531
38.65 38.6 38.7 0.06082114329
38.75 38.7 38.8 0.06371585826
38.85 38.8 38.9 0.06466430926
38.95 38.9 39 0.05199196216
39.05 39 39.1 0.05792718611
39.15 39.1 39.2 0.06537235018
39.25 39.2 39.3 0.05867962832
39.35 39.3 39.4 0.0555459051
39.45 39.4 39.5 0.06346296374
39.55 39.5 39.6 0.0624523465
39.65 39.6 39.7 0.05205474496
39.75 39.7 39.8 0.05563096302
39.85 39.8 39.9 0.05894416999
39.95 39.9 40 0.05416403814
40.05 40 40.1 0.05187087455
40.15 40.1 40.2 0.05433821458
40.25 40.2 40.3 0.05193709389
40.35 40.3 40.4 0.05221543869
40.45 40.4 40.5 0.05315843654
40.55 40.5 40.6 0.05873482232
40.65 40.6 40.7 0.05726498063
40.75 40.7 40.8 0.05158043735
40.85 40.8 40.9 0.04730037373
40.95 40.9 41 0.05423880365
41.05 41 41.1 0.05945521457
41.15 41.1 41.2 0.05412448433
41.25 41.2 41.3 0.04645380697
41.35 41.3 41.4 0.04239729121
41.45 41.4 41.5 0.05666090046
41.55 41.5 41.6 0.04820892699
41.65 41.6 41.7 0.04935280919
41.75 41.7 41.8 0.04095970192
41.85 41.8 41.9 0.0435553688
41.95 41.9 42 0.05042178299
42.05 42 42.1 0.05476788186
42.15 42.1 42.2 0.04387603168
42.25 42.2 42.3 0.04732412966
42.35 42.3 42.4 0.04220856676
42.45 42.4 42.5 0.03849629642
42.55 42.5 42.6 0.04474515232
42.65 42.6 42.7 0.04193863698
42.75 42.7 42.8 0.04047591792
42.85 42.8 42.9 0.03575620234
42.95 42.9 43 0.0433535138
43.05 43 43.1 0.03904619263
43.15 43.1 43.2 0.04276398917
43.25 43.2 43.3 0.04566293166
43.35 43.3 43.4 0.03993968099
43.45 43.4 43.5 0.03176979209
43.55 43.5 43.6 0.03579214803
43.65 43.6 43.7 0.03436122251
43.75 43.7 43.8 0.0417854215
43.85 43.8 43.9 0.03773424739
43.95 43.9 44 0.03253452491
44.05 44 44.1 0.03918358093
44.15 44.1 44.2 0.03859133033
44.25 44.2 44.3 0.02491649132
44.35 44.3 44.4 0.0400107248
44.45 44.4 44.5 0.03098180363
44.55 44.5 44.6 0.02744356314
44.65 44.6 44.7 0.04213517895
44.75 44.7 44.8 0.03293728828
44.85 44.8 44.9 0.02878675608
44.95 44.9 45 0.04300599207
45.05 45 45.1 0.04600351902
45.15 45.1 45.2 0.03287438305
45.25 45.2 45.3 0.0373698978
45.35 45.3 45.4 0.03433762818
45.45 45.4 45.5 0.03832169454
45.55 45.5 45.6 0.03352628206
45.65 45.6 45.7 0.0395721703
45.75 45.7 45.8 0.03499078043
45.85 45.8 45.9 0.0288678256
45.95 45.9 46 0.04178559838
46.05 46 46.1 0.0326433745
46.15 46.1 46.2 0.03919028601
46.25 46.2 46.3 0.03639431035
46.35 46.3 46.4 0.03757708353
46.45 46.4 46.5 0.02540053085
46.55 46.5 46.6 0.03364799025
46.65 46.6 46.7 0.03105440359
46.75 46.7 46.8 0.02792258451
46.85 46.8 46.9 0.03144070403
46.95 46.9 47 0.03613838098
47.05 47 47.1 0.03437838142
47.15 47.1 47.2 0.03118147494
47.25 47.2 47.3 0.03580466985
47.35 47.3 47.4 0.03607043456
47.45 47.4 47.5 0.03462807804
47.55 47.5 47.6 0.04036254855
47.65 47.6 47.7 0.03254726723
47.75 47.7 47.8 0.0306664421
47.85 47.8 47.9 0.03354216508
47.95 47.9 48 0.03465083514
48.05 48 48.1 0.03338109206
48.15 48.1 48.2 0.02848022197
48.25 48.2 48.3 0.023562217
48.35 48.3 48.4 0.03440581001
48.45 48.4 48.5 0.02816420265
48.55 48.5 48.6 0.02527305374
48.65 48.6 48.7 0.03011714005
48.75 48.7 48.8 0.02649475604
48.85 48.8 48.9 0.03683278914
48.95 48.9 49 0.03492612891
49.05 49 49.1 0.03102118701
49.15 49.1 49.2 0.02431005141
49.25 49.2 49.3 0.03075434815
49.35 49.3 49.4 0.02121995186
49.45 49.4 49.5 0.03077747612
49.55 49.5 49.6 0.03660455248
49.65 49.6 49.7 0.02628711721
49.75 49.7 49.8 0.02760423734
49.85 49.8 49.9 0.02460812546
49.95 49.9 50 0.03138055827
50.05 50 50.1 0.02231433872
50.15 50.1 50.2 0.02506359165
50.25 50.2 50.3 0.02545491367
50.35 50.3 50.4 0.02861331663
50.45 50.4 50.5 0.02219417508
50.55 50.5 50.6 0.02984279454
50.65 50.6 50.7 0.02418498854
50.75 50.7 50.8 0.02866105534
50.85 50.8 50.9 0.02591748851
50.95 50.9 51 0.02566455093
51.05 51 51.1 0.03065235258
51.15 51.1 51.2 0.02467305612
51.25 51.2 51.3 0.02905833708
51.35 51.3 51.4 0.02508653868
51.45 51.4 51.5 0.02371727623
51.55 51.5 51.6 0.02224276256
51.65 51.6 51.7 0.02393549385
51.75 51.7 51.8 0.02200076258
51.85 51.8 51.9 0.02787571255
51.95 51.9 52 0.02468835656
52.05 52 52.1 0.02555777122
52.15 52.1 52.2 0.02260563832
52.25 52.2 52.3 0.02421330673
52.35 52.3 52.4 0.02291901639
52.45 52.4 52.5 0.02474776227
52.55 52.5 52.6 0.0218257612
52.65 52.6 52.7 0.01797202599
52.75 52.7 52.8 0.02539136278
52.85 52.8 52.9 0.02149635649
52.95 52.9 53 0.02414420428
53.05 53 53.1 0.02218157658
53.15 53.1 53.2 0.022630149
53.25 53.2 53.3 0.02780970935
53.35 53.3 53.4 0.01942720549
53.45 53.4 53.5 0.02066904531
53.55 53.5 53.6 0.02870079107
53.65 53.6 53.7 0.02414258149
53.75 53.7 53.8 0.01570955693
53.85 53.8 53.9 0.01114524099
53.95 53.9 54 0.02066405939
54.05 54 54.1 0.02154717203
54.15 54.1 54.2 0.02282975452
54.25 54.2 54.3 0.0195809242
54.35 54.3 54.4 0.02707798526
54.45 54.4 54.5 0.0161412899
54.55 54.5 54.6 0.01687339022
54.65 54.6 54.7 0.01225532764
54.75 54.7 54.8 0.01488637917
54.85 54.8 54.9 0.0175064602
54.95 54.9 55 0.02584607063
55.05 55 55.1 0.01801004832
55.15 55.1 55.2 0.01878117841
55.25 55.2 55.3 0.01569190338
55.35 55.3 55.4 0.01519873191
55.45 55.4 55.5 0.02107219051
55.55 55.5 55.6 0.02099481037
55.65 55.6 55.7 0.0262625164
55.75 55.7 55.8 0.0150754475
55.85 55.8 55.9 0.01571562158
55.95 55.9 56 0.0188869986
56.05 56 56.1 0.01621902988
56.15 56.1 56.2 0.01877061122
56.25 56.2 56.3 0.02191955631
56.35 56.3 56.4 0.01867833615
56.45 56.4 56.5 0.01412986119
56.55 56.5 56.6 0.01780614962
56.65 56.6 56.7 0.0187082394
56.75 56.7 56.8 0.02122887384
56.85 56.8 56.9 0.0166117138
56.95 56.9 57 0.01857203902
57.05 57 57.1 0.01405133845
57.15 57.1 57.2 0.0159669628
57.25 57.2 57.3 0.01804700081
57.35 57.3 57.4 0.01336963595
57.45 57.4 57.5 0.01425718625
57.55 57.5 57.6 0.02381827198
57.65 57.6 57.7 0.01569689394
57.75 57.7 57.8 0.01569471982
57.85 57.8 57.9 0.005890301921
57.95 57.9 58 0.01837059596
58.05 58 58.1 0.01694587252
58.15 58.1 58.2 0.01031440825
58.25 58.2 58.3 0.006483956196
58.35 58.3 58.4 0.008440590431
58.45 58.4 58.5 0.01400230643
58.55 58.5 58.6 0.01090964243
58.65 58.6 58.7 0.01549599765
58.75 58.7 58.8 0.01405169977
58.85 58.8 58.9 0.01103575137
58.95 58.9 59 0.0105096857
59.05 59 59.1 0.01519456166
59.15 59.1 59.2 0.008390285923
59.25 59.2 59.3 0.009394959824
59.35 59.3 59.4 0.01095300948
59.45 59.4 59.5 0.0163193105
59.55 59.5 59.6 0.01630584496
59.65 59.6 59.7 0.02179598893
59.75 59.7 59.8 0.01879399703
59.85 59.8 59.9 0.01327697134
59.95 59.9 60 0.01256854208
60.05 60 60.1 0.01768942795
60.15 60.1 60.2 0.01749177946
60.25 60.2 60.3 0.01838603955
60.35 60.3 60.4 0.01773585414
60.45 60.4 60.5 0.01263592236
60.55 60.5 60.6 0.01119589162
60.65 60.6 60.7 0.01407864624
60.75 60.7 60.8 0.0126330486
60.85 60.8 60.9 0.01482692322
60.95 60.9 61 0.008646033062
61.05 61 61.1 0.01061501695
61.15 61.1 61.2 0.01184233996
61.25 61.2 61.3 0.01296521445
61.35 61.3 61.4 0.01488854992
61.45 61.4 61.5 0.01402073548
61.55 61.5 61.6 0.01089311156
61.65 61.6 61.7 0.0127770047
61.75 61.7 61.8 0.01015095915
61.85 61.8 61.9 0.01425336845
61.95 61.9 62 0.01676368962
62.05 62 62.1 0.01039122736
62.15 62.1 62.2 0.01327215195
62.25 62.2 62.3 0.01221443692
62.35 62.3 62.4 0.008027082245
62.45 62.4 62.5 0.01119982661
62.55 62.5 62.6 0.01045946923
62.65 62.6 62.7 0.01652274815
62.75 62.7 62.8 0.01441091646
62.85 62.8 62.9 0.01136914649
62.95 62.9 63 0.01187928214
63.05 63 63.1 0.01473520805
63.15 63.1 63.2 0.0123314303
63.25 63.2 63.3 0.01385787099
63.35 63.3 63.4 0.009683430601
63.45 63.4 63.5 0.009160873995
63.55 63.5 63.6 0.005538002883
63.65 63.6 63.7 0.01004242211
63.75 63.7 63.8 0.001744158146
63.85 63.8 63.9 0.01039052649
63.95 63.9 64 0.01236852151
64.05 64 64.1 0.003883536066
64.15 64.1 64.2 0.009786315018
64.25 64.2 64.3 0.004980503172
64.35 64.3 64.4 0.00680138461
64.45 64.4 64.5 0.01130771164
64.55 64.5 64.6 0.004065966794
64.65 64.6 64.7 0.01110004642
64.75 64.7 64.8 0.009571792847
64.85 64.8 64.9 0.01413224942
64.95 64.9 65 0.00847955096
65.05 65 65.1 0.01072364033
65.15 65.1 65.2 0.002435306067
65.25 65.2 65.3 0.00742693011
65.35 65.3 65.4 0.01595833972
65.45 65.4 65.5 0.01184870867
65.55 65.5 65.6 0.01181675834
65.65 65.6 65.7 0.003881450242
65.75 65.7 65.8 0.01028420639
65.85 65.8 65.9 0.01112999986
65.95 65.9 66 0.009239807818
66.05 66 66.1 0.006872752583
66.15 66.1 66.2 0.004721170581
66.25 66.2 66.3 0.01291139665
66.35 66.3 66.4 0.007889733851
66.45 66.4 66.5 0.008007197662
66.55 66.5 66.6 0.005681136313
66.65 66.6 66.7 0.01058892795
66.75 66.7 66.8 0.007378731913
66.85 66.8 66.9 0.01075715121
66.95 66.9 67 0.01425754821
67.05 67 67.1 0.003465307335
67.15 67.1 67.2 0.005531544703
67.25 67.2 67.3 0.006427605983
67.35 67.3 67.4 0.0126693772
67.45 67.4 67.5 0.01032777607
67.55 67.5 67.6 0.003898749824
67.65 67.6 67.7 0.005625439179
67.75 67.7 67.8 0.01031349214
67.85 67.8 67.9 0.004431413427
67.95 67.9 68 0.01210804046
68.05 68 68.1 0.008335474616
68.15 68.1 68.2 0.01241497449
68.25 68.2 68.3 0.0153316407
68.35 68.3 68.4 0.005842102641
68.45 68.4 68.5 0.01114339144
68.55 68.5 68.6 0.004549470745
68.65 68.6 68.7 0.00442945755
68.75 68.7 68.8 0.01133903973
68.85 68.8 68.9 0.01175495016
68.95 68.9 69 0.006559540604
69.05 69 69.1 0.01019481607
69.15 69.1 69.2 0.01054728647
69.25 69.2 69.3 0.006653446423
69.35 69.3 69.4 0.005021472638
69.45 69.4 69.5 0.007766065728
69.55 69.5 69.6 0.004837291289
69.65 69.6 69.7 0.006734988067
69.75 69.7 69.8 0.01024024124
69.85 69.8 69.9 0.01331007993
69.95 69.9 70 0.006707938342
70.05 70 70.1 0.004672267501
70.15 70.1 70.2 0.004019644474
70.25 70.2 70.3 0.009352934624
70.35 70.3 70.4 0.005022532079
70.45 70.4 70.5 0.008558040079
70.55 70.5 70.6 0.006394789107
70.65 70.6 70.7 0.008256300584
70.75 70.7 70.8 0.007347723355
70.85 70.8 70.9 0.01070611566
70.95 70.9 71 0.008582266802
71.05 71 71.1 0.006954080414
71.15 71.1 71.2 0.005141402782
71.25 71.2 71.3 0.01390011238
71.35 71.3 71.4 0.008603806266
71.45 71.4 71.5 0.009544535895
71.55 71.5 71.6 -0.001265968673
71.65 71.6 71.7 0.006394325507
71.75 71.7 71.8 0.01127676272
71.85 71.8 71.9 0.009907773307
71.95 71.9 72 0.00748664565
72.05 72 72.1 0.001684916808
72.15 72.1 72.2 0.004891536342
72.25 72.2 72.3 0.005045968991
72.35 72.3 72.4 0.007929658258
72.45 72.4 72.5 0.001997086894
72.55 72.5 72.6 0.007333095696
72.65 72.6 72.7 0.006463559284
72.75 72.7 72.8 0.001589109899
72.85 72.8 72.9 0.005561118567
72.95 72.9 73 0.001682603398
73.05 73 73.1 0.0001199860417
73.15 73.1 73.2 0.003797992769
73.25 73.2 73.3 0.004456945135
73.35 73.3 73.4 0.005245532248
73.45 73.4 73.5 0.003500178623
73.55 73.5 73.6 0.004419396071
73.65 73.6 73.7 0.00525213035
73.75 73.7 73.8 0.007453383954
73.85 73.8 73.9 0.003989795566
73.95 73.9 74 0.008888087245
74.05 74 74.1 0.002034182364
74.15 74.1 74.2 0.006210561736
74.25 74.2 74.3 0.004750654036
74.35 74.3 74.4 0.01139866119
74.45 74.4 74.5 0.001810525736
74.55 74.5 74.6 0.003808381277
74.65 74.6 74.7 0.00242797212
74.75 74.7 74.8 0.0057060086
74.85 74.8 74.9 0.00617112367
74.95 74.9 75 0.007349488121
75.05 75 75.1 0.003458443622
75.15 75.1 75.2 0.007134697561
75.25 75.2 75.3 0.005772168148
75.35 75.3 75.4 -0.0002978927056
75.45 75.4 75.5 0.004611899467
75.55 75.5 75.6 0.0004582241142
75.65 75.6 75.7 0.004807256602
75.75 75.7 75.8 0.002311311714
75.85 75.8 75.9 0.008725408261
75.95 75.9 76 0.00560077633
76.05 76 76.1 0.005466310055
76.15 76.1 76.2 0.005535018806
76.25 76.2 76.3 0.01030976206
76.35 76.3 76.4 0.005654903481
76.45 76.4 76.5 0.00914525684
76.55 76.5 76.6 0.007313203699
76.65 76.6 76.7 -0.0003751081303
76.75 76.7 76.8 0.005721055573
76.85 76.8 76.9 0.00595280246
76.95 76.9 77 0.006381773378
77.05 77 77.1 0.002500305656
77.15 77.1 77.2 0.01133177327
77.25 77.2 77.3 0.003732775669
77.35 77.3 77.4 0.002156319536
77.45 77.4 77.5 0.004909236528
77.55 77.5 77.6 0.005261456129
77.65 77.6 77.7 0.002374044407
77.75 77.7 77.8 0.003158207015
77.85 77.8 77.9 0.002437818534
77.95 77.9 78 0.009942825861
78.05 78 78.1 0.008139704165
78.15 78.1 78.2 0.004467713788
78.25 78.2 78.3 0.00472593382
78.35 78.3 78.4 0.005808716329
78.45 78.4 78.5 0.001896823161
78.55 78.5 78.6 0.007094116153
78.65 78.6 78.7 -0.0007001911089
78.75 78.7 78.8 0.005800547934
78.85 78.8 78.9 0.003395460752
78.95 78.9 79 0.003612803947
79.05 79 79.1 0.01011676655
79.15 79.1 79.2 0.006762048603
79.25 79.2 79.3 0.004582787339
79.35 79.3 79.4 0.008141370709
79.45 79.4 79.5 0.002152806162
79.55 79.5 79.6 0.00286288706
79.65 79.6 79.7 0.004833007626
79.75 79.7 79.8 0.002208872124
79.85 79.8 79.9 0.005843518648
79.95 79.9 80 0.004052956616
80.05 80 80.1 0.003047260237
80.15 80.1 80.2 -0.0003593261241
80.25 80.2 80.3 0.007853715581
80.35 80.3 80.4 0.005812110238
80.45 80.4 80.5 0.007145443495
80.55 80.5 80.6 0.005746847834
80.65 80.6 80.7 0.002172225705
80.75 80.7 80.8 0.003548368223
80.85 80.8 80.9 0.005983264298
80.95 80.9 81 0.002538463231
81.05 81 81.1 0.00459688151
81.15 81.1 81.2 0.002683376804
81.25 81.2 81.3 0.005597779109
81.35 81.3 81.4 0.00661480161
81.45 81.4 81.5 0.005179673329
81.55 81.5 81.6 0.003440106697
81.65 81.6 81.7 0.003388374211
81.75 81.7 81.8 0.004674250356
81.85 81.8 81.9 0.008432463721
81.95 81.9 82 0.004205250823
82.05 82 82.1 0.004582800666
82.15 82.1 82.2 0.006815952757
82.25 82.2 82.3 0.003371122138
82.35 82.3 82.4 0.003902318676
82.45 82.4 82.5 0.001152225278
82.55 82.5 82.6 0.002948929476
82.65 82.6 82.7 0.005763973353
82.75 82.7 82.8 0.007602069295
82.85 82.8 82.9 0.002957130323
82.95 82.9 83 0.001389677265
83.05 83 83.1 0.003786994863
83.15 83.1 83.2 0.006872150038
83.25 83.2 83.3 0.005329429421
83.35 83.3 83.4 0.005795609439
83.45 83.4 83.5 0.002004798724
83.55 83.5 83.6 0.007844708535
83.65 83.6 83.7 0.009585068375
83.75 83.7 83.8 3.418410783e-05
83.85 83.8 83.9 0.00216893808
83.95 83.9 84 0.008414052692
84.05 84 84.1 0.00486124494
84.15 84.1 84.2 0.007593621459
84.25 84.2 84.3 0.004757431235
84.35 84.3 84.4 0.002711601386
84.45 84.4 84.5 0.005317836416
84.55 84.5 84.6 0.00709285118
84.65 84.6 84.7 0.002479409912
84.75 84.7 84.8 0.007222903102
84.85 84.8 84.9 0.007250033724
84.95 84.9 85 0.008427716918
85.05 85 85.1 0.003746325876
85.15 85.1 85.2 0.002211419786
85.25 85.2 85.3 0.006354372489
85.35 85.3 85.4 0.004942894815
85.45 85.4 85.5 0.00582189289
85.55 85.5 85.6 0.01085434998
85.65 85.6 85.7 0.0003640141809
85.75 85.7 85.8 0.003374465549
85.85 85.8 85.9 0.004358351565
85.95 85.9 86 0.007957525051
86.05 86 86.1 0.007117495578
86.15 86.1 86.2 0.008647519413
86.25 86.2 86.3 0.003971057031
86.35 86.3 86.4 0.008370492642
86.45 86.4 86.5 0.005198791378
86.55 86.5 86.6 0.002999267681
86.65 86.6 86.7 0.003543105276
86.75 86.7 86.8 0.008229498742
86.85 86.8 86.9 0.005948720158
86.95 86.9 87 0.001714184592
87.05 87 87.1 0.002627279774
87.15 87.1 87.2 0.008102871572
87.25 87.2 87.3 0.002243476507
87.35 87.3 87.4 0.001092651262
87.45 87.4 87.5 0.003374664386
87.55 87.5 87.6 0.0037225074
87.65 87.6 87.7 0.007275798025
87.75 87.7 87.8 0.003981822717
87.85 87.8 87.9 0.002674518709
87.95 87.9 88 0.007987271682
88.05 88 88.1 0.0003608597573
88.15 88.1 88.2 0.007793827828
88.25 88.2 88.3 0.0006053931745
88.35 88.3 88.4 0.004725965575
88.45 88.4 88.5 0.004626713969
88.55 88.5 88.6 0.006168764765
88.65 88.6 88.7 0.0003189706172
88.75 88.7 88.8 0.00683203982
88.85 88.8 88.9 0.004172361812
88.95 88.9 89 0.003327392336
89.05 89 89.1 0.0001022269368
89.15 89.1 89.2 0.002257180458
89.25 89.2 89.3 0.009151829427
89.35 89.3 89.4 0.00128206326
89.45 89.4 89.5 0.0003464995975
89.55 89.5 89.6 0.002243307497
89.65 89.6 89.7 0.005009610438
89.75 89.7 89.8 0.003477743745
89.85 89.8 89.9 0.004288338415
89.95 89.9 90 0.000285482758
90.05 90 90.1 0.008223202722
90.15 90.1 90.2 0.001287093611
90.25 90.2 90.3 0.007147735267
90.35 90.3 90.4 0.004022129594
90.45 90.4 90.5 0.0068607779
90.55 90.5 90.6 0.005131423733
90.65 90.6 90.7 0.004946220429
90.75 90.7 90.8 0.009014123527
90.85 90.8 90.9 0.004011718067
90.95 90.9 91 0.006249688542
91.05 91 91.1 0.005108078837
91.15 91.1 91.2 0.009742835255
91.25 91.2 91.3 0.004548572931
91.35 91.3 91.4 0.008579924544
91.45 91.4 91.5 0.005886652612
91.55 91.5 91.6 0.003174585143
91.65 91.6 91.7 0.0006325183577
91.75 91.7 91.8 0.0001253414794
91.85 91.8 91.9 0.006113880653
91.95 91.9 92 0.002400680229
92.05 92 92.1 0.0061815138
92.15 92.1 92.2 0.004864370661
92.25 92.2 92.3 0.004066271461
92.35 92.3 92.4 0.0052687487
92.45 92.4 92.5 0.004537935427
92.55 92.5 92.6 0.00527531206
92.65 92.6 92.7 0.0028829083
92.75 92.7 92.8 0.005028072418
92.85 92.8 92.9 0.003056724379
92.95 92.9 93 0.006366818379
93.05 93 93.1 0.005454021001
93.15 93.1 93.2 0.0003851641973
93.25 93.2 93.3 0.004361534539
93.35 93.3 93.4 0.007539717538
93.45 93.4 93.5 0.006452545962
93.55 93.5 93.6 0.008533306937
93.65 93.6 93.7 0.001214122506
93.75 93.7 93.8 0.006656471255
93.85 93.8 93.9 0.005982718601
93.95 93.9 94 0.005623079964
94.05 94 94.1 0.003148303229
94.15 94.1 94.2 0.003270708395
94.25 94.2 94.3 0.006382422176
94.35 94.3 94.4 0.004901891999
94.45 94.4 94.5 0.007481302184
94.55 94.5 94.6 0.001292428393
94.65 94.6 94.7 0.005321890134
94.75 94.7 94.8 0.005076761431
94.85 94.8 94.9 0.002375497899
94.95 94.9 95 0.006624398985
95.05 95 95.1 0.005356616429
95.15 95.1 95.2 0.006624994519
95.25 95.2 95.3 0.007790272367
95.35 95.3 95.4 0.0004616125221
95.45 95.4 95.5 0.004091499909
95.55 95.5 95.6 0.008049413143
95.65 95.6 95.7 0.003682827771
95.75 95.7 95.8 0.008646006927
95.85 95.8 95.9 0.003980375707
95.95 95.9 96 0.005019492855
96.05 96 96.1 0.004754060648
96.15 96.1 96.2 0.007513982024
96.25 96.2 96.3 0.004023830161
96.35 96.3 96.4 0.006464278962
96.45 96.4 96.5 0.005687865222
96.55 96.5 96.6 0.006140504958
96.65 96.6 96.7 0.00157824094
96.75 96.7 96.8 0.005943709761
96.85 96.8 96.9 0.007905782626
96.95 96.9 97 0.001533671968
97.05 97 97.1 0.006078787493
97.15 97.1 97.2 0.004615838892
97.25 97.2 97.3 0.0003769945527
97.35 97.3 97.4 0.002843561635
97.45 97.4 97.5 0.004726634094
97.55 97.5 97.6 0.008485227335
97.65 97.6 97.7 0.006448251084
97.75 97.7 97.8 0.003078992046
97.85 97.8 97.9 0.006955668668
97.95 97.9 98 0.002802335557
98.05 98 98.1 0.006402818951
98.15 98.1 98.2 0.009922291457
98.25 98.2 98.3 0.007890970884
98.35 98.3 98.4 0.006535326334
98.45 98.4 98.5 0.004428493633
98.55 98.5 98.6 0.007411457078
98.65 98.6 98.7 0.002706891453
98.75 98.7 98.8 0.00437473811
98.85 98.8 98.9 0.004579948316
98.95 98.9 99 0.002981419419
99.05 99 99.1 0.00622526699
99.15 99.1 99.2 0.005663618254
99.25 99.2 99.3 0.01146831228
99.35 99.3 99.4 0.001555629879
99.45 99.4 99.5 0.007697004244
99.55 99.5 99.6 0.005407851933
99.65 99.6 99.7 0.007748259691
99.75 99.7 99.8 0.006248453117
99.85 99.8 99.9 0.002239642068
99.95 99.9 100 0.005204071735
100.05 100 100.1 0.006224590862
100.15 100.1 100.2 0.006645452067
100.25 100.2 100.3 0.004538407833
100.35 100.3 100.4 0.005282752942
100.45 100.4 100.5 0.007384999933
100.55 100.5 100.6 0.006844241018
100.65 100.6 100.7 0.003085326873
100.75 100.7 100.8 0.007737697886
100.85 100.8 100.9 0.005064220097
100.95 100.9 101 0.005262767519
101.05 101 101.1 0.006360493128
101.15 101.1 101.2 0.0008719019271
101.25 101.2 101.3 0.005452282699
101.35 101.3 101.4 0.003301608986
101.45 101.4 101.5 0.006191619001
101.55 101.5 101.6 0.006142527214
101.65 101.6 101.7 0.001845397683
101.75 101.7 101.8 0.004645215374
101.85 101.8 101.9 0.005925354004
101.95 101.9 102 0.00943710861
102.05 102 102.1 0.00620572359
102.15 102.1 102.2 0.00566965891
102.25 102.2 102.3 0.005591603214
102.35 102.3 102.4 0.005029978725
102.45 102.4 102.5 0.008792526644
102.55 102.5 102.6 0.001743809124
102.65 102.6 102.7 0.006793805834
102.75 102.7 102.8 0.006595438532
102.85 102.8 102.9 0.00500151397
102.95 102.9 103 0.01038858269
103.05 103 103.1 0.00197795459
103.15 103.1 103.2 0.005521080345
103.25 103.2 103.3 0.005232606017
103.35 103.3 103.4 0.004497816018
103.45 103.4 103.5 0.005389081049
103.55 103.5 103.6 0.004914381622
103.65 103.6 103.7 0.007462891612
103.75 103.7 103.8 0.003830597671
103.85 103.8 103.9 0.005450638262
103.95 103.9 104 0.004047875045
104.05 104 104.1 0.01021404334
104.15 104.1 104.2 0.01155888643
104.25 104.2 104.3 0.006671432661
104.35 104.3 104.4 0.004021514607
104.45 104.4 104.5 0.006600864132
104.55 104.5 104.6 0.004709577699
104.65 104.6 104.7 0.007193539066
104.75 104.7 104.8 0.001185985804
104.85 104.8 104.9 0.006505976096
104.95 104.9 105 0.005726033202
105.05 105 105.1 0.005331123857
105.15 105.1 105.2 0.002961071121
105.25 105.2 105.3 0.004650290175
105.35 105.3 105.4 0.01016056991
105.45 105.4 105.5 0.00237191858
105.55 105.5 105.6 0.005212173144
105.65 105.6 105.7 0.002716406262
105.75 105.7 105.8 0.005452695461
105.85 105.8 105.9 0.006271898405
105.95 105.9 106 0.006572405274
106.05 106 106.1 0.008633119694
106.15 106.1 106.2 0.004071600631
106.25 106.2 106.3 0.006798885519
106.35 106.3 106.4 0.006766135035
106.45 106.4 106.5 0.006691315722
106.55 106.5 106.6 0.009286107208
106.65 106.6 106.7 0.007908210822
106.75 106.7 106.8 0.006863848015
106.85 106.8 106.9 0.007280967002
106.95 106.9 107 0.006147878346
107.05 107 107.1 0.004433056553
107.15 107.1 107.2 0.006243763008
107.25 107.2 107.3 0.003417648311
107.35 107.3 107.4 0.009175716593
107.45 107.4 107.5 0.004513868363
107.55 107.5 107.6 0.005672794295
107.65 107.6 107.7 0.005978759053
107.75 107.7 107.8 0.005326558994
107.85 107.8 107.9 0.006267645775
107.95 107.9 108 0.004367945024
108.05 108 108.1 0.006992818766
108.15 108.1 108.2 0.009721179631
108.25 108.2 108.3 0.008735678218
108.35 108.3 108.4 0.007095361411
108.45 108.4 108.5 0.007572970321
108.55 108.5 108.6 0.005612424536
108.65 108.6 108.7 0.00886477156
108.75 108.7 108.8 0.006254763485
108.85 108.8 108.9 0.008155255093
108.95 108.9 109 0.00262168194
109.05 109 109.1 0.002180848458
109.15 109.1 109.2 0.007690304429
109.25 109.2 109.3 0.002361341507
109.35 109.3 109.4 0.009162077152
109.45 109.4 109.5 0.005272362108
109.55 109.5 109.6 0.006548199287
109.65 109.6 109.7 0.005471711046
109.75 109.7 109.8 0.01002930229
109.85 109.8 109.9 0.008790264726
109.95 109.9 110 0.001369473504
110.05 110 110.1 0.005507784222
110.15 110.1 110.2 0.005451543757
110.25 110.2 110.3 0.005050341999
110.35 110.3 110.4 0.004744585685
110.45 110.4 110.5 0.003820754787
110.55 110.5 110.6 0.001704434128
110.65 110.6 110.7 0.008500149878
110.75 110.7 110.8 0.006657761707
110.85 110.8 110.9 0.008903082768
110.95 110.9 111 0.00437533365
111.05 111 111.1 0.005549944578
111.15 111.1 111.2 0.006420897751
111.25 111.2 111.3 0.003836323346
111.35 111.3 111.4 0.006514663736
111.45 111.4 111.5 0.005564389432
111.55 111.5 111.6 0.006403926508
111.65 111.6 111.7 0.006833704528
111.75 111.7 111.8 0.003047614826
111.85 111.8 111.9 0.005274448853
111.95 111.9 112 0.00368958636
112.05 112 112.1 0.00566814504
112.15 112.1 112.2 0.004727082179
112.25 112.2 112.3 0.006672151523
112.35 112.3 112.4 0.004024461085
112.45 112.4 112.5 0.004865178178
112.55 112.5 112.6 0.00705798768
112.65 112.6 112.7 0.0004060292766
112.75 112.7 112.8 0.007090316518
112.85 112.8 112.9 0.005559947073
112.95 112.9 113 0.006209214536
113.05 113 113.1 0.004088091095
113.15 113.1 113.2 0.006941974023
113.25 113.2 113.3 0.004227232174
113.35 113.3 113.4 0.004505872581
113.45 113.4 113.5 0.006343660722
113.55 113.5 113.6 0.005079549798
113.65 113.6 113.7 0.008959673228
113.75 113.7 113.8 0.006292345656
113.85 113.8 113.9 0.007192120745
113.95 113.9 114 0.005742427742
114.05 114 114.1 -0.0004952615071
114.15 114.1 114.2 0.002886907532
114.25 114.2 114.3 0.003469906729
114.35 114.3 114.4 0.003342761005
114.45 114.4 114.5 0.005194830963
114.55 114.5 114.6 0.001721407382
114.65 114.6 114.7 0.004282365031
114.75 114.7 114.8 0.003391386752
114.85 114.8 114.9 0.003353327957
114.95 114.9 115 0.001082380823
115.05 115 115.1 0.00165866748
115.15 115.1 115.2 0.003877774066
115.25 115.2 115.3 0.005636519811
115.35 115.3 115.4 0.005166806913
115.45 115.4 115.5 0.004858297547
115.55 115.5 115.6 0.007049470337
115.65 115.6 115.7 0.00078425942
115.75 115.7 115.8 0.003926026471
115.85 115.8 115.9 0.002370770899
115.95 115.9 116 -0.0003087913373
116.05 116 116.1 0.003862292005
116.15 116.1 116.2 0.003421131062
116.25 116.2 116.3 0.004269063817
116.35 116.3 116.4 0.004903259579
116.45 116.4 116.5 0.002389339495
116.55 116.5 116.6 0.005462193605
116.65 116.6 116.7 0.003234328114
116.75 116.7 116.8 0.004014223154
116.85 116.8 116.9 0.002709324605
116.95 116.9 117 0.001366014822
117.05 117 117.1 0.004751707673
117.15 117.1 117.2 -0.00115535275
117.25 117.2 117.3 0.002042978504
117.35 117.3 117.4 0.004001531766
117.45 117.4 117.5 0.004459480678
117.55 117.5 117.6 0.002349190953
117.65 117.6 117.7 -0.000526348067
117.75 117.7 117.8 0.004943641508
117.85 117.8 117.9 -0.001018048294
117.95 117.9 118 0.001159398907
118.05 118 118.1 0.005965635634
118.15 118.1 118.2 0.004641320326
118.25 118.2 118.3 0.002145840701
118.35 118.3 118.4 0.005425434758
118.45 118.4 118.5 -0.0001169685093
118.55 118.5 118.6 0.00317069602
118.65 118.6 118.7 0.002796123855
118.75 118.7 118.8 -0.001004353232
118.85 118.8 118.9 0.004281415813
118.95 118.9 119 0.0001223380156
119.05 119 119.1 0.002907124277
119.15 119.1 119.2 0.00304085373
119.25 119.2 119.3 0.000748815695
119.35 119.3 119.4 0.004084762986
119.45 119.4 119.5 0.0006379752488
119.55 119.5 119.6 0.001409559133
119.65 119.6 119.7 0.001855991269
119.75 119.7 119.8 -0.001329906782
119.85 119.8 119.9 0.004844300855
119.95 119.9 120 -0.001329204047
120.05 120 120.1 -0.002036880046
120.15 120.1 120.2 -0.001081171367
120.25 120.2 120.3 0.001062785129
120.35 120.3 120.4 0.003058697423
120.45 120.4 120.5 0.005025526285
120.55 120.5 120.6 0.001560993982
120.65 120.6 120.7 0.005247919117
120.75 120.7 120.8 0.001533190585
120.85 120.8 120.9 -6.414093849e-05
120.95 120.9 121 0.002795865746
121.05 121 121.1 0.001385343564
121.15 121.1 121.2 0.0001294653002
121.25 121.2 121.3 0.003348192368
121.35 121.3 121.4 0.001865055043
121.45 121.4 121.5 0.005021793927
121.55 121.5 121.6 0.0007439913907
121.65 121.6 121.7 0.001547761009
121.75 121.7 121.8 0.00255889282
121.85 121.8 121.9 0.00130569449
121.95 121.9 122 3.856934612e-05
122.05 122 122.1 0.002267265942
122.15 122.1 122.2 0.003515635669
122.25 122.2 122.3 0.00136352146
122.35 122.3 122.4 0.000674713386
122.45 122.4 122.5 -0.002491775674
122.55 122.5 122.6 0.001131788993
122.65 122.6 122.7 -0.0001194183773
122.75 122.7 122.8 0.001644240097
122.85 122.8 122.9 0.001505112278
122.95 122.9 123 -0.001022588103
123.05 123 123.1 0.001856357303
123.15 123.1 123.2 0.003869675832
123.25 123.2 123.3 0.001898781822
123.35 123.3 123.4 0.001799856104
123.45 123.4 123.5 9.46120366e-05
123.55 123.5 123.6 0.0002231641379
123.65 123.6 123.7 0.0006331804063
123.75 123.7 123.8 0.0009994985008
123.85 123.8 123.9 0.001715154215
123.95 123.9 124 0.001476760216
124.05 124 124.1 -0.001688304245
124.15 124.1 124.2 0.0007940751872
124.25 124.2 124.3 0.0004250338104
124.35 124.3 124.4 -0.002123479077
124.45 124.4 124.5 -0.0002060495334
124.55 124.5 124.6 -0.002629507257
124.65 124.6 124.7 0.000150882607
124.75 124.7 124.8 1.943539717e-05
124.85 124.8 124.9 0.0008699151666
124.95 124.9 125 0.000501866298
125.05 125 125.1 0.001090089362
125.15 125.1 125.2 -0.0008887289328
125.25 125.2 125.3 0.0009053086712
125.35 125.3 125.4 -0.001568870262
125.45 125.4 125.5 0.0005597067775
125.55 125.5 125.6 0.001116519504
125.65 125.6 125.7 0.001137779297
125.75 125.7 125.8 0.001945474867
125.85 125.8 125.9 0.0003290137094
125.95 125.9 126 0.0004761570801
126.05 126 126.1 -0.0003564860367
126.15 126.1 126.2 -0.00189677182
126.25 126.2 126.3 -0.0009641413264
126.35 126.3 126.4 -0.0006644143779
126.45 126.4 126.5 0.001391528023
126.55 126.5 126.6 0.004548741473
126.65 126.6 126.7 -0.000103148527
126.75 126.7 126.8 0.003865467982
126.85 126.8 126.9 -9.824076427e-05
126.95 126.9 127 -0.0007645368934
127.05 127 127.1 0.0001407489774
127.15 127.1 127.2 -3.88704937e-05
127.25 127.2 127.3 -0.002350404991
127.35 127.3 127.4 4.400711052e-05
127.45 127.4 127.5 0.000525260149
127.55 127.5 127.6 0.0007118432753
127.65 127.6 127.7 0.005196169636
127.75 127.7 127.8 -0.0003093233886
127.85 127.8 127.9 0.0001413165405
127.95 127.9 128 0.004346651462
128.05 128 128.1 -0.0001303394024
128.15 128.1 128.2 -0.00368398469
128.25 128.2 128.3 0.00255902851
128.35 128.3 128.4 0.0002543772028
128.45 128.4 128.5 0.00525862736
128.55 128.5 128.6 -0.001384798431
128.65 128.6 128.7 0.001064512273
128.75 128.7 128.8 -0.001837241328
128.85 128.8 128.9 0.004695285809
128.95 128.9 129 -0.0007911822528
129.05 129 129.1 -0.001753104204
129.15 129.1 129.2 0.002560242092
129.25 129.2 129.3 -0.0005704963673
129.35 129.3 129.4 -0.000612553768
129.45 129.4 129.5 -0.00212757847
129.55 129.5 129.6 -0.0001403901031
129.65 129.6 129.7 5.174918043e-05
129.75 129.7 129.8 -0.0001835080333
129.85 129.8 129.9 -0.0003304128753
129.95 129.9 130 -0.0008008068998
130.05 130 130.1 -0.0004487475496
130.15 130.1 130.2 0.002753973929
130.25 130.2 130.3 -0.00129450817
130.35 130.3 130.4 -3.532615594e-05
130.45 130.4 130.5 3.399809881e-05
130.55 130.5 130.6 -0.001492576062
130.65 130.6 130.7 -0.003404935958
130.75 130.7 130.8 0.00348356233
130.85 130.8 130.9 -0.0002521840882
130.95 130.9 131 0.002089964545
131.05 131 131.1 -0.0001233496583
131.15 131.1 131.2 0.0007318558663
131.25 131.2 131.3 -0.001917693556
131.35 131.3 131.4 0.0007637933524
131.45 131.4 131.5 -0.002644955916
131.55 131.5 131.6 -0.0006219246046
131.65 131.6 131.7 -0.0008945740822
131.75 131.7 131.8 0.00156416379
131.85 131.8 131.9 -0.0003997745571
131.95 131.9 132 -0.003898677256
132.05 132 132.1 0.000907698811
132.15 132.1 132.2 0.0005983800136
132.25 132.2 132.3 0.003240465648
132.35 132.3 132.4 -0.0008672155051
132.45 132.4 132.5 4.074966772e-05
132.55 132.5 132.6 -0.001041174101
132.65 132.6 132.7 0.0004588711872
132.75 132.7 132.8 0.0008862988842
132.85 132.8 132.9 -0.0002545490954
132.95 132.9 133 0.001385134744
133.05 133 133.1 -0.0007696863322
133.15 133.1 133.2 -0.00128425252
133.25 133.2 133.3 0.001300001927
133.35 133.3 133.4 -0.0002236295577
133.45 133.4 133.5 0.000133608076
133.55 133.5 133.6 0.0008278874185
133.65 133.6 133.7 0.00106753563
133.75 133.7 133.8 0.00122882696
133.85 133.8 133.9 -0.0004690304558
133.95 133.9 134 0.0007728518707
134.05 134 134.1 -0.001050851762
134.15 134.1 134.2 -0.001653077612
134.25 134.2 134.3 -7.134443415e-05
134.35 134.3 134.4 0.003001067905
134.45 134.4 134.5 -0.001160742976
134.55 134.5 134.6 0.003580580201
134.65 134.6 134.7 -0.001382905474
134.75 134.7 134.8 0.00114638978
134.85 134.8 134.9 0.003281349966
134.95 134.9 135 0.002446076883
135.05 135 135.1 -0.000287786732
135.15 135.1 135.2 0.0001185504138
135.25 135.2 135.3 -0.0007658616582
135.35 135.3 135.4 -0.0008524359179
135.45 135.4 135.5 -0.0007092261352
135.55 135.5 135.6 0.003975643733
135.65 135.6 135.7 -0.004237653134
135.75 135.7 135.8 -0.002560586155
135.85 135.8 135.9 0.003320346452
135.95 135.9 136 -0.000405845003
136.05 136 136.1 0.001190104509
136.15 136.1 136.2 -0.0001893626675
136.25 136.2 136.3 0.001907271132
136.35 136.3 136.4 -0.0003556058466
136.45 136.4 136.5 -0.004471994928
136.55 136.5 136.6 0.0002623769071
136.65 136.6 136.7 -0.0001610477756
136.75 136.7 136.8 0.002545276829
136.85 136.8 136.9 0.003577177904
136.95 136.9 137 -0.001009646285
137.05 137 137.1 0.0005055625372
137.15 137.1 137.2 -0.0002436722612
137.25 137.2 137.3 0.002798703673
137.35 137.3 137.4 -0.001200982702
137.45 137.4 137.5 -0.001512652621
137.55 137.5 137.6 9.538676347e-05
137.65 137.6 137.7 -0.0007741451092
137.75 137.7 137.8 0.0030554602
137.85 137.8 137.9 0.002143628163
137.95 137.9 138 0.0004587795253
138.05 138 138.1 0.0002883867879
138.15 138.1 138.2 0.004510823092
138.25 138.2 138.3 0.00221655212
138.35 138.3 138.4 0.0001210009207
138.45 138.4 138.5 0.0003749734981
138.55 138.5 138.6 0.001746923595
138.65 138.6 138.7 -7.125614696e-05
138.75 138.7 138.8 -0.0002942836703
138.85 138.8 138.9 0.001267514617
138.95 138.9 139 0.001524995606
139.05 139 139.1 0.001525343999
139.15 139.1 139.2 0.005944360972
139.25 139.2 139.3 0.0021289675
139.35 139.3 139.4 0.00218953143
139.45 139.4 139.5 -0.0004140015487
139.55 139.5 139.6 -0.0008173922154
139.65 139.6 139.7 0.002174062024
139.75 139.7 139.8 0.002707734342
139.85 139.8 139.9 0.002337212198
139.95 139.9 140 0.001802871091
140.05 140 140.1 0.002801287654
140.15 140.1 140.2 0.001303542383
140.25 140.2 140.3 0.0002360068702
140.35 140.3 140.4 0.002935371425
140.45 140.4 140.5 0.002165404384
140.55 140.5 140.6 -0.001157972029
140.65 140.6 140.7 -9.112585292e-05
140.75 140.7 140.8 -0.0008722117708
140.85 140.8 140.9 0.002798123254
140.95 140.9 141 0.006394178342
141.05 141 141.1 0.001066030911
141.15 141.1 141.2 0.004545490814
141.25 141.2 141.3 0.001014366532
141.35 141.3 141.4 0.0008554051614
141.45 141.4 141.5 -0.001043446941
141.55 141.5 141.6 -0.001330610511
141.65 141.6 141.7 0.0006614201541
141.75 141.7 141.8 -0.001664987374
141.85 141.8 141.9 -0.001498691587
141.95 141.9 142 -0.0003654363269
142.05 142 142.1 -0.0002076942571
142.15 142.1 142.2 0.001369626011
142.25 142.2 142.3 0.00100192671
142.35 142.3 142.4 0.001022685897
142.45 142.4 142.5 0.0004132280683
142.55 142.5 142.6 0.003512046387
142.65 142.6 142.7 -0.001114223815
142.75 142.7 142.8 -0.001458111647
142.85 142.8 142.9 0.0003150796982
142.95 142.9 143 -0.0006937752363
143.05 143 143.1 0.000500531536
143.15 143.1 143.2 -0.001473671717
143.25 143.2 143.3 0.001645505389
143.35 143.3 143.4 0.002006168601
143.45 143.4 143.5 -0.0001209168142
143.55 143.5 143.6 0.0006454141404
143.65 143.6 143.7 0.0006757060994
143.75 143.7 143.8 0.0002017063311
143.85 143.8 143.9 -0.000168677661
143.95 143.9 144 -0.0001393587716
144.05 144 144.1 0.001569666214
144.15 144.1 144.2 -0.0001552746973
144.25 144.2 144.3 -0.0002563683533
144.35 144.3 144.4 -0.002048777178
144.45 144.4 144.5 0.0003037618262
144.55 144.5 144.6 -0.0005382332549
144.65 144.6 144.7 0.002071204615
144.75 144.7 144.8 -0.0004727644208
144.85 144.8 144.9 0.00215095212
144.95 144.9 145 0.001702631608
145.05 145 145.1 0.0003163798294
145.15 145.1 145.2 0.001810490945
145.25 145.2 145.3 -0.0003590099356
145.35 145.3 145.4 0.00174667823
145.45 145.4 145.5 0.001629950229
145.55 145.5 145.6 0.00018014274
145.65 145.6 145.7 -0.001354805941
145.75 145.7 145.8 0.001965450422
145.85 145.8 145.9 0.000244629958
145.95 145.9 146 -0.001065942488
146.05 146 146.1 -0.0006459958822
146.15 146.1 146.2 -0.000605905102
146.25 146.2 146.3 0.003347695355
146.35 146.3 146.4 -0.0004452919523
146.45 146.4 146.5 0.0002642261988
146.55 146.5 146.6 0.002666822777
146.65 146.6 146.7 -0.001732621196
146.75 146.7 146.8 -0.0004912695593
146.85 146.8 146.9 0.0006025500915
146.95 146.9 147 -0.0005475442377
147.05 147 147.1 0.001924567943
147.15 147.1 147.2 -0.0009654800552
147.25 147.2 147.3 0.001813721705
147.35 147.3 147.4 0.002204402018
147.45 147.4 147.5 0.0008744140473
147.55 147.5 147.6 -6.854643645e-05
147.65 147.6 147.7 0.0009822722335
147.75 147.7 147.8 0.002083919285
147.85 147.8 147.9 -7.071935227e-05
147.95 147.9 148 0.001258075272
148.05 148 148.1 -0.00171730861
148.15 148.1 148.2 0.0005406908347
148.25 148.2 148.3 -0.001703422369
148.35 148.3 148.4 0.000855834194
148.45 148.4 148.5 0.002628116258
148.55 148.5 148.6 -0.000568477884
148.65 148.6 148.7 0.002989143101
148.75 148.7 148.8 0.00270058712
148.85 148.8 148.9 0.00335739805
148.95 148.9 149 -0.002564078665
149.05 149 149.1 0.00263611457
149.15 149.1 149.2 0.0007474699538
149.25 149.2 149.3 0.003539215446
149.35 149.3 149.4 0.001418850434
149.45 149.4 149.5 0.0001202528542
149.55 149.5 149.6 -0.001738056955
149.65 149.6 149.7 0.0008536225433
149.75 149.7 149.8 -0.0002127357754
149.85 149.8 149.9 0.002293056715
149.95 149.9 150 0.003701286669
150.05 150 150.1 -0.001445235873
150.15 150.1 150.2 0.0006930150511
150.25 150.2 150.3 -0.0007984289222
150.35 150.3 150.4 -0.00349412054
150.45 150.4 150.5 0.005595678709
150.55 150.5 150.6 0.0006976941576
150.65 150.6 150.7 -7.450462457e-05
150.75 150.7 150.8 -0.001792697403
150.85 150.8 150.9 0.0004054081638
150.95 150.9 151 0.003475650199
151.05 151 151.1 0.001906603032
151.15 151.1 151.2 -0.001253382768
151.25 151.2 151.3 0.001425618891
151.35 151.3 151.4 0.0002063573226
151.45 151.4 151.5 0.0007689716921
151.55 151.5 151.6 0.003709193084
151.65 151.6 151.7 -0.001306626095
151.75 151.7 151.8 -0.001160296786
151.85 151.8 151.9 0.0003546172768
151.95 151.9 152 -0.0005850359084
152.05 152 152.1 0.001269861549
152.15 152.1 152.2 -0.001404928485
152.25 152.2 152.3 0.004079286151
152.35 152.3 152.4 0.002004587683
152.45 152.4 152.5 0.001369637006
152.55 152.5 152.6 0.001958291213
152.65 152.6 152.7 0.001438298934
152.75 152.7 152.8 0.002845882857
152.85 152.8 152.9 0.001361237033
152.95 152.9 153 0.002679522794
153.05 153 153.1 0.001073038341
153.15 153.1 153.2 -0.001837560038
153.25 153.2 153.3 -0.0002400040953
153.35 153.3 153.4 0.00202665655
153.45 153.4 153.5 0.0003241738171
153.55 153.5 153.6 0.0007159295432
153.65 153.6 153.7 -0.0001420707578
153.75 153.7 153.8 0.001803764203
153.85 153.8 153.9 0.002231822307
153.95 153.9 154 0.0002948102034
154.05 154 154.1 0.001078536046
154.15 154.1 154.2 0.003132523733
154.25 154.2 154.3 0.0002100657897
154.35 154.3 154.4 -0.001671378847
154.45 154.4 154.5 -0.001350477825
154.55 154.5 154.6 0.0001177147564
154.65 154.6 154.7 0.002784004835
154.75 154.7 154.8 0.002702200279
154.85 154.8 154.9 -0.001123109821
154.95 154.9 155 0.0002697985234
155.05 155 155.1 -0.002441988936
155.15 155.1 155.2 0.001684599319
155.25 155.2 155.3 0.000259238993
155.35 155.3 155.4 -0.0003667492572
155.45 155.4 155.5 0.0002011302506
155.55 155.5 155.6 -0.0001910524095
155.65 155.6 155.7 -0.002446181844
155.75 155.7 155.8 -0.0006024989403
155.85 155.8 155.9 0.0001837132961
155.95 155.9 156 -0.002957758845
156.05 156 156.1 -0.001331364602
156.15 156.1 156.2 -0.001312773191
156.25 156.2 156.3 -1.797202421e-05
156.35 156.3 156.4 -3.694248468e-05
156.45 156.4 156.5 0.001444970499
156.55 156.5 156.6 -0.0003717450543
156.65 156.6 156.7 0.0003930605249
156.75 156.7 156.8 -0.002095889957
156.85 156.8 156.9 -0.002885138523
156.95 156.9 157 0.002627172955
157.05 157 157.1 -7.053572001e-05
157.15 157.1 157.2 0.001836822752
157.25 157.2 157.3 0.001706437202
157.35 157.3 157.4 0.002436164325
157.45 157.4 157.5 -0.001361510539
157.55 157.5 157.6 -0.002676501335
157.65 157.6 157.7 0.001476261885
157.75 157.7 157.8 0.00115284176
157.85 157.8 157.9 0.001680171648
157.95 157.9 158 0.0001092358174
158.05 158 158.1 -0.000369648257
158.15 158.1 158.2 -0.0002492424961
158.25 158.2 158.3 -0.001453115656
158.35 158.3 158.4 -0.0002310227584
158.45 158.4 158.5 0.001125495509
158.55 158.5 158.6 0.001615248069
158.65 158.6 158.7 0.0008474829397
158.75 158.7 158.8 -0.002732374278
158.85 158.8 158.9 -0.001695269475
158.95 158.9 159 0.001027581625
159.05 159 159.1 0.0006904549024
159.15 159.1 159.2 -0.001341772665
159.25 159.2 159.3 -0.003409032477
159.35 159.3 159.4 -0.0004637944272
159.45 159.4 159.5 7.06995094e-06
159.55 159.5 159.6 0.001539531252
159.65 159.6 159.7 -0.002883713937
159.75 159.7 159.8 -0.0002291057509
159.85 159.8 159.9 -0.0004886528935
159.95 159.9 160 0.0005754449563
160.05 160 160.1 0.001381374733
160.15 160.1 160.2 0.0009415669704
160.25 160.2 160.3 -0.0008574051367
160.35 160.3 160.4 -0.0005942729924
160.45 160.4 160.5 -0.0005334240661
160.55 160.5 160.6 0.001431935544
160.65 160.6 160.7 -0.001612586319
160.75 160.7 160.8 0.00126334457
160.85 160.8 160.9 -0.0005097658677
160.95 160.9 161 -0.0003400574261
161.05 161 161.1 -0.001498481369
161.15 161.1 161.2 0.0002962249354
161.25 161.2 161.3 -0.001032519309
161.35 161.3 161.4 0.0003140329785
161.45 161.4 161.5 -0.0004041985978
161.55 161.5 161.6 0.0007151396097
161.65 161.6 161.7 -0.003281713779
161.75 161.7 161.8 0.001142051272
161.85 161.8 161.9 -0.0003962648621
161.95 161.9 162 -0.002793417417
162.05 162 162.1 0.002062555146
162.15 162.1 162.2 -0.002038684912
162.25 162.2 162.3 0.00128000516
162.35 162.3 162.4 0.0006782300362
162.45 162.4 162.5 0.0002242774794
162.55 162.5 162.6 0.0001946219108
162.65 162.6 162.7 -0.0008485023601
162.75 162.7 162.8 -0.001756110164
162.85 162.8 162.9 0.0008857094797
162.95 162.9 163 -0.0005882287521
163.05 163 163.1 -0.0008357787194
163.15 163.1 163.2 -0.0014010495
163.25 163.2 163.3 -8.254498635e-05
163.35 163.3 163.4 -0.002040659151
163.45 163.4 163.5 0.003492007077
163.55 163.5 163.6 0.0005909572885
163.65 163.6 163.7 -0.001107182985
163.75 163.7 163.8 0.003230474588
163.85 163.8 163.9 -0.001691679259
163.95 163.9 164 -0.001098286419
164.05 164 164.1 0.002001612557
164.15 164.1 164.2 -0.003499593911
164.25 164.2 164.3 0.0008738920747
164.35 164.3 164.4 0.001072896491
164.45 164.4 164.5 0.002246981278
164.55 164.5 164.6 0.002553514476
164.65 164.6 164.7 -0.0007819580681
164.75 164.7 164.8 -0.002765103078
164.85 164.8 164.9 -0.001467189145
164.95 164.9 165 0.001245072789
165.05 165 165.1 0.001704617783
165.15 165.1 165.2 -0.002284833252
165.25 165.2 165.3 -0.000425616382
165.35 165.3 165.4 -0.0004636499512
165.45 165.4 165.5 -0.001061901503
165.55 165.5 165.6 0.003290599238
165.65 165.6 165.7 -0.002274311247
165.75 165.7 165.8 0.001764531157
165.85 165.8 165.9 0.001434719682
165.95 165.9 166 0.0001045737712
166.05 166 166.1 -0.000686832699
166.15 166.1 166.2 -0.0001936962908
166.25 166.2 166.3 -0.002199780288
166.35 166.3 166.4 8.74360499e-05
166.45 166.4 166.5 -0.002016610418
166.55 166.5 166.6 0.0001013770926
166.65 166.6 166.7 0.002751736267
166.75 166.7 166.8 -0.000616973543
166.85 166.8 166.9 0.0003010482448
166.95 166.9 167 -0.0009725427209
167.05 167 167.1 0.0007811002913
167.15 167.1 167.2 -0.0002785942297
167.25 167.2 167.3 -0.0009642826528
167.35 167.3 167.4 -0.0007069796081
167.45 167.4 167.5 -0.0005004905658
167.55 167.5 167.6 -0.0009136446161
167.65 167.6 167.7 0.0005659578733
167.75 167.7 167.8 0.001532919514
167.85 167.8 167.9 0.002206629109
167.95 167.9 168 0.0002672333918
168.05 168 168.1 -0.0002728911233
168.15 168.1 168.2 0.00134677917
168.25 168.2 168.3 0.001363694455
168.35 168.3 168.4 -0.0006468487039
168.45 168.4 168.5 -0.00189688167
168.55 168.5 168.6 0.0007228011427
168.65 168.6 168.7 -0.0002320034112
168.75 168.7 168.8 -0.0007652800295
168.85 168.8 168.9 -0.0002436825082
168.95 168.9 169 7.999367481e-05
169.05 169 169.1 -0.002600925475
169.15 169.1 169.2 -0.0003751711469
169.25 169.2 169.3 0.0001265078359
169.35 169.3 169.4 -0.002338300165
169.45 169.4 169.5 -0.001223943554
169.55 169.5 169.6 0.002769325049
169.65 169.6 169.7 -0.003230803024
169.75 169.7 169.8 0.002250031622
169.85 169.8 169.9 0.00212489849
169.95 169.9 170 0.001084567582
170.05 170 170.1 -0.002838711593
170.15 170.1 170.2 -0.002292642417
170.25 170.2 170.3 -0.000288641271
170.35 170.3 170.4 0.0002133112232
170.45 170.4 170.5 0.0006354708158
170.55 170.5 170.6 0.0009557123118
170.65 170.6 170.7 0.001961964958
170.75 170.7 170.8 0.0006546386029
170.85 170.8 170.9 0.000383733783
170.95 170.9 171 0.0005727778283
171.05 171 171.1 -0.0004164945213
171.15 171.1 171.2 0.000553084588
171.25 171.2 171.3 0.0004463171026
171.35 171.3 171.4 0.001306724068
171.45 171.4 171.5 -0.0005476101305
171.55 171.5 171.6 -4.779357386e-05
171.65 171.6 171.7 0.001055415611
171.75 171.7 171.8 0.001501162598
171.85 171.8 171.9 0.0008032602639
171.95 171.9 172 0.0006599709736
172.05 172 172.1 -0.0004783101915
172.15 172.1 172.2 0.003953464897
172.25 172.2 172.3 -0.001651236428
172.35 172.3 172.4 -0.0001122735838
172.45 172.4 172.5 0.001757035526
172.55 172.5 172.6 0.001443168084
172.65 172.6 172.7 0.002518338986
172.75 172.7 172.8 0.0004025966625
172.85 172.8 172.9 -0.0006221061438
172.95 172.9 173 0.0003952027981
173.05 173 173.1 0.0002709268102
173.15 173.1 173.2 0.0009329628833
173.25 173.2 173.3 0.0001916249424
173.35 173.3 173.4 0.002778886911
173.45 173.4 173.5 0.0007455368226
173.55 173.5 173.6 -0.001577682247
173.65 173.6 173.7 0.003111196425
173.75 173.7 173.8 0.0005650515174
173.85 173.8 173.9 0.00290019223
173.95 173.9 174 -0.0004302567167
174.05 174 174.1 -0.00178422154
174.15 174.1 174.2 0.0001589394625
174.25 174.2 174.3 0.001903192672
174.35 174.3 174.4 0.0008295954186
174.45 174.4 174.5 0.000577613181
174.55 174.5 174.6 0.002191548642
174.65 174.6 174.7 0.0002635427322
174.75 174.7 174.8 0.001455013661
174.85 174.8 174.9 -0.001986054995
174.95 174.9 175 -0.001686805212
175.05 175 175.1 0.003465895869
175.15 175.1 175.2 -0.0003887787227
175.25 175.2 175.3 0.0001614637747
175.35 175.3 175.4 0.0002885993032
175.45 175.4 175.5 -0.0003303147037
175.55 175.5 175.6 0.001378175058
175.65 175.6 175.7 0.0003283098826
175.75 175.7 175.8 -0.00313679955
175.85 175.8 175.9 -0.0009734303846
175.95 175.9 176 0.0008955704708
176.05 176 176.1 -0.001067002043
176.15 176.1 176.2 0.001372604139
176.25 176.2 176.3 0.0009894708128
176.35 176.3 176.4 -0.0002611992652
176.45 176.4 176.5 0.0003697345434
176.55 176.5 176.6 0.001491494408
176.65 176.6 176.7 0.001909505551
176.75 176.7 176.8 0.0004354650833
176.85 176.8 176.9 0.001411415821
176.95 176.9 177 -0.0005299186947
177.05 177 177.1 -0.0002179374767
177.15 177.1 177.2 -0.001259312191
177.25 177.2 177.3 -0.002696632118
177.35 177.3 177.4 0.0005662486891
177.45 177.4 177.5 0.002238915955
177.55 177.5 177.6 -0.0007512441915
177.65 177.6 177.7 -0.0006663497106
177.75 177.7 177.8 0.0006533817363
177.85 177.8 177.9 -0.001135525925
177.95 177.9 178 5.18456674e-05
178.05 178 178.1 -0.001826693797
178.15 178.1 178.2 -0.001900754883
178.25 178.2 178.3 0.0002106372818
178.35 178.3 178.4 0.003115956172
178.45 178.4 178.5 0.0007308857477
178.55 178.5 178.6 0.001950138938
178.65 178.6 178.7 0.001201935034
178.75 178.7 178.8 -0.0001164893835
178.85 178.8 178.9 -0.0005928605929
178.95 178.9 179 0.0006506961071
179.05 179 179.1 -0.001952804323
179.15 179.1 179.2 0.0001279858569
179.25 179.2 179.3 -0.0004713547865
179.35 179.3 179.4 0.001822536641
179.45 179.4 179.5 0.001268264087
179.55 179.5 179.6 0.002391302753
179.65 179.6 179.7 6.953736568e-05
179.75 179.7 179.8 0.0005524743137
179.85 179.8 179.9 0.002279227554
179.95 179.9 180 -0.001380718411
180.05 180 180.1 -0.000420224398
180.15 180.1 180.2 0.0007692555801
180.25 180.2 180.3 -0.002387849511
180.35 180.3 180.4 -0.001604143293
180.45 180.4 180.5 -0.0003698594755
180.55 180.5 180.6 -0.0004973684961
180.65 180.6 180.7 0.0004948184562
180.75 180.7 180.8 -0.002334438472
180.85 180.8 180.9 0.001917315039
180.95 180.9 181 -0.0004554905853
181.05 181 181.1 0.001125583479
181.15 181.1 181.2 -0.0005014891735
181.25 181.2 181.3 0.0009020847284
181.35 181.3 181.4 -0.0001155173296
181.45 181.4 181.5 0.00120558788
181.55 181.5 181.6 -0.0003142409694
181.65 181.6 181.7 0.002676059082
181.75 181.7 181.8 0.0002638471453
181.85 181.8 181.9 0.002029721465
181.95 181.9 182 -0.001208089309
182.05 182 182.1 -0.0004945926624
182.15 182.1 182.2 0.001025414669
182.25 182.2 182.3 0.0003324287108
182.35 182.3 182.4 0.0002539980841
182.45 182.4 182.5 -0.0006680822272
182.55 182.5 182.6 0.002080773764
182.65 182.6 182.7 0.001508523002
182.75 182.7 182.8 -0.001057710952
182.85 182.8 182.9 0.0001675458233
182.95 182.9 183 -0.002992427577
183.05 183 183.1 -0.001483417949
183.15 183.1 183.2 -0.001167388236
183.25 183.2 183.3 -0.002168004525
183.35 183.3 183.4 -0.0003310495281
183.45 183.4 183.5 -0.001438817658
183.55 183.5 183.6 -0.00139996971
183.65 183.6 183.7 -0.0001407131332
183.75 183.7 183.8 0.0001978952968
183.85 183.8 183.9 0.001406091274
183.95 183.9 184 -0.0007380720403
184.05 184 184.1 0.002078129582
184.15 184.1 184.2 0.001792792784
184.25 184.2 184.3 -0.0001350856789
184.35 184.3 184.4 -0.0002735767592
184.45 184.4 184.5 0.001326350784
184.55 184.5 184.6 -0.001756796844
184.65 184.6 184.7 0.0007198912786
184.75 184.7 184.8 -0.001438622271
184.85 184.8 184.9 -0.0001964196138
184.95 184.9 185 3.005629613e-05
185.05 185 185.1 -0.000854755059
185.15 185.1 185.2 -0.0007022892754
185.25 185.2 185.3 0.003135886156
185.35 185.3 185.4 0.001758444936
185.45 185.4 185.5 0.00156545218
185.55 185.5 185.6 0.000620983662
185.65 185.6 185.7 0.001138664044
185.75 185.7 185.8 -0.00137471218
185.85 185.8 185.9 -0.002616631671
185.95 185.9 186 0.0003729509538
186.05 186 186.1 0.0003245637954
186.15 186.1 186.2 0.0002568514515
186.25 186.2 186.3 -0.001597979085
186.35 186.3 186.4 -0.001049600065
186.45 186.4 186.5 0.0002364847909
186.55 186.5 186.6 0.001839276072
186.65 186.6 186.7 -0.001447734309
186.75 186.7 186.8 0.002112122658
186.85 186.8 186.9 0.0009518411222
186.95 186.9 187 0.0004628364562
187.05 187 187.1 0.002277150531
187.15 187.1 187.2 0.001673006179
187.25 187.2 187.3 -0.0006670256005
187.35 187.3 187.4 0.001638363074
187.45 187.4 187.5 0.001727328016
187.55 187.5 187.6 0.000159963374
187.65 187.6 187.7 -0.003194002771
187.75 187.7 187.8 -0.002518185928
187.85 187.8 187.9 -0.0002695030693
187.95 187.9 188 0.001729326435
188.05 188 188.1 0.0006405269438
188.15 188.1 188.2 0.002656073848
188.25 188.2 188.3 -0.00153848446
188.35 188.3 188.4 0.0001323023494
188.45 188.4 188.5 -0.000896430365
188.55 188.5 188.6 0.001789821158
188.65 188.6 188.7 0.002012113655
188.75 188.7 188.8 0.001839549664
188.85 188.8 188.9 -0.00117623182
188.95 188.9 189 0.0007047733168
189.05 189 189.1 0.000932527598
189.15 189.1 189.2 2.221900161e-05
189.25 189.2 189.3 0.0008523017921
189.35 189.3 189.4 6.781961073e-05
189.45 189.4 189.5 0.0005762594198
189.55 189.5 189.6 -0.001027021162
189.65 189.6 189.7 -0.00121330568
189.75 189.7 189.8 -9.919337301e-05
189.85 189.8 189.9 0.001104272747
189.95 189.9 190 0.003530246678
190.05 190 190.1 0.001168914123
190.15 190.1 190.2 -0.002294274716
190.25 190.2 190.3 0.0005133715089
190.35 190.3 190.4 0.00064379239
190.45 190.4 190.5 -0.0002525006531
190.55 190.5 190.6 0.0003578757024
190.65 190.6 190.7 0.0005840337414
190.75 190.7 190.8 0.000261420917
190.85 190.8 190.9 0.00190356548
190.95 190.9 191 -0.00177202371
191.05 191 191.1 0.003591841162
191.15 191.1 191.2 0.001646838049
191.25 191.2 191.3 0.002039996888
191.35 191.3 191.4 0.001486747729
191.45 191.4 191.5 0.0006316032065
191.55 191.5 191.6 0.0005156344923
191.65 191.6 191.7 0.0004901441653
191.75 191.7 191.8 0.003106301388
191.85 191.8 191.9 0.001246668974
191.95 191.9 192 0.002269448483
192.05 192 192.1 0.00235058354
192.15 192.1 192.2 -0.000811420728
192.25 192.2 192.3 4.421773752e-05
192.35 192.3 192.4 0.0005844216231
192.45 192.4 192.5 0.0009615293203
192.55 192.5 192.6 0.003408962433
192.65 192.6 192.7 0.00232914807
192.75 192.7 192.8 -0.0001868308806
192.85 192.8 192.9 0.002392253885
192.95 192.9 193 0.0004778234544
193.05 193 193.1 9.142821729e-05
193.15 193.1 193.2 0.00201920581
193.25 193.2 193.3 0.0004851029758
193.35 193.3 193.4 0.002078021026
193.45 193.4 193.5 0.0008181295156
193.55 193.5 193.6 0.00517209365
193.65 193.6 193.7 0.00351326183
193.75 193.7 193.8 0.001045791564
193.85 193.8 193.9 0.0008401717833
193.95 193.9 194 0.001153532108
194.05 194 194.1 0.002545882643
194.15 194.1 194.2 0.001536246864
194.25 194.2 194.3 0.002449913484
194.35 194.3 194.4 -0.000166380851
194.45 194.4 194.5 0.001681776876
194.55 194.5 194.6 0.0006595525778
194.65 194.6 194.7 0.0007613265741
194.75 194.7 194.8 0.0002427552796
194.85 194.8 194.9 -4.615166217e-05
194.95 194.9 195 0.0008549812501
195.05 195 195.1 0.001878957906
195.15 195.1 195.2 0.001315367162
195.25 195.2 195.3 0.001208033216
195.35 195.3 195.4 0.003021894754
195.45 195.4 195.5 -0.0004417985643
195.55 195.5 195.6 0.001406889281
195.65 195.6 195.7 0.0005536100085
195.75 195.7 195.8 0.002622119006
195.85 195.8 195.9 2.099774414e-05
195.95 195.9 196 0.001962648452
196.05 196 196.1 0.0009383593699
196.15 196.1 196.2 -8.237580946e-05
196.25 196.2 196.3 0.000380937823
196.35 196.3 196.4 0.003577579984
196.45 196.4 196.5 0.001899882769
196.55 196.5 196.6 -0.0005355552911
196.65 196.6 196.7 0.00363912924
196.75 196.7 196.8 1.638114037e-05
196.85 196.8 196.9 4.25083552e-05
196.95 196.9 197 0.0002587834169
197.05 197 197.1 0.002568883578
197.15 197.1 197.2 0.002796972874
197.25 197.2 197.3 0.003960895913
197.35 197.3 197.4 0.0001938188082
197.45 197.4 197.5 0.00344868121
197.55 197.5 197.6 0.001911836773
197.65 197.6 197.7 0.002202586535
197.75 197.7 197.8 0.0004661659079
197.85 197.8 197.9 0.0001519486148
197.95 197.9 198 7.054639904e-05
198.05 198 198.1 -0.0003790786021
198.15 198.1 198.2 0.0006537733142
198.25 198.2 198.3 -0.001244774315
198.35 198.3 198.4 0.001002013209
198.45 198.4 198.5 0.002009990015
198.55 198.5 198.6 -0.002256190245
198.65 198.6 198.7 0.002151857938
198.75 198.7 198.8 -0.0005701399659
198.85 198.8 198.9 0.001282314432
198.95 198.9 199 0.0007147714344
199.05 199 199.1 0.0006460669001
199.15 199.1 199.2 -0.0004047316274
199.25 199.2 199.3 0.0006041458991
199.35 199.3 199.4 0.0006528783552
199.45 199.4 199.5 0.001995594965
199.55 199.5 199.6 0.0006950658562
199.65 199.6 199.7 0.001044812907
199.75 199.7 199.8 0.0002728879117
199.85 199.8 199.9 0.0001368637403
199.95 199.9 200 0.002231378004
