# Columns: s_cen(1) s_min(2) s_max(3) xi_iso(4)
0.05 0 0.1 33.8584933
0.15 0.1 0.2 15.54657081
0.25 0.2 0.3 10.57204442
0.35 0.3 0.4 19.64792324
0.45 0.4 0.5 19.8301422
0.55 0.5 0.6 22.97443473
0.65 0.6 0.7 21.82271994
0.75 0.7 0.8 22.62851966
0.85 0.8 0.9 20.72125742
0.95 0.9 1 19.59149146
1.05 1 1.1 21.03153864
1.15 1.1 1.2 19.66231272
1.25 1.2 1.3 19.28676354
1.35 1.3 1.4 17.63493387
1.45 1.4 1.5 16.62124076
1.55 1.5 1.6 15.69981541
1.65 1.6 1.7 14.8181142
1.75 1.7 1.8 14.67007294
1.85 1.8 1.9 13.44816828
1.95 1.9 2 12.48568471
2.05 2 2.1 12.1537001
2.15 2.1 2.2 11.04831838
2.25 2.2 2.3 10.48672597
2.35 2.3 2.4 10.09078824
2.45 2.4 2.5 9.151560289
2.55 2.5 2.6 8.737158219
2.65 2.6 2.7 8.365941219
2.75 2.7 2.8 7.767854285
2.85 2.8 2.9 7.339630049
2.95 2.9 3 6.928779833
3.05 3 3.1 6.715506186
3.15 3.1 3.2 6.172430426
3.25 3.2 3.3 6.125378563
3.35 3.3 3.4 6.154467942
3.45 3.4 3.5 5.505775905
3.55 3.5 3.6 5.483710044
3.65 3.6 3.7 5.174145723
3.75 3.7 3.8 4.991706891
3.85 3.8 3.9 4.828641054
3.95 3.9 4 4.670325067
4.05 4 4.1 4.525879299
4.15 4.1 4.2 4.3659478
4.25 4.2 4.3 4.154996979
4.35 4.3 4.4 4.114045262
4.45 4.4 4.5 3.995959892
4.55 4.5 4.6 3.959004551
4.65 4.6 4.7 3.907757915
4.75 4.7 4.8 3.61778525
4.85 4.8 4.9 3.51648605
4.95 4.9 5 3.42899534
5.05 5 5.1 3.341164693
5.15 5.1 5.2 3.208801183
5.25 5.2 5.3 3.19002008
5.35 5.3 5.4 3.158691409
5.45 5.4 5.5 3.00437234
5.55 5.5 5.6 2.888013388
5.65 5.6 5.7 2.882346651
5.75 5.7 5.8 2.783830975
5.85 5.8 5.9 2.697655533
5.95 5.9 6 2.664176679
6.05 6 6.1 2.538212485
6.15 6.1 6.2 2.49596837
6.25 6.2 6.3 2.412270599
6.35 6.3 6.4 2.304360436
6.45 6.4 6.5 2.389213843
6.55 6.5 6.6 2.212221951
6.65 6.6 6.7 2.208753085
6.75 6.7 6.8 2.178328897
6.85 6.8 6.9 2.117514936
6.95 6.9 7 2.117060932
7.05 7 7.1 2.04412776
7.15 7.1 7.2 1.957500147
7.25 7.2 7.3 1.920979543
7.35 7.3 7.4 1.909286795
7.45 7.4 7.5 1.855471424
7.55 7.5 7.6 1.801257259
7.65 7.6 7.7 1.777540384
7.75 7.7 7.8 1.730629974
7.85 7.8 7.9 1.74320317
7.95 7.9 8 1.701805338
8.05 8 8.1 1.602158964
8.15 8.1 8.2 1.606433208
8.25 8.2 8.3 1.590697803
8.35 8.3 8.4 1.512584093
8.45 8.4 8.5 1.503325134
8.55 8.5 8.6 1.445659066
8.65 8.6 8.7 1.466064058
8.75 8.7 8.8 1.404794378
8.85 8.8 8.9 1.387831621
8.95 8.9 9 1.299620055
9.05 9 9.1 1.312904635
9.15 9.1 9.2 1.312419063
9.25 9.2 9.3 1.27985571
9.35 9.3 9.4 1.265505107
9.45 9.4 9.5 1.240248358
9.55 9.5 9.6 1.232836272
9.65 9.6 9.7 1.198737007
9.75 9.7 9.8 1.180169315
9.85 9.8 9.9 1.160662073
9.95 9.9 10 1.119045478
10.05 10 10.1 1.123597531
10.15 10.1 10.2 1.130611767
10.25 10.2 10.3 1.109808986
10.35 10.3 10.4 1.076120416
10.45 10.4 10.5 1.046119656
10.55 10.5 10.6 1.02444158
10.65 10.6 10.7 0.9966814627
10.75 10.7 10.8 0.9847323896
10.85 10.8 10.9 0.9620632684
10.95 10.9 11 0.9707159024
11.05 11 11.1 0.9485138791
11.15 11.1 11.2 0.9195215815
11.25 11.2 11.3 0.9138964197
11.35 11.3 11.4 0.8859329389
11.45 11.4 11.5 0.8936148929
11.55 11.5 11.6 0.8506962925
11.65 11.6 11.7 0.8586177557
11.75 11.7 11.8 0.8308708979
11.85 11.8 11.9 0.8445389402
11.95 11.9 12 0.8045769639
12.05 12 12.1 0.8172532983
12.15 12.1 12.2 0.7921134095
12.25 12.2 12.3 0.7664261752
12.35 12.3 12.4 0.767590973
12.45 12.4 12.5 0.7433997764
12.55 12.5 12.6 0.7449263278
12.65 12.6 12.7 0.7277039359
12.75 12.7 12.8 0.6934712832
12.85 12.8 12.9 0.703537081
12.95 12.9 13 0.6791105787
13.05 13 13.1 0.6592352542
13.15 13.1 13.2 0.6827465659
13.25 13.2 13.3 0.660166592
13.35 13.3 13.4 0.6513744368
13.45 13.4 13.5 0.6527162598
13.55 13.5 13.6 0.6262959354
13.65 13.6 13.7 0.6264999972
13.75 13.7 13.8 0.6188229791
13.85 13.8 13.9 0.6135622973
13.95 13.9 14 0.5868360628
14.05 14 14.1 0.6186641848
14.15 14.1 14.2 0.6124814218
14.25 14.2 14.3 0.5746504557
14.35 14.3 14.4 0.566750671
14.45 14.4 14.5 0.5742272025
14.55 14.5 14.6 0.5698605936
14.65 14.6 14.7 0.5589572207
14.75 14.7 14.8 0.5498169979
14.85 14.8 14.9 0.5385924023
14.95 14.9 15 0.5454276553
15.05 15 15.1 0.5401089224
15.15 15.1 15.2 0.5155008244
15.25 15.2 15.3 0.5357020489
15.35 15.3 15.4 0.5142121167
15.45 15.4 15.5 0.5064791232
15.55 15.5 15.6 0.4936729556
15.65 15.6 15.7 0.4874832963
15.75 15.7 15.8 0.4963777681
15.85 15.8 15.9 0.4674657515
15.95 15.9 16 0.4717442442
16.05 16 16.1 0.4487916604
16.15 16.1 16.2 0.4547263571
16.25 16.2 16.3 0.4476859426
16.35 16.3 16.4 0.445300964
16.45 16.4 16.5 0.441716802
16.55 16.5 16.6 0.4391848269
16.65 16.6 16.7 0.4372064058
16.75 16.7 16.8 0.4339051474
16.85 16.8 16.9 0.4239693323
16.95 16.9 17 0.4157915477
17.05 17 17.1 0.4017596477
17.15 17.1 17.2 0.4147804436
17.25 17.2 17.3 0.397547098
17.35 17.3 17.4 0.401560361
17.45 17.4 17.5 0.3906625836
17.55 17.5 17.6 0.3810370843
17.65 17.6 17.7 0.3910256601
17.75 17.7 17.8 0.3736194942
17.85 17.8 17.9 0.3703033701
17.95 17.9 18 0.3911274514
18.05 18 18.1 0.3633481082
18.15 18.1 18.2 0.3710631124
18.25 18.2 18.3 0.3548196089
18.35 18.3 18.4 0.356524565
18.45 18.4 18.5 0.3659693661
18.55 18.5 18.6 0.3235466994
18.65 18.6 18.7 0.3559370416
18.75 18.7 18.8 0.3437999527
18.85 18.8 18.9 0.3334287811
18.95 18.9 19 0.3329201985
19.05 19 19.1 0.3245173438
19.15 19.1 19.2 0.3109401947
19.25 19.2 19.3 0.3129367637
19.35 19.3 19.4 0.3141141999
19.45 19.4 19.5 0.3069514233
19.55 19.5 19.6 0.301717728
19.65 19.6 19.7 0.3108113016
19.75 19.7 19.8 0.3030208068
19.85 19.8 19.9 0.2904219589
19.95 19.9 20 0.3055003219
20.05 20 20.1 0.3100573526
20.15 20.1 20.2 0.2969506476
20.25 20.2 20.3 0.2825127173
20.35 20.3 20.4 0.2873675758
20.45 20.4 20.5 0.2752260445
20.55 20.5 20.6 0.2899541703
20.65 20.6 20.7 0.2918123378
20.75 20.7 20.8 0.2773088803
20.85 20.8 20.9 0.277067644
20.95 20.9 21 0.2627175912
21.05 21 21.1 0.2671233575
21.15 21.1 21.2 0.2729110909
21.25 21.2 21.3 0.265386655
21.35 21.3 21.4 0.2609373894
21.45 21.4 21.5 0.2545670648
21.55 21.5 21.6 0.2555080001
21.65 21.6 21.7 0.2568724053
21.75 21.7 21.8 0.2436406666
21.85 21.8 21.9 0.2461135956
21.95 21.9 22 0.2419258579
22.05 22 22.1 0.2358519277
22.15 22.1 22.2 0.2399825405
22.25 22.2 22.3 0.2431909555
22.35 22.3 22.4 0.2357890792
22.45 22.4 22.5 0.2293747458
22.55 22.5 22.6 0.2301029471
22.65 22.6 22.7 0.2292315016
22.75 22.7 22.8 0.2235027351
22.85 22.8 22.9 0.2325760458
22.95 22.9 23 0.2216506981
23.05 23 23.1 0.2146042761
23.15 23.1 23.2 0.221329823
23.25 23.2 23.3 0.2190353352
23.35 23.3 23.4 0.2180204074
23.45 23.4 23.5 0.2089257846
23.55 23.5 23.6 0.2155617628
23.65 23.6 23.7 0.2138033931
23.75 23.7 23.8 0.2106762078
23.85 23.8 23.9 0.2138815035
23.95 23.9 24 0.2088983231
24.05 24 24.1 0.2032974033
24.15 24.1 24.2 0.1976543937
24.25 24.2 24.3 0.2016956447
24.35 24.3 24.4 0.1970356864
24.45 24.4 24.5 0.2000155773
24.55 24.5 24.6 0.1869046708
24.65 24.6 24.7 0.1921089596
24.75 24.7 24.8 0.1897289937
24.85 24.8 24.9 0.2003579421
24.95 24.9 25 0.1947357722
25.05 25 25.1 0.194112435
25.15 25.1 25.2 0.1792426766
25.25 25.2 25.3 0.1859012377
25.35 25.3 25.4 0.1860753462
25.45 25.4 25.5 0.1722007875
25.55 25.5 25.6 0.1635146809
25.65 25.6 25.7 0.1745642137
25.75 25.7 25.8 0.1660010272
25.85 25.8 25.9 0.1606692263
25.95 25.9 26 0.1714394924
26.05 26 26.1 0.162733128
26.15 26.1 26.2 0.1670458435
26.25 26.2 26.3 0.1775108985
26.35 26.3 26.4 0.1680400376
26.45 26.4 26.5 0.1529551717
26.55 26.5 26.6 0.1574414771
26.65 26.6 26.7 0.1431579375
26.75 26.7 26.8 0.1555707621
26.85 26.8 26.9 0.1502699996
26.95 26.9 27 0.1490741658
27.05 27 27.1 0.1512275567
27.15 27.1 27.2 0.1533880362
27.25 27.2 27.3 0.1434297817
27.35 27.3 27.4 0.1592872313
27.45 27.4 27.5 0.1394269414
27.55 27.5 27.6 0.1454996325
27.65 27.6 27.7 0.1455333179
27.75 27.7 27.8 0.1445323847
27.85 27.8 27.9 0.1438097035
27.95 27.9 28 0.1377872751
28.05 28 28.1 0.1424120281
28.15 28.1 28.2 0.1385672539
28.25 28.2 28.3 0.1394008925
28.35 28.3 28.4 0.1380200221
28.45 28.4 28.5 0.139060589
28.55 28.5 28.6 0.1299700069
28.65 28.6 28.7 0.1362848632
28.75 28.7 28.8 0.1313060774
28.85 28.8 28.9 0.1325040663
28.95 28.9 29 0.1305578709
29.05 29 29.1 0.1280176339
29.15 29.1 29.2 0.1339958865
29.25 29.2 29.3 0.1279154863
29.35 29.3 29.4 0.1259751768
29.45 29.4 29.5 0.1300954659
29.55 29.5 29.6 0.1286913608
29.65 29.6 29.7 0.1271564431
29.75 29.7 29.8 0.132778391
29.85 29.8 29.9 0.1220181777
29.95 29.9 30 0.1196057821
30.05 30 30.1 0.1216680938
30.15 30.1 30.2 0.1141277143
30.25 30.2 30.3 0.1173372874
30.35 30.3 30.4 0.1145380285
30.45 30.4 30.5 0.1120157002
30.55 30.5 30.6 0.1226637592
30.65 30.6 30.7 0.1199317361
30.75 30.7 30.8 0.1209732291
30.85 30.8 30.9 0.1131533711
30.95 30.9 31 0.1114178477
31.05 31 31.1 0.1138407306
31.15 31.1 31.2 0.1094623965
31.25 31.2 31.3 0.1116194255
31.35 31.3 31.4 0.1097175223
31.45 31.4 31.5 0.1146066761
31.55 31.5 31.6 0.106972531
31.65 31.6 31.7 0.105486291
31.75 31.7 31.8 0.1107582375
31.85 31.8 31.9 0.106963809
31.95 31.9 32 0.09738812928
32.05 32 32.1 0.10424321
32.15 32.1 32.2 0.1043226963
32.25 32.2 32.3 0.1006053326
32.35 32.3 32.4 0.09427715828
32.45 32.4 32.5 0.109220454
32.55 32.5 32.6 0.09570676404
32.65 32.6 32.7 0.09607034641
32.75 32.7 32.8 0.1026721548
32.85 32.8 32.9 0.1009222935
32.95 32.9 33 0.0936794982
33.05 33 33.1 0.1004651055
33.15 33.1 33.2 0.09595540453
33.25 33.2 33.3 0.09815762062
33.35 33.3 33.4 0.09417332708
33.45 33.4 33.5 0.09689881261
33.55 33.5 33.6 0.08986244165
33.65 33.6 33.7 0.09038761241
33.75 33.7 33.8 0.08629848138
33.85 33.8 33.9 0.09127627138
33.95 33.9 34 0.08584726871
34.05 34 34.1 0.08747430035
34.15 34.1 34.2 0.07591587746
34.25 34.2 34.3 0.09003488187
34.35 34.3 34.4 0.08947239551
34.45 34.4 34.5 0.08644805984
34.55 34.5 34.6 0.08434679619
34.65 34.6 34.7 0.08556137188
34.75 34.7 34.8 0.08409771358
34.85 34.8 34.9 0.08725060905
34.95 34.9 35 0.0819146327
35.05 35 35.1 0.07939097657
35.15 35.1 35.2 0.08308580304
35.25 35.2 35.3 0.08330318676
35.35 35.3 35.4 0.07794952156
35.45 35.4 35.5 0.08149354839
35.55 35.5 35.6 0.07587450717
35.65 35.6 35.7 0.07714738875
35.75 35.7 35.8 0.08565694295
35.85 35.8 35.9 0.08152100764
35.95 35.9 36 0.07613903157
36.05 36 36.1 0.07381983198
36.15 36.1 36.2 0.0705883793
36.25 36.2 36.3 0.06753162033
36.35 36.3 36.4 0.07137041525
36.45 36.4 36.5 0.07551068809
36.55 36.5 36.6 0.07273742786
36.65 36.6 36.7 0.07948779064
36.75 36.7 36.8 0.07417535437
36.85 36.8 36.9 0.07370187599
36.95 36.9 37 0.07479559007
37.05 37 37.1 0.07125686288
37.15 37.1 37.2 0.07221931234
37.25 37.2 37.3 0.07251638396
37.35 37.3 37.4 0.0715318567
37.45 37.4 37.5 0.06877164843
37.55 37.5 37.6 0.07016766872
37.65 37.6 37.7 0.07204172852
37.75 37.7 37.8 0.06850385139
37.85 37.8 37.9 0.06864435909
37.95 37.9 38 0.06231018091
38.05 38 38.1 0.07017724685
38.15 38.1 38.2 0.06094128403
38.25 38.2 38.3 0.06557438903
38.35 38.3 38.4 0.06287729617
38.45 38.4 38.5 0.0642651422
38.55 38.5 38.6 0.06660757668
38.65 38.6 38.7 0.05470799156
38.75 38.7 38.8 0.06749039751
38.85 38.8 38.9 0.06750737913
38.95 38.9 39 0.06546562404
39.05 39 39.1 0.06573761698
39.15 39.1 39.2 0.07390168391
39.25 39.2 39.3 0.05870860573
39.35 39.3 39.4 0.06161396267
39.45 39.4 39.5 0.06187188476
39.55 39.5 39.6 0.05671418432
39.65 39.6 39.7 0.05583979763
39.75 39.7 39.8 0.05756198837
39.85 39.8 39.9 0.05544978538
39.95 39.9 40 0.06130902539
40.05 40 40.1 0.05549484013
40.15 40.1 40.2 0.05534988634
40.25 40.2 40.3 0.05591249998
40.35 40.3 40.4 0.05845461187
40.45 40.4 40.5 0.05639071261
40.55 40.5 40.6 0.06226095297
40.65 40.6 40.7 0.05587889703
40.75 40.7 40.8 0.05491590836
40.85 40.8 40.9 0.05403560134
40.95 40.9 41 0.05162863019
41.05 41 41.1 0.05253113433
41.15 41.1 41.2 0.06031519199
41.25 41.2 41.3 0.06117566264
41.35 41.3 41.4 0.0559175095
41.45 41.4 41.5 0.0524463594
41.55 41.5 41.6 0.05405712796
41.65 41.6 41.7 0.05679801138
41.75 41.7 41.8 0.05736418678
41.85 41.8 41.9 0.05182584925
41.95 41.9 42 0.0505562376
42.05 42 42.1 0.05348107507
42.15 42.1 42.2 0.05227161932
42.25 42.2 42.3 0.05139425315
42.35 42.3 42.4 0.04529644713
42.45 42.4 42.5 0.05067970694
42.55 42.5 42.6 0.04499471735
42.65 42.6 42.7 0.05169865841
42.75 42.7 42.8 0.05415140715
42.85 42.8 42.9 0.05090028933
42.95 42.9 43 0.0473682026
43.05 43 43.1 0.04822102449
43.15 43.1 43.2 0.05463868855
43.25 43.2 43.3 0.04935430807
43.35 43.3 43.4 0.04565549703
43.45 43.4 43.5 0.05070066227
43.55 43.5 43.6 0.04972213842
43.65 43.6 43.7 0.04111070484
43.75 43.7 43.8 0.04144645225
43.85 43.8 43.9 0.04206376406
43.95 43.9 44 0.05027820921
44.05 44 44.1 0.03919433468
44.15 44.1 44.2 0.04996091424
44.25 44.2 44.3 0.04681774147
44.35 44.3 44.4 0.04042744097
44.45 44.4 44.5 0.0399408512
44.55 44.5 44.6 0.04690167886
44.65 44.6 44.7 0.04108911746
44.75 44.7 44.8 0.04541377825
44.85 44.8 44.9 0.04025671768
44.95 44.9 45 0.04117048048
45.05 45 45.1 0.03529583916
45.15 45.1 45.2 0.04225755329
45.25 45.2 45.3 0.04365070644
45.35 45.3 45.4 0.04567767784
45.45 45.4 45.5 0.04000688927
45.55 45.5 45.6 0.04136283214
45.65 45.6 45.7 0.04041985944
45.75 45.7 45.8 0.04139365669
45.85 45.8 45.9 0.04116123861
45.95 45.9 46 0.04380429373
46.05 46 46.1 0.04205814295
46.15 46.1 46.2 0.03262214517
46.25 46.2 46.3 0.03787397136
46.35 46.3 46.4 0.03667923062
46.45 46.4 46.5 0.03224747918
46.55 46.5 46.6 0.03871312996
46.65 46.6 46.7 0.03579968216
46.75 46.7 46.8 0.03399130177
46.85 46.8 46.9 0.03406505538
46.95 46.9 47 0.04115479834
47.05 47 47.1 0.04065336067
47.15 47.1 47.2 0.03335172594
47.25 47.2 47.3 0.03797524029
47.35 47.3 47.4 0.03653302446
47.45 47.4 47.5 0.03007063449
47.55 47.5 47.6 0.03436436738
47.65 47.6 47.7 0.03094871896
47.75 47.7 47.8 0.04045460444
47.85 47.8 47.9 0.03089710454
47.95 47.9 48 0.03265611359
48.05 48 48.1 0.03348740981
48.15 48.1 48.2 0.03356492382
48.25 48.2 48.3 0.03452526068
48.35 48.3 48.4 0.03545757827
48.45 48.4 48.5 0.02798740411
48.55 48.5 48.6 0.02847981694
48.65 48.6 48.7 0.02902542382
48.75 48.7 48.8 0.02850715933
48.85 48.8 48.9 0.03170268897
48.95 48.9 49 0.03313392924
49.05 49 49.1 0.03214237374
49.15 49.1 49.2 0.03211665203
49.25 49.2 49.3 0.03204048417
49.35 49.3 49.4 0.03363661157
49.45 49.4 49.5 0.02776136899
49.55 49.5 49.6 0.02937149614
49.65 49.6 49.7 0.02961403067
49.75 49.7 49.8 0.03031808539
49.85 49.8 49.9 0.02932899568
49.95 49.9 50 0.03087664428
50.05 50 50.1 0.02666265146
50.15 50.1 50.2 0.02980598667
50.25 50.2 50.3 0.03589620281
50.35 50.3 50.4 0.03340991784
50.45 50.4 50.5 0.02685655385
50.55 50.5 50.6 0.02562927713
50.65 50.6 50.7 0.02892671653
50.75 50.7 50.8 0.02483874457
50.85 50.8 50.9 0.02687533583
50.95 50.9 51 0.03083484188
51.05 51 51.1 0.02624161006
51.15 51.1 51.2 0.03111332617
51.25 51.2 51.3 0.03271814312
51.35 51.3 51.4 0.02960998908
51.45 51.4 51.5 0.03026397139
51.55 51.5 51.6 0.02330841286
51.65 51.6 51.7 0.02825925706
51.75 51.7 51.8 0.02557759866
51.85 51.8 51.9 0.02908971119
51.95 51.9 52 0.02422505319
52.05 52 52.1 0.02525570608
52.15 52.1 52.2 0.02981709749
52.25 52.2 52.3 0.02863844765
52.35 52.3 52.4 0.02387145885
52.45 52.4 52.5 0.02873689242
52.55 52.5 52.6 0.02270426118
52.65 52.6 52.7 0.02437954124
52.75 52.7 52.8 0.0289649608
52.85 52.8 52.9 0.02697477783
52.95 52.9 53 0.02729626018
53.05 53 53.1 0.02650050316
53.15 53.1 53.2 0.02737470482
53.25 53.2 53.3 0.02604059471
53.35 53.3 53.4 0.02579200156
53.45 53.4 53.5 0.02420815727
53.55 53.5 53.6 0.02463310084
53.65 53.6 53.7 0.02368718698
53.75 53.7 53.8 0.03029272601
53.85 53.8 53.9 0.02627642752
53.95 53.9 54 0.0242725316
54.05 54 54.1 0.02490855393
54.15 54.1 54.2 0.02706530504
54.25 54.2 54.3 0.02792409933
54.35 54.3 54.4 0.02403150872
54.45 54.4 54.5 0.02404314161
54.55 54.5 54.6 0.02583415125
54.65 54.6 54.7 0.02102124824
54.75 54.7 54.8 0.02196232176
54.85 54.8 54.9 0.02361161518
54.95 54.9 55 0.02499613299
55.05 55 55.1 0.02111001944
55.15 55.1 55.2 0.02532428675
55.25 55.2 55.3 0.02103281163
55.35 55.3 55.4 0.02080742849
55.45 55.4 55.5 0.01975763368
55.55 55.5 55.6 0.02462202108
55.65 55.6 55.7 0.02367529639
55.75 55.7 55.8 0.01708756873
55.85 55.8 55.9 0.02467372562
55.95 55.9 56 0.0215756732
56.05 56 56.1 0.02298318558
56.15 56.1 56.2 0.02091328299
56.25 56.2 56.3 0.02183385159
56.35 56.3 56.4 0.02289153716
56.45 56.4 56.5 0.02310419679
56.55 56.5 56.6 0.02020511397
56.65 56.6 56.7 0.01486084696
56.75 56.7 56.8 0.01884534971
56.85 56.8 56.9 0.02296974665
56.95 56.9 57 0.02389686568
57.05 57 57.1 0.01721178663
57.15 57.1 57.2 0.01911674279
57.25 57.2 57.3 0.01714765697
57.35 57.3 57.4 0.02124130131
57.45 57.4 57.5 0.02187693467
57.55 57.5 57.6 0.0219869146
57.65 57.6 57.7 0.0216621657
57.75 57.7 57.8 0.01653134935
57.85 57.8 57.9 0.0187408649
57.95 57.9 58 0.01469370627
58.05 58 58.1 0.02119663236
58.15 58.1 58.2 0.02080577104
58.25 58.2 58.3 0.01593755318
58.35 58.3 58.4 0.01679150912
58.45 58.4 58.5 0.02052048943
58.55 58.5 58.6 0.01742014602
58.65 58.6 58.7 0.02258012356
58.75 58.7 58.8 0.01802042241
58.85 58.8 58.9 0.02099494698
58.95 58.9 59 0.02085384167
59.05 59 59.1 0.02014833522
59.15 59.1 59.2 0.02172571761
59.25 59.2 59.3 0.02339432298
59.35 59.3 59.4 0.01888449064
59.45 59.4 59.5 0.01844229469
59.55 59.5 59.6 0.01793396909
59.65 59.6 59.7 0.01904686119
59.75 59.7 59.8 0.01685971593
59.85 59.8 59.9 0.01528810198
59.95 59.9 60 0.01720629082
60.05 60 60.1 0.01760388248
60.15 60.1 60.2 0.01599002447
60.25 60.2 60.3 0.0162131915
60.35 60.3 60.4 0.01736036053
60.45 60.4 60.5 0.01837932069
60.55 60.5 60.6 0.02056200642
60.65 60.6 60.7 0.01746312994
60.75 60.7 60.8 0.01866117824
60.85 60.8 60.9 0.01857444094
60.95 60.9 61 0.02018218936
61.05 61 61.1 0.01607118964
61.15 61.1 61.2 0.01292690603
61.25 61.2 61.3 0.01635167399
61.35 61.3 61.4 0.01198458671
61.45 61.4 61.5 0.01570686528
61.55 61.5 61.6 0.01506156578
61.65 61.6 61.7 0.01347217591
61.75 61.7 61.8 0.01475240491
61.85 61.8 61.9 0.01474280622
61.95 61.9 62 0.01444930009
62.05 62 62.1 0.01624368006
62.15 62.1 62.2 0.01403034223
62.25 62.2 62.3 0.01003950278
62.35 62.3 62.4 0.01419780932
62.45 62.4 62.5 0.01680047118
62.55 62.5 62.6 0.01412928152
62.65 62.6 62.7 0.01369429296
62.75 62.7 62.8 0.01518843078
62.85 62.8 62.9 0.01543933652
62.95 62.9 63 0.01526885107
63.05 63 63.1 0.01509311822
63.15 63.1 63.2 0.01129469875
63.25 63.2 63.3 0.01334564667
63.35 63.3 63.4 0.01472924319
63.45 63.4 63.5 0.01617087835
63.55 63.5 63.6 0.01651656947
63.65 63.6 63.7 0.01725368397
63.75 63.7 63.8 0.01587833646
63.85 63.8 63.9 0.01839169751
63.95 63.9 64 0.01350001573
64.05 64 64.1 0.01232599356
64.15 64.1 64.2 0.01235460588
64.25 64.2 64.3 0.0139323861
64.35 64.3 64.4 0.01336475598
64.45 64.4 64.5 0.01164882343
64.55 64.5 64.6 0.01317999973
64.65 64.6 64.7 0.01098114979
64.75 64.7 64.8 0.01203687647
64.85 64.8 64.9 0.01456126848
64.95 64.9 65 0.01318274915
65.05 65 65.1 0.01097327445
65.15 65.1 65.2 0.01741499241
65.25 65.2 65.3 0.01101970733
65.35 65.3 65.4 0.01504354033
65.45 65.4 65.5 0.01130532062
65.55 65.5 65.6 0.01111419762
65.65 65.6 65.7 0.01245275102
65.75 65.7 65.8 0.01275889747
65.85 65.8 65.9 0.01426422115
65.95 65.9 66 0.0124829425
66.05 66 66.1 0.01144527778
66.15 66.1 66.2 0.01433557477
66.25 66.2 66.3 0.01710979354
66.35 66.3 66.4 0.01213320049
66.45 66.4 66.5 0.01175601127
66.55 66.5 66.6 0.01030062456
66.65 66.6 66.7 0.01244940522
66.75 66.7 66.8 0.0141335284
66.85 66.8 66.9 0.01458658226
66.95 66.9 67 0.01150596956
67.05 67 67.1 0.01211896459
67.15 67.1 67.2 0.01457314145
67.25 67.2 67.3 0.01223719226
67.35 67.3 67.4 0.01113493313
67.45 67.4 67.5 0.0107219423
67.55 67.5 67.6 0.009496166775
67.65 67.6 67.7 0.01430835263
67.75 67.7 67.8 0.007963891671
67.85 67.8 67.9 0.01573627808
67.95 67.9 68 0.008948558745
68.05 68 68.1 0.0105644871
68.15 68.1 68.2 0.01484885514
68.25 68.2 68.3 0.01108336959
68.35 68.3 68.4 0.0082070681
68.45 68.4 68.5 0.0124572765
68.55 68.5 68.6 0.01090074181
68.65 68.6 68.7 0.01014095222
68.75 68.7 68.8 0.01250417613
68.85 68.8 68.9 0.01138446028
68.95 68.9 69 0.00812871136
69.05 69 69.1 0.00907139241
69.15 69.1 69.2 0.01047365854
69.25 69.2 69.3 0.01086748892
69.35 69.3 69.4 0.01271460697
69.45 69.4 69.5 0.00999831923
69.55 69.5 69.6 0.01073461873
69.65 69.6 69.7 0.006283392946
69.75 69.7 69.8 0.008982932476
69.85 69.8 69.9 0.009924504531
69.95 69.9 70 0.01032820229
70.05 70 70.1 0.009055377752
70.15 70.1 70.2 0.0110649066
70.25 70.2 70.3 0.008126524596
70.35 70.3 70.4 0.007655338213
70.45 70.4 70.5 0.004576268178
70.55 70.5 70.6 0.01062543042
70.65 70.6 70.7 0.01126871188
70.75 70.7 70.8 0.007891174993
70.85 70.8 70.9 0.01063375062
70.95 70.9 71 0.01085464973
71.05 71 71.1 0.01062783086
71.15 71.1 71.2 0.009985365397
71.25 71.2 71.3 0.008965665571
71.35 71.3 71.4 0.009106977639
71.45 71.4 71.5 0.009277047322
71.55 71.5 71.6 0.01062316836
71.65 71.6 71.7 0.01182592113
71.75 71.7 71.8 0.01196628657
71.85 71.8 71.9 0.006242069439
71.95 71.9 72 0.01243165732
72.05 72 72.1 0.01089106385
72.15 72.1 72.2 0.007198856026
72.25 72.2 72.3 0.01266847861
72.35 72.3 72.4 0.01230626054
72.45 72.4 72.5 0.01368509003
72.55 72.5 72.6 0.01064912583
72.65 72.6 72.7 0.007189331787
72.75 72.7 72.8 0.008453062132
72.85 72.8 72.9 0.009707516932
72.95 72.9 73 0.007306465061
73.05 73 73.1 0.008357780085
73.15 73.1 73.2 0.01159968736
73.25 73.2 73.3 0.01016405421
73.35 73.3 73.4 0.01077891335
73.45 73.4 73.5 0.01190668144
73.55 73.5 73.6 0.007017244662
73.65 73.6 73.7 0.008751953811
73.75 73.7 73.8 0.007660236187
73.85 73.8 73.9 0.007696527884
73.95 73.9 74 0.009646342511
74.05 74 74.1 0.009251604714
74.15 74.1 74.2 0.008508603909
74.25 74.2 74.3 0.01022450332
74.35 74.3 74.4 0.01173072663
74.45 74.4 74.5 0.00959856641
74.55 74.5 74.6 0.008468647344
74.65 74.6 74.7 0.009168128394
74.75 74.7 74.8 0.006808251935
74.85 74.8 74.9 0.006821521519
74.95 74.9 75 0.007390369586
75.05 75 75.1 0.004525969808
75.15 75.1 75.2 0.009385265312
75.25 75.2 75.3 0.008437805601
75.35 75.3 75.4 0.00753821284
75.45 75.4 75.5 0.008782069901
75.55 75.5 75.6 0.01032191428
75.65 75.6 75.7 0.007636534777
75.75 75.7 75.8 0.01129366827
75.85 75.8 75.9 0.008188387044
75.95 75.9 76 0.01250747669
76.05 76 76.1 0.006403507177
76.15 76.1 76.2 0.01027834932
76.25 76.2 76.3 0.008477140804
76.35 76.3 76.4 0.007940005166
76.45 76.4 76.5 0.01041384469
76.55 76.5 76.6 0.009164305729
76.65 76.6 76.7 0.007657870121
76.75 76.7 76.8 0.00985816152
76.85 76.8 76.9 0.006655845624
76.95 76.9 77 0.007877276741
77.05 77 77.1 0.01087499606
77.15 77.1 77.2 0.01058511903
77.25 77.2 77.3 0.005029054461
77.35 77.3 77.4 0.01061396596
77.45 77.4 77.5 0.005527770469
77.55 77.5 77.6 0.007540781481
77.65 77.6 77.7 0.0123632455
77.75 77.7 77.8 0.009565004212
77.85 77.8 77.9 0.006371469629
77.95 77.9 78 0.008307487833
78.05 78 78.1 0.01019441751
78.15 78.1 78.2 0.007941471846
78.25 78.2 78.3 0.009664608882
78.35 78.3 78.4 0.008754430083
78.45 78.4 78.5 0.008771308078
78.55 78.5 78.6 0.01044181699
78.65 78.6 78.7 0.008455572874
78.75 78.7 78.8 0.01036851581
78.85 78.8 78.9 0.005193031133
78.95 78.9 79 0.006082070181
79.05 79 79.1 0.01136891121
79.15 79.1 79.2 0.005200885596
79.25 79.2 79.3 0.007328957279
79.35 79.3 79.4 0.006884344846
79.45 79.4 79.5 0.009271055059
79.55 79.5 79.6 0.01149373881
79.65 79.6 79.7 0.008673342298
79.75 79.7 79.8 0.00542353678
79.85 79.8 79.9 0.004631475969
79.95 79.9 80 0.01034598832
80.05 80 80.1 0.007792519217
80.15 80.1 80.2 0.009428446767
80.25 80.2 80.3 0.006848753301
80.35 80.3 80.4 0.005671343611
80.45 80.4 80.5 0.005585802092
80.55 80.5 80.6 0.004190797089
80.65 80.6 80.7 0.009060332986
80.75 80.7 80.8 0.005324717323
80.85 80.8 80.9 0.009348085144
80.95 80.9 81 0.006148352352
81.05 81 81.1 0.007711753396
81.15 81.1 81.2 0.006845084368
81.25 81.2 81.3 0.005605811783
81.35 81.3 81.4 0.005700372215
81.45 81.4 81.5 0.008863415139
81.55 81.5 81.6 0.006570064231
81.65 81.6 81.7 0.00926597799
81.75 81.7 81.8 0.006550775737
81.85 81.8 81.9 0.007662143798
81.95 81.9 82 0.00871201898
82.05 82 82.1 0.006959843539
82.15 82.1 82.2 0.007189880874
82.25 82.2 82.3 0.007534957697
82.35 82.3 82.4 0.009872645154
82.45 82.4 82.5 0.005563582667
82.55 82.5 82.6 0.002643189766
82.65 82.6 82.7 0.00993635694
82.75 82.7 82.8 0.005523651459
82.85 82.8 82.9 0.007815606969
82.95 82.9 83 0.004829964316
83.05 83 83.1 0.005931105487
83.15 83.1 83.2 0.007542211338
83.25 83.2 83.3 0.007054672955
83.35 83.3 83.4 0.00770547027
83.45 83.4 83.5 0.01040389316
83.55 83.5 83.6 0.00787235311
83.65 83.6 83.7 0.005580502696
83.75 83.7 83.8 0.005251564415
83.85 83.8 83.9 0.005976708309
83.95 83.9 84 0.006228983048
84.05 84 84.1 0.005923365037
84.15 84.1 84.2 0.008539705971
84.25 84.2 84.3 0.008195256032
84.35 84.3 84.4 0.00740146805
84.45 84.4 84.5 0.007338849045
84.55 84.5 84.6 0.006839237468
84.65 84.6 84.7 0.005778810686
84.75 84.7 84.8 0.005377783868
84.85 84.8 84.9 0.005698785412
84.95 84.9 85 0.007248136234
85.05 85 85.1 0.00548520769
85.15 85.1 85.2 0.007651523389
85.25 85.2 85.3 0.007153798102
85.35 85.3 85.4 0.005112905826
85.45 85.4 85.5 0.009386381342
85.55 85.5 85.6 0.006563912662
85.65 85.6 85.7 0.00739970099
85.75 85.7 85.8 0.008209377636
85.85 85.8 85.9 0.006422806837
85.95 85.9 86 0.008776847366
86.05 86 86.1 0.006391198448
86.15 86.1 86.2 0.006497490208
86.25 86.2 86.3 0.006232754549
86.35 86.3 86.4 0.009860919034
86.45 86.4 86.5 0.005702670292
86.55 86.5 86.6 0.004858433642
86.65 86.6 86.7 0.006723118659
86.75 86.7 86.8 0.004417588572
86.85 86.8 86.9 0.005908375233
86.95 86.9 87 0.007312129477
87.05 87 87.1 0.006092567098
87.15 87.1 87.2 0.008564829184
87.25 87.2 87.3 0.006029321274
87.35 87.3 87.4 0.00627420998
87.45 87.4 87.5 0.006081216105
87.55 87.5 87.6 0.005685720063
87.65 87.6 87.7 0.009025930996
87.75 87.7 87.8 0.00599084242
87.85 87.8 87.9 0.00838798734
87.95 87.9 88 0.01025378477
88.05 88 88.1 0.006106514402
88.15 88.1 88.2 0.007690953306
88.25 88.2 88.3 0.007611499587
88.35 88.3 88.4 0.005371363374
88.45 88.4 88.5 0.006935579573
88.55 88.5 88.6 0.008645099505
88.65 88.6 88.7 0.008477280599
88.75 88.7 88.8 0.00860145331
88.85 88.8 88.9 0.008698875012
88.95 88.9 89 0.005835606279
89.05 89 89.1 0.006057536767
89.15 89.1 89.2 0.008414243348
89.25 89.2 89.3 0.006675721849
89.35 89.3 89.4 0.009918285006
89.45 89.4 89.5 0.004983434383
89.55 89.5 89.6 0.008429441276
89.65 89.6 89.7 0.008793388888
89.75 89.7 89.8 0.005520483736
89.85 89.8 89.9 0.007329096274
89.95 89.9 90 0.005820909667
90.05 90 90.1 0.008158947323
90.15 90.1 90.2 0.005438550284
90.25 90.2 90.3 0.009175096253
90.35 90.3 90.4 0.005898949792
90.45 90.4 90.5 0.005426681238
90.55 90.5 90.6 0.007873725129
90.65 90.6 90.7 0.005564487418
90.75 90.7 90.8 0.008219584112
90.85 90.8 90.9 0.005920059568
90.95 90.9 91 0.005005927369
91.05 91 91.1 0.007677690187
91.15 91.1 91.2 0.00619551252
91.25 91.2 91.3 0.006459187462
91.35 91.3 91.4 0.006002094354
91.45 91.4 91.5 0.006975638479
91.55 91.5 91.6 0.006737539556
91.65 91.6 91.7 0.004870180921
91.75 91.7 91.8 0.006348277479
91.85 91.8 91.9 0.008640783794
91.95 91.9 92 0.004133334456
92.05 92 92.1 0.007749949403
92.15 92.1 92.2 0.006828553232
92.25 92.2 92.3 0.004015796366
92.35 92.3 92.4 0.00585286363
92.45 92.4 92.5 0.005001500285
92.55 92.5 92.6 0.004073373728
92.65 92.6 92.7 0.00534039928
92.75 92.7 92.8 0.006346192314
92.85 92.8 92.9 0.005513788645
92.95 92.9 93 0.004245247302
93.05 93 93.1 0.006739871807
93.15 93.1 93.2 0.00648596054
93.25 93.2 93.3 0.006373795022
93.35 93.3 93.4 0.008452375126
93.45 93.4 93.5 0.004234031008
93.55 93.5 93.6 0.003867615323
93.65 93.6 93.7 0.004177360621
93.75 93.7 93.8 0.008262044101
93.85 93.8 93.9 0.005110648967
93.95 93.9 94 0.005230366013
94.05 94 94.1 0.004833639269
94.15 94.1 94.2 0.005729760592
94.25 94.2 94.3 0.003099438139
94.35 94.3 94.4 0.004323538094
94.45 94.4 94.5 0.004038944112
94.55 94.5 94.6 0.006802301163
94.65 94.6 94.7 0.003568683412
94.75 94.7 94.8 0.005566588881
94.85 94.8 94.9 0.003073085067
94.95 94.9 95 0.005161809222
95.05 95 95.1 0.004784262212
95.15 95.1 95.2 0.005218568495
95.25 95.2 95.3 0.005071592735
95.35 95.3 95.4 0.004414036148
95.45 95.4 95.5 0.004702567003
95.55 95.5 95.6 0.005011851586
95.65 95.6 95.7 0.003701619421
95.75 95.7 95.8 0.003069746282
95.85 95.8 95.9 0.003824116538
95.95 95.9 96 0.003474549177
96.05 96 96.1 0.004400186376
96.15 96.1 96.2 0.005173604057
96.25 96.2 96.3 0.002634113002
96.35 96.3 96.4 0.005245396655
96.45 96.4 96.5 0.00287561916
96.55 96.5 96.6 0.005832735491
96.65 96.6 96.7 0.006090643916
96.75 96.7 96.8 0.005128825512
96.85 96.8 96.9 0.002955817935
96.95 96.9 97 0.003621716404
97.05 97 97.1 0.004940639985
97.15 97.1 97.2 0.004836239638
97.25 97.2 97.3 0.003433392483
97.35 97.3 97.4 0.004105980208
97.45 97.4 97.5 0.001277388923
97.55 97.5 97.6 0.005699339396
97.65 97.6 97.7 0.004487399584
97.75 97.7 97.8 0.006111690802
97.85 97.8 97.9 0.002531745921
97.95 97.9 98 0.007937220018
98.05 98 98.1 0.005605663462
98.15 98.1 98.2 0.004574155633
98.25 98.2 98.3 0.003674960167
98.35 98.3 98.4 0.003524354934
98.45 98.4 98.5 0.002387629246
98.55 98.5 98.6 0.004456935599
98.65 98.6 98.7 0.004796347368
98.75 98.7 98.8 0.00750166432
98.85 98.8 98.9 0.003782609662
98.95 98.9 99 0.004290456468
99.05 99 99.1 0.003560702778
99.15 99.1 99.2 0.005303078998
99.25 99.2 99.3 0.003942622344
99.35 99.3 99.4 0.003499779193
99.45 99.4 99.5 0.005425019409
99.55 99.5 99.6 0.004883307074
99.65 99.6 99.7 0.004911250297
99.75 99.7 99.8 0.004724766937
99.85 99.8 99.9 0.002991788252
99.95 99.9 100 0.002439811701
100.05 100 100.1 0.004581767687
100.15 100.1 100.2 0.00258962328
100.25 100.2 100.3 0.005569384795
100.35 100.3 100.4 0.005541074441
100.45 100.4 100.5 0.00226949592
100.55 100.5 100.6 0.002489126673
100.65 100.6 100.7 0.003030549522
100.75 100.7 100.8 0.00397674486
100.85 100.8 100.9 0.007060322983
100.95 100.9 101 0.002265254574
101.05 101 101.1 0.004220759801
101.15 101.1 101.2 0.00567043357
101.25 101.2 101.3 0.002930785416
101.35 101.3 101.4 0.002935941168
101.45 101.4 101.5 0.001918707221
101.55 101.5 101.6 0.003519753763
101.65 101.6 101.7 0.003531615048
101.75 101.7 101.8 0.002791666435
101.85 101.8 101.9 0.005431794247
101.95 101.9 102 0.004633233643
102.05 102 102.1 0.001369369629
102.15 102.1 102.2 0.004277686017
102.25 102.2 102.3 0.003956600308
102.35 102.3 102.4 0.003381870602
102.45 102.4 102.5 0.003357177109
102.55 102.5 102.6 0.003299171426
102.65 102.6 102.7 0.00336024359
102.75 102.7 102.8 0.005431633128
102.85 102.8 102.9 0.005961272243
102.95 102.9 103 0.007130975201
103.05 103 103.1 0.003256965901
103.15 103.1 103.2 0.004541318509
103.25 103.2 103.3 0.001937164243
103.35 103.3 103.4 0.00286939845
103.45 103.4 103.5 0.003726518916
103.55 103.5 103.6 0.0002749109689
103.65 103.6 103.7 0.002852035087
103.75 103.7 103.8 0.003364915239
103.85 103.8 103.9 0.002964298746
103.95 103.9 104 0.004028252123
104.05 104 104.1 0.003844137051
104.15 104.1 104.2 0.003024765207
104.25 104.2 104.3 0.003197206066
104.35 104.3 104.4 0.003609449739
104.45 104.4 104.5 0.00298007955
104.55 104.5 104.6 0.004935879726
104.65 104.6 104.7 0.005187021732
104.75 104.7 104.8 0.003957929207
104.85 104.8 104.9 0.003892517442
104.95 104.9 105 0.003351621968
105.05 105 105.1 0.003546509382
105.15 105.1 105.2 0.001952385218
105.25 105.2 105.3 0.004565245441
105.35 105.3 105.4 0.002876520062
105.45 105.4 105.5 0.006085444054
105.55 105.5 105.6 0.004721970605
105.65 105.6 105.7 0.004351438278
105.75 105.7 105.8 0.005479512119
105.85 105.8 105.9 0.004168111342
105.95 105.9 106 0.004371709708
106.05 106 106.1 0.005287019507
106.15 106.1 106.2 0.001629651121
106.25 106.2 106.3 0.002953974003
106.35 106.3 106.4 0.004082898702
106.45 106.4 106.5 0.003986540374
106.55 106.5 106.6 0.00298241796
106.65 106.6 106.7 0.00525918858
106.75 106.7 106.8 0.004656000414
106.85 106.8 106.9 0.005892967688
106.95 106.9 107 0.003345884741
107.05 107 107.1 0.003508733349
107.15 107.1 107.2 0.004352753936
107.25 107.2 107.3 0.003529212215
107.35 107.3 107.4 0.004046969923
107.45 107.4 107.5 0.003630414671
107.55 107.5 107.6 0.005294861191
107.65 107.6 107.7 0.007244207929
107.75 107.7 107.8 0.003841371229
107.85 107.8 107.9 0.004018254385
107.95 107.9 108 0.003081788137
108.05 108 108.1 0.004729333267
108.15 108.1 108.2 0.00475086218
108.25 108.2 108.3 0.002980097792
108.35 108.3 108.4 0.00415086937
108.45 108.4 108.5 0.001862372225
108.55 108.5 108.6 0.003870519584
108.65 108.6 108.7 0.004965979405
108.75 108.7 108.8 0.003660824455
108.85 108.8 108.9 0.004474696418
108.95 108.9 109 0.00454354146
109.05 109 109.1 0.003642912555
109.15 109.1 109.2 0.002453723611
109.25 109.2 109.3 0.003346313119
109.35 109.3 109.4 0.0009420395466
109.45 109.4 109.5 0.002380024216
109.55 109.5 109.6 0.003983591514
109.65 109.6 109.7 0.0007759118815
109.75 109.7 109.8 0.003935809723
109.85 109.8 109.9 0.0009439307741
109.95 109.9 110 0.002889184803
110.05 110 110.1 0.004037236936
110.15 110.1 110.2 0.003631294734
110.25 110.2 110.3 0.003837240168
110.35 110.3 110.4 0.003564199652
110.45 110.4 110.5 0.004747160074
110.55 110.5 110.6 -0.001232804188
110.65 110.6 110.7 -0.0001053734918
110.75 110.7 110.8 0.003600236435
110.85 110.8 110.9 0.003422442347
110.95 110.9 111 0.003866164011
111.05 111 111.1 0.002068526616
111.15 111.1 111.2 0.00362318416
111.25 111.2 111.3 0.003815703409
111.35 111.3 111.4 0.004102412406
111.45 111.4 111.5 0.002331072823
111.55 111.5 111.6 0.002015024418
111.65 111.6 111.7 0.003068422898
111.75 111.7 111.8 0.001803017496
111.85 111.8 111.9 0.003893252755
111.95 111.9 112 0.002108341466
112.05 112 112.1 0.004124133045
112.15 112.1 112.2 0.00151550534
112.25 112.2 112.3 0.002007215142
112.35 112.3 112.4 0.003022132148
112.45 112.4 112.5 0.004063747622
112.55 112.5 112.6 0.002007080941
112.65 112.6 112.7 0.000932823669
112.75 112.7 112.8 0.003520603748
112.85 112.8 112.9 0.003029614699
112.95 112.9 113 0.001272500854
113.05 113 113.1 0.00135061471
113.15 113.1 113.2 0.003462388115
113.25 113.2 113.3 0.004226030059
113.35 113.3 113.4 0.00287674307
113.45 113.4 113.5 0.005260421253
113.55 113.5 113.6 0.001099475346
113.65 113.6 113.7 0.001455807802
113.75 113.7 113.8 0.002178573333
113.85 113.8 113.9 0.0009414152867
113.95 113.9 114 0.002407749729
114.05 114 114.1 0.003223438908
114.15 114.1 114.2 0.0006260096089
114.25 114.2 114.3 0.001260212408
114.35 114.3 114.4 0.003109150921
114.45 114.4 114.5 -3.230502506e-07
114.55 114.5 114.6 0.002144363304
114.65 114.6 114.7 0.002177656247
114.75 114.7 114.8 0.001015678575
114.85 114.8 114.9 0.003948283611
114.95 114.9 115 0.003503062888
115.05 115 115.1 0.002725068776
115.15 115.1 115.2 0.002365864732
115.25 115.2 115.3 -0.001470955299
115.35 115.3 115.4 0.00373040048
115.45 115.4 115.5 0.001247201903
115.55 115.5 115.6 0.001452832666
115.65 115.6 115.7 0.002809265146
115.75 115.7 115.8 0.001831579661
115.85 115.8 115.9 0.002677859409
115.95 115.9 116 0.002506778468
116.05 116 116.1 0.001737371821
116.15 116.1 116.2 0.001592704833
116.25 116.2 116.3 0.0008928067116
116.35 116.3 116.4 0.0009513227302
116.45 116.4 116.5 0.001281522498
116.55 116.5 116.6 -0.001858437636
116.65 116.6 116.7 0.0004117098267
116.75 116.7 116.8 0.002029495743
116.85 116.8 116.9 7.547557648e-05
116.95 116.9 117 -8.228141229e-06
117.05 117 117.1 0.001615500979
117.15 117.1 117.2 0.003073055001
117.25 117.2 117.3 0.002237584189
117.35 117.3 117.4 -0.0004327182339
117.45 117.4 117.5 0.002974004824
117.55 117.5 117.6 -2.090954044e-05
117.65 117.6 117.7 0.001539708366
117.75 117.7 117.8 -0.001412224789
117.85 117.8 117.9 0.002374085214
117.95 117.9 118 0.001428532994
118.05 118 118.1 0.001279927418
118.15 118.1 118.2 0.0007969606072
118.25 118.2 118.3 0.003385673248
118.35 118.3 118.4 0.001341863395
118.45 118.4 118.5 0.0004418275688
118.55 118.5 118.6 0.0005651972385
118.65 118.6 118.7 -0.0003120661281
118.75 118.7 118.8 0.001487527564
118.85 118.8 118.9 0.0001294388388
118.95 118.9 119 0.001388762525
119.05 119 119.1 -0.0003851875175
119.15 119.1 119.2 -0.00221362946
119.25 119.2 119.3 -0.0008858102308
119.35 119.3 119.4 -0.000877529136
119.45 119.4 119.5 0.0004278530315
119.55 119.5 119.6 0.002254952373
119.65 119.6 119.7 0.002066935932
119.75 119.7 119.8 0.00206578884
119.85 119.8 119.9 0.00125483486
119.95 119.9 120 -0.0006657041717
120.05 120 120.1 -0.0007351605937
120.15 120.1 120.2 0.001369591267
120.25 120.2 120.3 -0.0008361547085
120.35 120.3 120.4 0.001297715977
120.45 120.4 120.5 0.001222017761
120.55 120.5 120.6 0.0001113702141
120.65 120.6 120.7 -0.001607970845
120.75 120.7 120.8 -0.001609160526
120.85 120.8 120.9 -0.002083240568
120.95 120.9 121 0.001094680036
121.05 121 121.1 -0.001230518289
121.15 121.1 121.2 -0.001708572052
121.25 121.2 121.3 -0.00030174222
121.35 121.3 121.4 0.0005686032381
121.45 121.4 121.5 -0.0009825830352
121.55 121.5 121.6 -0.00175615933
121.65 121.6 121.7 -0.001280413027
121.75 121.7 121.8 0.0005388166674
121.85 121.8 121.9 -0.0002427899264
121.95 121.9 122 0.0004992856368
122.05 122 122.1 -0.003213899421
122.15 122.1 122.2 -0.0006636983191
122.25 122.2 122.3 -0.001949012386
122.35 122.3 122.4 -0.0005060134309
122.45 122.4 122.5 0.001360967133
122.55 122.5 122.6 0.0002920853949
122.65 122.6 122.7 -0.0003210010046
122.75 122.7 122.8 -0.0001389525187
122.85 122.8 122.9 0.002414605461
122.95 122.9 123 0.001881571008
123.05 123 123.1 -0.003304736426
123.15 123.1 123.2 -0.000909089652
123.25 123.2 123.3 -0.001745145255
123.35 123.3 123.4 -0.0009898192025
123.45 123.4 123.5 -0.0003328957225
123.55 123.5 123.6 -0.0005168203643
123.65 123.6 123.7 7.7874676e-05
123.75 123.7 123.8 -0.0008121730307
123.85 123.8 123.9 -0.0009412635108
123.95 123.9 124 -5.719747444e-05
124.05 124 124.1 0.0006551703657
124.15 124.1 124.2 0.001991882381
124.25 124.2 124.3 0.00128577523
124.35 124.3 124.4 0.0005146542376
124.45 124.4 124.5 -8.268816384e-05
124.55 124.5 124.6 -2.88120302e-05
124.65 124.6 124.7 0.0001500309147
124.75 124.7 124.8 0.0005574069064
124.85 124.8 124.9 -0.0008000152781
124.95 124.9 125 -4.295590056e-05
125.05 125 125.1 -0.004408848865
125.15 125.1 125.2 9.287976254e-05
125.25 125.2 125.3 0.002024800085
125.35 125.3 125.4 -0.001440337336
125.45 125.4 125.5 -0.003624782039
125.55 125.5 125.6 -0.001122200182
125.65 125.6 125.7 -0.001370599982
125.75 125.7 125.8 -0.001099848209
125.85 125.8 125.9 -0.0003150261205
125.95 125.9 126 -0.001107872516
126.05 126 126.1 0.0006957820944
126.15 126.1 126.2 0.0007408148038
126.25 126.2 126.3 0.0007881982774
126.35 126.3 126.4 -0.001893358774
126.45 126.4 126.5 0.0008356663902
126.55 126.5 126.6 -0.003306341908
126.65 126.6 126.7 -0.001013040341
126.75 126.7 126.8 0.0002072891814
126.85 126.8 126.9 -0.002171610464
126.95 126.9 127 -0.0004864840879
127.05 127 127.1 -0.00194375103
127.15 127.1 127.2 -0.001708443982
127.25 127.2 127.3 -0.000308199738
127.35 127.3 127.4 0.0003071612275
127.45 127.4 127.5 -0.0009067167417
127.55 127.5 127.6 -0.002058275062
127.65 127.6 127.7 -0.002639051588
127.75 127.7 127.8 -0.001345793463
127.85 127.8 127.9 -0.0008484671261
127.95 127.9 128 -0.001599532999
128.05 128 128.1 -0.0003413034694
128.15 128.1 128.2 -0.0008831063275
128.25 128.2 128.3 -0.001013665122
128.35 128.3 128.4 -0.001950110235
128.45 128.4 128.5 -0.001752573238
128.55 128.5 128.6 0.0002000898382
128.65 128.6 128.7 -0.001232964667
128.75 128.7 128.8 -0.001286504981
128.85 128.8 128.9 -0.0007329653503
128.95 128.9 129 0.001186081055
129.05 129 129.1 -0.001152890333
129.15 129.1 129.2 -0.001577153785
129.25 129.2 129.3 -0.001534330041
129.35 129.3 129.4 -0.0007350583335
129.45 129.4 129.5 -0.001504878334
129.55 129.5 129.6 -0.001864922042
129.65 129.6 129.7 -0.0003284145756
129.75 129.7 129.8 -0.002033296515
129.85 129.8 129.9 -0.0007016920788
129.95 129.9 130 -0.001295226203
130.05 130 130.1 -0.001373151518
130.15 130.1 130.2 -0.003059940646
130.25 130.2 130.3 0.001013952545
130.35 130.3 130.4 -0.0008975851155
130.45 130.4 130.5 -0.002046220377
130.55 130.5 130.6 -0.002283381408
130.65 130.6 130.7 -0.001491303104
130.75 130.7 130.8 0.0004242213732
130.85 130.8 130.9 -0.0007340647779
130.95 130.9 131 -0.002220547606
131.05 131 131.1 -0.001389585159
131.15 131.1 131.2 -0.003518601081
131.25 131.2 131.3 -0.000408259517
131.35 131.3 131.4 -0.0002899092522
131.45 131.4 131.5 -0.001143713911
131.55 131.5 131.6 -0.001309770872
131.65 131.6 131.7 5.797504911e-05
131.75 131.7 131.8 -0.002257169145
131.85 131.8 131.9 -0.0009859609962
131.95 131.9 132 -0.0009673170849
132.05 132 132.1 -0.001431936914
132.15 132.1 132.2 -0.00284274021
132.25 132.2 132.3 -0.0008493541331
132.35 132.3 132.4 -0.001121303379
132.45 132.4 132.5 0.0003237226132
132.55 132.5 132.6 -0.001588410209
132.65 132.6 132.7 -0.002180295275
132.75 132.7 132.8 -0.001536402508
132.85 132.8 132.9 -0.001070008587
132.95 132.9 133 -0.001048204121
133.05 133 133.1 -0.0008807032066
133.15 133.1 133.2 -0.0008222704362
133.25 133.2 133.3 -0.0004198406546
133.35 133.3 133.4 -0.0008583951467
133.45 133.4 133.5 -0.001789655127
133.55 133.5 133.6 -0.001352686528
133.65 133.6 133.7 -0.0001293407964
133.75 133.7 133.8 -0.001501986593
133.85 133.8 133.9 -0.00219584861
133.95 133.9 134 -0.002344747241
134.05 134 134.1 -0.001142420785
134.15 134.1 134.2 6.445843844e-05
134.25 134.2 134.3 -0.00369221757
134.35 134.3 134.4 -0.001298476445
134.45 134.4 134.5 4.175861185e-06
134.55 134.5 134.6 -0.002887394888
134.65 134.6 134.7 -0.001911396023
134.75 134.7 134.8 -0.001185659193
134.85 134.8 134.9 -0.001176476681
134.95 134.9 135 -0.002095393066
135.05 135 135.1 -0.0009079201254
135.15 135.1 135.2 -0.0009548137104
135.25 135.2 135.3 -0.002937835651
135.35 135.3 135.4 -0.001161645079
135.45 135.4 135.5 -0.001329338743
135.55 135.5 135.6 -0.001272605701
135.65 135.6 135.7 -0.0007052740476
135.75 135.7 135.8 0.000142880615
135.85 135.8 135.9 -0.001011726705
135.95 135.9 136 -0.001862621607
136.05 136 136.1 -0.0003259711204
136.15 136.1 136.2 0.0001308224602
136.25 136.2 136.3 -0.0003500028862
136.35 136.3 136.4 -0.0006170363842
136.45 136.4 136.5 0.001047304635
136.55 136.5 136.6 0.0001101290951
136.65 136.6 136.7 -0.001239843154
136.75 136.7 136.8 -0.0004444755713
136.85 136.8 136.9 -0.002459913311
136.95 136.9 137 0.0002766061052
137.05 137 137.1 -0.002920379716
137.15 137.1 137.2 0.001051327573
137.25 137.2 137.3 -0.001275663682
137.35 137.3 137.4 -0.001210895861
137.45 137.4 137.5 -0.002235873602
137.55 137.5 137.6 -0.001055060391
137.65 137.6 137.7 -0.001646088406
137.75 137.7 137.8 -0.001833842026
137.85 137.8 137.9 -0.001777154505
137.95 137.9 138 -0.00174414643
138.05 138 138.1 -0.001042215293
138.15 138.1 138.2 -0.002593238263
138.25 138.2 138.3 -0.00146256088
138.35 138.3 138.4 -0.001367151327
138.45 138.4 138.5 -0.00270352054
138.55 138.5 138.6 -0.000681851549
138.65 138.6 138.7 -0.001327843616
138.75 138.7 138.8 -0.00140461921
138.85 138.8 138.9 -0.0007477500345
138.95 138.9 139 -0.002492572722
139.05 139 139.1 -0.001765908441
139.15 139.1 139.2 0.0003593338728
139.25 139.2 139.3 -0.001405562942
139.35 139.3 139.4 -0.001711506047
139.45 139.4 139.5 -0.001850423701
139.55 139.5 139.6 6.917244456e-05
139.65 139.6 139.7 -0.001254275664
139.75 139.7 139.8 -0.001421440426
139.85 139.8 139.9 -0.001664493051
139.95 139.9 140 -0.001215927556
140.05 140 140.1 -0.0003689795282
140.15 140.1 140.2 -0.0006612608691
140.25 140.2 140.3 0.0002980072856
140.35 140.3 140.4 -0.002188852841
140.45 140.4 140.5 -0.001631774072
140.55 140.5 140.6 -0.001537028024
140.65 140.6 140.7 -0.000714380087
140.75 140.7 140.8 -0.002057972863
140.85 140.8 140.9 -0.002104772639
140.95 140.9 141 -0.001243939666
141.05 141 141.1 0.001218121292
141.15 141.1 141.2 -0.001628278118
141.25 141.2 141.3 -0.00138364806
141.35 141.3 141.4 -0.001629733117
141.45 141.4 141.5 -1.851329412e-05
141.55 141.5 141.6 -0.002763592545
141.65 141.6 141.7 0.0004831370422
141.75 141.7 141.8 0.0001754439779
141.85 141.8 141.9 -0.001178276164
141.95 141.9 142 -0.001038053824
142.05 142 142.1 -0.002012117298
142.15 142.1 142.2 0.0004402505715
142.25 142.2 142.3 -3.99239602e-05
142.35 142.3 142.4 -0.0004067951051
142.45 142.4 142.5 -0.0005342406425
142.55 142.5 142.6 -0.001800694523
142.65 142.6 142.7 0.000136017886
142.75 142.7 142.8 -0.0003644955944
142.85 142.8 142.9 -0.002151834513
142.95 142.9 143 -0.001140085998
143.05 143 143.1 -0.00281790517
143.15 143.1 143.2 -0.002866763056
143.25 143.2 143.3 -0.001068259065
143.35 143.3 143.4 -0.002589621916
143.45 143.4 143.5 -0.0007290248815
143.55 143.5 143.6 -0.001664738519
143.65 143.6 143.7 -0.0003301673187
143.75 143.7 143.8 -0.002045337194
143.85 143.8 143.9 0.0004749101629
143.95 143.9 144 -0.002327695245
144.05 144 144.1 -0.001620050703
144.15 144.1 144.2 -0.001793269961
144.25 144.2 144.3 -0.0009952620971
144.35 144.3 144.4 -0.003037242097
144.45 144.4 144.5 -0.001648518245
144.55 144.5 144.6 -0.001055308605
144.65 144.6 144.7 0.0002494202255
144.75 144.7 144.8 -0.0007521725167
144.85 144.8 144.9 -0.002726022109
144.95 144.9 145 -0.001630189795
145.05 145 145.1 -0.001466221347
145.15 145.1 145.2 -0.003410137251
145.25 145.2 145.3 -0.0005783501525
145.35 145.3 145.4 -0.001774617281
145.45 145.4 145.5 -0.00175433689
145.55 145.5 145.6 -0.0006714908196
145.65 145.6 145.7 -0.001007720328
145.75 145.7 145.8 -0.002432356308
145.85 145.8 145.9 -0.001816080259
145.95 145.9 146 -0.001919697023
146.05 146 146.1 -0.001439666789
146.15 146.1 146.2 -0.002576337577
146.25 146.2 146.3 -0.002253368347
146.35 146.3 146.4 -0.00224643522
146.45 146.4 146.5 -0.002177163259
146.55 146.5 146.6 -0.001961999258
146.65 146.6 146.7 -0.0007734454148
146.75 146.7 146.8 -0.003049402021
146.85 146.8 146.9 -0.001613715938
146.95 146.9 147 -0.001722260194
147.05 147 147.1 -0.001310379686
147.15 147.1 147.2 -0.002206721648
147.25 147.2 147.3 -0.002642277026
147.35 147.3 147.4 -0.001439803205
147.45 147.4 147.5 -0.0005469872745
147.55 147.5 147.6 8.063016949e-05
147.65 147.6 147.7 -0.001036784838
147.75 147.7 147.8 -0.002487409433
147.85 147.8 147.9 -0.002646894907
147.95 147.9 148 -0.002131433394
148.05 148 148.1 -0.001081655995
148.15 148.1 148.2 -0.002292901647
148.25 148.2 148.3 -0.0004821346637
148.35 148.3 148.4 -0.002850849746
148.45 148.4 148.5 -0.001118105725
148.55 148.5 148.6 -0.00106551487
148.65 148.6 148.7 -0.00225331578
148.75 148.7 148.8 -0.0004922926293
148.85 148.8 148.9 -0.001695239514
148.95 148.9 149 -0.0008490427346
149.05 149 149.1 -0.000512045645
149.15 149.1 149.2 -0.002715783076
149.25 149.2 149.3 -0.00398331034
149.35 149.3 149.4 -0.002163677075
149.45 149.4 149.5 -0.001754269714
149.55 149.5 149.6 -0.001988170416
149.65 149.6 149.7 -0.002941522101
149.75 149.7 149.8 -0.001111024944
149.85 149.8 149.9 -0.002026731507
149.95 149.9 150 -0.001265483444
150.05 150 150.1 -0.0005717175562
150.15 150.1 150.2 -0.0001908355459
150.25 150.2 150.3 -0.003241288494
150.35 150.3 150.4 -0.002704556428
150.45 150.4 150.5 -0.00276111559
150.55 150.5 150.6 -0.0008231181549
150.65 150.6 150.7 -0.002552113039
150.75 150.7 150.8 -0.001236262862
150.85 150.8 150.9 -0.001599867832
150.95 150.9 151 -0.001619123756
151.05 151 151.1 -0.0006220757051
151.15 151.1 151.2 -0.002400506508
151.25 151.2 151.3 -0.003002036948
151.35 151.3 151.4 -0.00395575633
151.45 151.4 151.5 -0.002748805341
151.55 151.5 151.6 -0.002553465232
151.65 151.6 151.7 -0.001722761033
151.75 151.7 151.8 -0.001504177595
151.85 151.8 151.9 -0.001380972149
151.95 151.9 152 0.0002299043506
152.05 152 152.1 -0.0002730902267
152.15 152.1 152.2 -0.0009408010658
152.25 152.2 152.3 0.0005351977732
152.35 152.3 152.4 -0.002452192412
152.45 152.4 152.5 -0.002035270376
152.55 152.5 152.6 -0.0008877077873
152.65 152.6 152.7 -0.001413071496
152.75 152.7 152.8 -0.0008455307733
152.85 152.8 152.9 -0.0009826186201
152.95 152.9 153 -0.0009063127407
153.05 153 153.1 -0.001070904594
153.15 153.1 153.2 -0.002124115346
153.25 153.2 153.3 -0.002813891489
153.35 153.3 153.4 -0.001493414055
153.45 153.4 153.5 -0.0001048420546
153.55 153.5 153.6 -0.001447087737
153.65 153.6 153.7 -0.0009158763814
153.75 153.7 153.8 -0.001823095782
153.85 153.8 153.9 -0.002692998442
153.95 153.9 154 -0.001299687017
154.05 154 154.1 -0.001427851793
154.15 154.1 154.2 -0.001655629872
154.25 154.2 154.3 -0.002640145581
154.35 154.3 154.4 0.0003582335435
154.45 154.4 154.5 -0.002108118728
154.55 154.5 154.6 -0.002105729552
154.65 154.6 154.7 -0.001491990291
154.75 154.7 154.8 -0.002158014574
154.85 154.8 154.9 -0.001252907867
154.95 154.9 155 -0.0003083640406
155.05 155 155.1 -0.002178601502
155.15 155.1 155.2 -0.002075354224
155.25 155.2 155.3 -0.002910083892
155.35 155.3 155.4 -0.002088269105
155.45 155.4 155.5 -0.001758733285
155.55 155.5 155.6 -0.0002822717871
155.65 155.6 155.7 -0.002777378983
155.75 155.7 155.8 -0.0001655435173
155.85 155.8 155.9 -0.0005382443282
155.95 155.9 156 -0.001458755962
156.05 156 156.1 -0.001050538162
156.15 156.1 156.2 0.0005758265655
156.25 156.2 156.3 -0.001622064566
156.35 156.3 156.4 -0.001117356439
156.45 156.4 156.5 -0.002104312543
156.55 156.5 156.6 -0.002036127489
156.65 156.6 156.7 -0.003285628644
156.75 156.7 156.8 -0.002999333687
156.85 156.8 156.9 -0.001656553992
156.95 156.9 157 -0.001901643019
157.05 157 157.1 -0.002128420952
157.15 157.1 157.2 -0.0007450773477
157.25 157.2 157.3 -0.0004415761147
157.35 157.3 157.4 -0.0008595907062
157.45 157.4 157.5 -0.0004736764826
157.55 157.5 157.6 -0.0007002978584
157.65 157.6 157.7 -0.002148173859
157.75 157.7 157.8 -0.0001926877054
157.85 157.8 157.9 -0.002335974988
157.95 157.9 158 -0.001179327842
158.05 158 158.1 -0.001999949928
158.15 158.1 158.2 -0.001674542938
158.25 158.2 158.3 -0.003033778074
158.35 158.3 158.4 -0.00137100803
158.45 158.4 158.5 -0.002354703563
158.55 158.5 158.6 -0.003335644627
158.65 158.6 158.7 -0.001378045851
158.75 158.7 158.8 -0.003429969308
158.85 158.8 158.9 -0.001710266731
158.95 158.9 159 -0.001251152078
159.05 159 159.1 -0.003668843479
159.15 159.1 159.2 -0.004033464816
159.25 159.2 159.3 -0.001533332142
159.35 159.3 159.4 -0.001365979963
159.45 159.4 159.5 -0.001704887262
159.55 159.5 159.6 -0.002341012788
159.65 159.6 159.7 -0.002265516994
159.75 159.7 159.8 -0.002626383267
159.85 159.8 159.9 -0.001885977091
159.95 159.9 160 -0.001699244348
160.05 160 160.1 -0.001629983044
160.15 160.1 160.2 -0.002409187431
160.25 160.2 160.3 -0.001956977843
160.35 160.3 160.4 -0.003087643443
160.45 160.4 160.5 -0.001191998276
160.55 160.5 160.6 -0.002565440392
160.65 160.6 160.7 -0.001861321702
160.75 160.7 160.8 -0.002276522301
160.85 160.8 160.9 -0.001231412058
160.95 160.9 161 -0.00160095944
161.05 161 161.1 -0.001756584346
161.15 161.1 161.2 -0.001813557417
161.25 161.2 161.3 -0.001474911286
161.35 161.3 161.4 -0.001300827112
161.45 161.4 161.5 -0.001474451455
161.55 161.5 161.6 -0.00207731391
161.65 161.6 161.7 -0.001911341348
161.75 161.7 161.8 -0.002188455815
161.85 161.8 161.9 0.0003977817551
161.95 161.9 162 -0.002305151381
162.05 162 162.1 -0.0006107680575
162.15 162.1 162.2 -0.00106470978
162.25 162.2 162.3 -0.00265312291
162.35 162.3 162.4 -0.001134919294
162.45 162.4 162.5 -0.001172728406
162.55 162.5 162.6 -0.002692549453
162.65 162.6 162.7 -0.002997094797
162.75 162.7 162.8 -0.00143450088
162.85 162.8 162.9 -0.001351629356
162.95 162.9 163 -0.002990986293
163.05 163 163.1 -0.0006912126111
163.15 163.1 163.2 -0.00141400248
163.25 163.2 163.3 -0.0009752305516
163.35 163.3 163.4 -0.001402305815
163.45 163.4 163.5 -0.001274184855
163.55 163.5 163.6 -0.001570660479
163.65 163.6 163.7 -0.003025752884
163.75 163.7 163.8 -0.001273512763
163.85 163.8 163.9 -0.002361403174
163.95 163.9 164 -0.002907617449
164.05 164 164.1 -0.001124716252
164.15 164.1 164.2 -0.002489830349
164.25 164.2 164.3 -0.001505215261
164.35 164.3 164.4 -0.003570162181
164.45 164.4 164.5 -0.0007854267536
164.55 164.5 164.6 -0.0009813962645
164.65 164.6 164.7 -0.001992408381
164.75 164.7 164.8 -0.004586621311
164.85 164.8 164.9 -0.001194155284
164.95 164.9 165 -0.001315770706
165.05 165 165.1 -0.002112444342
165.15 165.1 165.2 -0.002719028483
165.25 165.2 165.3 -0.002279885351
165.35 165.3 165.4 -0.001688630514
165.45 165.4 165.5 -0.001524189853
165.55 165.5 165.6 -0.002809501087
165.65 165.6 165.7 -0.002050871532
165.75 165.7 165.8 -0.001938254776
165.85 165.8 165.9 -0.001351890992
165.95 165.9 166 -0.001902439059
166.05 166 166.1 -0.004111700106
166.15 166.1 166.2 -0.002733548107
166.25 166.2 166.3 -0.001184631136
166.35 166.3 166.4 -0.001262250965
166.45 166.4 166.5 -0.00050006557
166.55 166.5 166.6 -0.003387577688
166.65 166.6 166.7 -0.001593828227
166.75 166.7 166.8 -0.0009246295292
166.85 166.8 166.9 -0.002341286617
166.95 166.9 167 -0.002022347755
167.05 167 167.1 -0.002417280483
167.15 167.1 167.2 -0.001901544581
167.25 167.2 167.3 -0.002924319319
167.35 167.3 167.4 -0.0003187770399
167.45 167.4 167.5 -0.00219211455
167.55 167.5 167.6 -0.001160421037
167.65 167.6 167.7 -0.002557131436
167.75 167.7 167.8 -0.002258293293
167.85 167.8 167.9 -0.002468034791
167.95 167.9 168 -0.001748145487
168.05 168 168.1 -0.0009680004369
168.15 168.1 168.2 -0.001956724055
168.25 168.2 168.3 -0.001001712275
168.35 168.3 168.4 -0.002181684702
168.45 168.4 168.5 -0.001979095913
168.55 168.5 168.6 -0.003477626513
168.65 168.6 168.7 -0.001276471151
168.75 168.7 168.8 -0.002414994173
168.85 168.8 168.9 -0.003102932168
168.95 168.9 169 -0.001198067198
169.05 169 169.1 -0.001817500346
169.15 169.1 169.2 -0.002125996007
169.25 169.2 169.3 -0.003179835386
169.35 169.3 169.4 -0.002848534925
169.45 169.4 169.5 -0.001561634526
169.55 169.5 169.6 -0.001489562902
169.65 169.6 169.7 -0.001928052466
169.75 169.7 169.8 -0.002340074421
169.85 169.8 169.9 -0.002859378771
169.95 169.9 170 -0.002460006188
170.05 170 170.1 -0.002015394102
170.15 170.1 170.2 -0.003018302087
170.25 170.2 170.3 -0.0007294313732
170.35 170.3 170.4 -0.001311311908
170.45 170.4 170.5 -0.002023059721
170.55 170.5 170.6 -0.002010890242
170.65 170.6 170.7 -0.001065039304
170.75 170.7 170.8 -0.0003829622702
170.85 170.8 170.9 -0.001816320425
170.95 170.9 171 -0.002115551259
171.05 171 171.1 -0.001011768646
171.15 171.1 171.2 -0.002596406908
171.25 171.2 171.3 -0.002296174823
171.35 171.3 171.4 -0.003253308519
171.45 171.4 171.5 -0.001602923468
171.55 171.5 171.6 -0.002409578829
171.65 171.6 171.7 -0.001087094896
171.75 171.7 171.8 -0.0009623907769
171.85 171.8 171.9 -0.001838289636
171.95 171.9 172 -0.00243045561
172.05 172 172.1 -0.001819878439
172.15 172.1 172.2 -0.001439929004
172.25 172.2 172.3 -0.002469319314
172.35 172.3 172.4 -0.004404703521
172.45 172.4 172.5 -0.001042456419
172.55 172.5 172.6 -0.00144781086
172.65 172.6 172.7 -0.001753112186
172.75 172.7 172.8 -0.001815211187
172.85 172.8 172.9 -0.001172567657
172.95 172.9 173 -0.001652661906
173.05 173 173.1 -0.00167860834
173.15 173.1 173.2 -0.001240568303
173.25 173.2 173.3 -0.002121365656
173.35 173.3 173.4 -0.002232656161
173.45 173.4 173.5 -0.001859639447
173.55 173.5 173.6 -0.001657454837
173.65 173.6 173.7 -0.003999276471
173.75 173.7 173.8 -0.001339750053
173.85 173.8 173.9 -0.002639114098
173.95 173.9 174 -0.003009024517
174.05 174 174.1 -0.0008806510607
174.15 174.1 174.2 -0.001532312208
174.25 174.2 174.3 -0.001415193352
174.35 174.3 174.4 -0.002767531366
174.45 174.4 174.5 -0.002149111827
174.55 174.5 174.6 -0.001545301782
174.65 174.6 174.7 -0.001103576887
174.75 174.7 174.8 -0.001466701912
174.85 174.8 174.9 -0.002214872558
174.95 174.9 175 -0.001631865519
175.05 175 175.1 -0.002340483435
175.15 175.1 175.2 -0.001561922111
175.25 175.2 175.3 -0.00309412371
175.35 175.3 175.4 -0.001723189583
175.45 175.4 175.5 -0.001624345644
175.55 175.5 175.6 -0.001892855378
175.65 175.6 175.7 -0.001037075382
175.75 175.7 175.8 -0.002173143355
175.85 175.8 175.9 -0.002291629897
175.95 175.9 176 -0.001009937083
176.05 176 176.1 -0.002002895119
176.15 176.1 176.2 -0.002018676971
176.25 176.2 176.3 -0.002082833853
176.35 176.3 176.4 -0.002419093037
176.45 176.4 176.5 -0.001841469831
176.55 176.5 176.6 -0.002349764525
176.65 176.6 176.7 -0.000879388787
176.75 176.7 176.8 -0.002654049714
176.85 176.8 176.9 -0.00211540405
176.95 176.9 177 -0.001228965719
177.05 177 177.1 -0.003172095896
177.15 177.1 177.2 -0.002787430393
177.25 177.2 177.3 -0.001861715815
177.35 177.3 177.4 -0.0008770449366
177.45 177.4 177.5 -0.0002593862771
177.55 177.5 177.6 -0.001625079716
177.65 177.6 177.7 -0.0003944836179
177.75 177.7 177.8 -0.002803941051
177.85 177.8 177.9 -0.001218035924
177.95 177.9 178 -0.0009334677026
178.05 178 178.1 -0.0009157132542
178.15 178.1 178.2 -0.0005385144216
178.25 178.2 178.3 -0.001426498513
178.35 178.3 178.4 -0.001761269799
178.45 178.4 178.5 -0.002679322554
178.55 178.5 178.6 -0.0009890581505
178.65 178.6 178.7 -0.0006673152393
178.75 178.7 178.8 -0.00220226876
178.85 178.8 178.9 -0.001607888837
178.95 178.9 179 -0.005261848861
179.05 179 179.1 -0.001496113055
179.15 179.1 179.2 -0.0009525995632
179.25 179.2 179.3 -0.001080634723
179.35 179.3 179.4 -0.002280687897
179.45 179.4 179.5 -0.001574095533
179.55 179.5 179.6 -0.001951965527
179.65 179.6 179.7 -0.002600174225
179.75 179.7 179.8 -0.001612005592
179.85 179.8 179.9 -0.002418836419
179.95 179.9 180 -0.002625833448
180.05 180 180.1 -0.002534262039
180.15 180.1 180.2 -0.001685138525
180.25 180.2 180.3 -0.0005043207542
180.35 180.3 180.4 -0.002371250555
180.45 180.4 180.5 -0.001184230213
180.55 180.5 180.6 -0.001967715051
180.65 180.6 180.7 -0.001296235959
180.75 180.7 180.8 -0.002379010887
180.85 180.8 180.9 -0.002584730621
180.95 180.9 181 -0.001822565589
181.05 181 181.1 -0.001636998947
181.15 181.1 181.2 -0.002799469871
181.25 181.2 181.3 9.334308304e-05
181.35 181.3 181.4 -0.001430551274
181.45 181.4 181.5 -0.0006072672968
181.55 181.5 181.6 -0.001387909826
181.65 181.6 181.7 -0.001973685205
181.75 181.7 181.8 -0.001491017547
181.85 181.8 181.9 -0.002924885076
181.95 181.9 182 -0.001007410209
182.05 182 182.1 -0.002033221802
182.15 182.1 182.2 -0.001090752563
182.25 182.2 182.3 -0.001756225817
182.35 182.3 182.4 -0.001983435793
182.45 182.4 182.5 -0.002819984779
182.55 182.5 182.6 -0.0006372191777
182.65 182.6 182.7 -0.003115335744
182.75 182.7 182.8 -0.0004986986303
182.85 182.8 182.9 -0.002927633944
182.95 182.9 183 -0.001494184784
183.05 183 183.1 -0.001842508016
183.15 183.1 183.2 -0.001677298885
183.25 183.2 183.3 -0.0009530444117
183.35 183.3 183.4 0.0004708294529
183.45 183.4 183.5 -0.002723748265
183.55 183.5 183.6 -0.001919717931
183.65 183.6 183.7 -0.002179645023
183.75 183.7 183.8 -0.001191737275
183.85 183.8 183.9 -0.0008680805239
183.95 183.9 184 -0.001158653109
184.05 184 184.1 -0.001286111353
184.15 184.1 184.2 -0.001192443882
184.25 184.2 184.3 -0.002569595909
184.35 184.3 184.4 -0.002435391249
184.45 184.4 184.5 -0.002203241022
184.55 184.5 184.6 -0.002254367121
184.65 184.6 184.7 -0.002396719723
184.75 184.7 184.8 -0.00288571406
184.85 184.8 184.9 -0.0009747978016
184.95 184.9 185 -0.0002899841572
185.05 185 185.1 -0.001634590086
185.15 185.1 185.2 -0.001891769811
185.25 185.2 185.3 -0.001293040022
185.35 185.3 185.4 -0.002568815991
185.45 185.4 185.5 -0.0009685093761
185.55 185.5 185.6 -0.001895876836
185.65 185.6 185.7 -0.0008859762955
185.75 185.7 185.8 -0.002004349287
185.85 185.8 185.9 -0.002745277445
185.95 185.9 186 -0.0008658664643
186.05 186 186.1 -0.00348564477
186.15 186.1 186.2 -0.003728280213
186.25 186.2 186.3 -0.0005688242269
186.35 186.3 186.4 -0.001240283176
186.45 186.4 186.5 -0.002121668209
186.55 186.5 186.6 -0.00134818792
186.65 186.6 186.7 -0.002143148513
186.75 186.7 186.8 -0.003203307955
186.85 186.8 186.9 -0.00250008104
186.95 186.9 187 -0.001666801674
187.05 187 187.1 -0.0005651251893
187.15 187.1 187.2 -0.00174616232
187.25 187.2 187.3 -0.002404222111
187.35 187.3 187.4 -0.002336487147
187.45 187.4 187.5 -0.003286693049
187.55 187.5 187.6 -0.002440992501
187.65 187.6 187.7 -0.002488941584
187.75 187.7 187.8 -0.002441024753
187.85 187.8 187.9 -0.0008062812933
187.95 187.9 188 -0.0008208605383
188.05 188 188.1 -0.001056323273
188.15 188.1 188.2 -0.0008682394216
188.25 188.2 188.3 -0.00285543327
188.35 188.3 188.4 -0.0005513976661
188.45 188.4 188.5 -0.002625379445
188.55 188.5 188.6 -0.001848385526
188.65 188.6 188.7 -0.001618012801
188.75 188.7 188.8 -0.002166477345
188.85 188.8 188.9 -0.001680774101
188.95 188.9 189 -0.002504126317
189.05 189 189.1 -0.001184581896
189.15 189.1 189.2 -0.003087506734
189.25 189.2 189.3 -0.002844194522
189.35 189.3 189.4 -0.0001955450621
189.45 189.4 189.5 -0.002449132652
189.55 189.5 189.6 -0.00289703303
189.65 189.6 189.7 -0.002220088602
189.75 189.7 189.8 -0.001726294806
189.85 189.8 189.9 -0.000914856086
189.95 189.9 190 -0.001378103603
190.05 190 190.1 -0.002274163722
190.15 190.1 190.2 -0.0009632053374
190.25 190.2 190.3 -0.001918606247
190.35 190.3 190.4 -0.0008602407904
190.45 190.4 190.5 -0.001531371555
190.55 190.5 190.6 -0.0005844833194
190.65 190.6 190.7 -0.00117981665
190.75 190.7 190.8 -0.002445558263
190.85 190.8 190.9 -0.001811616064
190.95 190.9 191 -0.0001608040076
191.05 191 191.1 -0.0004351585682
191.15 191.1 191.2 -0.0007950620515
191.25 191.2 191.3 -0.00161206029
191.35 191.3 191.4 -0.0014758439
191.45 191.4 191.5 -0.001262599561
191.55 191.5 191.6 -0.002325502508
191.65 191.6 191.7 -0.0008087092186
191.75 191.7 191.8 -0.0009930533462
191.85 191.8 191.9 -0.001183857354
191.95 191.9 192 -0.001211757704
192.05 192 192.1 -0.0004355525716
192.15 192.1 192.2 -0.001924405858
192.25 192.2 192.3 -0.0006735387102
192.35 192.3 192.4 -0.001767903523
192.45 192.4 192.5 -0.001238124958
192.55 192.5 192.6 -0.0008251558565
192.65 192.6 192.7 -0.0004592611735
192.75 192.7 192.8 -0.002078153895
192.85 192.8 192.9 -0.001452939288
192.95 192.9 193 -0.001321879756
193.05 193 193.1 -0.001568012143
193.15 193.1 193.2 -0.0007298488054
193.25 193.2 193.3 -0.0007424941776
193.35 193.3 193.4 -0.001429386027
193.45 193.4 193.5 -0.001360782346
193.55 193.5 193.6 -0.0008112174319
193.65 193.6 193.7 -0.001500047756
193.75 193.7 193.8 -0.001567673325
193.85 193.8 193.9 -0.001398823449
193.95 193.9 194 -0.00202582373
194.05 194 194.1 -0.001916739448
194.15 194.1 194.2 -0.0006776381152
194.25 194.2 194.3 -0.0006009745943
194.35 194.3 194.4 -0.00112945275
194.45 194.4 194.5 -0.001853818334
194.55 194.5 194.6 -0.002100774002
194.65 194.6 194.7 -0.0006366894407
194.75 194.7 194.8 -0.0002887681944
194.85 194.8 194.9 8.578845195e-05
194.95 194.9 195 -0.001813933804
195.05 195 195.1 -0.0006006215201
195.15 195.1 195.2 -0.0006752183244
195.25 195.2 195.3 -0.001680908124
195.35 195.3 195.4 -0.0004446403032
195.45 195.4 195.5 -0.00109968192
195.55 195.5 195.6 -0.001024427157
195.65 195.6 195.7 -0.0009149446416
195.75 195.7 195.8 -0.001632291316
195.85 195.8 195.9 -0.003133800648
195.95 195.9 196 -0.002136159278
196.05 196 196.1 -0.0008045436121
196.15 196.1 196.2 -0.002520783751
196.25 196.2 196.3 -0.0006110155937
196.35 196.3 196.4 -0.001450677939
196.45 196.4 196.5 0.0002395299272
196.55 196.5 196.6 -0.001483622164
196.65 196.6 196.7 -0.001488803672
196.75 196.7 196.8 0.0005609264287
196.85 196.8 196.9 -0.000226507908
196.95 196.9 197 -0.0005637128623
197.05 197 197.1 -0.000585262632
197.15 197.1 197.2 -0.001184799482
197.25 197.2 197.3 9.07158952e-05
197.35 197.3 197.4 -0.001851883947
197.45 197.4 197.5 -0.001655075743
197.55 197.5 197.6 -0.001414887391
197.65 197.6 197.7 -0.002161455293
197.75 197.7 197.8 -0.001291289602
197.85 197.8 197.9 -0.000116023452
197.95 197.9 198 -0.001092015719
198.05 198 198.1 -0.001859256019
198.15 198.1 198.2 -0.001495580455
198.25 198.2 198.3 -0.0008515548391
198.35 198.3 198.4 -0.0007446098812
198.45 198.4 198.5 -4.721631063e-05
198.55 198.5 198.6 -0.00141859477
198.65 198.6 198.7 -0.0005150225142
198.75 198.7 198.8 -2.071822292e-05
198.85 198.8 198.9 -0.001437032677
198.95 198.9 199 -0.002407087989
199.05 199 199.1 -0.0008518149151
199.15 199.1 199.2 -0.002111337773
199.25 199.2 199.3 -0.0001454547943
199.35 199.3 199.4 -0.001389439417
199.45 199.4 199.5 -0.0005215136248
199.55 199.5 199.6 -0.002082717007
199.65 199.6 199.7 -0.001161672324
199.75 199.7 199.8 -0.00106687013
199.85 199.8 199.9 -0.001037734118
199.95 199.9 200 -0.0004100155862
