# Columns: s_cen(1) s_min(2) s_max(3) xi_iso(4)
0.05 0 0.1 55.26791654
0.15 0.1 0.2 19.33971994
0.25 0.2 0.3 15.95332414
0.35 0.3 0.4 16.24836286
0.45 0.4 0.5 22.39371136
0.55 0.5 0.6 21.65802418
0.65 0.6 0.7 22.58287611
0.75 0.7 0.8 22.21372692
0.85 0.8 0.9 20.86104942
0.95 0.9 1 21.2422974
1.05 1 1.1 19.74369041
1.15 1.1 1.2 19.01932005
1.25 1.2 1.3 18.646131
1.35 1.3 1.4 17.48565069
1.45 1.4 1.5 16.53372798
1.55 1.5 1.6 15.82511072
1.65 1.6 1.7 15.09054253
1.75 1.7 1.8 13.80759275
1.85 1.8 1.9 12.92015612
1.95 1.9 2 12.6106378
2.05 2 2.1 11.74594458
2.15 2.1 2.2 11.11292201
2.25 2.2 2.3 10.15086557
2.35 2.3 2.4 9.953139384
2.45 2.4 2.5 9.224518514
2.55 2.5 2.6 8.660740867
2.65 2.6 2.7 8.145896408
2.75 2.7 2.8 7.782642956
2.85 2.8 2.9 7.425190332
2.95 2.9 3 7.036849058
3.05 3 3.1 6.619639683
3.15 3.1 3.2 6.153353982
3.25 3.2 3.3 6.077733384
3.35 3.3 3.4 5.838231486
3.45 3.4 3.5 5.596540706
3.55 3.5 3.6 5.338994754
3.65 3.6 3.7 5.141730057
3.75 3.7 3.8 4.996406526
3.85 3.8 3.9 4.856787529
3.95 3.9 4 4.588388709
4.05 4 4.1 4.481961872
4.15 4.1 4.2 4.195673816
4.25 4.2 4.3 4.255810812
4.35 4.3 4.4 3.956779029
4.45 4.4 4.5 4.007006729
4.55 4.5 4.6 3.832077524
4.65 4.6 4.7 3.698919378
4.75 4.7 4.8 3.642296987
4.85 4.8 4.9 3.513652425
4.95 4.9 5 3.28638836
5.05 5 5.1 3.399092215
5.15 5.1 5.2 3.258598615
5.25 5.2 5.3 3.12531022
5.35 5.3 5.4 3.019877856
5.45 5.4 5.5 2.91765559
5.55 5.5 5.6 2.871727887
5.65 5.6 5.7 2.769578144
5.75 5.7 5.8 2.778076667
5.85 5.8 5.9 2.676644312
5.95 5.9 6 2.597208604
6.05 6 6.1 2.578360065
6.15 6.1 6.2 2.494971542
6.25 6.2 6.3 2.356908987
6.35 6.3 6.4 2.344328006
6.45 6.4 6.5 2.261086149
6.55 6.5 6.6 2.208574835
6.65 6.6 6.7 2.235896356
6.75 6.7 6.8 2.097176629
6.85 6.8 6.9 2.059868772
6.95 6.9 7 1.98247471
7.05 7 7.1 1.952549824
7.15 7.1 7.2 1.92784316
7.25 7.2 7.3 1.864040509
7.35 7.3 7.4 1.869403928
7.45 7.4 7.5 1.810790219
7.55 7.5 7.6 1.743195325
7.65 7.6 7.7 1.742511303
7.75 7.7 7.8 1.68439112
7.85 7.8 7.9 1.672076533
7.95 7.9 8 1.615749425
8.05 8 8.1 1.590846604
8.15 8.1 8.2 1.539346843
8.25 8.2 8.3 1.543349169
8.35 8.3 8.4 1.480777657
8.45 8.4 8.5 1.47156325
8.55 8.5 8.6 1.415860755
8.65 8.6 8.7 1.403251751
8.75 8.7 8.8 1.391941085
8.85 8.8 8.9 1.374630613
8.95 8.9 9 1.315752089
9.05 9 9.1 1.27810597
9.15 9.1 9.2 1.260040388
9.25 9.2 9.3 1.205156856
9.35 9.3 9.4 1.213396056
9.45 9.4 9.5 1.210111655
9.55 9.5 9.6 1.162191575
9.65 9.6 9.7 1.150311354
9.75 9.7 9.8 1.158424202
9.85 9.8 9.9 1.113473122
9.95 9.9 10 1.117639888
10.05 10 10.1 1.045368581
10.15 10.1 10.2 1.073162832
10.25 10.2 10.3 1.029163582
10.35 10.3 10.4 1.038349374
10.45 10.4 10.5 0.9872234217
10.55 10.5 10.6 1.017715796
10.65 10.6 10.7 0.9549463147
10.75 10.7 10.8 0.9387284701
10.85 10.8 10.9 0.9506043235
10.95 10.9 11 0.8765027293
11.05 11 11.1 0.898753126
11.15 11.1 11.2 0.8980853393
11.25 11.2 11.3 0.8731078871
11.35 11.3 11.4 0.8755276011
11.45 11.4 11.5 0.8560364533
11.55 11.5 11.6 0.8476552502
11.65 11.6 11.7 0.8161541556
11.75 11.7 11.8 0.78496791
11.85 11.8 11.9 0.8087209576
11.95 11.9 12 0.7834304703
12.05 12 12.1 0.7902377428
12.15 12.1 12.2 0.7505245512
12.25 12.2 12.3 0.7701644235
12.35 12.3 12.4 0.7375915205
12.45 12.4 12.5 0.7274026319
12.55 12.5 12.6 0.7255344369
12.65 12.6 12.7 0.7181789165
12.75 12.7 12.8 0.6914987957
12.85 12.8 12.9 0.7024298549
12.95 12.9 13 0.7003494146
13.05 13 13.1 0.6787539805
13.15 13.1 13.2 0.6848095886
13.25 13.2 13.3 0.6356613841
13.35 13.3 13.4 0.6371642962
13.45 13.4 13.5 0.6392246614
13.55 13.5 13.6 0.6301350851
13.65 13.6 13.7 0.617860518
13.75 13.7 13.8 0.6037557412
13.85 13.8 13.9 0.5986310561
13.95 13.9 14 0.5834619159
14.05 14 14.1 0.5657080981
14.15 14.1 14.2 0.5569506097
14.25 14.2 14.3 0.5554984434
14.35 14.3 14.4 0.5597799477
14.45 14.4 14.5 0.5520749042
14.55 14.5 14.6 0.5303178747
14.65 14.6 14.7 0.5415782477
14.75 14.7 14.8 0.5032156761
14.85 14.8 14.9 0.5154283961
14.95 14.9 15 0.5216579569
15.05 15 15.1 0.5170171224
15.15 15.1 15.2 0.4747304536
15.25 15.2 15.3 0.4762285959
15.35 15.3 15.4 0.4876877562
15.45 15.4 15.5 0.4939201392
15.55 15.5 15.6 0.4702318306
15.65 15.6 15.7 0.4681664193
15.75 15.7 15.8 0.4693650859
15.85 15.8 15.9 0.4414751691
15.95 15.9 16 0.4678988497
16.05 16 16.1 0.4390222317
16.15 16.1 16.2 0.4431492819
16.25 16.2 16.3 0.4376533821
16.35 16.3 16.4 0.4225599362
16.45 16.4 16.5 0.4232987176
16.55 16.5 16.6 0.4436582672
16.65 16.6 16.7 0.4200687461
16.75 16.7 16.8 0.4104011572
16.85 16.8 16.9 0.4116572328
16.95 16.9 17 0.3906472109
17.05 17 17.1 0.38762471
17.15 17.1 17.2 0.3903089587
17.25 17.2 17.3 0.393535432
17.35 17.3 17.4 0.3664046377
17.45 17.4 17.5 0.3816855429
17.55 17.5 17.6 0.3725205099
17.65 17.6 17.7 0.3762756024
17.75 17.7 17.8 0.3733289075
17.85 17.8 17.9 0.3657406298
17.95 17.9 18 0.347979391
18.05 18 18.1 0.3393443193
18.15 18.1 18.2 0.3665966393
18.25 18.2 18.3 0.3504423222
18.35 18.3 18.4 0.3486592902
18.45 18.4 18.5 0.3363432758
18.55 18.5 18.6 0.335765068
18.65 18.6 18.7 0.3231764137
18.75 18.7 18.8 0.3213726927
18.85 18.8 18.9 0.3280507651
18.95 18.9 19 0.3298694042
19.05 19 19.1 0.3205525129
19.15 19.1 19.2 0.3140580714
19.25 19.2 19.3 0.3030976549
19.35 19.3 19.4 0.2812479733
19.45 19.4 19.5 0.3030030216
19.55 19.5 19.6 0.3060937889
19.65 19.6 19.7 0.2951099359
19.75 19.7 19.8 0.28939586
19.85 19.8 19.9 0.295194584
19.95 19.9 20 0.280748993
20.05 20 20.1 0.2869552794
20.15 20.1 20.2 0.2779245958
20.25 20.2 20.3 0.2849151089
20.35 20.3 20.4 0.2721091228
20.45 20.4 20.5 0.2837651985
20.55 20.5 20.6 0.2697665807
20.65 20.6 20.7 0.2635966372
20.75 20.7 20.8 0.2521684724
20.85 20.8 20.9 0.2668771789
20.95 20.9 21 0.2674432137
21.05 21 21.1 0.2595741554
21.15 21.1 21.2 0.2607701415
21.25 21.2 21.3 0.254494118
21.35 21.3 21.4 0.2481745211
21.45 21.4 21.5 0.2572931819
21.55 21.5 21.6 0.2391409548
21.65 21.6 21.7 0.2499641589
21.75 21.7 21.8 0.2303881066
21.85 21.8 21.9 0.2322519231
21.95 21.9 22 0.2376251045
22.05 22 22.1 0.237392342
22.15 22.1 22.2 0.2535506231
22.25 22.2 22.3 0.2233106825
22.35 22.3 22.4 0.2207740199
22.45 22.4 22.5 0.2240108299
22.55 22.5 22.6 0.2382957364
22.65 22.6 22.7 0.2168964885
22.75 22.7 22.8 0.2262557712
22.85 22.8 22.9 0.2155194558
22.95 22.9 23 0.2149212169
23.05 23 23.1 0.2115123986
23.15 23.1 23.2 0.2092609007
23.25 23.2 23.3 0.1966319406
23.35 23.3 23.4 0.2018485221
23.45 23.4 23.5 0.2181482298
23.55 23.5 23.6 0.2068510853
23.65 23.6 23.7 0.2008797238
23.75 23.7 23.8 0.1920045379
23.85 23.8 23.9 0.198324596
23.95 23.9 24 0.1886422383
24.05 24 24.1 0.1929268582
24.15 24.1 24.2 0.1922253015
24.25 24.2 24.3 0.1954562924
24.35 24.3 24.4 0.1897701605
24.45 24.4 24.5 0.1749657443
24.55 24.5 24.6 0.1876920658
24.65 24.6 24.7 0.1827567573
24.75 24.7 24.8 0.1798572539
24.85 24.8 24.9 0.1847430752
24.95 24.9 25 0.1720566988
25.05 25 25.1 0.1743485874
25.15 25.1 25.2 0.1677810525
25.25 25.2 25.3 0.1755195455
25.35 25.3 25.4 0.1711930851
25.45 25.4 25.5 0.1656926273
25.55 25.5 25.6 0.1683149726
25.65 25.6 25.7 0.1764313353
25.75 25.7 25.8 0.1764083831
25.85 25.8 25.9 0.1682479402
25.95 25.9 26 0.1688372672
26.05 26 26.1 0.1654220274
26.15 26.1 26.2 0.1561828078
26.25 26.2 26.3 0.1630327577
26.35 26.3 26.4 0.1657242538
26.45 26.4 26.5 0.1574765578
26.55 26.5 26.6 0.1479284085
26.65 26.6 26.7 0.1644712742
26.75 26.7 26.8 0.1477262682
26.85 26.8 26.9 0.160244849
26.95 26.9 27 0.1550073318
27.05 27 27.1 0.1418847929
27.15 27.1 27.2 0.1507686554
27.25 27.2 27.3 0.1533565482
27.35 27.3 27.4 0.1385170324
27.45 27.4 27.5 0.1470157702
27.55 27.5 27.6 0.1427306564
27.65 27.6 27.7 0.1418364703
27.75 27.7 27.8 0.1376399482
27.85 27.8 27.9 0.1496688026
27.95 27.9 28 0.137590705
28.05 28 28.1 0.1356404788
28.15 28.1 28.2 0.1356877254
28.25 28.2 28.3 0.1308965498
28.35 28.3 28.4 0.1284198865
28.45 28.4 28.5 0.1314458573
28.55 28.5 28.6 0.1262226818
28.65 28.6 28.7 0.1214372552
28.75 28.7 28.8 0.1364638687
28.85 28.8 28.9 0.1285278856
28.95 28.9 29 0.128988787
29.05 29 29.1 0.1214396753
29.15 29.1 29.2 0.1306461623
29.25 29.2 29.3 0.1172733235
29.35 29.3 29.4 0.1266265824
29.45 29.4 29.5 0.1205619687
29.55 29.5 29.6 0.1308425329
29.65 29.6 29.7 0.120519969
29.75 29.7 29.8 0.1191173648
29.85 29.8 29.9 0.1195129459
29.95 29.9 30 0.1177960421
30.05 30 30.1 0.1218078842
30.15 30.1 30.2 0.1139923187
30.25 30.2 30.3 0.1105784147
30.35 30.3 30.4 0.1140421227
30.45 30.4 30.5 0.1140127371
30.55 30.5 30.6 0.114948388
30.65 30.6 30.7 0.1137250935
30.75 30.7 30.8 0.1011782557
30.85 30.8 30.9 0.1151396343
30.95 30.9 31 0.108575157
31.05 31 31.1 0.1082483395
31.15 31.1 31.2 0.09954963652
31.25 31.2 31.3 0.111185846
31.35 31.3 31.4 0.1054149921
31.45 31.4 31.5 0.1012156586
31.55 31.5 31.6 0.1033838824
31.65 31.6 31.7 0.102132696
31.75 31.7 31.8 0.09991947362
31.85 31.8 31.9 0.1066150207
31.95 31.9 32 0.1005795739
32.05 32 32.1 0.1016382778
32.15 32.1 32.2 0.1028278681
32.25 32.2 32.3 0.0986012172
32.35 32.3 32.4 0.1006857699
32.45 32.4 32.5 0.09551723591
32.55 32.5 32.6 0.1015507746
32.65 32.6 32.7 0.09814940084
32.75 32.7 32.8 0.09877610556
32.85 32.8 32.9 0.107418227
32.95 32.9 33 0.09401140576
33.05 33 33.1 0.0900584098
33.15 33.1 33.2 0.09212718447
33.25 33.2 33.3 0.08701663175
33.35 33.3 33.4 0.0979304121
33.45 33.4 33.5 0.08956248214
33.55 33.5 33.6 0.09328321924
33.65 33.6 33.7 0.08522898822
33.75 33.7 33.8 0.0898184201
33.85 33.8 33.9 0.08365423927
33.95 33.9 34 0.08357460612
34.05 34 34.1 0.08255569264
34.15 34.1 34.2 0.09398103746
34.25 34.2 34.3 0.08665996806
34.35 34.3 34.4 0.08501828237
34.45 34.4 34.5 0.08469127918
34.55 34.5 34.6 0.08051790608
34.65 34.6 34.7 0.08043466911
34.75 34.7 34.8 0.07864724694
34.85 34.8 34.9 0.08691096248
34.95 34.9 35 0.08197474304
35.05 35 35.1 0.07516025903
35.15 35.1 35.2 0.08302153999
35.25 35.2 35.3 0.07052162453
35.35 35.3 35.4 0.07817757655
35.45 35.4 35.5 0.07955678398
35.55 35.5 35.6 0.07787143192
35.65 35.6 35.7 0.08121047057
35.75 35.7 35.8 0.08273538259
35.85 35.8 35.9 0.07327672039
35.95 35.9 36 0.06635402424
36.05 36 36.1 0.07829332192
36.15 36.1 36.2 0.07653103694
36.25 36.2 36.3 0.07530791372
36.35 36.3 36.4 0.07572380769
36.45 36.4 36.5 0.0802531652
36.55 36.5 36.6 0.07452680319
36.65 36.6 36.7 0.08018150695
36.75 36.7 36.8 0.06853347144
36.85 36.8 36.9 0.06899069198
36.95 36.9 37 0.07322501639
37.05 37 37.1 0.06872274458
37.15 37.1 37.2 0.07052917491
37.25 37.2 37.3 0.06497481234
37.35 37.3 37.4 0.07313165361
37.45 37.4 37.5 0.07117102094
37.55 37.5 37.6 0.06589617076
37.65 37.6 37.7 0.0719066104
37.75 37.7 37.8 0.06856695699
37.85 37.8 37.9 0.06772406693
37.95 37.9 38 0.06212782477
38.05 38 38.1 0.06689289446
38.15 38.1 38.2 0.06417742255
38.25 38.2 38.3 0.06392835759
38.35 38.3 38.4 0.06534105234
38.45 38.4 38.5 0.06701930171
38.55 38.5 38.6 0.06074933932
38.65 38.6 38.7 0.06812253261
38.75 38.7 38.8 0.05756488046
38.85 38.8 38.9 0.06315355372
38.95 38.9 39 0.06344149572
39.05 39 39.1 0.06126701301
39.15 39.1 39.2 0.06360276425
39.25 39.2 39.3 0.06134391857
39.35 39.3 39.4 0.06041493605
39.45 39.4 39.5 0.06478144937
39.55 39.5 39.6 0.0595095268
39.65 39.6 39.7 0.05967936151
39.75 39.7 39.8 0.06487578904
39.85 39.8 39.9 0.05809166041
39.95 39.9 40 0.0604954479
40.05 40 40.1 0.0572873104
40.15 40.1 40.2 0.05876284998
40.25 40.2 40.3 0.05462756916
40.35 40.3 40.4 0.06029159842
40.45 40.4 40.5 0.05095459735
40.55 40.5 40.6 0.05566485272
40.65 40.6 40.7 0.05419635567
40.75 40.7 40.8 0.05991314626
40.85 40.8 40.9 0.05388210314
40.95 40.9 41 0.05444130836
41.05 41 41.1 0.05454297928
41.15 41.1 41.2 0.05582787457
41.25 41.2 41.3 0.0524933606
41.35 41.3 41.4 0.05417012873
41.45 41.4 41.5 0.05805837623
41.55 41.5 41.6 0.0509002721
41.65 41.6 41.7 0.04979766704
41.75 41.7 41.8 0.04818436085
41.85 41.8 41.9 0.05060297879
41.95 41.9 42 0.05237632446
42.05 42 42.1 0.0475182064
42.15 42.1 42.2 0.0494503032
42.25 42.2 42.3 0.05241541953
42.35 42.3 42.4 0.05900626049
42.45 42.4 42.5 0.04629731628
42.55 42.5 42.6 0.04869725793
42.65 42.6 42.7 0.0495859258
42.75 42.7 42.8 0.0448342931
42.85 42.8 42.9 0.0460529562
42.95 42.9 43 0.04656622219
43.05 43 43.1 0.04850468059
43.15 43.1 43.2 0.05466945903
43.25 43.2 43.3 0.04402973498
43.35 43.3 43.4 0.0460822244
43.45 43.4 43.5 0.0434766766
43.55 43.5 43.6 0.04353249283
43.65 43.6 43.7 0.04252017442
43.75 43.7 43.8 0.04401405817
43.85 43.8 43.9 0.03692491964
43.95 43.9 44 0.04461734586
44.05 44 44.1 0.04520007941
44.15 44.1 44.2 0.04249417206
44.25 44.2 44.3 0.04131978794
44.35 44.3 44.4 0.04174434789
44.45 44.4 44.5 0.04497955108
44.55 44.5 44.6 0.04533083143
44.65 44.6 44.7 0.03969920269
44.75 44.7 44.8 0.04703880127
44.85 44.8 44.9 0.0411076265
44.95 44.9 45 0.04458463116
45.05 45 45.1 0.04271923159
45.15 45.1 45.2 0.04295240165
45.25 45.2 45.3 0.04280171201
45.35 45.3 45.4 0.04118412569
45.45 45.4 45.5 0.04345263565
45.55 45.5 45.6 0.04026656508
45.65 45.6 45.7 0.03932886875
45.75 45.7 45.8 0.0446214417
45.85 45.8 45.9 0.04110724928
45.95 45.9 46 0.03350669077
46.05 46 46.1 0.03877464413
46.15 46.1 46.2 0.03509719214
46.25 46.2 46.3 0.03681158241
46.35 46.3 46.4 0.03618586911
46.45 46.4 46.5 0.03823277048
46.55 46.5 46.6 0.03871259989
46.65 46.6 46.7 0.0401997412
46.75 46.7 46.8 0.03131822555
46.85 46.8 46.9 0.03973800245
46.95 46.9 47 0.03464886589
47.05 47 47.1 0.03578025342
47.15 47.1 47.2 0.03958641003
47.25 47.2 47.3 0.03672536542
47.35 47.3 47.4 0.03257422778
47.45 47.4 47.5 0.03496433957
47.55 47.5 47.6 0.03690040862
47.65 47.6 47.7 0.03663346808
47.75 47.7 47.8 0.03747741892
47.85 47.8 47.9 0.0378656191
47.95 47.9 48 0.03277707525
48.05 48 48.1 0.03622648013
48.15 48.1 48.2 0.03390280429
48.25 48.2 48.3 0.03637974361
48.35 48.3 48.4 0.03085108593
48.45 48.4 48.5 0.03610156031
48.55 48.5 48.6 0.03492646951
48.65 48.6 48.7 0.03026487513
48.75 48.7 48.8 0.02851042901
48.85 48.8 48.9 0.02827527205
48.95 48.9 49 0.03551394047
49.05 49 49.1 0.03172490637
49.15 49.1 49.2 0.03343026394
49.25 49.2 49.3 0.03440681264
49.35 49.3 49.4 0.03381814298
49.45 49.4 49.5 0.03242687028
49.55 49.5 49.6 0.03099745773
49.65 49.6 49.7 0.03182115099
49.75 49.7 49.8 0.03213802022
49.85 49.8 49.9 0.03086416062
49.95 49.9 50 0.02792013317
50.05 50 50.1 0.03442314661
50.15 50.1 50.2 0.02818500686
50.25 50.2 50.3 0.02855102774
50.35 50.3 50.4 0.03277896373
50.45 50.4 50.5 0.03593985487
50.55 50.5 50.6 0.03221402716
50.65 50.6 50.7 0.02788451244
50.75 50.7 50.8 0.0289229556
50.85 50.8 50.9 0.0299925387
50.95 50.9 51 0.02980258067
51.05 51 51.1 0.02790064797
51.15 51.1 51.2 0.03119950608
51.25 51.2 51.3 0.03072937996
51.35 51.3 51.4 0.02887749606
51.45 51.4 51.5 0.03144146476
51.55 51.5 51.6 0.0281082492
51.65 51.6 51.7 0.02577515849
51.75 51.7 51.8 0.03070652012
51.85 51.8 51.9 0.02734209968
51.95 51.9 52 0.03093650882
52.05 52 52.1 0.02701524497
52.15 52.1 52.2 0.02626575674
52.25 52.2 52.3 0.02250934671
52.35 52.3 52.4 0.02591782856
52.45 52.4 52.5 0.02424413057
52.55 52.5 52.6 0.02781660555
52.65 52.6 52.7 0.02957359562
52.75 52.7 52.8 0.02397457279
52.85 52.8 52.9 0.02789381563
52.95 52.9 53 0.02748669232
53.05 53 53.1 0.02800964298
53.15 53.1 53.2 0.02731984132
53.25 53.2 53.3 0.02597445066
53.35 53.3 53.4 0.02721542423
53.45 53.4 53.5 0.02451427306
53.55 53.5 53.6 0.02357441506
53.65 53.6 53.7 0.02211271583
53.75 53.7 53.8 0.02445686677
53.85 53.8 53.9 0.01944739034
53.95 53.9 54 0.02103991131
54.05 54 54.1 0.02514341369
54.15 54.1 54.2 0.02283396573
54.25 54.2 54.3 0.0246256334
54.35 54.3 54.4 0.02451378018
54.45 54.4 54.5 0.0181958389
54.55 54.5 54.6 0.01784310508
54.65 54.6 54.7 0.02678363442
54.75 54.7 54.8 0.02557437951
54.85 54.8 54.9 0.02361982781
54.95 54.9 55 0.02358859288
55.05 55 55.1 0.02303761904
55.15 55.1 55.2 0.0258923255
55.25 55.2 55.3 0.0210066248
55.35 55.3 55.4 0.02425971278
55.45 55.4 55.5 0.02016353478
55.55 55.5 55.6 0.02308311738
55.65 55.6 55.7 0.01888918116
55.75 55.7 55.8 0.02280700733
55.85 55.8 55.9 0.02298283259
55.95 55.9 56 0.0165789178
56.05 56 56.1 0.02266911578
56.15 56.1 56.2 0.02355672261
56.25 56.2 56.3 0.02100520962
56.35 56.3 56.4 0.02299528844
56.45 56.4 56.5 0.02366931312
56.55 56.5 56.6 0.01998152753
56.65 56.6 56.7 0.02470945994
56.75 56.7 56.8 0.01911458758
56.85 56.8 56.9 0.01944444204
56.95 56.9 57 0.02235278214
57.05 57 57.1 0.01767133098
57.15 57.1 57.2 0.02125905281
57.25 57.2 57.3 0.02046095945
57.35 57.3 57.4 0.02133753459
57.45 57.4 57.5 0.01782953925
57.55 57.5 57.6 0.02260594238
57.65 57.6 57.7 0.02402404375
57.75 57.7 57.8 0.02136545376
57.85 57.8 57.9 0.01889000022
57.95 57.9 58 0.020081796
58.05 58 58.1 0.02403084552
58.15 58.1 58.2 0.01746681663
58.25 58.2 58.3 0.01823718463
58.35 58.3 58.4 0.01892395643
58.45 58.4 58.5 0.01506715654
58.55 58.5 58.6 0.01690413433
58.65 58.6 58.7 0.01729095434
58.75 58.7 58.8 0.01651369462
58.85 58.8 58.9 0.01967152598
58.95 58.9 59 0.01869072333
59.05 59 59.1 0.02076106019
59.15 59.1 59.2 0.01301507952
59.25 59.2 59.3 0.01703001224
59.35 59.3 59.4 0.01742226481
59.45 59.4 59.5 0.02226295792
59.55 59.5 59.6 0.01639505394
59.65 59.6 59.7 0.01871427128
59.75 59.7 59.8 0.01794060474
59.85 59.8 59.9 0.0171497345
59.95 59.9 60 0.01736027998
60.05 60 60.1 0.01915775301
60.15 60.1 60.2 0.01890315573
60.25 60.2 60.3 0.02137630108
60.35 60.3 60.4 0.01221740292
60.45 60.4 60.5 0.01759322624
60.55 60.5 60.6 0.01607256691
60.65 60.6 60.7 0.01887104354
60.75 60.7 60.8 0.02076134245
60.85 60.8 60.9 0.01841379834
60.95 60.9 61 0.015295031
61.05 61 61.1 0.01957823859
61.15 61.1 61.2 0.01619840323
61.25 61.2 61.3 0.01699842232
61.35 61.3 61.4 0.01666792801
61.45 61.4 61.5 0.01452775466
61.55 61.5 61.6 0.01673427087
61.65 61.6 61.7 0.0128627457
61.75 61.7 61.8 0.01251713474
61.85 61.8 61.9 0.01456460544
61.95 61.9 62 0.01702550123
62.05 62 62.1 0.01771508422
62.15 62.1 62.2 0.0146820723
62.25 62.2 62.3 0.01526066812
62.35 62.3 62.4 0.01164039936
62.45 62.4 62.5 0.0149206686
62.55 62.5 62.6 0.01235493627
62.65 62.6 62.7 0.01452888618
62.75 62.7 62.8 0.01736442815
62.85 62.8 62.9 0.01351916445
62.95 62.9 63 0.0135775451
63.05 63 63.1 0.01635646387
63.15 63.1 63.2 0.01323020429
63.25 63.2 63.3 0.01318536537
63.35 63.3 63.4 0.01374940808
63.45 63.4 63.5 0.01284986559
63.55 63.5 63.6 0.01690362958
63.65 63.6 63.7 0.01241662231
63.75 63.7 63.8 0.01220971346
63.85 63.8 63.9 0.01221027424
63.95 63.9 64 0.01365423457
64.05 64 64.1 0.01606854571
64.15 64.1 64.2 0.01222968177
64.25 64.2 64.3 0.008022893069
64.35 64.3 64.4 0.01008343922
64.45 64.4 64.5 0.01311984695
64.55 64.5 64.6 0.01394964604
64.65 64.6 64.7 0.01286613445
64.75 64.7 64.8 0.01345461285
64.85 64.8 64.9 0.01260184407
64.95 64.9 65 0.009311777892
65.05 65 65.1 0.01123472148
65.15 65.1 65.2 0.01073409777
65.25 65.2 65.3 0.01418276498
65.35 65.3 65.4 0.009766466499
65.45 65.4 65.5 0.009498256371
65.55 65.5 65.6 0.01184144218
65.65 65.6 65.7 0.01241868883
65.75 65.7 65.8 0.01294480458
65.85 65.8 65.9 0.009906024953
65.95 65.9 66 0.01156007052
66.05 66 66.1 0.01266660081
66.15 66.1 66.2 0.01285975389
66.25 66.2 66.3 0.01060888358
66.35 66.3 66.4 0.01068425079
66.45 66.4 66.5 0.01189040461
66.55 66.5 66.6 0.008759199092
66.65 66.6 66.7 0.01346844848
66.75 66.7 66.8 0.00929765038
66.85 66.8 66.9 0.01072593206
66.95 66.9 67 0.008773307221
67.05 67 67.1 0.01171971755
67.15 67.1 67.2 0.00564015612
67.25 67.2 67.3 0.01014042615
67.35 67.3 67.4 0.009471265727
67.45 67.4 67.5 0.008918686294
67.55 67.5 67.6 0.01191083093
67.65 67.6 67.7 0.01155185202
67.75 67.7 67.8 0.00982399894
67.85 67.8 67.9 0.009638591833
67.95 67.9 68 0.006723910442
68.05 68 68.1 0.008299489335
68.15 68.1 68.2 0.01166522115
68.25 68.2 68.3 0.01006370551
68.35 68.3 68.4 0.01116833148
68.45 68.4 68.5 0.008430690115
68.55 68.5 68.6 0.007551793971
68.65 68.6 68.7 0.007458116401
68.75 68.7 68.8 0.007169074651
68.85 68.8 68.9 0.008395547871
68.95 68.9 69 0.01048923887
69.05 69 69.1 0.008506055723
69.15 69.1 69.2 0.00647022222
69.25 69.2 69.3 0.009107257659
69.35 69.3 69.4 0.01278154609
69.45 69.4 69.5 0.01191614954
69.55 69.5 69.6 0.01076469228
69.65 69.6 69.7 0.009423193923
69.75 69.7 69.8 0.0102844661
69.85 69.8 69.9 0.00965097528
69.95 69.9 70 0.009348692073
70.05 70 70.1 0.008502675652
70.15 70.1 70.2 0.007886001735
70.25 70.2 70.3 0.01180528584
70.35 70.3 70.4 0.008306049311
70.45 70.4 70.5 0.008105003566
70.55 70.5 70.6 0.007834093602
70.65 70.6 70.7 0.006058943031
70.75 70.7 70.8 0.007726468479
70.85 70.8 70.9 0.01253053816
70.95 70.9 71 0.0110183358
71.05 71 71.1 0.007636087154
71.15 71.1 71.2 0.009951343476
71.25 71.2 71.3 0.008119530758
71.35 71.3 71.4 0.006640370008
71.45 71.4 71.5 0.009625954109
71.55 71.5 71.6 0.009803321672
71.65 71.6 71.7 0.005446421356
71.75 71.7 71.8 0.007813621143
71.85 71.8 71.9 0.007255724125
71.95 71.9 72 0.004213397295
72.05 72 72.1 0.006306685594
72.15 72.1 72.2 0.007642699568
72.25 72.2 72.3 0.006377163064
72.35 72.3 72.4 0.004207288149
72.45 72.4 72.5 0.009662533607
72.55 72.5 72.6 0.006529340317
72.65 72.6 72.7 0.009440401104
72.75 72.7 72.8 0.005477287458
72.85 72.8 72.9 0.009624709463
72.95 72.9 73 0.007931182844
73.05 73 73.1 0.003749118371
73.15 73.1 73.2 0.007880539855
73.25 73.2 73.3 0.008009312046
73.35 73.3 73.4 0.003418055322
73.45 73.4 73.5 0.007770705332
73.55 73.5 73.6 0.009444871563
73.65 73.6 73.7 0.004639270497
73.75 73.7 73.8 0.004879756877
73.85 73.8 73.9 0.007188269926
73.95 73.9 74 0.01068469938
74.05 74 74.1 0.007122690686
74.15 74.1 74.2 0.00820989513
74.25 74.2 74.3 0.005841588934
74.35 74.3 74.4 0.008021361365
74.45 74.4 74.5 0.008943432249
74.55 74.5 74.6 0.00801290747
74.65 74.6 74.7 0.008914178425
74.75 74.7 74.8 0.009890253924
74.85 74.8 74.9 0.00643754735
74.95 74.9 75 0.001773838886
75.05 75 75.1 0.006877741468
75.15 75.1 75.2 0.004275010927
75.25 75.2 75.3 0.004699459735
75.35 75.3 75.4 0.005517174716
75.45 75.4 75.5 0.005251220719
75.55 75.5 75.6 0.005437535089
75.65 75.6 75.7 0.005579829879
75.75 75.7 75.8 0.005019779857
75.85 75.8 75.9 0.008149488915
75.95 75.9 76 0.002933630895
76.05 76 76.1 0.003099785532
76.15 76.1 76.2 0.005304971067
76.25 76.2 76.3 0.006759271561
76.35 76.3 76.4 0.003633880774
76.45 76.4 76.5 0.008699088922
76.55 76.5 76.6 0.004176182784
76.65 76.6 76.7 0.007871962648
76.75 76.7 76.8 0.004353436287
76.85 76.8 76.9 0.007032615162
76.95 76.9 77 0.007447538149
77.05 77 77.1 0.007222051714
77.15 77.1 77.2 0.002132898707
77.25 77.2 77.3 0.003676981347
77.35 77.3 77.4 0.006497779429
77.45 77.4 77.5 0.006131148176
77.55 77.5 77.6 0.004884720367
77.65 77.6 77.7 0.002689516898
77.75 77.7 77.8 0.00583299029
77.85 77.8 77.9 0.003232573744
77.95 77.9 78 0.005897076831
78.05 78 78.1 0.007357454162
78.15 78.1 78.2 0.006898214776
78.25 78.2 78.3 0.002767652387
78.35 78.3 78.4 0.003662219865
78.45 78.4 78.5 0.005235466252
78.55 78.5 78.6 0.006179539697
78.65 78.6 78.7 0.002360149494
78.75 78.7 78.8 0.005232545862
78.85 78.8 78.9 0.004498847026
78.95 78.9 79 0.004430373959
79.05 79 79.1 0.005902693464
79.15 79.1 79.2 0.004566985816
79.25 79.2 79.3 0.003975005325
79.35 79.3 79.4 0.004701313853
79.45 79.4 79.5 0.004737751038
79.55 79.5 79.6 0.006301095806
79.65 79.6 79.7 0.003752176367
79.75 79.7 79.8 0.005634152251
79.85 79.8 79.9 0.004156758766
79.95 79.9 80 0.005414124223
80.05 80 80.1 0.003509519488
80.15 80.1 80.2 0.006460755079
80.25 80.2 80.3 0.003636671673
80.35 80.3 80.4 0.004247136738
80.45 80.4 80.5 0.005143525729
80.55 80.5 80.6 0.004673377484
80.65 80.6 80.7 0.004164850316
80.75 80.7 80.8 0.003436551228
80.85 80.8 80.9 0.004805782547
80.95 80.9 81 0.006530124905
81.05 81 81.1 0.004356121154
81.15 81.1 81.2 0.001122733371
81.25 81.2 81.3 0.006525997727
81.35 81.3 81.4 0.002794017394
81.45 81.4 81.5 0.003528469985
81.55 81.5 81.6 0.005809621497
81.65 81.6 81.7 0.006629276555
81.75 81.7 81.8 0.008445183225
81.85 81.8 81.9 0.003857005538
81.95 81.9 82 0.006028547983
82.05 82 82.1 0.005359598002
82.15 82.1 82.2 0.004037956806
82.25 82.2 82.3 0.005194231128
82.35 82.3 82.4 0.005693905384
82.45 82.4 82.5 0.004559271605
82.55 82.5 82.6 0.007032535616
82.65 82.6 82.7 0.002252778845
82.75 82.7 82.8 0.002156907857
82.85 82.8 82.9 0.002753309871
82.95 82.9 83 0.005205646265
83.05 83 83.1 0.003523791584
83.15 83.1 83.2 0.004563839565
83.25 83.2 83.3 0.003566819853
83.35 83.3 83.4 0.002756822599
83.45 83.4 83.5 0.002676244602
83.55 83.5 83.6 0.004886507034
83.65 83.6 83.7 0.003631064288
83.75 83.7 83.8 0.001749619529
83.85 83.8 83.9 0.006228959747
83.95 83.9 84 0.003130675165
84.05 84 84.1 0.004526232453
84.15 84.1 84.2 0.004570970588
84.25 84.2 84.3 0.00278366789
84.35 84.3 84.4 0.00441782167
84.45 84.4 84.5 0.005338250791
84.55 84.5 84.6 0.00235531407
84.65 84.6 84.7 0.004656156959
84.75 84.7 84.8 0.006240949683
84.85 84.8 84.9 0.006224810368
84.95 84.9 85 0.003731851144
85.05 85 85.1 0.007013295067
85.15 85.1 85.2 0.002604195713
85.25 85.2 85.3 0.002344391154
85.35 85.3 85.4 0.002457055031
85.45 85.4 85.5 0.004496053665
85.55 85.5 85.6 0.00382056249
85.65 85.6 85.7 0.00336541618
85.75 85.7 85.8 0.003960971643
85.85 85.8 85.9 0.003329908503
85.95 85.9 86 0.002062572638
86.05 86 86.1 0.0009804919057
86.15 86.1 86.2 0.003630145494
86.25 86.2 86.3 0.005138785397
86.35 86.3 86.4 0.00336756763
86.45 86.4 86.5 0.005266635981
86.55 86.5 86.6 0.005822283683
86.65 86.6 86.7 0.006451589224
86.75 86.7 86.8 0.002979009998
86.85 86.8 86.9 0.004016313854
86.95 86.9 87 0.001781058014
87.05 87 87.1 0.003921550232
87.15 87.1 87.2 0.004858117081
87.25 87.2 87.3 0.005586780466
87.35 87.3 87.4 0.00272653883
87.45 87.4 87.5 0.002611593618
87.55 87.5 87.6 0.004484703914
87.65 87.6 87.7 0.004031944146
87.75 87.7 87.8 0.005691795841
87.85 87.8 87.9 0.004503908056
87.95 87.9 88 0.006218624952
88.05 88 88.1 0.006171970159
88.15 88.1 88.2 0.002107588934
88.25 88.2 88.3 0.006172075847
88.35 88.3 88.4 0.004903331764
88.45 88.4 88.5 0.006329179739
88.55 88.5 88.6 0.003449399399
88.65 88.6 88.7 0.003231126622
88.75 88.7 88.8 0.006579252362
88.85 88.8 88.9 0.003373854987
88.95 88.9 89 0.003580559934
89.05 89 89.1 0.00308944825
89.15 89.1 89.2 0.002062458767
89.25 89.2 89.3 0.006275294115
89.35 89.3 89.4 0.005257655039
89.45 89.4 89.5 0.00350368386
89.55 89.5 89.6 0.003587003949
89.65 89.6 89.7 0.003361954802
89.75 89.7 89.8 0.006243163154
89.85 89.8 89.9 0.005181187842
89.95 89.9 90 0.003253662275
90.05 90 90.1 0.004603900123
90.15 90.1 90.2 0.005258336323
90.25 90.2 90.3 0.002857999723
90.35 90.3 90.4 0.005328986671
90.45 90.4 90.5 0.005196504667
90.55 90.5 90.6 0.004862882444
90.65 90.6 90.7 0.004738192673
90.75 90.7 90.8 0.003503369874
90.85 90.8 90.9 0.003287825236
90.95 90.9 91 0.004092519083
91.05 91 91.1 0.003070407227
91.15 91.1 91.2 0.005159699253
91.25 91.2 91.3 0.006706085551
91.35 91.3 91.4 0.006207181111
91.45 91.4 91.5 0.003846680452
91.55 91.5 91.6 0.003963277432
91.65 91.6 91.7 0.001592216761
91.75 91.7 91.8 0.005959892643
91.85 91.8 91.9 0.004698378699
91.95 91.9 92 0.006787750272
92.05 92 92.1 0.003326396819
92.15 92.1 92.2 0.005532911699
92.25 92.2 92.3 0.006510739616
92.35 92.3 92.4 0.006592283747
92.45 92.4 92.5 0.004296633829
92.55 92.5 92.6 0.007315626281
92.65 92.6 92.7 0.002120409561
92.75 92.7 92.8 0.004109414624
92.85 92.8 92.9 0.003473121719
92.95 92.9 93 0.002147453508
93.05 93 93.1 0.002799904141
93.15 93.1 93.2 0.004628608052
93.25 93.2 93.3 0.002055196136
93.35 93.3 93.4 0.003728174067
93.45 93.4 93.5 0.001724804401
93.55 93.5 93.6 0.003866888053
93.65 93.6 93.7 0.004651157922
93.75 93.7 93.8 0.004096481377
93.85 93.8 93.9 0.003990206841
93.95 93.9 94 0.0083530238
94.05 94 94.1 0.003121988565
94.15 94.1 94.2 0.006872507429
94.25 94.2 94.3 0.006030220272
94.35 94.3 94.4 0.004852127804
94.45 94.4 94.5 0.002183489431
94.55 94.5 94.6 0.004010228116
94.65 94.6 94.7 0.004246103
94.75 94.7 94.8 0.003673657226
94.85 94.8 94.9 0.001797984017
94.95 94.9 95 0.002213708867
95.05 95 95.1 0.00504351854
95.15 95.1 95.2 0.003942449073
95.25 95.2 95.3 0.005531379179
95.35 95.3 95.4 0.004216651129
95.45 95.4 95.5 0.005008339959
95.55 95.5 95.6 0.004652154778
95.65 95.6 95.7 0.003565672317
95.75 95.7 95.8 0.001956649587
95.85 95.8 95.9 0.003767149707
95.95 95.9 96 0.003138530074
96.05 96 96.1 0.005478711816
96.15 96.1 96.2 0.004305897842
96.25 96.2 96.3 0.005570695492
96.35 96.3 96.4 0.0003843797985
96.45 96.4 96.5 0.004353444829
96.55 96.5 96.6 0.004427206606
96.65 96.6 96.7 0.00539278689
96.75 96.7 96.8 0.004211995025
96.85 96.8 96.9 0.003293369236
96.95 96.9 97 0.002675705131
97.05 97 97.1 0.001777935627
97.15 97.1 97.2 0.002849662728
97.25 97.2 97.3 0.004572872029
97.35 97.3 97.4 0.003291099437
97.45 97.4 97.5 0.003048941824
97.55 97.5 97.6 0.006081645585
97.65 97.6 97.7 0.00286684415
97.75 97.7 97.8 0.002902367301
97.85 97.8 97.9 0.003572723635
97.95 97.9 98 0.005836198082
98.05 98 98.1 0.003550861631
98.15 98.1 98.2 0.006213122302
98.25 98.2 98.3 0.006323832382
98.35 98.3 98.4 0.003296797215
98.45 98.4 98.5 0.005241280777
98.55 98.5 98.6 0.00421950586
98.65 98.6 98.7 0.004964357779
98.75 98.7 98.8 0.005973268643
98.85 98.8 98.9 0.004386192904
98.95 98.9 99 0.005061841658
99.05 99 99.1 0.003006325884
99.15 99.1 99.2 0.002139171592
99.25 99.2 99.3 0.00439519652
99.35 99.3 99.4 0.003467130214
99.45 99.4 99.5 0.005036172861
99.55 99.5 99.6 0.006364101374
99.65 99.6 99.7 0.004486858833
99.75 99.7 99.8 0.004389192348
99.85 99.8 99.9 0.009016920457
99.95 99.9 100 0.001499120931
100.05 100 100.1 0.002084448318
100.15 100.1 100.2 0.004418630184
100.25 100.2 100.3 0.003960072929
100.35 100.3 100.4 0.003262153434
100.45 100.4 100.5 0.003739186445
100.55 100.5 100.6 0.004824115341
100.65 100.6 100.7 0.003802594025
100.75 100.7 100.8 0.005283388406
100.85 100.8 100.9 0.003711008285
100.95 100.9 101 0.003754352456
101.05 101 101.1 0.004896794056
101.15 101.1 101.2 0.005396790208
101.25 101.2 101.3 0.005526027652
101.35 101.3 101.4 0.005959904752
101.45 101.4 101.5 0.003112134091
101.55 101.5 101.6 0.004523339174
101.65 101.6 101.7 0.001535543727
101.75 101.7 101.8 0.004519078609
101.85 101.8 101.9 0.004493643525
101.95 101.9 102 0.004431570275
102.05 102 102.1 0.005450191485
102.15 102.1 102.2 0.005164541219
102.25 102.2 102.3 0.005589468376
102.35 102.3 102.4 0.003059662836
102.45 102.4 102.5 0.006502620188
102.55 102.5 102.6 0.006500445311
102.65 102.6 102.7 0.004335545873
102.75 102.7 102.8 0.004153740336
102.85 102.8 102.9 0.002983173163
102.95 102.9 103 0.005138907426
103.05 103 103.1 0.003266819277
103.15 103.1 103.2 0.005748787638
103.25 103.2 103.3 0.005734787439
103.35 103.3 103.4 0.002716802822
103.45 103.4 103.5 0.004738386843
103.55 103.5 103.6 0.005101015308
103.65 103.6 103.7 0.004077428064
103.75 103.7 103.8 0.006875455378
103.85 103.8 103.9 0.003413032516
103.95 103.9 104 0.002416480151
104.05 104 104.1 0.004217974478
104.15 104.1 104.2 0.002552379372
104.25 104.2 104.3 0.007223681236
104.35 104.3 104.4 0.005219814794
104.45 104.4 104.5 0.006178975774
104.55 104.5 104.6 0.005995445029
104.65 104.6 104.7 0.003130070738
104.75 104.7 104.8 0.002837763129
104.85 104.8 104.9 0.003188285535
104.95 104.9 105 0.006003366291
105.05 105 105.1 0.004618201388
105.15 105.1 105.2 0.005124419265
105.25 105.2 105.3 0.003307923458
105.35 105.3 105.4 0.00505840789
105.45 105.4 105.5 0.004334329813
105.55 105.5 105.6 0.003327271998
105.65 105.6 105.7 0.0009778536201
105.75 105.7 105.8 0.004030846522
105.85 105.8 105.9 -0.001387628986
105.95 105.9 106 0.006481241209
106.05 106 106.1 0.003734207753
106.15 106.1 106.2 0.003029071638
106.25 106.2 106.3 0.00500313835
106.35 106.3 106.4 0.007410003496
106.45 106.4 106.5 0.003696253278
106.55 106.5 106.6 0.001417953959
106.65 106.6 106.7 0.004313144087
106.75 106.7 106.8 0.002750313405
106.85 106.8 106.9 0.00353102543
106.95 106.9 107 0.001455267069
107.05 107 107.1 0.005208462499
107.15 107.1 107.2 0.003267694439
107.25 107.2 107.3 0.004458116352
107.35 107.3 107.4 0.003430610267
107.45 107.4 107.5 0.005214663534
107.55 107.5 107.6 0.006489093335
107.65 107.6 107.7 0.004476038395
107.75 107.7 107.8 0.00101864795
107.85 107.8 107.9 0.003110549327
107.95 107.9 108 0.004316998098
108.05 108 108.1 0.00628706807
108.15 108.1 108.2 0.004630473728
108.25 108.2 108.3 0.00103602412
108.35 108.3 108.4 0.004915418125
108.45 108.4 108.5 0.002576031987
108.55 108.5 108.6 0.002632444279
108.65 108.6 108.7 0.002298344156
108.75 108.7 108.8 0.002732952586
108.85 108.8 108.9 0.0024960076
108.95 108.9 109 0.002223433568
109.05 109 109.1 0.004224424538
109.15 109.1 109.2 0.002524805793
109.25 109.2 109.3 0.003976328107
109.35 109.3 109.4 0.002037131761
109.45 109.4 109.5 0.00338326158
109.55 109.5 109.6 0.002085110238
109.65 109.6 109.7 0.004048706376
109.75 109.7 109.8 0.003319049786
109.85 109.8 109.9 0.0038972037
109.95 109.9 110 0.002607540083
110.05 110 110.1 0.001628331362
110.15 110.1 110.2 0.004426805728
110.25 110.2 110.3 0.001076832874
110.35 110.3 110.4 0.004684260235
110.45 110.4 110.5 0.001832786322
110.55 110.5 110.6 0.001246779887
110.65 110.6 110.7 0.002055880762
110.75 110.7 110.8 0.001248095042
110.85 110.8 110.9 0.002648179647
110.95 110.9 111 0.0008453663324
111.05 111 111.1 0.0007999355934
111.15 111.1 111.2 0.004771058389
111.25 111.2 111.3 0.0004909406564
111.35 111.3 111.4 0.001800664868
111.45 111.4 111.5 0.001360371297
111.55 111.5 111.6 0.003509718075
111.65 111.6 111.7 0.00345575438
111.75 111.7 111.8 0.003225161307
111.85 111.8 111.9 0.0002315738374
111.95 111.9 112 0.001432206652
112.05 112 112.1 0.002409957185
112.15 112.1 112.2 0.001320035793
112.25 112.2 112.3 0.002152963128
112.35 112.3 112.4 0.002560994167
112.45 112.4 112.5 0.002027330949
112.55 112.5 112.6 0.003878602093
112.65 112.6 112.7 0.003101543804
112.75 112.7 112.8 0.001359431006
112.85 112.8 112.9 0.0008758000192
112.95 112.9 113 0.003048935125
113.05 113 113.1 0.003275214651
113.15 113.1 113.2 0.00316167164
113.25 113.2 113.3 -0.001021041119
113.35 113.3 113.4 -0.0001903452484
113.45 113.4 113.5 0.001616407544
113.55 113.5 113.6 -0.0003729732943
113.65 113.6 113.7 0.002922562823
113.75 113.7 113.8 0.0007481382082
113.85 113.8 113.9 2.687070333e-05
113.95 113.9 114 0.001631857642
114.05 114 114.1 0.0002476130555
114.15 114.1 114.2 0.00384492725
114.25 114.2 114.3 0.003143223904
114.35 114.3 114.4 0.003183188643
114.45 114.4 114.5 0.0001761209066
114.55 114.5 114.6 0.001881702607
114.65 114.6 114.7 0.0008080923017
114.75 114.7 114.8 -6.616701586e-05
114.85 114.8 114.9 -0.001072301208
114.95 114.9 115 -0.001502170782
115.05 115 115.1 0.001352033146
115.15 115.1 115.2 0.002809786447
115.25 115.2 115.3 0.0006336385008
115.35 115.3 115.4 0.0005358053165
115.45 115.4 115.5 0.0004252477318
115.55 115.5 115.6 -6.50198475e-05
115.65 115.6 115.7 0.001417061786
115.75 115.7 115.8 0.00133059652
115.85 115.8 115.9 0.001620962586
115.95 115.9 116 -0.0001783719428
116.05 116 116.1 0.001584666287
116.15 116.1 116.2 -0.001599917916
116.25 116.2 116.3 0.0002338823845
116.35 116.3 116.4 0.002570555249
116.45 116.4 116.5 0.0007471342472
116.55 116.5 116.6 -0.001186669934
116.65 116.6 116.7 0.002057144066
116.75 116.7 116.8 -0.001173367639
116.85 116.8 116.9 -0.000462398074
116.95 116.9 117 -0.0006495246117
117.05 117 117.1 0.002382692963
117.15 117.1 117.2 0.0004709714482
117.25 117.2 117.3 0.00188890971
117.35 117.3 117.4 -0.001694224811
117.45 117.4 117.5 -0.0004096425429
117.55 117.5 117.6 0.001142757644
117.65 117.6 117.7 -0.0001698313656
117.75 117.7 117.8 0.0001653790889
117.85 117.8 117.9 0.0003730394798
117.95 117.9 118 -0.0004163648789
118.05 118 118.1 -0.0004401760697
118.15 118.1 118.2 -0.0004663609773
118.25 118.2 118.3 -0.002291861533
118.35 118.3 118.4 0.00132019274
118.45 118.4 118.5 9.603526884e-05
118.55 118.5 118.6 -0.0007655813425
118.65 118.6 118.7 0.001807367753
118.75 118.7 118.8 0.0005356850431
118.85 118.8 118.9 -0.001612365449
118.95 118.9 119 0.001566891752
119.05 119 119.1 -0.0001598935044
119.15 119.1 119.2 -0.001067166743
119.25 119.2 119.3 0.0001016090732
119.35 119.3 119.4 0.000802934747
119.45 119.4 119.5 0.0009611901146
119.55 119.5 119.6 0.0005861618748
119.65 119.6 119.7 -0.0004648710223
119.75 119.7 119.8 -0.00207170392
119.85 119.8 119.9 -0.0007734510503
119.95 119.9 120 -0.0004292058904
120.05 120 120.1 0.001590501865
120.15 120.1 120.2 6.396976568e-05
120.25 120.2 120.3 0.001446156488
120.35 120.3 120.4 0.0007274791893
120.45 120.4 120.5 -0.0003577479163
120.55 120.5 120.6 -0.00173659536
120.65 120.6 120.7 0.001342942384
120.75 120.7 120.8 0.0008057729228
120.85 120.8 120.9 0.001838241483
120.95 120.9 121 0.0008335593924
121.05 121 121.1 6.257841858e-05
121.15 121.1 121.2 0.0004076321508
121.25 121.2 121.3 -0.002049052111
121.35 121.3 121.4 0.001277021842
121.45 121.4 121.5 0.0006234149397
121.55 121.5 121.6 -0.0005981176631
121.65 121.6 121.7 0.0005351011471
121.75 121.7 121.8 5.756286063e-05
121.85 121.8 121.9 0.001467084951
121.95 121.9 122 0.0003505479388
122.05 122 122.1 -0.0003118092605
122.15 122.1 122.2 -0.000803813868
122.25 122.2 122.3 -0.0009850898866
122.35 122.3 122.4 -0.0002356465468
122.45 122.4 122.5 -0.001824720065
122.55 122.5 122.6 0.001433058912
122.65 122.6 122.7 -0.002069492781
122.75 122.7 122.8 -0.001592117645
122.85 122.8 122.9 -0.0006266773525
122.95 122.9 123 -0.001197934631
123.05 123 123.1 0.0006561822024
123.15 123.1 123.2 -0.001240407527
123.25 123.2 123.3 0.001910882629
123.35 123.3 123.4 -8.512125054e-05
123.45 123.4 123.5 0.001487887258
123.55 123.5 123.6 -0.001302357474
123.65 123.6 123.7 0.001483401755
123.75 123.7 123.8 0.001945300107
123.85 123.8 123.9 8.498796018e-05
123.95 123.9 124 0.0005682092404
124.05 124 124.1 -8.346437067e-05
124.15 124.1 124.2 -0.0007142792205
124.25 124.2 124.3 0.0009207831597
124.35 124.3 124.4 0.001530446399
124.45 124.4 124.5 0.0004497710133
124.55 124.5 124.6 -0.0002839296855
124.65 124.6 124.7 0.0006180646849
124.75 124.7 124.8 0.0005949294929
124.85 124.8 124.9 -0.001175393674
124.95 124.9 125 0.001107112288
125.05 125 125.1 -0.001912009447
125.15 125.1 125.2 -0.001807603561
125.25 125.2 125.3 0.002094279466
125.35 125.3 125.4 0.0008925837649
125.45 125.4 125.5 0.0007522224305
125.55 125.5 125.6 0.002163889917
125.65 125.6 125.7 -0.001152167001
125.75 125.7 125.8 0.001876134191
125.85 125.8 125.9 -0.0006249566049
125.95 125.9 126 0.001253650882
126.05 126 126.1 -0.002197726741
126.15 126.1 126.2 -0.001155113429
126.25 126.2 126.3 -5.203126101e-05
126.35 126.3 126.4 0.0002123894939
126.45 126.4 126.5 0.002434956879
126.55 126.5 126.6 -0.0002609559108
126.65 126.6 126.7 -4.373258169e-05
126.75 126.7 126.8 0.001987482689
126.85 126.8 126.9 0.0002226370388
126.95 126.9 127 -0.001136014535
127.05 127 127.1 0.0008335161604
127.15 127.1 127.2 -0.001565456978
127.25 127.2 127.3 -0.0003519786213
127.35 127.3 127.4 0.001343556424
127.45 127.4 127.5 0.0008718105278
127.55 127.5 127.6 0.001150253873
127.65 127.6 127.7 -0.0007131654399
127.75 127.7 127.8 0.001407775603
127.85 127.8 127.9 -9.797748706e-05
127.95 127.9 128 -0.0004484930355
128.05 128 128.1 -0.0002900606339
128.15 128.1 128.2 0.0002324542139
128.25 128.2 128.3 0.0002137553989
128.35 128.3 128.4 0.0001384249622
128.45 128.4 128.5 0.0001408116521
128.55 128.5 128.6 5.088283371e-05
128.65 128.6 128.7 -0.00164538907
128.75 128.7 128.8 0.0002620774267
128.85 128.8 128.9 0.0008665392168
128.95 128.9 129 -0.0008736060913
129.05 129 129.1 -0.001687018017
129.15 129.1 129.2 -0.001203339659
129.25 129.2 129.3 -0.00219357725
129.35 129.3 129.4 0.001195522714
129.45 129.4 129.5 0.001666122559
129.55 129.5 129.6 -0.000772020962
129.65 129.6 129.7 -0.00207101886
129.75 129.7 129.8 0.001159244571
129.85 129.8 129.9 0.0005748022482
129.95 129.9 130 0.0004940425442
130.05 130 130.1 -8.059588828e-05
130.15 130.1 130.2 0.000473173594
130.25 130.2 130.3 0.0003082385126
130.35 130.3 130.4 0.0004421420742
130.45 130.4 130.5 -0.001002456387
130.55 130.5 130.6 -0.0001460130443
130.65 130.6 130.7 -0.000612747124
130.75 130.7 130.8 -1.697001509e-05
130.85 130.8 130.9 -0.0007011023943
130.95 130.9 131 -0.0002648373022
131.05 131 131.1 -0.001283112171
131.15 131.1 131.2 0.0003256984363
131.25 131.2 131.3 0.001655110317
131.35 131.3 131.4 0.001882689836
131.45 131.4 131.5 0.002086293482
131.55 131.5 131.6 -0.0007009646057
131.65 131.6 131.7 0.0001181220048
131.75 131.7 131.8 -2.748970616e-05
131.85 131.8 131.9 0.0003276491433
131.95 131.9 132 0.002386226761
132.05 132 132.1 -0.001404692639
132.15 132.1 132.2 0.0003699696027
132.25 132.2 132.3 -0.001922991632
132.35 132.3 132.4 6.900012485e-05
132.45 132.4 132.5 0.0003528193804
132.55 132.5 132.6 -0.0003929819419
132.65 132.6 132.7 0.0006143162223
132.75 132.7 132.8 0.002686267047
132.85 132.8 132.9 0.000594253574
132.95 132.9 133 0.0008003040074
133.05 133 133.1 0.001424863204
133.15 133.1 133.2 7.682862868e-05
133.25 133.2 133.3 -0.0002996987596
133.35 133.3 133.4 -0.0005498638983
133.45 133.4 133.5 0.001325579983
133.55 133.5 133.6 -0.0001770352634
133.65 133.6 133.7 -0.0005371249624
133.75 133.7 133.8 0.0003097965855
133.85 133.8 133.9 -0.001459438536
133.95 133.9 134 0.0006488809245
134.05 134 134.1 -0.0002829464311
134.15 134.1 134.2 -0.0009468268503
134.25 134.2 134.3 -0.001767436058
134.35 134.3 134.4 0.0002595377472
134.45 134.4 134.5 -0.00158003388
134.55 134.5 134.6 -0.001814039888
134.65 134.6 134.7 0.0005759773655
134.75 134.7 134.8 -0.0008739214371
134.85 134.8 134.9 0.001331808535
134.95 134.9 135 -0.0008529354486
135.05 135 135.1 -0.001033693217
135.15 135.1 135.2 -0.001431464872
135.25 135.2 135.3 0.0002812453424
135.35 135.3 135.4 -0.001606310419
135.45 135.4 135.5 -0.002531518155
135.55 135.5 135.6 -7.345715533e-05
135.65 135.6 135.7 2.650418145e-05
135.75 135.7 135.8 0.001155503632
135.85 135.8 135.9 -2.841599252e-05
135.95 135.9 136 0.0005416324123
136.05 136 136.1 0.002055583622
136.15 136.1 136.2 -0.0004772300114
136.25 136.2 136.3 0.0020069156
136.35 136.3 136.4 -0.001463285985
136.45 136.4 136.5 0.0004639191138
136.55 136.5 136.6 -0.001750433867
136.65 136.6 136.7 0.001541160177
136.75 136.7 136.8 -0.0006402686859
136.85 136.8 136.9 -0.0006448002414
136.95 136.9 137 -0.001150303959
137.05 137 137.1 -0.0005246968587
137.15 137.1 137.2 -0.001355194883
137.25 137.2 137.3 0.0004721567648
137.35 137.3 137.4 0.0008661653586
137.45 137.4 137.5 0.001175856895
137.55 137.5 137.6 1.744428819e-05
137.65 137.6 137.7 -0.001748731137
137.75 137.7 137.8 -0.0006329192211
137.85 137.8 137.9 -0.001127784981
137.95 137.9 138 -0.0008054490808
138.05 138 138.1 0.0001597554594
138.15 138.1 138.2 0.002662534792
138.25 138.2 138.3 -0.001448379637
138.35 138.3 138.4 0.001290354593
138.45 138.4 138.5 0.0001980528016
138.55 138.5 138.6 -0.00147556248
138.65 138.6 138.7 -0.000334867712
138.75 138.7 138.8 -0.001086295749
138.85 138.8 138.9 -0.0009678469135
138.95 138.9 139 0.0003720666622
139.05 139 139.1 1.31992075e-05
139.15 139.1 139.2 0.001202025816
139.25 139.2 139.3 -0.0004329733671
139.35 139.3 139.4 -0.0008460323287
139.45 139.4 139.5 -0.0005732733617
139.55 139.5 139.6 0.000500118857
139.65 139.6 139.7 -0.0003556841812
139.75 139.7 139.8 0.0003061090055
139.85 139.8 139.9 -0.002286162569
139.95 139.9 140 -0.001258677773
140.05 140 140.1 -0.0005268497619
140.15 140.1 140.2 -0.0004916987573
140.25 140.2 140.3 -0.000210564954
140.35 140.3 140.4 0.0003980564255
140.45 140.4 140.5 -0.0008667750437
140.55 140.5 140.6 0.0007715555999
140.65 140.6 140.7 -0.001030462538
140.75 140.7 140.8 -0.0006102385804
140.85 140.8 140.9 -0.000208434893
140.95 140.9 141 -0.0004595765376
141.05 141 141.1 -0.0008738515816
141.15 141.1 141.2 0.0003846509276
141.25 141.2 141.3 -0.0002644763924
141.35 141.3 141.4 0.001092060462
141.45 141.4 141.5 -0.001399950365
141.55 141.5 141.6 0.0004166094214
141.65 141.6 141.7 0.0004426705619
141.75 141.7 141.8 -0.0001645020947
141.85 141.8 141.9 -3.374878472e-05
141.95 141.9 142 -0.0009200549349
142.05 142 142.1 0.0003689564827
142.15 142.1 142.2 -0.001645675876
142.25 142.2 142.3 -0.002865551981
142.35 142.3 142.4 8.35376522e-06
142.45 142.4 142.5 4.911357329e-05
142.55 142.5 142.6 -0.001769104263
142.65 142.6 142.7 -0.0007885003218
142.75 142.7 142.8 0.0005628056142
142.85 142.8 142.9 0.0007159579621
142.95 142.9 143 -0.0007698168623
143.05 143 143.1 -0.002988234714
143.15 143.1 143.2 -0.001329342762
143.25 143.2 143.3 -0.0002989412156
143.35 143.3 143.4 -0.003008426853
143.45 143.4 143.5 -0.001488861317
143.55 143.5 143.6 -0.0009686517473
143.65 143.6 143.7 -0.002885762632
143.75 143.7 143.8 -0.0006805396469
143.85 143.8 143.9 -0.001280191602
143.95 143.9 144 -0.001760476273
144.05 144 144.1 -0.000405272225
144.15 144.1 144.2 -0.0005555432793
144.25 144.2 144.3 -0.002032245428
144.35 144.3 144.4 -0.001505123808
144.45 144.4 144.5 -9.553450812e-05
144.55 144.5 144.6 -0.0009253090215
144.65 144.6 144.7 -0.001326423747
144.75 144.7 144.8 -0.001519853009
144.85 144.8 144.9 -0.002625195326
144.95 144.9 145 -0.001483593132
145.05 145 145.1 0.0004758456201
145.15 145.1 145.2 -0.0006144502296
145.25 145.2 145.3 -0.00218933794
145.35 145.3 145.4 0.0004312759737
145.45 145.4 145.5 -0.002047653478
145.55 145.5 145.6 -0.0004451394293
145.65 145.6 145.7 -0.001418764801
145.75 145.7 145.8 -0.002019251997
145.85 145.8 145.9 -0.001865185579
145.95 145.9 146 -0.0005002288815
146.05 146 146.1 -0.0004110752259
146.15 146.1 146.2 -0.001027694695
146.25 146.2 146.3 -0.0001386633187
146.35 146.3 146.4 -0.001675495649
146.45 146.4 146.5 0.0002882292293
146.55 146.5 146.6 -0.00191975467
146.65 146.6 146.7 0.000880962726
146.75 146.7 146.8 -0.000640479473
146.85 146.8 146.9 0.0004569121356
146.95 146.9 147 0.0004504942626
147.05 147 147.1 -0.001128019754
147.15 147.1 147.2 0.0002801549922
147.25 147.2 147.3 -0.0002101201102
147.35 147.3 147.4 0.0002539603132
147.45 147.4 147.5 -0.0005965583111
147.55 147.5 147.6 0.0005556395729
147.65 147.6 147.7 -0.002457675581
147.75 147.7 147.8 -0.002049722301
147.85 147.8 147.9 -0.0011462302
147.95 147.9 148 -0.002034351116
148.05 148 148.1 -4.115455996e-05
148.15 148.1 148.2 9.169168194e-05
148.25 148.2 148.3 -0.001036795895
148.35 148.3 148.4 -0.0004393840503
148.45 148.4 148.5 0.001005981899
148.55 148.5 148.6 -0.002066739432
148.65 148.6 148.7 -0.001097817751
148.75 148.7 148.8 -0.002178250193
148.85 148.8 148.9 -0.001555586362
148.95 148.9 149 -0.001379846518
149.05 149 149.1 -0.001380931694
149.15 149.1 149.2 -0.0004972520339
149.25 149.2 149.3 -0.0002001140822
149.35 149.3 149.4 -0.001338687343
149.45 149.4 149.5 -0.0003656960018
149.55 149.5 149.6 -0.00155647136
149.65 149.6 149.7 -0.002095800746
149.75 149.7 149.8 -0.0003126134373
149.85 149.8 149.9 -0.0004974135749
149.95 149.9 150 -0.0003967694127
150.05 150 150.1 -0.002659370181
150.15 150.1 150.2 -0.001094316882
150.25 150.2 150.3 -0.001697066267
150.35 150.3 150.4 -0.0008124204762
150.45 150.4 150.5 0.0001658649105
150.55 150.5 150.6 -0.002340547884
150.65 150.6 150.7 -0.001008260126
150.75 150.7 150.8 -0.001915523117
150.85 150.8 150.9 -0.0009222465447
150.95 150.9 151 -0.001406085529
151.05 151 151.1 -0.001785894642
151.15 151.1 151.2 0.0001582048953
151.25 151.2 151.3 -0.0003537786806
151.35 151.3 151.4 -0.002895496188
151.45 151.4 151.5 -0.0005723902986
151.55 151.5 151.6 -0.002186261238
151.65 151.6 151.7 -0.0003541504128
151.75 151.7 151.8 -0.001656069482
151.85 151.8 151.9 -0.0009364814489
151.95 151.9 152 -0.0005731787303
152.05 152 152.1 -0.0003432858396
152.15 152.1 152.2 -0.001766272544
152.25 152.2 152.3 -0.0003800102286
152.35 152.3 152.4 -0.0008699636993
152.45 152.4 152.5 -0.001094490846
152.55 152.5 152.6 -0.001044448026
152.65 152.6 152.7 -0.001647386079
152.75 152.7 152.8 -0.001349376128
152.85 152.8 152.9 -0.0001644761326
152.95 152.9 153 -0.001377485726
153.05 153 153.1 6.697115074e-06
153.15 153.1 153.2 -0.001419578327
153.25 153.2 153.3 -0.001723147255
153.35 153.3 153.4 -0.000681198055
153.45 153.4 153.5 -0.0003915018824
153.55 153.5 153.6 0.0009471465718
153.65 153.6 153.7 -0.001379588161
153.75 153.7 153.8 -0.002145440083
153.85 153.8 153.9 -0.0008575845527
153.95 153.9 154 -0.002428108625
154.05 154 154.1 -0.0004663323285
154.15 154.1 154.2 -0.001360916954
154.25 154.2 154.3 -0.002179633743
154.35 154.3 154.4 0.0002243565259
154.45 154.4 154.5 -0.001081177414
154.55 154.5 154.6 -0.001374137012
154.65 154.6 154.7 0.0004976828236
154.75 154.7 154.8 -0.001826727185
154.85 154.8 154.9 0.000399677985
154.95 154.9 155 0.0002818042751
155.05 155 155.1 -0.0009976479044
155.15 155.1 155.2 -0.002484901519
155.25 155.2 155.3 -0.0003432401812
155.35 155.3 155.4 -0.001461227129
155.45 155.4 155.5 -0.003367231074
155.55 155.5 155.6 -0.001055181815
155.65 155.6 155.7 -0.00239563361
155.75 155.7 155.8 5.849930155e-05
155.85 155.8 155.9 -0.001041680173
155.95 155.9 156 -0.001066158662
156.05 156 156.1 -0.001822056242
156.15 156.1 156.2 -0.0001450287166
156.25 156.2 156.3 -0.0006771828372
156.35 156.3 156.4 -0.0005335955841
156.45 156.4 156.5 -0.001385201024
156.55 156.5 156.6 -0.001333804566
156.65 156.6 156.7 -0.0009309159439
156.75 156.7 156.8 -0.00181045166
156.85 156.8 156.9 -0.001414056508
156.95 156.9 157 0.000852417968
157.05 157 157.1 0.0008970301188
157.15 157.1 157.2 0.0002311613638
157.25 157.2 157.3 -0.002073486216
157.35 157.3 157.4 -0.0001660101931
157.45 157.4 157.5 -0.001467619105
157.55 157.5 157.6 0.0004899029814
157.65 157.6 157.7 -0.0007357382946
157.75 157.7 157.8 -0.000414796574
157.85 157.8 157.9 -0.001491167198
157.95 157.9 158 0.0001052983627
158.05 158 158.1 -0.001030715903
158.15 158.1 158.2 -0.002873869543
158.25 158.2 158.3 0.0007530910791
158.35 158.3 158.4 -0.0002403758358
158.45 158.4 158.5 -0.001689511709
158.55 158.5 158.6 0.00119320007
158.65 158.6 158.7 -0.0007654576728
158.75 158.7 158.8 -0.002301866422
158.85 158.8 158.9 -0.0005147452997
158.95 158.9 159 -0.0006296376282
159.05 159 159.1 -0.002597495583
159.15 159.1 159.2 -0.0003737189943
159.25 159.2 159.3 -0.0003625790023
159.35 159.3 159.4 0.0005361573541
159.45 159.4 159.5 0.0002119118372
159.55 159.5 159.6 -0.001180567601
159.65 159.6 159.7 -0.001324164665
159.75 159.7 159.8 -0.0004911164706
159.85 159.8 159.9 0.0001122200743
159.95 159.9 160 -0.002117169104
160.05 160 160.1 -0.001052726
160.15 160.1 160.2 -0.0007017332849
160.25 160.2 160.3 0.0004999034011
160.35 160.3 160.4 -0.001347698611
160.45 160.4 160.5 0.0005322994673
160.55 160.5 160.6 0.0007847541216
160.65 160.6 160.7 0.001018749583
160.75 160.7 160.8 -0.001023373655
160.85 160.8 160.9 -0.001196212549
160.95 160.9 161 -0.0002621123904
161.05 161 161.1 -0.001577708989
161.15 161.1 161.2 -0.0008439958661
161.25 161.2 161.3 -0.001766961825
161.35 161.3 161.4 -0.000589363665
161.45 161.4 161.5 3.163307679e-05
161.55 161.5 161.6 -0.001223855618
161.65 161.6 161.7 0.0001172522738
161.75 161.7 161.8 0.001057074712
161.85 161.8 161.9 0.0004628878321
161.95 161.9 162 -0.001007541769
162.05 162 162.1 -0.0008950713036
162.15 162.1 162.2 -0.002201946061
162.25 162.2 162.3 0.0002116724157
162.35 162.3 162.4 0.0006967767375
162.45 162.4 162.5 -0.0007490009161
162.55 162.5 162.6 -0.001735680985
162.65 162.6 162.7 -0.001623032853
162.75 162.7 162.8 -0.001450296936
162.85 162.8 162.9 -0.0004360550446
162.95 162.9 163 -0.002022246199
163.05 163 163.1 0.0001701425386
163.15 163.1 163.2 -0.001314036745
163.25 163.2 163.3 -0.0007689293001
163.35 163.3 163.4 -0.00131663748
163.45 163.4 163.5 -0.0006406161235
163.55 163.5 163.6 0.0002325098434
163.65 163.6 163.7 -0.0006869365183
163.75 163.7 163.8 -0.0007890238498
163.85 163.8 163.9 -0.001264622256
163.95 163.9 164 0.0009281134398
164.05 164 164.1 -0.0006874778003
164.15 164.1 164.2 -0.001349894484
164.25 164.2 164.3 6.774944561e-05
164.35 164.3 164.4 -0.001181493306
164.45 164.4 164.5 0.0006753772738
164.55 164.5 164.6 -0.0003935477268
164.65 164.6 164.7 0.0007335554146
164.75 164.7 164.8 0.0008012056607
164.85 164.8 164.9 -0.002284351634
164.95 164.9 165 0.000197365474
165.05 165 165.1 -0.0001160032349
165.15 165.1 165.2 -0.0005742729853
165.25 165.2 165.3 -0.001563455505
165.35 165.3 165.4 -0.000441318956
165.45 165.4 165.5 -0.0005179104014
165.55 165.5 165.6 0.0005628070295
165.65 165.6 165.7 -0.001099824479
165.75 165.7 165.8 -0.0001833975271
165.85 165.8 165.9 -0.0002069225068
165.95 165.9 166 0.0002733730618
166.05 166 166.1 4.720689007e-05
166.15 166.1 166.2 0.0009846183117
166.25 166.2 166.3 -0.00114065922
166.35 166.3 166.4 0.000299824118
166.45 166.4 166.5 0.0005596360885
166.55 166.5 166.6 -0.001553038281
166.65 166.6 166.7 -0.0003419046046
166.75 166.7 166.8 -0.000993375965
166.85 166.8 166.9 -0.001140651572
166.95 166.9 167 0.0005241126684
167.05 167 167.1 0.0004725646589
167.15 167.1 167.2 -0.0007832372819
167.25 167.2 167.3 0.0008039712765
167.35 167.3 167.4 -0.0008665193638
167.45 167.4 167.5 -0.000964625486
167.55 167.5 167.6 -0.001408039358
167.65 167.6 167.7 -0.0005550186572
167.75 167.7 167.8 -0.0008901254669
167.85 167.8 167.9 0.0006226858201
167.95 167.9 168 -9.267445277e-05
168.05 168 168.1 -0.00219943252
168.15 168.1 168.2 -0.002162629183
168.25 168.2 168.3 0.0004512544992
168.35 168.3 168.4 -0.001551266667
168.45 168.4 168.5 -0.001399672581
168.55 168.5 168.6 0.0002461392064
168.65 168.6 168.7 -0.0005323536304
168.75 168.7 168.8 -0.0004602717878
168.85 168.8 168.9 0.0007196988901
168.95 168.9 169 0.0003315939669
169.05 169 169.1 -0.001067469711
169.15 169.1 169.2 -0.001212826663
169.25 169.2 169.3 -0.0001430007668
169.35 169.3 169.4 -0.0008820896401
169.45 169.4 169.5 0.0001189327875
169.55 169.5 169.6 -0.0007284856625
169.65 169.6 169.7 -0.000326798233
169.75 169.7 169.8 -0.0004619582537
169.85 169.8 169.9 -0.001686717749
169.95 169.9 170 -0.0001904226833
170.05 170 170.1 7.547524452e-05
170.15 170.1 170.2 -0.0009377908048
170.25 170.2 170.3 -0.0004476019022
170.35 170.3 170.4 -0.0008228103473
170.45 170.4 170.5 -0.0004331419528
170.55 170.5 170.6 0.0007080921632
170.65 170.6 170.7 -0.0008291058266
170.75 170.7 170.8 -0.001021497304
170.85 170.8 170.9 -0.001202764794
170.95 170.9 171 0.0004027449166
171.05 171 171.1 -0.0001355805207
171.15 171.1 171.2 -0.001079996595
171.25 171.2 171.3 -0.001157803553
171.35 171.3 171.4 0.0002454348125
171.45 171.4 171.5 -0.001104886447
171.55 171.5 171.6 0.0005866174734
171.65 171.6 171.7 -0.0005826566034
171.75 171.7 171.8 -0.0002352233326
171.85 171.8 171.9 -0.0009109103793
171.95 171.9 172 -0.0008381385699
172.05 172 172.1 -0.000799508182
172.15 172.1 172.2 -0.0009579558306
172.25 172.2 172.3 0.0001387758763
172.35 172.3 172.4 0.0004226462746
172.45 172.4 172.5 -0.001569493138
172.55 172.5 172.6 -0.001056987856
172.65 172.6 172.7 -0.0001357203085
172.75 172.7 172.8 -0.001452313682
172.85 172.8 172.9 -0.0008023350669
172.95 172.9 173 -0.001276532694
173.05 173 173.1 -0.0008103223351
173.15 173.1 173.2 -0.001497535649
173.25 173.2 173.3 -0.0009327777501
173.35 173.3 173.4 0.0002645930199
173.45 173.4 173.5 -0.001265059605
173.55 173.5 173.6 0.0002867191041
173.65 173.6 173.7 -0.0007056351054
173.75 173.7 173.8 0.001294530887
173.85 173.8 173.9 -0.0009251687201
173.95 173.9 174 0.0002810205234
174.05 174 174.1 -9.052577137e-05
174.15 174.1 174.2 -0.000601976654
174.25 174.2 174.3 0.0004141006317
174.35 174.3 174.4 -0.000470739539
174.45 174.4 174.5 -0.0004717588692
174.55 174.5 174.6 -0.001584727746
174.65 174.6 174.7 3.008694598e-05
174.75 174.7 174.8 -0.0008430113696
174.85 174.8 174.9 -0.0007153097669
174.95 174.9 175 -0.0006581865344
175.05 175 175.1 -0.000414538453
175.15 175.1 175.2 -0.0009723547007
175.25 175.2 175.3 -0.0006542898442
175.35 175.3 175.4 -0.0004614928216
175.45 175.4 175.5 -0.001003468558
175.55 175.5 175.6 0.0005448843037
175.65 175.6 175.7 -0.001752195846
175.75 175.7 175.8 -0.0006431648045
175.85 175.8 175.9 -0.002095734555
175.95 175.9 176 -0.001259330732
176.05 176 176.1 -0.001112151289
176.15 176.1 176.2 -0.0008741298109
176.25 176.2 176.3 -0.0002045710034
176.35 176.3 176.4 9.10464175e-05
176.45 176.4 176.5 0.001105321497
176.55 176.5 176.6 0.0006350498126
176.65 176.6 176.7 -0.0006313426409
176.75 176.7 176.8 -0.0007616475807
176.85 176.8 176.9 1.104924131e-05
176.95 176.9 177 -0.0007645156362
177.05 177 177.1 -0.0007223813062
177.15 177.1 177.2 -0.0008901783211
177.25 177.2 177.3 -0.0006905706214
177.35 177.3 177.4 -0.0005459456143
177.45 177.4 177.5 0.0009042135828
177.55 177.5 177.6 0.0008701021333
177.65 177.6 177.7 -0.001368424249
177.75 177.7 177.8 0.0009672840717
177.85 177.8 177.9 -0.001839932522
177.95 177.9 178 6.059328442e-05
178.05 178 178.1 -0.001670433811
178.15 178.1 178.2 -0.001479483337
178.25 178.2 178.3 0.0005896182881
178.35 178.3 178.4 -0.0003556775393
178.45 178.4 178.5 -0.0004210185638
178.55 178.5 178.6 0.0004408863823
178.65 178.6 178.7 0.0009510019423
178.75 178.7 178.8 0.00123368354
178.85 178.8 178.9 0.001716147656
178.95 178.9 179 -0.001278469588
179.05 179 179.1 8.843146678e-05
179.15 179.1 179.2 0.0003338429925
179.25 179.2 179.3 -0.001286480687
179.35 179.3 179.4 -0.001057496349
179.45 179.4 179.5 -0.0002646167328
179.55 179.5 179.6 -0.001090030717
179.65 179.6 179.7 0.0004793161459
179.75 179.7 179.8 -0.0007251668593
179.85 179.8 179.9 0.0001307496218
179.95 179.9 180 -0.0007851124716
180.05 180 180.1 -0.001728146082
180.15 180.1 180.2 0.0003636501911
180.25 180.2 180.3 -0.001198396598
180.35 180.3 180.4 -0.001263642112
180.45 180.4 180.5 -0.001036742093
180.55 180.5 180.6 -0.002554669646
180.65 180.6 180.7 -3.307248335e-05
180.75 180.7 180.8 -0.0002926302837
180.85 180.8 180.9 0.0005015395287
180.95 180.9 181 -0.001382949159
181.05 181 181.1 -0.0009580736745
181.15 181.1 181.2 -0.0007169429846
181.25 181.2 181.3 0.0002405109076
181.35 181.3 181.4 0.0009385390373
181.45 181.4 181.5 -7.462489776e-05
181.55 181.5 181.6 -0.000544610839
181.65 181.6 181.7 0.0002348636736
181.75 181.7 181.8 -0.0006824152471
181.85 181.8 181.9 -0.00107616521
181.95 181.9 182 6.577261483e-06
182.05 182 182.1 0.0002197171915
182.15 182.1 182.2 0.0007145096251
182.25 182.2 182.3 -0.001719468467
182.35 182.3 182.4 -0.001811719646
182.45 182.4 182.5 -0.001600593585
182.55 182.5 182.6 -0.0001431185723
182.65 182.6 182.7 -0.0008900008318
182.75 182.7 182.8 -0.001280744803
182.85 182.8 182.9 0.0004055031776
182.95 182.9 183 0.001115964037
183.05 183 183.1 0.0002851901005
183.15 183.1 183.2 0.0001820748246
183.25 183.2 183.3 -0.000411497672
183.35 183.3 183.4 -0.0006007079979
183.45 183.4 183.5 -0.001653344886
183.55 183.5 183.6 -0.000831929061
183.65 183.6 183.7 -0.0002551273218
183.75 183.7 183.8 -0.000230899152
183.85 183.8 183.9 -0.0001884872844
183.95 183.9 184 -0.001509515351
184.05 184 184.1 0.0009783609547
184.15 184.1 184.2 0.0004616741597
184.25 184.2 184.3 1.740129175e-05
184.35 184.3 184.4 0.001137927868
184.45 184.4 184.5 -0.001567915543
184.55 184.5 184.6 -0.0008411127691
184.65 184.6 184.7 -0.001292174952
184.75 184.7 184.8 0.000811497673
184.85 184.8 184.9 0.0008795134358
184.95 184.9 185 0.0003340680748
185.05 185 185.1 0.00141816353
185.15 185.1 185.2 -0.00118234942
185.25 185.2 185.3 -0.0003669885966
185.35 185.3 185.4 0.001943935543
185.45 185.4 185.5 0.0008292436968
185.55 185.5 185.6 0.0004463430702
185.65 185.6 185.7 -0.0001580795926
185.75 185.7 185.8 -0.0008677557824
185.85 185.8 185.9 -0.0002597293946
185.95 185.9 186 0.000350240003
186.05 186 186.1 0.001074894999
186.15 186.1 186.2 -7.725925835e-05
186.25 186.2 186.3 0.001099252742
186.35 186.3 186.4 0.001320099438
186.45 186.4 186.5 0.0002472851347
186.55 186.5 186.6 -0.000373177437
186.65 186.6 186.7 -0.001350833059
186.75 186.7 186.8 -0.0007111888319
186.85 186.8 186.9 -0.0002472446653
186.95 186.9 187 -0.0005951360254
187.05 187 187.1 0.0004221057876
187.15 187.1 187.2 -0.0008836148828
187.25 187.2 187.3 -0.0004535770638
187.35 187.3 187.4 0.0007644898872
187.45 187.4 187.5 -0.0001683210563
187.55 187.5 187.6 0.0005871082569
187.65 187.6 187.7 -0.0002489140906
187.75 187.7 187.8 0.0001700615146
187.85 187.8 187.9 0.0006378645964
187.95 187.9 188 -0.0002801781944
188.05 188 188.1 0.0007031251992
188.15 188.1 188.2 0.001145247576
188.25 188.2 188.3 -0.0003460144311
188.35 188.3 188.4 0.0003462631104
188.45 188.4 188.5 0.0006191309185
188.55 188.5 188.6 -0.0001639427377
188.65 188.6 188.7 0.0002032277348
188.75 188.7 188.8 -0.0009738745549
188.85 188.8 188.9 0.0001325627364
188.95 188.9 189 -0.0002758975558
189.05 189 189.1 0.001079507888
189.15 189.1 189.2 0.0009336175707
189.25 189.2 189.3 -0.0007299972321
189.35 189.3 189.4 0.0003487090856
189.45 189.4 189.5 -0.0007891374752
189.55 189.5 189.6 0.0003815320556
189.65 189.6 189.7 0.001240160241
189.75 189.7 189.8 0.00109816529
189.85 189.8 189.9 -0.0007011434906
189.95 189.9 190 0.001504355014
190.05 190 190.1 0.00185547148
190.15 190.1 190.2 -0.001104536451
190.25 190.2 190.3 0.0005261690159
190.35 190.3 190.4 -0.000487089308
190.45 190.4 190.5 0.0008193389092
190.55 190.5 190.6 -1.685928048e-05
190.65 190.6 190.7 0.0005658118709
190.75 190.7 190.8 -0.0004959866135
190.85 190.8 190.9 0.0001157326579
190.95 190.9 191 -0.0005277075565
191.05 191 191.1 -0.000968019705
191.15 191.1 191.2 -0.0003029480269
191.25 191.2 191.3 0.0001844091851
191.35 191.3 191.4 0.00105810567
191.45 191.4 191.5 0.0005324776278
191.55 191.5 191.6 -0.0006282711527
191.65 191.6 191.7 0.0002556752352
191.75 191.7 191.8 0.0002220959428
191.85 191.8 191.9 0.0006125914191
191.95 191.9 192 -0.0004184820783
192.05 192 192.1 0.00140177206
192.15 192.1 192.2 -0.0007887193338
192.25 192.2 192.3 -0.0007923601762
192.35 192.3 192.4 -0.0004392912173
192.45 192.4 192.5 -0.0008849802714
192.55 192.5 192.6 0.0003334646664
192.65 192.6 192.7 -0.0001154747453
192.75 192.7 192.8 -0.0008426797926
192.85 192.8 192.9 -0.001152479575
192.95 192.9 193 9.477039474e-05
193.05 193 193.1 0.0007541016824
193.15 193.1 193.2 3.72051805e-05
193.25 193.2 193.3 0.001233826957
193.35 193.3 193.4 0.0002391565755
193.45 193.4 193.5 -0.0001147306977
193.55 193.5 193.6 0.0004548872735
193.65 193.6 193.7 0.0008299978762
193.75 193.7 193.8 -0.001503156308
193.85 193.8 193.9 0.000171758306
193.95 193.9 194 -0.00033939951
194.05 194 194.1 -0.001141661028
194.15 194.1 194.2 -0.0004199008379
194.25 194.2 194.3 -0.0005734399401
194.35 194.3 194.4 -0.0007488685823
194.45 194.4 194.5 -0.001380389302
194.55 194.5 194.6 -0.0006105948061
194.65 194.6 194.7 -0.000740618097
194.75 194.7 194.8 -0.0004332560133
194.85 194.8 194.9 0.0007329360384
194.95 194.9 195 -0.0009557328927
195.05 195 195.1 3.849262459e-05
195.15 195.1 195.2 -0.0001777909159
195.25 195.2 195.3 -0.0007527036037
195.35 195.3 195.4 -0.0005916045797
195.45 195.4 195.5 -0.000960554727
195.55 195.5 195.6 -0.0001568366055
195.65 195.6 195.7 -0.0003489388737
195.75 195.7 195.8 -0.0001727521455
195.85 195.8 195.9 -0.001097718251
195.95 195.9 196 -0.0007228113341
196.05 196 196.1 -0.0001417032126
196.15 196.1 196.2 0.000935597845
196.25 196.2 196.3 -0.0002693301605
196.35 196.3 196.4 9.026463545e-05
196.45 196.4 196.5 -8.490751869e-05
196.55 196.5 196.6 0.0002740931718
196.65 196.6 196.7 -0.0001138131758
196.75 196.7 196.8 0.0005506788373
196.85 196.8 196.9 0.001114432069
196.95 196.9 197 -0.001204377437
197.05 197 197.1 -0.0009983439504
197.15 197.1 197.2 0.0003122039398
197.25 197.2 197.3 -0.001056401424
197.35 197.3 197.4 -0.0005675951293
197.45 197.4 197.5 -0.0006298699061
197.55 197.5 197.6 -0.00217748065
197.65 197.6 197.7 0.0002938774276
197.75 197.7 197.8 -0.0005970435355
197.85 197.8 197.9 -0.0006040850048
197.95 197.9 198 -0.0008715394761
198.05 198 198.1 -0.0009496237683
198.15 198.1 198.2 -0.0006673114913
198.25 198.2 198.3 4.661001584e-05
198.35 198.3 198.4 -0.001039845556
198.45 198.4 198.5 -0.0008617841943
198.55 198.5 198.6 -0.0003447883599
198.65 198.6 198.7 -0.0004070359055
198.75 198.7 198.8 -0.000253849619
198.85 198.8 198.9 -0.001187191268
198.95 198.9 199 -0.0003725018704
199.05 199 199.1 0.00143214777
199.15 199.1 199.2 0.0004657396519
199.25 199.2 199.3 0.0006166205152
199.35 199.3 199.4 0.0003815763539
199.45 199.4 199.5 -0.001221300629
199.55 199.5 199.6 -0.0008852739886
199.65 199.6 199.7 -0.0005527171548
199.75 199.7 199.8 -0.001026575261
199.85 199.8 199.9 -0.000888509282
199.95 199.9 200 0.0001215491563
