# Columns: s_cen(1) s_min(2) s_max(3) xi_iso(4)
0.05 0 0.1 54.32540608
0.15 0.1 0.2 11.54921607
0.25 0.2 0.3 20.79092419
0.35 0.3 0.4 18.73191559
0.45 0.4 0.5 23.52303142
0.55 0.5 0.6 23.68491499
0.65 0.6 0.7 23.53683957
0.75 0.7 0.8 21.58896787
0.85 0.8 0.9 21.06271675
0.95 0.9 1 21.2148732
1.05 1 1.1 21.79605251
1.15 1.1 1.2 18.33842549
1.25 1.2 1.3 17.55759453
1.35 1.3 1.4 18.42560051
1.45 1.4 1.5 17.28440695
1.55 1.5 1.6 15.5263852
1.65 1.6 1.7 16.10827214
1.75 1.7 1.8 14.09575158
1.85 1.8 1.9 13.28602277
1.95 1.9 2 12.45219684
2.05 2 2.1 11.77206397
2.15 2.1 2.2 11.85196
2.25 2.2 2.3 10.84182391
2.35 2.3 2.4 9.906204214
2.45 2.4 2.5 9.244478089
2.55 2.5 2.6 8.62132595
2.65 2.6 2.7 8.191414865
2.75 2.7 2.8 8.098903765
2.85 2.8 2.9 7.528718645
2.95 2.9 3 6.924424246
3.05 3 3.1 6.719671927
3.15 3.1 3.2 6.54124928
3.25 3.2 3.3 6.145170885
3.35 3.3 3.4 6.140718565
3.45 3.4 3.5 5.646855282
3.55 3.5 3.6 5.66611817
3.65 3.6 3.7 4.986813085
3.75 3.7 3.8 5.07841729
3.85 3.8 3.9 4.991551519
3.95 3.9 4 4.746179421
4.05 4 4.1 4.429844361
4.15 4.1 4.2 4.360211958
4.25 4.2 4.3 4.271577949
4.35 4.3 4.4 4.017466119
4.45 4.4 4.5 4.11319873
4.55 4.5 4.6 3.9402487
4.65 4.6 4.7 3.708662475
4.75 4.7 4.8 3.746440346
4.85 4.8 4.9 3.588470664
4.95 4.9 5 3.421710648
5.05 5 5.1 3.357243432
5.15 5.1 5.2 3.158749777
5.25 5.2 5.3 3.263323053
5.35 5.3 5.4 3.26445858
5.45 5.4 5.5 2.964249749
5.55 5.5 5.6 2.869197063
5.65 5.6 5.7 2.867849585
5.75 5.7 5.8 2.792071454
5.85 5.8 5.9 2.689245503
5.95 5.9 6 2.586963964
6.05 6 6.1 2.482575326
6.15 6.1 6.2 2.508994001
6.25 6.2 6.3 2.405191638
6.35 6.3 6.4 2.371123462
6.45 6.4 6.5 2.246683956
6.55 6.5 6.6 2.292685449
6.65 6.6 6.7 2.192264562
6.75 6.7 6.8 2.16787806
6.85 6.8 6.9 2.047456559
6.95 6.9 7 2.038900964
7.05 7 7.1 2.04181879
7.15 7.1 7.2 1.969369746
7.25 7.2 7.3 1.892529378
7.35 7.3 7.4 1.822645575
7.45 7.4 7.5 1.839243114
7.55 7.5 7.6 1.824494564
7.65 7.6 7.7 1.706741021
7.75 7.7 7.8 1.779626338
7.85 7.8 7.9 1.730339644
7.95 7.9 8 1.645187223
8.05 8 8.1 1.597778462
8.15 8.1 8.2 1.482105901
8.25 8.2 8.3 1.532880948
8.35 8.3 8.4 1.591067811
8.45 8.4 8.5 1.476051349
8.55 8.5 8.6 1.435772077
8.65 8.6 8.7 1.360610373
8.75 8.7 8.8 1.341089801
8.85 8.8 8.9 1.373443498
8.95 8.9 9 1.313077928
9.05 9 9.1 1.367825298
9.15 9.1 9.2 1.254169144
9.25 9.2 9.3 1.331459894
9.35 9.3 9.4 1.290790258
9.45 9.4 9.5 1.218819823
9.55 9.5 9.6 1.186651895
9.65 9.6 9.7 1.160441266
9.75 9.7 9.8 1.178450953
9.85 9.8 9.9 1.09021777
9.95 9.9 10 1.106397236
10.05 10 10.1 1.082894151
10.15 10.1 10.2 1.045397824
10.25 10.2 10.3 1.044736359
10.35 10.3 10.4 0.9958821558
10.45 10.4 10.5 1.048262635
10.55 10.5 10.6 0.9516478895
10.65 10.6 10.7 0.9907524372
10.75 10.7 10.8 0.9421360982
10.85 10.8 10.9 0.9130546709
10.95 10.9 11 0.9129836192
11.05 11 11.1 0.9317205211
11.15 11.1 11.2 0.9137620978
11.25 11.2 11.3 0.8891922981
11.35 11.3 11.4 0.8473306499
11.45 11.4 11.5 0.8358017011
11.55 11.5 11.6 0.8302940756
11.65 11.6 11.7 0.8265133918
11.75 11.7 11.8 0.8160438737
11.85 11.8 11.9 0.7828522302
11.95 11.9 12 0.7575545547
12.05 12 12.1 0.8050939214
12.15 12.1 12.2 0.7312045271
12.25 12.2 12.3 0.7219017998
12.35 12.3 12.4 0.7261012905
12.45 12.4 12.5 0.7245783806
12.55 12.5 12.6 0.7044088338
12.65 12.6 12.7 0.7219533236
12.75 12.7 12.8 0.7264896784
12.85 12.8 12.9 0.6663643207
12.95 12.9 13 0.6439406272
13.05 13 13.1 0.6679096358
13.15 13.1 13.2 0.666347186
13.25 13.2 13.3 0.6254079242
13.35 13.3 13.4 0.65666112
13.45 13.4 13.5 0.6197123539
13.55 13.5 13.6 0.638182804
13.65 13.6 13.7 0.5961570254
13.75 13.7 13.8 0.6173949903
13.85 13.8 13.9 0.558304433
13.95 13.9 14 0.5789224277
14.05 14 14.1 0.5745694751
14.15 14.1 14.2 0.5834977801
14.25 14.2 14.3 0.5606697637
14.35 14.3 14.4 0.5678233742
14.45 14.4 14.5 0.5366962582
14.55 14.5 14.6 0.5505787791
14.65 14.6 14.7 0.5314468664
14.75 14.7 14.8 0.509478846
14.85 14.8 14.9 0.4901347991
14.95 14.9 15 0.5039014221
15.05 15 15.1 0.4707497079
15.15 15.1 15.2 0.4777140565
15.25 15.2 15.3 0.4678906434
15.35 15.3 15.4 0.4739528066
15.45 15.4 15.5 0.4561797594
15.55 15.5 15.6 0.4685911578
15.65 15.6 15.7 0.4658087608
15.75 15.7 15.8 0.4630577469
15.85 15.8 15.9 0.4596004843
15.95 15.9 16 0.4270398546
16.05 16 16.1 0.4653891692
16.15 16.1 16.2 0.4309462167
16.25 16.2 16.3 0.4136529742
16.35 16.3 16.4 0.3990404727
16.45 16.4 16.5 0.3978280825
16.55 16.5 16.6 0.4089261116
16.65 16.6 16.7 0.4199229834
16.75 16.7 16.8 0.4014301486
16.85 16.8 16.9 0.4044330605
16.95 16.9 17 0.395036076
17.05 17 17.1 0.3845427409
17.15 17.1 17.2 0.3864549243
17.25 17.2 17.3 0.3871299962
17.35 17.3 17.4 0.3898826197
17.45 17.4 17.5 0.3841109257
17.55 17.5 17.6 0.3727170752
17.65 17.6 17.7 0.3797049426
17.75 17.7 17.8 0.3582586723
17.85 17.8 17.9 0.3503760035
17.95 17.9 18 0.3663143739
18.05 18 18.1 0.3494835315
18.15 18.1 18.2 0.3568332428
18.25 18.2 18.3 0.3506420456
18.35 18.3 18.4 0.3350668786
18.45 18.4 18.5 0.329401606
18.55 18.5 18.6 0.339243477
18.65 18.6 18.7 0.3448331148
18.75 18.7 18.8 0.3253131824
18.85 18.8 18.9 0.3259194737
18.95 18.9 19 0.3120742076
19.05 19 19.1 0.3212412878
19.15 19.1 19.2 0.3173974026
19.25 19.2 19.3 0.3128379145
19.35 19.3 19.4 0.309680039
19.45 19.4 19.5 0.3071622668
19.55 19.5 19.6 0.3037204361
19.65 19.6 19.7 0.3016865997
19.75 19.7 19.8 0.304736706
19.85 19.8 19.9 0.285065629
19.95 19.9 20 0.2913037899
20.05 20 20.1 0.2752059041
20.15 20.1 20.2 0.2808190373
20.25 20.2 20.3 0.2741566569
20.35 20.3 20.4 0.3070390247
20.45 20.4 20.5 0.2915737997
20.55 20.5 20.6 0.2660320643
20.65 20.6 20.7 0.2712574197
20.75 20.7 20.8 0.2373615873
20.85 20.8 20.9 0.2593589799
20.95 20.9 21 0.2565370429
21.05 21 21.1 0.2624664409
21.15 21.1 21.2 0.2637660945
21.25 21.2 21.3 0.2541197682
21.35 21.3 21.4 0.2408637656
21.45 21.4 21.5 0.2384746343
21.55 21.5 21.6 0.2303992774
21.65 21.6 21.7 0.2505194895
21.75 21.7 21.8 0.2307018809
21.85 21.8 21.9 0.215327072
21.95 21.9 22 0.2278190327
22.05 22 22.1 0.2334039187
22.15 22.1 22.2 0.2205010016
22.25 22.2 22.3 0.226377421
22.35 22.3 22.4 0.2177993266
22.45 22.4 22.5 0.2216777399
22.55 22.5 22.6 0.2100822224
22.65 22.6 22.7 0.2051127993
22.75 22.7 22.8 0.2284745125
22.85 22.8 22.9 0.202870475
22.95 22.9 23 0.2069313264
23.05 23 23.1 0.2161043285
23.15 23.1 23.2 0.2004568334
23.25 23.2 23.3 0.1968005304
23.35 23.3 23.4 0.1794845262
23.45 23.4 23.5 0.193549486
23.55 23.5 23.6 0.2049024192
23.65 23.6 23.7 0.2025426861
23.75 23.7 23.8 0.1912927633
23.85 23.8 23.9 0.2038065418
23.95 23.9 24 0.1721491816
24.05 24 24.1 0.1815602788
24.15 24.1 24.2 0.183763509
24.25 24.2 24.3 0.1745866561
24.35 24.3 24.4 0.1794602253
24.45 24.4 24.5 0.1638804282
24.55 24.5 24.6 0.1783939958
24.65 24.6 24.7 0.183158613
24.75 24.7 24.8 0.1837688718
24.85 24.8 24.9 0.1838255729
24.95 24.9 25 0.1696148976
25.05 25 25.1 0.1856461919
25.15 25.1 25.2 0.1761540653
25.25 25.2 25.3 0.1604944947
25.35 25.3 25.4 0.1627215242
25.45 25.4 25.5 0.1727782049
25.55 25.5 25.6 0.1662340573
25.65 25.6 25.7 0.1572855927
25.75 25.7 25.8 0.1580502553
25.85 25.8 25.9 0.15448937
25.95 25.9 26 0.1669866493
26.05 26 26.1 0.141606319
26.15 26.1 26.2 0.1486668882
26.25 26.2 26.3 0.1715442764
26.35 26.3 26.4 0.1562532123
26.45 26.4 26.5 0.137564981
26.55 26.5 26.6 0.143546099
26.65 26.6 26.7 0.1544329769
26.75 26.7 26.8 0.1363598755
26.85 26.8 26.9 0.1390458961
26.95 26.9 27 0.143387275
27.05 27 27.1 0.1551502014
27.15 27.1 27.2 0.1437616672
27.25 27.2 27.3 0.1362684662
27.35 27.3 27.4 0.1281682389
27.45 27.4 27.5 0.1438844706
27.55 27.5 27.6 0.1243317014
27.65 27.6 27.7 0.1224109922
27.75 27.7 27.8 0.1263708591
27.85 27.8 27.9 0.1227510257
27.95 27.9 28 0.1471243524
28.05 28 28.1 0.1270894304
28.15 28.1 28.2 0.1397141825
28.25 28.2 28.3 0.1283846653
28.35 28.3 28.4 0.1230884018
28.45 28.4 28.5 0.1330062423
28.55 28.5 28.6 0.1208191616
28.65 28.6 28.7 0.1352919431
28.75 28.7 28.8 0.1232276032
28.85 28.8 28.9 0.1200572486
28.95 28.9 29 0.1216025553
29.05 29 29.1 0.12505285
29.15 29.1 29.2 0.1041685979
29.25 29.2 29.3 0.1253354997
29.35 29.3 29.4 0.1090657741
29.45 29.4 29.5 0.1176537946
29.55 29.5 29.6 0.1170455512
29.65 29.6 29.7 0.1203447691
29.75 29.7 29.8 0.103805055
29.85 29.8 29.9 0.1049616255
29.95 29.9 30 0.103458896
30.05 30 30.1 0.1233194094
30.15 30.1 30.2 0.1114177613
30.25 30.2 30.3 0.09222519708
30.35 30.3 30.4 0.09505369025
30.45 30.4 30.5 0.08545935414
30.55 30.5 30.6 0.09916180989
30.65 30.6 30.7 0.1014161124
30.75 30.7 30.8 0.1021627628
30.85 30.8 30.9 0.09929856647
30.95 30.9 31 0.1079200682
31.05 31 31.1 0.09082262835
31.15 31.1 31.2 0.1003515699
31.25 31.2 31.3 0.0876425357
31.35 31.3 31.4 0.09028836659
31.45 31.4 31.5 0.103448978
31.55 31.5 31.6 0.09158462856
31.65 31.6 31.7 0.08906990641
31.75 31.7 31.8 0.09981517088
31.85 31.8 31.9 0.1002033277
31.95 31.9 32 0.07783976308
32.05 32 32.1 0.09944208228
32.15 32.1 32.2 0.09101138093
32.25 32.2 32.3 0.08329350109
32.35 32.3 32.4 0.08478071136
32.45 32.4 32.5 0.09535895315
32.55 32.5 32.6 0.08705229926
32.65 32.6 32.7 0.08593784098
32.75 32.7 32.8 0.07696547481
32.85 32.8 32.9 0.08101170842
32.95 32.9 33 0.08426821791
33.05 33 33.1 0.07532127674
33.15 33.1 33.2 0.08350278856
33.25 33.2 33.3 0.089132151
33.35 33.3 33.4 0.07819760145
33.45 33.4 33.5 0.07564330812
33.55 33.5 33.6 0.08404965882
33.65 33.6 33.7 0.07624336478
33.75 33.7 33.8 0.08384248862
33.85 33.8 33.9 0.08120599497
33.95 33.9 34 0.07715632608
34.05 34 34.1 0.08235904153
34.15 34.1 34.2 0.08204101667
34.25 34.2 34.3 0.07798407396
34.35 34.3 34.4 0.08623021993
34.45 34.4 34.5 0.07252601715
34.55 34.5 34.6 0.0822436697
34.65 34.6 34.7 0.07339715599
34.75 34.7 34.8 0.07267934154
34.85 34.8 34.9 0.0804581987
34.95 34.9 35 0.06932731523
35.05 35 35.1 0.06820069134
35.15 35.1 35.2 0.06619518753
35.25 35.2 35.3 0.0745844437
35.35 35.3 35.4 0.07096025394
35.45 35.4 35.5 0.07534922669
35.55 35.5 35.6 0.07004615219
35.65 35.6 35.7 0.06742902925
35.75 35.7 35.8 0.07134348831
35.85 35.8 35.9 0.06625648185
35.95 35.9 36 0.06526656488
36.05 36 36.1 0.05940568464
36.15 36.1 36.2 0.06398515311
36.25 36.2 36.3 0.06105231725
36.35 36.3 36.4 0.06546969643
36.45 36.4 36.5 0.07140614968
36.55 36.5 36.6 0.05039761603
36.65 36.6 36.7 0.06844341927
36.75 36.7 36.8 0.0507236012
36.85 36.8 36.9 0.0625266804
36.95 36.9 37 0.06835394771
37.05 37 37.1 0.06539197648
37.15 37.1 37.2 0.04781951777
37.25 37.2 37.3 0.05385995837
37.35 37.3 37.4 0.05929886757
37.45 37.4 37.5 0.0625714875
37.55 37.5 37.6 0.06540271463
37.65 37.6 37.7 0.05442651075
37.75 37.7 37.8 0.0466724497
37.85 37.8 37.9 0.05197893508
37.95 37.9 38 0.06465814937
38.05 38 38.1 0.05808932884
38.15 38.1 38.2 0.06069624165
38.25 38.2 38.3 0.0583848116
38.35 38.3 38.4 0.05518454548
38.45 38.4 38.5 0.05139802163
38.55 38.5 38.6 0.04700680572
38.65 38.6 38.7 0.06012940883
38.75 38.7 38.8 0.05967665879
38.85 38.8 38.9 0.05479633387
38.95 38.9 39 0.05031486851
39.05 39 39.1 0.048981845
39.15 39.1 39.2 0.04661025623
39.25 39.2 39.3 0.04641871199
39.35 39.3 39.4 0.05041889701
39.45 39.4 39.5 0.05025465141
39.55 39.5 39.6 0.0448831504
39.65 39.6 39.7 0.04695743615
39.75 39.7 39.8 0.0496263759
39.85 39.8 39.9 0.04244837298
39.95 39.9 40 0.04300121219
40.05 40 40.1 0.04482392349
40.15 40.1 40.2 0.05090536464
40.25 40.2 40.3 0.05252843843
40.35 40.3 40.4 0.04131768803
40.45 40.4 40.5 0.0511011887
40.55 40.5 40.6 0.04679057426
40.65 40.6 40.7 0.04963545616
40.75 40.7 40.8 0.04356557125
40.85 40.8 40.9 0.04148270548
40.95 40.9 41 0.04907719831
41.05 41 41.1 0.04285500705
41.15 41.1 41.2 0.03826713906
41.25 41.2 41.3 0.04069171229
41.35 41.3 41.4 0.04323325519
41.45 41.4 41.5 0.04045699759
41.55 41.5 41.6 0.03691683199
41.65 41.6 41.7 0.04462801286
41.75 41.7 41.8 0.035233483
41.85 41.8 41.9 0.04271919858
41.95 41.9 42 0.03930760899
42.05 42 42.1 0.04348016184
42.15 42.1 42.2 0.03398444124
42.25 42.2 42.3 0.0390639685
42.35 42.3 42.4 0.04137605907
42.45 42.4 42.5 0.03156165562
42.55 42.5 42.6 0.03012101129
42.65 42.6 42.7 0.03099103709
42.75 42.7 42.8 0.03543755256
42.85 42.8 42.9 0.03762370517
42.95 42.9 43 0.03620977426
43.05 43 43.1 0.0393942983
43.15 43.1 43.2 0.04184901427
43.25 43.2 43.3 0.03852019763
43.35 43.3 43.4 0.02831928168
43.45 43.4 43.5 0.03306044662
43.55 43.5 43.6 0.03727329888
43.65 43.6 43.7 0.03534094042
43.75 43.7 43.8 0.03410244024
43.85 43.8 43.9 0.0257231635
43.95 43.9 44 0.02983429769
44.05 44 44.1 0.03323034189
44.15 44.1 44.2 0.04102208495
44.25 44.2 44.3 0.03710768773
44.35 44.3 44.4 0.0276498726
44.45 44.4 44.5 0.02936202293
44.55 44.5 44.6 0.03411043336
44.65 44.6 44.7 0.03216982037
44.75 44.7 44.8 0.03782312268
44.85 44.8 44.9 0.02506262846
44.95 44.9 45 0.03178889905
45.05 45 45.1 0.03670751827
45.15 45.1 45.2 0.03954423196
45.25 45.2 45.3 0.03083814477
45.35 45.3 45.4 0.0289110846
45.45 45.4 45.5 0.03837954309
45.55 45.5 45.6 0.0305416794
45.65 45.6 45.7 0.02710873991
45.75 45.7 45.8 0.03320540925
45.85 45.8 45.9 0.02656616467
45.95 45.9 46 0.0335910939
46.05 46 46.1 0.03930718967
46.15 46.1 46.2 0.0337448893
46.25 46.2 46.3 0.03084654151
46.35 46.3 46.4 0.02993672124
46.45 46.4 46.5 0.0220303507
46.55 46.5 46.6 0.03073961063
46.65 46.6 46.7 0.03515566766
46.75 46.7 46.8 0.03145670919
46.85 46.8 46.9 0.0313955193
46.95 46.9 47 0.02748729684
47.05 47 47.1 0.02955061813
47.15 47.1 47.2 0.02926054007
47.25 47.2 47.3 0.02651555394
47.35 47.3 47.4 0.02585270724
47.45 47.4 47.5 0.03145518443
47.55 47.5 47.6 0.03324733489
47.65 47.6 47.7 0.03074361977
47.75 47.7 47.8 0.03031312971
47.85 47.8 47.9 0.03373008461
47.95 47.9 48 0.02631004289
48.05 48 48.1 0.02978814298
48.15 48.1 48.2 0.02821052978
48.25 48.2 48.3 0.01865549671
48.35 48.3 48.4 0.02276272104
48.45 48.4 48.5 0.02053579195
48.55 48.5 48.6 0.02095133976
48.65 48.6 48.7 0.02151208323
48.75 48.7 48.8 0.02841093233
48.85 48.8 48.9 0.01922469875
48.95 48.9 49 0.02118533911
49.05 49 49.1 0.03036597878
49.15 49.1 49.2 0.01810910987
49.25 49.2 49.3 0.02285729021
49.35 49.3 49.4 0.02372868907
49.45 49.4 49.5 0.02844076599
49.55 49.5 49.6 0.02082956991
49.65 49.6 49.7 0.01392927723
49.75 49.7 49.8 0.02536771383
49.85 49.8 49.9 0.02367854724
49.95 49.9 50 0.01859976854
50.05 50 50.1 0.0218248725
50.15 50.1 50.2 0.02626946028
50.25 50.2 50.3 0.02059363668
50.35 50.3 50.4 0.02398687752
50.45 50.4 50.5 0.02364641259
50.55 50.5 50.6 0.02340395685
50.65 50.6 50.7 0.02991760282
50.75 50.7 50.8 0.02258039832
50.85 50.8 50.9 0.0202858651
50.95 50.9 51 0.01863932699
51.05 51 51.1 0.02095890516
51.15 51.1 51.2 0.02294515557
51.25 51.2 51.3 0.01752025659
51.35 51.3 51.4 0.02114169857
51.45 51.4 51.5 0.0171351007
51.55 51.5 51.6 0.02733167684
51.65 51.6 51.7 0.01934814023
51.75 51.7 51.8 0.01465001065
51.85 51.8 51.9 0.02059094423
51.95 51.9 52 0.02427263223
52.05 52 52.1 0.01875063218
52.15 52.1 52.2 0.02664134974
52.25 52.2 52.3 0.01937038084
52.35 52.3 52.4 0.02510282395
52.45 52.4 52.5 0.0214476088
52.55 52.5 52.6 0.01420488993
52.65 52.6 52.7 0.01281435317
52.75 52.7 52.8 0.01955005814
52.85 52.8 52.9 0.02007635522
52.95 52.9 53 0.01682392438
53.05 53 53.1 0.02681698678
53.15 53.1 53.2 0.01540218607
53.25 53.2 53.3 0.01848600522
53.35 53.3 53.4 0.02227123984
53.45 53.4 53.5 0.01806120826
53.55 53.5 53.6 0.01184727759
53.65 53.6 53.7 0.01888675167
53.75 53.7 53.8 0.01421162912
53.85 53.8 53.9 0.00800937945
53.95 53.9 54 0.01553570763
54.05 54 54.1 0.02414706633
54.15 54.1 54.2 0.02157754908
54.25 54.2 54.3 0.02081163894
54.35 54.3 54.4 0.01841559765
54.45 54.4 54.5 0.022155103
54.55 54.5 54.6 0.01779974314
54.65 54.6 54.7 0.01101443647
54.75 54.7 54.8 0.01205376408
54.85 54.8 54.9 0.0148434213
54.95 54.9 55 0.01531644041
55.05 55 55.1 0.01189035259
55.15 55.1 55.2 0.01287164132
55.25 55.2 55.3 0.02232148788
55.35 55.3 55.4 0.01172813464
55.45 55.4 55.5 0.01563557898
55.55 55.5 55.6 0.01621604425
55.65 55.6 55.7 0.007253246586
55.75 55.7 55.8 0.007599951347
55.85 55.8 55.9 0.006060598561
55.95 55.9 56 0.01888249951
56.05 56 56.1 0.01409066766
56.15 56.1 56.2 0.01599936393
56.25 56.2 56.3 0.01467646647
56.35 56.3 56.4 0.009194498148
56.45 56.4 56.5 0.01207357788
56.55 56.5 56.6 0.02165646669
56.65 56.6 56.7 0.0146902783
56.75 56.7 56.8 0.009892557087
56.85 56.8 56.9 0.01331521767
56.95 56.9 57 0.01302886994
57.05 57 57.1 0.01730778128
57.15 57.1 57.2 0.0105581338
57.25 57.2 57.3 0.006583265073
57.35 57.3 57.4 0.01090312372
57.45 57.4 57.5 0.0136004861
57.55 57.5 57.6 0.01635369712
57.65 57.6 57.7 0.01202031224
57.75 57.7 57.8 0.008480735484
57.85 57.8 57.9 0.01334403752
57.95 57.9 58 0.004725650434
58.05 58 58.1 0.01127226732
58.15 58.1 58.2 0.008703320373
58.25 58.2 58.3 0.01416238874
58.35 58.3 58.4 0.01381029426
58.45 58.4 58.5 0.008304496923
58.55 58.5 58.6 0.01301485755
58.65 58.6 58.7 0.01292965226
58.75 58.7 58.8 0.01557461425
58.85 58.8 58.9 0.01351262647
58.95 58.9 59 0.01142885429
59.05 59 59.1 0.009680298985
59.15 59.1 59.2 0.005237150882
59.25 59.2 59.3 0.01295813044
59.35 59.3 59.4 0.007816855486
59.45 59.4 59.5 0.01084609815
59.55 59.5 59.6 0.0143063548
59.65 59.6 59.7 0.003596655754
59.75 59.7 59.8 0.01158569001
59.85 59.8 59.9 0.01283747685
59.95 59.9 60 0.01242912315
60.05 60 60.1 0.009610375739
60.15 60.1 60.2 0.01157373999
60.25 60.2 60.3 0.01243674367
60.35 60.3 60.4 0.006823400248
60.45 60.4 60.5 0.006883220795
60.55 60.5 60.6 0.00966443409
60.65 60.6 60.7 0.003948774122
60.75 60.7 60.8 0.002271243392
60.85 60.8 60.9 0.009416692963
60.95 60.9 61 0.01670219147
61.05 61 61.1 0.006351700511
61.15 61.1 61.2 0.01081006577
61.25 61.2 61.3 0.01496395028
61.35 61.3 61.4 0.005932173707
61.45 61.4 61.5 0.0120102842
61.55 61.5 61.6 0.009438608987
61.65 61.6 61.7 0.01062212684
61.75 61.7 61.8 0.007654210209
61.85 61.8 61.9 0.01159797626
61.95 61.9 62 0.007457612187
62.05 62 62.1 0.01035451348
62.15 62.1 62.2 0.001517849507
62.25 62.2 62.3 0.00797383932
62.35 62.3 62.4 0.007862633108
62.45 62.4 62.5 0.005658424826
62.55 62.5 62.6 0.00832397345
62.65 62.6 62.7 0.008667819797
62.75 62.7 62.8 0.005560732858
62.85 62.8 62.9 0.009428331058
62.95 62.9 63 0.003595387063
63.05 63 63.1 0.007361268787
63.15 63.1 63.2 0.008916175597
63.25 63.2 63.3 0.001625403493
63.35 63.3 63.4 0.003619801707
63.45 63.4 63.5 0.01010897242
63.55 63.5 63.6 0.006034960648
63.65 63.6 63.7 0.008252639702
63.75 63.7 63.8 0.004413245015
63.85 63.8 63.9 0.001855704552
63.95 63.9 64 0.003588770301
64.05 64 64.1 0.006528841156
64.15 64.1 64.2 0.004827422772
64.25 64.2 64.3 0.007493560506
64.35 64.3 64.4 0.007775472103
64.45 64.4 64.5 0.002730224791
64.55 64.5 64.6 0.008308720941
64.65 64.6 64.7 0.01294447479
64.75 64.7 64.8 0.00719506621
64.85 64.8 64.9 0.01498427313
64.95 64.9 65 0.009286087899
65.05 65 65.1 0.001906316676
65.15 65.1 65.2 0.01161453159
65.25 65.2 65.3 0.005947600618
65.35 65.3 65.4 0.002120453207
65.45 65.4 65.5 0.005813420987
65.55 65.5 65.6 0.0006670277089
65.65 65.6 65.7 0.003829892055
65.75 65.7 65.8 0.006296104881
65.85 65.8 65.9 0.01119915415
65.95 65.9 66 0.0002143490243
66.05 66 66.1 0.008035122662
66.15 66.1 66.2 0.004416552072
66.25 66.2 66.3 0.01029990457
66.35 66.3 66.4 0.003129289353
66.45 66.4 66.5 0.004199132298
66.55 66.5 66.6 0.004738509473
66.65 66.6 66.7 0.007254997315
66.75 66.7 66.8 0.004689361715
66.85 66.8 66.9 0.0008309368049
66.95 66.9 67 0.002711388671
67.05 67 67.1 0.007987422914
67.15 67.1 67.2 0.009996070434
67.25 67.2 67.3 0.00500974732
67.35 67.3 67.4 0.002416989304
67.45 67.4 67.5 0.002462936928
67.55 67.5 67.6 0.002938229972
67.65 67.6 67.7 0.003680522362
67.75 67.7 67.8 8.948199978e-05
67.85 67.8 67.9 -0.001302581803
67.95 67.9 68 0.005929692622
68.05 68 68.1 0.007834307547
68.15 68.1 68.2 0.001873825536
68.25 68.2 68.3 0.005701280321
68.35 68.3 68.4 0.0003997835834
68.45 68.4 68.5 0.005432375439
68.55 68.5 68.6 0.00819085352
68.65 68.6 68.7 0.002282049776
68.75 68.7 68.8 0.004014980769
68.85 68.8 68.9 0.004412538022
68.95 68.9 69 0.005786019765
69.05 69 69.1 0.004193783345
69.15 69.1 69.2 0.008932424501
69.25 69.2 69.3 0.009078420408
69.35 69.3 69.4 0.003255700442
69.45 69.4 69.5 -0.002935498355
69.55 69.5 69.6 0.005628693681
69.65 69.6 69.7 0.006549673844
69.75 69.7 69.8 -0.00232372692
69.85 69.8 69.9 0.006787224804
69.95 69.9 70 -0.005805249491
70.05 70 70.1 0.005861386574
70.15 70.1 70.2 0.001176460246
70.25 70.2 70.3 0.006786471272
70.35 70.3 70.4 0.004490698587
70.45 70.4 70.5 0.004687082572
70.55 70.5 70.6 -0.002148749197
70.65 70.6 70.7 0.00920497096
70.75 70.7 70.8 0.00396474917
70.85 70.8 70.9 0.008450756051
70.95 70.9 71 0.0001452344826
71.05 71 71.1 0.006969390896
71.15 71.1 71.2 0.0009414908034
71.25 71.2 71.3 0.002811114535
71.35 71.3 71.4 0.00277237616
71.45 71.4 71.5 -0.001366834644
71.55 71.5 71.6 0.002845658737
71.65 71.6 71.7 -0.001484047455
71.75 71.7 71.8 0.003446677655
71.85 71.8 71.9 0.001484959718
71.95 71.9 72 0.005380811304
72.05 72 72.1 -0.001389356767
72.15 72.1 72.2 0.002852796712
72.25 72.2 72.3 0.001197777541
72.35 72.3 72.4 0.003382660616
72.45 72.4 72.5 0.0003296511841
72.55 72.5 72.6 0.001627304947
72.65 72.6 72.7 -0.004258246789
72.75 72.7 72.8 0.001651682497
72.85 72.8 72.9 0.00324355827
72.95 72.9 73 0.001867859468
73.05 73 73.1 0.002359533072
73.15 73.1 73.2 -0.004180405204
73.25 73.2 73.3 0.0003049843011
73.35 73.3 73.4 0.004383111366
73.45 73.4 73.5 -0.0002095123642
73.55 73.5 73.6 0.003652142145
73.65 73.6 73.7 -0.0001614146841
73.75 73.7 73.8 0.002784706399
73.85 73.8 73.9 0.001245802381
73.95 73.9 74 -0.004540183699
74.05 74 74.1 0.002949226297
74.15 74.1 74.2 0.002648835164
74.25 74.2 74.3 -0.00337200083
74.35 74.3 74.4 0.002379548183
74.45 74.4 74.5 0.002348390882
74.55 74.5 74.6 0.0008939822732
74.65 74.6 74.7 -0.0006384926264
74.75 74.7 74.8 0.001627951722
74.85 74.8 74.9 -0.001440593135
74.95 74.9 75 0.0008750608236
75.05 75 75.1 0.003847971675
75.15 75.1 75.2 0.0002937842087
75.25 75.2 75.3 0.005525487942
75.35 75.3 75.4 0.003210545323
75.45 75.4 75.5 -0.001290412743
75.55 75.5 75.6 -0.001785070245
75.65 75.6 75.7 0.002413600771
75.75 75.7 75.8 0.0008781113074
75.85 75.8 75.9 0.005495160074
75.95 75.9 76 0.0005106920847
76.05 76 76.1 0.001834375951
76.15 76.1 76.2 0.004355539355
76.25 76.2 76.3 -0.001541531667
76.35 76.3 76.4 -0.0004705507491
76.45 76.4 76.5 -0.0006529700082
76.55 76.5 76.6 0.002184652076
76.65 76.6 76.7 -0.003682497773
76.75 76.7 76.8 0.001116341729
76.85 76.8 76.9 -0.001850648786
76.95 76.9 77 -0.001273686612
77.05 77 77.1 0.001690662648
77.15 77.1 77.2 0.0006857380779
77.25 77.2 77.3 -0.0003292760095
77.35 77.3 77.4 0.0001888837954
77.45 77.4 77.5 0.00181316752
77.55 77.5 77.6 0.001408840553
77.65 77.6 77.7 0.002537974235
77.75 77.7 77.8 0.004848630322
77.85 77.8 77.9 -0.003095862885
77.95 77.9 78 0.007774009316
78.05 78 78.1 0.003370942799
78.15 78.1 78.2 -0.005731200614
78.25 78.2 78.3 0.001820133107
78.35 78.3 78.4 0.0002463727952
78.45 78.4 78.5 0.0001870955311
78.55 78.5 78.6 -0.003943460656
78.65 78.6 78.7 -0.004043285848
78.75 78.7 78.8 -0.0001710554547
78.85 78.8 78.9 -0.004564140343
78.95 78.9 79 0.001381407563
79.05 79 79.1 -0.0006483242214
79.15 79.1 79.2 0.00693119794
79.25 79.2 79.3 -0.0017468008
79.35 79.3 79.4 -0.0008938920662
79.45 79.4 79.5 -0.0003314564885
79.55 79.5 79.6 0.004758172505
79.65 79.6 79.7 0.0005271257755
79.75 79.7 79.8 -0.002083561422
79.85 79.8 79.9 -0.0003209821847
79.95 79.9 80 -0.001863129255
80.05 80 80.1 0.003999166839
80.15 80.1 80.2 -0.009021907247
80.25 80.2 80.3 -0.001997298002
80.35 80.3 80.4 -0.005110825337
80.45 80.4 80.5 0.001538291471
80.55 80.5 80.6 0.0001230933678
80.65 80.6 80.7 0.000902028317
80.75 80.7 80.8 0.001585267331
80.85 80.8 80.9 -0.0002922440114
80.95 80.9 81 -0.002227899551
81.05 81 81.1 0.003178001311
81.15 81.1 81.2 0.003277445632
81.25 81.2 81.3 0.004373861196
81.35 81.3 81.4 -0.0007540181272
81.45 81.4 81.5 0.0002584802046
81.55 81.5 81.6 -0.0006958187831
81.65 81.6 81.7 0.005041910624
81.75 81.7 81.8 0.0009538381129
81.85 81.8 81.9 0.0008294654318
81.95 81.9 82 0.004936393607
82.05 82 82.1 0.003995130607
82.15 82.1 82.2 0.00131807195
82.25 82.2 82.3 0.00179752661
82.35 82.3 82.4 -0.000173669199
82.45 82.4 82.5 -0.003541248242
82.55 82.5 82.6 0.003005989217
82.65 82.6 82.7 0.0006444938503
82.75 82.7 82.8 0.002057136891
82.85 82.8 82.9 0.003433850997
82.95 82.9 83 0.0008721962351
83.05 83 83.1 -0.0008919574642
83.15 83.1 83.2 -0.001611572708
83.25 83.2 83.3 0.003129790357
83.35 83.3 83.4 0.003291305249
83.45 83.4 83.5 0.003361919539
83.55 83.5 83.6 0.003601844074
83.65 83.6 83.7 -0.001608590991
83.75 83.7 83.8 0.000266586822
83.85 83.8 83.9 0.0003306988739
83.95 83.9 84 -0.0007345836756
84.05 84 84.1 6.211020333e-05
84.15 84.1 84.2 0.007112657818
84.25 84.2 84.3 -0.00127971875
84.35 84.3 84.4 0.003439799607
84.45 84.4 84.5 0.001633067311
84.55 84.5 84.6 0.000192593911
84.65 84.6 84.7 0.00255090618
84.75 84.7 84.8 0.003107202651
84.85 84.8 84.9 0.001590105508
84.95 84.9 85 0.004753960344
85.05 85 85.1 -0.002234175267
85.15 85.1 85.2 0.004267879041
85.25 85.2 85.3 0.001866692139
85.35 85.3 85.4 -0.001064308021
85.45 85.4 85.5 0.0009094574506
85.55 85.5 85.6 0.00235445321
85.65 85.6 85.7 -0.0044807782
85.75 85.7 85.8 0.002192857686
85.85 85.8 85.9 0.001513943499
85.95 85.9 86 0.004749619367
86.05 86 86.1 0.005253393439
86.15 86.1 86.2 -0.001135394551
86.25 86.2 86.3 0.0009533125263
86.35 86.3 86.4 0.001431604804
86.45 86.4 86.5 0.004506048667
86.55 86.5 86.6 0.003278911444
86.65 86.6 86.7 -2.345347135e-06
86.75 86.7 86.8 0.003401159068
86.85 86.8 86.9 0.003116507791
86.95 86.9 87 0.0003945105755
87.05 87 87.1 0.007715027486
87.15 87.1 87.2 0.000939888443
87.25 87.2 87.3 -0.0002639166933
87.35 87.3 87.4 0.00435681711
87.45 87.4 87.5 0.0006421923153
87.55 87.5 87.6 0.0003643568512
87.65 87.6 87.7 0.002425919587
87.75 87.7 87.8 0.004068135891
87.85 87.8 87.9 0.003129632597
87.95 87.9 88 0.002090077518
88.05 88 88.1 0.00136168991
88.15 88.1 88.2 0.003990639932
88.25 88.2 88.3 -0.001700391723
88.35 88.3 88.4 0.0003185372026
88.45 88.4 88.5 0.003562900227
88.55 88.5 88.6 0.003531733734
88.65 88.6 88.7 0.003303218987
88.75 88.7 88.8 0.007804479216
88.85 88.8 88.9 0.002343437529
88.95 88.9 89 -0.000508539749
89.05 89 89.1 0.005110143977
89.15 89.1 89.2 0.0002059219354
89.25 89.2 89.3 0.007028634253
89.35 89.3 89.4 0.00011496595
89.45 89.4 89.5 0.007269982328
89.55 89.5 89.6 0.001663805262
89.65 89.6 89.7 0.004287661707
89.75 89.7 89.8 0.0001468950733
89.85 89.8 89.9 0.00156990059
89.95 89.9 90 -0.003165396007
90.05 90 90.1 0.003712992071
90.15 90.1 90.2 0.00642863061
90.25 90.2 90.3 0.002479151306
90.35 90.3 90.4 0.004064727585
90.45 90.4 90.5 0.005261476929
90.55 90.5 90.6 0.001690049029
90.65 90.6 90.7 0.001798793904
90.75 90.7 90.8 0.001677030772
90.85 90.8 90.9 0.0002530593592
90.95 90.9 91 -0.001545001572
91.05 91 91.1 0.001368499172
91.15 91.1 91.2 -0.0024561164
91.25 91.2 91.3 -0.0006046191404
91.35 91.3 91.4 0.002219706942
91.45 91.4 91.5 0.003373175303
91.55 91.5 91.6 0.003765655842
91.65 91.6 91.7 -0.002226124523
91.75 91.7 91.8 0.004716740024
91.85 91.8 91.9 0.005071913479
91.95 91.9 92 -0.0005250415699
92.05 92 92.1 0.003942836468
92.15 92.1 92.2 0.00243514475
92.25 92.2 92.3 0.002247931226
92.35 92.3 92.4 0.002247727476
92.45 92.4 92.5 0.001028369988
92.55 92.5 92.6 -0.001130210389
92.65 92.6 92.7 -6.900920697e-05
92.75 92.7 92.8 0.002920691774
92.85 92.8 92.9 0.004724648217
92.95 92.9 93 0.004864822838
93.05 93 93.1 -0.0001252193412
93.15 93.1 93.2 0.001926301258
93.25 93.2 93.3 0.002291996774
93.35 93.3 93.4 0.003398986433
93.45 93.4 93.5 0.002314236187
93.55 93.5 93.6 0.007658062543
93.65 93.6 93.7 0.001659052662
93.75 93.7 93.8 0.001200310705
93.85 93.8 93.9 -0.0008120428317
93.95 93.9 94 0.004221168226
94.05 94 94.1 0.00225960371
94.15 94.1 94.2 0.00213046751
94.25 94.2 94.3 -0.0005348018053
94.35 94.3 94.4 0.0002956693253
94.45 94.4 94.5 0.005063773044
94.55 94.5 94.6 0.004410801582
94.65 94.6 94.7 0.002769470607
94.75 94.7 94.8 0.001233815319
94.85 94.8 94.9 0.006305557124
94.95 94.9 95 0.003752203539
95.05 95 95.1 0.0001887051393
95.15 95.1 95.2 0.004199608207
95.25 95.2 95.3 0.003729991339
95.35 95.3 95.4 0.002518957693
95.45 95.4 95.5 0.004516339339
95.55 95.5 95.6 -0.0009528294178
95.65 95.6 95.7 0.001791535175
95.75 95.7 95.8 0.002014395376
95.85 95.8 95.9 -0.001441782694
95.95 95.9 96 0.007677593356
96.05 96 96.1 0.005557416487
96.15 96.1 96.2 0.00432447796
96.25 96.2 96.3 0.003284603654
96.35 96.3 96.4 0.0006929337725
96.45 96.4 96.5 0.0007843965008
96.55 96.5 96.6 -0.00562857318
96.65 96.6 96.7 -0.001766067603
96.75 96.7 96.8 0.003507161157
96.85 96.8 96.9 0.0019911003
96.95 96.9 97 0.001625134696
97.05 97 97.1 0.005855337099
97.15 97.1 97.2 0.002245466153
97.25 97.2 97.3 0.000736090126
97.35 97.3 97.4 0.008171761288
97.45 97.4 97.5 1.342556582e-05
97.55 97.5 97.6 0.005674462736
97.65 97.6 97.7 0.003563107419
97.75 97.7 97.8 0.001949471878
97.85 97.8 97.9 0.0008381078212
97.95 97.9 98 0.001760523105
98.05 98 98.1 0.003851823154
98.15 98.1 98.2 0.00733649018
98.25 98.2 98.3 -0.00107614613
98.35 98.3 98.4 0.002184082126
98.45 98.4 98.5 0.004268793589
98.55 98.5 98.6 0.005427426627
98.65 98.6 98.7 0.003866894255
98.75 98.7 98.8 0.003630582597
98.85 98.8 98.9 0.005601277801
98.95 98.9 99 0.002926744822
99.05 99 99.1 -3.913012269e-05
99.15 99.1 99.2 -0.004613242409
99.25 99.2 99.3 0.00403294203
99.35 99.3 99.4 0.001609260925
99.45 99.4 99.5 -0.0004177384683
99.55 99.5 99.6 -0.001164232184
99.65 99.6 99.7 0.004850111846
99.75 99.7 99.8 0.005737476349
99.85 99.8 99.9 0.002453015851
99.95 99.9 100 0.002987744476
100.05 100 100.1 0.001218856833
100.15 100.1 100.2 0.006093982897
100.25 100.2 100.3 0.00268194055
100.35 100.3 100.4 0.003696818145
100.45 100.4 100.5 0.003474408354
100.55 100.5 100.6 -0.001784362184
100.65 100.6 100.7 0.00533276632
100.75 100.7 100.8 0.001408828647
100.85 100.8 100.9 -0.003689919522
100.95 100.9 101 -0.0003550764146
101.05 101 101.1 0.004599310976
101.15 101.1 101.2 0.006503944491
101.25 101.2 101.3 -0.001019222321
101.35 101.3 101.4 0.0002886097531
101.45 101.4 101.5 0.004669026575
101.55 101.5 101.6 0.002815202614
101.65 101.6 101.7 0.004155796514
101.75 101.7 101.8 0.0003550417914
101.85 101.8 101.9 -0.001523415325
101.95 101.9 102 0.005324751573
102.05 102 102.1 0.005167448131
102.15 102.1 102.2 0.002814435028
102.25 102.2 102.3 0.002431240453
102.35 102.3 102.4 0.001898405207
102.45 102.4 102.5 0.002568126779
102.55 102.5 102.6 0.004507090971
102.65 102.6 102.7 0.001146427853
102.75 102.7 102.8 0.001224538402
102.85 102.8 102.9 0.004172255469
102.95 102.9 103 0.001903701266
103.05 103 103.1 0.005335920529
103.15 103.1 103.2 -0.00121479436
103.25 103.2 103.3 0.00258901114
103.35 103.3 103.4 0.001162704097
103.45 103.4 103.5 0.0006975189812
103.55 103.5 103.6 -0.0005457905164
103.65 103.6 103.7 0.003406155707
103.75 103.7 103.8 0.00219250311
103.85 103.8 103.9 0.006595130519
103.95 103.9 104 0.0009128508985
104.05 104 104.1 -0.0004564311769
104.15 104.1 104.2 0.001212889294
104.25 104.2 104.3 0.0003929257235
104.35 104.3 104.4 0.0008392931419
104.45 104.4 104.5 0.003102434583
104.55 104.5 104.6 0.007426185474
104.65 104.6 104.7 0.007892379253
104.75 104.7 104.8 0.001943848643
104.85 104.8 104.9 0.0001637735778
104.95 104.9 105 0.0007031001604
105.05 105 105.1 0.003352760314
105.15 105.1 105.2 0.004781231951
105.25 105.2 105.3 0.005834540902
105.35 105.3 105.4 0.001071367145
105.45 105.4 105.5 0.002586328936
105.55 105.5 105.6 0.004631297657
105.65 105.6 105.7 0.00823279298
105.75 105.7 105.8 0.003199477019
105.85 105.8 105.9 0.002864939933
105.95 105.9 106 0.002976064051
106.05 106 106.1 0.003354634765
106.15 106.1 106.2 0.001214506767
106.25 106.2 106.3 0.001029700628
106.35 106.3 106.4 0.003902094244
106.45 106.4 106.5 0.002948969516
106.55 106.5 106.6 0.004084986555
106.65 106.6 106.7 -0.000510744474
106.75 106.7 106.8 0.001604900676
106.85 106.8 106.9 0.003483824246
106.95 106.9 107 0.003984102177
107.05 107 107.1 0.00260860716
107.15 107.1 107.2 0.003312639842
107.25 107.2 107.3 -0.001814989755
107.35 107.3 107.4 -0.001431320618
107.45 107.4 107.5 0.003050898726
107.55 107.5 107.6 0.006180846169
107.65 107.6 107.7 0.0009716043455
107.75 107.7 107.8 0.005433058105
107.85 107.8 107.9 0.0003198656003
107.95 107.9 108 -0.001994965651
108.05 108 108.1 0.00392948506
108.15 108.1 108.2 0.0003735769609
108.25 108.2 108.3 0.002962865962
108.35 108.3 108.4 0.003405912212
108.45 108.4 108.5 0.004087443771
108.55 108.5 108.6 0.0007594616961
108.65 108.6 108.7 0.004648706503
108.75 108.7 108.8 0.004688540209
108.85 108.8 108.9 0.001550429558
108.95 108.9 109 -0.0045396322
109.05 109 109.1 0.004731113163
109.15 109.1 109.2 0.0005719391522
109.25 109.2 109.3 0.000113772692
109.35 109.3 109.4 -0.0002365988788
109.45 109.4 109.5 0.002922909838
109.55 109.5 109.6 0.003165129901
109.65 109.6 109.7 -0.001043117973
109.75 109.7 109.8 0.005710437329
109.85 109.8 109.9 0.0007154190477
109.95 109.9 110 0.001623711745
110.05 110 110.1 0.001856346709
110.15 110.1 110.2 0.001775511877
110.25 110.2 110.3 0.001695948833
110.35 110.3 110.4 -8.287128042e-05
110.45 110.4 110.5 -0.00370713919
110.55 110.5 110.6 -0.0002219762515
110.65 110.6 110.7 0.001470239195
110.75 110.7 110.8 0.001816305866
110.85 110.8 110.9 0.001461111916
110.95 110.9 111 0.001056782733
111.05 111 111.1 0.002233932328
111.15 111.1 111.2 0.002638631108
111.25 111.2 111.3 0.0009012436244
111.35 111.3 111.4 0.002351250638
111.45 111.4 111.5 0.0009353243566
111.55 111.5 111.6 -0.000438536521
111.65 111.6 111.7 0.002061443079
111.75 111.7 111.8 0.003484225102
111.85 111.8 111.9 0.004004420435
111.95 111.9 112 0.006239635005
112.05 112 112.1 0.003304428825
112.15 112.1 112.2 0.004192429942
112.25 112.2 112.3 0.002775195125
112.35 112.3 112.4 0.003666806648
112.45 112.4 112.5 0.004270235892
112.55 112.5 112.6 0.002978349244
112.65 112.6 112.7 -0.0001778210327
112.75 112.7 112.8 5.028727927e-05
112.85 112.8 112.9 0.002491787333
112.95 112.9 113 0.00276296461
113.05 113 113.1 0.001673315142
113.15 113.1 113.2 0.0003426160861
113.25 113.2 113.3 0.0003536104212
113.35 113.3 113.4 0.00222672142
113.45 113.4 113.5 0.002616775145
113.55 113.5 113.6 0.002719335002
113.65 113.6 113.7 0.0003789704307
113.75 113.7 113.8 0.003040122326
113.85 113.8 113.9 0.001452897741
113.95 113.9 114 0.005156701085
114.05 114 114.1 -0.0003241109404
114.15 114.1 114.2 0.003225088205
114.25 114.2 114.3 0.002991037011
114.35 114.3 114.4 0.001213349991
114.45 114.4 114.5 -0.00291663303
114.55 114.5 114.6 0.0006695761295
114.65 114.6 114.7 -0.0005689001936
114.75 114.7 114.8 -0.003584077109
114.85 114.8 114.9 3.597702999e-05
114.95 114.9 115 -0.002118783509
115.05 115 115.1 0.001044564328
115.15 115.1 115.2 0.001497739981
115.25 115.2 115.3 0.003957658254
115.35 115.3 115.4 0.003029907983
115.45 115.4 115.5 0.000671621445
115.55 115.5 115.6 -0.002134427333
115.65 115.6 115.7 0.002728498918
115.75 115.7 115.8 0.003413176032
115.85 115.8 115.9 0.006640328275
115.95 115.9 116 0.004493937083
116.05 116 116.1 -0.002072245196
116.15 116.1 116.2 -0.0008274528642
116.25 116.2 116.3 0.001314027296
116.35 116.3 116.4 5.803880667e-05
116.45 116.4 116.5 0.004267465192
116.55 116.5 116.6 -0.002505917202
116.65 116.6 116.7 -0.0004053703946
116.75 116.7 116.8 0.001098959896
116.85 116.8 116.9 -0.0009395225447
116.95 116.9 117 -0.00110497518
117.05 117 117.1 -0.0006016073753
117.15 117.1 117.2 -0.00204849456
117.25 117.2 117.3 -0.001484836681
117.35 117.3 117.4 -0.002037570535
117.45 117.4 117.5 0.002771227596
117.55 117.5 117.6 -5.164389872e-05
117.65 117.6 117.7 0.002435876992
117.75 117.7 117.8 0.001334315067
117.85 117.8 117.9 0.002649984194
117.95 117.9 118 -0.001779985649
118.05 118 118.1 0.002471467474
118.15 118.1 118.2 -0.002216507174
118.25 118.2 118.3 -0.002418501945
118.35 118.3 118.4 0.0005259411719
118.45 118.4 118.5 0.0008542796386
118.55 118.5 118.6 0.001967162026
118.65 118.6 118.7 -0.0002088285787
118.75 118.7 118.8 -6.573444963e-08
118.85 118.8 118.9 -9.754184938e-05
118.95 118.9 119 -0.001680467403
119.05 119 119.1 -0.002178453576
119.15 119.1 119.2 -0.001606574398
119.25 119.2 119.3 -0.003939944447
119.35 119.3 119.4 0.00472622214
119.45 119.4 119.5 0.000286107908
119.55 119.5 119.6 -0.001278905439
119.65 119.6 119.7 -0.0005317131898
119.75 119.7 119.8 -0.0001148857423
119.85 119.8 119.9 0.0009746603499
119.95 119.9 120 -7.848746456e-05
120.05 120 120.1 0.002745987868
120.15 120.1 120.2 -0.003370743656
120.25 120.2 120.3 0.003427932724
120.35 120.3 120.4 0.000187809699
120.45 120.4 120.5 0.0002921111853
120.55 120.5 120.6 -0.001367665424
120.65 120.6 120.7 -0.001196425936
120.75 120.7 120.8 -0.001028574678
120.85 120.8 120.9 -0.002240206879
120.95 120.9 121 -0.0008504057139
121.05 121 121.1 0.00188280646
121.15 121.1 121.2 -0.00256011826
121.25 121.2 121.3 -0.001858369199
121.35 121.3 121.4 -0.001493192114
121.45 121.4 121.5 -0.0009942780469
121.55 121.5 121.6 0.0005278252949
121.65 121.6 121.7 -0.0004062946149
121.75 121.7 121.8 -0.001768154975
121.85 121.8 121.9 -0.001188474503
121.95 121.9 122 -0.0008038717216
122.05 122 122.1 -0.001356864664
122.15 122.1 122.2 0.001535379001
122.25 122.2 122.3 -0.002264217477
122.35 122.3 122.4 -0.0004651483333
122.45 122.4 122.5 -0.0005546222838
122.55 122.5 122.6 0.001908910203
122.65 122.6 122.7 0.0004610274258
122.75 122.7 122.8 -0.0005569078131
122.85 122.8 122.9 -0.001407061641
122.95 122.9 123 0.0002695929011
123.05 123 123.1 -0.001060700093
123.15 123.1 123.2 -0.001922345029
123.25 123.2 123.3 -0.002932394809
123.35 123.3 123.4 0.001025066893
123.45 123.4 123.5 -0.0005247072912
123.55 123.5 123.6 -0.001232312355
123.65 123.6 123.7 -0.0007650497642
123.75 123.7 123.8 -0.0006582200636
123.85 123.8 123.9 -0.002449729332
123.95 123.9 124 -0.002567529771
124.05 124 124.1 -0.004178459891
124.15 124.1 124.2 0.0008876530881
124.25 124.2 124.3 -0.004215050797
124.35 124.3 124.4 -0.001361689992
124.45 124.4 124.5 -0.001400744389
124.55 124.5 124.6 0.0007968230642
124.65 124.6 124.7 -0.001666283169
124.75 124.7 124.8 -0.002510632531
124.85 124.8 124.9 -0.001922144957
124.95 124.9 125 0.000659163951
125.05 125 125.1 -0.000335002658
125.15 125.1 125.2 -0.003599746708
125.25 125.2 125.3 -0.002611086159
125.35 125.3 125.4 0.001232258632
125.45 125.4 125.5 0.0007196359557
125.55 125.5 125.6 -0.003350485255
125.65 125.6 125.7 -0.001354871924
125.75 125.7 125.8 0.001089060352
125.85 125.8 125.9 0.002299099135
125.95 125.9 126 -0.003113638118
126.05 126 126.1 0.0004566500965
126.15 126.1 126.2 -0.003242670428
126.25 126.2 126.3 -0.002088463626
126.35 126.3 126.4 -0.001648670116
126.45 126.4 126.5 0.0007004796786
126.55 126.5 126.6 -0.002806129064
126.65 126.6 126.7 -0.0008780225102
126.75 126.7 126.8 0.0001767564286
126.85 126.8 126.9 -0.002643117678
126.95 126.9 127 -0.001162431748
127.05 127 127.1 0.0003850260941
127.15 127.1 127.2 -0.0006691268957
127.25 127.2 127.3 -0.004008806914
127.35 127.3 127.4 -0.002917271167
127.45 127.4 127.5 -0.001287531457
127.55 127.5 127.6 -0.00103441397
127.65 127.6 127.7 0.001272698328
127.75 127.7 127.8 0.001607045101
127.85 127.8 127.9 -0.0006676675793
127.95 127.9 128 -0.0006806232557
128.05 128 128.1 -0.002893904476
128.15 128.1 128.2 -0.0007605694516
128.25 128.2 128.3 -0.002342572002
128.35 128.3 128.4 0.001394940624
128.45 128.4 128.5 0.0002563762123
128.55 128.5 128.6 -0.002655248939
128.65 128.6 128.7 -0.001709152427
128.75 128.7 128.8 -0.005643487877
128.85 128.8 128.9 -0.00242946761
128.95 128.9 129 -0.0004157399124
129.05 129 129.1 -0.0009717146277
129.15 129.1 129.2 -0.003616682737
129.25 129.2 129.3 -0.001998686671
129.35 129.3 129.4 -0.004404626175
129.45 129.4 129.5 -0.0002410762899
129.55 129.5 129.6 -0.0004210002127
129.65 129.6 129.7 -0.002428673957
129.75 129.7 129.8 -0.002684114821
129.85 129.8 129.9 -0.004122810282
129.95 129.9 130 -0.003416712724
130.05 130 130.1 -0.005557620706
130.15 130.1 130.2 0.0006683867283
130.25 130.2 130.3 -0.002374631714
130.35 130.3 130.4 -0.004216254979
130.45 130.4 130.5 -0.0002452848973
130.55 130.5 130.6 -0.002496112137
130.65 130.6 130.7 -0.0007399291153
130.75 130.7 130.8 -0.002623994013
130.85 130.8 130.9 -0.0001312029194
130.95 130.9 131 -0.00417695388
131.05 131 131.1 -0.001145720286
131.15 131.1 131.2 -0.002923955588
131.25 131.2 131.3 2.648469153e-05
131.35 131.3 131.4 -0.001790606636
131.45 131.4 131.5 -0.003603785164
131.55 131.5 131.6 -0.002598209151
131.65 131.6 131.7 -0.004403417333
131.75 131.7 131.8 -0.005112969244
131.85 131.8 131.9 -0.002156523671
131.95 131.9 132 -0.002512693941
132.05 132 132.1 -0.003130727289
132.15 132.1 132.2 0.001134144821
132.25 132.2 132.3 -0.002132099222
132.35 132.3 132.4 -0.003817937941
132.45 132.4 132.5 -0.002246329703
132.55 132.5 132.6 -0.003773806997
132.65 132.6 132.7 -0.00267433678
132.75 132.7 132.8 -0.001035063219
132.85 132.8 132.9 -0.003415097488
132.95 132.9 133 -0.003428721157
133.05 133 133.1 -0.002496431384
133.15 133.1 133.2 -0.003046678549
133.25 133.2 133.3 0.0005907962295
133.35 133.3 133.4 0.001520982534
133.45 133.4 133.5 -0.002753179022
133.55 133.5 133.6 -0.001358698461
133.65 133.6 133.7 -0.001062207282
133.75 133.7 133.8 -0.0001236837713
133.85 133.8 133.9 -0.002141769208
133.95 133.9 134 -0.0001008136688
134.05 134 134.1 -0.002581417173
134.15 134.1 134.2 -0.003462502039
134.25 134.2 134.3 0.0004083854508
134.35 134.3 134.4 -0.003128959941
134.45 134.4 134.5 -0.005030575751
134.55 134.5 134.6 -0.00457491547
134.65 134.6 134.7 -0.001805773127
134.75 134.7 134.8 -0.0009806621701
134.85 134.8 134.9 -0.001500084331
134.95 134.9 135 -0.002413178439
135.05 135 135.1 -0.002234973067
135.15 135.1 135.2 -0.0007230997313
135.25 135.2 135.3 0.00239614747
135.35 135.3 135.4 0.001490732688
135.45 135.4 135.5 0.0005536126713
135.55 135.5 135.6 0.00126050048
135.65 135.6 135.7 0.0007593810366
135.75 135.7 135.8 -0.005067436636
135.85 135.8 135.9 5.733755346e-05
135.95 135.9 136 0.00277300847
136.05 136 136.1 -0.001928458677
136.15 136.1 136.2 0.0003912355218
136.25 136.2 136.3 0.0002204827755
136.35 136.3 136.4 0.001338070784
136.45 136.4 136.5 -0.004625966138
136.55 136.5 136.6 -0.003432487087
136.65 136.6 136.7 -0.001746408273
136.75 136.7 136.8 -0.002846763397
136.85 136.8 136.9 5.436276443e-05
136.95 136.9 137 -0.001730256093
137.05 137 137.1 -0.001130237631
137.15 137.1 137.2 -0.001462764761
137.25 137.2 137.3 0.0001728611327
137.35 137.3 137.4 0.0005566391976
137.45 137.4 137.5 -0.001190541701
137.55 137.5 137.6 -0.002403442863
137.65 137.6 137.7 -0.001417569886
137.75 137.7 137.8 -0.002848719316
137.85 137.8 137.9 -0.002367200871
137.95 137.9 138 -0.001019112965
138.05 138 138.1 -0.0007197114652
138.15 138.1 138.2 -0.001388530195
138.25 138.2 138.3 -0.001538856027
138.35 138.3 138.4 -0.001415776521
138.45 138.4 138.5 -0.001526344848
138.55 138.5 138.6 0.0006614148681
138.65 138.6 138.7 -0.002453642931
138.75 138.7 138.8 -0.0004485799417
138.85 138.8 138.9 0.0002948558164
138.95 138.9 139 0.001197863845
139.05 139 139.1 -0.0009505234324
139.15 139.1 139.2 0.0003279598916
139.25 139.2 139.3 0.0009665049776
139.35 139.3 139.4 0.001719761992
139.45 139.4 139.5 3.745843737e-05
139.55 139.5 139.6 0.0007775959397
139.65 139.6 139.7 -0.002995094344
139.75 139.7 139.8 -0.0006111090202
139.85 139.8 139.9 -0.0005968555714
139.95 139.9 140 -0.001178824789
140.05 140 140.1 -0.001809026253
140.15 140.1 140.2 0.0002239331012
140.25 140.2 140.3 -0.001383383356
140.35 140.3 140.4 -0.001364570003
140.45 140.4 140.5 -1.01295501e-05
140.55 140.5 140.6 -0.000720344672
140.65 140.6 140.7 -0.001691046691
140.75 140.7 140.8 -0.001475534044
140.85 140.8 140.9 0.0002323558735
140.95 140.9 141 -0.003113834721
141.05 141 141.1 -5.133892038e-05
141.15 141.1 141.2 0.001122048752
141.25 141.2 141.3 0.0003018054345
141.35 141.3 141.4 0.0004720782147
141.45 141.4 141.5 0.001809740891
141.55 141.5 141.6 -0.001374802001
141.65 141.6 141.7 -0.0001907637691
141.75 141.7 141.8 0.00252102495
141.85 141.8 141.9 -0.0006441863311
141.95 141.9 142 0.001667964725
142.05 142 142.1 0.00211449772
142.15 142.1 142.2 0.0001093921931
142.25 142.2 142.3 -0.0009230544707
142.35 142.3 142.4 -0.00123482562
142.45 142.4 142.5 -0.005075676469
142.55 142.5 142.6 -0.001384309127
142.65 142.6 142.7 0.0002228157983
142.75 142.7 142.8 -0.001786595766
142.85 142.8 142.9 0.001192713106
142.95 142.9 143 0.0001235222332
143.05 143 143.1 -0.001881600824
143.15 143.1 143.2 -0.001408772195
143.25 143.2 143.3 -5.763076391e-05
143.35 143.3 143.4 0.002226747967
143.45 143.4 143.5 -0.00209688326
143.55 143.5 143.6 0.0003224526802
143.65 143.6 143.7 -0.002445800822
143.75 143.7 143.8 -0.0002525155752
143.85 143.8 143.9 -0.002953662811
143.95 143.9 144 -8.979585954e-05
144.05 144 144.1 -0.002017622953
144.15 144.1 144.2 -0.001640668443
144.25 144.2 144.3 -0.0005022849425
144.35 144.3 144.4 -0.001420074859
144.45 144.4 144.5 -0.0005736250791
144.55 144.5 144.6 -0.001271241642
144.65 144.6 144.7 -0.0005621297045
144.75 144.7 144.8 -0.001345814259
144.85 144.8 144.9 -0.001656420264
144.95 144.9 145 -0.00316067698
145.05 145 145.1 -0.002530948554
145.15 145.1 145.2 -0.004560730217
145.25 145.2 145.3 -0.002449696867
145.35 145.3 145.4 0.0005034129508
145.45 145.4 145.5 -0.001561264959
145.55 145.5 145.6 -0.002010111109
145.65 145.6 145.7 -0.001297499979
145.75 145.7 145.8 0.001754330303
145.85 145.8 145.9 -0.002409601206
145.95 145.9 146 -0.0007681599966
146.05 146 146.1 -0.002658939861
146.15 146.1 146.2 0.0009737026944
146.25 146.2 146.3 0.002392076881
146.35 146.3 146.4 -0.0003508835743
146.45 146.4 146.5 -0.003464334974
146.55 146.5 146.6 -0.0003885338183
146.65 146.6 146.7 -0.003506142069
146.75 146.7 146.8 -0.002769785342
146.85 146.8 146.9 -0.002484827741
146.95 146.9 147 -0.002404188637
147.05 147 147.1 -0.000767062852
147.15 147.1 147.2 0.001311271349
147.25 147.2 147.3 -0.00246387868
147.35 147.3 147.4 -0.002739115636
147.45 147.4 147.5 -0.00296802013
147.55 147.5 147.6 -0.003235453024
147.65 147.6 147.7 -0.002795008967
147.75 147.7 147.8 -0.003025443672
147.85 147.8 147.9 0.000166617848
147.95 147.9 148 -0.0002352284281
148.05 148 148.1 0.001018106333
148.15 148.1 148.2 -0.003658053976
148.25 148.2 148.3 0.0007712971863
148.35 148.3 148.4 -0.001108969186
148.45 148.4 148.5 -0.001096088894
148.55 148.5 148.6 -0.002538712137
148.65 148.6 148.7 0.002054691335
148.75 148.7 148.8 0.001021046488
148.85 148.8 148.9 -0.003545602682
148.95 148.9 149 -0.002652920867
149.05 149 149.1 -0.0005126394312
149.15 149.1 149.2 -0.002785499768
149.25 149.2 149.3 -0.001477340308
149.35 149.3 149.4 -0.0003613099425
149.45 149.4 149.5 -0.003368467098
149.55 149.5 149.6 -0.0009742762707
149.65 149.6 149.7 -0.002689143876
149.75 149.7 149.8 -0.003975481841
149.85 149.8 149.9 -0.002861757788
149.95 149.9 150 -0.001528533638
150.05 150 150.1 -0.003075650117
150.15 150.1 150.2 -0.004238469514
150.25 150.2 150.3 -0.001262194703
150.35 150.3 150.4 0.0003510161239
150.45 150.4 150.5 -0.002665029001
150.55 150.5 150.6 -0.0007260277674
150.65 150.6 150.7 -0.0007978430205
150.75 150.7 150.8 -0.002397162445
150.85 150.8 150.9 0.0004776050335
150.95 150.9 151 -0.001952486999
151.05 151 151.1 -0.00317894468
151.15 151.1 151.2 -0.002788810974
151.25 151.2 151.3 -0.002149475302
151.35 151.3 151.4 -0.0002491033459
151.45 151.4 151.5 -0.003502007366
151.55 151.5 151.6 -0.003658484573
151.65 151.6 151.7 -0.003505818057
151.75 151.7 151.8 -0.0005775742784
151.85 151.8 151.9 -0.002855256129
151.95 151.9 152 -0.002722887252
152.05 152 152.1 -0.001397613492
152.15 152.1 152.2 -0.0006675185256
152.25 152.2 152.3 -0.002267369971
152.35 152.3 152.4 -0.001544953884
152.45 152.4 152.5 -0.002217414413
152.55 152.5 152.6 -0.003142395982
152.65 152.6 152.7 -0.003156533668
152.75 152.7 152.8 0.0005741283904
152.85 152.8 152.9 -0.0009905708639
152.95 152.9 153 -0.003041905576
153.05 153 153.1 -0.000891285878
153.15 153.1 153.2 -0.001455051731
153.25 153.2 153.3 -0.0004742317191
153.35 153.3 153.4 -0.0007637402933
153.45 153.4 153.5 -0.0006121672909
153.55 153.5 153.6 -0.001420712402
153.65 153.6 153.7 -0.00387315972
153.75 153.7 153.8 -0.0005780711118
153.85 153.8 153.9 -0.003301023327
153.95 153.9 154 0.0001351776642
154.05 154 154.1 -0.001133512107
154.15 154.1 154.2 -0.001730242751
154.25 154.2 154.3 -0.002800942321
154.35 154.3 154.4 -0.005655624038
154.45 154.4 154.5 -0.002542801053
154.55 154.5 154.6 0.0002828980956
154.65 154.6 154.7 -0.001900485422
154.75 154.7 154.8 -0.004712302021
154.85 154.8 154.9 -0.005527577429
154.95 154.9 155 -0.001603516649
155.05 155 155.1 -0.00165564517
155.15 155.1 155.2 -0.004796396102
155.25 155.2 155.3 -0.00360248895
155.35 155.3 155.4 -0.002251455442
155.45 155.4 155.5 -0.002262842967
155.55 155.5 155.6 -0.004021478192
155.65 155.6 155.7 -4.304220992e-05
155.75 155.7 155.8 0.0006302800985
155.85 155.8 155.9 -0.003555205288
155.95 155.9 156 -0.001140475568
156.05 156 156.1 -0.001392202678
156.15 156.1 156.2 -0.001569166791
156.25 156.2 156.3 -0.0005067802409
156.35 156.3 156.4 -0.002088212911
156.45 156.4 156.5 -0.002819988011
156.55 156.5 156.6 -0.001453615494
156.65 156.6 156.7 -0.00227653852
156.75 156.7 156.8 -0.00256445733
156.85 156.8 156.9 -0.003268393682
156.95 156.9 157 -0.005958135188
157.05 157 157.1 -0.001611926664
157.15 157.1 157.2 -0.002873586604
157.25 157.2 157.3 -0.0001243593598
157.35 157.3 157.4 -0.002203693286
157.45 157.4 157.5 -0.001885642207
157.55 157.5 157.6 -0.00163260978
157.65 157.6 157.7 -0.002801066762
157.75 157.7 157.8 -0.001193860328
157.85 157.8 157.9 -0.0009898654087
157.95 157.9 158 -0.002967265702
158.05 158 158.1 -0.003512296325
158.15 158.1 158.2 -0.003813806634
158.25 158.2 158.3 -0.000493714392
158.35 158.3 158.4 -0.0008087215387
158.45 158.4 158.5 -0.002817257923
158.55 158.5 158.6 -0.002810552996
158.65 158.6 158.7 0.0005176807203
158.75 158.7 158.8 0.0003591674752
158.85 158.8 158.9 -0.0003882695139
158.95 158.9 159 -0.003514923412
159.05 159 159.1 -0.0009050492345
159.15 159.1 159.2 -0.001252604283
159.25 159.2 159.3 -0.002046257571
159.35 159.3 159.4 -0.00138044563
159.45 159.4 159.5 0.0008016633697
159.55 159.5 159.6 0.0003315528596
159.65 159.6 159.7 0.001199793445
159.75 159.7 159.8 -0.001525285289
159.85 159.8 159.9 -0.00143854055
159.95 159.9 160 -0.002525966287
160.05 160 160.1 -0.004200305829
160.15 160.1 160.2 0.000335780508
160.25 160.2 160.3 -0.002588514942
160.35 160.3 160.4 -0.001321815273
160.45 160.4 160.5 0.0003116544581
160.55 160.5 160.6 -0.00228323994
160.65 160.6 160.7 -0.001145914174
160.75 160.7 160.8 -0.001713405631
160.85 160.8 160.9 -0.005243517062
160.95 160.9 161 0.0004174069591
161.05 161 161.1 -0.001147232278
161.15 161.1 161.2 0.0002684132992
161.25 161.2 161.3 0.001064163698
161.35 161.3 161.4 -0.002981377631
161.45 161.4 161.5 0.0005917946258
161.55 161.5 161.6 -0.001879690612
161.65 161.6 161.7 -0.004303229653
161.75 161.7 161.8 -0.001638253837
161.85 161.8 161.9 -0.0003473961002
161.95 161.9 162 -0.0004812687606
162.05 162 162.1 -0.003919796914
162.15 162.1 162.2 -0.00355459045
162.25 162.2 162.3 -0.0002841378756
162.35 162.3 162.4 -0.004327493481
162.45 162.4 162.5 -0.002107315789
162.55 162.5 162.6 -0.003494815043
162.65 162.6 162.7 -0.00177654616
162.75 162.7 162.8 -0.0001160648386
162.85 162.8 162.9 -0.003710242326
162.95 162.9 163 -0.003309339636
163.05 163 163.1 -0.002678979068
163.15 163.1 163.2 -0.003402180294
163.25 163.2 163.3 -0.002668607095
163.35 163.3 163.4 -0.003217095239
163.45 163.4 163.5 -0.006549587075
163.55 163.5 163.6 -0.005751540798
163.65 163.6 163.7 -0.003194016102
163.75 163.7 163.8 0.0004437985871
163.85 163.8 163.9 -0.001888829315
163.95 163.9 164 -0.001708789279
164.05 164 164.1 -0.002019138765
164.15 164.1 164.2 -0.001734417478
164.25 164.2 164.3 0.00041130283
164.35 164.3 164.4 -0.001894638957
164.45 164.4 164.5 -0.0002403906597
164.55 164.5 164.6 -0.001952563044
164.65 164.6 164.7 -0.002725764297
164.75 164.7 164.8 -0.001668630501
164.85 164.8 164.9 -0.004148595812
164.95 164.9 165 -0.002965106178
165.05 165 165.1 -0.0005770016851
165.15 165.1 165.2 -0.0008221529488
165.25 165.2 165.3 -0.001830573858
165.35 165.3 165.4 -0.001237662714
165.45 165.4 165.5 -0.0002284847344
165.55 165.5 165.6 -0.004008235653
165.65 165.6 165.7 -0.003234844397
165.75 165.7 165.8 -0.001454827051
165.85 165.8 165.9 -0.001718828369
165.95 165.9 166 -0.002323005731
166.05 166 166.1 -0.0004182731512
166.15 166.1 166.2 -0.0005295726962
166.25 166.2 166.3 -0.001264352828
166.35 166.3 166.4 0.0001300747332
166.45 166.4 166.5 -0.003733261085
166.55 166.5 166.6 -0.001938667962
166.65 166.6 166.7 -0.0002473645003
166.75 166.7 166.8 -0.001314204521
166.85 166.8 166.9 -0.001293735547
166.95 166.9 167 -0.002942451389
167.05 167 167.1 -0.001244026651
167.15 167.1 167.2 -0.00140365536
167.25 167.2 167.3 -0.001948466007
167.35 167.3 167.4 -0.0006422343977
167.45 167.4 167.5 -0.004027645714
167.55 167.5 167.6 0.0001960870216
167.65 167.6 167.7 -0.001064990784
167.75 167.7 167.8 -0.004155739867
167.85 167.8 167.9 -0.003031691409
167.95 167.9 168 -0.0005085720705
168.05 168 168.1 -0.0005335873006
168.15 168.1 168.2 -0.0007468261532
168.25 168.2 168.3 0.001545686348
168.35 168.3 168.4 -0.003555984915
168.45 168.4 168.5 0.0006654064237
168.55 168.5 168.6 0.0006320510071
168.65 168.6 168.7 -0.002007333697
168.75 168.7 168.8 -0.001462189038
168.85 168.8 168.9 -0.001672667034
168.95 168.9 169 -0.0027362408
169.05 169 169.1 -0.0002392937821
169.15 169.1 169.2 -0.0031680628
169.25 169.2 169.3 -0.001147146323
169.35 169.3 169.4 -0.001527521114
169.45 169.4 169.5 -0.0013138392
169.55 169.5 169.6 -3.659512257e-05
169.65 169.6 169.7 0.001167109947
169.75 169.7 169.8 -0.001956898527
169.85 169.8 169.9 -0.003433874113
169.95 169.9 170 -0.002461191981
170.05 170 170.1 -0.001865273468
170.15 170.1 170.2 -0.0004463304086
170.25 170.2 170.3 -0.0002624679047
170.35 170.3 170.4 -0.001062721748
170.45 170.4 170.5 -0.001701250144
170.55 170.5 170.6 -0.00195112162
170.65 170.6 170.7 -0.005055934819
170.75 170.7 170.8 -0.001229802266
170.85 170.8 170.9 -0.002760997364
170.95 170.9 171 -0.001573780492
171.05 171 171.1 -0.0008662286772
171.15 171.1 171.2 -0.002307306058
171.25 171.2 171.3 -0.002560985092
171.35 171.3 171.4 -0.0009852069341
171.45 171.4 171.5 -0.00328540723
171.55 171.5 171.6 -0.004072243557
171.65 171.6 171.7 -0.001527804017
171.75 171.7 171.8 -0.004638182629
171.85 171.8 171.9 -0.003183523277
171.95 171.9 172 -0.002107556569
172.05 172 172.1 -0.002744397947
172.15 172.1 172.2 -0.002751328335
172.25 172.2 172.3 0.0006660288719
172.35 172.3 172.4 -0.001261483423
172.45 172.4 172.5 -0.000420241883
172.55 172.5 172.6 -0.001759747368
172.65 172.6 172.7 -0.001905869791
172.75 172.7 172.8 0.0003521026883
172.85 172.8 172.9 -0.002668109908
172.95 172.9 173 -0.0004042558126
173.05 173 173.1 -0.004032983534
173.15 173.1 173.2 0.0004069777238
173.25 173.2 173.3 -0.003411946584
173.35 173.3 173.4 -0.0007854870875
173.45 173.4 173.5 -0.004491556052
173.55 173.5 173.6 -9.650309435e-05
173.65 173.6 173.7 -0.001815170039
173.75 173.7 173.8 -0.0004409869658
173.85 173.8 173.9 -0.002349322034
173.95 173.9 174 -0.0005495850922
174.05 174 174.1 0.002938471279
174.15 174.1 174.2 -0.00385240146
174.25 174.2 174.3 -0.001836523024
174.35 174.3 174.4 -0.002603983975
174.45 174.4 174.5 -0.0007299020797
174.55 174.5 174.6 -0.001260980517
174.65 174.6 174.7 -0.00214720909
174.75 174.7 174.8 -0.0004032106483
174.85 174.8 174.9 -0.0008112316567
174.95 174.9 175 -0.0001552941616
175.05 175 175.1 -0.003777867662
175.15 175.1 175.2 0.001212079308
175.25 175.2 175.3 -7.972920261e-05
175.35 175.3 175.4 -0.0006818539023
175.45 175.4 175.5 0.0002412469319
175.55 175.5 175.6 -0.0009386915725
175.65 175.6 175.7 -0.002541294025
175.75 175.7 175.8 -0.004017055084
175.85 175.8 175.9 -0.001897804163
175.95 175.9 176 -0.001229021121
176.05 176 176.1 -0.0002879953774
176.15 176.1 176.2 0.0001255191295
176.25 176.2 176.3 -0.0007018722301
176.35 176.3 176.4 2.503586546e-05
176.45 176.4 176.5 -0.001014377985
176.55 176.5 176.6 -0.002325098595
176.65 176.6 176.7 -0.001808204457
176.75 176.7 176.8 -0.000223243629
176.85 176.8 176.9 -0.002889860376
176.95 176.9 177 -0.0006742525857
177.05 177 177.1 -0.002455372724
177.15 177.1 177.2 -0.001634703194
177.25 177.2 177.3 -0.0004202924362
177.35 177.3 177.4 -0.002393099689
177.45 177.4 177.5 0.000367046167
177.55 177.5 177.6 -0.001268420169
177.65 177.6 177.7 -0.002723217198
177.75 177.7 177.8 0.0002175304368
177.85 177.8 177.9 -0.001993222973
177.95 177.9 178 0.001631026264
178.05 178 178.1 0.0003612123837
178.15 178.1 178.2 0.001782710258
178.25 178.2 178.3 -0.001725664894
178.35 178.3 178.4 -0.0003689947395
178.45 178.4 178.5 0.0007388729579
178.55 178.5 178.6 -0.001694346846
178.65 178.6 178.7 -4.245359481e-05
178.75 178.7 178.8 0.0002747989216
178.85 178.8 178.9 -0.0009176022683
178.95 178.9 179 -0.000926269945
179.05 179 179.1 -0.0006106409981
179.15 179.1 179.2 0.001444962793
179.25 179.2 179.3 0.0005502046583
179.35 179.3 179.4 -0.002384337384
179.45 179.4 179.5 -0.002910251588
179.55 179.5 179.6 0.003269475697
179.65 179.6 179.7 -0.003519413309
179.75 179.7 179.8 1.133641473e-06
179.85 179.8 179.9 -0.001984026174
179.95 179.9 180 -0.001314260954
180.05 180 180.1 -0.001534924409
180.15 180.1 180.2 -0.0006194136014
180.25 180.2 180.3 -0.0001561298229
180.35 180.3 180.4 -0.001730566223
180.45 180.4 180.5 -0.001470611727
180.55 180.5 180.6 0.001068666756
180.65 180.6 180.7 -0.001528562196
180.75 180.7 180.8 -0.0004428095484
180.85 180.8 180.9 -0.001412941108
180.95 180.9 181 -0.0009469183469
181.05 181 181.1 -0.0006238550643
181.15 181.1 181.2 -0.000334382937
181.25 181.2 181.3 0.0009555286886
181.35 181.3 181.4 -0.0006307028837
181.45 181.4 181.5 0.0001246214283
181.55 181.5 181.6 -0.0004292731612
181.65 181.6 181.7 -0.0003801145688
181.75 181.7 181.8 -0.0003529732951
181.85 181.8 181.9 0.0002672639216
181.95 181.9 182 0.0008212787682
182.05 182 182.1 -0.0001782801828
182.15 182.1 182.2 0.0007044414975
182.25 182.2 182.3 -0.0004951350318
182.35 182.3 182.4 0.001530089119
182.45 182.4 182.5 -8.66472349e-05
182.55 182.5 182.6 -0.0008137129119
182.65 182.6 182.7 -0.001590983673
182.75 182.7 182.8 0.0003193898436
182.85 182.8 182.9 0.0006355433209
182.95 182.9 183 -0.002527374273
183.05 183 183.1 -0.0009676836173
183.15 183.1 183.2 0.0003084439581
183.25 183.2 183.3 -0.001751471149
183.35 183.3 183.4 0.0002510493769
183.45 183.4 183.5 0.0007415850609
183.55 183.5 183.6 -0.0001028962603
183.65 183.6 183.7 0.0003709345624
183.75 183.7 183.8 0.0003064213134
183.85 183.8 183.9 -0.0003898298817
183.95 183.9 184 0.000937226923
184.05 184 184.1 0.0009306543611
184.15 184.1 184.2 -0.0009176760381
184.25 184.2 184.3 -0.0007775636315
184.35 184.3 184.4 -0.002469569531
184.45 184.4 184.5 0.001508423737
184.55 184.5 184.6 0.003090542737
184.65 184.6 184.7 -0.002340771408
184.75 184.7 184.8 0.0001051977979
184.85 184.8 184.9 0.001895085154
184.95 184.9 185 -0.001782415819
185.05 185 185.1 0.001978518925
185.15 185.1 185.2 -0.0008824399344
185.25 185.2 185.3 0.002066699582
185.35 185.3 185.4 -0.001123076953
185.45 185.4 185.5 -0.002059541649
185.55 185.5 185.6 -0.001829795316
185.65 185.6 185.7 -0.0007103832713
185.75 185.7 185.8 -0.00128262123
185.85 185.8 185.9 0.0004001651792
185.95 185.9 186 -0.00172385699
186.05 186 186.1 -0.0001673897922
186.15 186.1 186.2 8.843707091e-05
186.25 186.2 186.3 -0.002626626133
186.35 186.3 186.4 3.259775825e-05
186.45 186.4 186.5 -0.003948861775
186.55 186.5 186.6 0.0006561910768
186.65 186.6 186.7 -6.848589272e-05
186.75 186.7 186.8 0.0005054376443
186.85 186.8 186.9 -0.0008136971996
186.95 186.9 187 -0.003041710322
187.05 187 187.1 0.001448628649
187.15 187.1 187.2 0.001370651426
187.25 187.2 187.3 -0.00140381643
187.35 187.3 187.4 -0.001596253118
187.45 187.4 187.5 0.0002824033176
187.55 187.5 187.6 -0.0006732975271
187.65 187.6 187.7 -0.001599891823
187.75 187.7 187.8 -0.002621796264
187.85 187.8 187.9 -0.001195498622
187.95 187.9 188 -0.001442883388
188.05 188 188.1 -0.0009309380473
188.15 188.1 188.2 0.002298289466
188.25 188.2 188.3 0.0007631610024
188.35 188.3 188.4 -0.001244320577
188.45 188.4 188.5 -0.0003848143274
188.55 188.5 188.6 -0.0004824023532
188.65 188.6 188.7 -0.0001663952544
188.75 188.7 188.8 -0.00108253072
188.85 188.8 188.9 -0.003482683425
188.95 188.9 189 -0.002521336308
189.05 189 189.1 -0.001447975816
189.15 189.1 189.2 -0.0009526539102
189.25 189.2 189.3 0.0008234484821
189.35 189.3 189.4 -0.0005106626628
189.45 189.4 189.5 -0.002800000793
189.55 189.5 189.6 0.0005039071201
189.65 189.6 189.7 -0.00274541981
189.75 189.7 189.8 -0.002182271767
189.85 189.8 189.9 -0.002304670253
189.95 189.9 190 -0.0009306207925
190.05 190 190.1 -0.0002530451598
190.15 190.1 190.2 -0.0009631965032
190.25 190.2 190.3 -0.0005108748598
190.35 190.3 190.4 -0.001293440264
190.45 190.4 190.5 -0.0007197026668
190.55 190.5 190.6 -0.001622319171
190.65 190.6 190.7 -0.001711844054
190.75 190.7 190.8 -0.001560902811
190.85 190.8 190.9 -0.002995460956
190.95 190.9 191 -0.001152769233
191.05 191 191.1 -0.001882190309
191.15 191.1 191.2 -0.002101485992
191.25 191.2 191.3 -0.002700412479
191.35 191.3 191.4 -0.001727033626
191.45 191.4 191.5 -0.0004730436246
191.55 191.5 191.6 -0.002035541361
191.65 191.6 191.7 0.0006235629401
191.75 191.7 191.8 -0.0003531907532
191.85 191.8 191.9 -0.000402092593
191.95 191.9 192 -0.002856417429
192.05 192 192.1 -0.001805243803
192.15 192.1 192.2 0.002807715823
192.25 192.2 192.3 0.001669516275
192.35 192.3 192.4 -0.001184932004
192.45 192.4 192.5 -0.001138098263
192.55 192.5 192.6 -0.0005195996779
192.65 192.6 192.7 -0.002248736166
192.75 192.7 192.8 0.001512615503
192.85 192.8 192.9 0.0002268068073
192.95 192.9 193 -0.001938751195
193.05 193 193.1 -0.00239909871
193.15 193.1 193.2 -0.0004587570014
193.25 193.2 193.3 -0.002661313368
193.35 193.3 193.4 -0.001776419265
193.45 193.4 193.5 0.0002862099914
193.55 193.5 193.6 -0.001700984454
193.65 193.6 193.7 -0.001787986536
193.75 193.7 193.8 -0.002832874825
193.85 193.8 193.9 -0.0005852783404
193.95 193.9 194 -0.001033040189
194.05 194 194.1 -0.001359269905
194.15 194.1 194.2 0.001075062941
194.25 194.2 194.3 -0.002679106304
194.35 194.3 194.4 -0.002589484322
194.45 194.4 194.5 -0.001428180463
194.55 194.5 194.6 -0.0006937536
194.65 194.6 194.7 -0.002081978275
194.75 194.7 194.8 -0.00325737021
194.85 194.8 194.9 0.001960310219
194.95 194.9 195 -0.002487395567
195.05 195 195.1 -0.0007286459862
195.15 195.1 195.2 -0.001093972632
195.25 195.2 195.3 -0.0003852197512
195.35 195.3 195.4 -0.002080495755
195.45 195.4 195.5 -0.002021366631
195.55 195.5 195.6 -0.0009304226022
195.65 195.6 195.7 0.0001127893817
195.75 195.7 195.8 -0.001284047626
195.85 195.8 195.9 -0.0009161645871
195.95 195.9 196 -0.002281641646
196.05 196 196.1 -0.002459346768
196.15 196.1 196.2 -0.002252205914
196.25 196.2 196.3 0.0004250510088
196.35 196.3 196.4 -0.001900380058
196.45 196.4 196.5 -0.001548274814
196.55 196.5 196.6 0.001210381079
196.65 196.6 196.7 -0.0002340964159
196.75 196.7 196.8 -0.002705246955
196.85 196.8 196.9 -0.0029204306
196.95 196.9 197 -0.002040136949
197.05 197 197.1 0.001370468557
197.15 197.1 197.2 -0.0007796519097
197.25 197.2 197.3 0.0008809825838
197.35 197.3 197.4 0.0003924728425
197.45 197.4 197.5 -0.00238023444
197.55 197.5 197.6 -0.00084917995
197.65 197.6 197.7 -0.001659197632
197.75 197.7 197.8 3.902217871e-05
197.85 197.8 197.9 0.0001975729371
197.95 197.9 198 -0.0006112416006
198.05 198 198.1 -0.0008695386849
198.15 198.1 198.2 -0.0005431004128
198.25 198.2 198.3 -0.001924581404
198.35 198.3 198.4 -0.003530291708
198.45 198.4 198.5 -0.0007882182111
198.55 198.5 198.6 -0.002859646937
198.65 198.6 198.7 -0.001398634766
198.75 198.7 198.8 0.0004314554144
198.85 198.8 198.9 -0.001680178987
198.95 198.9 199 -0.0009877430061
199.05 199 199.1 -0.0008068453919
199.15 199.1 199.2 -0.0005624414205
199.25 199.2 199.3 -0.001727797584
199.35 199.3 199.4 -0.001879288365
199.45 199.4 199.5 -0.0008404262936
199.55 199.5 199.6 -0.0009088983848
199.65 199.6 199.7 -0.003550962385
199.75 199.7 199.8 -0.003053989964
199.85 199.8 199.9 -0.003024339992
199.95 199.9 200 3.226495216e-05
