# Columns: s_cen(1) s_min(2) s_max(3) xi_iso(4)
0.05 0 0.1 51.09310859
0.15 0.1 0.2 14.88618073
0.25 0.2 0.3 15.21164069
0.35 0.3 0.4 17.26178984
0.45 0.4 0.5 20.9066201
0.55 0.5 0.6 24.07371862
0.65 0.6 0.7 21.66320372
0.75 0.7 0.8 21.75756714
0.85 0.8 0.9 20.52456761
0.95 0.9 1 21.14976987
1.05 1 1.1 19.90289448
1.15 1.1 1.2 20.11671881
1.25 1.2 1.3 17.98128701
1.35 1.3 1.4 18.06565714
1.45 1.4 1.5 16.63875828
1.55 1.5 1.6 15.92388452
1.65 1.6 1.7 15.19359428
1.75 1.7 1.8 14.26992921
1.85 1.8 1.9 12.79763287
1.95 1.9 2 12.65043536
2.05 2 2.1 11.65066833
2.15 2.1 2.2 11.21564561
2.25 2.2 2.3 10.33524997
2.35 2.3 2.4 9.584803829
2.45 2.4 2.5 8.868218405
2.55 2.5 2.6 8.218568809
2.65 2.6 2.7 8.284826302
2.75 2.7 2.8 7.619231142
2.85 2.8 2.9 7.193527074
2.95 2.9 3 6.832918351
3.05 3 3.1 6.618401731
3.15 3.1 3.2 6.363072114
3.25 3.2 3.3 6.158291071
3.35 3.3 3.4 5.958134349
3.45 3.4 3.5 5.553336812
3.55 3.5 3.6 5.362694466
3.65 3.6 3.7 5.185125806
3.75 3.7 3.8 4.927958921
3.85 3.8 3.9 4.939450774
3.95 3.9 4 4.662736649
4.05 4 4.1 4.625596612
4.15 4.1 4.2 4.299661176
4.25 4.2 4.3 4.178807371
4.35 4.3 4.4 4.041784731
4.45 4.4 4.5 3.848530145
4.55 4.5 4.6 3.81957269
4.65 4.6 4.7 3.759098543
4.75 4.7 4.8 3.736383902
4.85 4.8 4.9 3.48555303
4.95 4.9 5 3.284971167
5.05 5 5.1 3.407976681
5.15 5.1 5.2 3.148858579
5.25 5.2 5.3 3.135759664
5.35 5.3 5.4 3.0188139
5.45 5.4 5.5 2.895166467
5.55 5.5 5.6 2.88590949
5.65 5.6 5.7 2.746924174
5.75 5.7 5.8 2.733352887
5.85 5.8 5.9 2.662839363
5.95 5.9 6 2.554862058
6.05 6 6.1 2.532576489
6.15 6.1 6.2 2.394324535
6.25 6.2 6.3 2.473038135
6.35 6.3 6.4 2.417860869
6.45 6.4 6.5 2.258367121
6.55 6.5 6.6 2.206954852
6.65 6.6 6.7 2.08566066
6.75 6.7 6.8 2.129192215
6.85 6.8 6.9 2.021048516
6.95 6.9 7 2.014630294
7.05 7 7.1 1.915966061
7.15 7.1 7.2 1.964787856
7.25 7.2 7.3 1.902801943
7.35 7.3 7.4 1.849223295
7.45 7.4 7.5 1.78995785
7.55 7.5 7.6 1.738197656
7.65 7.6 7.7 1.758784947
7.75 7.7 7.8 1.718973086
7.85 7.8 7.9 1.653800131
7.95 7.9 8 1.637736748
8.05 8 8.1 1.640160119
8.15 8.1 8.2 1.560562696
8.25 8.2 8.3 1.531152795
8.35 8.3 8.4 1.474186802
8.45 8.4 8.5 1.425396458
8.55 8.5 8.6 1.437729756
8.65 8.6 8.7 1.406802313
8.75 8.7 8.8 1.357333215
8.85 8.8 8.9 1.402257038
8.95 8.9 9 1.333990184
9.05 9 9.1 1.29479143
9.15 9.1 9.2 1.265115151
9.25 9.2 9.3 1.241903406
9.35 9.3 9.4 1.241100199
9.45 9.4 9.5 1.218128737
9.55 9.5 9.6 1.163432921
9.65 9.6 9.7 1.167823867
9.75 9.7 9.8 1.116477314
9.85 9.8 9.9 1.086105956
9.95 9.9 10 1.085521977
10.05 10 10.1 1.084458362
10.15 10.1 10.2 1.07869361
10.25 10.2 10.3 1.040736557
10.35 10.3 10.4 1.054527742
10.45 10.4 10.5 1.005040019
10.55 10.5 10.6 0.9822945015
10.65 10.6 10.7 0.9604720123
10.75 10.7 10.8 0.9461791268
10.85 10.8 10.9 0.9392494391
10.95 10.9 11 0.9187295735
11.05 11 11.1 0.9010976309
11.15 11.1 11.2 0.9077307565
11.25 11.2 11.3 0.8473253414
11.35 11.3 11.4 0.8626362843
11.45 11.4 11.5 0.8296405493
11.55 11.5 11.6 0.8505050036
11.65 11.6 11.7 0.8374083493
11.75 11.7 11.8 0.8026266124
11.85 11.8 11.9 0.7917942933
11.95 11.9 12 0.773407872
12.05 12 12.1 0.7507572793
12.15 12.1 12.2 0.7518526756
12.25 12.2 12.3 0.7444013704
12.35 12.3 12.4 0.7309234853
12.45 12.4 12.5 0.7273035401
12.55 12.5 12.6 0.7123138037
12.65 12.6 12.7 0.7032829529
12.75 12.7 12.8 0.692348838
12.85 12.8 12.9 0.6744384269
12.95 12.9 13 0.6708585156
13.05 13 13.1 0.6795327032
13.15 13.1 13.2 0.6465930408
13.25 13.2 13.3 0.6512115645
13.35 13.3 13.4 0.6129932688
13.45 13.4 13.5 0.6318895282
13.55 13.5 13.6 0.6238101589
13.65 13.6 13.7 0.5950531908
13.75 13.7 13.8 0.6036902277
13.85 13.8 13.9 0.6038170674
13.95 13.9 14 0.6039926321
14.05 14 14.1 0.5859465184
14.15 14.1 14.2 0.5644776391
14.25 14.2 14.3 0.5478523388
14.35 14.3 14.4 0.534942506
14.45 14.4 14.5 0.540374285
14.55 14.5 14.6 0.5308256687
14.65 14.6 14.7 0.5424889682
14.75 14.7 14.8 0.5094191389
14.85 14.8 14.9 0.5264534471
14.95 14.9 15 0.5265822781
15.05 15 15.1 0.5172860754
15.15 15.1 15.2 0.481299588
15.25 15.2 15.3 0.4993580401
15.35 15.3 15.4 0.4935678258
15.45 15.4 15.5 0.48986079
15.55 15.5 15.6 0.486567955
15.65 15.6 15.7 0.4743716242
15.75 15.7 15.8 0.4532125897
15.85 15.8 15.9 0.4744069281
15.95 15.9 16 0.4573180021
16.05 16 16.1 0.4473946049
16.15 16.1 16.2 0.4567186492
16.25 16.2 16.3 0.4361630501
16.35 16.3 16.4 0.430384268
16.45 16.4 16.5 0.4245706616
16.55 16.5 16.6 0.408122409
16.65 16.6 16.7 0.4141746093
16.75 16.7 16.8 0.4074764513
16.85 16.8 16.9 0.4090650786
16.95 16.9 17 0.3945965012
17.05 17 17.1 0.3876111998
17.15 17.1 17.2 0.3885521927
17.25 17.2 17.3 0.3789497218
17.35 17.3 17.4 0.3812647932
17.45 17.4 17.5 0.3784166504
17.55 17.5 17.6 0.3860448799
17.65 17.6 17.7 0.3593962229
17.75 17.7 17.8 0.3669639579
17.85 17.8 17.9 0.3573739127
17.95 17.9 18 0.3464876075
18.05 18 18.1 0.3407115071
18.15 18.1 18.2 0.3206862635
18.25 18.2 18.3 0.3295512358
18.35 18.3 18.4 0.3478485478
18.45 18.4 18.5 0.3303192522
18.55 18.5 18.6 0.3377093416
18.65 18.6 18.7 0.324202259
18.75 18.7 18.8 0.3176419212
18.85 18.8 18.9 0.3294829411
18.95 18.9 19 0.309042957
19.05 19 19.1 0.2973495766
19.15 19.1 19.2 0.3149382577
19.25 19.2 19.3 0.3053904701
19.35 19.3 19.4 0.318040209
19.45 19.4 19.5 0.283526559
19.55 19.5 19.6 0.2994632093
19.65 19.6 19.7 0.297074968
19.75 19.7 19.8 0.2908114704
19.85 19.8 19.9 0.2892760962
19.95 19.9 20 0.2813458137
20.05 20 20.1 0.2818234
20.15 20.1 20.2 0.2832915373
20.25 20.2 20.3 0.2835602604
20.35 20.3 20.4 0.2702892155
20.45 20.4 20.5 0.2727054411
20.55 20.5 20.6 0.2542578688
20.65 20.6 20.7 0.265161215
20.75 20.7 20.8 0.2593987697
20.85 20.8 20.9 0.2654983493
20.95 20.9 21 0.2560702496
21.05 21 21.1 0.2478229307
21.15 21.1 21.2 0.2411547014
21.25 21.2 21.3 0.2539827245
21.35 21.3 21.4 0.2378333338
21.45 21.4 21.5 0.2349627835
21.55 21.5 21.6 0.2498264974
21.65 21.6 21.7 0.2407112653
21.75 21.7 21.8 0.2448452502
21.85 21.8 21.9 0.2364246474
21.95 21.9 22 0.2207085781
22.05 22 22.1 0.2296062404
22.15 22.1 22.2 0.24012229
22.25 22.2 22.3 0.2303839218
22.35 22.3 22.4 0.2102105505
22.45 22.4 22.5 0.2182405183
22.55 22.5 22.6 0.2136505856
22.65 22.6 22.7 0.2042221626
22.75 22.7 22.8 0.217892345
22.85 22.8 22.9 0.2185001411
22.95 22.9 23 0.2015499181
23.05 23 23.1 0.201681302
23.15 23.1 23.2 0.2125118422
23.25 23.2 23.3 0.2052339183
23.35 23.3 23.4 0.2053584403
23.45 23.4 23.5 0.2036861354
23.55 23.5 23.6 0.1984409057
23.65 23.6 23.7 0.1935446298
23.75 23.7 23.8 0.1934103208
23.85 23.8 23.9 0.1935682303
23.95 23.9 24 0.1883508679
24.05 24 24.1 0.1944356089
24.15 24.1 24.2 0.1933675854
24.25 24.2 24.3 0.1809304252
24.35 24.3 24.4 0.1924875545
24.45 24.4 24.5 0.1824389159
24.55 24.5 24.6 0.1866312186
24.65 24.6 24.7 0.1732586935
24.75 24.7 24.8 0.1836975372
24.85 24.8 24.9 0.180432432
24.95 24.9 25 0.178644893
25.05 25 25.1 0.1692243535
25.15 25.1 25.2 0.1753204809
25.25 25.2 25.3 0.1711040004
25.35 25.3 25.4 0.1642281513
25.45 25.4 25.5 0.1690690432
25.55 25.5 25.6 0.1612634158
25.65 25.6 25.7 0.157730527
25.75 25.7 25.8 0.1609859035
25.85 25.8 25.9 0.1593900154
25.95 25.9 26 0.1622088101
26.05 26 26.1 0.1624053024
26.15 26.1 26.2 0.1538442326
26.25 26.2 26.3 0.1598739714
26.35 26.3 26.4 0.1587257885
26.45 26.4 26.5 0.1629059301
26.55 26.5 26.6 0.153027078
26.65 26.6 26.7 0.1488069462
26.75 26.7 26.8 0.1446870613
26.85 26.8 26.9 0.1485007144
26.95 26.9 27 0.1488116935
27.05 27 27.1 0.1440974798
27.15 27.1 27.2 0.1474438631
27.25 27.2 27.3 0.1356934976
27.35 27.3 27.4 0.1432609081
27.45 27.4 27.5 0.1403016214
27.55 27.5 27.6 0.1338361707
27.65 27.6 27.7 0.1357030917
27.75 27.7 27.8 0.1423821247
27.85 27.8 27.9 0.1359975639
27.95 27.9 28 0.1409855834
28.05 28 28.1 0.1374533479
28.15 28.1 28.2 0.1346451969
28.25 28.2 28.3 0.1278082668
28.35 28.3 28.4 0.1308252166
28.45 28.4 28.5 0.1314471442
28.55 28.5 28.6 0.1189668067
28.65 28.6 28.7 0.1295284951
28.75 28.7 28.8 0.1198610836
28.85 28.8 28.9 0.1231855774
28.95 28.9 29 0.1279328432
29.05 29 29.1 0.1199293675
29.15 29.1 29.2 0.1228808329
29.25 29.2 29.3 0.1185700038
29.35 29.3 29.4 0.1239506638
29.45 29.4 29.5 0.1195922584
29.55 29.5 29.6 0.1225991553
29.65 29.6 29.7 0.1251711733
29.75 29.7 29.8 0.1117105668
29.85 29.8 29.9 0.1141394471
29.95 29.9 30 0.1054259003
30.05 30 30.1 0.1146598152
30.15 30.1 30.2 0.1115745486
30.25 30.2 30.3 0.1018399929
30.35 30.3 30.4 0.1098950783
30.45 30.4 30.5 0.106775017
30.55 30.5 30.6 0.1119599278
30.65 30.6 30.7 0.1089681913
30.75 30.7 30.8 0.1075899587
30.85 30.8 30.9 0.1000598078
30.95 30.9 31 0.1028123054
31.05 31 31.1 0.1012398399
31.15 31.1 31.2 0.09541401631
31.25 31.2 31.3 0.1010679108
31.35 31.3 31.4 0.1046794711
31.45 31.4 31.5 0.1034881131
31.55 31.5 31.6 0.1060051242
31.65 31.6 31.7 0.1050815536
31.75 31.7 31.8 0.09936826946
31.85 31.8 31.9 0.09181855114
31.95 31.9 32 0.08774493771
32.05 32 32.1 0.1011902693
32.15 32.1 32.2 0.09915401808
32.25 32.2 32.3 0.09709734976
32.35 32.3 32.4 0.1025924221
32.45 32.4 32.5 0.08512515773
32.55 32.5 32.6 0.09786520804
32.65 32.6 32.7 0.08886615852
32.75 32.7 32.8 0.09028517409
32.85 32.8 32.9 0.0950014827
32.95 32.9 33 0.09138853488
33.05 33 33.1 0.08504810795
33.15 33.1 33.2 0.07185993397
33.25 33.2 33.3 0.08366268773
33.35 33.3 33.4 0.08471909799
33.45 33.4 33.5 0.08522647371
33.55 33.5 33.6 0.08685662165
33.65 33.6 33.7 0.08406683539
33.75 33.7 33.8 0.08496598795
33.85 33.8 33.9 0.08239990331
33.95 33.9 34 0.08464398231
34.05 34 34.1 0.08162640952
34.15 34.1 34.2 0.08197849885
34.25 34.2 34.3 0.08740803483
34.35 34.3 34.4 0.0796789719
34.45 34.4 34.5 0.08665543863
34.55 34.5 34.6 0.08203237153
34.65 34.6 34.7 0.07805016167
34.75 34.7 34.8 0.07620763475
34.85 34.8 34.9 0.07549434934
34.95 34.9 35 0.0764750736
35.05 35 35.1 0.07402542476
35.15 35.1 35.2 0.08484218299
35.25 35.2 35.3 0.0698021189
35.35 35.3 35.4 0.07256259033
35.45 35.4 35.5 0.07899432561
35.55 35.5 35.6 0.07584899889
35.65 35.6 35.7 0.07330714064
35.75 35.7 35.8 0.06974871449
35.85 35.8 35.9 0.06868224047
35.95 35.9 36 0.08087324944
36.05 36 36.1 0.06656472131
36.15 36.1 36.2 0.06465943015
36.25 36.2 36.3 0.06850412412
36.35 36.3 36.4 0.0670899667
36.45 36.4 36.5 0.07195166574
36.55 36.5 36.6 0.06770837929
36.65 36.6 36.7 0.06618204214
36.75 36.7 36.8 0.06968921601
36.85 36.8 36.9 0.06571861379
36.95 36.9 37 0.07202235596
37.05 37 37.1 0.06820346522
37.15 37.1 37.2 0.07062777197
37.25 37.2 37.3 0.06721404567
37.35 37.3 37.4 0.06536482061
37.45 37.4 37.5 0.06316902049
37.55 37.5 37.6 0.06994149738
37.65 37.6 37.7 0.06713628853
37.75 37.7 37.8 0.06784506218
37.85 37.8 37.9 0.06857793202
37.95 37.9 38 0.06897176449
38.05 38 38.1 0.06587885398
38.15 38.1 38.2 0.06477622006
38.25 38.2 38.3 0.06164823317
38.35 38.3 38.4 0.06480166997
38.45 38.4 38.5 0.06344458972
38.55 38.5 38.6 0.06328075232
38.65 38.6 38.7 0.05800725929
38.75 38.7 38.8 0.06628078117
38.85 38.8 38.9 0.05627088925
38.95 38.9 39 0.06286826322
39.05 39 39.1 0.05185746332
39.15 39.1 39.2 0.06156305528
39.25 39.2 39.3 0.05743797827
39.35 39.3 39.4 0.05595836392
39.45 39.4 39.5 0.06323390946
39.55 39.5 39.6 0.0498095491
39.65 39.6 39.7 0.05770289001
39.75 39.7 39.8 0.05956824254
39.85 39.8 39.9 0.05318326075
39.95 39.9 40 0.05356803888
40.05 40 40.1 0.05310497115
40.15 40.1 40.2 0.05919327097
40.25 40.2 40.3 0.05016439862
40.35 40.3 40.4 0.0545916247
40.45 40.4 40.5 0.05372957107
40.55 40.5 40.6 0.0517868543
40.65 40.6 40.7 0.05496088806
40.75 40.7 40.8 0.0596015963
40.85 40.8 40.9 0.05260380145
40.95 40.9 41 0.05379450089
41.05 41 41.1 0.04697946404
41.15 41.1 41.2 0.04393686519
41.25 41.2 41.3 0.04420815477
41.35 41.3 41.4 0.04396831671
41.45 41.4 41.5 0.05010753552
41.55 41.5 41.6 0.05338802732
41.65 41.6 41.7 0.04557083276
41.75 41.7 41.8 0.05045764029
41.85 41.8 41.9 0.04682481138
41.95 41.9 42 0.05081007322
42.05 42 42.1 0.04658659856
42.15 42.1 42.2 0.04212673002
42.25 42.2 42.3 0.05009026022
42.35 42.3 42.4 0.04977035447
42.45 42.4 42.5 0.04505661564
42.55 42.5 42.6 0.05407250977
42.65 42.6 42.7 0.04191010653
42.75 42.7 42.8 0.0460951273
42.85 42.8 42.9 0.04680581953
42.95 42.9 43 0.03967291332
43.05 43 43.1 0.04226558288
43.15 43.1 43.2 0.04085285314
43.25 43.2 43.3 0.04095193089
43.35 43.3 43.4 0.04532595988
43.45 43.4 43.5 0.0426623944
43.55 43.5 43.6 0.04127340128
43.65 43.6 43.7 0.04580575065
43.75 43.7 43.8 0.04035430246
43.85 43.8 43.9 0.04559951751
43.95 43.9 44 0.04033402071
44.05 44 44.1 0.04396880384
44.15 44.1 44.2 0.03775390259
44.25 44.2 44.3 0.04097946124
44.35 44.3 44.4 0.0419918876
44.45 44.4 44.5 0.03780296353
44.55 44.5 44.6 0.04026290227
44.65 44.6 44.7 0.03614053126
44.75 44.7 44.8 0.04442724777
44.85 44.8 44.9 0.02976591418
44.95 44.9 45 0.03934472503
45.05 45 45.1 0.03364765165
45.15 45.1 45.2 0.03942276456
45.25 45.2 45.3 0.0435627243
45.35 45.3 45.4 0.0361539343
45.45 45.4 45.5 0.03263900286
45.55 45.5 45.6 0.03888759926
45.65 45.6 45.7 0.02958864609
45.75 45.7 45.8 0.03220889662
45.85 45.8 45.9 0.03938921972
45.95 45.9 46 0.04389166146
46.05 46 46.1 0.03749046796
46.15 46.1 46.2 0.03611895878
46.25 46.2 46.3 0.03623174678
46.35 46.3 46.4 0.03544804157
46.45 46.4 46.5 0.02988148515
46.55 46.5 46.6 0.03417670213
46.65 46.6 46.7 0.03684181682
46.75 46.7 46.8 0.03221845786
46.85 46.8 46.9 0.03448254586
46.95 46.9 47 0.03459461598
47.05 47 47.1 0.0281327022
47.15 47.1 47.2 0.03312657614
47.25 47.2 47.3 0.03505532878
47.35 47.3 47.4 0.03653919358
47.45 47.4 47.5 0.03403217822
47.55 47.5 47.6 0.03192878597
47.65 47.6 47.7 0.02675987035
47.75 47.7 47.8 0.02649668732
47.85 47.8 47.9 0.0358965673
47.95 47.9 48 0.02960710299
48.05 48 48.1 0.03063652145
48.15 48.1 48.2 0.03364286193
48.25 48.2 48.3 0.0339888199
48.35 48.3 48.4 0.02674699748
48.45 48.4 48.5 0.02894885788
48.55 48.5 48.6 0.02686681257
48.65 48.6 48.7 0.03182669931
48.75 48.7 48.8 0.02515620109
48.85 48.8 48.9 0.03128119629
48.95 48.9 49 0.02799106917
49.05 49 49.1 0.02867946566
49.15 49.1 49.2 0.02993954881
49.25 49.2 49.3 0.02730843051
49.35 49.3 49.4 0.03064957777
49.45 49.4 49.5 0.02892618734
49.55 49.5 49.6 0.03233944366
49.65 49.6 49.7 0.03144671571
49.75 49.7 49.8 0.02847402217
49.85 49.8 49.9 0.03202126344
49.95 49.9 50 0.03195391661
50.05 50 50.1 0.02898814738
50.15 50.1 50.2 0.02114437685
50.25 50.2 50.3 0.02594778824
50.35 50.3 50.4 0.02738120991
50.45 50.4 50.5 0.02766133483
50.55 50.5 50.6 0.03000432115
50.65 50.6 50.7 0.0265529152
50.75 50.7 50.8 0.02710335179
50.85 50.8 50.9 0.02616430913
50.95 50.9 51 0.03099883733
51.05 51 51.1 0.02040028274
51.15 51.1 51.2 0.02431984294
51.25 51.2 51.3 0.02100547575
51.35 51.3 51.4 0.02485924279
51.45 51.4 51.5 0.02204444248
51.55 51.5 51.6 0.02951089883
51.65 51.6 51.7 0.02332030893
51.75 51.7 51.8 0.02110926911
51.85 51.8 51.9 0.02292670036
51.95 51.9 52 0.02304951047
52.05 52 52.1 0.02626252172
52.15 52.1 52.2 0.02480526664
52.25 52.2 52.3 0.02228377249
52.35 52.3 52.4 0.0180622203
52.45 52.4 52.5 0.02378217053
52.55 52.5 52.6 0.02130290527
52.65 52.6 52.7 0.02118173456
52.75 52.7 52.8 0.02545247701
52.85 52.8 52.9 0.02215355117
52.95 52.9 53 0.02137295641
53.05 53 53.1 0.02500571055
53.15 53.1 53.2 0.02053604929
53.25 53.2 53.3 0.01931455558
53.35 53.3 53.4 0.01864171999
53.45 53.4 53.5 0.02462413292
53.55 53.5 53.6 0.02309427085
53.65 53.6 53.7 0.02651245809
53.75 53.7 53.8 0.02296048589
53.85 53.8 53.9 0.02439205437
53.95 53.9 54 0.01809641092
54.05 54 54.1 0.02614196345
54.15 54.1 54.2 0.02183997891
54.25 54.2 54.3 0.01858874401
54.35 54.3 54.4 0.02400636611
54.45 54.4 54.5 0.01812459377
54.55 54.5 54.6 0.02161087594
54.65 54.6 54.7 0.02455455369
54.75 54.7 54.8 0.01846864041
54.85 54.8 54.9 0.02121587631
54.95 54.9 55 0.02462413248
55.05 55 55.1 0.02081647295
55.15 55.1 55.2 0.02028315008
55.25 55.2 55.3 0.02004520788
55.35 55.3 55.4 0.02036486883
55.45 55.4 55.5 0.013392288
55.55 55.5 55.6 0.01737865006
55.65 55.6 55.7 0.01759293145
55.75 55.7 55.8 0.02312548505
55.85 55.8 55.9 0.0195112884
55.95 55.9 56 0.01582400056
56.05 56 56.1 0.01546947523
56.15 56.1 56.2 0.01911257026
56.25 56.2 56.3 0.01488318615
56.35 56.3 56.4 0.01971048468
56.45 56.4 56.5 0.02144345573
56.55 56.5 56.6 0.01796000749
56.65 56.6 56.7 0.01673198484
56.75 56.7 56.8 0.02259872481
56.85 56.8 56.9 0.01615421152
56.95 56.9 57 0.01879655024
57.05 57 57.1 0.01631513339
57.15 57.1 57.2 0.02077518194
57.25 57.2 57.3 0.01509126783
57.35 57.3 57.4 0.0176315742
57.45 57.4 57.5 0.02067268976
57.55 57.5 57.6 0.01967129449
57.65 57.6 57.7 0.0126878065
57.75 57.7 57.8 0.01423215397
57.85 57.8 57.9 0.01597944286
57.95 57.9 58 0.01445747022
58.05 58 58.1 0.0170423795
58.15 58.1 58.2 0.02027487384
58.25 58.2 58.3 0.01546387441
58.35 58.3 58.4 0.01238539448
58.45 58.4 58.5 0.01613922923
58.55 58.5 58.6 0.01385490769
58.65 58.6 58.7 0.01440966049
58.75 58.7 58.8 0.01721036832
58.85 58.8 58.9 0.01300407815
58.95 58.9 59 0.0150881103
59.05 59 59.1 0.01313629286
59.15 59.1 59.2 0.01170014231
59.25 59.2 59.3 0.0186192151
59.35 59.3 59.4 0.0138651734
59.45 59.4 59.5 0.01295962197
59.55 59.5 59.6 0.01428393009
59.65 59.6 59.7 0.01465187146
59.75 59.7 59.8 0.01206542638
59.85 59.8 59.9 0.01399284006
59.95 59.9 60 0.01100366964
60.05 60 60.1 0.01115028641
60.15 60.1 60.2 0.01355500606
60.25 60.2 60.3 0.01459527292
60.35 60.3 60.4 0.01628577727
60.45 60.4 60.5 0.01307029523
60.55 60.5 60.6 0.0127619528
60.65 60.6 60.7 0.01293213874
60.75 60.7 60.8 0.01607342417
60.85 60.8 60.9 0.01201297263
60.95 60.9 61 0.009734574429
61.05 61 61.1 0.009079924992
61.15 61.1 61.2 0.01103584342
61.25 61.2 61.3 0.01291496453
61.35 61.3 61.4 0.01617301669
61.45 61.4 61.5 0.01518601861
61.55 61.5 61.6 0.01666577923
61.65 61.6 61.7 0.01373495516
61.75 61.7 61.8 0.01186502612
61.85 61.8 61.9 0.01535818231
61.95 61.9 62 0.01274480642
62.05 62 62.1 0.008930839592
62.15 62.1 62.2 0.01166676834
62.25 62.2 62.3 0.01240933339
62.35 62.3 62.4 0.01143686883
62.45 62.4 62.5 0.008289938965
62.55 62.5 62.6 0.0113779847
62.65 62.6 62.7 0.01441009418
62.75 62.7 62.8 0.01142172509
62.85 62.8 62.9 0.01112569768
62.95 62.9 63 0.0126959287
63.05 63 63.1 0.01139643383
63.15 63.1 63.2 0.01594098063
63.25 63.2 63.3 0.007939471481
63.35 63.3 63.4 0.009552039847
63.45 63.4 63.5 0.01217407607
63.55 63.5 63.6 0.00859124825
63.65 63.6 63.7 0.009346181776
63.75 63.7 63.8 0.01405060852
63.85 63.8 63.9 0.009645250769
63.95 63.9 64 0.01227347595
64.05 64 64.1 0.01159602869
64.15 64.1 64.2 0.009287132227
64.25 64.2 64.3 0.009355632116
64.35 64.3 64.4 0.01233216855
64.45 64.4 64.5 0.009349983579
64.55 64.5 64.6 0.008925256568
64.65 64.6 64.7 0.01335394221
64.75 64.7 64.8 0.01045140742
64.85 64.8 64.9 0.01360358095
64.95 64.9 65 0.008246220939
65.05 65 65.1 0.009946852617
65.15 65.1 65.2 0.009035936901
65.25 65.2 65.3 0.008510916336
65.35 65.3 65.4 0.01239914141
65.45 65.4 65.5 0.01125349078
65.55 65.5 65.6 0.01331910777
65.65 65.6 65.7 0.01099847691
65.75 65.7 65.8 0.00939006395
65.85 65.8 65.9 0.005827047388
65.95 65.9 66 0.009578738659
66.05 66 66.1 0.009234830329
66.15 66.1 66.2 0.007890567541
66.25 66.2 66.3 0.01153391285
66.35 66.3 66.4 0.01147853756
66.45 66.4 66.5 0.007096615261
66.55 66.5 66.6 0.009714824992
66.65 66.6 66.7 0.008011202871
66.75 66.7 66.8 0.00720978818
66.85 66.8 66.9 0.01253517763
66.95 66.9 67 0.008645697393
67.05 67 67.1 0.007049901489
67.15 67.1 67.2 0.007962966456
67.25 67.2 67.3 0.005631851815
67.35 67.3 67.4 0.007919672932
67.45 67.4 67.5 0.01033072383
67.55 67.5 67.6 0.009276730188
67.65 67.6 67.7 0.004907568815
67.75 67.7 67.8 0.00954085186
67.85 67.8 67.9 0.009537758511
67.95 67.9 68 0.005183446438
68.05 68 68.1 0.007833157063
68.15 68.1 68.2 0.004670059474
68.25 68.2 68.3 0.008563553418
68.35 68.3 68.4 0.005784037166
68.45 68.4 68.5 0.009033823939
68.55 68.5 68.6 0.005583720316
68.65 68.6 68.7 0.00534186362
68.75 68.7 68.8 0.009242238293
68.85 68.8 68.9 0.009884025135
68.95 68.9 69 0.005949098109
69.05 69 69.1 0.006490443255
69.15 69.1 69.2 0.007851735771
69.25 69.2 69.3 0.008928854639
69.35 69.3 69.4 0.005031820033
69.45 69.4 69.5 0.006574164526
69.55 69.5 69.6 0.009050915868
69.65 69.6 69.7 0.007280503424
69.75 69.7 69.8 0.006883392838
69.85 69.8 69.9 0.00833688041
69.95 69.9 70 0.007077053615
70.05 70 70.1 0.00629701999
70.15 70.1 70.2 0.008703944719
70.25 70.2 70.3 0.005132267257
70.35 70.3 70.4 0.006807038306
70.45 70.4 70.5 0.003292776354
70.55 70.5 70.6 0.008260074581
70.65 70.6 70.7 0.006481837583
70.75 70.7 70.8 0.004407171661
70.85 70.8 70.9 0.006352116373
70.95 70.9 71 0.005368815203
71.05 71 71.1 0.006537065672
71.15 71.1 71.2 0.00533798964
71.25 71.2 71.3 0.008143534155
71.35 71.3 71.4 0.007727561642
71.45 71.4 71.5 0.007619834278
71.55 71.5 71.6 0.003465790194
71.65 71.6 71.7 0.007142688206
71.75 71.7 71.8 0.005387943359
71.85 71.8 71.9 0.003140614356
71.95 71.9 72 0.004689581528
72.05 72 72.1 0.008206489144
72.15 72.1 72.2 0.002601999183
72.25 72.2 72.3 0.005820916611
72.35 72.3 72.4 0.006812925105
72.45 72.4 72.5 0.003542073786
72.55 72.5 72.6 0.00567476465
72.65 72.6 72.7 0.007031408144
72.75 72.7 72.8 0.005302136678
72.85 72.8 72.9 0.003817393895
72.95 72.9 73 0.004073877132
73.05 73 73.1 0.001519536225
73.15 73.1 73.2 0.006021592738
73.25 73.2 73.3 0.006252406838
73.35 73.3 73.4 0.008195134569
73.45 73.4 73.5 0.005707680827
73.55 73.5 73.6 0.005213054125
73.65 73.6 73.7 0.004509842236
73.75 73.7 73.8 0.001496250447
73.85 73.8 73.9 0.008550543933
73.95 73.9 74 0.002646305028
74.05 74 74.1 0.001742653229
74.15 74.1 74.2 0.006177942476
74.25 74.2 74.3 0.006035671638
74.35 74.3 74.4 0.00408537077
74.45 74.4 74.5 0.001657246327
74.55 74.5 74.6 0.007447695141
74.65 74.6 74.7 0.002865753221
74.75 74.7 74.8 0.003530720099
74.85 74.8 74.9 0.006349361486
74.95 74.9 75 0.004462232961
75.05 75 75.1 0.008250960824
75.15 75.1 75.2 0.004494637885
75.25 75.2 75.3 0.003357470505
75.35 75.3 75.4 0.002803760625
75.45 75.4 75.5 0.005827838359
75.55 75.5 75.6 0.008299887635
75.65 75.6 75.7 0.001680395793
75.75 75.7 75.8 0.007377404933
75.85 75.8 75.9 0.003987968727
75.95 75.9 76 0.005495943436
76.05 76 76.1 0.003815985712
76.15 76.1 76.2 0.00673676972
76.25 76.2 76.3 0.006716555964
76.35 76.3 76.4 0.003915260322
76.45 76.4 76.5 0.006064309088
76.55 76.5 76.6 0.006472168887
76.65 76.6 76.7 0.004557737235
76.75 76.7 76.8 0.003629138514
76.85 76.8 76.9 0.005535430615
76.95 76.9 77 0.002426097227
77.05 77 77.1 0.001580283844
77.15 77.1 77.2 0.005032169449
77.25 77.2 77.3 0.005844678919
77.35 77.3 77.4 0.006064468346
77.45 77.4 77.5 0.002672277099
77.55 77.5 77.6 0.004269452409
77.65 77.6 77.7 0.003723511021
77.75 77.7 77.8 0.004235711529
77.85 77.8 77.9 0.002590299129
77.95 77.9 78 0.002187715836
78.05 78 78.1 0.004770241329
78.15 78.1 78.2 0.002447994292
78.25 78.2 78.3 0.006304065595
78.35 78.3 78.4 0.004174826719
78.45 78.4 78.5 0.002381630639
78.55 78.5 78.6 0.005105471217
78.65 78.6 78.7 0.003164957302
78.75 78.7 78.8 0.003363102325
78.85 78.8 78.9 0.005095553039
78.95 78.9 79 0.003990072602
79.05 79 79.1 0.002346773702
79.15 79.1 79.2 0.001858955812
79.25 79.2 79.3 0.0005551438078
79.35 79.3 79.4 0.003784665096
79.45 79.4 79.5 0.00183805298
79.55 79.5 79.6 0.007019587904
79.65 79.6 79.7 0.003775302322
79.75 79.7 79.8 0.009608228918
79.85 79.8 79.9 0.002316488137
79.95 79.9 80 0.003471840235
80.05 80 80.1 0.006102743088
80.15 80.1 80.2 0.004442861467
80.25 80.2 80.3 0.004001633542
80.35 80.3 80.4 0.003895249949
80.45 80.4 80.5 0.005176091983
80.55 80.5 80.6 0.004744818333
80.65 80.6 80.7 0.004133781357
80.75 80.7 80.8 0.003428283449
80.85 80.8 80.9 0.002835361078
80.95 80.9 81 0.001321828555
81.05 81 81.1 0.006359817409
81.15 81.1 81.2 0.003093248897
81.25 81.2 81.3 0.003371281702
81.35 81.3 81.4 0.004304151057
81.45 81.4 81.5 0.001716590658
81.55 81.5 81.6 0.006257070277
81.65 81.6 81.7 0.003953327823
81.75 81.7 81.8 0.002987742334
81.85 81.8 81.9 0.004202887189
81.95 81.9 82 0.005106300577
82.05 82 82.1 0.002790941937
82.15 82.1 82.2 0.004242223424
82.25 82.2 82.3 0.003693045935
82.35 82.3 82.4 0.002098254694
82.45 82.4 82.5 0.004668794714
82.55 82.5 82.6 0.001817269717
82.65 82.6 82.7 0.002826564679
82.75 82.7 82.8 0.003353712208
82.85 82.8 82.9 0.004835910304
82.95 82.9 83 -0.0008360768264
83.05 83 83.1 0.003455525061
83.15 83.1 83.2 0.00519433087
83.25 83.2 83.3 0.001301882993
83.35 83.3 83.4 0.0007647854743
83.45 83.4 83.5 0.003869510624
83.55 83.5 83.6 0.002690267415
83.65 83.6 83.7 0.0005255037517
83.75 83.7 83.8 0.004230615163
83.85 83.8 83.9 0.002336584714
83.95 83.9 84 0.002011653534
84.05 84 84.1 0.004112913838
84.15 84.1 84.2 0.003510712903
84.25 84.2 84.3 0.003218959787
84.35 84.3 84.4 0.003271724466
84.45 84.4 84.5 0.005944693128
84.55 84.5 84.6 0.005859312805
84.65 84.6 84.7 0.0006930807065
84.75 84.7 84.8 0.003938808912
84.85 84.8 84.9 0.002884270304
84.95 84.9 85 0.002209293516
85.05 85 85.1 0.003630981506
85.15 85.1 85.2 0.002222798275
85.25 85.2 85.3 0.003749617013
85.35 85.3 85.4 0.004212816348
85.45 85.4 85.5 0.005124548933
85.55 85.5 85.6 0.00544544604
85.65 85.6 85.7 0.001639398535
85.75 85.7 85.8 -0.0005819770602
85.85 85.8 85.9 0.001438995981
85.95 85.9 86 0.003686493255
86.05 86 86.1 0.002331761539
86.15 86.1 86.2 0.003595448316
86.25 86.2 86.3 0.003462123467
86.35 86.3 86.4 0.003392535083
86.45 86.4 86.5 0.003878389787
86.55 86.5 86.6 0.002389638864
86.65 86.6 86.7 0.002256870475
86.75 86.7 86.8 0.00456045979
86.85 86.8 86.9 0.004258544246
86.95 86.9 87 0.004038239406
87.05 87 87.1 -0.001461136508
87.15 87.1 87.2 0.0005649940485
87.25 87.2 87.3 0.003479442864
87.35 87.3 87.4 0.002758021244
87.45 87.4 87.5 0.002665132308
87.55 87.5 87.6 0.000989242439
87.65 87.6 87.7 0.002408926658
87.75 87.7 87.8 0.004130873946
87.85 87.8 87.9 0.001869034542
87.95 87.9 88 0.007708757457
88.05 88 88.1 0.004311284648
88.15 88.1 88.2 0.001421776307
88.25 88.2 88.3 0.001065838017
88.35 88.3 88.4 0.002288054235
88.45 88.4 88.5 0.00211356771
88.55 88.5 88.6 -0.001149682668
88.65 88.6 88.7 0.002048805373
88.75 88.7 88.8 0.002578042077
88.85 88.8 88.9 0.001234733962
88.95 88.9 89 0.001429763863
89.05 89 89.1 0.0005186673187
89.15 89.1 89.2 -9.897591616e-05
89.25 89.2 89.3 -0.000258077753
89.35 89.3 89.4 0.004684475515
89.45 89.4 89.5 0.001982116391
89.55 89.5 89.6 0.002230578743
89.65 89.6 89.7 0.002094316061
89.75 89.7 89.8 0.002897233062
89.85 89.8 89.9 0.004360634534
89.95 89.9 90 0.002717887709
90.05 90 90.1 2.947080975e-05
90.15 90.1 90.2 0.002348792161
90.25 90.2 90.3 0.001192615807
90.35 90.3 90.4 0.0009708158404
90.45 90.4 90.5 0.002291696601
90.55 90.5 90.6 0.003861261807
90.65 90.6 90.7 0.002695061344
90.75 90.7 90.8 0.002153880999
90.85 90.8 90.9 0.002658810332
90.95 90.9 91 0.002522108242
91.05 91 91.1 0.002274006028
91.15 91.1 91.2 0.003200834883
91.25 91.2 91.3 0.003583800363
91.35 91.3 91.4 -0.0001762908783
91.45 91.4 91.5 0.001774992658
91.55 91.5 91.6 0.003748158343
91.65 91.6 91.7 0.001841695791
91.75 91.7 91.8 0.001653181446
91.85 91.8 91.9 0.001146552352
91.95 91.9 92 0.004599037807
92.05 92 92.1 0.004385627142
92.15 92.1 92.2 0.0008204246206
92.25 92.2 92.3 0.001408204269
92.35 92.3 92.4 0.0006691224009
92.45 92.4 92.5 0.003129606856
92.55 92.5 92.6 0.00316181808
92.65 92.6 92.7 0.000975448885
92.75 92.7 92.8 0.002684461559
92.85 92.8 92.9 0.0009224602358
92.95 92.9 93 0.003686060814
93.05 93 93.1 -0.001632861849
93.15 93.1 93.2 0.001365982739
93.25 93.2 93.3 0.002611067038
93.35 93.3 93.4 0.0008512794103
93.45 93.4 93.5 0.003069110557
93.55 93.5 93.6 0.002774624771
93.65 93.6 93.7 0.002039121377
93.75 93.7 93.8 0.002794405912
93.85 93.8 93.9 0.002700710955
93.95 93.9 94 0.00149371657
94.05 94 94.1 0.005043834352
94.15 94.1 94.2 -0.0002850725692
94.25 94.2 94.3 0.001633270008
94.35 94.3 94.4 0.004635024339
94.45 94.4 94.5 0.001652141693
94.55 94.5 94.6 0.001718908943
94.65 94.6 94.7 0.001978811822
94.75 94.7 94.8 0.001698386834
94.85 94.8 94.9 0.004909262363
94.95 94.9 95 0.002626167559
95.05 95 95.1 0.0005621349563
95.15 95.1 95.2 0.000418847522
95.25 95.2 95.3 0.003285010704
95.35 95.3 95.4 0.003144201911
95.45 95.4 95.5 0.0009834985299
95.55 95.5 95.6 0.00111026407
95.65 95.6 95.7 0.002421065926
95.75 95.7 95.8 0.003031926778
95.85 95.8 95.9 0.002806921973
95.95 95.9 96 0.00426769076
96.05 96 96.1 -0.0004563359931
96.15 96.1 96.2 0.00227680543
96.25 96.2 96.3 0.001538228283
96.35 96.3 96.4 0.001860366
96.45 96.4 96.5 0.0001719241765
96.55 96.5 96.6 0.002332885116
96.65 96.6 96.7 -0.002021092759
96.75 96.7 96.8 0.005264718387
96.85 96.8 96.9 0.003731151564
96.95 96.9 97 0.001802062503
97.05 97 97.1 0.001956848891
97.15 97.1 97.2 0.0003454085963
97.25 97.2 97.3 0.001147370354
97.35 97.3 97.4 0.001605093962
97.45 97.4 97.5 -0.0003555590647
97.55 97.5 97.6 0.002098846316
97.65 97.6 97.7 0.003282184376
97.75 97.7 97.8 0.000300340963
97.85 97.8 97.9 -0.0004647195473
97.95 97.9 98 0.004910433277
98.05 98 98.1 0.002262249107
98.15 98.1 98.2 0.001816595298
98.25 98.2 98.3 0.001248480076
98.35 98.3 98.4 0.002311638779
98.45 98.4 98.5 0.004374497906
98.55 98.5 98.6 0.001135186337
98.65 98.6 98.7 0.002375152314
98.75 98.7 98.8 0.002622767068
98.85 98.8 98.9 0.004489440078
98.95 98.9 99 0.003531309686
99.05 99 99.1 0.001584351894
99.15 99.1 99.2 0.003430883467
99.25 99.2 99.3 0.003320241301
99.35 99.3 99.4 0.00321652539
99.45 99.4 99.5 0.001558890396
99.55 99.5 99.6 0.004798836486
99.65 99.6 99.7 0.003397783989
99.75 99.7 99.8 0.002330130764
99.85 99.8 99.9 0.002033972539
99.95 99.9 100 0.0007966124358
100.05 100 100.1 0.001142307451
100.15 100.1 100.2 -0.0007357986287
100.25 100.2 100.3 0.003881422786
100.35 100.3 100.4 0.001458688531
100.45 100.4 100.5 0.001369224861
100.55 100.5 100.6 0.003010795931
100.65 100.6 100.7 0.002730250191
100.75 100.7 100.8 0.001497469762
100.85 100.8 100.9 0.0007094566395
100.95 100.9 101 0.00215488098
101.05 101 101.1 0.004680497138
101.15 101.1 101.2 0.002831309166
101.25 101.2 101.3 0.003512940857
101.35 101.3 101.4 0.003073906409
101.45 101.4 101.5 0.002503865886
101.55 101.5 101.6 0.004847320143
101.65 101.6 101.7 0.00184412454
101.75 101.7 101.8 0.001956397313
101.85 101.8 101.9 0.001617686392
101.95 101.9 102 0.000290295944
102.05 102 102.1 0.0009095454131
102.15 102.1 102.2 0.002827719747
102.25 102.2 102.3 0.003227187504
102.35 102.3 102.4 0.00265812093
102.45 102.4 102.5 0.002670938517
102.55 102.5 102.6 0.003055994785
102.65 102.6 102.7 0.001579458916
102.75 102.7 102.8 0.003299011014
102.85 102.8 102.9 0.004005995756
102.95 102.9 103 0.003229384061
103.05 103 103.1 9.772771612e-05
103.15 103.1 103.2 0.004467225396
103.25 103.2 103.3 0.005820048038
103.35 103.3 103.4 0.002496315827
103.45 103.4 103.5 0.003565708943
103.55 103.5 103.6 0.004241825858
103.65 103.6 103.7 0.005031294515
103.75 103.7 103.8 0.002317308349
103.85 103.8 103.9 0.004958726958
103.95 103.9 104 0.004307708152
104.05 104 104.1 0.004493822076
104.15 104.1 104.2 0.002369274071
104.25 104.2 104.3 0.00231727563
104.35 104.3 104.4 0.004883891129
104.45 104.4 104.5 0.0009229748023
104.55 104.5 104.6 0.002774666619
104.65 104.6 104.7 0.001788695589
104.75 104.7 104.8 0.003073026581
104.85 104.8 104.9 0.003559790049
104.95 104.9 105 0.002689464239
105.05 105 105.1 0.002724967489
105.15 105.1 105.2 0.007707233633
105.25 105.2 105.3 0.003891966992
105.35 105.3 105.4 0.0006493602757
105.45 105.4 105.5 0.002417716569
105.55 105.5 105.6 0.003330035652
105.65 105.6 105.7 0.001882113606
105.75 105.7 105.8 0.003833811444
105.85 105.8 105.9 0.002932719925
105.95 105.9 106 0.001002985683
106.05 106 106.1 0.002053525377
106.15 106.1 106.2 0.00383241072
106.25 106.2 106.3 0.002574789208
106.35 106.3 106.4 0.00329155776
106.45 106.4 106.5 0.00227901525
106.55 106.5 106.6 0.001754828481
106.65 106.6 106.7 0.002498855058
106.75 106.7 106.8 0.001706143079
106.85 106.8 106.9 0.003047752119
106.95 106.9 107 0.004354404549
107.05 107 107.1 0.004755353897
107.15 107.1 107.2 -7.24149354e-05
107.25 107.2 107.3 0.002378668931
107.35 107.3 107.4 0.003998839392
107.45 107.4 107.5 0.003039352451
107.55 107.5 107.6 0.003294509715
107.65 107.6 107.7 0.003900562914
107.75 107.7 107.8 0.003039071295
107.85 107.8 107.9 0.003293536351
107.95 107.9 108 0.004777115545
108.05 108 108.1 0.001064162676
108.15 108.1 108.2 0.004978861024
108.25 108.2 108.3 0.003221916811
108.35 108.3 108.4 0.002181089774
108.45 108.4 108.5 0.003149588054
108.55 108.5 108.6 0.003047181674
108.65 108.6 108.7 0.003959806889
108.75 108.7 108.8 0.001754395288
108.85 108.8 108.9 0.002312173185
108.95 108.9 109 0.001419205458
109.05 109 109.1 0.002643708629
109.15 109.1 109.2 0.00138660199
109.25 109.2 109.3 0.00319388914
109.35 109.3 109.4 0.004390572948
109.45 109.4 109.5 0.001755816574
109.55 109.5 109.6 0.002281352403
109.65 109.6 109.7 0.003864953085
109.75 109.7 109.8 0.001130730508
109.85 109.8 109.9 0.003609285801
109.95 109.9 110 0.001604189403
110.05 110 110.1 0.004561364345
110.15 110.1 110.2 0.005511640147
110.25 110.2 110.3 0.003180792231
110.35 110.3 110.4 0.001954118506
110.45 110.4 110.5 0.001341977941
110.55 110.5 110.6 0.003729481032
110.65 110.6 110.7 0.005424081989
110.75 110.7 110.8 0.002736932775
110.85 110.8 110.9 0.001746067424
110.95 110.9 111 0.002256071113
111.05 111 111.1 0.003354601415
111.15 111.1 111.2 0.003414120632
111.25 111.2 111.3 0.001803626537
111.35 111.3 111.4 0.0006133800007
111.45 111.4 111.5 0.00331344102
111.55 111.5 111.6 0.005373340243
111.65 111.6 111.7 0.002344409979
111.75 111.7 111.8 0.0004329111725
111.85 111.8 111.9 0.001795088841
111.95 111.9 112 0.004258689405
112.05 112 112.1 0.004046878795
112.15 112.1 112.2 0.001827582783
112.25 112.2 112.3 0.002329717727
112.35 112.3 112.4 0.00248506281
112.45 112.4 112.5 0.00333256107
112.55 112.5 112.6 0.001857807386
112.65 112.6 112.7 -0.0006056535381
112.75 112.7 112.8 0.003362125667
112.85 112.8 112.9 0.001561486891
112.95 112.9 113 0.001696395008
113.05 113 113.1 0.001773792302
113.15 113.1 113.2 0.001965162801
113.25 113.2 113.3 0.003809060225
113.35 113.3 113.4 0.002309741952
113.45 113.4 113.5 0.002865860888
113.55 113.5 113.6 0.002726815026
113.65 113.6 113.7 0.00237464029
113.75 113.7 113.8 0.002222179028
113.85 113.8 113.9 0.003077953829
113.95 113.9 114 0.003694705733
114.05 114 114.1 0.002934384912
114.15 114.1 114.2 0.001412288047
114.25 114.2 114.3 0.003249594271
114.35 114.3 114.4 0.003820216902
114.45 114.4 114.5 0.002044931452
114.55 114.5 114.6 0.001846690652
114.65 114.6 114.7 0.00467606799
114.75 114.7 114.8 0.0009757157203
114.85 114.8 114.9 0.001550689027
114.95 114.9 115 0.003700930436
115.05 115 115.1 0.00406484677
115.15 115.1 115.2 0.003884321877
115.25 115.2 115.3 0.001274267014
115.35 115.3 115.4 0.002580704075
115.45 115.4 115.5 0.003562250085
115.55 115.5 115.6 -0.0001564234949
115.65 115.6 115.7 0.002612500326
115.75 115.7 115.8 0.00301287493
115.85 115.8 115.9 0.003759746568
115.95 115.9 116 0.003017197928
116.05 116 116.1 0.0006040829944
116.15 116.1 116.2 0.002400921218
116.25 116.2 116.3 0.002352575587
116.35 116.3 116.4 0.002527979007
116.45 116.4 116.5 0.002440801988
116.55 116.5 116.6 -9.407709435e-06
116.65 116.6 116.7 0.003719334839
116.75 116.7 116.8 0.002778645869
116.85 116.8 116.9 0.0006218157995
116.95 116.9 117 0.004368755221
117.05 117 117.1 0.001182952022
117.15 117.1 117.2 0.002731819928
117.25 117.2 117.3 0.00127557794
117.35 117.3 117.4 0.001442527957
117.45 117.4 117.5 0.00252592916
117.55 117.5 117.6 0.002163434564
117.65 117.6 117.7 0.003640360601
117.75 117.7 117.8 0.003068808902
117.85 117.8 117.9 0.001013788771
117.95 117.9 118 0.001621712719
118.05 118 118.1 0.0004246809061
118.15 118.1 118.2 0.002284609264
118.25 118.2 118.3 0.001682094812
118.35 118.3 118.4 0.002438873496
118.45 118.4 118.5 -0.000953094391
118.55 118.5 118.6 0.003065259153
118.65 118.6 118.7 0.0005035609954
118.75 118.7 118.8 0.0009285761597
118.85 118.8 118.9 0.002786701789
118.95 118.9 119 -0.0002335980247
119.05 119 119.1 0.002643396015
119.15 119.1 119.2 0.0003366546063
119.25 119.2 119.3 0.002418001316
119.35 119.3 119.4 0.0005574246879
119.45 119.4 119.5 0.0001576134361
119.55 119.5 119.6 0.002363404795
119.65 119.6 119.7 0.001470545026
119.75 119.7 119.8 0.000771255652
119.85 119.8 119.9 -0.0003631750758
119.95 119.9 120 0.002455401745
120.05 120 120.1 0.0007092786258
120.15 120.1 120.2 0.0006922818013
120.25 120.2 120.3 0.0003034571984
120.35 120.3 120.4 0.004066616583
120.45 120.4 120.5 0.003007157158
120.55 120.5 120.6 5.843927652e-05
120.65 120.6 120.7 0.002222566525
120.75 120.7 120.8 -6.876668178e-05
120.85 120.8 120.9 0.001053336255
120.95 120.9 121 0.002070767907
121.05 121 121.1 0.00117452013
121.15 121.1 121.2 0.003295085815
121.25 121.2 121.3 0.00360487217
121.35 121.3 121.4 0.0003284253331
121.45 121.4 121.5 0.0009323729175
121.55 121.5 121.6 0.0006385675817
121.65 121.6 121.7 0.0007882875048
121.75 121.7 121.8 0.0008616225568
121.85 121.8 121.9 0.0009210923879
121.95 121.9 122 0.002027109468
122.05 122 122.1 0.001275827225
122.15 122.1 122.2 0.0001244231705
122.25 122.2 122.3 0.001648720579
122.35 122.3 122.4 0.000423719214
122.45 122.4 122.5 -0.0001184282507
122.55 122.5 122.6 0.003757240627
122.65 122.6 122.7 0.002275288127
122.75 122.7 122.8 0.0009893207072
122.85 122.8 122.9 -0.0001207069696
122.95 122.9 123 -0.001006923481
123.05 123 123.1 0.001278233276
123.15 123.1 123.2 0.001574058315
123.25 123.2 123.3 -0.0009980747844
123.35 123.3 123.4 0.001428834053
123.45 123.4 123.5 0.001800508816
123.55 123.5 123.6 0.001216362353
123.65 123.6 123.7 0.002191973087
123.75 123.7 123.8 0.0007620564195
123.85 123.8 123.9 0.002525691944
123.95 123.9 124 0.000452121917
124.05 124 124.1 0.001441666159
124.15 124.1 124.2 -0.0003061888418
124.25 124.2 124.3 0.0009448072465
124.35 124.3 124.4 0.0004874784092
124.45 124.4 124.5 0.0008852745642
124.55 124.5 124.6 0.001508602816
124.65 124.6 124.7 -0.001055427509
124.75 124.7 124.8 -9.327163852e-05
124.85 124.8 124.9 0.002939561382
124.95 124.9 125 0.001614896467
125.05 125 125.1 -0.0001436468471
125.15 125.1 125.2 -0.001067968568
125.25 125.2 125.3 -0.001098596551
125.35 125.3 125.4 -0.0007868393953
125.45 125.4 125.5 0.0002099363992
125.55 125.5 125.6 0.0003263877935
125.65 125.6 125.7 0.0009461545639
125.75 125.7 125.8 -0.0002853632187
125.85 125.8 125.9 -0.0006986115348
125.95 125.9 126 0.0008927646608
126.05 126 126.1 5.891848033e-05
126.15 126.1 126.2 0.0007767381506
126.25 126.2 126.3 -0.001295478288
126.35 126.3 126.4 -0.0003263789386
126.45 126.4 126.5 0.001711918189
126.55 126.5 126.6 -0.0009713537221
126.65 126.6 126.7 0.0001801651274
126.75 126.7 126.8 0.002375242349
126.85 126.8 126.9 -0.001504255459
126.95 126.9 127 0.001705526219
127.05 127 127.1 -0.0002047665313
127.15 127.1 127.2 -0.002604015488
127.25 127.2 127.3 -0.001435707805
127.35 127.3 127.4 0.001348153367
127.45 127.4 127.5 0.001524167596
127.55 127.5 127.6 0.0008945823203
127.65 127.6 127.7 0.001983896931
127.75 127.7 127.8 0.0003014191801
127.85 127.8 127.9 -0.0003331318022
127.95 127.9 128 -0.001740520191
128.05 128 128.1 -0.0004805807912
128.15 128.1 128.2 0.0004970792793
128.25 128.2 128.3 0.0003502768041
128.35 128.3 128.4 -0.0006606058354
128.45 128.4 128.5 0.002931704872
128.55 128.5 128.6 -0.0007167537923
128.65 128.6 128.7 0.0001676340444
128.75 128.7 128.8 0.001388430018
128.85 128.8 128.9 0.0002394472475
128.95 128.9 129 0.0004271236709
129.05 129 129.1 0.0004909252424
129.15 129.1 129.2 -0.0008215445844
129.25 129.2 129.3 -0.001317956402
129.35 129.3 129.4 6.562531576e-05
129.45 129.4 129.5 0.004271187091
129.55 129.5 129.6 0.000854536513
129.65 129.6 129.7 -3.459123996e-05
129.75 129.7 129.8 0.0009572535047
129.85 129.8 129.9 0.0006938081958
129.95 129.9 130 -9.171258986e-05
130.05 130 130.1 -2.151623599e-05
130.15 130.1 130.2 -0.0007089946519
130.25 130.2 130.3 0.001444726116
130.35 130.3 130.4 -0.0003403322832
130.45 130.4 130.5 0.001537542135
130.55 130.5 130.6 0.000424075278
130.65 130.6 130.7 0.0007167664271
130.75 130.7 130.8 -0.000931926782
130.85 130.8 130.9 0.0003957995237
130.95 130.9 131 -0.0004112876964
131.05 131 131.1 -7.605689047e-05
131.15 131.1 131.2 -0.001039458808
131.25 131.2 131.3 -0.0001857211788
131.35 131.3 131.4 -0.001087633853
131.45 131.4 131.5 -0.0007160502443
131.55 131.5 131.6 0.0009694075209
131.65 131.6 131.7 0.001811488892
131.75 131.7 131.8 -0.0006419715192
131.85 131.8 131.9 -0.0008218494275
131.95 131.9 132 0.000231256173
132.05 132 132.1 -0.0008085782473
132.15 132.1 132.2 0.00242595348
132.25 132.2 132.3 0.001601977383
132.35 132.3 132.4 0.0009772488307
132.45 132.4 132.5 0.0002942648328
132.55 132.5 132.6 0.001178470275
132.65 132.6 132.7 0.0008581031391
132.75 132.7 132.8 0.001695343754
132.85 132.8 132.9 0.001629096869
132.95 132.9 133 0.0003533464216
133.05 133 133.1 0.000226409438
133.15 133.1 133.2 0.0006207708619
133.25 133.2 133.3 0.0005476238616
133.35 133.3 133.4 0.002094095776
133.45 133.4 133.5 -1.331051803e-06
133.55 133.5 133.6 0.001201228229
133.65 133.6 133.7 -0.0003970988239
133.75 133.7 133.8 -0.0007501371608
133.85 133.8 133.9 0.000773207708
133.95 133.9 134 -0.0001970320881
134.05 134 134.1 -0.001270531507
134.15 134.1 134.2 0.0007888814616
134.25 134.2 134.3 0.001470641846
134.35 134.3 134.4 0.001484348453
134.45 134.4 134.5 0.0001729559231
134.55 134.5 134.6 0.0001776299382
134.65 134.6 134.7 -0.000338484034
134.75 134.7 134.8 -0.0002842418723
134.85 134.8 134.9 -0.0001178012137
134.95 134.9 135 0.0007488618351
135.05 135 135.1 0.001425636733
135.15 135.1 135.2 0.001749835214
135.25 135.2 135.3 -0.0003368981233
135.35 135.3 135.4 -0.0002559376407
135.45 135.4 135.5 -0.001478209702
135.55 135.5 135.6 -0.0005581629549
135.65 135.6 135.7 -0.0006355743798
135.75 135.7 135.8 0.0001067855043
135.85 135.8 135.9 -0.0005672222215
135.95 135.9 136 0.0003805513317
136.05 136 136.1 -0.0002751495172
136.15 136.1 136.2 -5.557801204e-05
136.25 136.2 136.3 0.0001211017161
136.35 136.3 136.4 0.000921271985
136.45 136.4 136.5 -0.0005876287347
136.55 136.5 136.6 0.0003184662543
136.65 136.6 136.7 0.0007935535861
136.75 136.7 136.8 0.001232524127
136.85 136.8 136.9 0.001470389212
136.95 136.9 137 0.000346385076
137.05 137 137.1 -0.0003543985337
137.15 137.1 137.2 -0.0009077876339
137.25 137.2 137.3 0.00127116213
137.35 137.3 137.4 -4.801366997e-05
137.45 137.4 137.5 0.002044530229
137.55 137.5 137.6 -0.000332061404
137.65 137.6 137.7 0.0005927262755
137.75 137.7 137.8 0.001358284125
137.85 137.8 137.9 -0.000853121553
137.95 137.9 138 0.0007898299182
138.05 138 138.1 0.001367562845
138.15 138.1 138.2 -0.0008644565148
138.25 138.2 138.3 0.0001885202624
138.35 138.3 138.4 -0.001059281884
138.45 138.4 138.5 0.0003411204559
138.55 138.5 138.6 0.0004911440442
138.65 138.6 138.7 -0.0008317923543
138.75 138.7 138.8 0.0002686500275
138.85 138.8 138.9 0.0003442828774
138.95 138.9 139 -0.0008486428573
139.05 139 139.1 0.001083816654
139.15 139.1 139.2 -0.0001104552777
139.25 139.2 139.3 0.001487739258
139.35 139.3 139.4 -0.000194653379
139.45 139.4 139.5 -8.684198386e-05
139.55 139.5 139.6 0.0008111978073
139.65 139.6 139.7 0.0005643692483
139.75 139.7 139.8 0.000616643276
139.85 139.8 139.9 0.0003857270913
139.95 139.9 140 5.594066653e-05
140.05 140 140.1 0.0008312467639
140.15 140.1 140.2 0.001393286185
140.25 140.2 140.3 0.0006890900268
140.35 140.3 140.4 0.0004077093329
140.45 140.4 140.5 -0.001612809673
140.55 140.5 140.6 0.0003568306918
140.65 140.6 140.7 0.000724373891
140.75 140.7 140.8 -0.0005713840734
140.85 140.8 140.9 0.001031468817
140.95 140.9 141 0.001313443498
141.05 141 141.1 -0.0006941487636
141.15 141.1 141.2 0.0004075742537
141.25 141.2 141.3 -0.0006889195524
141.35 141.3 141.4 0.001069625548
141.45 141.4 141.5 -0.0004592361653
141.55 141.5 141.6 0.001121963278
141.65 141.6 141.7 -0.001189532536
141.75 141.7 141.8 -0.001193508491
141.85 141.8 141.9 0.0006409105514
141.95 141.9 142 -0.0002762308583
142.05 142 142.1 0.0002850546307
142.15 142.1 142.2 -0.0009493023354
142.25 142.2 142.3 0.0002687887342
142.35 142.3 142.4 0.0005648680584
142.45 142.4 142.5 -0.001709132614
142.55 142.5 142.6 -0.0009276364326
142.65 142.6 142.7 -0.000201993998
142.75 142.7 142.8 -6.259731591e-06
142.85 142.8 142.9 0.0001249406479
142.95 142.9 143 -0.001115982255
143.05 143 143.1 0.001295926443
143.15 143.1 143.2 -0.001710891073
143.25 143.2 143.3 -0.0009232753593
143.35 143.3 143.4 -0.001125180716
143.45 143.4 143.5 -2.079737727e-05
143.55 143.5 143.6 -0.0004819415963
143.65 143.6 143.7 -0.0003169308303
143.75 143.7 143.8 0.000565798927
143.85 143.8 143.9 0.0002446240329
143.95 143.9 144 0.0004317186491
144.05 144 144.1 0.0002570818209
144.15 144.1 144.2 -0.0005734813562
144.25 144.2 144.3 -0.002037566007
144.35 144.3 144.4 0.00140766213
144.45 144.4 144.5 7.288456894e-05
144.55 144.5 144.6 -0.00213667394
144.65 144.6 144.7 -0.002749295603
144.75 144.7 144.8 0.0009455605079
144.85 144.8 144.9 -0.001555862139
144.95 144.9 145 -3.928693594e-05
145.05 145 145.1 0.0002420614251
145.15 145.1 145.2 0.0003284998306
145.25 145.2 145.3 -0.0006874489482
145.35 145.3 145.4 -0.0007948118477
145.45 145.4 145.5 -0.0004268492401
145.55 145.5 145.6 0.0003592713122
145.65 145.6 145.7 0.001467009281
145.75 145.7 145.8 0.0007011281103
145.85 145.8 145.9 -0.000847934675
145.95 145.9 146 0.0006766090189
146.05 146 146.1 0.0003466279297
146.15 146.1 146.2 -0.0004734332676
146.25 146.2 146.3 -0.0001161642145
146.35 146.3 146.4 -0.001692934719
146.45 146.4 146.5 0.0002676938774
146.55 146.5 146.6 0.0008638151128
146.65 146.6 146.7 -0.001869352431
146.75 146.7 146.8 0.001232669068
146.85 146.8 146.9 0.000193902939
146.95 146.9 147 -0.0005796264644
147.05 147 147.1 -4.861789009e-05
147.15 147.1 147.2 -1.740388771e-05
147.25 147.2 147.3 0.001124955103
147.35 147.3 147.4 -0.000401635951
147.45 147.4 147.5 0.0002835566312
147.55 147.5 147.6 -0.001223526672
147.65 147.6 147.7 -0.001253310523
147.75 147.7 147.8 -0.0009260642114
147.85 147.8 147.9 -0.001632239973
147.95 147.9 148 0.000194935443
148.05 148 148.1 -0.001402200691
148.15 148.1 148.2 0.0003322098391
148.25 148.2 148.3 0.0002107503708
148.35 148.3 148.4 -0.001948686293
148.45 148.4 148.5 -0.0009338571587
148.55 148.5 148.6 -0.0009158080273
148.65 148.6 148.7 0.0004785926107
148.75 148.7 148.8 -0.0003968357825
148.85 148.8 148.9 0.001028167764
148.95 148.9 149 -0.0006389990825
149.05 149 149.1 -0.001645502399
149.15 149.1 149.2 -0.0007217986714
149.25 149.2 149.3 -0.001458544249
149.35 149.3 149.4 -0.0003792344285
149.45 149.4 149.5 -0.0005320380508
149.55 149.5 149.6 -0.0004135162497
149.65 149.6 149.7 0.0002728870487
149.75 149.7 149.8 0.0004077794931
149.85 149.8 149.9 -0.0008571813262
149.95 149.9 150 0.0002373869491
150.05 150 150.1 -0.0004565164089
150.15 150.1 150.2 -0.0008863613867
150.25 150.2 150.3 -0.001041821109
150.35 150.3 150.4 -0.001438928413
150.45 150.4 150.5 9.768590673e-06
150.55 150.5 150.6 -0.001473677936
150.65 150.6 150.7 -0.001137218084
150.75 150.7 150.8 -0.0003830996712
150.85 150.8 150.9 -0.0007815361559
150.95 150.9 151 -0.0003765182095
151.05 151 151.1 0.0004786132721
151.15 151.1 151.2 -0.001525621719
151.25 151.2 151.3 -0.0007737838946
151.35 151.3 151.4 -0.001466251518
151.45 151.4 151.5 -0.0007273311414
151.55 151.5 151.6 -0.0003404891657
151.65 151.6 151.7 -0.002591269903
151.75 151.7 151.8 -0.001118039927
151.85 151.8 151.9 0.0004094093691
151.95 151.9 152 0.0002821899708
152.05 152 152.1 -0.001872718272
152.15 152.1 152.2 0.0005672859292
152.25 152.2 152.3 0.00252772182
152.35 152.3 152.4 0.0002637374473
152.45 152.4 152.5 0.0005014180515
152.55 152.5 152.6 -0.0004780052508
152.65 152.6 152.7 -0.0002574046891
152.75 152.7 152.8 7.280732519e-06
152.85 152.8 152.9 -0.0001386967253
152.95 152.9 153 -0.000745027351
153.05 153 153.1 -0.001269131812
153.15 153.1 153.2 -0.0003990762435
153.25 153.2 153.3 -0.0002818777302
153.35 153.3 153.4 -0.002218087582
153.45 153.4 153.5 -0.001593916863
153.55 153.5 153.6 -0.0008157008918
153.65 153.6 153.7 0.0003345185706
153.75 153.7 153.8 -5.40133381e-05
153.85 153.8 153.9 0.0003120300858
153.95 153.9 154 -0.0001188726418
154.05 154 154.1 0.0004529644101
154.15 154.1 154.2 -0.0005767941093
154.25 154.2 154.3 -0.000473722927
154.35 154.3 154.4 -0.001264812428
154.45 154.4 154.5 -2.168817799e-05
154.55 154.5 154.6 -0.0006785577209
154.65 154.6 154.7 -0.0006631124144
154.75 154.7 154.8 -0.0007564385585
154.85 154.8 154.9 -0.0007932475461
154.95 154.9 155 0.0001387119576
155.05 155 155.1 0.0007977197743
155.15 155.1 155.2 0.0005115488749
155.25 155.2 155.3 -0.0009053296891
155.35 155.3 155.4 0.0003312942351
155.45 155.4 155.5 0.000842388496
155.55 155.5 155.6 -0.0006609229677
155.65 155.6 155.7 -0.001314433444
155.75 155.7 155.8 -0.0009381863716
155.85 155.8 155.9 -0.001282975781
155.95 155.9 156 -0.0001589929113
156.05 156 156.1 -0.0003755096885
156.15 156.1 156.2 -0.001618700649
156.25 156.2 156.3 0.0006969745805
156.35 156.3 156.4 -0.001905299708
156.45 156.4 156.5 0.0004116724924
156.55 156.5 156.6 -0.0007660196771
156.65 156.6 156.7 -6.035455667e-05
156.75 156.7 156.8 -0.000908829152
156.85 156.8 156.9 -0.002509636475
156.95 156.9 157 -0.001623604485
157.05 157 157.1 -0.001377635093
157.15 157.1 157.2 0.0002681685448
157.25 157.2 157.3 0.0005544904589
157.35 157.3 157.4 -0.0002722911267
157.45 157.4 157.5 0.0006662729712
157.55 157.5 157.6 -0.001055284803
157.65 157.6 157.7 -0.001105941131
157.75 157.7 157.8 1.526876284e-05
157.85 157.8 157.9 0.001466721801
157.95 157.9 158 -0.001785419055
158.05 158 158.1 -0.002276176265
158.15 158.1 158.2 -0.0005801237706
158.25 158.2 158.3 -0.001201287958
158.35 158.3 158.4 0.0003141003649
158.45 158.4 158.5 -0.001060302157
158.55 158.5 158.6 -0.0013848494
158.65 158.6 158.7 -0.001178010751
158.75 158.7 158.8 -0.0002406186312
158.85 158.8 158.9 -0.0008931059678
158.95 158.9 159 -0.000735293545
159.05 159 159.1 -0.001688983309
159.15 159.1 159.2 -0.0008697766805
159.25 159.2 159.3 -0.001661250039
159.35 159.3 159.4 -0.0003607484795
159.45 159.4 159.5 -0.001385413637
159.55 159.5 159.6 -0.0004638455469
159.65 159.6 159.7 -0.003437278585
159.75 159.7 159.8 -0.0006127455672
159.85 159.8 159.9 -0.001135149379
159.95 159.9 160 -0.001017010123
160.05 160 160.1 -0.001352739142
160.15 160.1 160.2 -0.001229961847
160.25 160.2 160.3 -0.0009851843023
160.35 160.3 160.4 -0.001370753177
160.45 160.4 160.5 -0.001136139939
160.55 160.5 160.6 -0.0006249655699
160.65 160.6 160.7 0.0007552637142
160.75 160.7 160.8 -0.001462250677
160.85 160.8 160.9 -0.001365093197
160.95 160.9 161 -0.001940031345
161.05 161 161.1 -0.001352592617
161.15 161.1 161.2 -0.0006287073786
161.25 161.2 161.3 -0.003159777327
161.35 161.3 161.4 -0.0009780059137
161.45 161.4 161.5 -0.002580331329
161.55 161.5 161.6 -0.001486234319
161.65 161.6 161.7 -0.002171904119
161.75 161.7 161.8 -0.00262401345
161.85 161.8 161.9 -0.002150554439
161.95 161.9 162 -0.0008380627556
162.05 162 162.1 -0.0007588464862
162.15 162.1 162.2 -0.000424224403
162.25 162.2 162.3 -9.734441949e-06
162.35 162.3 162.4 -7.857799903e-05
162.45 162.4 162.5 -0.001614859386
162.55 162.5 162.6 -0.00157608579
162.65 162.6 162.7 -0.001970072733
162.75 162.7 162.8 -0.00134562302
162.85 162.8 162.9 -0.0004913378782
162.95 162.9 163 -0.0006524494607
163.05 163 163.1 -0.0004746362153
163.15 163.1 163.2 -0.002728979095
163.25 163.2 163.3 -0.001581433712
163.35 163.3 163.4 -0.002680142513
163.45 163.4 163.5 -0.0007079911814
163.55 163.5 163.6 0.0001665403571
163.65 163.6 163.7 -0.001303791851
163.75 163.7 163.8 -0.0002707778452
163.85 163.8 163.9 -0.0009985210834
163.95 163.9 164 -0.001914331665
164.05 164 164.1 -0.0020668561
164.15 164.1 164.2 -0.00140114304
164.25 164.2 164.3 -0.001544655675
164.35 164.3 164.4 -0.001521593272
164.45 164.4 164.5 -0.0009016656426
164.55 164.5 164.6 -0.002170215267
164.65 164.6 164.7 -0.0008015512919
164.75 164.7 164.8 -0.0020921791
164.85 164.8 164.9 -0.002151544577
164.95 164.9 165 -0.001725474463
165.05 165 165.1 -0.0004235634195
165.15 165.1 165.2 -0.0001503179711
165.25 165.2 165.3 -0.0009323491462
165.35 165.3 165.4 -0.001298744916
165.45 165.4 165.5 -0.001788864535
165.55 165.5 165.6 -0.002866549319
165.65 165.6 165.7 -0.002035834441
165.75 165.7 165.8 -0.001381100702
165.85 165.8 165.9 -0.00167572938
165.95 165.9 166 -0.001327042243
166.05 166 166.1 -0.001757633026
166.15 166.1 166.2 -0.0003595091274
166.25 166.2 166.3 -0.0003384403072
166.35 166.3 166.4 -0.001166831607
166.45 166.4 166.5 -7.056449196e-05
166.55 166.5 166.6 -0.001771125431
166.65 166.6 166.7 -0.001308509892
166.75 166.7 166.8 0.0006785651084
166.85 166.8 166.9 -0.001742886124
166.95 166.9 167 -0.001573269677
167.05 167 167.1 4.482358974e-05
167.15 167.1 167.2 -0.002271309493
167.25 167.2 167.3 -0.00128611602
167.35 167.3 167.4 -0.002102451072
167.45 167.4 167.5 -0.0009131146652
167.55 167.5 167.6 -6.342082645e-05
167.65 167.6 167.7 -0.000660936821
167.75 167.7 167.8 -0.001385794649
167.85 167.8 167.9 -0.001720921379
167.95 167.9 168 -0.001570413359
168.05 168 168.1 -0.0008013128559
168.15 168.1 168.2 -0.001059850995
168.25 168.2 168.3 -0.000168751988
168.35 168.3 168.4 -0.001044418387
168.45 168.4 168.5 -0.001723162504
168.55 168.5 168.6 -0.001565956931
168.65 168.6 168.7 -0.001944991982
168.75 168.7 168.8 0.0004428829712
168.85 168.8 168.9 -0.002271796878
168.95 168.9 169 -0.000906191687
169.05 169 169.1 -0.001901058211
169.15 169.1 169.2 -0.00162767022
169.25 169.2 169.3 -0.001346297
169.35 169.3 169.4 -0.0004101162049
169.45 169.4 169.5 1.227900735e-05
169.55 169.5 169.6 -0.001525315076
169.65 169.6 169.7 -0.001103968787
169.75 169.7 169.8 -0.002252003262
169.85 169.8 169.9 -0.0009879556077
169.95 169.9 170 -0.0008096096045
170.05 170 170.1 0.0004649226154
170.15 170.1 170.2 -0.0007109079492
170.25 170.2 170.3 -0.001248484547
170.35 170.3 170.4 -0.001482405615
170.45 170.4 170.5 -0.001041920994
170.55 170.5 170.6 -0.0003648348193
170.65 170.6 170.7 -0.0009146789123
170.75 170.7 170.8 -0.0007818108571
170.85 170.8 170.9 -0.001442500747
170.95 170.9 171 -0.0009225628961
171.05 171 171.1 -0.001464142608
171.15 171.1 171.2 -0.001193878784
171.25 171.2 171.3 -0.000324516284
171.35 171.3 171.4 -0.001245731013
171.45 171.4 171.5 -0.002809569984
171.55 171.5 171.6 -0.001266691271
171.65 171.6 171.7 -0.0004903212487
171.75 171.7 171.8 0.0002833005567
171.85 171.8 171.9 -0.0007161227159
171.95 171.9 172 -0.001994527742
172.05 172 172.1 -0.0002022072293
172.15 172.1 172.2 0.0009041103823
172.25 172.2 172.3 -0.001144272847
172.35 172.3 172.4 -0.0009213644964
172.45 172.4 172.5 -0.0008657336949
172.55 172.5 172.6 -0.0006297162567
172.65 172.6 172.7 -0.0008825385394
172.75 172.7 172.8 -0.001131756922
172.85 172.8 172.9 -0.001753868108
172.95 172.9 173 -0.003142593904
173.05 173 173.1 -0.001701433801
173.15 173.1 173.2 -0.001223298499
173.25 173.2 173.3 -0.001545779893
173.35 173.3 173.4 -0.0008919948757
173.45 173.4 173.5 -0.001252174797
173.55 173.5 173.6 -0.001815503428
173.65 173.6 173.7 -0.0002228062254
173.75 173.7 173.8 -0.0004960837456
173.85 173.8 173.9 -0.001821691606
173.95 173.9 174 -0.001921288026
174.05 174 174.1 -0.002249337753
174.15 174.1 174.2 -0.001288559661
174.25 174.2 174.3 -0.0009368897467
174.35 174.3 174.4 -0.001264357602
174.45 174.4 174.5 -0.002633572584
174.55 174.5 174.6 -0.00115805436
174.65 174.6 174.7 -0.000769318993
174.75 174.7 174.8 -0.002647923616
174.85 174.8 174.9 -0.0007575456372
174.95 174.9 175 -0.00201332429
175.05 175 175.1 -0.001587792423
175.15 175.1 175.2 -0.001734338445
175.25 175.2 175.3 -0.001052791379
175.35 175.3 175.4 -0.00162662891
175.45 175.4 175.5 -0.000967873865
175.55 175.5 175.6 -0.001606775124
175.65 175.6 175.7 -0.001461221684
175.75 175.7 175.8 -0.001635916577
175.85 175.8 175.9 -0.001953341083
175.95 175.9 176 -0.0020747614
176.05 176 176.1 -0.001266061232
176.15 176.1 176.2 -0.001581934004
176.25 176.2 176.3 -0.001114348196
176.35 176.3 176.4 -0.002167155568
176.45 176.4 176.5 -0.0006596142004
176.55 176.5 176.6 -0.002816123762
176.65 176.6 176.7 -0.001709216093
176.75 176.7 176.8 -0.003030026593
176.85 176.8 176.9 -0.001968219405
176.95 176.9 177 -0.001189377971
177.05 177 177.1 -0.001860394998
177.15 177.1 177.2 -0.002331816795
177.25 177.2 177.3 -0.001168696242
177.35 177.3 177.4 -0.0006139930004
177.45 177.4 177.5 -0.00152079134
177.55 177.5 177.6 -0.001253464193
177.65 177.6 177.7 -0.001860803895
177.75 177.7 177.8 -0.001275250461
177.85 177.8 177.9 -0.001620502175
177.95 177.9 178 -0.000565981521
178.05 178 178.1 -0.001748823341
178.15 178.1 178.2 -0.0005603119951
178.25 178.2 178.3 -0.0008420470666
178.35 178.3 178.4 -0.001232524456
178.45 178.4 178.5 -7.74713816e-05
178.55 178.5 178.6 -0.001358393282
178.65 178.6 178.7 -0.001446678921
178.75 178.7 178.8 -0.00169134523
178.85 178.8 178.9 -0.001176391164
178.95 178.9 179 -0.001101731761
179.05 179 179.1 -0.001588332323
179.15 179.1 179.2 -0.002268617198
179.25 179.2 179.3 1.200053421e-05
179.35 179.3 179.4 -0.0008901690874
179.45 179.4 179.5 0.0006846822935
179.55 179.5 179.6 -0.0006710628526
179.65 179.6 179.7 -0.002001092755
179.75 179.7 179.8 -0.0008587832556
179.85 179.8 179.9 -0.0006431684478
179.95 179.9 180 -0.00191733101
180.05 180 180.1 -0.002121506025
180.15 180.1 180.2 -0.001840790125
180.25 180.2 180.3 -0.0009468518658
180.35 180.3 180.4 -0.002002162996
180.45 180.4 180.5 -0.000446288229
180.55 180.5 180.6 -0.0006617191966
180.65 180.6 180.7 -0.000634836238
180.75 180.7 180.8 -0.001699486133
180.85 180.8 180.9 -0.002807648763
180.95 180.9 181 -0.002230869537
181.05 181 181.1 -0.002024142948
181.15 181.1 181.2 -0.002605988177
181.25 181.2 181.3 -0.001491295031
181.35 181.3 181.4 -0.0009377932714
181.45 181.4 181.5 -0.001071344817
181.55 181.5 181.6 0.0006306483525
181.65 181.6 181.7 -0.0009593867168
181.75 181.7 181.8 -0.001219710568
181.85 181.8 181.9 -0.001722290602
181.95 181.9 182 -0.002093498518
182.05 182 182.1 -0.001207842661
182.15 182.1 182.2 -0.0007329945946
182.25 182.2 182.3 -0.001503960712
182.35 182.3 182.4 -0.001876644227
182.45 182.4 182.5 -0.002674912231
182.55 182.5 182.6 -0.002492831712
182.65 182.6 182.7 -0.0005441186091
182.75 182.7 182.8 -0.001671001156
182.85 182.8 182.9 -0.002274262591
182.95 182.9 183 -0.0008386534208
183.05 183 183.1 -0.002111458147
183.15 183.1 183.2 -0.002396189581
183.25 183.2 183.3 -0.0008397823948
183.35 183.3 183.4 -0.0008454406332
183.45 183.4 183.5 -0.001198991551
183.55 183.5 183.6 -0.0005491046204
183.65 183.6 183.7 -0.001390904524
183.75 183.7 183.8 -0.001296185005
183.85 183.8 183.9 -0.001124146114
183.95 183.9 184 0.0002692912034
184.05 184 184.1 -0.001011004321
184.15 184.1 184.2 -0.001500220942
184.25 184.2 184.3 -0.001011673227
184.35 184.3 184.4 -0.0004189264861
184.45 184.4 184.5 -0.001627406351
184.55 184.5 184.6 -0.001409022665
184.65 184.6 184.7 -0.0003956571114
184.75 184.7 184.8 -0.001086975668
184.85 184.8 184.9 -0.001654799198
184.95 184.9 185 -0.000649394862
185.05 185 185.1 -0.003161940625
185.15 185.1 185.2 -0.00164191351
185.25 185.2 185.3 -0.001311604657
185.35 185.3 185.4 -0.002421238647
185.45 185.4 185.5 -0.002165545068
185.55 185.5 185.6 -0.001166687057
185.65 185.6 185.7 -0.0002830940268
185.75 185.7 185.8 -0.0006050037025
185.85 185.8 185.9 -0.001342410963
185.95 185.9 186 -0.002822134783
186.05 186 186.1 -0.001938674047
186.15 186.1 186.2 -0.002377862326
186.25 186.2 186.3 -0.002003552983
186.35 186.3 186.4 -0.0005858625411
186.45 186.4 186.5 -0.001520043388
186.55 186.5 186.6 -0.001003152542
186.65 186.6 186.7 0.0003008121583
186.75 186.7 186.8 -0.001866550007
186.85 186.8 186.9 -0.0006855372886
186.95 186.9 187 -0.000782145414
187.05 187 187.1 -0.001551114053
187.15 187.1 187.2 -0.0002696775823
187.25 187.2 187.3 -0.0003765740121
187.35 187.3 187.4 -5.050534705e-05
187.45 187.4 187.5 -0.001304097389
187.55 187.5 187.6 -0.0009841452803
187.65 187.6 187.7 -0.00328914779
187.75 187.7 187.8 -0.001358123612
187.85 187.8 187.9 -0.0004995938814
187.95 187.9 188 -0.001974890397
188.05 188 188.1 -0.0003426020929
188.15 188.1 188.2 -0.0007716341296
188.25 188.2 188.3 -0.0002015255019
188.35 188.3 188.4 -0.0005740229608
188.45 188.4 188.5 -0.0006276225784
188.55 188.5 188.6 -0.0008651049716
188.65 188.6 188.7 -0.001181107424
188.75 188.7 188.8 -0.001397719345
188.85 188.8 188.9 -0.0004202807461
188.95 188.9 189 -0.0002483568728
189.05 189 189.1 -0.000668327441
189.15 189.1 189.2 -0.001181797681
189.25 189.2 189.3 -0.001340688919
189.35 189.3 189.4 -0.001106751909
189.45 189.4 189.5 -0.001629975876
189.55 189.5 189.6 0.0002280356546
189.65 189.6 189.7 -0.001971053221
189.75 189.7 189.8 -0.0009869056316
189.85 189.8 189.9 -0.001385148879
189.95 189.9 190 -0.002249788
190.05 190 190.1 -0.002171373417
190.15 190.1 190.2 -0.001830081919
190.25 190.2 190.3 -0.001361189464
190.35 190.3 190.4 -0.000728657481
190.45 190.4 190.5 -0.0008660303632
190.55 190.5 190.6 -0.001318231836
190.65 190.6 190.7 -0.002110003064
190.75 190.7 190.8 -0.002837880701
190.85 190.8 190.9 -0.001756426847
190.95 190.9 191 -0.001302188206
191.05 191 191.1 -0.00221790473
191.15 191.1 191.2 -0.001457900462
191.25 191.2 191.3 -0.001608603051
191.35 191.3 191.4 -0.001974292479
191.45 191.4 191.5 -0.0007912790141
191.55 191.5 191.6 -0.001187457933
191.65 191.6 191.7 -0.0009470536735
191.75 191.7 191.8 -0.0008128687077
191.85 191.8 191.9 -0.0009721688271
191.95 191.9 192 -0.0005689912778
192.05 192 192.1 -0.0002337752837
192.15 192.1 192.2 -0.00125530567
192.25 192.2 192.3 -0.001481452965
192.35 192.3 192.4 -0.001966195627
192.45 192.4 192.5 5.210249446e-05
192.55 192.5 192.6 -0.001367085784
192.65 192.6 192.7 0.0002366827802
192.75 192.7 192.8 -0.0013588731
192.85 192.8 192.9 -0.0009566496281
192.95 192.9 193 -0.0009983171705
193.05 193 193.1 -0.000142649039
193.15 193.1 193.2 -0.001110089704
193.25 193.2 193.3 0.0004424674083
193.35 193.3 193.4 -0.002439148769
193.45 193.4 193.5 -0.0002367762896
193.55 193.5 193.6 -0.0005427996596
193.65 193.6 193.7 -0.0007941633055
193.75 193.7 193.8 -0.0007020828085
193.85 193.8 193.9 -0.001677792023
193.95 193.9 194 -0.001098505378
194.05 194 194.1 -0.001251018817
194.15 194.1 194.2 -0.0002568857024
194.25 194.2 194.3 -0.001813809158
194.35 194.3 194.4 -0.0001491225242
194.45 194.4 194.5 -0.001389254419
194.55 194.5 194.6 0.0006220054211
194.65 194.6 194.7 -0.001439634839
194.75 194.7 194.8 -0.0004011505354
194.85 194.8 194.9 -0.0008289439388
194.95 194.9 195 -0.001222513146
195.05 195 195.1 -0.0003391982326
195.15 195.1 195.2 0.0004754407732
195.25 195.2 195.3 -0.00128128716
195.35 195.3 195.4 -0.001636513946
195.45 195.4 195.5 -0.0006096042113
195.55 195.5 195.6 -0.0006651257316
195.65 195.6 195.7 0.0006558661401
195.75 195.7 195.8 0.0002252644062
195.85 195.8 195.9 0.001653852652
195.95 195.9 196 8.208793567e-06
196.05 196 196.1 0.0001677448867
196.15 196.1 196.2 0.0007533019938
196.25 196.2 196.3 2.609754345e-05
196.35 196.3 196.4 6.21965045e-05
196.45 196.4 196.5 -0.001164973474
196.55 196.5 196.6 0.0003275720225
196.65 196.6 196.7 -0.0001417212322
196.75 196.7 196.8 0.000835960957
196.85 196.8 196.9 -0.0008416195741
196.95 196.9 197 -0.00049769746
197.05 197 197.1 0.0002578466028
197.15 197.1 197.2 0.0003977632416
197.25 197.2 197.3 -0.001247807552
197.35 197.3 197.4 -0.001254677751
197.45 197.4 197.5 -0.000841129825
197.55 197.5 197.6 -0.001016440851
197.65 197.6 197.7 -0.001378353408
197.75 197.7 197.8 0.0005897800594
197.85 197.8 197.9 8.875721598e-05
197.95 197.9 198 0.0003828333028
198.05 198 198.1 -0.0004157247906
198.15 198.1 198.2 0.0002838139859
198.25 198.2 198.3 -0.001223592978
198.35 198.3 198.4 -0.0008360996613
198.45 198.4 198.5 -0.002142096615
198.55 198.5 198.6 0.0006758453636
198.65 198.6 198.7 -0.0003669727227
198.75 198.7 198.8 0.0003981174375
198.85 198.8 198.9 0.000918760934
198.95 198.9 199 0.0002029678777
199.05 199 199.1 -0.0004426435093
199.15 199.1 199.2 -0.0001053759828
199.25 199.2 199.3 0.0001631241822
199.35 199.3 199.4 0.0005037589013
199.45 199.4 199.5 7.667014276e-06
199.55 199.5 199.6 0.0006482017196
199.65 199.6 199.7 -0.0006201093402
199.75 199.7 199.8 -0.0004151172454
199.85 199.8 199.9 0.0003377164929
199.95 199.9 200 0.001180475597
