# Columns: s_cen(1) s_min(2) s_max(3) xi_iso(4)
0.05 0 0.1 32.53856567
0.15 0.1 0.2 12.39843034
0.25 0.2 0.3 12.89013381
0.35 0.3 0.4 16.52692847
0.45 0.4 0.5 21.89696465
0.55 0.5 0.6 22.71145833
0.65 0.6 0.7 22.58907992
0.75 0.7 0.8 21.77459968
0.85 0.8 0.9 21.11053911
0.95 0.9 1 21.01313689
1.05 1 1.1 19.96503448
1.15 1.1 1.2 18.82718218
1.25 1.2 1.3 19.00129386
1.35 1.3 1.4 16.79949271
1.45 1.4 1.5 16.41460318
1.55 1.5 1.6 15.35088563
1.65 1.6 1.7 15.37273725
1.75 1.7 1.8 14.18878885
1.85 1.8 1.9 13.72369528
1.95 1.9 2 12.46075769
2.05 2 2.1 11.45657746
2.15 2.1 2.2 11.1079803
2.25 2.2 2.3 9.988920145
2.35 2.3 2.4 9.517127512
2.45 2.4 2.5 9.394035104
2.55 2.5 2.6 8.709098333
2.65 2.6 2.7 8.188349189
2.75 2.7 2.8 7.623905783
2.85 2.8 2.9 7.408371516
2.95 2.9 3 6.998876624
3.05 3 3.1 6.696400746
3.15 3.1 3.2 6.477786781
3.25 3.2 3.3 6.186562594
3.35 3.3 3.4 5.926173457
3.45 3.4 3.5 5.659003832
3.55 3.5 3.6 5.330252445
3.65 3.6 3.7 5.067365477
3.75 3.7 3.8 5.147646369
3.85 3.8 3.9 5.006166855
3.95 3.9 4 4.675753515
4.05 4 4.1 4.443861197
4.15 4.1 4.2 4.285938395
4.25 4.2 4.3 4.191827876
4.35 4.3 4.4 4.170548706
4.45 4.4 4.5 4.073845109
4.55 4.5 4.6 3.800440576
4.65 4.6 4.7 3.72959703
4.75 4.7 4.8 3.572423871
4.85 4.8 4.9 3.467194761
4.95 4.9 5 3.386316027
5.05 5 5.1 3.377619272
5.15 5.1 5.2 3.241117702
5.25 5.2 5.3 3.007523186
5.35 5.3 5.4 3.106234546
5.45 5.4 5.5 2.956418257
5.55 5.5 5.6 2.846048694
5.65 5.6 5.7 2.848333227
5.75 5.7 5.8 2.677596617
5.85 5.8 5.9 2.662214543
5.95 5.9 6 2.609848008
6.05 6 6.1 2.51812526
6.15 6.1 6.2 2.494640996
6.25 6.2 6.3 2.43750382
6.35 6.3 6.4 2.36445692
6.45 6.4 6.5 2.244098999
6.55 6.5 6.6 2.258794512
6.65 6.6 6.7 2.254825614
6.75 6.7 6.8 2.136637974
6.85 6.8 6.9 2.047236739
6.95 6.9 7 2.048064922
7.05 7 7.1 2.036787007
7.15 7.1 7.2 1.922719544
7.25 7.2 7.3 1.876501861
7.35 7.3 7.4 1.88647896
7.45 7.4 7.5 1.838163171
7.55 7.5 7.6 1.796070273
7.65 7.6 7.7 1.719296542
7.75 7.7 7.8 1.716140459
7.85 7.8 7.9 1.628210706
7.95 7.9 8 1.611555048
8.05 8 8.1 1.569444841
8.15 8.1 8.2 1.566330351
8.25 8.2 8.3 1.550077421
8.35 8.3 8.4 1.502182835
8.45 8.4 8.5 1.464545056
8.55 8.5 8.6 1.471896651
8.65 8.6 8.7 1.425608348
8.75 8.7 8.8 1.405245948
8.85 8.8 8.9 1.35846321
8.95 8.9 9 1.327246436
9.05 9 9.1 1.326979051
9.15 9.1 9.2 1.28656
9.25 9.2 9.3 1.249468026
9.35 9.3 9.4 1.224720471
9.45 9.4 9.5 1.199593872
9.55 9.5 9.6 1.172468431
9.65 9.6 9.7 1.165121913
9.75 9.7 9.8 1.13877828
9.85 9.8 9.9 1.133961834
9.95 9.9 10 1.083512214
10.05 10 10.1 1.074502797
10.15 10.1 10.2 1.036856137
10.25 10.2 10.3 1.024842134
10.35 10.3 10.4 1.026436398
10.45 10.4 10.5 0.9950741229
10.55 10.5 10.6 0.9672312015
10.65 10.6 10.7 0.9772307546
10.75 10.7 10.8 0.9407575803
10.85 10.8 10.9 0.9452233563
10.95 10.9 11 0.9366598382
11.05 11 11.1 0.8939430422
11.15 11.1 11.2 0.8739063193
11.25 11.2 11.3 0.8790943362
11.35 11.3 11.4 0.8498310573
11.45 11.4 11.5 0.8349602747
11.55 11.5 11.6 0.8360559175
11.65 11.6 11.7 0.8262550352
11.75 11.7 11.8 0.7858881257
11.85 11.8 11.9 0.773757669
11.95 11.9 12 0.7706636186
12.05 12 12.1 0.7858693087
12.15 12.1 12.2 0.7576020181
12.25 12.2 12.3 0.7614694485
12.35 12.3 12.4 0.7243982424
12.45 12.4 12.5 0.7288623329
12.55 12.5 12.6 0.7197543798
12.65 12.6 12.7 0.6920428079
12.75 12.7 12.8 0.7167001242
12.85 12.8 12.9 0.6955654625
12.95 12.9 13 0.6658392958
13.05 13 13.1 0.6738235608
13.15 13.1 13.2 0.6479509189
13.25 13.2 13.3 0.6479271347
13.35 13.3 13.4 0.6331887138
13.45 13.4 13.5 0.6050381022
13.55 13.5 13.6 0.6359545391
13.65 13.6 13.7 0.5863297001
13.75 13.7 13.8 0.6025104666
13.85 13.8 13.9 0.6028615598
13.95 13.9 14 0.5928954148
14.05 14 14.1 0.5744819611
14.15 14.1 14.2 0.5806566229
14.25 14.2 14.3 0.5651945375
14.35 14.3 14.4 0.5845819522
14.45 14.4 14.5 0.5521478146
14.55 14.5 14.6 0.5318002089
14.65 14.6 14.7 0.5169061295
14.75 14.7 14.8 0.5329283752
14.85 14.8 14.9 0.5092425226
14.95 14.9 15 0.4990552743
15.05 15 15.1 0.5109476458
15.15 15.1 15.2 0.5071334376
15.25 15.2 15.3 0.5009454258
15.35 15.3 15.4 0.4865521191
15.45 15.4 15.5 0.503660023
15.55 15.5 15.6 0.4878454114
15.65 15.6 15.7 0.4859350194
15.75 15.7 15.8 0.4528138536
15.85 15.8 15.9 0.4823408312
15.95 15.9 16 0.4584711749
16.05 16 16.1 0.454600705
16.15 16.1 16.2 0.4391205294
16.25 16.2 16.3 0.4456246252
16.35 16.3 16.4 0.4287361254
16.45 16.4 16.5 0.4200700442
16.55 16.5 16.6 0.4222300762
16.65 16.6 16.7 0.4241428984
16.75 16.7 16.8 0.4151797643
16.85 16.8 16.9 0.411219139
16.95 16.9 17 0.402709974
17.05 17 17.1 0.388390771
17.15 17.1 17.2 0.3981685787
17.25 17.2 17.3 0.3742990471
17.35 17.3 17.4 0.3917843365
17.45 17.4 17.5 0.3846010561
17.55 17.5 17.6 0.3693725221
17.65 17.6 17.7 0.3760916217
17.75 17.7 17.8 0.3738832514
17.85 17.8 17.9 0.3551473925
17.95 17.9 18 0.3602345057
18.05 18 18.1 0.3492607719
18.15 18.1 18.2 0.3425142008
18.25 18.2 18.3 0.3472953092
18.35 18.3 18.4 0.3354040909
18.45 18.4 18.5 0.3355046608
18.55 18.5 18.6 0.3285605231
18.65 18.6 18.7 0.3350130926
18.75 18.7 18.8 0.3297982317
18.85 18.8 18.9 0.3216358312
18.95 18.9 19 0.3244798795
19.05 19 19.1 0.3131151222
19.15 19.1 19.2 0.3172027949
19.25 19.2 19.3 0.3148863491
19.35 19.3 19.4 0.3080858549
19.45 19.4 19.5 0.3065757224
19.55 19.5 19.6 0.3011697066
19.65 19.6 19.7 0.28825127
19.75 19.7 19.8 0.2841148734
19.85 19.8 19.9 0.2845336883
19.95 19.9 20 0.2853204786
20.05 20 20.1 0.3051070929
20.15 20.1 20.2 0.2764973631
20.25 20.2 20.3 0.2771130878
20.35 20.3 20.4 0.2759089247
20.45 20.4 20.5 0.2733576136
20.55 20.5 20.6 0.2689410175
20.65 20.6 20.7 0.2720435999
20.75 20.7 20.8 0.276019432
20.85 20.8 20.9 0.2590710196
20.95 20.9 21 0.2570148581
21.05 21 21.1 0.264580077
21.15 21.1 21.2 0.2463809611
21.25 21.2 21.3 0.2596683012
21.35 21.3 21.4 0.243687567
21.45 21.4 21.5 0.2398252407
21.55 21.5 21.6 0.251435363
21.65 21.6 21.7 0.232858137
21.75 21.7 21.8 0.2368826398
21.85 21.8 21.9 0.2435195328
21.95 21.9 22 0.2372323156
22.05 22 22.1 0.2299057254
22.15 22.1 22.2 0.2294255052
22.25 22.2 22.3 0.228093754
22.35 22.3 22.4 0.2221540987
22.45 22.4 22.5 0.2267820185
22.55 22.5 22.6 0.2258155488
22.65 22.6 22.7 0.2188498709
22.75 22.7 22.8 0.2171635703
22.85 22.8 22.9 0.211777769
22.95 22.9 23 0.2119303135
23.05 23 23.1 0.210624007
23.15 23.1 23.2 0.2036916596
23.25 23.2 23.3 0.2201538638
23.35 23.3 23.4 0.2120250087
23.45 23.4 23.5 0.2043090498
23.55 23.5 23.6 0.2043274122
23.65 23.6 23.7 0.2111795052
23.75 23.7 23.8 0.196497055
23.85 23.8 23.9 0.2090723179
23.95 23.9 24 0.1951358953
24.05 24 24.1 0.1971319048
24.15 24.1 24.2 0.2069597825
24.25 24.2 24.3 0.1880075322
24.35 24.3 24.4 0.1818598342
24.45 24.4 24.5 0.1844723885
24.55 24.5 24.6 0.1845431594
24.65 24.6 24.7 0.1901384651
24.75 24.7 24.8 0.1829230862
24.85 24.8 24.9 0.1798535945
24.95 24.9 25 0.1703538488
25.05 25 25.1 0.1730813731
25.15 25.1 25.2 0.1620330394
25.25 25.2 25.3 0.1749884557
25.35 25.3 25.4 0.1780153413
25.45 25.4 25.5 0.1706886564
25.55 25.5 25.6 0.170495999
25.65 25.6 25.7 0.1768152966
25.75 25.7 25.8 0.165061233
25.85 25.8 25.9 0.1652007527
25.95 25.9 26 0.1635201061
26.05 26 26.1 0.1585490362
26.15 26.1 26.2 0.1648054097
26.25 26.2 26.3 0.1507585476
26.35 26.3 26.4 0.1634257296
26.45 26.4 26.5 0.1504962449
26.55 26.5 26.6 0.157425729
26.65 26.6 26.7 0.155585843
26.75 26.7 26.8 0.1453361811
26.85 26.8 26.9 0.149861697
26.95 26.9 27 0.1528481029
27.05 27 27.1 0.1466368761
27.15 27.1 27.2 0.1523113867
27.25 27.2 27.3 0.1451871028
27.35 27.3 27.4 0.1444869302
27.45 27.4 27.5 0.141884353
27.55 27.5 27.6 0.1466549994
27.65 27.6 27.7 0.1487419383
27.75 27.7 27.8 0.1374065765
27.85 27.8 27.9 0.1379684676
27.95 27.9 28 0.1405424001
28.05 28 28.1 0.138860923
28.15 28.1 28.2 0.1368378122
28.25 28.2 28.3 0.1276021981
28.35 28.3 28.4 0.1335118432
28.45 28.4 28.5 0.1335665003
28.55 28.5 28.6 0.1320805505
28.65 28.6 28.7 0.1330815681
28.75 28.7 28.8 0.1261532098
28.85 28.8 28.9 0.135484494
28.95 28.9 29 0.132935288
29.05 29 29.1 0.1330616391
29.15 29.1 29.2 0.1234117843
29.25 29.2 29.3 0.1230924439
29.35 29.3 29.4 0.1248272724
29.45 29.4 29.5 0.1185269658
29.55 29.5 29.6 0.1223251195
29.65 29.6 29.7 0.1246524678
29.75 29.7 29.8 0.1197509952
29.85 29.8 29.9 0.1181114613
29.95 29.9 30 0.1158961663
30.05 30 30.1 0.121638499
30.15 30.1 30.2 0.1104775802
30.25 30.2 30.3 0.1126050222
30.35 30.3 30.4 0.116945067
30.45 30.4 30.5 0.1076240699
30.55 30.5 30.6 0.09934985474
30.65 30.6 30.7 0.1166474352
30.75 30.7 30.8 0.1081609097
30.85 30.8 30.9 0.1037288288
30.95 30.9 31 0.1149119203
31.05 31 31.1 0.1047554071
31.15 31.1 31.2 0.1039572049
31.25 31.2 31.3 0.1070464288
31.35 31.3 31.4 0.09868248001
31.45 31.4 31.5 0.1045881728
31.55 31.5 31.6 0.1042160896
31.65 31.6 31.7 0.1025365489
31.75 31.7 31.8 0.09812796589
31.85 31.8 31.9 0.09601969072
31.95 31.9 32 0.1015374379
32.05 32 32.1 0.09906689983
32.15 32.1 32.2 0.09822933683
32.25 32.2 32.3 0.09110596859
32.35 32.3 32.4 0.09545711499
32.45 32.4 32.5 0.09540940308
32.55 32.5 32.6 0.09467814793
32.65 32.6 32.7 0.09687899325
32.75 32.7 32.8 0.0934937167
32.85 32.8 32.9 0.08768759631
32.95 32.9 33 0.08974636068
33.05 33 33.1 0.08524253583
33.15 33.1 33.2 0.0833543771
33.25 33.2 33.3 0.09231493186
33.35 33.3 33.4 0.08655001558
33.45 33.4 33.5 0.0850689558
33.55 33.5 33.6 0.08469507545
33.65 33.6 33.7 0.07784244973
33.75 33.7 33.8 0.0789249218
33.85 33.8 33.9 0.08415627663
33.95 33.9 34 0.07929922147
34.05 34 34.1 0.08713875628
34.15 34.1 34.2 0.08655703644
34.25 34.2 34.3 0.08242692648
34.35 34.3 34.4 0.07859736358
34.45 34.4 34.5 0.08312100581
34.55 34.5 34.6 0.08818818841
34.65 34.6 34.7 0.08253987922
34.75 34.7 34.8 0.08371361144
34.85 34.8 34.9 0.07472168623
34.95 34.9 35 0.08263911594
35.05 35 35.1 0.08195854018
35.15 35.1 35.2 0.07941223528
35.25 35.2 35.3 0.07630285754
35.35 35.3 35.4 0.07644508644
35.45 35.4 35.5 0.07192688697
35.55 35.5 35.6 0.07287650089
35.65 35.6 35.7 0.07874045041
35.75 35.7 35.8 0.07531033045
35.85 35.8 35.9 0.07026498967
35.95 35.9 36 0.07104272597
36.05 36 36.1 0.07095943163
36.15 36.1 36.2 0.06971309566
36.25 36.2 36.3 0.07047986094
36.35 36.3 36.4 0.06990526692
36.45 36.4 36.5 0.07136261527
36.55 36.5 36.6 0.06798071067
36.65 36.6 36.7 0.07131650953
36.75 36.7 36.8 0.07384558521
36.85 36.8 36.9 0.06914951067
36.95 36.9 37 0.06607460645
37.05 37 37.1 0.06538711949
37.15 37.1 37.2 0.06961858317
37.25 37.2 37.3 0.07026300062
37.35 37.3 37.4 0.06364808654
37.45 37.4 37.5 0.06441827629
37.55 37.5 37.6 0.06613722155
37.65 37.6 37.7 0.06727339592
37.75 37.7 37.8 0.06304448737
37.85 37.8 37.9 0.0628564862
37.95 37.9 38 0.06209223453
38.05 38 38.1 0.05691073853
38.15 38.1 38.2 0.06547408882
38.25 38.2 38.3 0.06561482344
38.35 38.3 38.4 0.06665092339
38.45 38.4 38.5 0.06620562888
38.55 38.5 38.6 0.0620220687
38.65 38.6 38.7 0.05891578667
38.75 38.7 38.8 0.05890086394
38.85 38.8 38.9 0.05966252459
38.95 38.9 39 0.06113868174
39.05 39 39.1 0.06129688404
39.15 39.1 39.2 0.05851270313
39.25 39.2 39.3 0.05310314727
39.35 39.3 39.4 0.0587262593
39.45 39.4 39.5 0.06157371836
39.55 39.5 39.6 0.05625548283
39.65 39.6 39.7 0.06044932349
39.75 39.7 39.8 0.05664652873
39.85 39.8 39.9 0.05770924028
39.95 39.9 40 0.05791305428
40.05 40 40.1 0.05609795753
40.15 40.1 40.2 0.05924610979
40.25 40.2 40.3 0.05958344564
40.35 40.3 40.4 0.05783856204
40.45 40.4 40.5 0.06236696823
40.55 40.5 40.6 0.05666316647
40.65 40.6 40.7 0.05063664365
40.75 40.7 40.8 0.05415979066
40.85 40.8 40.9 0.05189023874
40.95 40.9 41 0.05800329034
41.05 41 41.1 0.05017194358
41.15 41.1 41.2 0.04790637043
41.25 41.2 41.3 0.05280823979
41.35 41.3 41.4 0.04370677106
41.45 41.4 41.5 0.04956855804
41.55 41.5 41.6 0.05165164681
41.65 41.6 41.7 0.04531056478
41.75 41.7 41.8 0.04914480783
41.85 41.8 41.9 0.04513714716
41.95 41.9 42 0.04846493365
42.05 42 42.1 0.05130918604
42.15 42.1 42.2 0.04516449677
42.25 42.2 42.3 0.04616635782
42.35 42.3 42.4 0.04541182719
42.45 42.4 42.5 0.04958174051
42.55 42.5 42.6 0.04835827547
42.65 42.6 42.7 0.04162476306
42.75 42.7 42.8 0.04061887012
42.85 42.8 42.9 0.04085409669
42.95 42.9 43 0.04633054547
43.05 43 43.1 0.04393048758
43.15 43.1 43.2 0.04878782662
43.25 43.2 43.3 0.04129408595
43.35 43.3 43.4 0.04396750673
43.45 43.4 43.5 0.03992483079
43.55 43.5 43.6 0.03991034376
43.65 43.6 43.7 0.04048020635
43.75 43.7 43.8 0.0418170295
43.85 43.8 43.9 0.04665497118
43.95 43.9 44 0.04514212247
44.05 44 44.1 0.04548012882
44.15 44.1 44.2 0.0377118714
44.25 44.2 44.3 0.04365192676
44.35 44.3 44.4 0.0446936173
44.45 44.4 44.5 0.0392142772
44.55 44.5 44.6 0.0436446768
44.65 44.6 44.7 0.03913784525
44.75 44.7 44.8 0.04131250512
44.85 44.8 44.9 0.04117893105
44.95 44.9 45 0.04345490682
45.05 45 45.1 0.04051276666
45.15 45.1 45.2 0.03528271997
45.25 45.2 45.3 0.0415121211
45.35 45.3 45.4 0.03493089471
45.45 45.4 45.5 0.03626486158
45.55 45.5 45.6 0.0321081984
45.65 45.6 45.7 0.03426793599
45.75 45.7 45.8 0.03844161705
45.85 45.8 45.9 0.03242815335
45.95 45.9 46 0.04015985376
46.05 46 46.1 0.03194714069
46.15 46.1 46.2 0.03193808384
46.25 46.2 46.3 0.04026269315
46.35 46.3 46.4 0.03372934048
46.45 46.4 46.5 0.03662617265
46.55 46.5 46.6 0.03144948664
46.65 46.6 46.7 0.03729554729
46.75 46.7 46.8 0.03521984976
46.85 46.8 46.9 0.03627424559
46.95 46.9 47 0.03494860557
47.05 47 47.1 0.03248339948
47.15 47.1 47.2 0.03227932051
47.25 47.2 47.3 0.03663545329
47.35 47.3 47.4 0.03611471172
47.45 47.4 47.5 0.02870221845
47.55 47.5 47.6 0.03288242678
47.65 47.6 47.7 0.03241532594
47.75 47.7 47.8 0.0325757319
47.85 47.8 47.9 0.03147364034
47.95 47.9 48 0.03143821538
48.05 48 48.1 0.03037240324
48.15 48.1 48.2 0.03028536693
48.25 48.2 48.3 0.03023588851
48.35 48.3 48.4 0.03042273016
48.45 48.4 48.5 0.02586128359
48.55 48.5 48.6 0.02933664628
48.65 48.6 48.7 0.03234630768
48.75 48.7 48.8 0.02615093641
48.85 48.8 48.9 0.02903271275
48.95 48.9 49 0.02752308759
49.05 49 49.1 0.03115182391
49.15 49.1 49.2 0.03316334594
49.25 49.2 49.3 0.03099063258
49.35 49.3 49.4 0.03083892032
49.45 49.4 49.5 0.02736585895
49.55 49.5 49.6 0.02540417738
49.65 49.6 49.7 0.03034466827
49.75 49.7 49.8 0.02629919965
49.85 49.8 49.9 0.02763828474
49.95 49.9 50 0.03367685508
50.05 50 50.1 0.03361996637
50.15 50.1 50.2 0.02531222377
50.25 50.2 50.3 0.02985652553
50.35 50.3 50.4 0.0277273685
50.45 50.4 50.5 0.02649348129
50.55 50.5 50.6 0.02763457182
50.65 50.6 50.7 0.02312213807
50.75 50.7 50.8 0.02413568154
50.85 50.8 50.9 0.0269052044
50.95 50.9 51 0.02778579985
51.05 51 51.1 0.02806466103
51.15 51.1 51.2 0.02412230573
51.25 51.2 51.3 0.02135694121
51.35 51.3 51.4 0.0223719786
51.45 51.4 51.5 0.01971673635
51.55 51.5 51.6 0.02254260256
51.65 51.6 51.7 0.02332265302
51.75 51.7 51.8 0.0228699023
51.85 51.8 51.9 0.02559714069
51.95 51.9 52 0.01814896734
52.05 52 52.1 0.02223332681
52.15 52.1 52.2 0.02243167615
52.25 52.2 52.3 0.01935474766
52.35 52.3 52.4 0.02425097308
52.45 52.4 52.5 0.02418904873
52.55 52.5 52.6 0.02782013788
52.65 52.6 52.7 0.02282215874
52.75 52.7 52.8 0.01768758634
52.85 52.8 52.9 0.02035860787
52.95 52.9 53 0.02571108351
53.05 53 53.1 0.02158531932
53.15 53.1 53.2 0.02094942241
53.25 53.2 53.3 0.0229758041
53.35 53.3 53.4 0.02140067124
53.45 53.4 53.5 0.02579101855
53.55 53.5 53.6 0.02086881782
53.65 53.6 53.7 0.02200879741
53.75 53.7 53.8 0.02110269551
53.85 53.8 53.9 0.02173476111
53.95 53.9 54 0.02139160358
54.05 54 54.1 0.0223449086
54.15 54.1 54.2 0.01857778492
54.25 54.2 54.3 0.02505862177
54.35 54.3 54.4 0.02209133709
54.45 54.4 54.5 0.02108724355
54.55 54.5 54.6 0.01823066834
54.65 54.6 54.7 0.01701502401
54.75 54.7 54.8 0.02626282668
54.85 54.8 54.9 0.02008145147
54.95 54.9 55 0.01624247509
55.05 55 55.1 0.02106462815
55.15 55.1 55.2 0.02112533431
55.25 55.2 55.3 0.01680503039
55.35 55.3 55.4 0.02029284211
55.45 55.4 55.5 0.02113951995
55.55 55.5 55.6 0.01701129957
55.65 55.6 55.7 0.01811068232
55.75 55.7 55.8 0.01957405498
55.85 55.8 55.9 0.01634048709
55.95 55.9 56 0.01599696757
56.05 56 56.1 0.02174772186
56.15 56.1 56.2 0.02197393033
56.25 56.2 56.3 0.01899511366
56.35 56.3 56.4 0.01701064766
56.45 56.4 56.5 0.0199103761
56.55 56.5 56.6 0.01915955105
56.65 56.6 56.7 0.01808477334
56.75 56.7 56.8 0.01456341382
56.85 56.8 56.9 0.02047175406
56.95 56.9 57 0.01631699278
57.05 57 57.1 0.01676896076
57.15 57.1 57.2 0.01680302385
57.25 57.2 57.3 0.02108039075
57.35 57.3 57.4 0.01510381012
57.45 57.4 57.5 0.017111273
57.55 57.5 57.6 0.01584412602
57.65 57.6 57.7 0.02046687416
57.75 57.7 57.8 0.01905089187
57.85 57.8 57.9 0.0159567865
57.95 57.9 58 0.01516811823
58.05 58 58.1 0.01631852575
58.15 58.1 58.2 0.01548080135
58.25 58.2 58.3 0.01771897313
58.35 58.3 58.4 0.0158947168
58.45 58.4 58.5 0.01550873535
58.55 58.5 58.6 0.01579065937
58.65 58.6 58.7 0.01770185945
58.75 58.7 58.8 0.01603233149
58.85 58.8 58.9 0.01709716604
58.95 58.9 59 0.02196698163
59.05 59 59.1 0.0139264576
59.15 59.1 59.2 0.01778261194
59.25 59.2 59.3 0.01383108047
59.35 59.3 59.4 0.0188355459
59.45 59.4 59.5 0.01323974992
59.55 59.5 59.6 0.01228207543
59.65 59.6 59.7 0.0156412271
59.75 59.7 59.8 0.01393154295
59.85 59.8 59.9 0.01452114462
59.95 59.9 60 0.01808218019
60.05 60 60.1 0.01164852486
60.15 60.1 60.2 0.01297099147
60.25 60.2 60.3 0.01833014418
60.35 60.3 60.4 0.01736998684
60.45 60.4 60.5 0.01553902779
60.55 60.5 60.6 0.01376985871
60.65 60.6 60.7 0.01289764793
60.75 60.7 60.8 0.01528555905
60.85 60.8 60.9 0.01364749957
60.95 60.9 61 0.0135627545
61.05 61 61.1 0.01557428748
61.15 61.1 61.2 0.01446247035
61.25 61.2 61.3 0.01432374855
61.35 61.3 61.4 0.01318061799
61.45 61.4 61.5 0.01476877574
61.55 61.5 61.6 0.007776448366
61.65 61.6 61.7 0.01502744883
61.75 61.7 61.8 0.01533518871
61.85 61.8 61.9 0.01570781425
61.95 61.9 62 0.01386404652
62.05 62 62.1 0.01264622143
62.15 62.1 62.2 0.0139576094
62.25 62.2 62.3 0.0134137935
62.35 62.3 62.4 0.0120783557
62.45 62.4 62.5 0.01379126395
62.55 62.5 62.6 0.008476808154
62.65 62.6 62.7 0.009857501384
62.75 62.7 62.8 0.008696470894
62.85 62.8 62.9 0.01773414482
62.95 62.9 63 0.01227582238
63.05 63 63.1 0.01318555596
63.15 63.1 63.2 0.01221956849
63.25 63.2 63.3 0.01398822267
63.35 63.3 63.4 0.01247478411
63.45 63.4 63.5 0.01424562228
63.55 63.5 63.6 0.01153407149
63.65 63.6 63.7 0.01345226435
63.75 63.7 63.8 0.008921349105
63.85 63.8 63.9 0.01223211908
63.95 63.9 64 0.01022203137
64.05 64 64.1 0.01038085282
64.15 64.1 64.2 0.01546454849
64.25 64.2 64.3 0.0116300817
64.35 64.3 64.4 0.01248759723
64.45 64.4 64.5 0.01034874412
64.55 64.5 64.6 0.01358065219
64.65 64.6 64.7 0.01043914478
64.75 64.7 64.8 0.01106093983
64.85 64.8 64.9 0.01175907457
64.95 64.9 65 0.0127905937
65.05 65 65.1 0.01281370221
65.15 65.1 65.2 0.01123237527
65.25 65.2 65.3 0.01239164044
65.35 65.3 65.4 0.01344731421
65.45 65.4 65.5 0.01335255241
65.55 65.5 65.6 0.008696908042
65.65 65.6 65.7 0.01167800224
65.75 65.7 65.8 0.009460082856
65.85 65.8 65.9 0.009567539449
65.95 65.9 66 0.01001209754
66.05 66 66.1 0.01065531858
66.15 66.1 66.2 0.01046981008
66.25 66.2 66.3 0.01035045231
66.35 66.3 66.4 0.01398049826
66.45 66.4 66.5 0.008735321905
66.55 66.5 66.6 0.01282377751
66.65 66.6 66.7 0.01519010957
66.75 66.7 66.8 0.004679790985
66.85 66.8 66.9 0.008369177336
66.95 66.9 67 0.01309214798
67.05 67 67.1 0.00928736049
67.15 67.1 67.2 0.01046307962
67.25 67.2 67.3 0.0106540036
67.35 67.3 67.4 0.008662445325
67.45 67.4 67.5 0.009387650985
67.55 67.5 67.6 0.01152570093
67.65 67.6 67.7 0.008654995551
67.75 67.7 67.8 0.00930958718
67.85 67.8 67.9 0.01163400978
67.95 67.9 68 0.01279150036
68.05 68 68.1 0.007784818573
68.15 68.1 68.2 0.01041008256
68.25 68.2 68.3 0.01019017517
68.35 68.3 68.4 0.007947192556
68.45 68.4 68.5 0.008303723428
68.55 68.5 68.6 0.006162795287
68.65 68.6 68.7 0.01035949935
68.75 68.7 68.8 0.01029239506
68.85 68.8 68.9 0.01104118591
68.95 68.9 69 0.006500148823
69.05 69 69.1 0.01272551592
69.15 69.1 69.2 0.00795018586
69.25 69.2 69.3 0.007809940773
69.35 69.3 69.4 0.009712808532
69.45 69.4 69.5 0.007223134846
69.55 69.5 69.6 0.007629519144
69.65 69.6 69.7 0.006872184455
69.75 69.7 69.8 0.00722382555
69.85 69.8 69.9 0.008325260245
69.95 69.9 70 0.01006229686
70.05 70 70.1 0.008779518419
70.15 70.1 70.2 0.007068824216
70.25 70.2 70.3 0.009078125555
70.35 70.3 70.4 0.008322534938
70.45 70.4 70.5 0.01218781054
70.55 70.5 70.6 0.007068441447
70.65 70.6 70.7 0.008002309731
70.75 70.7 70.8 0.01117694337
70.85 70.8 70.9 0.009089325826
70.95 70.9 71 0.004552530695
71.05 71 71.1 0.007971792483
71.15 71.1 71.2 0.006390979866
71.25 71.2 71.3 0.006402210094
71.35 71.3 71.4 0.005610023827
71.45 71.4 71.5 0.005977456923
71.55 71.5 71.6 0.01259103565
71.65 71.6 71.7 0.007989875786
71.75 71.7 71.8 0.01133312057
71.85 71.8 71.9 0.01030899934
71.95 71.9 72 0.01240679973
72.05 72 72.1 0.006010908524
72.15 72.1 72.2 0.008197269179
72.25 72.2 72.3 0.008427705387
72.35 72.3 72.4 0.008198250649
72.45 72.4 72.5 0.01023845465
72.55 72.5 72.6 0.009412080074
72.65 72.6 72.7 0.008398544724
72.75 72.7 72.8 0.009353158344
72.85 72.8 72.9 0.00814560002
72.95 72.9 73 0.008858541237
73.05 73 73.1 0.008753790801
73.15 73.1 73.2 0.007300761382
73.25 73.2 73.3 0.006409196761
73.35 73.3 73.4 0.006277882587
73.45 73.4 73.5 0.007691435101
73.55 73.5 73.6 0.004037036404
73.65 73.6 73.7 0.00361584078
73.75 73.7 73.8 0.008767430527
73.85 73.8 73.9 0.006835257603
73.95 73.9 74 0.007438304451
74.05 74 74.1 0.006634310733
74.15 74.1 74.2 0.005557074719
74.25 74.2 74.3 0.007424471131
74.35 74.3 74.4 0.00653015976
74.45 74.4 74.5 0.007502273003
74.55 74.5 74.6 0.00832747363
74.65 74.6 74.7 0.008163882922
74.75 74.7 74.8 0.00660334909
74.85 74.8 74.9 0.008750625616
74.95 74.9 75 0.009523869128
75.05 75 75.1 0.005898967991
75.15 75.1 75.2 0.007716579975
75.25 75.2 75.3 0.00511879334
75.35 75.3 75.4 0.00595733093
75.45 75.4 75.5 0.008373564042
75.55 75.5 75.6 0.006555425259
75.65 75.6 75.7 0.008576836586
75.75 75.7 75.8 0.007576590818
75.85 75.8 75.9 0.007285226292
75.95 75.9 76 0.007393932994
76.05 76 76.1 0.009735373794
76.15 76.1 76.2 0.00660320529
76.25 76.2 76.3 0.00638669823
76.35 76.3 76.4 0.007412328798
76.45 76.4 76.5 0.00557791089
76.55 76.5 76.6 0.009868438287
76.65 76.6 76.7 0.009131487445
76.75 76.7 76.8 0.005415537385
76.85 76.8 76.9 0.005761031701
76.95 76.9 77 0.005434616831
77.05 77 77.1 0.006208478956
77.15 77.1 77.2 0.00835374526
77.25 77.2 77.3 0.008271487352
77.35 77.3 77.4 0.007627311417
77.45 77.4 77.5 0.009674277517
77.55 77.5 77.6 0.007971285975
77.65 77.6 77.7 0.005507450963
77.75 77.7 77.8 0.008234415558
77.85 77.8 77.9 0.006948262442
77.95 77.9 78 0.002401625923
78.05 78 78.1 0.007215602621
78.15 78.1 78.2 0.004775686076
78.25 78.2 78.3 0.00523636367
78.35 78.3 78.4 0.009120533617
78.45 78.4 78.5 0.00622310558
78.55 78.5 78.6 0.006732855741
78.65 78.6 78.7 0.007518608423
78.75 78.7 78.8 0.01202429109
78.85 78.8 78.9 0.003382839722
78.95 78.9 79 0.006385273844
79.05 79 79.1 0.009289799034
79.15 79.1 79.2 0.005775058163
79.25 79.2 79.3 0.006137671132
79.35 79.3 79.4 0.008529111347
79.45 79.4 79.5 0.006721061396
79.55 79.5 79.6 0.007175197011
79.65 79.6 79.7 0.005760745886
79.75 79.7 79.8 0.005661616161
79.85 79.8 79.9 0.008224850924
79.95 79.9 80 0.006929266663
80.05 80 80.1 0.006609799114
80.15 80.1 80.2 0.004996464598
80.25 80.2 80.3 0.007009060766
80.35 80.3 80.4 0.003901711358
80.45 80.4 80.5 0.005770653809
80.55 80.5 80.6 0.005574810068
80.65 80.6 80.7 0.005285920785
80.75 80.7 80.8 0.005241935076
80.85 80.8 80.9 0.006818194181
80.95 80.9 81 0.005466411815
81.05 81 81.1 0.004927279158
81.15 81.1 81.2 0.006380529491
81.25 81.2 81.3 0.007439469593
81.35 81.3 81.4 0.004534749145
81.45 81.4 81.5 0.007540834583
81.55 81.5 81.6 0.005042104236
81.65 81.6 81.7 0.004291597943
81.75 81.7 81.8 0.003728064751
81.85 81.8 81.9 0.005178109055
81.95 81.9 82 0.004563394509
82.05 82 82.1 0.004763957723
82.15 82.1 82.2 0.006195521427
82.25 82.2 82.3 0.006356477063
82.35 82.3 82.4 0.006225398565
82.45 82.4 82.5 0.001828229675
82.55 82.5 82.6 0.007764887939
82.65 82.6 82.7 0.006333618965
82.75 82.7 82.8 0.006313438354
82.85 82.8 82.9 0.001041407338
82.95 82.9 83 0.003265656878
83.05 83 83.1 0.005668754455
83.15 83.1 83.2 0.006897400921
83.25 83.2 83.3 0.005295331031
83.35 83.3 83.4 0.006475001481
83.45 83.4 83.5 0.005849368102
83.55 83.5 83.6 0.006082393346
83.65 83.6 83.7 0.004349883475
83.75 83.7 83.8 0.006269889466
83.85 83.8 83.9 0.005645896478
83.95 83.9 84 0.005000082649
84.05 84 84.1 0.002145596993
84.15 84.1 84.2 0.003407327156
84.25 84.2 84.3 0.004051237486
84.35 84.3 84.4 0.001661472539
84.45 84.4 84.5 0.002453799015
84.55 84.5 84.6 0.007086545348
84.65 84.6 84.7 0.002767665016
84.75 84.7 84.8 0.00495412397
84.85 84.8 84.9 0.004436352997
84.95 84.9 85 0.004676380892
85.05 85 85.1 0.006354748887
85.15 85.1 85.2 0.004528767296
85.25 85.2 85.3 0.00474649701
85.35 85.3 85.4 0.003573813095
85.45 85.4 85.5 0.001848918064
85.55 85.5 85.6 0.006116843027
85.65 85.6 85.7 0.001537503969
85.75 85.7 85.8 0.005508616968
85.85 85.8 85.9 0.002682515461
85.95 85.9 86 0.005492372267
86.05 86 86.1 0.002660167607
86.15 86.1 86.2 0.005904882844
86.25 86.2 86.3 0.00529752451
86.35 86.3 86.4 0.00499741934
86.45 86.4 86.5 0.001451224481
86.55 86.5 86.6 0.006682410646
86.65 86.6 86.7 0.004809535767
86.75 86.7 86.8 0.002219654142
86.85 86.8 86.9 0.003619794168
86.95 86.9 87 0.002081885525
87.05 87 87.1 0.002888384161
87.15 87.1 87.2 0.004117236723
87.25 87.2 87.3 0.006956801923
87.35 87.3 87.4 0.006233274575
87.45 87.4 87.5 0.004044048065
87.55 87.5 87.6 0.006291984254
87.65 87.6 87.7 0.005129865312
87.75 87.7 87.8 0.005510044186
87.85 87.8 87.9 0.004331074831
87.95 87.9 88 0.003750208026
88.05 88 88.1 0.004355930749
88.15 88.1 88.2 0.004308733576
88.25 88.2 88.3 0.004942385273
88.35 88.3 88.4 0.003499133168
88.45 88.4 88.5 0.004137875792
88.55 88.5 88.6 0.005195873221
88.65 88.6 88.7 0.005480180079
88.75 88.7 88.8 0.001544284532
88.85 88.8 88.9 0.004401315209
88.95 88.9 89 0.005629036785
89.05 89 89.1 0.003242460809
89.15 89.1 89.2 0.004545338392
89.25 89.2 89.3 0.004920833288
89.35 89.3 89.4 0.00734558904
89.45 89.4 89.5 0.002447533754
89.55 89.5 89.6 0.006487069305
89.65 89.6 89.7 0.005773924747
89.75 89.7 89.8 0.007993116674
89.85 89.8 89.9 0.004503560319
89.95 89.9 90 0.004447946812
90.05 90 90.1 0.004127047398
90.15 90.1 90.2 0.007967986872
90.25 90.2 90.3 0.005771094583
90.35 90.3 90.4 0.006440071353
90.45 90.4 90.5 0.006288554938
90.55 90.5 90.6 0.005684353599
90.65 90.6 90.7 0.006231703396
90.75 90.7 90.8 0.005549446995
90.85 90.8 90.9 0.007151911137
90.95 90.9 91 0.00565918037
91.05 91 91.1 0.005208650708
91.15 91.1 91.2 0.00458332473
91.25 91.2 91.3 0.004024002419
91.35 91.3 91.4 0.007229059322
91.45 91.4 91.5 0.005308881653
91.55 91.5 91.6 0.006896504189
91.65 91.6 91.7 0.006504371393
91.75 91.7 91.8 0.004948005324
91.85 91.8 91.9 0.007159194392
91.95 91.9 92 0.004898874499
92.05 92 92.1 0.004963398348
92.15 92.1 92.2 0.004289964147
92.25 92.2 92.3 0.00408066908
92.35 92.3 92.4 0.005152208035
92.45 92.4 92.5 0.002603641419
92.55 92.5 92.6 0.004092408649
92.65 92.6 92.7 0.006967718692
92.75 92.7 92.8 0.002583575283
92.85 92.8 92.9 0.005639269121
92.95 92.9 93 0.004970737482
93.05 93 93.1 0.004640455917
93.15 93.1 93.2 0.004137036159
93.25 93.2 93.3 0.005000680229
93.35 93.3 93.4 0.005627774015
93.45 93.4 93.5 0.00693117843
93.55 93.5 93.6 0.007343179583
93.65 93.6 93.7 0.005933832124
93.75 93.7 93.8 0.004714840754
93.85 93.8 93.9 0.005891608906
93.95 93.9 94 0.0063251197
94.05 94 94.1 0.005190880071
94.15 94.1 94.2 0.00617904993
94.25 94.2 94.3 0.00620245145
94.35 94.3 94.4 0.007477475724
94.45 94.4 94.5 0.01005232527
94.55 94.5 94.6 0.005582524488
94.65 94.6 94.7 0.007021834404
94.75 94.7 94.8 0.005128045784
94.85 94.8 94.9 0.005303845588
94.95 94.9 95 0.004152627404
95.05 95 95.1 0.004483190164
95.15 95.1 95.2 0.008462832873
95.25 95.2 95.3 0.005825865088
95.35 95.3 95.4 0.003905225451
95.45 95.4 95.5 0.006973341276
95.55 95.5 95.6 0.008129546355
95.65 95.6 95.7 0.006158869149
95.75 95.7 95.8 0.005348520609
95.85 95.8 95.9 0.007017363211
95.95 95.9 96 0.006015462432
96.05 96 96.1 0.006858083393
96.15 96.1 96.2 0.008107111323
96.25 96.2 96.3 0.005572518371
96.35 96.3 96.4 0.003896472161
96.45 96.4 96.5 0.005759259979
96.55 96.5 96.6 0.007299931627
96.65 96.6 96.7 0.005747401661
96.75 96.7 96.8 0.004348678553
96.85 96.8 96.9 0.005884506377
96.95 96.9 97 0.004401721996
97.05 97 97.1 0.003481761361
97.15 97.1 97.2 0.007741415072
97.25 97.2 97.3 0.009073233331
97.35 97.3 97.4 0.006934888714
97.45 97.4 97.5 0.008137052925
97.55 97.5 97.6 0.008295973045
97.65 97.6 97.7 0.007594365253
97.75 97.7 97.8 0.00732785818
97.85 97.8 97.9 0.005088899143
97.95 97.9 98 0.006243958763
98.05 98 98.1 0.006039182543
98.15 98.1 98.2 0.003623490991
98.25 98.2 98.3 0.005867418251
98.35 98.3 98.4 0.006617049223
98.45 98.4 98.5 0.005494933132
98.55 98.5 98.6 0.005583622156
98.65 98.6 98.7 0.006693096668
98.75 98.7 98.8 0.006929793746
98.85 98.8 98.9 0.008220884803
98.95 98.9 99 0.004225132841
99.05 99 99.1 0.00506777743
99.15 99.1 99.2 0.00581497005
99.25 99.2 99.3 0.005047706574
99.35 99.3 99.4 0.006704447282
99.45 99.4 99.5 0.008078240023
99.55 99.5 99.6 0.003537732399
99.65 99.6 99.7 0.006807933578
99.75 99.7 99.8 0.001888711531
99.85 99.8 99.9 0.005462492836
99.95 99.9 100 0.004227418771
100.05 100 100.1 0.00289402202
100.15 100.1 100.2 0.006911360823
100.25 100.2 100.3 0.002669461866
100.35 100.3 100.4 0.005115820303
100.45 100.4 100.5 0.006028039814
100.55 100.5 100.6 0.007274361132
100.65 100.6 100.7 0.004993807713
100.75 100.7 100.8 0.004700138616
100.85 100.8 100.9 0.003391762552
100.95 100.9 101 0.004558438824
101.05 101 101.1 0.005284625356
101.15 101.1 101.2 0.006088189606
101.25 101.2 101.3 0.004801309155
101.35 101.3 101.4 0.003135846664
101.45 101.4 101.5 0.00465343218
101.55 101.5 101.6 0.006115745137
101.65 101.6 101.7 0.003472693812
101.75 101.7 101.8 0.004117951458
101.85 101.8 101.9 0.005295405499
101.95 101.9 102 0.00647350981
102.05 102 102.1 0.006208170033
102.15 102.1 102.2 0.004964984274
102.25 102.2 102.3 0.003267348967
102.35 102.3 102.4 0.006473373806
102.45 102.4 102.5 0.005778925712
102.55 102.5 102.6 0.007164688554
102.65 102.6 102.7 0.003510020947
102.75 102.7 102.8 0.007860985715
102.85 102.8 102.9 0.005061318021
102.95 102.9 103 0.00379159235
103.05 103 103.1 0.004223932418
103.15 103.1 103.2 0.002723183098
103.25 103.2 103.3 0.005995266748
103.35 103.3 103.4 0.005695692217
103.45 103.4 103.5 0.006408074426
103.55 103.5 103.6 0.003692962364
103.65 103.6 103.7 0.004796915768
103.75 103.7 103.8 0.004962895867
103.85 103.8 103.9 0.00366800674
103.95 103.9 104 0.004588262942
104.05 104 104.1 0.002639912328
104.15 104.1 104.2 0.004748973515
104.25 104.2 104.3 0.005322304378
104.35 104.3 104.4 0.004829017639
104.45 104.4 104.5 0.005725446947
104.55 104.5 104.6 0.006948746785
104.65 104.6 104.7 0.004766135305
104.75 104.7 104.8 0.007597086179
104.85 104.8 104.9 0.005329278457
104.95 104.9 105 0.006499931741
105.05 105 105.1 0.005086522195
105.15 105.1 105.2 0.005782515966
105.25 105.2 105.3 0.006037729801
105.35 105.3 105.4 0.006281274466
105.45 105.4 105.5 0.004501614942
105.55 105.5 105.6 0.005094311831
105.65 105.6 105.7 0.004439929438
105.75 105.7 105.8 0.004512383625
105.85 105.8 105.9 0.005478533555
105.95 105.9 106 0.00416578555
106.05 106 106.1 0.003239092384
106.15 106.1 106.2 0.004052724526
106.25 106.2 106.3 0.001648967714
106.35 106.3 106.4 0.004493308796
106.45 106.4 106.5 0.002281919933
106.55 106.5 106.6 0.00712747352
106.65 106.6 106.7 0.003461533164
106.75 106.7 106.8 0.006052019772
106.85 106.8 106.9 0.004355517716
106.95 106.9 107 0.004540614142
107.05 107 107.1 0.00442003971
107.15 107.1 107.2 0.006128805017
107.25 107.2 107.3 0.004327101266
107.35 107.3 107.4 0.002878552679
107.45 107.4 107.5 0.002729745592
107.55 107.5 107.6 0.007161858475
107.65 107.6 107.7 0.004196879153
107.75 107.7 107.8 0.003999915629
107.85 107.8 107.9 0.003535376346
107.95 107.9 108 0.00636827701
108.05 108 108.1 0.003037668352
108.15 108.1 108.2 0.004216726406
108.25 108.2 108.3 0.00371965443
108.35 108.3 108.4 0.003119374535
108.45 108.4 108.5 0.005331256261
108.55 108.5 108.6 0.00259284451
108.65 108.6 108.7 0.001908945717
108.75 108.7 108.8 0.005270940685
108.85 108.8 108.9 0.001515740981
108.95 108.9 109 0.004014444987
109.05 109 109.1 0.003888332222
109.15 109.1 109.2 0.005102762221
109.25 109.2 109.3 0.006192836381
109.35 109.3 109.4 0.002215819944
109.45 109.4 109.5 0.003800635785
109.55 109.5 109.6 0.005569619868
109.65 109.6 109.7 0.002302470147
109.75 109.7 109.8 0.003867902319
109.85 109.8 109.9 0.004558197005
109.95 109.9 110 0.005235446004
110.05 110 110.1 0.004643222059
110.15 110.1 110.2 0.003337512997
110.25 110.2 110.3 0.004146152587
110.35 110.3 110.4 0.003090954875
110.45 110.4 110.5 0.002406884601
110.55 110.5 110.6 0.007140955312
110.65 110.6 110.7 0.002976026037
110.75 110.7 110.8 0.006966331269
110.85 110.8 110.9 0.004301494228
110.95 110.9 111 0.002989497338
111.05 111 111.1 0.004919784063
111.15 111.1 111.2 0.002089764513
111.25 111.2 111.3 0.004080388324
111.35 111.3 111.4 0.005287093099
111.45 111.4 111.5 0.004014045218
111.55 111.5 111.6 0.004412400649
111.65 111.6 111.7 0.005344265982
111.75 111.7 111.8 0.003017806781
111.85 111.8 111.9 0.00404364332
111.95 111.9 112 0.002916652059
112.05 112 112.1 0.002379356421
112.15 112.1 112.2 0.003170537921
112.25 112.2 112.3 0.003399108551
112.35 112.3 112.4 0.005335084267
112.45 112.4 112.5 0.004109293572
112.55 112.5 112.6 0.00263039509
112.65 112.6 112.7 0.003526105154
112.75 112.7 112.8 0.002893808333
112.85 112.8 112.9 0.002600783802
112.95 112.9 113 0.003705893383
113.05 113 113.1 0.003367903232
113.15 113.1 113.2 0.004192043821
113.25 113.2 113.3 0.00332006649
113.35 113.3 113.4 0.004565556803
113.45 113.4 113.5 0.000851462895
113.55 113.5 113.6 0.003783819103
113.65 113.6 113.7 0.004528339726
113.75 113.7 113.8 0.003639381706
113.85 113.8 113.9 0.003117822525
113.95 113.9 114 0.003711139001
114.05 114 114.1 0.006801575691
114.15 114.1 114.2 0.003651653637
114.25 114.2 114.3 0.001353546358
114.35 114.3 114.4 0.003299579734
114.45 114.4 114.5 0.001402537887
114.55 114.5 114.6 0.001801115684
114.65 114.6 114.7 0.001788100115
114.75 114.7 114.8 0.003429955569
114.85 114.8 114.9 0.003332239496
114.95 114.9 115 0.003898539854
115.05 115 115.1 0.002257101749
115.15 115.1 115.2 0.003364790439
115.25 115.2 115.3 0.003762376319
115.35 115.3 115.4 0.002370438229
115.45 115.4 115.5 0.001873404708
115.55 115.5 115.6 0.001479726003
115.65 115.6 115.7 0.002854542078
115.75 115.7 115.8 0.004165447965
115.85 115.8 115.9 0.003226172559
115.95 115.9 116 0.005468939967
116.05 116 116.1 0.002850742211
116.15 116.1 116.2 0.003036823775
116.25 116.2 116.3 0.002244646931
116.35 116.3 116.4 0.001909005498
116.45 116.4 116.5 0.002935734412
116.55 116.5 116.6 0.003035844911
116.65 116.6 116.7 0.002604276492
116.75 116.7 116.8 0.002822762345
116.85 116.8 116.9 0.002034129059
116.95 116.9 117 0.0007661643816
117.05 117 117.1 0.00215600905
117.15 117.1 117.2 0.002595061483
117.25 117.2 117.3 0.003272103554
117.35 117.3 117.4 0.003305277781
117.45 117.4 117.5 0.002279343562
117.55 117.5 117.6 0.001783864404
117.65 117.6 117.7 0.002003073067
117.75 117.7 117.8 0.0002804155417
117.85 117.8 117.9 0.003393384723
117.95 117.9 118 0.004054714123
118.05 118 118.1 0.004072709868
118.15 118.1 118.2 0.0009642815153
118.25 118.2 118.3 0.00228921665
118.35 118.3 118.4 0.002367512772
118.45 118.4 118.5 0.001424060924
118.55 118.5 118.6 0.002415414277
118.65 118.6 118.7 0.003713215266
118.75 118.7 118.8 0.0001336720641
118.85 118.8 118.9 0.002970524697
118.95 118.9 119 0.001164513104
119.05 119 119.1 0.001170656488
119.15 119.1 119.2 0.002118746925
119.25 119.2 119.3 0.001359250847
119.35 119.3 119.4 0.002271498006
119.45 119.4 119.5 0.001243785297
119.55 119.5 119.6 0.00200644364
119.65 119.6 119.7 0.0008638450871
119.75 119.7 119.8 0.002922867493
119.85 119.8 119.9 0.002038502753
119.95 119.9 120 0.001563046836
120.05 120 120.1 0.001306767472
120.15 120.1 120.2 0.0008721858342
120.25 120.2 120.3 0.001040937688
120.35 120.3 120.4 0.001694899299
120.45 120.4 120.5 0.001321297447
120.55 120.5 120.6 0.002730210886
120.65 120.6 120.7 -0.0009214440427
120.75 120.7 120.8 0.001866389609
120.85 120.8 120.9 -0.0002660904276
120.95 120.9 121 0.00181427318
121.05 121 121.1 0.001235172344
121.15 121.1 121.2 -2.756700593e-05
121.25 121.2 121.3 0.000489721755
121.35 121.3 121.4 0.001068736624
121.45 121.4 121.5 -0.0002936138647
121.55 121.5 121.6 0.0007945972456
121.65 121.6 121.7 0.003500307863
121.75 121.7 121.8 0.0001355687899
121.85 121.8 121.9 0.001650826018
121.95 121.9 122 0.001806017641
122.05 122 122.1 0.0002913693712
122.15 122.1 122.2 0.0008629445146
122.25 122.2 122.3 -0.0009628244825
122.35 122.3 122.4 0.001491094656
122.45 122.4 122.5 0.001527946221
122.55 122.5 122.6 0.0009977389444
122.65 122.6 122.7 -0.002561079854
122.75 122.7 122.8 1.555393054e-05
122.85 122.8 122.9 -0.0008754085097
122.95 122.9 123 0.001642866788
123.05 123 123.1 0.001421877107
123.15 123.1 123.2 -0.002359371664
123.25 123.2 123.3 -0.0003764073765
123.35 123.3 123.4 0.0002791761998
123.45 123.4 123.5 0.000903591713
123.55 123.5 123.6 -0.001234046237
123.65 123.6 123.7 0.001420857576
123.75 123.7 123.8 7.250509106e-05
123.85 123.8 123.9 0.001896640787
123.95 123.9 124 0.00171428864
124.05 124 124.1 -0.001841380085
124.15 124.1 124.2 0.0001159289238
124.25 124.2 124.3 -0.0005210379751
124.35 124.3 124.4 -0.0001628440432
124.45 124.4 124.5 0.00218198443
124.55 124.5 124.6 0.00102559285
124.65 124.6 124.7 -0.001251041415
124.75 124.7 124.8 -0.001273150912
124.85 124.8 124.9 -0.0008175705114
124.95 124.9 125 0.0008246026729
125.05 125 125.1 -0.001127824593
125.15 125.1 125.2 -0.002028443798
125.25 125.2 125.3 0.0001741448034
125.35 125.3 125.4 -0.0001241395312
125.45 125.4 125.5 -0.001058700071
125.55 125.5 125.6 -0.0002046442389
125.65 125.6 125.7 0.001459312958
125.75 125.7 125.8 0.0003863052558
125.85 125.8 125.9 0.001486946657
125.95 125.9 126 0.0005544244123
126.05 126 126.1 0.001628608498
126.15 126.1 126.2 0.0004234207969
126.25 126.2 126.3 0.002006933468
126.35 126.3 126.4 -0.00131100305
126.45 126.4 126.5 -0.001079414347
126.55 126.5 126.6 -6.30591408e-05
126.65 126.6 126.7 -0.001555577231
126.75 126.7 126.8 -0.0003827560078
126.85 126.8 126.9 0.0009718178026
126.95 126.9 127 -0.001585879199
127.05 127 127.1 0.000605973514
127.15 127.1 127.2 -0.001796061615
127.25 127.2 127.3 -0.001570014317
127.35 127.3 127.4 -0.001099306736
127.45 127.4 127.5 0.0002609435027
127.55 127.5 127.6 -0.001363496156
127.65 127.6 127.7 0.001463165108
127.75 127.7 127.8 -0.0003201848317
127.85 127.8 127.9 -0.0007863050414
127.95 127.9 128 0.0009055367921
128.05 128 128.1 -0.001944753436
128.15 128.1 128.2 -0.0005363473503
128.25 128.2 128.3 -0.00102554763
128.35 128.3 128.4 0.000358910802
128.45 128.4 128.5 0.0002570177203
128.55 128.5 128.6 0.001080234142
128.65 128.6 128.7 0.0006433954514
128.75 128.7 128.8 0.0002408508523
128.85 128.8 128.9 -0.0009527498497
128.95 128.9 129 -0.0001327787004
129.05 129 129.1 -0.0004602630288
129.15 129.1 129.2 -0.0002679762977
129.25 129.2 129.3 0.0006139128841
129.35 129.3 129.4 0.0005448859089
129.45 129.4 129.5 -0.00204027977
129.55 129.5 129.6 -0.002636172349
129.65 129.6 129.7 -0.0006979578214
129.75 129.7 129.8 -0.0003795233289
129.85 129.8 129.9 -0.0008862692088
129.95 129.9 130 -0.001559442604
130.05 130 130.1 0.001230955454
130.15 130.1 130.2 -2.891544529e-06
130.25 130.2 130.3 0.000496432442
130.35 130.3 130.4 -7.554526012e-05
130.45 130.4 130.5 -0.001637148667
130.55 130.5 130.6 -8.418323355e-05
130.65 130.6 130.7 -0.0003674852616
130.75 130.7 130.8 7.931440524e-05
130.85 130.8 130.9 -0.001649501217
130.95 130.9 131 -0.001832768811
131.05 131 131.1 -0.001086423887
131.15 131.1 131.2 -4.607058964e-05
131.25 131.2 131.3 0.0003250319444
131.35 131.3 131.4 -0.002165552817
131.45 131.4 131.5 -0.001122371498
131.55 131.5 131.6 -0.001503824746
131.65 131.6 131.7 0.0004080996672
131.75 131.7 131.8 -0.002357765462
131.85 131.8 131.9 -0.001039779709
131.95 131.9 132 0.002687957493
132.05 132 132.1 -0.001148409665
132.15 132.1 132.2 -0.0001996208228
132.25 132.2 132.3 -0.0009465483171
132.35 132.3 132.4 -0.002030280531
132.45 132.4 132.5 -0.002592772387
132.55 132.5 132.6 -0.002835734611
132.65 132.6 132.7 -0.002140028477
132.75 132.7 132.8 -0.001392090778
132.85 132.8 132.9 -0.000350598698
132.95 132.9 133 -0.001315003869
133.05 133 133.1 -0.0006308573914
133.15 133.1 133.2 -0.0003292799114
133.25 133.2 133.3 0.001408214367
133.35 133.3 133.4 0.0003078431185
133.45 133.4 133.5 -0.0009044717049
133.55 133.5 133.6 -0.0008965035969
133.65 133.6 133.7 0.0001122378859
133.75 133.7 133.8 -0.0008018925465
133.85 133.8 133.9 0.0006607861877
133.95 133.9 134 0.0004905679842
134.05 134 134.1 -0.001470029967
134.15 134.1 134.2 -0.001372144446
134.25 134.2 134.3 -0.0005132180554
134.35 134.3 134.4 -0.0008104717414
134.45 134.4 134.5 -0.0007815063807
134.55 134.5 134.6 -0.0008908419323
134.65 134.6 134.7 -0.0008826855099
134.75 134.7 134.8 -0.001432704965
134.85 134.8 134.9 -0.000562859229
134.95 134.9 135 -0.0004229976428
135.05 135 135.1 -1.846776827e-05
135.15 135.1 135.2 0.0002192662044
135.25 135.2 135.3 -0.0007825525683
135.35 135.3 135.4 -0.00236362896
135.45 135.4 135.5 -0.0002237134207
135.55 135.5 135.6 -0.001012609573
135.65 135.6 135.7 0.0006120160106
135.75 135.7 135.8 0.0005428735951
135.85 135.8 135.9 -0.00208803658
135.95 135.9 136 -5.847648215e-05
136.05 136 136.1 0.001134150154
136.15 136.1 136.2 -0.002169275227
136.25 136.2 136.3 -0.001165232144
136.35 136.3 136.4 -0.000742578947
136.45 136.4 136.5 -0.0002910464721
136.55 136.5 136.6 -0.001845208879
136.65 136.6 136.7 -8.121400749e-05
136.75 136.7 136.8 -0.0008114567093
136.85 136.8 136.9 0.0004117486288
136.95 136.9 137 -0.0005347242933
137.05 137 137.1 -0.000621869123
137.15 137.1 137.2 -0.0008661693915
137.25 137.2 137.3 -0.0001831327298
137.35 137.3 137.4 0.0002903091387
137.45 137.4 137.5 -0.00184818916
137.55 137.5 137.6 -0.002943905146
137.65 137.6 137.7 -0.002680645402
137.75 137.7 137.8 3.880390415e-05
137.85 137.8 137.9 -0.001852666888
137.95 137.9 138 -0.0009119375706
138.05 138 138.1 -0.001274388228
138.15 138.1 138.2 -0.001449288673
138.25 138.2 138.3 -0.0001682074468
138.35 138.3 138.4 -0.00128345387
138.45 138.4 138.5 0.0002488870281
138.55 138.5 138.6 -0.003772598777
138.65 138.6 138.7 -0.0008671728215
138.75 138.7 138.8 -0.0004780387685
138.85 138.8 138.9 0.001116221041
138.95 138.9 139 0.0005237930895
139.05 139 139.1 -0.0008631322478
139.15 139.1 139.2 0.0001629316421
139.25 139.2 139.3 -0.0006602073224
139.35 139.3 139.4 0.0001729644481
139.45 139.4 139.5 -0.00213932103
139.55 139.5 139.6 -0.0007548727843
139.65 139.6 139.7 -3.856127547e-05
139.75 139.7 139.8 -9.16068411e-07
139.85 139.8 139.9 -0.001409597228
139.95 139.9 140 -0.0003599714109
140.05 140 140.1 -0.002338954019
140.15 140.1 140.2 -0.001012249989
140.25 140.2 140.3 0.0001534811079
140.35 140.3 140.4 0.0008399262221
140.45 140.4 140.5 -0.0004654450949
140.55 140.5 140.6 0.002239819066
140.65 140.6 140.7 -0.002921885479
140.75 140.7 140.8 0.000660689214
140.85 140.8 140.9 0.0003610803597
140.95 140.9 141 -0.000902375056
141.05 141 141.1 0.0006949035296
141.15 141.1 141.2 -0.0003369238055
141.25 141.2 141.3 -0.0003101247779
141.35 141.3 141.4 6.357024956e-05
141.45 141.4 141.5 -0.002515439879
141.55 141.5 141.6 -0.001047047671
141.65 141.6 141.7 0.0007265627048
141.75 141.7 141.8 0.0007446427787
141.85 141.8 141.9 -0.0008756546776
141.95 141.9 142 0.0001679976349
142.05 142 142.1 -0.0002415400612
142.15 142.1 142.2 0.001196037171
142.25 142.2 142.3 -0.001386882437
142.35 142.3 142.4 -0.001107911096
142.45 142.4 142.5 -0.001222270246
142.55 142.5 142.6 -0.00147129036
142.65 142.6 142.7 0.0001589487254
142.75 142.7 142.8 -0.000654563717
142.85 142.8 142.9 -0.0006200536265
142.95 142.9 143 0.0002293626634
143.05 143 143.1 9.66602601e-05
143.15 143.1 143.2 -0.002108411705
143.25 143.2 143.3 -0.001209587323
143.35 143.3 143.4 0.001195987468
143.45 143.4 143.5 -0.001742238469
143.55 143.5 143.6 0.0006853581534
143.65 143.6 143.7 -4.035459162e-05
143.75 143.7 143.8 0.000179964276
143.85 143.8 143.9 -6.085649778e-05
143.95 143.9 144 0.0003713388323
144.05 144 144.1 -0.001228303482
144.15 144.1 144.2 2.402821011e-05
144.25 144.2 144.3 -0.001299422154
144.35 144.3 144.4 -0.0002770322445
144.45 144.4 144.5 0.001237812685
144.55 144.5 144.6 -0.001760017113
144.65 144.6 144.7 -0.0001964293444
144.75 144.7 144.8 0.0005972962594
144.85 144.8 144.9 0.0001376412126
144.95 144.9 145 -4.224092478e-06
145.05 145 145.1 -0.001108935266
145.15 145.1 145.2 0.001096201848
145.25 145.2 145.3 0.0009835358445
145.35 145.3 145.4 0.0009456103411
145.45 145.4 145.5 0.0001477547864
145.55 145.5 145.6 -0.0005492122697
145.65 145.6 145.7 0.001978889664
145.75 145.7 145.8 -0.0014652791
145.85 145.8 145.9 0.0001435105882
145.95 145.9 146 -0.0009661023829
146.05 146 146.1 0.001326550889
146.15 146.1 146.2 -0.0001703429374
146.25 146.2 146.3 -0.0002706540601
146.35 146.3 146.4 -0.0004752125798
146.45 146.4 146.5 0.0008615044516
146.55 146.5 146.6 0.000941226066
146.65 146.6 146.7 -0.0008018175205
146.75 146.7 146.8 0.0002425886689
146.85 146.8 146.9 -0.000970751575
146.95 146.9 147 -0.0003905447766
147.05 147 147.1 -0.0001070680184
147.15 147.1 147.2 0.001392388366
147.25 147.2 147.3 9.434714969e-05
147.35 147.3 147.4 -7.660358165e-05
147.45 147.4 147.5 0.001676206022
147.55 147.5 147.6 0.0003359664763
147.65 147.6 147.7 -0.001359276086
147.75 147.7 147.8 -0.0004130652779
147.85 147.8 147.9 0.0001673158852
147.95 147.9 148 -0.0001610966876
148.05 148 148.1 0.0018862317
148.15 148.1 148.2 -0.0009370744849
148.25 148.2 148.3 -0.0005273482149
148.35 148.3 148.4 -0.001252752837
148.45 148.4 148.5 -0.0006586258104
148.55 148.5 148.6 -0.0003644766417
148.65 148.6 148.7 0.002411028645
148.75 148.7 148.8 -0.0001231272542
148.85 148.8 148.9 0.002267268814
148.95 148.9 149 0.0008177301871
149.05 149 149.1 0.0004859081365
149.15 149.1 149.2 0.00154181985
149.25 149.2 149.3 0.0005994595642
149.35 149.3 149.4 -4.56443676e-05
149.45 149.4 149.5 -0.0005141670303
149.55 149.5 149.6 0.001957025353
149.65 149.6 149.7 0.0002774921666
149.75 149.7 149.8 0.001159770449
149.85 149.8 149.9 0.001348231871
149.95 149.9 150 0.0002117137771
150.05 150 150.1 0.0003653949873
150.15 150.1 150.2 -0.0003973779145
150.25 150.2 150.3 0.001244321568
150.35 150.3 150.4 -0.0003523585914
150.45 150.4 150.5 -0.00137781988
150.55 150.5 150.6 0.0005772920569
150.65 150.6 150.7 -0.0005232786961
150.75 150.7 150.8 0.002476646027
150.85 150.8 150.9 -0.0002982480948
150.95 150.9 151 -0.0008239466612
151.05 151 151.1 0.0007179813922
151.15 151.1 151.2 1.063652327e-05
151.25 151.2 151.3 4.877387422e-05
151.35 151.3 151.4 0.002225574692
151.45 151.4 151.5 -0.0001099413987
151.55 151.5 151.6 -0.001308504354
151.65 151.6 151.7 0.0009043005089
151.75 151.7 151.8 0.000537760478
151.85 151.8 151.9 -0.0003637020935
151.95 151.9 152 0.0008626788452
152.05 152 152.1 -0.0001759099155
152.15 152.1 152.2 0.0002981966855
152.25 152.2 152.3 -0.001477334726
152.35 152.3 152.4 0.0005032534571
152.45 152.4 152.5 -0.0004864047658
152.55 152.5 152.6 0.0009832315177
152.65 152.6 152.7 0.0005775473919
152.75 152.7 152.8 -0.0006737075858
152.85 152.8 152.9 -0.0008470228506
152.95 152.9 153 0.0009558537598
153.05 153 153.1 -0.0005571980623
153.15 153.1 153.2 -0.0002997877406
153.25 153.2 153.3 -0.00179641042
153.35 153.3 153.4 1.794704542e-06
153.45 153.4 153.5 -0.0007700867714
153.55 153.5 153.6 0.0001827059135
153.65 153.6 153.7 0.0001676641731
153.75 153.7 153.8 0.0006605975895
153.85 153.8 153.9 0.0001166440305
153.95 153.9 154 -0.0001208143975
154.05 154 154.1 0.0001091086086
154.15 154.1 154.2 0.00123951384
154.25 154.2 154.3 0.002240744045
154.35 154.3 154.4 -0.0007946100656
154.45 154.4 154.5 0.001313906129
154.55 154.5 154.6 0.0008358657275
154.65 154.6 154.7 0.002362303932
154.75 154.7 154.8 0.0005964642027
154.85 154.8 154.9 4.717335275e-06
154.95 154.9 155 0.0002172465349
155.05 155 155.1 -0.0005685037568
155.15 155.1 155.2 0.001804236712
155.25 155.2 155.3 -0.0008484434029
155.35 155.3 155.4 0.0005583298152
155.45 155.4 155.5 0.0004800295564
155.55 155.5 155.6 0.00151091812
155.65 155.6 155.7 -0.0006633137693
155.75 155.7 155.8 -0.0003025427229
155.85 155.8 155.9 -0.0006499752755
155.95 155.9 156 9.825351466e-05
156.05 156 156.1 0.001563096922
156.15 156.1 156.2 -0.0001357932865
156.25 156.2 156.3 0.001452556589
156.35 156.3 156.4 -0.0005516252949
156.45 156.4 156.5 -0.000652048844
156.55 156.5 156.6 0.001321822199
156.65 156.6 156.7 -1.485435419e-05
156.75 156.7 156.8 -0.000614783378
156.85 156.8 156.9 0.0005296002173
156.95 156.9 157 0.001629274653
157.05 157 157.1 -2.531655966e-05
157.15 157.1 157.2 0.0005520326347
157.25 157.2 157.3 0.0007550218263
157.35 157.3 157.4 0.0008778051211
157.45 157.4 157.5 0.0003600121264
157.55 157.5 157.6 -5.332495299e-05
157.65 157.6 157.7 0.0006484614802
157.75 157.7 157.8 0.001677519083
157.85 157.8 157.9 -0.001273303839
157.95 157.9 158 0.001253637743
158.05 158 158.1 0.0002535606903
158.15 158.1 158.2 0.0005069626724
158.25 158.2 158.3 -0.0003557283505
158.35 158.3 158.4 -0.0003537019712
158.45 158.4 158.5 0.0004755911325
158.55 158.5 158.6 0.001889956314
158.65 158.6 158.7 -0.0003784219518
158.75 158.7 158.8 0.0007474307273
158.85 158.8 158.9 -0.001745327933
158.95 158.9 159 -0.0003451159722
159.05 159 159.1 0.001038613166
159.15 159.1 159.2 1.289837492e-05
159.25 159.2 159.3 0.001397196613
159.35 159.3 159.4 0.001171867495
159.45 159.4 159.5 0.002286566794
159.55 159.5 159.6 -0.0002409749675
159.65 159.6 159.7 -0.0008424573095
159.75 159.7 159.8 -7.864699744e-05
159.85 159.8 159.9 0.001073377214
159.95 159.9 160 0.0002887858536
160.05 160 160.1 0.000923349678
160.15 160.1 160.2 0.000160241706
160.25 160.2 160.3 -0.001779534013
160.35 160.3 160.4 0.001223208735
160.45 160.4 160.5 -8.445006924e-05
160.55 160.5 160.6 -0.001460298215
160.65 160.6 160.7 0.0006924985817
160.75 160.7 160.8 -0.0008790143773
160.85 160.8 160.9 -0.001359955433
160.95 160.9 161 -9.134870998e-05
161.05 161 161.1 0.001521804292
161.15 161.1 161.2 -0.001081534377
161.25 161.2 161.3 -0.0006969450494
161.35 161.3 161.4 5.839812445e-05
161.45 161.4 161.5 -0.0004815769125
161.55 161.5 161.6 -0.001398001686
161.65 161.6 161.7 0.0004159041567
161.75 161.7 161.8 -0.0003791882207
161.85 161.8 161.9 0.001473442025
161.95 161.9 162 0.001095741125
162.05 162 162.1 0.0009486200185
162.15 162.1 162.2 -0.0007543414981
162.25 162.2 162.3 0.0002615515982
162.35 162.3 162.4 -0.001045431289
162.45 162.4 162.5 -0.0008288542021
162.55 162.5 162.6 0.0005732150549
162.65 162.6 162.7 0.001943409842
162.75 162.7 162.8 0.001200945446
162.85 162.8 162.9 -0.001133287263
162.95 162.9 163 -0.0004074640221
163.05 163 163.1 0.001182540022
163.15 163.1 163.2 0.001025842726
163.25 163.2 163.3 -0.001063186666
163.35 163.3 163.4 0.0001161390367
163.45 163.4 163.5 -0.000932393768
163.55 163.5 163.6 0.0008362254944
163.65 163.6 163.7 0.0003135777744
163.75 163.7 163.8 0.001475792353
163.85 163.8 163.9 0.000795783768
163.95 163.9 164 0.001021815935
164.05 164 164.1 0.001184797946
164.15 164.1 164.2 0.0009348942917
164.25 164.2 164.3 0.0006746075174
164.35 164.3 164.4 0.0006520529301
164.45 164.4 164.5 -0.0006728435716
164.55 164.5 164.6 -0.001409981135
164.65 164.6 164.7 0.0001542132372
164.75 164.7 164.8 0.001225882548
164.85 164.8 164.9 -0.0001829258373
164.95 164.9 165 -0.0002777489476
165.05 165 165.1 -8.177101056e-05
165.15 165.1 165.2 -0.002531983468
165.25 165.2 165.3 -0.001498057486
165.35 165.3 165.4 -0.000300424327
165.45 165.4 165.5 0.0008681983128
165.55 165.5 165.6 -0.001656462221
165.65 165.6 165.7 -0.0002607607208
165.75 165.7 165.8 -0.0003946702957
165.85 165.8 165.9 0.0004837395857
165.95 165.9 166 -0.0004384205864
166.05 166 166.1 -0.0002331071218
166.15 166.1 166.2 0.0004189475044
166.25 166.2 166.3 0.001034456718
166.35 166.3 166.4 0.000380553684
166.45 166.4 166.5 0.0003877597115
166.55 166.5 166.6 -0.0003898182789
166.65 166.6 166.7 -0.0003841287589
166.75 166.7 166.8 0.0002134123318
166.85 166.8 166.9 0.0003423215385
166.95 166.9 167 0.0003524476773
167.05 167 167.1 0.0004231714841
167.15 167.1 167.2 -0.0002901661257
167.25 167.2 167.3 0.0001121115007
167.35 167.3 167.4 -0.0003984981857
167.45 167.4 167.5 -0.000568620626
167.55 167.5 167.6 0.001746711797
167.65 167.6 167.7 -0.0003499974157
167.75 167.7 167.8 -0.0004482230367
167.85 167.8 167.9 0.001603736606
167.95 167.9 168 -0.001537644403
168.05 168 168.1 0.0005902333194
168.15 168.1 168.2 9.72239188e-05
168.25 168.2 168.3 -0.0008978115126
168.35 168.3 168.4 -0.001708400548
168.45 168.4 168.5 -0.0007145784944
168.55 168.5 168.6 0.000815909643
168.65 168.6 168.7 0.0006021002824
168.75 168.7 168.8 2.095603021e-05
168.85 168.8 168.9 0.0009652993143
168.95 168.9 169 0.001093884678
169.05 169 169.1 0.0002565181862
169.15 169.1 169.2 -0.0006964524219
169.25 169.2 169.3 0.0007004379041
169.35 169.3 169.4 0.0004122150012
169.45 169.4 169.5 -0.0002751265521
169.55 169.5 169.6 0.001577064155
169.65 169.6 169.7 0.0007359746163
169.75 169.7 169.8 -0.0004422774264
169.85 169.8 169.9 0.001382257315
169.95 169.9 170 -0.002021517657
170.05 170 170.1 -0.000332071125
170.15 170.1 170.2 -0.001368235962
170.25 170.2 170.3 -0.0005023068179
170.35 170.3 170.4 1.786961758e-05
170.45 170.4 170.5 -0.0002516118414
170.55 170.5 170.6 -0.0005790830847
170.65 170.6 170.7 -0.001044065072
170.75 170.7 170.8 0.0003118751043
170.85 170.8 170.9 0.0001308577739
170.95 170.9 171 -0.0002627104491
171.05 171 171.1 -0.001057843237
171.15 171.1 171.2 -0.0007489008521
171.25 171.2 171.3 -0.0004538003103
171.35 171.3 171.4 0.0003258816773
171.45 171.4 171.5 0.0004585560926
171.55 171.5 171.6 0.000472349282
171.65 171.6 171.7 -0.001179395229
171.75 171.7 171.8 -0.001025931854
171.85 171.8 171.9 -0.0004003771302
171.95 171.9 172 0.001118883603
172.05 172 172.1 -0.001388792792
172.15 172.1 172.2 0.0001457506545
172.25 172.2 172.3 -0.001811965244
172.35 172.3 172.4 -0.0005252307156
172.45 172.4 172.5 9.592036827e-05
172.55 172.5 172.6 0.0002160804525
172.65 172.6 172.7 -8.115500619e-05
172.75 172.7 172.8 0.0001421567676
172.85 172.8 172.9 -0.0002646311355
172.95 172.9 173 -0.0001330679634
173.05 173 173.1 8.89602273e-05
173.15 173.1 173.2 -0.0009714178371
173.25 173.2 173.3 -0.0003056729653
173.35 173.3 173.4 0.001561683733
173.45 173.4 173.5 0.0002023675138
173.55 173.5 173.6 -8.157342857e-05
173.65 173.6 173.7 -0.0007452593637
173.75 173.7 173.8 -0.0005998745499
173.85 173.8 173.9 -0.001102195023
173.95 173.9 174 0.0002172678775
174.05 174 174.1 -0.001147041682
174.15 174.1 174.2 0.0007213505522
174.25 174.2 174.3 0.0007947419219
174.35 174.3 174.4 -0.0005900355009
174.45 174.4 174.5 -0.0005379553141
174.55 174.5 174.6 -0.0004839229696
174.65 174.6 174.7 -0.0001228650252
174.75 174.7 174.8 0.0007255267536
174.85 174.8 174.9 0.0005197119668
174.95 174.9 175 -0.0003409099668
175.05 175 175.1 -0.0005136298269
175.15 175.1 175.2 0.0001973349233
175.25 175.2 175.3 0.0008070850151
175.35 175.3 175.4 -0.0003803643976
175.45 175.4 175.5 -0.0004045256046
175.55 175.5 175.6 4.610993885e-05
175.65 175.6 175.7 7.333861436e-05
175.75 175.7 175.8 -0.0006931964042
175.85 175.8 175.9 -0.001484227336
175.95 175.9 176 -0.001394388799
176.05 176 176.1 0.0003448693785
176.15 176.1 176.2 -0.0001076919717
176.25 176.2 176.3 -0.0002608798853
176.35 176.3 176.4 -0.0010476277
176.45 176.4 176.5 -0.001096827784
176.55 176.5 176.6 0.00138270216
176.65 176.6 176.7 0.0009559572412
176.75 176.7 176.8 0.001269523265
176.85 176.8 176.9 -0.0009315973354
176.95 176.9 177 0.0001708218235
177.05 177 177.1 -3.559758288e-05
177.15 177.1 177.2 -0.0007271881236
177.25 177.2 177.3 0.0004406359889
177.35 177.3 177.4 -0.001806572269
177.45 177.4 177.5 -0.001384915663
177.55 177.5 177.6 -0.0003122554136
177.65 177.6 177.7 0.0003186809729
177.75 177.7 177.8 -0.001173951525
177.85 177.8 177.9 -0.0007574811455
177.95 177.9 178 -3.310559829e-05
178.05 178 178.1 4.864029942e-05
178.15 178.1 178.2 0.0005615668602
178.25 178.2 178.3 -0.0004176888751
178.35 178.3 178.4 0.0002188010619
178.45 178.4 178.5 -0.001551613267
178.55 178.5 178.6 -0.0003266115461
178.65 178.6 178.7 -1.523822515e-05
178.75 178.7 178.8 2.117417959e-06
178.85 178.8 178.9 -0.0006134953966
178.95 178.9 179 -0.0008122619818
179.05 179 179.1 -0.0006038328808
179.15 179.1 179.2 0.0002080445126
179.25 179.2 179.3 -0.0002992257544
179.35 179.3 179.4 -0.0003233890975
179.45 179.4 179.5 -0.0007198172977
179.55 179.5 179.6 -0.0003640263476
179.65 179.6 179.7 -0.0008979923462
179.75 179.7 179.8 -0.001468068583
179.85 179.8 179.9 -0.001904430268
179.95 179.9 180 -0.0002741645884
180.05 180 180.1 0.0002359839842
180.15 180.1 180.2 -0.0003480626639
180.25 180.2 180.3 -0.0002228315051
180.35 180.3 180.4 -0.0007587168291
180.45 180.4 180.5 8.831852353e-06
180.55 180.5 180.6 0.0001609147122
180.65 180.6 180.7 -0.0002056134229
180.75 180.7 180.8 0.0007818979707
180.85 180.8 180.9 -0.001028263472
180.95 180.9 181 0.001258318842
181.05 181 181.1 -0.0002192787118
181.15 181.1 181.2 -0.0003451915534
181.25 181.2 181.3 -0.0008921762483
181.35 181.3 181.4 0.0002033309936
181.45 181.4 181.5 -0.001122852698
181.55 181.5 181.6 -0.0007872384008
181.65 181.6 181.7 -0.0006182055473
181.75 181.7 181.8 -0.0005032193631
181.85 181.8 181.9 -0.001064898432
181.95 181.9 182 -0.0002600875553
182.05 182 182.1 -0.001642721186
182.15 182.1 182.2 0.0005330933916
182.25 182.2 182.3 -0.001598694788
182.35 182.3 182.4 -0.000542979061
182.45 182.4 182.5 0.000945889669
182.55 182.5 182.6 -0.001664759377
182.65 182.6 182.7 0.0002070438614
182.75 182.7 182.8 -1.289707864e-05
182.85 182.8 182.9 0.0005220269403
182.95 182.9 183 0.0002294253658
183.05 183 183.1 -0.001734412575
183.15 183.1 183.2 -0.0002027361306
183.25 183.2 183.3 -0.0005468238125
183.35 183.3 183.4 8.054741569e-06
183.45 183.4 183.5 -0.001573488036
183.55 183.5 183.6 -0.0004001894028
183.65 183.6 183.7 -0.0004443022398
183.75 183.7 183.8 -0.0004915768597
183.85 183.8 183.9 -0.0001447289642
183.95 183.9 184 7.706076869e-05
184.05 184 184.1 -0.0007936567606
184.15 184.1 184.2 -0.0005578397524
184.25 184.2 184.3 7.333305657e-05
184.35 184.3 184.4 -0.000222477906
184.45 184.4 184.5 -0.0007087123279
184.55 184.5 184.6 -0.0001958859632
184.65 184.6 184.7 -0.00128190712
184.75 184.7 184.8 -0.0009971652405
184.85 184.8 184.9 -0.0003857147069
184.95 184.9 185 3.795857555e-05
185.05 185 185.1 -0.002353421987
185.15 185.1 185.2 -0.001192104382
185.25 185.2 185.3 0.0001527872351
185.35 185.3 185.4 -0.0004625661856
185.45 185.4 185.5 2.062979504e-05
185.55 185.5 185.6 0.0005728802689
185.65 185.6 185.7 -0.0006474195945
185.75 185.7 185.8 -0.0003383628783
185.85 185.8 185.9 -0.0005124731172
185.95 185.9 186 0.0001160850109
186.05 186 186.1 -0.001280028394
186.15 186.1 186.2 -0.001522075461
186.25 186.2 186.3 -0.0006591668028
186.35 186.3 186.4 -0.001951747075
186.45 186.4 186.5 -0.0007988537567
186.55 186.5 186.6 -0.001709974241
186.65 186.6 186.7 0.000536167629
186.75 186.7 186.8 -0.0003210501836
186.85 186.8 186.9 0.0003499653176
186.95 186.9 187 -0.001097159759
187.05 187 187.1 -0.001743017939
187.15 187.1 187.2 -0.001194673182
187.25 187.2 187.3 0.0001325670038
187.35 187.3 187.4 -0.0007462416951
187.45 187.4 187.5 0.0004546191848
187.55 187.5 187.6 -0.0004985050164
187.65 187.6 187.7 -0.0008856092079
187.75 187.7 187.8 -0.0009894339588
187.85 187.8 187.9 -0.001687961423
187.95 187.9 188 -0.0005544103861
188.05 188 188.1 0.00114176164
188.15 188.1 188.2 3.313852763e-05
188.25 188.2 188.3 -0.0004473742365
188.35 188.3 188.4 0.0002816173899
188.45 188.4 188.5 0.0002095552166
188.55 188.5 188.6 -0.001147622811
188.65 188.6 188.7 -0.0007173845347
188.75 188.7 188.8 -0.001126845382
188.85 188.8 188.9 3.93820041e-05
188.95 188.9 189 0.0005295550273
189.05 189 189.1 -0.001132671379
189.15 189.1 189.2 -0.0007167971591
189.25 189.2 189.3 -0.0004803692756
189.35 189.3 189.4 -0.001010505279
189.45 189.4 189.5 -0.0003815873627
189.55 189.5 189.6 0.00149496264
189.65 189.6 189.7 4.481336676e-05
189.75 189.7 189.8 -0.001028417346
189.85 189.8 189.9 -0.0006070717533
189.95 189.9 190 -0.001052655001
190.05 190 190.1 -0.002128992614
190.15 190.1 190.2 -7.584146559e-05
190.25 190.2 190.3 -0.000119396155
190.35 190.3 190.4 -3.30601348e-05
190.45 190.4 190.5 -0.0007340027997
190.55 190.5 190.6 -0.001144103872
190.65 190.6 190.7 -0.0009361287043
190.75 190.7 190.8 -0.0002084615112
190.85 190.8 190.9 -8.540589803e-05
190.95 190.9 191 -0.00135978264
191.05 191 191.1 -0.0009811953412
191.15 191.1 191.2 -0.0009284706439
191.25 191.2 191.3 -0.001476378435
191.35 191.3 191.4 -0.001186275512
191.45 191.4 191.5 0.0001855307841
191.55 191.5 191.6 0.0001569611402
191.65 191.6 191.7 0.0002570461321
191.75 191.7 191.8 -0.001653269036
191.85 191.8 191.9 0.0004803074364
191.95 191.9 192 0.0001147910343
192.05 192 192.1 0.001430110145
192.15 192.1 192.2 -0.001751366158
192.25 192.2 192.3 0.0002259339707
192.35 192.3 192.4 -8.85761275e-05
192.45 192.4 192.5 -0.0002453432756
192.55 192.5 192.6 0.0004569892149
192.65 192.6 192.7 -0.0007220020409
192.75 192.7 192.8 0.0003406366335
192.85 192.8 192.9 0.001510698546
192.95 192.9 193 0.0004004180579
193.05 193 193.1 0.0007499127576
193.15 193.1 193.2 -0.0002681264258
193.25 193.2 193.3 -6.077441961e-05
193.35 193.3 193.4 -0.001106452301
193.45 193.4 193.5 -0.0003427835391
193.55 193.5 193.6 -0.0007581328899
193.65 193.6 193.7 -0.0001610742227
193.75 193.7 193.8 -0.001882425543
193.85 193.8 193.9 0.0002960859375
193.95 193.9 194 0.0004570576921
194.05 194 194.1 -0.0006581494248
194.15 194.1 194.2 3.994740471e-05
194.25 194.2 194.3 0.0005794232476
194.35 194.3 194.4 -0.001621279765
194.45 194.4 194.5 -7.560109215e-05
194.55 194.5 194.6 -0.0008332490127
194.65 194.6 194.7 -0.0009695745865
194.75 194.7 194.8 -0.0005308702286
194.85 194.8 194.9 0.001883316797
194.95 194.9 195 0.0005080306897
195.05 195 195.1 0.0003461694185
195.15 195.1 195.2 0.0007082316425
195.25 195.2 195.3 -0.0006534591776
195.35 195.3 195.4 -0.0005083575917
195.45 195.4 195.5 0.0005593848073
195.55 195.5 195.6 0.001035637992
195.65 195.6 195.7 0.0006242967561
195.75 195.7 195.8 0.001061348322
195.85 195.8 195.9 -0.0006224984377
195.95 195.9 196 -0.001920440797
196.05 196 196.1 -1.272863424e-05
196.15 196.1 196.2 -0.0001066568006
196.25 196.2 196.3 0.0007268468246
196.35 196.3 196.4 -0.0001174974722
196.45 196.4 196.5 0.0001706653874
196.55 196.5 196.6 -0.001965038259
196.65 196.6 196.7 0.0005808142005
196.75 196.7 196.8 -0.001438415615
196.85 196.8 196.9 0.0006896288644
196.95 196.9 197 0.0007070056221
197.05 197 197.1 6.956313227e-05
197.15 197.1 197.2 -0.0002098201563
197.25 197.2 197.3 -0.0001795334995
197.35 197.3 197.4 9.58442039e-05
197.45 197.4 197.5 0.0002148016099
197.55 197.5 197.6 0.0008060411841
197.65 197.6 197.7 -0.001172584497
197.75 197.7 197.8 -0.0005198272731
197.85 197.8 197.9 0.0002189742674
197.95 197.9 198 0.0002856113035
198.05 198 198.1 0.0001974821169
198.15 198.1 198.2 0.0007589965805
198.25 198.2 198.3 -0.0001865855312
198.35 198.3 198.4 0.0008164120656
198.45 198.4 198.5 -0.001996729748
198.55 198.5 198.6 -0.0009109111162
198.65 198.6 198.7 0.0003203410595
198.75 198.7 198.8 5.26828165e-05
198.85 198.8 198.9 0.0003339999927
198.95 198.9 199 0.0002648267138
199.05 199 199.1 -0.0006614537944
199.15 199.1 199.2 0.0002763077692
199.25 199.2 199.3 0.001195743493
199.35 199.3 199.4 -0.0003665039651
199.45 199.4 199.5 0.000496519153
199.55 199.5 199.6 -0.0009092116387
199.65 199.6 199.7 0.0002348199829
199.75 199.7 199.8 0.001965039722
199.85 199.8 199.9 0.000401409579
199.95 199.9 200 0.0003657781171
