# Columns: s_cen(1) s_min(2) s_max(3) xi_iso(4)
0.05 0 0.1 30.78463833
0.15 0.1 0.2 27.46129337
0.25 0.2 0.3 20.42306196
0.35 0.3 0.4 15.28303762
0.45 0.4 0.5 23.82622432
0.55 0.5 0.6 24.0695901
0.65 0.6 0.7 21.49087411
0.75 0.7 0.8 20.10231053
0.85 0.8 0.9 23.07908252
0.95 0.9 1 21.93948363
1.05 1 1.1 20.21090868
1.15 1.1 1.2 19.78098246
1.25 1.2 1.3 18.86385326
1.35 1.3 1.4 18.29961103
1.45 1.4 1.5 16.35180546
1.55 1.5 1.6 17.08210657
1.65 1.6 1.7 15.32970245
1.75 1.7 1.8 13.73385121
1.85 1.8 1.9 13.33862699
1.95 1.9 2 12.89561307
2.05 2 2.1 12.26635434
2.15 2.1 2.2 11.07577463
2.25 2.2 2.3 10.50545161
2.35 2.3 2.4 9.917466276
2.45 2.4 2.5 8.937682075
2.55 2.5 2.6 8.254187988
2.65 2.6 2.7 8.384635682
2.75 2.7 2.8 7.679326216
2.85 2.8 2.9 7.121863662
2.95 2.9 3 7.106650923
3.05 3 3.1 6.857087667
3.15 3.1 3.2 6.18854697
3.25 3.2 3.3 6.226303732
3.35 3.3 3.4 5.842051212
3.45 3.4 3.5 5.565538139
3.55 3.5 3.6 5.424119794
3.65 3.6 3.7 5.23088323
3.75 3.7 3.8 5.204569056
3.85 3.8 3.9 4.669088946
3.95 3.9 4 4.756948848
4.05 4 4.1 4.398668918
4.15 4.1 4.2 4.300568378
4.25 4.2 4.3 4.235021359
4.35 4.3 4.4 4.090196375
4.45 4.4 4.5 3.924212942
4.55 4.5 4.6 3.715962886
4.65 4.6 4.7 3.778930777
4.75 4.7 4.8 3.605103102
4.85 4.8 4.9 3.417790266
4.95 4.9 5 3.376617182
5.05 5 5.1 3.292015367
5.15 5.1 5.2 3.312380407
5.25 5.2 5.3 3.177952143
5.35 5.3 5.4 3.103465305
5.45 5.4 5.5 3.071411342
5.55 5.5 5.6 2.802215117
5.65 5.6 5.7 2.725659694
5.75 5.7 5.8 2.705981924
5.85 5.8 5.9 2.626259303
5.95 5.9 6 2.493940943
6.05 6 6.1 2.523001182
6.15 6.1 6.2 2.486145255
6.25 6.2 6.3 2.435040424
6.35 6.3 6.4 2.311463097
6.45 6.4 6.5 2.205776118
6.55 6.5 6.6 2.168754916
6.65 6.6 6.7 2.252377199
6.75 6.7 6.8 2.079909655
6.85 6.8 6.9 2.036868298
6.95 6.9 7 1.999557774
7.05 7 7.1 1.818762287
7.15 7.1 7.2 1.89966034
7.25 7.2 7.3 1.930357632
7.35 7.3 7.4 1.86871751
7.45 7.4 7.5 1.728787175
7.55 7.5 7.6 1.687389862
7.65 7.6 7.7 1.692607181
7.75 7.7 7.8 1.663014647
7.85 7.8 7.9 1.5747829
7.95 7.9 8 1.685105092
8.05 8 8.1 1.619603449
8.15 8.1 8.2 1.517539038
8.25 8.2 8.3 1.468953273
8.35 8.3 8.4 1.501440958
8.45 8.4 8.5 1.479805717
8.55 8.5 8.6 1.405802961
8.65 8.6 8.7 1.358773803
8.75 8.7 8.8 1.372164016
8.85 8.8 8.9 1.34679576
8.95 8.9 9 1.196061411
9.05 9 9.1 1.308147174
9.15 9.1 9.2 1.284566762
9.25 9.2 9.3 1.266324923
9.35 9.3 9.4 1.203190839
9.45 9.4 9.5 1.2096035
9.55 9.5 9.6 1.153328497
9.65 9.6 9.7 1.139931496
9.75 9.7 9.8 1.137696787
9.85 9.8 9.9 1.133063386
9.95 9.9 10 1.063916941
10.05 10 10.1 1.09197224
10.15 10.1 10.2 1.017768261
10.25 10.2 10.3 0.9924197442
10.35 10.3 10.4 1.018588958
10.45 10.4 10.5 0.9405261375
10.55 10.5 10.6 0.9989620002
10.65 10.6 10.7 0.8991880825
10.75 10.7 10.8 0.9554711565
10.85 10.8 10.9 0.892497988
10.95 10.9 11 0.9350430958
11.05 11 11.1 0.9275850153
11.15 11.1 11.2 0.8849592861
11.25 11.2 11.3 0.8983742143
11.35 11.3 11.4 0.8331830504
11.45 11.4 11.5 0.7902615009
11.55 11.5 11.6 0.8618315663
11.65 11.6 11.7 0.868378789
11.75 11.7 11.8 0.7819164824
11.85 11.8 11.9 0.7309933502
11.95 11.9 12 0.732152351
12.05 12 12.1 0.7710136074
12.15 12.1 12.2 0.7667060714
12.25 12.2 12.3 0.72940949
12.35 12.3 12.4 0.7490754248
12.45 12.4 12.5 0.6815139867
12.55 12.5 12.6 0.7019155216
12.65 12.6 12.7 0.6602523882
12.75 12.7 12.8 0.7071872907
12.85 12.8 12.9 0.6712489636
12.95 12.9 13 0.6544559963
13.05 13 13.1 0.6585085104
13.15 13.1 13.2 0.6517719896
13.25 13.2 13.3 0.6305009113
13.35 13.3 13.4 0.6325813577
13.45 13.4 13.5 0.6089935482
13.55 13.5 13.6 0.6026562892
13.65 13.6 13.7 0.6243502676
13.75 13.7 13.8 0.5965799515
13.85 13.8 13.9 0.5679014471
13.95 13.9 14 0.5740678992
14.05 14 14.1 0.5706857674
14.15 14.1 14.2 0.5833913538
14.25 14.2 14.3 0.549710746
14.35 14.3 14.4 0.5077216666
14.45 14.4 14.5 0.5403734102
14.55 14.5 14.6 0.5058999298
14.65 14.6 14.7 0.514989626
14.75 14.7 14.8 0.5394128954
14.85 14.8 14.9 0.5048986701
14.95 14.9 15 0.5011043386
15.05 15 15.1 0.514341835
15.15 15.1 15.2 0.4749278208
15.25 15.2 15.3 0.4641920243
15.35 15.3 15.4 0.4822649611
15.45 15.4 15.5 0.4712280268
15.55 15.5 15.6 0.4549142001
15.65 15.6 15.7 0.4427710217
15.75 15.7 15.8 0.4484386617
15.85 15.8 15.9 0.4521259064
15.95 15.9 16 0.4509245441
16.05 16 16.1 0.440055372
16.15 16.1 16.2 0.4279913888
16.25 16.2 16.3 0.4233954519
16.35 16.3 16.4 0.4199417824
16.45 16.4 16.5 0.4464981907
16.55 16.5 16.6 0.4176870455
16.65 16.6 16.7 0.401168083
16.75 16.7 16.8 0.4037038318
16.85 16.8 16.9 0.4068587677
16.95 16.9 17 0.4002846587
17.05 17 17.1 0.3996910038
17.15 17.1 17.2 0.3816828328
17.25 17.2 17.3 0.3528152588
17.35 17.3 17.4 0.3873848014
17.45 17.4 17.5 0.3649379843
17.55 17.5 17.6 0.3833332654
17.65 17.6 17.7 0.3542147462
17.75 17.7 17.8 0.3604257898
17.85 17.8 17.9 0.3522619174
17.95 17.9 18 0.3553094518
18.05 18 18.1 0.3502546607
18.15 18.1 18.2 0.3525588679
18.25 18.2 18.3 0.3262844089
18.35 18.3 18.4 0.34386546
18.45 18.4 18.5 0.3320422851
18.55 18.5 18.6 0.3155032634
18.65 18.6 18.7 0.3490055078
18.75 18.7 18.8 0.3364695871
18.85 18.8 18.9 0.316879495
18.95 18.9 19 0.2900201547
19.05 19 19.1 0.3047756325
19.15 19.1 19.2 0.3048350167
19.25 19.2 19.3 0.3180718159
19.35 19.3 19.4 0.3230556414
19.45 19.4 19.5 0.3067343666
19.55 19.5 19.6 0.3084591249
19.65 19.6 19.7 0.278986726
19.75 19.7 19.8 0.271091201
19.85 19.8 19.9 0.2962384509
19.95 19.9 20 0.2739499429
20.05 20 20.1 0.264549346
20.15 20.1 20.2 0.2774333001
20.25 20.2 20.3 0.2899794361
20.35 20.3 20.4 0.2651914874
20.45 20.4 20.5 0.255342144
20.55 20.5 20.6 0.2597776996
20.65 20.6 20.7 0.2525073698
20.75 20.7 20.8 0.2572452142
20.85 20.8 20.9 0.2506882157
20.95 20.9 21 0.2589077998
21.05 21 21.1 0.2535110331
21.15 21.1 21.2 0.2455097466
21.25 21.2 21.3 0.2387294074
21.35 21.3 21.4 0.2233064626
21.45 21.4 21.5 0.2427438823
21.55 21.5 21.6 0.2261897354
21.65 21.6 21.7 0.230852829
21.75 21.7 21.8 0.2338970039
21.85 21.8 21.9 0.2178690636
21.95 21.9 22 0.2266962493
22.05 22 22.1 0.229684111
22.15 22.1 22.2 0.221941368
22.25 22.2 22.3 0.221346525
22.35 22.3 22.4 0.2261288709
22.45 22.4 22.5 0.2163938168
22.55 22.5 22.6 0.2050902521
22.65 22.6 22.7 0.2138187594
22.75 22.7 22.8 0.1800397648
22.85 22.8 22.9 0.2161893588
22.95 22.9 23 0.2059587606
23.05 23 23.1 0.1902747908
23.15 23.1 23.2 0.1978629697
23.25 23.2 23.3 0.2084628476
23.35 23.3 23.4 0.1923195131
23.45 23.4 23.5 0.1910373533
23.55 23.5 23.6 0.1916198318
23.65 23.6 23.7 0.1686915203
23.75 23.7 23.8 0.1881611796
23.85 23.8 23.9 0.2051883509
23.95 23.9 24 0.2123219276
24.05 24 24.1 0.1741269651
24.15 24.1 24.2 0.1826476048
24.25 24.2 24.3 0.1850479448
24.35 24.3 24.4 0.1873476117
24.45 24.4 24.5 0.1629045975
24.55 24.5 24.6 0.1963981841
24.65 24.6 24.7 0.1788215485
24.75 24.7 24.8 0.1941139414
24.85 24.8 24.9 0.1818147873
24.95 24.9 25 0.1800505546
25.05 25 25.1 0.176714058
25.15 25.1 25.2 0.1893331068
25.25 25.2 25.3 0.1679388165
25.35 25.3 25.4 0.1556441058
25.45 25.4 25.5 0.1686905284
25.55 25.5 25.6 0.175464404
25.65 25.6 25.7 0.1646547697
25.75 25.7 25.8 0.169000469
25.85 25.8 25.9 0.1493409026
25.95 25.9 26 0.1550531661
26.05 26 26.1 0.1672943522
26.15 26.1 26.2 0.1679716696
26.25 26.2 26.3 0.1498304212
26.35 26.3 26.4 0.1618325404
26.45 26.4 26.5 0.1515776819
26.55 26.5 26.6 0.1391160597
26.65 26.6 26.7 0.1579103131
26.75 26.7 26.8 0.1459019235
26.85 26.8 26.9 0.1354736345
26.95 26.9 27 0.1285433131
27.05 27 27.1 0.1396630853
27.15 27.1 27.2 0.1343384265
27.25 27.2 27.3 0.1433011403
27.35 27.3 27.4 0.1374011016
27.45 27.4 27.5 0.1499766069
27.55 27.5 27.6 0.1133832368
27.65 27.6 27.7 0.1327681082
27.75 27.7 27.8 0.1435214836
27.85 27.8 27.9 0.1243901283
27.95 27.9 28 0.1314725547
28.05 28 28.1 0.1127501683
28.15 28.1 28.2 0.1215541789
28.25 28.2 28.3 0.1213581764
28.35 28.3 28.4 0.1286668028
28.45 28.4 28.5 0.1249352772
28.55 28.5 28.6 0.1153990114
28.65 28.6 28.7 0.132678333
28.75 28.7 28.8 0.1179273223
28.85 28.8 28.9 0.1319567821
28.95 28.9 29 0.1155648147
29.05 29 29.1 0.1054831588
29.15 29.1 29.2 0.1224141101
29.25 29.2 29.3 0.1214334632
29.35 29.3 29.4 0.1099902789
29.45 29.4 29.5 0.1143566269
29.55 29.5 29.6 0.1107406925
29.65 29.6 29.7 0.1042643321
29.75 29.7 29.8 0.1227463778
29.85 29.8 29.9 0.107043602
29.95 29.9 30 0.1092778913
30.05 30 30.1 0.1151490193
30.15 30.1 30.2 0.1133996891
30.25 30.2 30.3 0.1174821183
30.35 30.3 30.4 0.09456735769
30.45 30.4 30.5 0.1116657398
30.55 30.5 30.6 0.09012738487
30.65 30.6 30.7 0.1004695888
30.75 30.7 30.8 0.1140196356
30.85 30.8 30.9 0.09680437273
30.95 30.9 31 0.09583519652
31.05 31 31.1 0.09526123467
31.15 31.1 31.2 0.08935680545
31.25 31.2 31.3 0.1071426516
31.35 31.3 31.4 0.08500451151
31.45 31.4 31.5 0.102774424
31.55 31.5 31.6 0.08693713065
31.65 31.6 31.7 0.09456064336
31.75 31.7 31.8 0.08771471364
31.85 31.8 31.9 0.08559593017
31.95 31.9 32 0.09150346766
32.05 32 32.1 0.08205724697
32.15 32.1 32.2 0.09368606547
32.25 32.2 32.3 0.09286748783
32.35 32.3 32.4 0.08052003654
32.45 32.4 32.5 0.08238286429
32.55 32.5 32.6 0.08499331625
32.65 32.6 32.7 0.07974875227
32.75 32.7 32.8 0.09522219491
32.85 32.8 32.9 0.08480651652
32.95 32.9 33 0.08328890836
33.05 33 33.1 0.08112244202
33.15 33.1 33.2 0.0855493938
33.25 33.2 33.3 0.07760182205
33.35 33.3 33.4 0.07474842153
33.45 33.4 33.5 0.08011050692
33.55 33.5 33.6 0.08930374096
33.65 33.6 33.7 0.09083106283
33.75 33.7 33.8 0.07630231101
33.85 33.8 33.9 0.08372284817
33.95 33.9 34 0.06988847984
34.05 34 34.1 0.07571690618
34.15 34.1 34.2 0.07691807567
34.25 34.2 34.3 0.07238771573
34.35 34.3 34.4 0.07318512837
34.45 34.4 34.5 0.06408224178
34.55 34.5 34.6 0.07786464027
34.65 34.6 34.7 0.08180389713
34.75 34.7 34.8 0.06563391369
34.85 34.8 34.9 0.07286939953
34.95 34.9 35 0.0700287192
35.05 35 35.1 0.06260914876
35.15 35.1 35.2 0.07156500289
35.25 35.2 35.3 0.06804276728
35.35 35.3 35.4 0.0616645572
35.45 35.4 35.5 0.06905031621
35.55 35.5 35.6 0.06956861927
35.65 35.6 35.7 0.0654892382
35.75 35.7 35.8 0.07738912836
35.85 35.8 35.9 0.07540699831
35.95 35.9 36 0.06709913848
36.05 36 36.1 0.08137821155
36.15 36.1 36.2 0.05336685262
36.25 36.2 36.3 0.0706400639
36.35 36.3 36.4 0.06087498773
36.45 36.4 36.5 0.05935659379
36.55 36.5 36.6 0.05706872667
36.65 36.6 36.7 0.05870955701
36.75 36.7 36.8 0.06413182242
36.85 36.8 36.9 0.05422602355
36.95 36.9 37 0.05807200271
37.05 37 37.1 0.04832102453
37.15 37.1 37.2 0.06907628002
37.25 37.2 37.3 0.05735965491
37.35 37.3 37.4 0.05399171326
37.45 37.4 37.5 0.07207717205
37.55 37.5 37.6 0.05536245969
37.65 37.6 37.7 0.06061560399
37.75 37.7 37.8 0.05867470422
37.85 37.8 37.9 0.06981030185
37.95 37.9 38 0.05242751231
38.05 38 38.1 0.05057815121
38.15 38.1 38.2 0.04472307758
38.25 38.2 38.3 0.05258381132
38.35 38.3 38.4 0.05887691018
38.45 38.4 38.5 0.06079841814
38.55 38.5 38.6 0.05758754185
38.65 38.6 38.7 0.05031505803
38.75 38.7 38.8 0.05660190906
38.85 38.8 38.9 0.05519952476
38.95 38.9 39 0.06343488151
39.05 39 39.1 0.05635490107
39.15 39.1 39.2 0.06092437196
39.25 39.2 39.3 0.05460081103
39.35 39.3 39.4 0.05111010548
39.45 39.4 39.5 0.04499828036
39.55 39.5 39.6 0.05016119283
39.65 39.6 39.7 0.04290021771
39.75 39.7 39.8 0.04600139922
39.85 39.8 39.9 0.04622866151
39.95 39.9 40 0.04695461792
40.05 40 40.1 0.05194449214
40.15 40.1 40.2 0.04420022174
40.25 40.2 40.3 0.04676752986
40.35 40.3 40.4 0.04566054138
40.45 40.4 40.5 0.04322788517
40.55 40.5 40.6 0.05664160422
40.65 40.6 40.7 0.04751072382
40.75 40.7 40.8 0.03635286664
40.85 40.8 40.9 0.04035330866
40.95 40.9 41 0.04656583639
41.05 41 41.1 0.04369150818
41.15 41.1 41.2 0.03482959573
41.25 41.2 41.3 0.04814862146
41.35 41.3 41.4 0.04328855016
41.45 41.4 41.5 0.03707346968
41.55 41.5 41.6 0.04074863486
41.65 41.6 41.7 0.04482046101
41.75 41.7 41.8 0.04893081264
41.85 41.8 41.9 0.03928353215
41.95 41.9 42 0.0429869514
42.05 42 42.1 0.03659994049
42.15 42.1 42.2 0.05299236107
42.25 42.2 42.3 0.04360187797
42.35 42.3 42.4 0.04907084976
42.45 42.4 42.5 0.04897605506
42.55 42.5 42.6 0.04099552422
42.65 42.6 42.7 0.0431639161
42.75 42.7 42.8 0.04983645741
42.85 42.8 42.9 0.04109947898
42.95 42.9 43 0.04221070137
43.05 43 43.1 0.03611153346
43.15 43.1 43.2 0.0373006072
43.25 43.2 43.3 0.03548072118
43.35 43.3 43.4 0.04122652607
43.45 43.4 43.5 0.03164253317
43.55 43.5 43.6 0.03674311387
43.65 43.6 43.7 0.04397993166
43.75 43.7 43.8 0.03231233446
43.85 43.8 43.9 0.03429215543
43.95 43.9 44 0.03209023081
44.05 44 44.1 0.03972272619
44.15 44.1 44.2 0.03750309125
44.25 44.2 44.3 0.03961761901
44.35 44.3 44.4 0.02696744247
44.45 44.4 44.5 0.03576777296
44.55 44.5 44.6 0.0374879735
44.65 44.6 44.7 0.03762927253
44.75 44.7 44.8 0.03717874509
44.85 44.8 44.9 0.05342032398
44.95 44.9 45 0.03239110936
45.05 45 45.1 0.03155045737
45.15 45.1 45.2 0.03833720992
45.25 45.2 45.3 0.03345188136
45.35 45.3 45.4 0.02911682579
45.45 45.4 45.5 0.04162133225
45.55 45.5 45.6 0.03917801921
45.65 45.6 45.7 0.03359115724
45.75 45.7 45.8 0.02986140781
45.85 45.8 45.9 0.02697440125
45.95 45.9 46 0.03929071775
46.05 46 46.1 0.01931100122
46.15 46.1 46.2 0.02863978664
46.25 46.2 46.3 0.03712504744
46.35 46.3 46.4 0.04382288413
46.45 46.4 46.5 0.02476967799
46.55 46.5 46.6 0.02441292551
46.65 46.6 46.7 0.03092460706
46.75 46.7 46.8 0.03254441635
46.85 46.8 46.9 0.0328102748
46.95 46.9 47 0.02636623154
47.05 47 47.1 0.03619983338
47.15 47.1 47.2 0.02790183422
47.25 47.2 47.3 0.03088528115
47.35 47.3 47.4 0.03484882327
47.45 47.4 47.5 0.03012408732
47.55 47.5 47.6 0.02271225332
47.65 47.6 47.7 0.03282626371
47.75 47.7 47.8 0.02324361538
47.85 47.8 47.9 0.02743128247
47.95 47.9 48 0.03117633578
48.05 48 48.1 0.02375717114
48.15 48.1 48.2 0.03408406322
48.25 48.2 48.3 0.02706826731
48.35 48.3 48.4 0.02867395593
48.45 48.4 48.5 0.02959956779
48.55 48.5 48.6 0.02077309202
48.65 48.6 48.7 0.03141023607
48.75 48.7 48.8 0.02437600037
48.85 48.8 48.9 0.02913415752
48.95 48.9 49 0.02887501289
49.05 49 49.1 0.02142083928
49.15 49.1 49.2 0.03785067183
49.25 49.2 49.3 0.0255832064
49.35 49.3 49.4 0.02473563952
49.45 49.4 49.5 0.02805337334
49.55 49.5 49.6 0.02351915032
49.65 49.6 49.7 0.02489640518
49.75 49.7 49.8 0.02212359578
49.85 49.8 49.9 0.02289105921
49.95 49.9 50 0.02273839624
50.05 50 50.1 0.02360011071
50.15 50.1 50.2 0.01989554754
50.25 50.2 50.3 0.02820028341
50.35 50.3 50.4 0.0306530162
50.45 50.4 50.5 0.02432602384
50.55 50.5 50.6 0.0288939432
50.65 50.6 50.7 0.02311981033
50.75 50.7 50.8 0.02783479125
50.85 50.8 50.9 0.01994966084
50.95 50.9 51 0.02156348072
51.05 51 51.1 0.02130457656
51.15 51.1 51.2 0.02527328622
51.25 51.2 51.3 0.02165029458
51.35 51.3 51.4 0.02389376576
51.45 51.4 51.5 0.0201970881
51.55 51.5 51.6 0.02663486644
51.65 51.6 51.7 0.02426899467
51.75 51.7 51.8 0.03047736614
51.85 51.8 51.9 0.02335754629
51.95 51.9 52 0.02369641718
52.05 52 52.1 0.01845793829
52.15 52.1 52.2 0.0233759302
52.25 52.2 52.3 0.02107148891
52.35 52.3 52.4 0.0216991801
52.45 52.4 52.5 0.01899206283
52.55 52.5 52.6 0.02979292741
52.65 52.6 52.7 0.01540710195
52.75 52.7 52.8 0.02767668913
52.85 52.8 52.9 0.01803100992
52.95 52.9 53 0.02449742863
53.05 53 53.1 0.02105771524
53.15 53.1 53.2 0.02624467913
53.25 53.2 53.3 0.02675328613
53.35 53.3 53.4 0.01240831582
53.45 53.4 53.5 0.02122467641
53.55 53.5 53.6 0.01687672559
53.65 53.6 53.7 0.02231085149
53.75 53.7 53.8 0.01991122782
53.85 53.8 53.9 0.01596657962
53.95 53.9 54 0.03370560425
54.05 54 54.1 0.02185448764
54.15 54.1 54.2 0.02111546443
54.25 54.2 54.3 0.02046230345
54.35 54.3 54.4 0.02287265355
54.45 54.4 54.5 0.01779922467
54.55 54.5 54.6 0.02074809292
54.65 54.6 54.7 0.01686071017
54.75 54.7 54.8 0.008485330306
54.85 54.8 54.9 0.01748902634
54.95 54.9 55 0.01335701007
55.05 55 55.1 0.009311807339
55.15 55.1 55.2 0.01949053163
55.25 55.2 55.3 0.02415231159
55.35 55.3 55.4 0.01654630721
55.45 55.4 55.5 0.01451886805
55.55 55.5 55.6 0.02114227125
55.65 55.6 55.7 0.0147015078
55.75 55.7 55.8 0.02280279585
55.85 55.8 55.9 0.0190025199
55.95 55.9 56 0.02090530268
56.05 56 56.1 0.01688233741
56.15 56.1 56.2 0.02827771048
56.25 56.2 56.3 0.01832891622
56.35 56.3 56.4 0.02096271343
56.45 56.4 56.5 0.01938506573
56.55 56.5 56.6 0.01611809218
56.65 56.6 56.7 0.01684080994
56.75 56.7 56.8 0.0147696457
56.85 56.8 56.9 0.01634072159
56.95 56.9 57 0.01666536972
57.05 57 57.1 0.01971679125
57.15 57.1 57.2 0.02117121873
57.25 57.2 57.3 0.01815897783
57.35 57.3 57.4 0.01616900207
57.45 57.4 57.5 0.01248738566
57.55 57.5 57.6 0.006904434408
57.65 57.6 57.7 0.01471399726
57.75 57.7 57.8 0.01226747141
57.85 57.8 57.9 0.01607036065
57.95 57.9 58 0.0161669603
58.05 58 58.1 0.0184362165
58.15 58.1 58.2 0.02164464549
58.25 58.2 58.3 0.01690663259
58.35 58.3 58.4 0.01723738411
58.45 58.4 58.5 0.02093519528
58.55 58.5 58.6 0.02332345716
58.65 58.6 58.7 0.01229323707
58.75 58.7 58.8 0.01162036881
58.85 58.8 58.9 0.01424455982
58.95 58.9 59 0.01843960933
59.05 59 59.1 0.0146985295
59.15 59.1 59.2 0.009779738699
59.25 59.2 59.3 0.0150458791
59.35 59.3 59.4 0.01888000107
59.45 59.4 59.5 0.01687737902
59.55 59.5 59.6 0.01917656078
59.65 59.6 59.7 0.01534387396
59.75 59.7 59.8 0.01411156002
59.85 59.8 59.9 0.01049027301
59.95 59.9 60 0.01651019925
60.05 60 60.1 0.01343804042
60.15 60.1 60.2 0.01285235623
60.25 60.2 60.3 0.01401060047
60.35 60.3 60.4 0.01359128315
60.45 60.4 60.5 0.01527588459
60.55 60.5 60.6 0.01459602632
60.65 60.6 60.7 0.01159983679
60.75 60.7 60.8 0.01189528213
60.85 60.8 60.9 0.01512909386
60.95 60.9 61 0.0184873001
61.05 61 61.1 0.01203059145
61.15 61.1 61.2 0.01981779574
61.25 61.2 61.3 0.01486240346
61.35 61.3 61.4 0.01514198926
61.45 61.4 61.5 0.01608856729
61.55 61.5 61.6 0.01206969168
61.65 61.6 61.7 0.01195135174
61.75 61.7 61.8 0.01263743949
61.85 61.8 61.9 0.0134420166
61.95 61.9 62 0.01644522066
62.05 62 62.1 0.01315170469
62.15 62.1 62.2 0.01006019245
62.25 62.2 62.3 0.01315472075
62.35 62.3 62.4 0.015753929
62.45 62.4 62.5 0.02027751206
62.55 62.5 62.6 0.01025573444
62.65 62.6 62.7 0.009455258721
62.75 62.7 62.8 0.01515385151
62.85 62.8 62.9 0.01564246284
62.95 62.9 63 0.007115630696
63.05 63 63.1 0.01676092945
63.15 63.1 63.2 0.01755669136
63.25 63.2 63.3 0.01404766902
63.35 63.3 63.4 0.01682171162
63.45 63.4 63.5 0.007851861206
63.55 63.5 63.6 0.01811755626
63.65 63.6 63.7 0.01107421795
63.75 63.7 63.8 0.0111730087
63.85 63.8 63.9 0.0134458704
63.95 63.9 64 0.009950530678
64.05 64 64.1 0.0142798605
64.15 64.1 64.2 0.01874305218
64.25 64.2 64.3 0.01358284597
64.35 64.3 64.4 0.007228777893
64.45 64.4 64.5 0.009949459099
64.55 64.5 64.6 0.01377067131
64.65 64.6 64.7 0.01213124328
64.75 64.7 64.8 0.005855155017
64.85 64.8 64.9 0.003309264227
64.95 64.9 65 0.005218570584
65.05 65 65.1 0.01513236286
65.15 65.1 65.2 0.01018898448
65.25 65.2 65.3 0.004308366999
65.35 65.3 65.4 0.007749704781
65.45 65.4 65.5 0.01263749531
65.55 65.5 65.6 0.01180516004
65.65 65.6 65.7 0.008280884827
65.75 65.7 65.8 0.008730530301
65.85 65.8 65.9 0.009745236223
65.95 65.9 66 0.009152087906
66.05 66 66.1 0.01706379897
66.15 66.1 66.2 0.007438567829
66.25 66.2 66.3 0.01345560789
66.35 66.3 66.4 0.01026944524
66.45 66.4 66.5 0.01574821931
66.55 66.5 66.6 0.01811507599
66.65 66.6 66.7 0.01224311862
66.75 66.7 66.8 0.00903737577
66.85 66.8 66.9 0.006811707563
66.95 66.9 67 0.01226098926
67.05 67 67.1 0.01301939547
67.15 67.1 67.2 0.008929809267
67.25 67.2 67.3 0.008976831654
67.35 67.3 67.4 0.01135427186
67.45 67.4 67.5 0.009348140585
67.55 67.5 67.6 0.004756524962
67.65 67.6 67.7 0.006668969193
67.75 67.7 67.8 0.01161904678
67.85 67.8 67.9 0.008777457411
67.95 67.9 68 0.01132477602
68.05 68 68.1 0.008207019472
68.15 68.1 68.2 0.00795163489
68.25 68.2 68.3 0.00591702863
68.35 68.3 68.4 0.002218462423
68.45 68.4 68.5 0.008692306996
68.55 68.5 68.6 0.01028910388
68.65 68.6 68.7 0.00770463498
68.75 68.7 68.8 0.004171566619
68.85 68.8 68.9 0.004196530033
68.95 68.9 69 0.01227582936
69.05 69 69.1 0.004216194802
69.15 69.1 69.2 0.01279300439
69.25 69.2 69.3 0.007118739336
69.35 69.3 69.4 0.006706613886
69.45 69.4 69.5 0.007747946681
69.55 69.5 69.6 0.01423143787
69.65 69.6 69.7 0.004832075522
69.75 69.7 69.8 0.01341802784
69.85 69.8 69.9 0.0007043602223
69.95 69.9 70 0.008138114361
70.05 70 70.1 0.00458418659
70.15 70.1 70.2 0.01258795947
70.25 70.2 70.3 0.01138255445
70.35 70.3 70.4 0.005497611762
70.45 70.4 70.5 0.004143314288
70.55 70.5 70.6 0.007389152193
70.65 70.6 70.7 0.004106803112
70.75 70.7 70.8 0.006958683484
70.85 70.8 70.9 0.004925584706
70.95 70.9 71 0.007835233813
71.05 71 71.1 0.009813509888
71.15 71.1 71.2 0.001984287382
71.25 71.2 71.3 0.007746971867
71.35 71.3 71.4 0.005355013305
71.45 71.4 71.5 0.004556222701
71.55 71.5 71.6 0.004582504581
71.65 71.6 71.7 0.006444627335
71.75 71.7 71.8 0.002748719988
71.85 71.8 71.9 -0.0001260217207
71.95 71.9 72 0.002197692511
72.05 72 72.1 0.008311220429
72.15 72.1 72.2 0.006675313902
72.25 72.2 72.3 0.005981053019
72.35 72.3 72.4 0.002366761853
72.45 72.4 72.5 0.004573638804
72.55 72.5 72.6 0.005367508899
72.65 72.6 72.7 0.003666344799
72.75 72.7 72.8 0.007461369565
72.85 72.8 72.9 0.007661359116
72.95 72.9 73 0.007091304024
73.05 73 73.1 0.003208427342
73.15 73.1 73.2 0.003178808794
73.25 73.2 73.3 0.001225973893
73.35 73.3 73.4 -0.003315872462
73.45 73.4 73.5 0.002074659267
73.55 73.5 73.6 0.005691510926
73.65 73.6 73.7 0.006764462961
73.75 73.7 73.8 0.007645430603
73.85 73.8 73.9 0.00224940357
73.95 73.9 74 0.004098233578
74.05 74 74.1 0.00624422556
74.15 74.1 74.2 0.0106966111
74.25 74.2 74.3 -0.0006347772419
74.35 74.3 74.4 0.002459059168
74.45 74.4 74.5 -0.0003807151999
74.55 74.5 74.6 0.006433748736
74.65 74.6 74.7 0.005172585126
74.75 74.7 74.8 0.005941201486
74.85 74.8 74.9 0.01135809389
74.95 74.9 75 0.002215285007
75.05 75 75.1 0.00424034181
75.15 75.1 75.2 -0.001612688175
75.25 75.2 75.3 -0.002834819228
75.35 75.3 75.4 -0.0009909667596
75.45 75.4 75.5 0.005530827869
75.55 75.5 75.6 0.00205443607
75.65 75.6 75.7 -0.002415977244
75.75 75.7 75.8 -8.709805863e-05
75.85 75.8 75.9 0.00770969783
75.95 75.9 76 -0.0004219255862
76.05 76 76.1 -0.0008543072367
76.15 76.1 76.2 -0.000223925753
76.25 76.2 76.3 0.005785085791
76.35 76.3 76.4 -0.008588746039
76.45 76.4 76.5 0.002000358849
76.55 76.5 76.6 0.0004693011087
76.65 76.6 76.7 0.004233785713
76.75 76.7 76.8 0.001756168067
76.85 76.8 76.9 0.002716163019
76.95 76.9 77 0.004487239367
77.05 77 77.1 0.003513713887
77.15 77.1 77.2 0.004572210157
77.25 77.2 77.3 0.002635070087
77.35 77.3 77.4 0.0008630353244
77.45 77.4 77.5 0.002862917811
77.55 77.5 77.6 0.002980719201
77.65 77.6 77.7 0.001095697113
77.75 77.7 77.8 0.005112029298
77.85 77.8 77.9 0.001830541635
77.95 77.9 78 0.004790242535
78.05 78 78.1 0.001355417188
78.15 78.1 78.2 0.002927340159
78.25 78.2 78.3 0.002545654639
78.35 78.3 78.4 0.003805192009
78.45 78.4 78.5 -0.001392803603
78.55 78.5 78.6 0.001588770661
78.65 78.6 78.7 -0.0004317077664
78.75 78.7 78.8 0.002179975467
78.85 78.8 78.9 0.002461248935
78.95 78.9 79 0.002588490214
79.05 79 79.1 0.005663409143
79.15 79.1 79.2 -0.002100755682
79.25 79.2 79.3 -0.0002561275587
79.35 79.3 79.4 0.001138043026
79.45 79.4 79.5 0.007862185111
79.55 79.5 79.6 0.001142313944
79.65 79.6 79.7 -0.001800534972
79.75 79.7 79.8 0.002582545963
79.85 79.8 79.9 0.002772119663
79.95 79.9 80 0.001672764801
80.05 80 80.1 0.0008333075973
80.15 80.1 80.2 0.001838889672
80.25 80.2 80.3 -9.802891459e-05
80.35 80.3 80.4 0.003410920916
80.45 80.4 80.5 0.001679175085
80.55 80.5 80.6 -0.001332395683
80.65 80.6 80.7 0.004603140857
80.75 80.7 80.8 0.002729294979
80.85 80.8 80.9 -0.0002970196035
80.95 80.9 81 0.001915765512
81.05 81 81.1 -0.000185667243
81.15 81.1 81.2 0.001913479306
81.25 81.2 81.3 0.0008217007783
81.35 81.3 81.4 0.001001522505
81.45 81.4 81.5 -0.000444642831
81.55 81.5 81.6 -0.0002407350794
81.65 81.6 81.7 0.003218296312
81.75 81.7 81.8 0.004787424303
81.85 81.8 81.9 0.000231539176
81.95 81.9 82 0.002735243519
82.05 82 82.1 0.0003615755892
82.15 82.1 82.2 -0.0006266309367
82.25 82.2 82.3 -1.951433029e-05
82.35 82.3 82.4 0.0007367093383
82.45 82.4 82.5 -0.001947079312
82.55 82.5 82.6 0.001917232722
82.65 82.6 82.7 0.002321028789
82.75 82.7 82.8 0.004276224213
82.85 82.8 82.9 0.0007926378607
82.95 82.9 83 0.0007729591956
83.05 83 83.1 -0.0007504373177
83.15 83.1 83.2 0.004618256582
83.25 83.2 83.3 0.002117141546
83.35 83.3 83.4 -0.000152006647
83.45 83.4 83.5 0.003094076165
83.55 83.5 83.6 0.005842764293
83.65 83.6 83.7 0.002267601724
83.75 83.7 83.8 0.0003550189574
83.85 83.8 83.9 0.002646500567
83.95 83.9 84 0.004404093592
84.05 84 84.1 0.004174892613
84.15 84.1 84.2 0.001605026066
84.25 84.2 84.3 0.002126664418
84.35 84.3 84.4 0.00425911797
84.45 84.4 84.5 -0.002271445688
84.55 84.5 84.6 -0.0003841495402
84.65 84.6 84.7 -0.001552491493
84.75 84.7 84.8 0.004027382079
84.85 84.8 84.9 -0.003620074768
84.95 84.9 85 0.003003122469
85.05 85 85.1 0.005328007608
85.15 85.1 85.2 0.006202567899
85.25 85.2 85.3 8.297435283e-05
85.35 85.3 85.4 -0.001117890682
85.45 85.4 85.5 0.003830384313
85.55 85.5 85.6 -0.001309706817
85.65 85.6 85.7 0.002884235545
85.75 85.7 85.8 -0.0002813690437
85.85 85.8 85.9 -9.145375546e-05
85.95 85.9 86 0.001470464387
86.05 86 86.1 -0.001804508854
86.15 86.1 86.2 0.006564881958
86.25 86.2 86.3 -0.0004182555687
86.35 86.3 86.4 -0.0004847854716
86.45 86.4 86.5 -0.002487650302
86.55 86.5 86.6 -0.001634449024
86.65 86.6 86.7 0.0003056192071
86.75 86.7 86.8 0.0006254560871
86.85 86.8 86.9 0.007566611231
86.95 86.9 87 0.0005291715049
87.05 87 87.1 0.002989658803
87.15 87.1 87.2 -0.004002542552
87.25 87.2 87.3 0.0001278608627
87.35 87.3 87.4 -0.0006144401307
87.45 87.4 87.5 0.0001221288014
87.55 87.5 87.6 0.002356790409
87.65 87.6 87.7 0.003562559589
87.75 87.7 87.8 -0.003137544987
87.85 87.8 87.9 0.003018227918
87.95 87.9 88 0.004511148483
88.05 88 88.1 -0.001281864047
88.15 88.1 88.2 0.003339432979
88.25 88.2 88.3 -0.002515685587
88.35 88.3 88.4 -0.001740442976
88.45 88.4 88.5 0.002079958241
88.55 88.5 88.6 0.001650960664
88.65 88.6 88.7 -0.0009031005555
88.75 88.7 88.8 -9.453539332e-05
88.85 88.8 88.9 -0.001157521619
88.95 88.9 89 0.004233529443
89.05 89 89.1 -0.0003467224512
89.15 89.1 89.2 -0.003764010813
89.25 89.2 89.3 0.002108501088
89.35 89.3 89.4 0.002302959316
89.45 89.4 89.5 -0.002863406614
89.55 89.5 89.6 -0.0006989274589
89.65 89.6 89.7 0.002823909861
89.75 89.7 89.8 -0.002584682249
89.85 89.8 89.9 -0.0007482757607
89.95 89.9 90 0.0004470020933
90.05 90 90.1 0.002021655367
90.15 90.1 90.2 -0.002860701744
90.25 90.2 90.3 0.001053149763
90.35 90.3 90.4 -0.0003527092195
90.45 90.4 90.5 -0.001655819037
90.55 90.5 90.6 -0.0005750744892
90.65 90.6 90.7 0.0005462297316
90.75 90.7 90.8 0.001545859475
90.85 90.8 90.9 -0.003129961415
90.95 90.9 91 0.003657134996
91.05 91 91.1 -0.001533217697
91.15 91.1 91.2 0.0006988395659
91.25 91.2 91.3 0.00144678423
91.35 91.3 91.4 0.0001989385101
91.45 91.4 91.5 0.00271832506
91.55 91.5 91.6 -0.002077310043
91.65 91.6 91.7 0.004958684269
91.75 91.7 91.8 0.002649952922
91.85 91.8 91.9 -0.004666084428
91.95 91.9 92 0.001665701855
92.05 92 92.1 -0.0004172364086
92.15 92.1 92.2 5.18416767e-05
92.25 92.2 92.3 0.0004728715399
92.35 92.3 92.4 -6.26270279e-05
92.45 92.4 92.5 -2.876785075e-05
92.55 92.5 92.6 0.002568795053
92.65 92.6 92.7 0.006189271565
92.75 92.7 92.8 0.003184416382
92.85 92.8 92.9 0.0009675403745
92.95 92.9 93 -7.134586495e-05
93.05 93 93.1 0.001528042202
93.15 93.1 93.2 3.616390326e-06
93.25 93.2 93.3 -0.001435051247
93.35 93.3 93.4 0.0002703867485
93.45 93.4 93.5 0.001650217693
93.55 93.5 93.6 -0.001078988331
93.65 93.6 93.7 0.006314212124
93.75 93.7 93.8 0.001939735276
93.85 93.8 93.9 0.001883243246
93.95 93.9 94 -0.0006267992617
94.05 94 94.1 0.002134401383
94.15 94.1 94.2 -0.001215442796
94.25 94.2 94.3 -0.003287369719
94.35 94.3 94.4 0.002632804047
94.45 94.4 94.5 -0.001073096344
94.55 94.5 94.6 -0.0009168423136
94.65 94.6 94.7 0.0008110188832
94.75 94.7 94.8 0.001933119799
94.85 94.8 94.9 -0.0003318226061
94.95 94.9 95 0.001870929419
95.05 95 95.1 -0.001481655189
95.15 95.1 95.2 0.003481460709
95.25 95.2 95.3 0.001570454935
95.35 95.3 95.4 0.003876641825
95.45 95.4 95.5 -0.005329162142
95.55 95.5 95.6 -0.001310214275
95.65 95.6 95.7 0.002379411353
95.75 95.7 95.8 0.001583427162
95.85 95.8 95.9 -0.0009789443677
95.95 95.9 96 0.001929997673
96.05 96 96.1 0.004517141615
96.15 96.1 96.2 0.002799450955
96.25 96.2 96.3 0.00100242116
96.35 96.3 96.4 0.002558736255
96.45 96.4 96.5 0.004909507259
96.55 96.5 96.6 -0.00116254474
96.65 96.6 96.7 -0.003618422197
96.75 96.7 96.8 0.001328412771
96.85 96.8 96.9 -0.002064958195
96.95 96.9 97 0.002020562451
97.05 97 97.1 -0.0009239139803
97.15 97.1 97.2 0.003030521827
97.25 97.2 97.3 0.000447744328
97.35 97.3 97.4 -0.002810546111
97.45 97.4 97.5 -0.0006531434705
97.55 97.5 97.6 0.001191400537
97.65 97.6 97.7 0.0006540935064
97.75 97.7 97.8 -0.001079624117
97.85 97.8 97.9 -0.0003623809083
97.95 97.9 98 0.0005291972948
98.05 98 98.1 -0.001716091662
98.15 98.1 98.2 0.002842034335
98.25 98.2 98.3 -0.000620268186
98.35 98.3 98.4 0.002238884312
98.45 98.4 98.5 -0.0004256447463
98.55 98.5 98.6 -0.001731354224
98.65 98.6 98.7 -0.0004580404159
98.75 98.7 98.8 0.005530306425
98.85 98.8 98.9 -0.0006507050679
98.95 98.9 99 0.0006390761514
99.05 99 99.1 0.0005858920851
99.15 99.1 99.2 -0.003455104624
99.25 99.2 99.3 0.001474071573
99.35 99.3 99.4 0.001519098247
99.45 99.4 99.5 -0.002539894208
99.55 99.5 99.6 -0.0001724900194
99.65 99.6 99.7 0.0001384666973
99.75 99.7 99.8 0.001269124277
99.85 99.8 99.9 -0.002771841842
99.95 99.9 100 -0.0004722039665
100.05 100 100.1 -0.001921421996
100.15 100.1 100.2 -0.00586095335
100.25 100.2 100.3 -0.003027191638
100.35 100.3 100.4 0.0008197139461
100.45 100.4 100.5 -5.420044337e-05
100.55 100.5 100.6 -0.0003701579351
100.65 100.6 100.7 -0.00233625579
100.75 100.7 100.8 -0.00498695917
100.85 100.8 100.9 -0.003583950751
100.95 100.9 101 -0.003620184496
101.05 101 101.1 0.0008775272138
101.15 101.1 101.2 -0.005237224167
101.25 101.2 101.3 3.717866313e-05
101.35 101.3 101.4 -0.002363545095
101.45 101.4 101.5 -0.0006326383373
101.55 101.5 101.6 0.004243085844
101.65 101.6 101.7 -0.003808124327
101.75 101.7 101.8 -0.0006164489271
101.85 101.8 101.9 -0.001967300716
101.95 101.9 102 -0.0003684648731
102.05 102 102.1 -9.721059656e-05
102.15 102.1 102.2 -0.003019943707
102.25 102.2 102.3 -0.001177932967
102.35 102.3 102.4 -0.0009263540356
102.45 102.4 102.5 -0.003468848679
102.55 102.5 102.6 -0.003011267309
102.65 102.6 102.7 -0.00474133905
102.75 102.7 102.8 -0.002704120528
102.85 102.8 102.9 -0.002835108104
102.95 102.9 103 -0.001584344922
103.05 103 103.1 -0.006364982179
103.15 103.1 103.2 -4.812717293e-05
103.25 103.2 103.3 -0.003179694479
103.35 103.3 103.4 0.003277616838
103.45 103.4 103.5 -0.004695447542
103.55 103.5 103.6 -0.0003424862336
103.65 103.6 103.7 -0.003036129539
103.75 103.7 103.8 -0.003991184869
103.85 103.8 103.9 -0.00172382945
103.95 103.9 104 -0.004034542139
104.05 104 104.1 -0.001210393858
104.15 104.1 104.2 -0.0026902385
104.25 104.2 104.3 0.0003651269665
104.35 104.3 104.4 -0.004958359343
104.45 104.4 104.5 0.0007887450839
104.55 104.5 104.6 -0.004057592509
104.65 104.6 104.7 -0.005078340431
104.75 104.7 104.8 -0.001188538964
104.85 104.8 104.9 4.133844898e-05
104.95 104.9 105 -0.00208425542
105.05 105 105.1 -0.002408948895
105.15 105.1 105.2 -0.003348077874
105.25 105.2 105.3 -0.0001542506446
105.35 105.3 105.4 -7.021451497e-05
105.45 105.4 105.5 -0.0002776855956
105.55 105.5 105.6 -0.0004178878966
105.65 105.6 105.7 0.004305107881
105.75 105.7 105.8 -0.002664171984
105.85 105.8 105.9 -0.001072557394
105.95 105.9 106 -0.001206071136
106.05 106 106.1 -0.002286922681
106.15 106.1 106.2 -0.00344666483
106.25 106.2 106.3 0.001251532661
106.35 106.3 106.4 -0.001278538396
106.45 106.4 106.5 -0.004312801869
106.55 106.5 106.6 -0.0004124321321
106.65 106.6 106.7 -0.002006682992
106.75 106.7 106.8 -0.0002553574623
106.85 106.8 106.9 -0.005605837499
106.95 106.9 107 0.000209400565
107.05 107 107.1 9.675104537e-05
107.15 107.1 107.2 -0.004143452653
107.25 107.2 107.3 -0.005482533086
107.35 107.3 107.4 -0.002972470044
107.45 107.4 107.5 -0.004432396368
107.55 107.5 107.6 -0.003303174214
107.65 107.6 107.7 -0.002514520483
107.75 107.7 107.8 -0.001964284601
107.85 107.8 107.9 -0.003760752507
107.95 107.9 108 -0.004791208996
108.05 108 108.1 0.001557958191
108.15 108.1 108.2 -0.001609183401
108.25 108.2 108.3 0.001803805302
108.35 108.3 108.4 -0.0005784893093
108.45 108.4 108.5 -0.0004233850976
108.55 108.5 108.6 -0.006242251176
108.65 108.6 108.7 -0.005665944881
108.75 108.7 108.8 -0.001263419492
108.85 108.8 108.9 -0.004822051097
108.95 108.9 109 -0.002315023407
109.05 109 109.1 -0.004951680921
109.15 109.1 109.2 -0.001912479622
109.25 109.2 109.3 -0.00225750557
109.35 109.3 109.4 -0.001334382598
109.45 109.4 109.5 -0.001698948537
109.55 109.5 109.6 -0.002728291487
109.65 109.6 109.7 -0.0002451550255
109.75 109.7 109.8 -0.001589457694
109.85 109.8 109.9 -0.002460292079
109.95 109.9 110 -0.004671743059
110.05 110 110.1 -0.004931590129
110.15 110.1 110.2 -0.002582326469
110.25 110.2 110.3 -0.00120038151
110.35 110.3 110.4 -0.00300486771
110.45 110.4 110.5 -0.003269789765
110.55 110.5 110.6 -0.004440185705
110.65 110.6 110.7 -0.001338215188
110.75 110.7 110.8 -0.003743058304
110.85 110.8 110.9 -0.0008246741015
110.95 110.9 111 -2.675609595e-05
111.05 111 111.1 -0.003225469327
111.15 111.1 111.2 -0.003047508179
111.25 111.2 111.3 -0.0001635559693
111.35 111.3 111.4 -0.003670137046
111.45 111.4 111.5 0.000166371424
111.55 111.5 111.6 0.001038465075
111.65 111.6 111.7 -0.000474438065
111.75 111.7 111.8 -0.005161730133
111.85 111.8 111.9 -0.003504753471
111.95 111.9 112 -0.005450537549
112.05 112 112.1 0.0001506803601
112.15 112.1 112.2 8.357487509e-05
112.25 112.2 112.3 -0.001250667977
112.35 112.3 112.4 -0.002612415916
112.45 112.4 112.5 0.001248713472
112.55 112.5 112.6 -0.0009446072639
112.65 112.6 112.7 -0.001830258661
112.75 112.7 112.8 -0.000310017606
112.85 112.8 112.9 0.0007884993494
112.95 112.9 113 -0.001799529548
113.05 113 113.1 -0.001979981549
113.15 113.1 113.2 -0.0003348948461
113.25 113.2 113.3 -0.004749263792
113.35 113.3 113.4 -0.0009167961747
113.45 113.4 113.5 0.002798412202
113.55 113.5 113.6 -0.004780806942
113.65 113.6 113.7 -0.003285101149
113.75 113.7 113.8 -0.0004314113492
113.85 113.8 113.9 -0.0004646203119
113.95 113.9 114 -0.0007440717351
114.05 114 114.1 -0.002036356243
114.15 114.1 114.2 -0.00390362953
114.25 114.2 114.3 -0.002459691924
114.35 114.3 114.4 -0.004225941688
114.45 114.4 114.5 0.001082032577
114.55 114.5 114.6 -0.002499300069
114.65 114.6 114.7 -0.001978277598
114.75 114.7 114.8 -0.004944901349
114.85 114.8 114.9 -0.002394529071
114.95 114.9 115 -0.00537431699
115.05 115 115.1 -0.002538276258
115.15 115.1 115.2 -0.001787841447
115.25 115.2 115.3 -0.003709534944
115.35 115.3 115.4 -0.002604829087
115.45 115.4 115.5 -0.002647493255
115.55 115.5 115.6 -0.005016154454
115.65 115.6 115.7 -0.004161124035
115.75 115.7 115.8 -0.0003227139124
115.85 115.8 115.9 -0.002064105053
115.95 115.9 116 -0.00480657433
116.05 116 116.1 -0.002994597134
116.15 116.1 116.2 -0.001685428988
116.25 116.2 116.3 -0.0009643072567
116.35 116.3 116.4 -0.003989947855
116.45 116.4 116.5 0.000278220513
116.55 116.5 116.6 0.001246759226
116.65 116.6 116.7 -0.003699056064
116.75 116.7 116.8 0.0003125647194
116.85 116.8 116.9 -0.002633163643
116.95 116.9 117 -0.002253789239
117.05 117 117.1 -0.002674212362
117.15 117.1 117.2 -0.001014098987
117.25 117.2 117.3 -0.005591880038
117.35 117.3 117.4 -0.0003997058807
117.45 117.4 117.5 -0.002334968808
117.55 117.5 117.6 -0.00205317866
117.65 117.6 117.7 -0.003375231964
117.75 117.7 117.8 -0.002401132455
117.85 117.8 117.9 -0.002935202582
117.95 117.9 118 -0.003608673021
118.05 118 118.1 -0.003530710517
118.15 118.1 118.2 -0.00373399833
118.25 118.2 118.3 -0.0004117280085
118.35 118.3 118.4 -0.00151137272
118.45 118.4 118.5 -0.00309179303
118.55 118.5 118.6 -0.003647287778
118.65 118.6 118.7 -0.004300980568
118.75 118.7 118.8 -0.002678262666
118.85 118.8 118.9 -0.005055541902
118.95 118.9 119 -0.002876449881
119.05 119 119.1 -0.002176890201
119.15 119.1 119.2 -0.005268654179
119.25 119.2 119.3 -0.00374113333
119.35 119.3 119.4 -0.002221498115
119.45 119.4 119.5 -0.003824917789
119.55 119.5 119.6 -0.005638612236
119.65 119.6 119.7 -0.001508999876
119.75 119.7 119.8 -0.004039178179
119.85 119.8 119.9 -0.004681547805
119.95 119.9 120 -0.006101718228
120.05 120 120.1 -0.003970154159
120.15 120.1 120.2 -0.002985986453
120.25 120.2 120.3 -0.003443339323
120.35 120.3 120.4 -0.003050024482
120.45 120.4 120.5 -0.005349343993
120.55 120.5 120.6 -0.002296391006
120.65 120.6 120.7 -0.003990829882
120.75 120.7 120.8 -0.002585987644
120.85 120.8 120.9 -0.004298813307
120.95 120.9 121 -0.002448271102
121.05 121 121.1 -0.001473300634
121.15 121.1 121.2 -0.004409326344
121.25 121.2 121.3 -0.001136651314
121.35 121.3 121.4 -0.001736452369
121.45 121.4 121.5 -0.00470007991
121.55 121.5 121.6 -0.000848237644
121.65 121.6 121.7 -0.0008853259269
121.75 121.7 121.8 -0.003865653374
121.85 121.8 121.9 -0.003878707275
121.95 121.9 122 -0.00404898878
122.05 122 122.1 -0.006265290306
122.15 122.1 122.2 -0.006711148747
122.25 122.2 122.3 -0.00439702118
122.35 122.3 122.4 -0.001770978185
122.45 122.4 122.5 -0.00212787508
122.55 122.5 122.6 -0.007260353365
122.65 122.6 122.7 -0.003796886892
122.75 122.7 122.8 -0.001028105046
122.85 122.8 122.9 -0.005553904188
122.95 122.9 123 -0.004213834858
123.05 123 123.1 -0.002687447085
123.15 123.1 123.2 -0.001642775673
123.25 123.2 123.3 -0.0009482221233
123.35 123.3 123.4 -0.002792149523
123.45 123.4 123.5 -0.002567264547
123.55 123.5 123.6 -0.004140067005
123.65 123.6 123.7 -0.001873783685
123.75 123.7 123.8 -0.003242133768
123.85 123.8 123.9 -0.00553503199
123.95 123.9 124 0.001837607078
124.05 124 124.1 -0.00621672003
124.15 124.1 124.2 -0.001218323789
124.25 124.2 124.3 -0.005041368826
124.35 124.3 124.4 -0.005127563637
124.45 124.4 124.5 -0.002342633157
124.55 124.5 124.6 -0.003935363237
124.65 124.6 124.7 -0.004867203638
124.75 124.7 124.8 -0.001203528547
124.85 124.8 124.9 -0.00229231193
124.95 124.9 125 -0.002805970893
125.05 125 125.1 -0.003473255451
125.15 125.1 125.2 -0.001209830792
125.25 125.2 125.3 -0.001924345197
125.35 125.3 125.4 -0.002350937283
125.45 125.4 125.5 -0.003688236325
125.55 125.5 125.6 -0.002535546909
125.65 125.6 125.7 -0.005672366237
125.75 125.7 125.8 -0.007995280859
125.85 125.8 125.9 -0.004077780474
125.95 125.9 126 -0.002221291557
126.05 126 126.1 -0.005421331612
126.15 126.1 126.2 0.0001866105059
126.25 126.2 126.3 -0.003973013679
126.35 126.3 126.4 -0.002508873223
126.45 126.4 126.5 -0.001568431785
126.55 126.5 126.6 -0.0002780562998
126.65 126.6 126.7 -0.0006760295579
126.75 126.7 126.8 -0.005054672078
126.85 126.8 126.9 0.0006911910608
126.95 126.9 127 -0.0004231174214
127.05 127 127.1 -0.002561157276
127.15 127.1 127.2 -0.004010611046
127.25 127.2 127.3 -0.002693047445
127.35 127.3 127.4 -0.002488556454
127.45 127.4 127.5 -0.003371842272
127.55 127.5 127.6 -0.003282031471
127.65 127.6 127.7 -6.053167971e-05
127.75 127.7 127.8 -0.005566326146
127.85 127.8 127.9 -0.0002531562624
127.95 127.9 128 -0.002711816944
128.05 128 128.1 -0.005553545837
128.15 128.1 128.2 -0.001928814195
128.25 128.2 128.3 -0.005918659897
128.35 128.3 128.4 -0.001528094901
128.45 128.4 128.5 0.001791753811
128.55 128.5 128.6 -0.004790922015
128.65 128.6 128.7 -0.004039846116
128.75 128.7 128.8 -0.001744622801
128.85 128.8 128.9 -0.001755975809
128.95 128.9 129 -0.003016998737
129.05 129 129.1 0.001155413051
129.15 129.1 129.2 -0.003150494602
129.25 129.2 129.3 -0.001952442241
129.35 129.3 129.4 0.00145708604
129.45 129.4 129.5 -0.004414413991
129.55 129.5 129.6 -0.004407830091
129.65 129.6 129.7 -0.003640938868
129.75 129.7 129.8 -0.0004614447031
129.85 129.8 129.9 -0.003749908357
129.95 129.9 130 -9.801566382e-05
130.05 130 130.1 -0.001505608237
130.15 130.1 130.2 -0.0005718360429
130.25 130.2 130.3 -0.002103165197
130.35 130.3 130.4 3.299469751e-05
130.45 130.4 130.5 -0.003002446728
130.55 130.5 130.6 -0.002635683477
130.65 130.6 130.7 -0.0002065725628
130.75 130.7 130.8 -0.003907672525
130.85 130.8 130.9 0.002320720474
130.95 130.9 131 -0.00107699869
131.05 131 131.1 -0.001458358845
131.15 131.1 131.2 -0.005297984266
131.25 131.2 131.3 -0.002630205672
131.35 131.3 131.4 -0.002278975057
131.45 131.4 131.5 0.0003276016856
131.55 131.5 131.6 -0.001706089391
131.65 131.6 131.7 -0.001680933007
131.75 131.7 131.8 -0.005246161712
131.85 131.8 131.9 0.004921131164
131.95 131.9 132 -0.001994193413
132.05 132 132.1 0.0001281279267
132.15 132.1 132.2 0.002390151511
132.25 132.2 132.3 -0.001014222739
132.35 132.3 132.4 -0.004080278771
132.45 132.4 132.5 -0.004505265934
132.55 132.5 132.6 -0.001310552146
132.65 132.6 132.7 -0.001960481714
132.75 132.7 132.8 -0.003349629188
132.85 132.8 132.9 0.001568925826
132.95 132.9 133 -0.0005025580584
133.05 133 133.1 0.002168285254
133.15 133.1 133.2 -0.002744694994
133.25 133.2 133.3 -0.003159137022
133.35 133.3 133.4 -0.0008887098344
133.45 133.4 133.5 -0.004943175285
133.55 133.5 133.6 0.0001927977296
133.65 133.6 133.7 -0.0007893602502
133.75 133.7 133.8 -0.004082428609
133.85 133.8 133.9 -0.002719739896
133.95 133.9 134 -0.002792876387
134.05 134 134.1 -0.002509940349
134.15 134.1 134.2 -0.003989550788
134.25 134.2 134.3 -0.003165573817
134.35 134.3 134.4 -0.002657120048
134.45 134.4 134.5 -0.004129750125
134.55 134.5 134.6 -0.003041652733
134.65 134.6 134.7 0.0001785147712
134.75 134.7 134.8 -0.00341156423
134.85 134.8 134.9 -0.004221214033
134.95 134.9 135 -0.001594969989
135.05 135 135.1 -0.003660556646
135.15 135.1 135.2 0.00131235053
135.25 135.2 135.3 -0.0004970243615
135.35 135.3 135.4 -0.002752503582
135.45 135.4 135.5 -0.001878209368
135.55 135.5 135.6 -0.0008103970787
135.65 135.6 135.7 -0.002168410115
135.75 135.7 135.8 0.001012464707
135.85 135.8 135.9 -0.003677230902
135.95 135.9 136 -0.001732886264
136.05 136 136.1 -0.001879965693
136.15 136.1 136.2 -0.0008654131026
136.25 136.2 136.3 -0.00184033988
136.35 136.3 136.4 -0.001535998252
136.45 136.4 136.5 -0.00224436773
136.55 136.5 136.6 -0.004303457898
136.65 136.6 136.7 -0.00150680507
136.75 136.7 136.8 -0.001916890704
136.85 136.8 136.9 -0.0002949190361
136.95 136.9 137 -0.003504825446
137.05 137 137.1 -3.957291551e-05
137.15 137.1 137.2 -0.0006694190414
137.25 137.2 137.3 -0.004003237764
137.35 137.3 137.4 0.0002315705991
137.45 137.4 137.5 0.0007695319793
137.55 137.5 137.6 -8.939006587e-06
137.65 137.6 137.7 -0.001313142001
137.75 137.7 137.8 -0.003145712524
137.85 137.8 137.9 -0.002532361963
137.95 137.9 138 -0.00178135767
138.05 138 138.1 0.0007599795725
138.15 138.1 138.2 -0.0005625951707
138.25 138.2 138.3 -0.002751892975
138.35 138.3 138.4 -0.001619607458
138.45 138.4 138.5 -0.004132236523
138.55 138.5 138.6 -0.001449130207
138.65 138.6 138.7 -0.002347786252
138.75 138.7 138.8 -0.003093798251
138.85 138.8 138.9 -0.005752198869
138.95 138.9 139 -0.003967052194
139.05 139 139.1 -0.001584580437
139.15 139.1 139.2 -0.002089640789
139.25 139.2 139.3 -0.0008585486905
139.35 139.3 139.4 -0.001270667646
139.45 139.4 139.5 -0.00461628171
139.55 139.5 139.6 -0.003304885458
139.65 139.6 139.7 -0.0002471201329
139.75 139.7 139.8 -0.001036615908
139.85 139.8 139.9 0.0001712525462
139.95 139.9 140 -0.0002540933361
140.05 140 140.1 -0.003558757558
140.15 140.1 140.2 -0.002767336356
140.25 140.2 140.3 -0.003132538977
140.35 140.3 140.4 -0.003000327548
140.45 140.4 140.5 -0.002072422834
140.55 140.5 140.6 -0.0006647577545
140.65 140.6 140.7 -0.0009398016523
140.75 140.7 140.8 -0.001141271342
140.85 140.8 140.9 -0.002385104846
140.95 140.9 141 -0.002852153118
141.05 141 141.1 -0.003973207285
141.15 141.1 141.2 -0.001782248082
141.25 141.2 141.3 -0.003522748441
141.35 141.3 141.4 -0.0002103672546
141.45 141.4 141.5 0.0001770662896
141.55 141.5 141.6 -0.00166647385
141.65 141.6 141.7 0.001154540709
141.75 141.7 141.8 -0.0005235212729
141.85 141.8 141.9 -0.001399195684
141.95 141.9 142 -0.002005595748
142.05 142 142.1 -0.0003250182524
142.15 142.1 142.2 -0.001660552356
142.25 142.2 142.3 -0.005072988141
142.35 142.3 142.4 -0.001116708648
142.45 142.4 142.5 0.002832320058
142.55 142.5 142.6 -0.0004011641453
142.65 142.6 142.7 -0.001221971885
142.75 142.7 142.8 0.0004141118529
142.85 142.8 142.9 -0.0013247302
142.95 142.9 143 -0.001058636921
143.05 143 143.1 0.001913907567
143.15 143.1 143.2 0.001014901564
143.25 143.2 143.3 -0.002690646716
143.35 143.3 143.4 -0.004370417773
143.45 143.4 143.5 -0.004041510919
143.55 143.5 143.6 0.0002759836191
143.65 143.6 143.7 -0.00246118897
143.75 143.7 143.8 0.001742076264
143.85 143.8 143.9 -0.004365387725
143.95 143.9 144 -0.0004552019647
144.05 144 144.1 -0.0005121613487
144.15 144.1 144.2 4.469293041e-05
144.25 144.2 144.3 -0.00246072934
144.35 144.3 144.4 0.0006798563077
144.45 144.4 144.5 -0.000621119777
144.55 144.5 144.6 -0.001177232288
144.65 144.6 144.7 -0.0006230284581
144.75 144.7 144.8 -0.004012579821
144.85 144.8 144.9 0.0007360170825
144.95 144.9 145 -0.004561833681
145.05 145 145.1 -0.001443588245
145.15 145.1 145.2 -0.001883612517
145.25 145.2 145.3 -0.001212105383
145.35 145.3 145.4 -0.002205698132
145.45 145.4 145.5 -0.0009793859419
145.55 145.5 145.6 -0.000399705635
145.65 145.6 145.7 -0.001480156325
145.75 145.7 145.8 -6.811635433e-05
145.85 145.8 145.9 -1.434045026e-05
145.95 145.9 146 -0.002514840331
146.05 146 146.1 -0.001116034526
146.15 146.1 146.2 0.001387974911
146.25 146.2 146.3 -0.001246503862
146.35 146.3 146.4 -0.001586666662
146.45 146.4 146.5 -0.003590847657
146.55 146.5 146.6 -0.001404533622
146.65 146.6 146.7 0.0003951555524
146.75 146.7 146.8 -0.001064298328
146.85 146.8 146.9 -0.002707544142
146.95 146.9 147 -0.004279588863
147.05 147 147.1 -0.001689158289
147.15 147.1 147.2 0.001825181231
147.25 147.2 147.3 -0.001529091375
147.35 147.3 147.4 -0.003084763272
147.45 147.4 147.5 -0.002912300493
147.55 147.5 147.6 -0.002509477777
147.65 147.6 147.7 -0.001738155059
147.75 147.7 147.8 -0.0008165496212
147.85 147.8 147.9 0.0003686630764
147.95 147.9 148 -0.001818154581
148.05 148 148.1 -0.0009256727607
148.15 148.1 148.2 0.0006497363183
148.25 148.2 148.3 2.082780181e-05
148.35 148.3 148.4 0.0002295256221
148.45 148.4 148.5 0.0004699264448
148.55 148.5 148.6 0.0003144365893
148.65 148.6 148.7 0.001702167693
148.75 148.7 148.8 0.001934029322
148.85 148.8 148.9 -0.0003874999073
148.95 148.9 149 -0.001798067022
149.05 149 149.1 -0.0004160771652
149.15 149.1 149.2 -0.0005929585931
149.25 149.2 149.3 -0.002236580712
149.35 149.3 149.4 -0.001348469697
149.45 149.4 149.5 0.0008175564694
149.55 149.5 149.6 -0.004956251203
149.65 149.6 149.7 -0.002953636519
149.75 149.7 149.8 -0.001363631293
149.85 149.8 149.9 -0.00198040303
149.95 149.9 150 -0.001137971222
150.05 150 150.1 -0.0009708172411
150.15 150.1 150.2 -0.0005227200731
150.25 150.2 150.3 0.0006177249371
150.35 150.3 150.4 -0.001369033113
150.45 150.4 150.5 0.0005751767308
150.55 150.5 150.6 -0.003390655302
150.65 150.6 150.7 0.001298297687
150.75 150.7 150.8 -0.0005345646036
150.85 150.8 150.9 0.0003031719917
150.95 150.9 151 -0.003811038403
151.05 151 151.1 -0.0001494513732
151.15 151.1 151.2 -0.00186665067
151.25 151.2 151.3 0.001083497247
151.35 151.3 151.4 -0.00125612382
151.45 151.4 151.5 -0.001206348936
151.55 151.5 151.6 0.0009660965353
151.65 151.6 151.7 -0.003104625324
151.75 151.7 151.8 -0.0007124084917
151.85 151.8 151.9 0.0005613353753
151.95 151.9 152 -0.001078206418
152.05 152 152.1 0.001678395265
152.15 152.1 152.2 0.0003034201571
152.25 152.2 152.3 0.005049605687
152.35 152.3 152.4 -0.0008811882854
152.45 152.4 152.5 0.002842295091
152.55 152.5 152.6 -0.001836497378
152.65 152.6 152.7 -0.000225440227
152.75 152.7 152.8 -0.003159433903
152.85 152.8 152.9 -0.003092744922
152.95 152.9 153 -0.002514365021
153.05 153 153.1 -0.002252533956
153.15 153.1 153.2 -6.334114191e-05
153.25 153.2 153.3 -0.001196453484
153.35 153.3 153.4 0.0009398749048
153.45 153.4 153.5 -0.000257751903
153.55 153.5 153.6 -0.002565350892
153.65 153.6 153.7 -0.0008774915672
153.75 153.7 153.8 -0.001271828424
153.85 153.8 153.9 -0.001284455919
153.95 153.9 154 -0.0006027334514
154.05 154 154.1 -0.001563647007
154.15 154.1 154.2 -0.0004332402487
154.25 154.2 154.3 -0.0005756329714
154.35 154.3 154.4 -0.002514547602
154.45 154.4 154.5 0.002568013767
154.55 154.5 154.6 0.003116152751
154.65 154.6 154.7 -0.001707322504
154.75 154.7 154.8 0.0009152300884
154.85 154.8 154.9 -0.002788583818
154.95 154.9 155 -0.001122370998
155.05 155 155.1 0.0008806778085
155.15 155.1 155.2 -0.0002107833075
155.25 155.2 155.3 0.002743195891
155.35 155.3 155.4 -0.001934986919
155.45 155.4 155.5 -0.001852934815
155.55 155.5 155.6 0.001529697192
155.65 155.6 155.7 -0.001865256094
155.75 155.7 155.8 -0.0004140895074
155.85 155.8 155.9 0.0009537598248
155.95 155.9 156 -0.0007368258627
156.05 156 156.1 0.002367483183
156.15 156.1 156.2 -0.002260557562
156.25 156.2 156.3 0.0006322214713
156.35 156.3 156.4 0.002994521449
156.45 156.4 156.5 -0.004824381138
156.55 156.5 156.6 -0.0008528726321
156.65 156.6 156.7 -0.003774830202
156.75 156.7 156.8 -5.376922487e-05
156.85 156.8 156.9 -0.0002079008818
156.95 156.9 157 -0.0001232109221
157.05 157 157.1 0.0008194951801
157.15 157.1 157.2 -0.0009218207585
157.25 157.2 157.3 0.003139854766
157.35 157.3 157.4 -0.0009112205587
157.45 157.4 157.5 0.000439058595
157.55 157.5 157.6 0.002108571532
157.65 157.6 157.7 0.0001861595852
157.75 157.7 157.8 -0.0007600720076
157.85 157.8 157.9 0.0002162649478
157.95 157.9 158 0.0007966285139
158.05 158 158.1 -7.053594946e-05
158.15 158.1 158.2 -0.001777553075
158.25 158.2 158.3 0.001187284621
158.35 158.3 158.4 -0.002221532235
158.45 158.4 158.5 -0.003011842657
158.55 158.5 158.6 0.0006937654907
158.65 158.6 158.7 0.0002216253765
158.75 158.7 158.8 0.001951963472
158.85 158.8 158.9 0.001361914835
158.95 158.9 159 0.001406910521
159.05 159 159.1 -0.0002722420921
159.15 159.1 159.2 -0.002942964985
159.25 159.2 159.3 -5.983786989e-05
159.35 159.3 159.4 0.000182060665
159.45 159.4 159.5 -0.0004130369562
159.55 159.5 159.6 -0.001615982032
159.65 159.6 159.7 -0.0005628822965
159.75 159.7 159.8 0.002803630267
159.85 159.8 159.9 0.0003758383028
159.95 159.9 160 0.0004978473245
160.05 160 160.1 0.00118238948
160.15 160.1 160.2 0.001106520711
160.25 160.2 160.3 0.001652805951
160.35 160.3 160.4 -0.0004566306326
160.45 160.4 160.5 -0.003087689336
160.55 160.5 160.6 0.0001729991178
160.65 160.6 160.7 -0.0009303290011
160.75 160.7 160.8 -0.001146006755
160.85 160.8 160.9 -0.002034829864
160.95 160.9 161 -0.0004028473811
161.05 161 161.1 0.000896827915
161.15 161.1 161.2 0.001448334009
161.25 161.2 161.3 0.001849254264
161.35 161.3 161.4 0.0008067377149
161.45 161.4 161.5 0.0004355460269
161.55 161.5 161.6 0.001804088956
161.65 161.6 161.7 0.0006506392284
161.75 161.7 161.8 -0.0006042426073
161.85 161.8 161.9 0.00088067849
161.95 161.9 162 0.002181882163
162.05 162 162.1 0.0006226489049
162.15 162.1 162.2 0.0005894142218
162.25 162.2 162.3 0.003855439302
162.35 162.3 162.4 0.001385139639
162.45 162.4 162.5 0.001872463048
162.55 162.5 162.6 4.461614798e-05
162.65 162.6 162.7 0.0009338689804
162.75 162.7 162.8 -0.0005729778122
162.85 162.8 162.9 -0.00163106274
162.95 162.9 163 0.0001941491177
163.05 163 163.1 -0.001480175027
163.15 163.1 163.2 0.0005435349724
163.25 163.2 163.3 0.002405744253
163.35 163.3 163.4 0.001676274426
163.45 163.4 163.5 -0.0001262304849
163.55 163.5 163.6 -0.0003993041599
163.65 163.6 163.7 -4.603766412e-05
163.75 163.7 163.8 -0.001595533462
163.85 163.8 163.9 -0.0004755758176
163.95 163.9 164 -0.002341800462
164.05 164 164.1 -0.000740105018
164.15 164.1 164.2 -0.0003374693874
164.25 164.2 164.3 0.001273490698
164.35 164.3 164.4 -0.001689546422
164.45 164.4 164.5 0.001221307217
164.55 164.5 164.6 -0.0001287245361
164.65 164.6 164.7 0.0003546922006
164.75 164.7 164.8 7.477250889e-05
164.85 164.8 164.9 -0.0002264874605
164.95 164.9 165 0.0005165867889
165.05 165 165.1 -0.002830844776
165.15 165.1 165.2 0.0004281393808
165.25 165.2 165.3 0.001771900947
165.35 165.3 165.4 -0.001795931659
165.45 165.4 165.5 -0.001432347508
165.55 165.5 165.6 -0.002022055662
165.65 165.6 165.7 0.0007718988302
165.75 165.7 165.8 0.001320766109
165.85 165.8 165.9 -0.001568783373
165.95 165.9 166 0.001054996553
166.05 166 166.1 -0.0001480805377
166.15 166.1 166.2 0.0008456468907
166.25 166.2 166.3 0.002528368787
166.35 166.3 166.4 0.0005198321182
166.45 166.4 166.5 -0.0006336000967
166.55 166.5 166.6 0.0007634828775
166.65 166.6 166.7 0.001500506602
166.75 166.7 166.8 0.0032784323
166.85 166.8 166.9 -0.0009443663098
166.95 166.9 167 -0.00187760499
167.05 167 167.1 -0.0008913184677
167.15 167.1 167.2 0.002000326321
167.25 167.2 167.3 0.0003550077262
167.35 167.3 167.4 0.0009954491542
167.45 167.4 167.5 -0.0003694058527
167.55 167.5 167.6 0.0001534949556
167.65 167.6 167.7 -0.0009769706172
167.75 167.7 167.8 3.837657206e-05
167.85 167.8 167.9 0.001205324402
167.95 167.9 168 0.0009812166699
168.05 168 168.1 -0.0004866256453
168.15 168.1 168.2 -0.0001752037413
168.25 168.2 168.3 0.0001007402938
168.35 168.3 168.4 0.001105548422
168.45 168.4 168.5 0.001403538499
168.55 168.5 168.6 0.0009585892396
168.65 168.6 168.7 -0.001143491546
168.75 168.7 168.8 0.0002472054519
168.85 168.8 168.9 -0.003617052733
168.95 168.9 169 0.002044491759
169.05 169 169.1 0.00134379393
169.15 169.1 169.2 0.003591599946
169.25 169.2 169.3 -0.0007506441018
169.35 169.3 169.4 0.00153156208
169.45 169.4 169.5 0.002027713242
169.55 169.5 169.6 0.0006071922852
169.65 169.6 169.7 -0.0001509997421
169.75 169.7 169.8 0.003080282658
169.85 169.8 169.9 -0.0005434172704
169.95 169.9 170 0.0003680355113
170.05 170 170.1 0.002363688727
170.15 170.1 170.2 -0.0005948750589
170.25 170.2 170.3 0.00148411591
170.35 170.3 170.4 0.0008485412504
170.45 170.4 170.5 0.001497628683
170.55 170.5 170.6 -0.0003305897065
170.65 170.6 170.7 0.0007099600174
170.75 170.7 170.8 0.001539597397
170.85 170.8 170.9 0.0003102644733
170.95 170.9 171 0.001712586698
171.05 171 171.1 -0.0004302454357
171.15 171.1 171.2 -1.716621557e-06
171.25 171.2 171.3 -0.002981823186
171.35 171.3 171.4 0.0005691039991
171.45 171.4 171.5 -0.001668254867
171.55 171.5 171.6 0.0014927825
171.65 171.6 171.7 -7.742138952e-05
171.75 171.7 171.8 0.003040431276
171.85 171.8 171.9 0.001739176437
171.95 171.9 172 2.205916522e-05
172.05 172 172.1 0.0001135799537
172.15 172.1 172.2 -0.0003732285311
172.25 172.2 172.3 0.0003566990224
172.35 172.3 172.4 0.0005334648341
172.45 172.4 172.5 -0.001655505585
172.55 172.5 172.6 0.0006431506038
172.65 172.6 172.7 -0.001724160511
172.75 172.7 172.8 -0.001780622047
172.85 172.8 172.9 -0.0004590405359
172.95 172.9 173 -0.001817842051
173.05 173 173.1 -0.001470277108
173.15 173.1 173.2 0.002084981929
173.25 173.2 173.3 0.0008144814247
173.35 173.3 173.4 0.0006063701016
173.45 173.4 173.5 -0.0005305954369
173.55 173.5 173.6 -0.0005975895811
173.65 173.6 173.7 -0.0004942427731
173.75 173.7 173.8 0.001436139595
173.85 173.8 173.9 -0.001751346125
173.95 173.9 174 0.0003096913534
174.05 174 174.1 -9.010848336e-05
174.15 174.1 174.2 0.001108736538
174.25 174.2 174.3 -2.946241761e-05
174.35 174.3 174.4 0.0002517181931
174.45 174.4 174.5 -0.001522247327
174.55 174.5 174.6 0.0008010043879
174.65 174.6 174.7 -0.001944382295
174.75 174.7 174.8 0.00356076969
174.85 174.8 174.9 -0.001708044378
174.95 174.9 175 0.0008727297323
175.05 175 175.1 -0.001049780606
175.15 175.1 175.2 -0.002266091546
175.25 175.2 175.3 -0.001231464862
175.35 175.3 175.4 0.0006532721914
175.45 175.4 175.5 0.0005543773589
175.55 175.5 175.6 0.0005675876987
175.65 175.6 175.7 -0.001382577485
175.75 175.7 175.8 -0.001642568146
175.85 175.8 175.9 -0.000188081171
175.95 175.9 176 0.002780568937
176.05 176 176.1 -0.00138329184
176.15 176.1 176.2 0.002483181838
176.25 176.2 176.3 -0.0008932632938
176.35 176.3 176.4 -0.001775582658
176.45 176.4 176.5 0.0005042650125
176.55 176.5 176.6 0.001899733571
176.65 176.6 176.7 -0.001594943801
176.75 176.7 176.8 -0.0006576010818
176.85 176.8 176.9 0.0004192069835
176.95 176.9 177 -0.001226263543
177.05 177 177.1 0.0006160359736
177.15 177.1 177.2 0.0006163094751
177.25 177.2 177.3 -0.0003925225458
177.35 177.3 177.4 -0.0001459202943
177.45 177.4 177.5 -0.0008161778601
177.55 177.5 177.6 0.002893432544
177.65 177.6 177.7 -0.002333669247
177.75 177.7 177.8 -0.0004852980018
177.85 177.8 177.9 0.002014724805
177.95 177.9 178 -0.0001763243636
178.05 178 178.1 -0.002318092966
178.15 178.1 178.2 0.003973321978
178.25 178.2 178.3 0.002039621008
178.35 178.3 178.4 -0.0009635092289
178.45 178.4 178.5 0.001431516142
178.55 178.5 178.6 0.0003031706084
178.65 178.6 178.7 0.002413170398
178.75 178.7 178.8 0.001988210319
178.85 178.8 178.9 0.001288199483
178.95 178.9 179 0.002593754149
179.05 179 179.1 0.0019241042
179.15 179.1 179.2 0.002437540553
179.25 179.2 179.3 0.0006085717772
179.35 179.3 179.4 0.0004745530239
179.45 179.4 179.5 -0.001817233172
179.55 179.5 179.6 0.001173221365
179.65 179.6 179.7 0.00163900691
179.75 179.7 179.8 4.906512592e-05
179.85 179.8 179.9 0.002675095833
179.95 179.9 180 0.001761870804
180.05 180 180.1 6.7029502e-05
180.15 180.1 180.2 -3.790234097e-05
180.25 180.2 180.3 0.001377562756
180.35 180.3 180.4 -0.0009546881987
180.45 180.4 180.5 0.0002066201051
180.55 180.5 180.6 -4.105992271e-05
180.65 180.6 180.7 0.001207688592
180.75 180.7 180.8 0.00128907284
180.85 180.8 180.9 5.09579831e-05
180.95 180.9 181 0.000583656077
181.05 181 181.1 -0.0009242547459
181.15 181.1 181.2 0.001366728409
181.25 181.2 181.3 0.0004738082591
181.35 181.3 181.4 0.0002057617351
181.45 181.4 181.5 0.000214112629
181.55 181.5 181.6 0.001128191513
181.65 181.6 181.7 0.00128229662
181.75 181.7 181.8 0.001182857639
181.85 181.8 181.9 -0.001128232626
181.95 181.9 182 0.0006683177865
182.05 182 182.1 0.001292673671
182.15 182.1 182.2 0.0004220987164
182.25 182.2 182.3 -0.0002165402488
182.35 182.3 182.4 -0.0005961958081
182.45 182.4 182.5 -0.003853901545
182.55 182.5 182.6 0.001619069759
182.65 182.6 182.7 0.0003178086614
182.75 182.7 182.8 -0.001706587925
182.85 182.8 182.9 -0.0001807040689
182.95 182.9 183 0.0009740247105
183.05 183 183.1 0.001333982783
183.15 183.1 183.2 0.002192484815
183.25 183.2 183.3 0.001880710983
183.35 183.3 183.4 -5.2003236e-05
183.45 183.4 183.5 0.002324811726
183.55 183.5 183.6 -0.0004281705358
183.65 183.6 183.7 0.001412463716
183.75 183.7 183.8 0.001181955529
183.85 183.8 183.9 0.0008987291549
183.95 183.9 184 0.0002447873984
184.05 184 184.1 0.001094113013
184.15 184.1 184.2 -0.001732426662
184.25 184.2 184.3 0.002055553153
184.35 184.3 184.4 -0.001305632384
184.45 184.4 184.5 0.001400480333
184.55 184.5 184.6 0.0001868469798
184.65 184.6 184.7 0.001942515933
184.75 184.7 184.8 0.0005607604559
184.85 184.8 184.9 0.0006093940297
184.95 184.9 185 0.000860520652
185.05 185 185.1 0.001445922352
185.15 185.1 185.2 0.0007577539266
185.25 185.2 185.3 0.001613184182
185.35 185.3 185.4 -0.001799186561
185.45 185.4 185.5 -0.004117036942
185.55 185.5 185.6 0.0003362888873
185.65 185.6 185.7 0.0008503043104
185.75 185.7 185.8 -2.981212813e-05
185.85 185.8 185.9 0.00151563593
185.95 185.9 186 0.0001089414014
186.05 186 186.1 0.00347041647
186.15 186.1 186.2 -0.0002912727248
186.25 186.2 186.3 0.00115614664
186.35 186.3 186.4 0.002991641451
186.45 186.4 186.5 0.0002619120509
186.55 186.5 186.6 -0.00140537052
186.65 186.6 186.7 0.0003913291493
186.75 186.7 186.8 0.001934753672
186.85 186.8 186.9 -0.001460281345
186.95 186.9 187 -0.0002896677904
187.05 187 187.1 -0.003517032407
187.15 187.1 187.2 9.75576498e-05
187.25 187.2 187.3 0.0007280306633
187.35 187.3 187.4 2.413871456e-05
187.45 187.4 187.5 0.003501741575
187.55 187.5 187.6 -2.440923239e-05
187.65 187.6 187.7 0.002000232018
187.75 187.7 187.8 0.0005790859088
187.85 187.8 187.9 -0.0007380131279
187.95 187.9 188 0.001551040768
188.05 188 188.1 0.001035679691
188.15 188.1 188.2 -0.001099103859
188.25 188.2 188.3 1.11621093e-05
188.35 188.3 188.4 -0.001195885263
188.45 188.4 188.5 -0.000996782121
188.55 188.5 188.6 0.002172391944
188.65 188.6 188.7 -0.001796195689
188.75 188.7 188.8 -0.001818892056
188.85 188.8 188.9 -0.00220374325
188.95 188.9 189 -0.00151261619
189.05 189 189.1 -0.0009152524484
189.15 189.1 189.2 0.0003474821953
189.25 189.2 189.3 -0.0003972200217
189.35 189.3 189.4 -0.0007266295043
189.45 189.4 189.5 5.125564102e-07
189.55 189.5 189.6 -0.001291137372
189.65 189.6 189.7 -0.0001094558624
189.75 189.7 189.8 0.0008702372866
189.85 189.8 189.9 0.000365282671
189.95 189.9 190 0.002045694016
190.05 190 190.1 -0.0004574719105
190.15 190.1 190.2 0.0006570567969
190.25 190.2 190.3 0.0004089824357
190.35 190.3 190.4 0.001995882289
190.45 190.4 190.5 -0.00031919816
190.55 190.5 190.6 0.001273761993
190.65 190.6 190.7 -0.001137537044
190.75 190.7 190.8 0.002729660493
190.85 190.8 190.9 0.0006251585013
190.95 190.9 191 0.001260938469
191.05 191 191.1 0.001676823023
191.15 191.1 191.2 0.003187958876
191.25 191.2 191.3 0.002229782422
191.35 191.3 191.4 0.002047896697
191.45 191.4 191.5 5.034122824e-05
191.55 191.5 191.6 -0.001182790014
191.65 191.6 191.7 0.0005129776506
191.75 191.7 191.8 0.000308733874
191.85 191.8 191.9 0.001466997008
191.95 191.9 192 -0.0006158783291
192.05 192 192.1 0.0002390776014
192.15 192.1 192.2 -0.0008507219948
192.25 192.2 192.3 0.0005830656173
192.35 192.3 192.4 0.001023682131
192.45 192.4 192.5 -0.0002496740377
192.55 192.5 192.6 -0.0006737392433
192.65 192.6 192.7 -0.0005765772408
192.75 192.7 192.8 0.003435609577
192.85 192.8 192.9 0.001343345813
192.95 192.9 193 -0.0004084672843
193.05 193 193.1 0.0006636787204
193.15 193.1 193.2 -0.0009446697835
193.25 193.2 193.3 -0.0003437970678
193.35 193.3 193.4 -0.001066241686
193.45 193.4 193.5 0.0004670409244
193.55 193.5 193.6 -0.0005495970719
193.65 193.6 193.7 -0.001556879468
193.75 193.7 193.8 0.001668906748
193.85 193.8 193.9 -0.00104131392
193.95 193.9 194 -0.0001705429385
194.05 194 194.1 -0.0002426027077
194.15 194.1 194.2 -0.0009362675812
194.25 194.2 194.3 -0.0005198892927
194.35 194.3 194.4 -7.415057583e-05
194.45 194.4 194.5 -0.000449516568
194.55 194.5 194.6 0.000493066688
194.65 194.6 194.7 2.958188735e-05
194.75 194.7 194.8 -0.001582169532
194.85 194.8 194.9 0.001269074188
194.95 194.9 195 -0.002577718812
195.05 195 195.1 -0.0006792642172
195.15 195.1 195.2 0.001541768151
195.25 195.2 195.3 -0.001946559954
195.35 195.3 195.4 -0.002171610733
195.45 195.4 195.5 -0.002284784598
195.55 195.5 195.6 -0.0005840036739
195.65 195.6 195.7 0.001709107117
195.75 195.7 195.8 0.002808151077
195.85 195.8 195.9 -0.0004843690595
195.95 195.9 196 -0.002074050149
196.05 196 196.1 -0.001223158451
196.15 196.1 196.2 -0.003310691622
196.25 196.2 196.3 -0.0009095425126
196.35 196.3 196.4 0.0006040582644
196.45 196.4 196.5 -0.001903855074
196.55 196.5 196.6 -0.001974386113
196.65 196.6 196.7 -0.0002471874763
196.75 196.7 196.8 -0.0010151376
196.85 196.8 196.9 -0.002434349751
196.95 196.9 197 -0.0007554858544
197.05 197 197.1 -0.0008969047222
197.15 197.1 197.2 0.001509975921
197.25 197.2 197.3 -0.00203273771
197.35 197.3 197.4 0.001390621999
197.45 197.4 197.5 -0.001389566078
197.55 197.5 197.6 -0.002934591691
197.65 197.6 197.7 0.0003274150153
197.75 197.7 197.8 -0.001217481867
197.85 197.8 197.9 -0.0009990921302
197.95 197.9 198 -0.0005146465943
198.05 198 198.1 0.001091217299
198.15 198.1 198.2 -0.002266626979
198.25 198.2 198.3 0.001263470495
198.35 198.3 198.4 -0.001107643321
198.45 198.4 198.5 -0.0008295599329
198.55 198.5 198.6 -3.119977969e-05
198.65 198.6 198.7 -7.416011873e-05
198.75 198.7 198.8 -0.001642361348
198.85 198.8 198.9 0.0005696186305
198.95 198.9 199 0.0006059585449
199.05 199 199.1 0.0005997535633
199.15 199.1 199.2 0.001581878152
199.25 199.2 199.3 0.001108962517
199.35 199.3 199.4 -0.000194976951
199.45 199.4 199.5 -0.0007132204724
199.55 199.5 199.6 0.001116557618
199.65 199.6 199.7 -0.0001668533727
199.75 199.7 199.8 -0.001253396292
199.85 199.8 199.9 -0.001100482654
199.95 199.9 200 -0.002135196506
