# Columns: s_cen(1) s_min(2) s_max(3) xi_iso(4)
0.05 0 0.1 97.22066123
0.15 0.1 0.2 25.07923839
0.25 0.2 0.3 17.20236927
0.35 0.3 0.4 18.32325787
0.45 0.4 0.5 26.60961804
0.55 0.5 0.6 22.29659262
0.65 0.6 0.7 21.18734654
0.75 0.7 0.8 22.4328206
0.85 0.8 0.9 21.95024417
0.95 0.9 1 21.45473345
1.05 1 1.1 20.4332156
1.15 1.1 1.2 18.71554456
1.25 1.2 1.3 18.55526097
1.35 1.3 1.4 17.73713169
1.45 1.4 1.5 16.31847825
1.55 1.5 1.6 15.69516024
1.65 1.6 1.7 15.36297017
1.75 1.7 1.8 15.01214272
1.85 1.8 1.9 12.53086709
1.95 1.9 2 12.46015948
2.05 2 2.1 11.46691818
2.15 2.1 2.2 10.71593808
2.25 2.2 2.3 9.71415476
2.35 2.3 2.4 9.552697483
2.45 2.4 2.5 9.199412877
2.55 2.5 2.6 8.653587029
2.65 2.6 2.7 8.29640946
2.75 2.7 2.8 7.581744265
2.85 2.8 2.9 7.34519753
2.95 2.9 3 7.292256571
3.05 3 3.1 6.628368422
3.15 3.1 3.2 6.45321189
3.25 3.2 3.3 6.193896068
3.35 3.3 3.4 6.028430587
3.45 3.4 3.5 5.45542903
3.55 3.5 3.6 5.406097647
3.65 3.6 3.7 5.191152523
3.75 3.7 3.8 5.191705926
3.85 3.8 3.9 4.850382703
3.95 3.9 4 4.479475139
4.05 4 4.1 4.289178079
4.15 4.1 4.2 4.34063115
4.25 4.2 4.3 4.243925577
4.35 4.3 4.4 4.183231964
4.45 4.4 4.5 4.096098633
4.55 4.5 4.6 3.737489978
4.65 4.6 4.7 3.805583327
4.75 4.7 4.8 3.683080109
4.85 4.8 4.9 3.395502063
4.95 4.9 5 3.376240658
5.05 5 5.1 3.364506504
5.15 5.1 5.2 3.268989114
5.25 5.2 5.3 3.085973302
5.35 5.3 5.4 3.046335224
5.45 5.4 5.5 2.937084945
5.55 5.5 5.6 2.898157832
5.65 5.6 5.7 2.84892298
5.75 5.7 5.8 2.832732258
5.85 5.8 5.9 2.606480394
5.95 5.9 6 2.539197062
6.05 6 6.1 2.592578302
6.15 6.1 6.2 2.410137403
6.25 6.2 6.3 2.311550572
6.35 6.3 6.4 2.305501929
6.45 6.4 6.5 2.320913857
6.55 6.5 6.6 2.26908661
6.65 6.6 6.7 2.193181334
6.75 6.7 6.8 2.148088617
6.85 6.8 6.9 1.991566697
6.95 6.9 7 2.063886653
7.05 7 7.1 1.995506603
7.15 7.1 7.2 2.0195727
7.25 7.2 7.3 1.899348734
7.35 7.3 7.4 1.84808313
7.45 7.4 7.5 1.846284289
7.55 7.5 7.6 1.714400593
7.65 7.6 7.7 1.751399459
7.75 7.7 7.8 1.65223927
7.85 7.8 7.9 1.660309109
7.95 7.9 8 1.599529342
8.05 8 8.1 1.617333952
8.15 8.1 8.2 1.544799791
8.25 8.2 8.3 1.467590917
8.35 8.3 8.4 1.540680929
8.45 8.4 8.5 1.473067548
8.55 8.5 8.6 1.445976056
8.65 8.6 8.7 1.412167591
8.75 8.7 8.8 1.345399239
8.85 8.8 8.9 1.349929299
8.95 8.9 9 1.290721732
9.05 9 9.1 1.332013488
9.15 9.1 9.2 1.19329187
9.25 9.2 9.3 1.243041371
9.35 9.3 9.4 1.199712992
9.45 9.4 9.5 1.192577363
9.55 9.5 9.6 1.159215154
9.65 9.6 9.7 1.151484858
9.75 9.7 9.8 1.092138107
9.85 9.8 9.9 1.113151589
9.95 9.9 10 1.09317577
10.05 10 10.1 1.125014335
10.15 10.1 10.2 1.030370079
10.25 10.2 10.3 1.026929595
10.35 10.3 10.4 1.020062306
10.45 10.4 10.5 0.9876922371
10.55 10.5 10.6 0.9641249587
10.65 10.6 10.7 0.9466278804
10.75 10.7 10.8 0.9316117377
10.85 10.8 10.9 0.9188641475
10.95 10.9 11 0.8955713057
11.05 11 11.1 0.8736661587
11.15 11.1 11.2 0.9270892386
11.25 11.2 11.3 0.8839802114
11.35 11.3 11.4 0.8153040748
11.45 11.4 11.5 0.9103091053
11.55 11.5 11.6 0.8598888373
11.65 11.6 11.7 0.8446710924
11.75 11.7 11.8 0.8239878098
11.85 11.8 11.9 0.7677336343
11.95 11.9 12 0.808524841
12.05 12 12.1 0.7837890835
12.15 12.1 12.2 0.7813283818
12.25 12.2 12.3 0.7708701297
12.35 12.3 12.4 0.7220063232
12.45 12.4 12.5 0.7368735247
12.55 12.5 12.6 0.7019387808
12.65 12.6 12.7 0.7080821399
12.75 12.7 12.8 0.6751177895
12.85 12.8 12.9 0.7127168199
12.95 12.9 13 0.6566701021
13.05 13 13.1 0.6630038803
13.15 13.1 13.2 0.6655924641
13.25 13.2 13.3 0.6636744648
13.35 13.3 13.4 0.6539753359
13.45 13.4 13.5 0.6177294051
13.55 13.5 13.6 0.6207966998
13.65 13.6 13.7 0.6119642038
13.75 13.7 13.8 0.5929079644
13.85 13.8 13.9 0.5721596239
13.95 13.9 14 0.5933812365
14.05 14 14.1 0.5614684038
14.15 14.1 14.2 0.5430404952
14.25 14.2 14.3 0.5702874387
14.35 14.3 14.4 0.5774993046
14.45 14.4 14.5 0.5678662339
14.55 14.5 14.6 0.5367796682
14.65 14.6 14.7 0.5307549148
14.75 14.7 14.8 0.5309018273
14.85 14.8 14.9 0.5447461826
14.95 14.9 15 0.5179457648
15.05 15 15.1 0.4689562091
15.15 15.1 15.2 0.5157327948
15.25 15.2 15.3 0.4813346154
15.35 15.3 15.4 0.4819502444
15.45 15.4 15.5 0.4809804858
15.55 15.5 15.6 0.4677371818
15.65 15.6 15.7 0.4686145408
15.75 15.7 15.8 0.4586360834
15.85 15.8 15.9 0.4497144133
15.95 15.9 16 0.4458966239
16.05 16 16.1 0.4420090538
16.15 16.1 16.2 0.4499315995
16.25 16.2 16.3 0.4307600733
16.35 16.3 16.4 0.4339644895
16.45 16.4 16.5 0.4280018401
16.55 16.5 16.6 0.4314119271
16.65 16.6 16.7 0.3934583042
16.75 16.7 16.8 0.3900302388
16.85 16.8 16.9 0.3992539515
16.95 16.9 17 0.3900913383
17.05 17 17.1 0.376940718
17.15 17.1 17.2 0.3769709675
17.25 17.2 17.3 0.3976027287
17.35 17.3 17.4 0.3873919719
17.45 17.4 17.5 0.362542714
17.55 17.5 17.6 0.3793140376
17.65 17.6 17.7 0.3570791065
17.75 17.7 17.8 0.3572313484
17.85 17.8 17.9 0.3581367578
17.95 17.9 18 0.3391053502
18.05 18 18.1 0.3415296143
18.15 18.1 18.2 0.3323980228
18.25 18.2 18.3 0.3383134738
18.35 18.3 18.4 0.3419662399
18.45 18.4 18.5 0.337915889
18.55 18.5 18.6 0.3344587255
18.65 18.6 18.7 0.3516643431
18.75 18.7 18.8 0.3091035549
18.85 18.8 18.9 0.3327853641
18.95 18.9 19 0.3090450994
19.05 19 19.1 0.3047012474
19.15 19.1 19.2 0.2957675604
19.25 19.2 19.3 0.2865583676
19.35 19.3 19.4 0.289938572
19.45 19.4 19.5 0.2735651232
19.55 19.5 19.6 0.2796356055
19.65 19.6 19.7 0.2958315295
19.75 19.7 19.8 0.2896969676
19.85 19.8 19.9 0.2743501465
19.95 19.9 20 0.2667557159
20.05 20 20.1 0.2639713881
20.15 20.1 20.2 0.2656879169
20.25 20.2 20.3 0.2751659915
20.35 20.3 20.4 0.2608819212
20.45 20.4 20.5 0.2601707724
20.55 20.5 20.6 0.2692016645
20.65 20.6 20.7 0.2482175598
20.75 20.7 20.8 0.2501574066
20.85 20.8 20.9 0.2404151137
20.95 20.9 21 0.2509991923
21.05 21 21.1 0.2387382361
21.15 21.1 21.2 0.2384150151
21.25 21.2 21.3 0.2473528571
21.35 21.3 21.4 0.254806301
21.45 21.4 21.5 0.2594801357
21.55 21.5 21.6 0.2280541895
21.65 21.6 21.7 0.2305654881
21.75 21.7 21.8 0.2287825064
21.85 21.8 21.9 0.2231381094
21.95 21.9 22 0.2358225312
22.05 22 22.1 0.2226028244
22.15 22.1 22.2 0.2321291894
22.25 22.2 22.3 0.233649169
22.35 22.3 22.4 0.2093029288
22.45 22.4 22.5 0.2021029137
22.55 22.5 22.6 0.2138179212
22.65 22.6 22.7 0.2158120774
22.75 22.7 22.8 0.2143839041
22.85 22.8 22.9 0.2245309563
22.95 22.9 23 0.2124138511
23.05 23 23.1 0.2064264395
23.15 23.1 23.2 0.2020174677
23.25 23.2 23.3 0.2003784593
23.35 23.3 23.4 0.1955939612
23.45 23.4 23.5 0.195691579
23.55 23.5 23.6 0.193022412
23.65 23.6 23.7 0.2000113234
23.75 23.7 23.8 0.1932210616
23.85 23.8 23.9 0.1846116313
23.95 23.9 24 0.1737391531
24.05 24 24.1 0.1843594394
24.15 24.1 24.2 0.1779949689
24.25 24.2 24.3 0.1740276315
24.35 24.3 24.4 0.1815453668
24.45 24.4 24.5 0.1858965665
24.55 24.5 24.6 0.1681756287
24.65 24.6 24.7 0.1738683744
24.75 24.7 24.8 0.1596475579
24.85 24.8 24.9 0.1601594252
24.95 24.9 25 0.167930245
25.05 25 25.1 0.1659286503
25.15 25.1 25.2 0.1629670884
25.25 25.2 25.3 0.1614174539
25.35 25.3 25.4 0.1694619674
25.45 25.4 25.5 0.1519726583
25.55 25.5 25.6 0.1599245718
25.65 25.6 25.7 0.139550562
25.75 25.7 25.8 0.1610437217
25.85 25.8 25.9 0.1720871428
25.95 25.9 26 0.1543272988
26.05 26 26.1 0.1458204175
26.15 26.1 26.2 0.1454465936
26.25 26.2 26.3 0.1432248261
26.35 26.3 26.4 0.1509109901
26.45 26.4 26.5 0.1460590663
26.55 26.5 26.6 0.141788427
26.65 26.6 26.7 0.1512207603
26.75 26.7 26.8 0.1548939506
26.85 26.8 26.9 0.1351595185
26.95 26.9 27 0.1458413048
27.05 27 27.1 0.1432257945
27.15 27.1 27.2 0.1418981824
27.25 27.2 27.3 0.1349279451
27.35 27.3 27.4 0.1402513782
27.45 27.4 27.5 0.1275416968
27.55 27.5 27.6 0.1336079912
27.65 27.6 27.7 0.1321199043
27.75 27.7 27.8 0.1324625001
27.85 27.8 27.9 0.1159101577
27.95 27.9 28 0.1354469954
28.05 28 28.1 0.1303141039
28.15 28.1 28.2 0.1207367195
28.25 28.2 28.3 0.1196060491
28.35 28.3 28.4 0.1264328257
28.45 28.4 28.5 0.1207741518
28.55 28.5 28.6 0.1281955929
28.65 28.6 28.7 0.1155692063
28.75 28.7 28.8 0.118567517
28.85 28.8 28.9 0.1189918138
28.95 28.9 29 0.1169930252
29.05 29 29.1 0.1104693436
29.15 29.1 29.2 0.1165818666
29.25 29.2 29.3 0.1064063468
29.35 29.3 29.4 0.1185239755
29.45 29.4 29.5 0.1073374498
29.55 29.5 29.6 0.1119920799
29.65 29.6 29.7 0.1190482356
29.75 29.7 29.8 0.09339174008
29.85 29.8 29.9 0.1147816372
29.95 29.9 30 0.1157297265
30.05 30 30.1 0.1132330912
30.15 30.1 30.2 0.110079364
30.25 30.2 30.3 0.1073992814
30.35 30.3 30.4 0.117621615
30.45 30.4 30.5 0.09957871085
30.55 30.5 30.6 0.08614358872
30.65 30.6 30.7 0.1097804155
30.75 30.7 30.8 0.1079976964
30.85 30.8 30.9 0.1082150078
30.95 30.9 31 0.0997142312
31.05 31 31.1 0.1094459816
31.15 31.1 31.2 0.1051574774
31.25 31.2 31.3 0.100433546
31.35 31.3 31.4 0.09005561391
31.45 31.4 31.5 0.09301333885
31.55 31.5 31.6 0.1008989962
31.65 31.6 31.7 0.09706085278
31.75 31.7 31.8 0.08643931666
31.85 31.8 31.9 0.09149434533
31.95 31.9 32 0.08512463365
32.05 32 32.1 0.09260048944
32.15 32.1 32.2 0.09701824296
32.25 32.2 32.3 0.09186671904
32.35 32.3 32.4 0.0931785695
32.45 32.4 32.5 0.06698175393
32.55 32.5 32.6 0.09567048121
32.65 32.6 32.7 0.08375895185
32.75 32.7 32.8 0.08695319424
32.85 32.8 32.9 0.0986260354
32.95 32.9 33 0.08642152195
33.05 33 33.1 0.09180870747
33.15 33.1 33.2 0.08049284581
33.25 33.2 33.3 0.08214807959
33.35 33.3 33.4 0.1024781403
33.45 33.4 33.5 0.07959862889
33.55 33.5 33.6 0.0919573003
33.65 33.6 33.7 0.07372263014
33.75 33.7 33.8 0.08568888013
33.85 33.8 33.9 0.0867118351
33.95 33.9 34 0.07577998174
34.05 34 34.1 0.0744201339
34.15 34.1 34.2 0.06458017754
34.25 34.2 34.3 0.08683544224
34.35 34.3 34.4 0.07985783098
34.45 34.4 34.5 0.07525820743
34.55 34.5 34.6 0.07260529279
34.65 34.6 34.7 0.07443874202
34.75 34.7 34.8 0.07910424783
34.85 34.8 34.9 0.08260242071
34.95 34.9 35 0.07126111486
35.05 35 35.1 0.0736777197
35.15 35.1 35.2 0.08032621119
35.25 35.2 35.3 0.0694073061
35.35 35.3 35.4 0.06791877914
35.45 35.4 35.5 0.06716810378
35.55 35.5 35.6 0.0783507524
35.65 35.6 35.7 0.07633014999
35.75 35.7 35.8 0.06259518402
35.85 35.8 35.9 0.06520175556
35.95 35.9 36 0.068948714
36.05 36 36.1 0.06811996158
36.15 36.1 36.2 0.06919363695
36.25 36.2 36.3 0.0648473415
36.35 36.3 36.4 0.06636621633
36.45 36.4 36.5 0.06701888721
36.55 36.5 36.6 0.06205442485
36.65 36.6 36.7 0.05718515332
36.75 36.7 36.8 0.05738803572
36.85 36.8 36.9 0.06340357774
36.95 36.9 37 0.06391933584
37.05 37 37.1 0.0661505272
37.15 37.1 37.2 0.05716132516
37.25 37.2 37.3 0.06031390152
37.35 37.3 37.4 0.05844532028
37.45 37.4 37.5 0.0573270834
37.55 37.5 37.6 0.04933294368
37.65 37.6 37.7 0.05441139897
37.75 37.7 37.8 0.0611445007
37.85 37.8 37.9 0.05296389351
37.95 37.9 38 0.0550580757
38.05 38 38.1 0.0607995329
38.15 38.1 38.2 0.0523284298
38.25 38.2 38.3 0.0586741497
38.35 38.3 38.4 0.05953841387
38.45 38.4 38.5 0.05942022334
38.55 38.5 38.6 0.06373228691
38.65 38.6 38.7 0.06026120493
38.75 38.7 38.8 0.04860464319
38.85 38.8 38.9 0.05124979302
38.95 38.9 39 0.05609962637
39.05 39 39.1 0.04370203932
39.15 39.1 39.2 0.04933052215
39.25 39.2 39.3 0.04848721774
39.35 39.3 39.4 0.04823322167
39.45 39.4 39.5 0.04688997787
39.55 39.5 39.6 0.05492768944
39.65 39.6 39.7 0.04596603646
39.75 39.7 39.8 0.04912968491
39.85 39.8 39.9 0.05498527588
39.95 39.9 40 0.0446418451
40.05 40 40.1 0.04281280293
40.15 40.1 40.2 0.04816871633
40.25 40.2 40.3 0.04995835039
40.35 40.3 40.4 0.0468887391
40.45 40.4 40.5 0.04961791561
40.55 40.5 40.6 0.04207155682
40.65 40.6 40.7 0.03609302448
40.75 40.7 40.8 0.04999688519
40.85 40.8 40.9 0.05857973713
40.95 40.9 41 0.04258918558
41.05 41 41.1 0.03813317343
41.15 41.1 41.2 0.0474413108
41.25 41.2 41.3 0.04869664319
41.35 41.3 41.4 0.04647378381
41.45 41.4 41.5 0.04465613119
41.55 41.5 41.6 0.03540846849
41.65 41.6 41.7 0.05625605407
41.75 41.7 41.8 0.04528096394
41.85 41.8 41.9 0.04766272382
41.95 41.9 42 0.0535941272
42.05 42 42.1 0.04984575553
42.15 42.1 42.2 0.04511758474
42.25 42.2 42.3 0.03684860333
42.35 42.3 42.4 0.04426060645
42.45 42.4 42.5 0.04557135906
42.55 42.5 42.6 0.04909347938
42.65 42.6 42.7 0.04685682604
42.75 42.7 42.8 0.04264381806
42.85 42.8 42.9 0.04450222348
42.95 42.9 43 0.03941371536
43.05 43 43.1 0.04303260475
43.15 43.1 43.2 0.03929174694
43.25 43.2 43.3 0.03786453268
43.35 43.3 43.4 0.03210502906
43.45 43.4 43.5 0.04343644982
43.55 43.5 43.6 0.04287038541
43.65 43.6 43.7 0.03717522076
43.75 43.7 43.8 0.03555683305
43.85 43.8 43.9 0.03249804578
43.95 43.9 44 0.03328113513
44.05 44 44.1 0.03913061691
44.15 44.1 44.2 0.03292685264
44.25 44.2 44.3 0.05066285633
44.35 44.3 44.4 0.0268736718
44.45 44.4 44.5 0.03646680004
44.55 44.5 44.6 0.04140912801
44.65 44.6 44.7 0.03932982865
44.75 44.7 44.8 0.02954349812
44.85 44.8 44.9 0.04131378625
44.95 44.9 45 0.04253879312
45.05 45 45.1 0.04150502637
45.15 45.1 45.2 0.03001535344
45.25 45.2 45.3 0.03162958187
45.35 45.3 45.4 0.0356880509
45.45 45.4 45.5 0.03290105879
45.55 45.5 45.6 0.03100078888
45.65 45.6 45.7 0.03169478356
45.75 45.7 45.8 0.03757812471
45.85 45.8 45.9 0.03285340941
45.95 45.9 46 0.03244753122
46.05 46 46.1 0.03826937314
46.15 46.1 46.2 0.0306724482
46.25 46.2 46.3 0.03980811151
46.35 46.3 46.4 0.02993664017
46.45 46.4 46.5 0.03486910034
46.55 46.5 46.6 0.02976915583
46.65 46.6 46.7 0.02564363366
46.75 46.7 46.8 0.03543881495
46.85 46.8 46.9 0.02013606051
46.95 46.9 47 0.02216586999
47.05 47 47.1 0.02830687971
47.15 47.1 47.2 0.01906904629
47.25 47.2 47.3 0.02798965114
47.35 47.3 47.4 0.03608237078
47.45 47.4 47.5 0.03921030422
47.55 47.5 47.6 0.02538410572
47.65 47.6 47.7 0.02846776896
47.75 47.7 47.8 0.0228435338
47.85 47.8 47.9 0.03048057066
47.95 47.9 48 0.02931274909
48.05 48 48.1 0.04039419907
48.15 48.1 48.2 0.02218387775
48.25 48.2 48.3 0.02830231654
48.35 48.3 48.4 0.02985216124
48.45 48.4 48.5 0.02677296208
48.55 48.5 48.6 0.03030750011
48.65 48.6 48.7 0.0231952559
48.75 48.7 48.8 0.03031553735
48.85 48.8 48.9 0.02488969935
48.95 48.9 49 0.03193930697
49.05 49 49.1 0.02198917855
49.15 49.1 49.2 0.02801593153
49.25 49.2 49.3 0.02625456038
49.35 49.3 49.4 0.02233269081
49.45 49.4 49.5 0.0293536234
49.55 49.5 49.6 0.02364517424
49.65 49.6 49.7 0.02342286146
49.75 49.7 49.8 0.0279607088
49.85 49.8 49.9 0.02701900599
49.95 49.9 50 0.03018617238
50.05 50 50.1 0.03162317273
50.15 50.1 50.2 0.02162064665
50.25 50.2 50.3 0.02137001946
50.35 50.3 50.4 0.02846421799
50.45 50.4 50.5 0.02438266538
50.55 50.5 50.6 0.02528315624
50.65 50.6 50.7 0.02072298989
50.75 50.7 50.8 0.02444232797
50.85 50.8 50.9 0.02042565367
50.95 50.9 51 0.02882176809
51.05 51 51.1 0.02304792327
51.15 51.1 51.2 0.020552014
51.25 51.2 51.3 0.02176585976
51.35 51.3 51.4 0.01186092862
51.45 51.4 51.5 0.02033110429
51.55 51.5 51.6 0.02443084247
51.65 51.6 51.7 0.01594732654
51.75 51.7 51.8 0.0180768177
51.85 51.8 51.9 0.02607800162
51.95 51.9 52 0.01715520832
52.05 52 52.1 0.02825164021
52.15 52.1 52.2 0.02017575457
52.25 52.2 52.3 0.02643287831
52.35 52.3 52.4 0.01391755263
52.45 52.4 52.5 0.01977243987
52.55 52.5 52.6 0.02723942077
52.65 52.6 52.7 0.02141004951
52.75 52.7 52.8 0.02372159919
52.85 52.8 52.9 0.02359888165
52.95 52.9 53 0.01617655563
53.05 53 53.1 0.02371054247
53.15 53.1 53.2 0.0174131312
53.25 53.2 53.3 0.02476134738
53.35 53.3 53.4 0.02305116538
53.45 53.4 53.5 0.0226088183
53.55 53.5 53.6 0.01787628197
53.65 53.6 53.7 0.01938962782
53.75 53.7 53.8 0.02158640328
53.85 53.8 53.9 0.01434397465
53.95 53.9 54 0.01456878423
54.05 54 54.1 0.01962861195
54.15 54.1 54.2 0.01111926154
54.25 54.2 54.3 0.0222046482
54.35 54.3 54.4 0.01363124421
54.45 54.4 54.5 0.01654472488
54.55 54.5 54.6 0.02583378721
54.65 54.6 54.7 0.01702216954
54.75 54.7 54.8 0.02268789807
54.85 54.8 54.9 0.01949064278
54.95 54.9 55 0.02087011867
55.05 55 55.1 0.01621532084
55.15 55.1 55.2 0.01215077663
55.25 55.2 55.3 0.02479794183
55.35 55.3 55.4 0.02404277168
55.45 55.4 55.5 0.01813519418
55.55 55.5 55.6 0.01834616607
55.65 55.6 55.7 0.01495952022
55.75 55.7 55.8 0.01711491066
55.85 55.8 55.9 0.01718319097
55.95 55.9 56 0.02041010371
56.05 56 56.1 0.01964691279
56.15 56.1 56.2 0.02672333019
56.25 56.2 56.3 0.0171136074
56.35 56.3 56.4 0.02794311931
56.45 56.4 56.5 0.02037814343
56.55 56.5 56.6 0.02417138391
56.65 56.6 56.7 0.01416304591
56.75 56.7 56.8 0.01921693157
56.85 56.8 56.9 0.01403599529
56.95 56.9 57 0.02185368828
57.05 57 57.1 0.02405420817
57.15 57.1 57.2 0.01907495027
57.25 57.2 57.3 0.01928148661
57.35 57.3 57.4 0.01921451906
57.45 57.4 57.5 0.01909760143
57.55 57.5 57.6 0.01610988757
57.65 57.6 57.7 0.01438937232
57.75 57.7 57.8 0.01855689827
57.85 57.8 57.9 0.009676475732
57.95 57.9 58 0.01678356602
58.05 58 58.1 0.01308415716
58.15 58.1 58.2 0.01785493376
58.25 58.2 58.3 0.01416972529
58.35 58.3 58.4 0.01234365054
58.45 58.4 58.5 0.01526417821
58.55 58.5 58.6 0.01296842458
58.65 58.6 58.7 0.01750429274
58.75 58.7 58.8 0.01611320742
58.85 58.8 58.9 0.02629524291
58.95 58.9 59 0.01364419272
59.05 59 59.1 0.01304245492
59.15 59.1 59.2 0.01743008801
59.25 59.2 59.3 0.006411808821
59.35 59.3 59.4 0.01334003203
59.45 59.4 59.5 0.0188042044
59.55 59.5 59.6 0.01961394286
59.65 59.6 59.7 0.01886221489
59.75 59.7 59.8 0.005815121534
59.85 59.8 59.9 0.0169417177
59.95 59.9 60 0.01986179592
60.05 60 60.1 0.01635742737
60.15 60.1 60.2 0.01127913516
60.25 60.2 60.3 0.01030764588
60.35 60.3 60.4 0.01271368214
60.45 60.4 60.5 0.02013379457
60.55 60.5 60.6 0.02038192717
60.65 60.6 60.7 0.01537804919
60.75 60.7 60.8 0.007052462349
60.85 60.8 60.9 0.01212074208
60.95 60.9 61 0.01009739816
61.05 61 61.1 0.01266175559
61.15 61.1 61.2 0.0167696525
61.25 61.2 61.3 0.01204094172
61.35 61.3 61.4 0.01350308293
61.45 61.4 61.5 0.01770031262
61.55 61.5 61.6 0.007984291562
61.65 61.6 61.7 0.009260211208
61.75 61.7 61.8 0.01467545564
61.85 61.8 61.9 0.01654912717
61.95 61.9 62 0.0183304527
62.05 62 62.1 0.008292656237
62.15 62.1 62.2 0.01975159881
62.25 62.2 62.3 0.009918796784
62.35 62.3 62.4 0.01286405771
62.45 62.4 62.5 0.01946924651
62.55 62.5 62.6 0.0153323874
62.65 62.6 62.7 0.003581868653
62.75 62.7 62.8 0.0147104
62.85 62.8 62.9 0.008445656696
62.95 62.9 63 0.01689779239
63.05 63 63.1 0.01081087406
63.15 63.1 63.2 0.01173677814
63.25 63.2 63.3 0.01230154971
63.35 63.3 63.4 0.02368871049
63.45 63.4 63.5 0.004733563115
63.55 63.5 63.6 0.009911494281
63.65 63.6 63.7 0.01520133283
63.75 63.7 63.8 0.001887579388
63.85 63.8 63.9 0.01184519879
63.95 63.9 64 0.008598898421
64.05 64 64.1 0.007411459539
64.15 64.1 64.2 0.007867226012
64.25 64.2 64.3 0.008814553332
64.35 64.3 64.4 0.01077150265
64.45 64.4 64.5 0.003746114163
64.55 64.5 64.6 0.01167397205
64.65 64.6 64.7 0.009249529675
64.75 64.7 64.8 0.007029629402
64.85 64.8 64.9 0.01215711013
64.95 64.9 65 0.01027001196
65.05 65 65.1 0.01061125307
65.15 65.1 65.2 0.007818751298
65.25 65.2 65.3 0.0154858758
65.35 65.3 65.4 0.01134462056
65.45 65.4 65.5 0.009941910047
65.55 65.5 65.6 0.01064005033
65.65 65.6 65.7 0.00674539417
65.75 65.7 65.8 0.008484838993
65.85 65.8 65.9 0.004426582933
65.95 65.9 66 0.01488357016
66.05 66 66.1 0.006278393327
66.15 66.1 66.2 0.01153691206
66.25 66.2 66.3 0.003901672269
66.35 66.3 66.4 0.008780423126
66.45 66.4 66.5 0.006448345599
66.55 66.5 66.6 0.006444856065
66.65 66.6 66.7 0.01487258746
66.75 66.7 66.8 0.01284400871
66.85 66.8 66.9 0.01119861259
66.95 66.9 67 0.01422254521
67.05 67 67.1 0.00951616077
67.15 67.1 67.2 0.01085261605
67.25 67.2 67.3 0.008965593687
67.35 67.3 67.4 0.003329948008
67.45 67.4 67.5 0.01106255958
67.55 67.5 67.6 0.01143503708
67.65 67.6 67.7 0.01199584131
67.75 67.7 67.8 0.009210066993
67.85 67.8 67.9 0.004196337467
67.95 67.9 68 0.00881980374
68.05 68 68.1 0.01264832843
68.15 68.1 68.2 0.001863072836
68.25 68.2 68.3 0.00666672495
68.35 68.3 68.4 0.01133754456
68.45 68.4 68.5 0.008070747236
68.55 68.5 68.6 0.01095814192
68.65 68.6 68.7 0.0102168042
68.75 68.7 68.8 0.01021262797
68.85 68.8 68.9 0.0110367894
68.95 68.9 69 0.00910857689
69.05 69 69.1 0.01038391074
69.15 69.1 69.2 0.008797619379
69.25 69.2 69.3 0.0006701390497
69.35 69.3 69.4 0.002569702346
69.45 69.4 69.5 0.007217181062
69.55 69.5 69.6 0.008245774771
69.65 69.6 69.7 0.008246973641
69.75 69.7 69.8 0.001992584172
69.85 69.8 69.9 0.007989930148
69.95 69.9 70 0.0119445388
70.05 70 70.1 0.003066668793
70.15 70.1 70.2 0.005658103036
70.25 70.2 70.3 0.006232587945
70.35 70.3 70.4 0.005555361649
70.45 70.4 70.5 0.006557835015
70.55 70.5 70.6 0.004449817811
70.65 70.6 70.7 0.005308254961
70.75 70.7 70.8 0.006119515181
70.85 70.8 70.9 0.005282423868
70.95 70.9 71 -0.002749511947
71.05 71 71.1 0.004235704473
71.15 71.1 71.2 -0.0004539632498
71.25 71.2 71.3 0.003681571927
71.35 71.3 71.4 0.0111001063
71.45 71.4 71.5 0.003271676899
71.55 71.5 71.6 0.008570338579
71.65 71.6 71.7 0.004994682994
71.75 71.7 71.8 0.002100867526
71.85 71.8 71.9 0.006281023211
71.95 71.9 72 0.01024139759
72.05 72 72.1 0.007280977584
72.15 72.1 72.2 0.004723508952
72.25 72.2 72.3 0.003249225261
72.35 72.3 72.4 0.002740476397
72.45 72.4 72.5 0.002729251207
72.55 72.5 72.6 0.004530739358
72.65 72.6 72.7 0.001131691459
72.75 72.7 72.8 0.002126269015
72.85 72.8 72.9 0.006061202116
72.95 72.9 73 0.0008930615362
73.05 73 73.1 0.00228019157
73.15 73.1 73.2 0.005049731863
73.25 73.2 73.3 0.002332885165
73.35 73.3 73.4 0.002760680069
73.45 73.4 73.5 0.001929172756
73.55 73.5 73.6 0.008060571477
73.65 73.6 73.7 0.008553276357
73.75 73.7 73.8 0.0005823596064
73.85 73.8 73.9 0.003174043552
73.95 73.9 74 0.005298219029
74.05 74 74.1 0.003222652216
74.15 74.1 74.2 0.00219221047
74.25 74.2 74.3 0.007815158807
74.35 74.3 74.4 0.004335010427
74.45 74.4 74.5 0.003273076411
74.55 74.5 74.6 0.004465364492
74.65 74.6 74.7 0.00601460954
74.75 74.7 74.8 0.004132780341
74.85 74.8 74.9 0.001614976508
74.95 74.9 75 -0.0007091387761
75.05 75 75.1 0.004589435066
75.15 75.1 75.2 0.005608595725
75.25 75.2 75.3 0.00506735307
75.35 75.3 75.4 0.001999983847
75.45 75.4 75.5 0.008415407154
75.55 75.5 75.6 -0.001065728469
75.65 75.6 75.7 0.00575082916
75.75 75.7 75.8 0.006254892438
75.85 75.8 75.9 0.004690544819
75.95 75.9 76 0.00132223075
76.05 76 76.1 0.002056709124
76.15 76.1 76.2 0.004801648769
76.25 76.2 76.3 0.007897317682
76.35 76.3 76.4 0.005301378279
76.45 76.4 76.5 0.0050048505
76.55 76.5 76.6 0.006162996366
76.65 76.6 76.7 0.004803247972
76.75 76.7 76.8 0.001249385886
76.85 76.8 76.9 0.009537262734
76.95 76.9 77 -0.002588105608
77.05 77 77.1 0.007755175671
77.15 77.1 77.2 0.00528783413
77.25 77.2 77.3 0.0004600759849
77.35 77.3 77.4 -0.0002493172326
77.45 77.4 77.5 0.00460135171
77.55 77.5 77.6 0.006652747173
77.65 77.6 77.7 0.001831194969
77.75 77.7 77.8 0.00303762367
77.85 77.8 77.9 0.002146899615
77.95 77.9 78 0.0009234506232
78.05 78 78.1 -0.001194051251
78.15 78.1 78.2 0.004121741054
78.25 78.2 78.3 0.001805950739
78.35 78.3 78.4 0.004341472447
78.45 78.4 78.5 0.005186615645
78.55 78.5 78.6 0.0006714764397
78.65 78.6 78.7 0.0008321354544
78.75 78.7 78.8 0.000632309678
78.85 78.8 78.9 0.001171140326
78.95 78.9 79 -0.0002869301199
79.05 79 79.1 -0.004002416504
79.15 79.1 79.2 0.0002983859922
79.25 79.2 79.3 0.005459695025
79.35 79.3 79.4 -0.0007802456741
79.45 79.4 79.5 0.000676320064
79.55 79.5 79.6 0.0003999228421
79.65 79.6 79.7 0.003960959104
79.75 79.7 79.8 -0.003635572099
79.85 79.8 79.9 -0.001778046427
79.95 79.9 80 0.003853000654
80.05 80 80.1 -0.002358094353
80.15 80.1 80.2 -0.0007314812459
80.25 80.2 80.3 0.006058233273
80.35 80.3 80.4 -0.00173551258
80.45 80.4 80.5 0.003036036657
80.55 80.5 80.6 0.005821587616
80.65 80.6 80.7 0.001896064134
80.75 80.7 80.8 0.004814198377
80.85 80.8 80.9 0.006799307225
80.95 80.9 81 0.001737889103
81.05 81 81.1 0.004301986207
81.15 81.1 81.2 -0.001423822393
81.25 81.2 81.3 -0.001887531237
81.35 81.3 81.4 0.00315179947
81.45 81.4 81.5 0.004024305639
81.55 81.5 81.6 0.0007837789193
81.65 81.6 81.7 0.004795841304
81.75 81.7 81.8 0.0005996959688
81.85 81.8 81.9 0.003404347865
81.95 81.9 82 0.001276421082
82.05 82 82.1 0.002588930828
82.15 82.1 82.2 0.003767290689
82.25 82.2 82.3 -0.00168492357
82.35 82.3 82.4 5.798779586e-05
82.45 82.4 82.5 -0.002620518458
82.55 82.5 82.6 -0.00109993916
82.65 82.6 82.7 0.004280123092
82.75 82.7 82.8 0.00252969393
82.85 82.8 82.9 -0.003788852302
82.95 82.9 83 0.001397215477
83.05 83 83.1 -0.0005659043349
83.15 83.1 83.2 -0.0009879800306
83.25 83.2 83.3 -0.002351124143
83.35 83.3 83.4 -0.0009131915538
83.45 83.4 83.5 0.004103972758
83.55 83.5 83.6 0.006801386103
83.65 83.6 83.7 0.002194439296
83.75 83.7 83.8 0.001789317852
83.85 83.8 83.9 0.003725109
83.95 83.9 84 0.001809348248
84.05 84 84.1 -0.002189408108
84.15 84.1 84.2 -0.0009114699305
84.25 84.2 84.3 -0.001483381813
84.35 84.3 84.4 0.0009709617959
84.45 84.4 84.5 0.003925037597
84.55 84.5 84.6 -0.00129703171
84.65 84.6 84.7 0.001175086044
84.75 84.7 84.8 -0.001286422791
84.85 84.8 84.9 0.002341967498
84.95 84.9 85 0.001513606519
85.05 85 85.1 -0.0004340593689
85.15 85.1 85.2 4.671258749e-05
85.25 85.2 85.3 0.0003599470753
85.35 85.3 85.4 0.001494524173
85.45 85.4 85.5 -0.0002164933841
85.55 85.5 85.6 0.001622154508
85.65 85.6 85.7 -0.00249335491
85.75 85.7 85.8 0.000984828556
85.85 85.8 85.9 0.004556100553
85.95 85.9 86 0.003905464198
86.05 86 86.1 -0.0007840172005
86.15 86.1 86.2 -0.001517169246
86.25 86.2 86.3 0.002805436692
86.35 86.3 86.4 0.00330548493
86.45 86.4 86.5 0.003545807845
86.55 86.5 86.6 0.007093668356
86.65 86.6 86.7 -0.002495296147
86.75 86.7 86.8 0.0006023440885
86.85 86.8 86.9 -0.001295765843
86.95 86.9 87 0.003767679019
87.05 87 87.1 0.0002125140662
87.15 87.1 87.2 0.001739835686
87.25 87.2 87.3 0.006168519152
87.35 87.3 87.4 0.003027160356
87.45 87.4 87.5 0.001925171193
87.55 87.5 87.6 0.002368867064
87.65 87.6 87.7 0.003534672306
87.75 87.7 87.8 -0.003014067039
87.85 87.8 87.9 0.003546498101
87.95 87.9 88 0.00423407633
88.05 88 88.1 0.001548050605
88.15 88.1 88.2 0.004279045555
88.25 88.2 88.3 0.0001579889942
88.35 88.3 88.4 0.003218164577
88.45 88.4 88.5 0.001002870373
88.55 88.5 88.6 -0.001895895471
88.65 88.6 88.7 0.00312758007
88.75 88.7 88.8 0.001771458886
88.85 88.8 88.9 0.005961580036
88.95 88.9 89 0.002431129682
89.05 89 89.1 0.0003676907196
89.15 89.1 89.2 -0.0007654899723
89.25 89.2 89.3 0.0006122773612
89.35 89.3 89.4 0.001523373648
89.45 89.4 89.5 0.006355254095
89.55 89.5 89.6 0.003276975282
89.65 89.6 89.7 -0.0002421780156
89.75 89.7 89.8 0.0005586961087
89.85 89.8 89.9 0.0006293086475
89.95 89.9 90 -0.002076051755
90.05 90 90.1 0.00380403402
90.15 90.1 90.2 0.004683541519
90.25 90.2 90.3 -0.002582762081
90.35 90.3 90.4 -0.00103937911
90.45 90.4 90.5 -0.0006324933107
90.55 90.5 90.6 -0.0007359259026
90.65 90.6 90.7 0.0007694221454
90.75 90.7 90.8 0.004275928808
90.85 90.8 90.9 -0.0004249709208
90.95 90.9 91 -0.0005359026446
91.05 91 91.1 -0.002559676952
91.15 91.1 91.2 -0.002990956735
91.25 91.2 91.3 0.001268968754
91.35 91.3 91.4 -2.654655518e-05
91.45 91.4 91.5 -0.003637089071
91.55 91.5 91.6 0.002013033818
91.65 91.6 91.7 -0.0001642142178
91.75 91.7 91.8 -0.0005193178158
91.85 91.8 91.9 0.001112844623
91.95 91.9 92 0.000805969247
92.05 92 92.1 0.002361497054
92.15 92.1 92.2 -0.0002034266939
92.25 92.2 92.3 0.0003610924969
92.35 92.3 92.4 0.0006073236947
92.45 92.4 92.5 0.002786465695
92.55 92.5 92.6 -0.0007365451098
92.65 92.6 92.7 -8.439624185e-05
92.75 92.7 92.8 0.003082141139
92.85 92.8 92.9 0.005048331687
92.95 92.9 93 -0.001540236818
93.05 93 93.1 0.003366784737
93.15 93.1 93.2 -0.0004510717143
93.25 93.2 93.3 0.003214376071
93.35 93.3 93.4 0.0004540822098
93.45 93.4 93.5 0.002975243512
93.55 93.5 93.6 -0.000739353856
93.65 93.6 93.7 0.003640674554
93.75 93.7 93.8 0.006140550501
93.85 93.8 93.9 0.004087241946
93.95 93.9 94 -0.0007178487354
94.05 94 94.1 0.001773975586
94.15 94.1 94.2 -0.002798368664
94.25 94.2 94.3 0.002001198161
94.35 94.3 94.4 -0.0009768111446
94.45 94.4 94.5 0.0005537159646
94.55 94.5 94.6 0.002508444624
94.65 94.6 94.7 0.001546204965
94.75 94.7 94.8 0.003415765789
94.85 94.8 94.9 -0.001054579813
94.95 94.9 95 0.0031062952
95.05 95 95.1 0.0002445555355
95.15 95.1 95.2 0.001238332179
95.25 95.2 95.3 0.0001201178736
95.35 95.3 95.4 -0.0003323026067
95.45 95.4 95.5 0.001673160206
95.55 95.5 95.6 -0.0007635809815
95.65 95.6 95.7 0.001329043735
95.75 95.7 95.8 -0.0003714340701
95.85 95.8 95.9 -0.00125152358
95.95 95.9 96 -0.0004412695677
96.05 96 96.1 0.003989774351
96.15 96.1 96.2 0.001417732132
96.25 96.2 96.3 0.0009722775215
96.35 96.3 96.4 -0.0007860010878
96.45 96.4 96.5 0.001061929712
96.55 96.5 96.6 0.004841007332
96.65 96.6 96.7 0.004697664241
96.75 96.7 96.8 0.001803206347
96.85 96.8 96.9 -0.002020310671
96.95 96.9 97 0.004621932335
97.05 97 97.1 0.003168505795
97.15 97.1 97.2 0.0006808551874
97.25 97.2 97.3 0.001037484367
97.35 97.3 97.4 0.005974330017
97.45 97.4 97.5 -0.001631964657
97.55 97.5 97.6 -0.0008714790962
97.65 97.6 97.7 -0.0003549315818
97.75 97.7 97.8 0.001556838566
97.85 97.8 97.9 0.001823088126
97.95 97.9 98 0.00467756221
98.05 98 98.1 -0.0003591862809
98.15 98.1 98.2 -0.0008766063104
98.25 98.2 98.3 0.0003373504897
98.35 98.3 98.4 0.0003071180395
98.45 98.4 98.5 -0.0005823313396
98.55 98.5 98.6 0.004110072858
98.65 98.6 98.7 -4.213100777e-05
98.75 98.7 98.8 0.001989470575
98.85 98.8 98.9 0.003532752543
98.95 98.9 99 0.0002403429224
99.05 99 99.1 0.006781288771
99.15 99.1 99.2 0.0003438281854
99.25 99.2 99.3 0.0001566307399
99.35 99.3 99.4 0.008324498175
99.45 99.4 99.5 0.002554687223
99.55 99.5 99.6 0.00257286743
99.65 99.6 99.7 0.004293562657
99.75 99.7 99.8 0.004050574822
99.85 99.8 99.9 -0.001376501088
99.95 99.9 100 0.002241770905
100.05 100 100.1 0.003963789734
100.15 100.1 100.2 -0.0002898967686
100.25 100.2 100.3 -0.0009608508149
100.35 100.3 100.4 0.00149811029
100.45 100.4 100.5 0.001579484692
100.55 100.5 100.6 0.002851637008
100.65 100.6 100.7 -0.0002954010176
100.75 100.7 100.8 -0.001718217003
100.85 100.8 100.9 0.0007403224067
100.95 100.9 101 0.001485466858
101.05 101 101.1 0.00354783105
101.15 101.1 101.2 -0.0003372577541
101.25 101.2 101.3 0.004108589615
101.35 101.3 101.4 0.002800917202
101.45 101.4 101.5 0.001787495739
101.55 101.5 101.6 0.003036352919
101.65 101.6 101.7 0.001438613909
101.75 101.7 101.8 0.002945379599
101.85 101.8 101.9 0.007015340578
101.95 101.9 102 0.005576923006
102.05 102 102.1 0.005807016087
102.15 102.1 102.2 0.0006150823247
102.25 102.2 102.3 0.003655331198
102.35 102.3 102.4 0.005312620192
102.45 102.4 102.5 0.005204914075
102.55 102.5 102.6 0.001943421438
102.65 102.6 102.7 0.004814173248
102.75 102.7 102.8 0.00731274145
102.85 102.8 102.9 0.001674862137
102.95 102.9 103 0.005846446603
103.05 103 103.1 0.005644424296
103.15 103.1 103.2 0.003164528698
103.25 103.2 103.3 0.003629935514
103.35 103.3 103.4 0.002027362778
103.45 103.4 103.5 -0.001104414455
103.55 103.5 103.6 0.00831953939
103.65 103.6 103.7 -0.001605234534
103.75 103.7 103.8 0.0008187224283
103.85 103.8 103.9 0.003610487085
103.95 103.9 104 0.004303015755
104.05 104 104.1 0.002473333214
104.15 104.1 104.2 -0.001077765797
104.25 104.2 104.3 0.006747367149
104.35 104.3 104.4 -0.0003668717618
104.45 104.4 104.5 -0.000114563411
104.55 104.5 104.6 0.0005959006249
104.65 104.6 104.7 0.0001323717478
104.75 104.7 104.8 0.0004644610365
104.85 104.8 104.9 0.00155537621
104.95 104.9 105 0.002473480563
105.05 105 105.1 0.003403818365
105.15 105.1 105.2 0.003876233108
105.25 105.2 105.3 -0.0004787174886
105.35 105.3 105.4 0.003282234731
105.45 105.4 105.5 0.0006146928135
105.55 105.5 105.6 0.001698947944
105.65 105.6 105.7 0.001799264121
105.75 105.7 105.8 0.003163931772
105.85 105.8 105.9 0.002666704738
105.95 105.9 106 -0.0005593466218
106.05 106 106.1 -0.002540390836
106.15 106.1 106.2 0.0002984165724
106.25 106.2 106.3 0.002246612717
106.35 106.3 106.4 0.002860242624
106.45 106.4 106.5 0.003085948786
106.55 106.5 106.6 0.002105779708
106.65 106.6 106.7 0.004438931062
106.75 106.7 106.8 0.001483763569
106.85 106.8 106.9 -0.0001572691343
106.95 106.9 107 0.0001194751098
107.05 107 107.1 0.002382254269
107.15 107.1 107.2 0.005153668525
107.25 107.2 107.3 0.003146957127
107.35 107.3 107.4 0.001826327726
107.45 107.4 107.5 0.0005544369063
107.55 107.5 107.6 0.003833373984
107.65 107.6 107.7 0.002407401938
107.75 107.7 107.8 0.002583821357
107.85 107.8 107.9 -0.0008421412968
107.95 107.9 108 0.004657268507
108.05 108 108.1 0.001495466075
108.15 108.1 108.2 0.004337779486
108.25 108.2 108.3 0.004440080129
108.35 108.3 108.4 -0.004241683233
108.45 108.4 108.5 -0.0005205622216
108.55 108.5 108.6 0.004518892704
108.65 108.6 108.7 0.004769241062
108.75 108.7 108.8 0.005201932476
108.85 108.8 108.9 0.002062121806
108.95 108.9 109 0.000998922273
109.05 109 109.1 0.002522833852
109.15 109.1 109.2 0.001950881648
109.25 109.2 109.3 0.0008716769341
109.35 109.3 109.4 0.002134680001
109.45 109.4 109.5 0.00200175406
109.55 109.5 109.6 0.005952180451
109.65 109.6 109.7 0.001922272942
109.75 109.7 109.8 0.003001063851
109.85 109.8 109.9 0.004024366977
109.95 109.9 110 0.003072317422
110.05 110 110.1 0.0004345775082
110.15 110.1 110.2 0.002859836695
110.25 110.2 110.3 0.003624819436
110.35 110.3 110.4 0.004912761406
110.45 110.4 110.5 0.003319653997
110.55 110.5 110.6 0.003013470781
110.65 110.6 110.7 0.002327293338
110.75 110.7 110.8 0.002513245862
110.85 110.8 110.9 0.004097750066
110.95 110.9 111 0.002122032486
111.05 111 111.1 0.004227328061
111.15 111.1 111.2 0.004282616277
111.25 111.2 111.3 0.002747079508
111.35 111.3 111.4 0.0005504966145
111.45 111.4 111.5 0.0009124017247
111.55 111.5 111.6 0.00489553503
111.65 111.6 111.7 0.0009973428804
111.75 111.7 111.8 0.004226833547
111.85 111.8 111.9 0.003558185751
111.95 111.9 112 0.001958547451
112.05 112 112.1 0.002081272421
112.15 112.1 112.2 0.001635867968
112.25 112.2 112.3 0.003925930138
112.35 112.3 112.4 0.002300103697
112.45 112.4 112.5 0.000362199406
112.55 112.5 112.6 0.0003635637256
112.65 112.6 112.7 0.003002234088
112.75 112.7 112.8 0.002467315226
112.85 112.8 112.9 0.004258258321
112.95 112.9 113 0.001369396855
113.05 113 113.1 0.00238947975
113.15 113.1 113.2 0.001444002508
113.25 113.2 113.3 0.002768235023
113.35 113.3 113.4 -0.0005421706469
113.45 113.4 113.5 0.002946190436
113.55 113.5 113.6 0.003865464384
113.65 113.6 113.7 0.001167803293
113.75 113.7 113.8 0.00394187893
113.85 113.8 113.9 0.0006412163499
113.95 113.9 114 0.004122961351
114.05 114 114.1 0.002831921108
114.15 114.1 114.2 0.005122467306
114.25 114.2 114.3 0.003063569267
114.35 114.3 114.4 0.003285348162
114.45 114.4 114.5 0.002198353811
114.55 114.5 114.6 8.241814579e-05
114.65 114.6 114.7 -0.001161826821
114.75 114.7 114.8 -0.0008341965959
114.85 114.8 114.9 0.002386944002
114.95 114.9 115 0.00204506873
115.05 115 115.1 0.003548840439
115.15 115.1 115.2 0.00124694153
115.25 115.2 115.3 0.00053240027
115.35 115.3 115.4 0.003046654971
115.45 115.4 115.5 0.001389288096
115.55 115.5 115.6 -0.0003688612801
115.65 115.6 115.7 0.0004217266411
115.75 115.7 115.8 0.0009771839162
115.85 115.8 115.9 0.002346707668
115.95 115.9 116 0.001732332824
116.05 116 116.1 0.0008532970498
116.15 116.1 116.2 -0.001233357802
116.25 116.2 116.3 0.001042614075
116.35 116.3 116.4 0.001528194341
116.45 116.4 116.5 0.0008419842368
116.55 116.5 116.6 0.003342716573
116.65 116.6 116.7 0.00261667511
116.75 116.7 116.8 -0.002189823231
116.85 116.8 116.9 0.001915551191
116.95 116.9 117 0.0001854769243
117.05 117 117.1 0.0003853499378
117.15 117.1 117.2 -0.001217647112
117.25 117.2 117.3 0.001955860133
117.35 117.3 117.4 0.0001579451745
117.45 117.4 117.5 -0.001253982735
117.55 117.5 117.6 -0.001780474477
117.65 117.6 117.7 -0.002063288877
117.75 117.7 117.8 0.001372976062
117.85 117.8 117.9 -0.0005102732707
117.95 117.9 118 0.002288619491
118.05 118 118.1 0.0007277926629
118.15 118.1 118.2 0.003824639794
118.25 118.2 118.3 0.003702813539
118.35 118.3 118.4 -0.001009903492
118.45 118.4 118.5 0.0001061886628
118.55 118.5 118.6 -0.0007770554418
118.65 118.6 118.7 0.002533888078
118.75 118.7 118.8 0.001001561746
118.85 118.8 118.9 0.002727840731
118.95 118.9 119 0.0004650880483
119.05 119 119.1 -0.002932990355
119.15 119.1 119.2 0.004137928972
119.25 119.2 119.3 -0.001887664203
119.35 119.3 119.4 0.00150375932
119.45 119.4 119.5 -0.001040304088
119.55 119.5 119.6 -0.0008370373377
119.65 119.6 119.7 0.00272975229
119.75 119.7 119.8 0.000257630369
119.85 119.8 119.9 -0.0007134151437
119.95 119.9 120 -0.002659188229
120.05 120 120.1 0.0007921845134
120.15 120.1 120.2 0.0003339774092
120.25 120.2 120.3 0.001880805777
120.35 120.3 120.4 0.002465759389
120.45 120.4 120.5 -0.0005945633115
120.55 120.5 120.6 0.0001647998264
120.65 120.6 120.7 -0.001914686796
120.75 120.7 120.8 0.0016348043
120.85 120.8 120.9 0.003206557813
120.95 120.9 121 -0.0001297595787
121.05 121 121.1 0.0007418334207
121.15 121.1 121.2 -0.0003086780177
121.25 121.2 121.3 8.43536034e-05
121.35 121.3 121.4 0.001298514837
121.45 121.4 121.5 -0.001886835102
121.55 121.5 121.6 -0.001303781279
121.65 121.6 121.7 0.002832571209
121.75 121.7 121.8 0.000650509823
121.85 121.8 121.9 0.001491539985
121.95 121.9 122 0.0006882009594
122.05 122 122.1 -0.004206646139
122.15 122.1 122.2 0.002197827201
122.25 122.2 122.3 0.002888783884
122.35 122.3 122.4 0.002597951208
122.45 122.4 122.5 0.003245038044
122.55 122.5 122.6 0.0007059580945
122.65 122.6 122.7 0.0004981754118
122.75 122.7 122.8 -0.001131429801
122.85 122.8 122.9 0.0005520909743
122.95 122.9 123 0.00184755573
123.05 123 123.1 0.001204001248
123.15 123.1 123.2 0.001333790678
123.25 123.2 123.3 -0.002767359519
123.35 123.3 123.4 0.003176827325
123.45 123.4 123.5 0.000311241431
123.55 123.5 123.6 -0.003273493869
123.65 123.6 123.7 0.002791274082
123.75 123.7 123.8 0.000857915246
123.85 123.8 123.9 0.003155503273
123.95 123.9 124 -0.001434852697
124.05 124 124.1 -0.0009832539596
124.15 124.1 124.2 0.00150025891
124.25 124.2 124.3 -0.000647830885
124.35 124.3 124.4 -0.001888746336
124.45 124.4 124.5 -0.001696767027
124.55 124.5 124.6 -0.0005382804874
124.65 124.6 124.7 0.0005963741226
124.75 124.7 124.8 -0.003030301032
124.85 124.8 124.9 0.003014152453
124.95 124.9 125 0.001364766836
125.05 125 125.1 -0.001249046917
125.15 125.1 125.2 -0.00169225835
125.25 125.2 125.3 -0.001987757696
125.35 125.3 125.4 0.00402851959
125.45 125.4 125.5 0.0003237193631
125.55 125.5 125.6 0.001249763756
125.65 125.6 125.7 0.00139097736
125.75 125.7 125.8 0.001744875217
125.85 125.8 125.9 -0.0009191818816
125.95 125.9 126 -0.002230304456
126.05 126 126.1 -0.002640164256
126.15 126.1 126.2 -0.002183834305
126.25 126.2 126.3 -9.827634576e-06
126.35 126.3 126.4 0.0002062254428
126.45 126.4 126.5 -0.001638186631
126.55 126.5 126.6 -0.001956849453
126.65 126.6 126.7 -0.004144496905
126.75 126.7 126.8 -0.002500191937
126.85 126.8 126.9 0.0005827800477
126.95 126.9 127 7.151234634e-06
127.05 127 127.1 -0.00280530211
127.15 127.1 127.2 0.001427549481
127.25 127.2 127.3 -0.004815879213
127.35 127.3 127.4 -0.005246822493
127.45 127.4 127.5 -0.001783740144
127.55 127.5 127.6 -0.002470802033
127.65 127.6 127.7 -0.003280636131
127.75 127.7 127.8 -0.002064284405
127.85 127.8 127.9 -0.003610745742
127.95 127.9 128 -0.004022551172
128.05 128 128.1 -0.00011553473
128.15 128.1 128.2 -0.002519319966
128.25 128.2 128.3 -0.001130722905
128.35 128.3 128.4 -0.001084568652
128.45 128.4 128.5 -0.002945395311
128.55 128.5 128.6 -0.001220795066
128.65 128.6 128.7 -0.0007012589291
128.75 128.7 128.8 -0.002542347
128.85 128.8 128.9 -0.001798279008
128.95 128.9 129 0.0004990026491
129.05 129 129.1 -0.003395679601
129.15 129.1 129.2 -0.0008595230574
129.25 129.2 129.3 -0.005347408543
129.35 129.3 129.4 -0.002741154589
129.45 129.4 129.5 -0.004025552427
129.55 129.5 129.6 -0.004702155285
129.65 129.6 129.7 -0.002045061483
129.75 129.7 129.8 -0.001246533702
129.85 129.8 129.9 -0.004080393847
129.95 129.9 130 -0.005880431102
130.05 130 130.1 -0.002586110859
130.15 130.1 130.2 -0.002987139826
130.25 130.2 130.3 -0.002115224094
130.35 130.3 130.4 -0.004332230521
130.45 130.4 130.5 -0.003110213479
130.55 130.5 130.6 -0.001425139645
130.65 130.6 130.7 -0.001979621768
130.75 130.7 130.8 -0.002058317224
130.85 130.8 130.9 -0.0006680211225
130.95 130.9 131 -0.004066202792
131.05 131 131.1 -0.001762196309
131.15 131.1 131.2 -0.003295256995
131.25 131.2 131.3 -0.003011667259
131.35 131.3 131.4 -0.00410210809
131.45 131.4 131.5 -0.0008147551297
131.55 131.5 131.6 -0.00131697402
131.65 131.6 131.7 0.001549754378
131.75 131.7 131.8 -0.002375923765
131.85 131.8 131.9 -0.002054308232
131.95 131.9 132 -0.003715515873
132.05 132 132.1 -0.001934747311
132.15 132.1 132.2 -0.003087550831
132.25 132.2 132.3 -0.003027184758
132.35 132.3 132.4 -0.007010628615
132.45 132.4 132.5 -0.001489290865
132.55 132.5 132.6 -0.005169271503
132.65 132.6 132.7 -0.004989168817
132.75 132.7 132.8 -0.0008997135077
132.85 132.8 132.9 -0.002109327008
132.95 132.9 133 -0.0006524157492
133.05 133 133.1 -0.002069786286
133.15 133.1 133.2 -0.003969653006
133.25 133.2 133.3 -0.003250249091
133.35 133.3 133.4 -0.004056353955
133.45 133.4 133.5 -0.001259396975
133.55 133.5 133.6 -0.002655875731
133.65 133.6 133.7 -0.002416405038
133.75 133.7 133.8 -0.003300172851
133.85 133.8 133.9 -0.003317767836
133.95 133.9 134 -8.516714664e-06
134.05 134 134.1 -0.0005339348855
134.15 134.1 134.2 -0.002739042333
134.25 134.2 134.3 -0.003753331355
134.35 134.3 134.4 -0.001395731252
134.45 134.4 134.5 -0.007898502336
134.55 134.5 134.6 0.000160177976
134.65 134.6 134.7 -0.00341498411
134.75 134.7 134.8 -0.004554420603
134.85 134.8 134.9 -0.003436308485
134.95 134.9 135 0.0004345456397
135.05 135 135.1 -0.001319672194
135.15 135.1 135.2 -0.002418053807
135.25 135.2 135.3 0.000231613882
135.35 135.3 135.4 -0.002309062972
135.45 135.4 135.5 -0.0006135946874
135.55 135.5 135.6 -0.002256281596
135.65 135.6 135.7 -0.002762357176
135.75 135.7 135.8 0.0003550869948
135.85 135.8 135.9 -0.002665826948
135.95 135.9 136 -0.002904405049
136.05 136 136.1 -0.003281174585
136.15 136.1 136.2 0.0005293014462
136.25 136.2 136.3 -0.004799513219
136.35 136.3 136.4 -0.003104629497
136.45 136.4 136.5 -0.001501827221
136.55 136.5 136.6 -0.0002548436127
136.65 136.6 136.7 -0.003375281853
136.75 136.7 136.8 -0.002530256694
136.85 136.8 136.9 -0.0009479578314
136.95 136.9 137 -0.001426894532
137.05 137 137.1 -0.001826796862
137.15 137.1 137.2 -0.004914706567
137.25 137.2 137.3 -0.00461511598
137.35 137.3 137.4 -0.001801176823
137.45 137.4 137.5 -0.001541339026
137.55 137.5 137.6 -0.00608471181
137.65 137.6 137.7 -0.002814339161
137.75 137.7 137.8 -0.001312391098
137.85 137.8 137.9 -0.005371117766
137.95 137.9 138 -0.002662744176
138.05 138 138.1 -0.001391782078
138.15 138.1 138.2 -0.003800972217
138.25 138.2 138.3 -0.005639930024
138.35 138.3 138.4 -0.005555265656
138.45 138.4 138.5 -0.001558623308
138.55 138.5 138.6 -0.001888900702
138.65 138.6 138.7 -0.001749490987
138.75 138.7 138.8 -0.002434962393
138.85 138.8 138.9 -0.003817276965
138.95 138.9 139 -0.003908002009
139.05 139 139.1 -0.004828324333
139.15 139.1 139.2 -0.00236095499
139.25 139.2 139.3 -0.002959512066
139.35 139.3 139.4 -0.0001612372441
139.45 139.4 139.5 -0.004189080296
139.55 139.5 139.6 -0.005512068127
139.65 139.6 139.7 0.0005018558777
139.75 139.7 139.8 -0.004129910554
139.85 139.8 139.9 -0.002612460145
139.95 139.9 140 0.000311739334
140.05 140 140.1 0.001227116224
140.15 140.1 140.2 -0.004357108378
140.25 140.2 140.3 -0.003246362616
140.35 140.3 140.4 -0.0008110087571
140.45 140.4 140.5 -0.0002272547693
140.55 140.5 140.6 -0.001574780475
140.65 140.6 140.7 -0.004835143784
140.75 140.7 140.8 0.0001422728731
140.85 140.8 140.9 -0.004056135549
140.95 140.9 141 -1.081813452e-05
141.05 141 141.1 -0.00362333404
141.15 141.1 141.2 -0.00347140004
141.25 141.2 141.3 -0.0005461404063
141.35 141.3 141.4 -0.002655096513
141.45 141.4 141.5 -0.00353030023
141.55 141.5 141.6 -0.0002320634799
141.65 141.6 141.7 -0.0008481892693
141.75 141.7 141.8 -7.569269344e-05
141.85 141.8 141.9 -0.004359959439
141.95 141.9 142 -0.0003184230725
142.05 142 142.1 -0.0008677567769
142.15 142.1 142.2 -0.003932463942
142.25 142.2 142.3 -0.002549072127
142.35 142.3 142.4 -0.003558666861
142.45 142.4 142.5 -0.0040607323
142.55 142.5 142.6 -0.002950258571
142.65 142.6 142.7 -0.002143595244
142.75 142.7 142.8 -0.0009968422709
142.85 142.8 142.9 -0.0005321327214
142.95 142.9 143 -0.0003923802721
143.05 143 143.1 -0.003736591606
143.15 143.1 143.2 -0.004711242617
143.25 143.2 143.3 -0.0002835855678
143.35 143.3 143.4 -0.0002587754848
143.45 143.4 143.5 -0.003402426052
143.55 143.5 143.6 -0.001359857396
143.65 143.6 143.7 -0.00264349346
143.75 143.7 143.8 -0.002686551981
143.85 143.8 143.9 -0.00440608717
143.95 143.9 144 -0.002621872793
144.05 144 144.1 0.0008344280468
144.15 144.1 144.2 -0.005406740698
144.25 144.2 144.3 -0.003078063785
144.35 144.3 144.4 -0.0005967231241
144.45 144.4 144.5 -0.004630168138
144.55 144.5 144.6 3.597469714e-05
144.65 144.6 144.7 -0.0001123975568
144.75 144.7 144.8 -0.002722551697
144.85 144.8 144.9 -0.002955002514
144.95 144.9 145 -0.002033572921
145.05 145 145.1 0.0002018813554
145.15 145.1 145.2 -0.0007653784579
145.25 145.2 145.3 -0.001724571772
145.35 145.3 145.4 -0.002399676658
145.45 145.4 145.5 -0.003406823538
145.55 145.5 145.6 -0.002624620985
145.65 145.6 145.7 0.001637405726
145.75 145.7 145.8 -0.003392626411
145.85 145.8 145.9 -0.003062914474
145.95 145.9 146 0.0004597835363
146.05 146 146.1 -0.00350344444
146.15 146.1 146.2 -0.001839308343
146.25 146.2 146.3 -0.001683196592
146.35 146.3 146.4 -0.002165054133
146.45 146.4 146.5 -0.00161832706
146.55 146.5 146.6 -0.001524431222
146.65 146.6 146.7 -0.0007098534235
146.75 146.7 146.8 -0.002616204917
146.85 146.8 146.9 -0.00279245205
146.95 146.9 147 -0.003807949001
147.05 147 147.1 -0.002110945281
147.15 147.1 147.2 -0.000847335947
147.25 147.2 147.3 -0.001876006429
147.35 147.3 147.4 -0.002255676828
147.45 147.4 147.5 -0.003464218038
147.55 147.5 147.6 -0.003752939785
147.65 147.6 147.7 -0.001527696863
147.75 147.7 147.8 -0.002988058435
147.85 147.8 147.9 -0.0003528506372
147.95 147.9 148 -0.002203141485
148.05 148 148.1 -0.004323352201
148.15 148.1 148.2 -0.001937621313
148.25 148.2 148.3 -0.004408732967
148.35 148.3 148.4 -0.005187309766
148.45 148.4 148.5 -0.00361865909
148.55 148.5 148.6 -7.340240262e-05
148.65 148.6 148.7 -0.002923706422
148.75 148.7 148.8 0.00196627558
148.85 148.8 148.9 -0.0005506589779
148.95 148.9 149 0.0006742445016
149.05 149 149.1 -0.002456979538
149.15 149.1 149.2 -0.002562649067
149.25 149.2 149.3 -0.002244596212
149.35 149.3 149.4 -0.004570749975
149.45 149.4 149.5 -0.001786376597
149.55 149.5 149.6 -0.0001685894347
149.65 149.6 149.7 -0.001787559479
149.75 149.7 149.8 -0.001602055531
149.85 149.8 149.9 -0.0006211412062
149.95 149.9 150 -0.001712055573
150.05 150 150.1 -0.001878987576
150.15 150.1 150.2 -0.001815290158
150.25 150.2 150.3 0.0009074638155
150.35 150.3 150.4 -0.0003190406587
150.45 150.4 150.5 -0.004665439686
150.55 150.5 150.6 -0.001744993719
150.65 150.6 150.7 -0.002891160101
150.75 150.7 150.8 -0.006224233523
150.85 150.8 150.9 -0.003581082111
150.95 150.9 151 -0.002399709041
151.05 151 151.1 -0.00110286567
151.15 151.1 151.2 -0.001469628291
151.25 151.2 151.3 -0.003054511666
151.35 151.3 151.4 -0.0009189440734
151.45 151.4 151.5 -0.0009924389255
151.55 151.5 151.6 -0.0009580166816
151.65 151.6 151.7 -0.001454101559
151.75 151.7 151.8 -0.0008102938138
151.85 151.8 151.9 0.0008698826104
151.95 151.9 152 -0.001787954927
152.05 152 152.1 -0.003345836159
152.15 152.1 152.2 -0.00345404526
152.25 152.2 152.3 -0.001402007894
152.35 152.3 152.4 -0.000729490252
152.45 152.4 152.5 -0.002148715706
152.55 152.5 152.6 -0.0008973561886
152.65 152.6 152.7 -0.003411062483
152.75 152.7 152.8 -0.004258307822
152.85 152.8 152.9 -0.00409100882
152.95 152.9 153 -0.004122954005
153.05 153 153.1 -0.003775510994
153.15 153.1 153.2 -0.0007934686419
153.25 153.2 153.3 -0.00206235111
153.35 153.3 153.4 -0.002743528524
153.45 153.4 153.5 -0.002861781685
153.55 153.5 153.6 -0.001523216547
153.65 153.6 153.7 -0.002111236565
153.75 153.7 153.8 -0.006440155656
153.85 153.8 153.9 -0.001511057648
153.95 153.9 154 -0.005000696595
154.05 154 154.1 -0.001711311138
154.15 154.1 154.2 -0.003738046728
154.25 154.2 154.3 -0.004298143399
154.35 154.3 154.4 -0.0004691144246
154.45 154.4 154.5 0.0007668451341
154.55 154.5 154.6 -0.001707165555
154.65 154.6 154.7 -0.003322716298
154.75 154.7 154.8 -0.00138156659
154.85 154.8 154.9 -0.001054783052
154.95 154.9 155 -0.003070372231
155.05 155 155.1 -0.002523088742
155.15 155.1 155.2 0.0004116398333
155.25 155.2 155.3 -0.0001432496089
155.35 155.3 155.4 -0.001337336456
155.45 155.4 155.5 0.0001933327085
155.55 155.5 155.6 -0.001229588528
155.65 155.6 155.7 -0.001568047029
155.75 155.7 155.8 0.000467916316
155.85 155.8 155.9 -0.002473417662
155.95 155.9 156 -0.00445492952
156.05 156 156.1 -0.0005569081177
156.15 156.1 156.2 -0.001060128201
156.25 156.2 156.3 -0.0006223902219
156.35 156.3 156.4 -0.001931712664
156.45 156.4 156.5 -0.0001890749585
156.55 156.5 156.6 -0.001678415514
156.65 156.6 156.7 0.0005776118012
156.75 156.7 156.8 -0.0002614092426
156.85 156.8 156.9 0.000670310692
156.95 156.9 157 -0.001430083891
157.05 157 157.1 0.001546613757
157.15 157.1 157.2 -0.0006220837153
157.25 157.2 157.3 -0.001731119855
157.35 157.3 157.4 -0.003049388606
157.45 157.4 157.5 -0.00163270792
157.55 157.5 157.6 -0.00183055179
157.65 157.6 157.7 -2.413792892e-05
157.75 157.7 157.8 -0.001245137234
157.85 157.8 157.9 -0.001304247947
157.95 157.9 158 -0.001230590964
158.05 158 158.1 -0.002616138915
158.15 158.1 158.2 -0.002620790588
158.25 158.2 158.3 -0.004250805483
158.35 158.3 158.4 -0.002353195685
158.45 158.4 158.5 -0.004693654624
158.55 158.5 158.6 -0.001954129395
158.65 158.6 158.7 -0.003149557378
158.75 158.7 158.8 -0.0003777985983
158.85 158.8 158.9 -0.003830203759
158.95 158.9 159 -0.001121032438
159.05 159 159.1 -0.001864816606
159.15 159.1 159.2 -0.000553089774
159.25 159.2 159.3 -0.002057476509
159.35 159.3 159.4 -0.0005661904948
159.45 159.4 159.5 -0.002347814071
159.55 159.5 159.6 -0.003841940003
159.65 159.6 159.7 -0.002191917368
159.75 159.7 159.8 -0.001857295013
159.85 159.8 159.9 0.001044661365
159.95 159.9 160 -0.005422636845
160.05 160 160.1 -0.001558728079
160.15 160.1 160.2 -0.00270049325
160.25 160.2 160.3 -0.0008996583341
160.35 160.3 160.4 -0.003363122597
160.45 160.4 160.5 -0.0001674606792
160.55 160.5 160.6 -0.002320905109
160.65 160.6 160.7 -0.001116336684
160.75 160.7 160.8 -0.001572555588
160.85 160.8 160.9 0.0004714198724
160.95 160.9 161 0.000632972267
161.05 161 161.1 -0.006039171064
161.15 161.1 161.2 -0.002038276719
161.25 161.2 161.3 -0.003695156765
161.35 161.3 161.4 -0.001951616314
161.45 161.4 161.5 -0.003871672943
161.55 161.5 161.6 0.0007127162274
161.65 161.6 161.7 0.001736375575
161.75 161.7 161.8 -0.001297726319
161.85 161.8 161.9 -0.001550737447
161.95 161.9 162 -0.0008393167652
162.05 162 162.1 -0.001398448278
162.15 162.1 162.2 -0.00470872879
162.25 162.2 162.3 -0.0009475820766
162.35 162.3 162.4 -0.002988869618
162.45 162.4 162.5 -0.001307245136
162.55 162.5 162.6 5.48892413e-05
162.65 162.6 162.7 -0.002387477021
162.75 162.7 162.8 0.002662167375
162.85 162.8 162.9 -0.002101027783
162.95 162.9 163 0.0003928772991
163.05 163 163.1 -0.003227159482
163.15 163.1 163.2 0.0008153380585
163.25 163.2 163.3 -0.001663191331
163.35 163.3 163.4 -0.002940870293
163.45 163.4 163.5 -0.002512346368
163.55 163.5 163.6 0.000433486464
163.65 163.6 163.7 -0.0003680216655
163.75 163.7 163.8 -0.002583437885
163.85 163.8 163.9 0.002168147792
163.95 163.9 164 -0.001078779868
164.05 164 164.1 -0.00120991031
164.15 164.1 164.2 0.002111775574
164.25 164.2 164.3 0.0018560857
164.35 164.3 164.4 0.00105205316
164.45 164.4 164.5 -0.001331654795
164.55 164.5 164.6 -2.669510833e-05
164.65 164.6 164.7 0.001604601533
164.75 164.7 164.8 -0.002809337252
164.85 164.8 164.9 -0.003699496292
164.95 164.9 165 -0.001185565991
165.05 165 165.1 -0.003770781146
165.15 165.1 165.2 -0.001378897694
165.25 165.2 165.3 -0.001524366518
165.35 165.3 165.4 -0.001010329329
165.45 165.4 165.5 -0.003002066672
165.55 165.5 165.6 0.00100602314
165.65 165.6 165.7 -0.004001059753
165.75 165.7 165.8 -0.0007421533164
165.85 165.8 165.9 -0.002512817612
165.95 165.9 166 -0.002312018788
166.05 166 166.1 -0.005309062301
166.15 166.1 166.2 -0.001779155111
166.25 166.2 166.3 -0.0001069245517
166.35 166.3 166.4 -0.0008202697871
166.45 166.4 166.5 -0.001704113033
166.55 166.5 166.6 -0.002161558972
166.65 166.6 166.7 0.002352116976
166.75 166.7 166.8 0.0001020309289
166.85 166.8 166.9 -0.001865083821
166.95 166.9 167 -8.814766492e-05
167.05 167 167.1 -5.497224513e-05
167.15 167.1 167.2 -0.0002269923843
167.25 167.2 167.3 -0.001660503958
167.35 167.3 167.4 -0.001063551182
167.45 167.4 167.5 -0.0008495282444
167.55 167.5 167.6 -0.0003638274191
167.65 167.6 167.7 -0.001529081347
167.75 167.7 167.8 -0.001987019209
167.85 167.8 167.9 -0.0009032524347
167.95 167.9 168 0.000273898252
168.05 168 168.1 -0.001461402697
168.15 168.1 168.2 -0.0008183780127
168.25 168.2 168.3 -0.001559560861
168.35 168.3 168.4 -0.001520946543
168.45 168.4 168.5 -0.001263536901
168.55 168.5 168.6 0.0008120793514
168.65 168.6 168.7 -0.002135624333
168.75 168.7 168.8 -0.001063315954
168.85 168.8 168.9 -0.001795162382
168.95 168.9 169 -0.002249724003
169.05 169 169.1 -0.001624204518
169.15 169.1 169.2 0.001955261038
169.25 169.2 169.3 -0.002498253599
169.35 169.3 169.4 -0.001728372556
169.45 169.4 169.5 -0.001702616391
169.55 169.5 169.6 -0.0008684389566
169.65 169.6 169.7 -0.0004633922656
169.75 169.7 169.8 -0.001904924302
169.85 169.8 169.9 -0.0003899324246
169.95 169.9 170 -0.001324163403
170.05 170 170.1 -0.001993964406
170.15 170.1 170.2 -0.0009074793457
170.25 170.2 170.3 -0.001708748566
170.35 170.3 170.4 -0.002408796254
170.45 170.4 170.5 -0.00207837363
170.55 170.5 170.6 -0.002293988934
170.65 170.6 170.7 -0.004126517791
170.75 170.7 170.8 -0.002976157772
170.85 170.8 170.9 0.0009917979704
170.95 170.9 171 -0.001455899746
171.05 171 171.1 -0.003066490168
171.15 171.1 171.2 -0.0007720892093
171.25 171.2 171.3 -0.003466797553
171.35 171.3 171.4 -0.003054151445
171.45 171.4 171.5 -0.00181304228
171.55 171.5 171.6 -0.002311175533
171.65 171.6 171.7 -0.0008704231238
171.75 171.7 171.8 -0.0008921952631
171.85 171.8 171.9 -0.001242069285
171.95 171.9 172 -0.001613685234
172.05 172 172.1 -0.000611768603
172.15 172.1 172.2 -0.002210670722
172.25 172.2 172.3 -0.0009819682498
172.35 172.3 172.4 -0.004481806173
172.45 172.4 172.5 -0.005349451584
172.55 172.5 172.6 -0.003364666899
172.65 172.6 172.7 0.0008784940684
172.75 172.7 172.8 -0.0002965929206
172.85 172.8 172.9 -0.00213344269
172.95 172.9 173 -0.0005437726858
173.05 173 173.1 -0.002267758969
173.15 173.1 173.2 -0.001913467276
173.25 173.2 173.3 -0.001704961774
173.35 173.3 173.4 -0.002666074091
173.45 173.4 173.5 -0.002110778466
173.55 173.5 173.6 -0.003363555052
173.65 173.6 173.7 -0.001916115193
173.75 173.7 173.8 -0.002495384262
173.85 173.8 173.9 -0.002720513123
173.95 173.9 174 -0.003121759815
174.05 174 174.1 -0.002655366067
174.15 174.1 174.2 -0.0009985372289
174.25 174.2 174.3 -0.0006628825785
174.35 174.3 174.4 -0.001852475165
174.45 174.4 174.5 -0.001679358306
174.55 174.5 174.6 -0.001794008222
174.65 174.6 174.7 -0.001874513223
174.75 174.7 174.8 -0.002281692703
174.85 174.8 174.9 -0.00353268866
174.95 174.9 175 -0.003700202432
175.05 175 175.1 -0.003548664055
175.15 175.1 175.2 -0.001467369316
175.25 175.2 175.3 -0.002485445286
175.35 175.3 175.4 -0.001891078525
175.45 175.4 175.5 3.657018449e-05
175.55 175.5 175.6 -0.003722234869
175.65 175.6 175.7 -0.0008318665646
175.75 175.7 175.8 0.0001346945169
175.85 175.8 175.9 -0.003518864934
175.95 175.9 176 -0.002784422651
176.05 176 176.1 3.400109017e-05
176.15 176.1 176.2 -0.001623519744
176.25 176.2 176.3 0.0003475045976
176.35 176.3 176.4 0.0003675146736
176.45 176.4 176.5 -0.002766881756
176.55 176.5 176.6 -0.002960360003
176.65 176.6 176.7 -0.006227705224
176.75 176.7 176.8 -0.002388796817
176.85 176.8 176.9 -0.00144051226
176.95 176.9 177 -0.003798232191
177.05 177 177.1 -0.002731641471
177.15 177.1 177.2 -0.001833767973
177.25 177.2 177.3 -0.002747261829
177.35 177.3 177.4 -0.0003109471145
177.45 177.4 177.5 -0.002036063466
177.55 177.5 177.6 -0.002450297908
177.65 177.6 177.7 -0.001679309799
177.75 177.7 177.8 -0.002598024843
177.85 177.8 177.9 -0.002234864384
177.95 177.9 178 0.002148059431
178.05 178 178.1 -0.0007462414368
178.15 178.1 178.2 -0.001495056482
178.25 178.2 178.3 -6.713107099e-05
178.35 178.3 178.4 -0.00187260769
178.45 178.4 178.5 -0.002272647235
178.55 178.5 178.6 -0.001422272382
178.65 178.6 178.7 -0.0003356242043
178.75 178.7 178.8 -0.002501767712
178.85 178.8 178.9 -0.003257663656
178.95 178.9 179 -0.002154574563
179.05 179 179.1 -0.00155603533
179.15 179.1 179.2 -0.002475771982
179.25 179.2 179.3 -0.0007161945555
179.35 179.3 179.4 -0.001808427697
179.45 179.4 179.5 -0.004346320011
179.55 179.5 179.6 -0.0004150726486
179.65 179.6 179.7 -0.001024435679
179.75 179.7 179.8 0.0006217101566
179.85 179.8 179.9 -0.001986130605
179.95 179.9 180 -0.003549223915
180.05 180 180.1 -0.002943089743
180.15 180.1 180.2 -0.0001676144023
180.25 180.2 180.3 -0.0002668515219
180.35 180.3 180.4 -0.001577592362
180.45 180.4 180.5 -0.003593933363
180.55 180.5 180.6 -0.002088031255
180.65 180.6 180.7 -0.001594071637
180.75 180.7 180.8 -0.001957074653
180.85 180.8 180.9 -0.0002850373495
180.95 180.9 181 -0.001095496792
181.05 181 181.1 0.000351685018
181.15 181.1 181.2 -0.005966022758
181.25 181.2 181.3 -0.0002577720465
181.35 181.3 181.4 -0.002940486607
181.45 181.4 181.5 -0.0004070763269
181.55 181.5 181.6 -0.002518921818
181.65 181.6 181.7 -0.003711535268
181.75 181.7 181.8 -0.002176508181
181.85 181.8 181.9 -0.0001993019946
181.95 181.9 182 -0.001913863741
182.05 182 182.1 -0.0042788447
182.15 182.1 182.2 -0.002515223359
182.25 182.2 182.3 -0.002675466609
182.35 182.3 182.4 -0.0009037889216
182.45 182.4 182.5 -0.002378806662
182.55 182.5 182.6 -0.0005890491212
182.65 182.6 182.7 -0.0009457125236
182.75 182.7 182.8 -0.002403908553
182.85 182.8 182.9 -0.003069257634
182.95 182.9 183 -0.004310321089
183.05 183 183.1 -0.003262752688
183.15 183.1 183.2 -0.001419079483
183.25 183.2 183.3 -0.00341865473
183.35 183.3 183.4 -0.005166999257
183.45 183.4 183.5 -0.002400605375
183.55 183.5 183.6 0.0001629830514
183.65 183.6 183.7 -0.001165479318
183.75 183.7 183.8 -0.004011820485
183.85 183.8 183.9 -0.005126584401
183.95 183.9 184 -0.003466688275
184.05 184 184.1 -0.002811431957
184.15 184.1 184.2 -0.0004233573926
184.25 184.2 184.3 -0.002954102084
184.35 184.3 184.4 0.0004009354035
184.45 184.4 184.5 -0.003357442224
184.55 184.5 184.6 0.0004575866438
184.65 184.6 184.7 -0.002802546475
184.75 184.7 184.8 -0.003349841909
184.85 184.8 184.9 0.0007780542282
184.95 184.9 185 -0.00348779264
185.05 185 185.1 -0.002647004419
185.15 185.1 185.2 0.0014524092
185.25 185.2 185.3 -0.001014714092
185.35 185.3 185.4 9.692810562e-05
185.45 185.4 185.5 -0.001525479628
185.55 185.5 185.6 0.0002863406182
185.65 185.6 185.7 -0.002220380987
185.75 185.7 185.8 -0.0004602781247
185.85 185.8 185.9 0.00167657765
185.95 185.9 186 -0.001104866682
186.05 186 186.1 -1.66397717e-05
186.15 186.1 186.2 -0.001826234834
186.25 186.2 186.3 0.000533231317
186.35 186.3 186.4 -0.001668556647
186.45 186.4 186.5 -0.001051807975
186.55 186.5 186.6 -0.001219827876
186.65 186.6 186.7 -0.002995621625
186.75 186.7 186.8 -0.001816769633
186.85 186.8 186.9 0.001565777724
186.95 186.9 187 -0.0003445211436
187.05 187 187.1 -0.0005111762842
187.15 187.1 187.2 0.0003597236476
187.25 187.2 187.3 -0.0005451802283
187.35 187.3 187.4 0.0004561902672
187.45 187.4 187.5 -0.0008636322252
187.55 187.5 187.6 -0.0002111354916
187.65 187.6 187.7 0.001756827833
187.75 187.7 187.8 -0.00128323905
187.85 187.8 187.9 -0.004872772235
187.95 187.9 188 2.325656128e-05
188.05 188 188.1 -0.002163202502
188.15 188.1 188.2 -5.936420596e-05
188.25 188.2 188.3 -0.00239912172
188.35 188.3 188.4 -0.001993370977
188.45 188.4 188.5 -0.0002617661147
188.55 188.5 188.6 0.0009428207839
188.65 188.6 188.7 -0.001188055469
188.75 188.7 188.8 -0.003096409342
188.85 188.8 188.9 0.001023279049
188.95 188.9 189 0.001266197762
189.05 189 189.1 0.0003185081822
189.15 189.1 189.2 0.0005423087105
189.25 189.2 189.3 -0.000316354817
189.35 189.3 189.4 -0.001920864147
189.45 189.4 189.5 0.001124378489
189.55 189.5 189.6 0.001897756027
189.65 189.6 189.7 -0.0008704901518
189.75 189.7 189.8 0.0003435422753
189.85 189.8 189.9 -0.0004750645974
189.95 189.9 190 -0.0007851781722
190.05 190 190.1 2.426709038e-05
190.15 190.1 190.2 -0.001338610849
190.25 190.2 190.3 -0.001997162946
190.35 190.3 190.4 -0.001234252021
190.45 190.4 190.5 0.0001784250399
190.55 190.5 190.6 -0.0003945067743
190.65 190.6 190.7 0.001057218416
190.75 190.7 190.8 -0.0005072723211
190.85 190.8 190.9 -0.003503254623
190.95 190.9 191 0.0008490719793
191.05 191 191.1 -0.0006450232442
191.15 191.1 191.2 -0.001633255614
191.25 191.2 191.3 7.376237301e-05
191.35 191.3 191.4 0.0001053103092
191.45 191.4 191.5 -0.0004705032352
191.55 191.5 191.6 -0.001461660942
191.65 191.6 191.7 0.0001237945709
191.75 191.7 191.8 -0.001200303007
191.85 191.8 191.9 -0.000167872949
191.95 191.9 192 0.002424205268
192.05 192 192.1 -0.0005966397773
192.15 192.1 192.2 -0.0002056617192
192.25 192.2 192.3 0.0005996791232
192.35 192.3 192.4 0.0001326974693
192.45 192.4 192.5 -4.502358431e-05
192.55 192.5 192.6 -0.0001935607321
192.65 192.6 192.7 -0.0004156297819
192.75 192.7 192.8 0.00067314459
192.85 192.8 192.9 0.0003702828939
192.95 192.9 193 0.00231291533
193.05 193 193.1 -0.001369136455
193.15 193.1 193.2 -0.001925037534
193.25 193.2 193.3 -0.0007504694096
193.35 193.3 193.4 -0.0002209727587
193.45 193.4 193.5 -0.002959674306
193.55 193.5 193.6 -0.0008431850703
193.65 193.6 193.7 0.0009316337566
193.75 193.7 193.8 -6.833729794e-05
193.85 193.8 193.9 -0.001117571197
193.95 193.9 194 -0.0001259885175
194.05 194 194.1 -0.0001015517735
194.15 194.1 194.2 -0.0003342528372
194.25 194.2 194.3 -0.0001372674105
194.35 194.3 194.4 -0.0003097609991
194.45 194.4 194.5 0.0004486857478
194.55 194.5 194.6 0.0009187198652
194.65 194.6 194.7 -0.00225717389
194.75 194.7 194.8 -1.516092243e-05
194.85 194.8 194.9 -0.0007394587436
194.95 194.9 195 -0.002090753037
195.05 195 195.1 -0.0006504927025
195.15 195.1 195.2 0.001793892962
195.25 195.2 195.3 -0.0004781576271
195.35 195.3 195.4 0.001050004664
195.45 195.4 195.5 -0.001228568838
195.55 195.5 195.6 -0.001450715358
195.65 195.6 195.7 0.0003933194506
195.75 195.7 195.8 0.0007890242804
195.85 195.8 195.9 -0.001570778221
195.95 195.9 196 -0.0006279655798
196.05 196 196.1 0.0008792919224
196.15 196.1 196.2 0.0003180112828
196.25 196.2 196.3 -0.0004542183538
196.35 196.3 196.4 0.001785822055
196.45 196.4 196.5 0.001522966477
196.55 196.5 196.6 -7.241177274e-05
196.65 196.6 196.7 -0.001224294283
196.75 196.7 196.8 0.0002504498281
196.85 196.8 196.9 -0.0008034610637
196.95 196.9 197 -0.0006948884546
197.05 197 197.1 -0.0006011592142
197.15 197.1 197.2 -0.001106554865
197.25 197.2 197.3 0.001849273173
197.35 197.3 197.4 -0.002860271746
197.45 197.4 197.5 -0.001376816642
197.55 197.5 197.6 0.0008713346617
197.65 197.6 197.7 -0.0001123595032
197.75 197.7 197.8 -0.0004655548763
197.85 197.8 197.9 -0.0006498533036
197.95 197.9 198 -0.00134487218
198.05 198 198.1 0.001543818266
198.15 198.1 198.2 -0.0007508044505
198.25 198.2 198.3 -0.001149741367
198.35 198.3 198.4 0.0001609952465
198.45 198.4 198.5 -0.0003466773181
198.55 198.5 198.6 -0.0004479491036
198.65 198.6 198.7 -0.001139776607
198.75 198.7 198.8 -0.004397885243
198.85 198.8 198.9 0.0004707077495
198.95 198.9 199 -0.000383341178
199.05 199 199.1 -0.002210997142
199.15 199.1 199.2 -0.001276875305
199.25 199.2 199.3 -0.000697842349
199.35 199.3 199.4 -0.0005722291205
199.45 199.4 199.5 -0.001245713059
199.55 199.5 199.6 -8.0317699e-05
199.65 199.6 199.7 0.001320371719
199.75 199.7 199.8 -0.0002268740801
199.85 199.8 199.9 -0.0004590518154
199.95 199.9 200 0.0009712287981
