# Columns: s_cen(1) s_min(2) s_max(3) xi_iso(4)
0.05 0 0.1 25.32879179
0.15 0.1 0.2 3.585757442
0.25 0.2 0.3 16.53107686
0.35 0.3 0.4 12.82759985
0.45 0.4 0.5 20.890066
0.55 0.5 0.6 23.62109718
0.65 0.6 0.7 23.22877838
0.75 0.7 0.8 20.11435515
0.85 0.8 0.9 21.82583292
0.95 0.9 1 20.69388599
1.05 1 1.1 20.15098397
1.15 1.1 1.2 20.17108214
1.25 1.2 1.3 19.2373151
1.35 1.3 1.4 17.66258028
1.45 1.4 1.5 17.41947323
1.55 1.5 1.6 15.887198
1.65 1.6 1.7 14.96190685
1.75 1.7 1.8 14.01286095
1.85 1.8 1.9 13.06293053
1.95 1.9 2 12.09107372
2.05 2 2.1 11.55548877
2.15 2.1 2.2 11.50951752
2.25 2.2 2.3 10.47616208
2.35 2.3 2.4 9.579886948
2.45 2.4 2.5 9.592120388
2.55 2.5 2.6 8.942156285
2.65 2.6 2.7 8.08180726
2.75 2.7 2.8 7.632848694
2.85 2.8 2.9 7.170238737
2.95 2.9 3 7.063034947
3.05 3 3.1 6.625049608
3.15 3.1 3.2 6.16021506
3.25 3.2 3.3 6.020418976
3.35 3.3 3.4 6.043869796
3.45 3.4 3.5 5.294164338
3.55 3.5 3.6 5.392684177
3.65 3.6 3.7 5.037121995
3.75 3.7 3.8 5.270516275
3.85 3.8 3.9 4.492870568
3.95 3.9 4 4.58763807
4.05 4 4.1 4.388686327
4.15 4.1 4.2 4.264845854
4.25 4.2 4.3 4.123327677
4.35 4.3 4.4 4.074696684
4.45 4.4 4.5 3.837505839
4.55 4.5 4.6 3.737582524
4.65 4.6 4.7 3.644656063
4.75 4.7 4.8 3.537310776
4.85 4.8 4.9 3.594052647
4.95 4.9 5 3.246360559
5.05 5 5.1 3.358257684
5.15 5.1 5.2 3.038930257
5.25 5.2 5.3 3.179591799
5.35 5.3 5.4 3.118046755
5.45 5.4 5.5 2.840179443
5.55 5.5 5.6 2.949423662
5.65 5.6 5.7 2.833511768
5.75 5.7 5.8 2.725730015
5.85 5.8 5.9 2.693803652
5.95 5.9 6 2.444368799
6.05 6 6.1 2.532264206
6.15 6.1 6.2 2.422657375
6.25 6.2 6.3 2.426367097
6.35 6.3 6.4 2.380216967
6.45 6.4 6.5 2.338873605
6.55 6.5 6.6 2.22153471
6.65 6.6 6.7 2.261403605
6.75 6.7 6.8 2.192955612
6.85 6.8 6.9 2.152420854
6.95 6.9 7 2.034843884
7.05 7 7.1 1.920140575
7.15 7.1 7.2 1.820290216
7.25 7.2 7.3 1.918216468
7.35 7.3 7.4 1.838048372
7.45 7.4 7.5 1.833206817
7.55 7.5 7.6 1.698763482
7.65 7.6 7.7 1.72337873
7.75 7.7 7.8 1.658953254
7.85 7.8 7.9 1.635161144
7.95 7.9 8 1.656555466
8.05 8 8.1 1.538922691
8.15 8.1 8.2 1.487393416
8.25 8.2 8.3 1.41295308
8.35 8.3 8.4 1.4593781
8.45 8.4 8.5 1.454663426
8.55 8.5 8.6 1.41023352
8.65 8.6 8.7 1.365269767
8.75 8.7 8.8 1.45664422
8.85 8.8 8.9 1.379693264
8.95 8.9 9 1.356246106
9.05 9 9.1 1.290176853
9.15 9.1 9.2 1.252892981
9.25 9.2 9.3 1.270532862
9.35 9.3 9.4 1.233727617
9.45 9.4 9.5 1.153570701
9.55 9.5 9.6 1.165627506
9.65 9.6 9.7 1.179252988
9.75 9.7 9.8 1.167062676
9.85 9.8 9.9 1.168478259
9.95 9.9 10 1.077185799
10.05 10 10.1 1.09496032
10.15 10.1 10.2 1.051406106
10.25 10.2 10.3 1.045200416
10.35 10.3 10.4 1.034191429
10.45 10.4 10.5 0.9829053646
10.55 10.5 10.6 0.9527930463
10.65 10.6 10.7 0.9520455998
10.75 10.7 10.8 0.9154076641
10.85 10.8 10.9 0.9395107778
10.95 10.9 11 0.8786834754
11.05 11 11.1 0.8812779762
11.15 11.1 11.2 0.8690969774
11.25 11.2 11.3 0.8613383022
11.35 11.3 11.4 0.9061889319
11.45 11.4 11.5 0.873761395
11.55 11.5 11.6 0.876227555
11.65 11.6 11.7 0.8130071721
11.75 11.7 11.8 0.8393547664
11.85 11.8 11.9 0.8179513731
11.95 11.9 12 0.8126965633
12.05 12 12.1 0.7824523873
12.15 12.1 12.2 0.7562943028
12.25 12.2 12.3 0.7514534868
12.35 12.3 12.4 0.7511420831
12.45 12.4 12.5 0.7294046023
12.55 12.5 12.6 0.7042513938
12.65 12.6 12.7 0.6874834429
12.75 12.7 12.8 0.7052612842
12.85 12.8 12.9 0.6832945041
12.95 12.9 13 0.6788006938
13.05 13 13.1 0.6747882662
13.15 13.1 13.2 0.6485486004
13.25 13.2 13.3 0.6217887229
13.35 13.3 13.4 0.6547774028
13.45 13.4 13.5 0.6444521974
13.55 13.5 13.6 0.5931813856
13.65 13.6 13.7 0.5984513678
13.75 13.7 13.8 0.5796301138
13.85 13.8 13.9 0.598532273
13.95 13.9 14 0.5805882436
14.05 14 14.1 0.603665193
14.15 14.1 14.2 0.5678389241
14.25 14.2 14.3 0.5802581484
14.35 14.3 14.4 0.5440542156
14.45 14.4 14.5 0.5462605193
14.55 14.5 14.6 0.571754208
14.65 14.6 14.7 0.5501002013
14.75 14.7 14.8 0.5332851397
14.85 14.8 14.9 0.5114802237
14.95 14.9 15 0.5136372909
15.05 15 15.1 0.510381458
15.15 15.1 15.2 0.50102553
15.25 15.2 15.3 0.4994996193
15.35 15.3 15.4 0.4925503096
15.45 15.4 15.5 0.4834424647
15.55 15.5 15.6 0.4307529528
15.65 15.6 15.7 0.4574235269
15.75 15.7 15.8 0.4672343941
15.85 15.8 15.9 0.4726632806
15.95 15.9 16 0.4577675253
16.05 16 16.1 0.4451715157
16.15 16.1 16.2 0.4261299265
16.25 16.2 16.3 0.4527682719
16.35 16.3 16.4 0.4452731726
16.45 16.4 16.5 0.4323130218
16.55 16.5 16.6 0.4318382012
16.65 16.6 16.7 0.428392673
16.75 16.7 16.8 0.3805916196
16.85 16.8 16.9 0.419135245
16.95 16.9 17 0.422198078
17.05 17 17.1 0.4110154714
17.15 17.1 17.2 0.4004947763
17.25 17.2 17.3 0.4076294209
17.35 17.3 17.4 0.3815301779
17.45 17.4 17.5 0.372433002
17.55 17.5 17.6 0.3949725327
17.65 17.6 17.7 0.3729662035
17.75 17.7 17.8 0.3818395448
17.85 17.8 17.9 0.4062994354
17.95 17.9 18 0.3445234455
18.05 18 18.1 0.3387936323
18.15 18.1 18.2 0.3835363407
18.25 18.2 18.3 0.373296265
18.35 18.3 18.4 0.3510584556
18.45 18.4 18.5 0.3563828931
18.55 18.5 18.6 0.3349355704
18.65 18.6 18.7 0.3521965911
18.75 18.7 18.8 0.3294542821
18.85 18.8 18.9 0.3376788784
18.95 18.9 19 0.3323837175
19.05 19 19.1 0.3283279785
19.15 19.1 19.2 0.3232443467
19.25 19.2 19.3 0.3253106604
19.35 19.3 19.4 0.3151061044
19.45 19.4 19.5 0.3156911509
19.55 19.5 19.6 0.3132930362
19.65 19.6 19.7 0.3122661086
19.75 19.7 19.8 0.2973530146
19.85 19.8 19.9 0.2957222155
19.95 19.9 20 0.3007670865
20.05 20 20.1 0.2782130976
20.15 20.1 20.2 0.280603776
20.25 20.2 20.3 0.2884312992
20.35 20.3 20.4 0.3027373826
20.45 20.4 20.5 0.2786192068
20.55 20.5 20.6 0.2821219588
20.65 20.6 20.7 0.2599230162
20.75 20.7 20.8 0.2760764728
20.85 20.8 20.9 0.2690768295
20.95 20.9 21 0.253522357
21.05 21 21.1 0.2717729253
21.15 21.1 21.2 0.268379023
21.25 21.2 21.3 0.2682976364
21.35 21.3 21.4 0.2455798829
21.45 21.4 21.5 0.2540458734
21.55 21.5 21.6 0.2543651695
21.65 21.6 21.7 0.2366125366
21.75 21.7 21.8 0.2268920474
21.85 21.8 21.9 0.2381214562
21.95 21.9 22 0.2203091618
22.05 22 22.1 0.2518599542
22.15 22.1 22.2 0.2309671085
22.25 22.2 22.3 0.2483061809
22.35 22.3 22.4 0.2314585315
22.45 22.4 22.5 0.2340346743
22.55 22.5 22.6 0.2297769047
22.65 22.6 22.7 0.2171474447
22.75 22.7 22.8 0.2237638641
22.85 22.8 22.9 0.22571334
22.95 22.9 23 0.2145593463
23.05 23 23.1 0.2280633079
23.15 23.1 23.2 0.1931176301
23.25 23.2 23.3 0.1876976789
23.35 23.3 23.4 0.2139785507
23.45 23.4 23.5 0.211831838
23.55 23.5 23.6 0.1913148631
23.65 23.6 23.7 0.2106229112
23.75 23.7 23.8 0.204066348
23.85 23.8 23.9 0.1881472888
23.95 23.9 24 0.2093427848
24.05 24 24.1 0.1837941224
24.15 24.1 24.2 0.1865460449
24.25 24.2 24.3 0.2052964989
24.35 24.3 24.4 0.1969107496
24.45 24.4 24.5 0.1976624772
24.55 24.5 24.6 0.1867727856
24.65 24.6 24.7 0.2036597263
24.75 24.7 24.8 0.1749774602
24.85 24.8 24.9 0.1803349724
24.95 24.9 25 0.1681727326
25.05 25 25.1 0.1807536842
25.15 25.1 25.2 0.1718884308
25.25 25.2 25.3 0.173302214
25.35 25.3 25.4 0.1831331186
25.45 25.4 25.5 0.1685683627
25.55 25.5 25.6 0.1677513992
25.65 25.6 25.7 0.1533588222
25.75 25.7 25.8 0.1612809121
25.85 25.8 25.9 0.1769010858
25.95 25.9 26 0.162270986
26.05 26 26.1 0.1595358936
26.15 26.1 26.2 0.1569830502
26.25 26.2 26.3 0.1622459723
26.35 26.3 26.4 0.1480227684
26.45 26.4 26.5 0.1521076775
26.55 26.5 26.6 0.1649157505
26.65 26.6 26.7 0.1691049002
26.75 26.7 26.8 0.153333508
26.85 26.8 26.9 0.1629020989
26.95 26.9 27 0.1520573297
27.05 27 27.1 0.1602505241
27.15 27.1 27.2 0.1503066863
27.25 27.2 27.3 0.1445616606
27.35 27.3 27.4 0.165982926
27.45 27.4 27.5 0.1533402627
27.55 27.5 27.6 0.1546014646
27.65 27.6 27.7 0.1554778781
27.75 27.7 27.8 0.1471427923
27.85 27.8 27.9 0.1421634032
27.95 27.9 28 0.1433469737
28.05 28 28.1 0.1354517923
28.15 28.1 28.2 0.1396077913
28.25 28.2 28.3 0.1566789804
28.35 28.3 28.4 0.1571448061
28.45 28.4 28.5 0.1477564406
28.55 28.5 28.6 0.1459605262
28.65 28.6 28.7 0.1320492824
28.75 28.7 28.8 0.1330845756
28.85 28.8 28.9 0.1330101412
28.95 28.9 29 0.1306305481
29.05 29 29.1 0.1297930011
29.15 29.1 29.2 0.13676205
29.25 29.2 29.3 0.1280360895
29.35 29.3 29.4 0.126001115
29.45 29.4 29.5 0.1336197402
29.55 29.5 29.6 0.1102352772
29.65 29.6 29.7 0.1149388081
29.75 29.7 29.8 0.1267926827
29.85 29.8 29.9 0.1207948261
29.95 29.9 30 0.1170742778
30.05 30 30.1 0.1400838169
30.15 30.1 30.2 0.1160279111
30.25 30.2 30.3 0.1269702402
30.35 30.3 30.4 0.1199187796
30.45 30.4 30.5 0.1136828675
30.55 30.5 30.6 0.1179386067
30.65 30.6 30.7 0.1165596216
30.75 30.7 30.8 0.1307503439
30.85 30.8 30.9 0.1181074454
30.95 30.9 31 0.1229094926
31.05 31 31.1 0.122227678
31.15 31.1 31.2 0.1048124171
31.25 31.2 31.3 0.1049536436
31.35 31.3 31.4 0.1170118633
31.45 31.4 31.5 0.1123072564
31.55 31.5 31.6 0.1041228301
31.65 31.6 31.7 0.1121378917
31.75 31.7 31.8 0.1096856689
31.85 31.8 31.9 0.1033287681
31.95 31.9 32 0.1157897466
32.05 32 32.1 0.1089111316
32.15 32.1 32.2 0.1085709648
32.25 32.2 32.3 0.1142948306
32.35 32.3 32.4 0.102069552
32.45 32.4 32.5 0.1064516613
32.55 32.5 32.6 0.1147748239
32.65 32.6 32.7 0.1047100788
32.75 32.7 32.8 0.1042616172
32.85 32.8 32.9 0.1125030737
32.95 32.9 33 0.1038924813
33.05 33 33.1 0.1149132689
33.15 33.1 33.2 0.09507890051
33.25 33.2 33.3 0.1022176086
33.35 33.3 33.4 0.09465526339
33.45 33.4 33.5 0.09480362539
33.55 33.5 33.6 0.1037339867
33.65 33.6 33.7 0.1007802901
33.75 33.7 33.8 0.09990406527
33.85 33.8 33.9 0.1060506215
33.95 33.9 34 0.0939556343
34.05 34 34.1 0.1006534571
34.15 34.1 34.2 0.08963384919
34.25 34.2 34.3 0.0906373767
34.35 34.3 34.4 0.1018870278
34.45 34.4 34.5 0.09718606496
34.55 34.5 34.6 0.0824785717
34.65 34.6 34.7 0.09991176646
34.75 34.7 34.8 0.09009809331
34.85 34.8 34.9 0.08448374881
34.95 34.9 35 0.07418001481
35.05 35 35.1 0.09326765488
35.15 35.1 35.2 0.09104730808
35.25 35.2 35.3 0.07985004011
35.35 35.3 35.4 0.09040532606
35.45 35.4 35.5 0.08925437717
35.55 35.5 35.6 0.08833415404
35.65 35.6 35.7 0.09311837175
35.75 35.7 35.8 0.0825319945
35.85 35.8 35.9 0.08710601938
35.95 35.9 36 0.07792665201
36.05 36 36.1 0.08534677203
36.15 36.1 36.2 0.09261302596
36.25 36.2 36.3 0.08053220831
36.35 36.3 36.4 0.08079589704
36.45 36.4 36.5 0.08370433034
36.55 36.5 36.6 0.09041422686
36.65 36.6 36.7 0.08045338993
36.75 36.7 36.8 0.08284327586
36.85 36.8 36.9 0.08265203989
36.95 36.9 37 0.07808875224
37.05 37 37.1 0.08242144981
37.15 37.1 37.2 0.08769702434
37.25 37.2 37.3 0.06387159408
37.35 37.3 37.4 0.06398314623
37.45 37.4 37.5 0.07214106026
37.55 37.5 37.6 0.07950392717
37.65 37.6 37.7 0.08097000345
37.75 37.7 37.8 0.0745911231
37.85 37.8 37.9 0.08343649828
37.95 37.9 38 0.06681244268
38.05 38 38.1 0.07046830541
38.15 38.1 38.2 0.0687053886
38.25 38.2 38.3 0.07770178841
38.35 38.3 38.4 0.07133037989
38.45 38.4 38.5 0.06463886831
38.55 38.5 38.6 0.06604616006
38.65 38.6 38.7 0.07112793567
38.75 38.7 38.8 0.06819773155
38.85 38.8 38.9 0.06493361628
38.95 38.9 39 0.07595393717
39.05 39 39.1 0.06807318943
39.15 39.1 39.2 0.06345429686
39.25 39.2 39.3 0.06159069436
39.35 39.3 39.4 0.06809688887
39.45 39.4 39.5 0.06181313632
39.55 39.5 39.6 0.06657568116
39.65 39.6 39.7 0.06915579246
39.75 39.7 39.8 0.06107690942
39.85 39.8 39.9 0.06865969888
39.95 39.9 40 0.04998947048
40.05 40 40.1 0.06062485238
40.15 40.1 40.2 0.06491389681
40.25 40.2 40.3 0.06389499111
40.35 40.3 40.4 0.06714415279
40.45 40.4 40.5 0.06074372263
40.55 40.5 40.6 0.06902117137
40.65 40.6 40.7 0.04692474402
40.75 40.7 40.8 0.05927667805
40.85 40.8 40.9 0.05826129186
40.95 40.9 41 0.05770753031
41.05 41 41.1 0.05387596711
41.15 41.1 41.2 0.06320184175
41.25 41.2 41.3 0.05459662751
41.35 41.3 41.4 0.053443257
41.45 41.4 41.5 0.0586324701
41.55 41.5 41.6 0.05889144889
41.65 41.6 41.7 0.05394704181
41.75 41.7 41.8 0.06001714246
41.85 41.8 41.9 0.05553489679
41.95 41.9 42 0.06074152572
42.05 42 42.1 0.05207742975
42.15 42.1 42.2 0.05771699416
42.25 42.2 42.3 0.05702256528
42.35 42.3 42.4 0.0637041275
42.45 42.4 42.5 0.05160838634
42.55 42.5 42.6 0.05993429734
42.65 42.6 42.7 0.05176369498
42.75 42.7 42.8 0.06550654609
42.85 42.8 42.9 0.04730164188
42.95 42.9 43 0.04905738856
43.05 43 43.1 0.0518376272
43.15 43.1 43.2 0.04817715757
43.25 43.2 43.3 0.05459873439
43.35 43.3 43.4 0.05496021507
43.45 43.4 43.5 0.05627955631
43.55 43.5 43.6 0.04422766397
43.65 43.6 43.7 0.05079212985
43.75 43.7 43.8 0.04211314647
43.85 43.8 43.9 0.04691679747
43.95 43.9 44 0.04918409422
44.05 44 44.1 0.05183148337
44.15 44.1 44.2 0.05686500231
44.25 44.2 44.3 0.0504930416
44.35 44.3 44.4 0.04588497433
44.45 44.4 44.5 0.03722137298
44.55 44.5 44.6 0.04545699361
44.65 44.6 44.7 0.04705035374
44.75 44.7 44.8 0.04904695455
44.85 44.8 44.9 0.0491148253
44.95 44.9 45 0.04126669066
45.05 45 45.1 0.03677420732
45.15 45.1 45.2 0.05028796219
45.25 45.2 45.3 0.04719323178
45.35 45.3 45.4 0.04226091955
45.45 45.4 45.5 0.04292949325
45.55 45.5 45.6 0.0420471306
45.65 45.6 45.7 0.04378325846
45.75 45.7 45.8 0.04125352013
45.85 45.8 45.9 0.04166258835
45.95 45.9 46 0.04720555065
46.05 46 46.1 0.03624363696
46.15 46.1 46.2 0.04282928381
46.25 46.2 46.3 0.04168874347
46.35 46.3 46.4 0.04297443765
46.45 46.4 46.5 0.04939516504
46.55 46.5 46.6 0.04262441633
46.65 46.6 46.7 0.0344373925
46.75 46.7 46.8 0.03663624772
46.85 46.8 46.9 0.03737634431
46.95 46.9 47 0.04592257216
47.05 47 47.1 0.04168366051
47.15 47.1 47.2 0.03580678991
47.25 47.2 47.3 0.03434636987
47.35 47.3 47.4 0.03661530004
47.45 47.4 47.5 0.04861809632
47.55 47.5 47.6 0.04249235039
47.65 47.6 47.7 0.03506638546
47.75 47.7 47.8 0.03302782999
47.85 47.8 47.9 0.0428810852
47.95 47.9 48 0.03449425909
48.05 48 48.1 0.03222180837
48.15 48.1 48.2 0.042255647
48.25 48.2 48.3 0.04459496969
48.35 48.3 48.4 0.02811860388
48.45 48.4 48.5 0.03827426495
48.55 48.5 48.6 0.03150867921
48.65 48.6 48.7 0.04148541093
48.75 48.7 48.8 0.04012734565
48.85 48.8 48.9 0.0351941866
48.95 48.9 49 0.03428963259
49.05 49 49.1 0.04247303882
49.15 49.1 49.2 0.03035570303
49.25 49.2 49.3 0.0370336877
49.35 49.3 49.4 0.03868058215
49.45 49.4 49.5 0.03479847106
49.55 49.5 49.6 0.03139358557
49.65 49.6 49.7 0.03628282297
49.75 49.7 49.8 0.03248984478
49.85 49.8 49.9 0.0442308808
49.95 49.9 50 0.03633026849
50.05 50 50.1 0.03346764526
50.15 50.1 50.2 0.03286136895
50.25 50.2 50.3 0.03193768503
50.35 50.3 50.4 0.03064252441
50.45 50.4 50.5 0.03721628718
50.55 50.5 50.6 0.0307638939
50.65 50.6 50.7 0.03602130974
50.75 50.7 50.8 0.02684494013
50.85 50.8 50.9 0.03482653899
50.95 50.9 51 0.02475424969
51.05 51 51.1 0.02835144577
51.15 51.1 51.2 0.03429535691
51.25 51.2 51.3 0.03111106082
51.35 51.3 51.4 0.0204659932
51.45 51.4 51.5 0.02955557212
51.55 51.5 51.6 0.01959456765
51.65 51.6 51.7 0.0292643106
51.75 51.7 51.8 0.03520055911
51.85 51.8 51.9 0.02513179607
51.95 51.9 52 0.02987575859
52.05 52 52.1 0.02590541537
52.15 52.1 52.2 0.02734274428
52.25 52.2 52.3 0.03368583284
52.35 52.3 52.4 0.0247945488
52.45 52.4 52.5 0.02542353004
52.55 52.5 52.6 0.02792905622
52.65 52.6 52.7 0.01881069551
52.75 52.7 52.8 0.02226947467
52.85 52.8 52.9 0.02913328182
52.95 52.9 53 0.02785352938
53.05 53 53.1 0.02866848502
53.15 53.1 53.2 0.02664151416
53.25 53.2 53.3 0.01938144834
53.35 53.3 53.4 0.02451133688
53.45 53.4 53.5 0.02494747956
53.55 53.5 53.6 0.03172676188
53.65 53.6 53.7 0.02430844546
53.75 53.7 53.8 0.02346162333
53.85 53.8 53.9 0.02712186415
53.95 53.9 54 0.02936625962
54.05 54 54.1 0.02398218868
54.15 54.1 54.2 0.02858072804
54.25 54.2 54.3 0.0272026656
54.35 54.3 54.4 0.02278313294
54.45 54.4 54.5 0.01837697091
54.55 54.5 54.6 0.02606093236
54.65 54.6 54.7 0.02295105502
54.75 54.7 54.8 0.01778383161
54.85 54.8 54.9 0.02439011104
54.95 54.9 55 0.0228950587
55.05 55 55.1 0.02635733915
55.15 55.1 55.2 0.02485299789
55.25 55.2 55.3 0.0197983024
55.35 55.3 55.4 0.02399682892
55.45 55.4 55.5 0.02145209501
55.55 55.5 55.6 0.02678873264
55.65 55.6 55.7 0.02242990119
55.75 55.7 55.8 0.02179898537
55.85 55.8 55.9 0.01559019045
55.95 55.9 56 0.01502647737
56.05 56 56.1 0.02449247503
56.15 56.1 56.2 0.01673125773
56.25 56.2 56.3 0.02733265246
56.35 56.3 56.4 0.02284843775
56.45 56.4 56.5 0.02484508595
56.55 56.5 56.6 0.01892729985
56.65 56.6 56.7 0.02061135326
56.75 56.7 56.8 0.02009302744
56.85 56.8 56.9 0.01708900689
56.95 56.9 57 0.02300128173
57.05 57 57.1 0.02302341113
57.15 57.1 57.2 0.02483974407
57.25 57.2 57.3 0.01775821177
57.35 57.3 57.4 0.02658986018
57.45 57.4 57.5 0.01719602314
57.55 57.5 57.6 0.02150815666
57.65 57.6 57.7 0.02022858255
57.75 57.7 57.8 0.02647215077
57.85 57.8 57.9 0.02238479641
57.95 57.9 58 0.02040055325
58.05 58 58.1 0.01477602192
58.15 58.1 58.2 0.02909963851
58.25 58.2 58.3 0.008634641536
58.35 58.3 58.4 0.01829749178
58.45 58.4 58.5 0.02015479871
58.55 58.5 58.6 0.01496992835
58.65 58.6 58.7 0.0205726786
58.75 58.7 58.8 0.02328170437
58.85 58.8 58.9 0.02078699505
58.95 58.9 59 0.01867686531
59.05 59 59.1 0.0213233003
59.15 59.1 59.2 0.01473777082
59.25 59.2 59.3 0.01737185283
59.35 59.3 59.4 0.01679796359
59.45 59.4 59.5 0.01689881553
59.55 59.5 59.6 0.02367433875
59.65 59.6 59.7 0.01702300601
59.75 59.7 59.8 0.01582452621
59.85 59.8 59.9 0.0188440447
59.95 59.9 60 0.01281516424
60.05 60 60.1 0.01579982321
60.15 60.1 60.2 0.02698601754
60.25 60.2 60.3 0.01893647339
60.35 60.3 60.4 0.01483104938
60.45 60.4 60.5 0.01374816668
60.55 60.5 60.6 0.02077092382
60.65 60.6 60.7 0.01529919979
60.75 60.7 60.8 0.01895879635
60.85 60.8 60.9 0.01729975448
60.95 60.9 61 0.02332697692
61.05 61 61.1 0.009834597538
61.15 61.1 61.2 0.01491373307
61.25 61.2 61.3 0.02009907243
61.35 61.3 61.4 0.01668371506
61.45 61.4 61.5 0.01786216325
61.55 61.5 61.6 0.01731259283
61.65 61.6 61.7 0.01449807239
61.75 61.7 61.8 0.01879368285
61.85 61.8 61.9 0.02007714156
61.95 61.9 62 0.01557493587
62.05 62 62.1 0.0127032862
62.15 62.1 62.2 0.02222536228
62.25 62.2 62.3 0.009615042795
62.35 62.3 62.4 0.009304631172
62.45 62.4 62.5 0.014071222
62.55 62.5 62.6 0.0151686024
62.65 62.6 62.7 0.01230704066
62.75 62.7 62.8 0.01270291217
62.85 62.8 62.9 0.01045365988
62.95 62.9 63 0.01565353327
63.05 63 63.1 0.008584331407
63.15 63.1 63.2 0.01740956245
63.25 63.2 63.3 0.01793074557
63.35 63.3 63.4 0.01791852183
63.45 63.4 63.5 0.01336755826
63.55 63.5 63.6 0.01325734231
63.65 63.6 63.7 0.01610799869
63.75 63.7 63.8 0.01702001113
63.85 63.8 63.9 0.01692822698
63.95 63.9 64 0.01238091554
64.05 64 64.1 0.01657825971
64.15 64.1 64.2 0.01865772632
64.25 64.2 64.3 0.006949085734
64.35 64.3 64.4 0.006100189175
64.45 64.4 64.5 0.01074721213
64.55 64.5 64.6 0.01503097253
64.65 64.6 64.7 0.0161991858
64.75 64.7 64.8 0.01610793112
64.85 64.8 64.9 0.0129609287
64.95 64.9 65 0.01199765464
65.05 65 65.1 0.01574705688
65.15 65.1 65.2 0.008417020426
65.25 65.2 65.3 0.01291828359
65.35 65.3 65.4 0.01381438546
65.45 65.4 65.5 0.01009764785
65.55 65.5 65.6 0.01255039008
65.65 65.6 65.7 0.01068319677
65.75 65.7 65.8 0.01495714417
65.85 65.8 65.9 0.01601895387
65.95 65.9 66 0.01185203129
66.05 66 66.1 0.01248040415
66.15 66.1 66.2 0.0142282743
66.25 66.2 66.3 0.009094116167
66.35 66.3 66.4 0.007185342268
66.45 66.4 66.5 0.0153322935
66.55 66.5 66.6 0.007862455955
66.65 66.6 66.7 0.01538622706
66.75 66.7 66.8 0.01494355842
66.85 66.8 66.9 0.01523505708
66.95 66.9 67 0.009910559074
67.05 67 67.1 0.01166677065
67.15 67.1 67.2 0.02041312376
67.25 67.2 67.3 0.01337651954
67.35 67.3 67.4 0.01306883619
67.45 67.4 67.5 0.01093775674
67.55 67.5 67.6 0.01536298603
67.65 67.6 67.7 0.01412161296
67.75 67.7 67.8 0.01121029314
67.85 67.8 67.9 0.007785232562
67.95 67.9 68 0.0124622266
68.05 68 68.1 0.01425257208
68.15 68.1 68.2 0.01114669556
68.25 68.2 68.3 0.00845045487
68.35 68.3 68.4 0.009826660409
68.45 68.4 68.5 0.01035065185
68.55 68.5 68.6 0.009565747042
68.65 68.6 68.7 0.01271044221
68.75 68.7 68.8 0.006771687332
68.85 68.8 68.9 0.01721259619
68.95 68.9 69 0.007690090884
69.05 69 69.1 0.01266291901
69.15 69.1 69.2 0.005137392823
69.25 69.2 69.3 0.01013480462
69.35 69.3 69.4 0.01079992982
69.45 69.4 69.5 0.01260500818
69.55 69.5 69.6 0.01013606753
69.65 69.6 69.7 0.01015880795
69.75 69.7 69.8 0.01146651455
69.85 69.8 69.9 0.01433348973
69.95 69.9 70 0.008278418184
70.05 70 70.1 0.00937666358
70.15 70.1 70.2 0.007598399121
70.25 70.2 70.3 0.008675477375
70.35 70.3 70.4 0.01058189687
70.45 70.4 70.5 0.008925590959
70.55 70.5 70.6 0.007046998188
70.65 70.6 70.7 0.01094529947
70.75 70.7 70.8 0.003989142737
70.85 70.8 70.9 0.007819283956
70.95 70.9 71 0.01235954173
71.05 71 71.1 0.01016031695
71.15 71.1 71.2 0.009033061527
71.25 71.2 71.3 0.008618506985
71.35 71.3 71.4 0.01012516724
71.45 71.4 71.5 0.01002259034
71.55 71.5 71.6 0.007476521338
71.65 71.6 71.7 0.00889410188
71.75 71.7 71.8 0.01246015611
71.85 71.8 71.9 0.0128117449
71.95 71.9 72 0.01007268812
72.05 72 72.1 0.01162118492
72.15 72.1 72.2 0.008264603447
72.25 72.2 72.3 0.007750648119
72.35 72.3 72.4 0.00964000618
72.45 72.4 72.5 0.007462135883
72.55 72.5 72.6 0.005996502815
72.65 72.6 72.7 0.0114690187
72.75 72.7 72.8 0.009080612858
72.85 72.8 72.9 0.008626178734
72.95 72.9 73 0.003540523958
73.05 73 73.1 0.01331570816
73.15 73.1 73.2 0.008450971231
73.25 73.2 73.3 0.01117635081
73.35 73.3 73.4 0.008445574537
73.45 73.4 73.5 0.01195986465
73.55 73.5 73.6 0.008658761945
73.65 73.6 73.7 0.009102284435
73.75 73.7 73.8 0.007175984596
73.85 73.8 73.9 0.006650491818
73.95 73.9 74 0.00295436648
74.05 74 74.1 0.00539303735
74.15 74.1 74.2 0.00674641624
74.25 74.2 74.3 0.007478017042
74.35 74.3 74.4 0.004579595667
74.45 74.4 74.5 0.009068412245
74.55 74.5 74.6 0.008672674588
74.65 74.6 74.7 0.004395783403
74.75 74.7 74.8 0.003639599589
74.85 74.8 74.9 0.006861751643
74.95 74.9 75 0.007262768076
75.05 75 75.1 0.007993761167
75.15 75.1 75.2 0.004882741845
75.25 75.2 75.3 0.004344844955
75.35 75.3 75.4 0.008376218006
75.45 75.4 75.5 0.006134062634
75.55 75.5 75.6 0.008138327999
75.65 75.6 75.7 0.005891877262
75.75 75.7 75.8 0.01490712147
75.85 75.8 75.9 0.007459455763
75.95 75.9 76 0.008100942087
76.05 76 76.1 0.0129307325
76.15 76.1 76.2 0.01478097563
76.25 76.2 76.3 0.004720187338
76.35 76.3 76.4 0.008143478279
76.45 76.4 76.5 0.01391629165
76.55 76.5 76.6 0.006449746445
76.65 76.6 76.7 0.004030123568
76.75 76.7 76.8 0.009819274005
76.85 76.8 76.9 0.005614337499
76.95 76.9 77 0.004795118154
77.05 77 77.1 0.006042522286
77.15 77.1 77.2 0.0003474370594
77.25 77.2 77.3 0.003930571642
77.35 77.3 77.4 0.006807482949
77.45 77.4 77.5 0.01038002193
77.55 77.5 77.6 0.003899681893
77.65 77.6 77.7 0.01064683257
77.75 77.7 77.8 0.003660702378
77.85 77.8 77.9 0.008000793135
77.95 77.9 78 0.01169091679
78.05 78 78.1 0.01136820727
78.15 78.1 78.2 0.003393386598
78.25 78.2 78.3 0.01006217145
78.35 78.3 78.4 0.004865028119
78.45 78.4 78.5 0.008261508375
78.55 78.5 78.6 0.007639662283
78.65 78.6 78.7 0.006291419825
78.75 78.7 78.8 -0.001132040322
78.85 78.8 78.9 0.002855324085
78.95 78.9 79 0.004344306197
79.05 79 79.1 0.009804058033
79.15 79.1 79.2 0.003224438739
79.25 79.2 79.3 0.007102734492
79.35 79.3 79.4 0.002248638311
79.45 79.4 79.5 0.007421413343
79.55 79.5 79.6 0.002588987218
79.65 79.6 79.7 0.007961096535
79.75 79.7 79.8 0.005523016768
79.85 79.8 79.9 0.006576137787
79.95 79.9 80 0.007523223755
80.05 80 80.1 0.01029365336
80.15 80.1 80.2 0.005760917691
80.25 80.2 80.3 0.004993904596
80.35 80.3 80.4 0.007265576047
80.45 80.4 80.5 0.006995107338
80.55 80.5 80.6 0.00236798799
80.65 80.6 80.7 0.0001580580744
80.75 80.7 80.8 0.001800696167
80.85 80.8 80.9 0.007506855498
80.95 80.9 81 0.004287372865
81.05 81 81.1 0.0009446365658
81.15 81.1 81.2 0.00456027817
81.25 81.2 81.3 0.000764348135
81.35 81.3 81.4 0.004553697369
81.45 81.4 81.5 0.0118440883
81.55 81.5 81.6 0.00985216203
81.65 81.6 81.7 0.004056390399
81.75 81.7 81.8 0.005969743937
81.85 81.8 81.9 0.00367592482
81.95 81.9 82 0.009473730814
82.05 82 82.1 0.004090746544
82.15 82.1 82.2 0.004549426115
82.25 82.2 82.3 0.00201921155
82.35 82.3 82.4 0.004838340651
82.45 82.4 82.5 0.0005287637647
82.55 82.5 82.6 0.003666453718
82.65 82.6 82.7 0.006379743554
82.75 82.7 82.8 -0.0002962346404
82.85 82.8 82.9 0.006157373244
82.95 82.9 83 0.001287628484
83.05 83 83.1 0.00832980194
83.15 83.1 83.2 0.007629605245
83.25 83.2 83.3 0.005125175028
83.35 83.3 83.4 0.004159980852
83.45 83.4 83.5 0.01039786746
83.55 83.5 83.6 0.005068092956
83.65 83.6 83.7 0.007598203727
83.75 83.7 83.8 0.003427720908
83.85 83.8 83.9 0.005782717916
83.95 83.9 84 0.009491213777
84.05 84 84.1 0.01070709895
84.15 84.1 84.2 0.007925534147
84.25 84.2 84.3 0.005212564595
84.35 84.3 84.4 0.002087412875
84.45 84.4 84.5 0.003437867437
84.55 84.5 84.6 0.004632923011
84.65 84.6 84.7 0.009124258191
84.75 84.7 84.8 0.009540491519
84.85 84.8 84.9 0.003426764393
84.95 84.9 85 0.006943608507
85.05 85 85.1 0.009977680722
85.15 85.1 85.2 0.004118658182
85.25 85.2 85.3 0.004848684676
85.35 85.3 85.4 0.00532748144
85.45 85.4 85.5 0.008084249041
85.55 85.5 85.6 0.003482472315
85.65 85.6 85.7 0.002996615144
85.75 85.7 85.8 6.465786934e-05
85.85 85.8 85.9 0.007119785724
85.95 85.9 86 0.004199228063
86.05 86 86.1 0.002311753766
86.15 86.1 86.2 0.003603725162
86.25 86.2 86.3 0.004168549429
86.35 86.3 86.4 0.001923853491
86.45 86.4 86.5 0.007778128078
86.55 86.5 86.6 0.008383812283
86.65 86.6 86.7 0.008157618429
86.75 86.7 86.8 0.00470730327
86.85 86.8 86.9 0.005210066735
86.95 86.9 87 0.006812523701
87.05 87 87.1 -0.0004979602351
87.15 87.1 87.2 0.004540972349
87.25 87.2 87.3 0.003318056709
87.35 87.3 87.4 0.002685548755
87.45 87.4 87.5 0.005223812824
87.55 87.5 87.6 0.004657183011
87.65 87.6 87.7 0.003286889539
87.75 87.7 87.8 0.007572932868
87.85 87.8 87.9 0.002674051411
87.95 87.9 88 0.005879511854
88.05 88 88.1 0.01177782827
88.15 88.1 88.2 0.005091266306
88.25 88.2 88.3 0.007188856534
88.35 88.3 88.4 0.006399437971
88.45 88.4 88.5 0.00663969429
88.55 88.5 88.6 0.001555533947
88.65 88.6 88.7 0.007407933565
88.75 88.7 88.8 0.007876124462
88.85 88.8 88.9 0.003982286204
88.95 88.9 89 0.00270576149
89.05 89 89.1 0.01151190207
89.15 89.1 89.2 0.01249215478
89.25 89.2 89.3 0.01081249703
89.35 89.3 89.4 0.007467086805
89.45 89.4 89.5 0.003188931868
89.55 89.5 89.6 0.002245766604
89.65 89.6 89.7 0.003266510329
89.75 89.7 89.8 0.004108306881
89.85 89.8 89.9 0.01007592942
89.95 89.9 90 0.006943934895
90.05 90 90.1 0.005834899104
90.15 90.1 90.2 0.00624465565
90.25 90.2 90.3 0.005529357823
90.35 90.3 90.4 0.01018076101
90.45 90.4 90.5 0.007909178273
90.55 90.5 90.6 0.003108584332
90.65 90.6 90.7 0.008108594867
90.75 90.7 90.8 0.007562993432
90.85 90.8 90.9 0.003606184461
90.95 90.9 91 0.003471600921
91.05 91 91.1 0.007724657817
91.15 91.1 91.2 0.006850791434
91.25 91.2 91.3 0.007049482802
91.35 91.3 91.4 0.005434827351
91.45 91.4 91.5 0.005678039267
91.55 91.5 91.6 0.007721899364
91.65 91.6 91.7 0.00655124169
91.75 91.7 91.8 0.003425283726
91.85 91.8 91.9 0.006743753024
91.95 91.9 92 0.007504911296
92.05 92 92.1 0.006883472514
92.15 92.1 92.2 0.007011020799
92.25 92.2 92.3 0.005684819443
92.35 92.3 92.4 0.004784639957
92.45 92.4 92.5 0.003044569249
92.55 92.5 92.6 0.007239105047
92.65 92.6 92.7 0.005969886171
92.75 92.7 92.8 0.004984257692
92.85 92.8 92.9 0.003479219324
92.95 92.9 93 0.006509697278
93.05 93 93.1 0.007795280615
93.15 93.1 93.2 0.007038879355
93.25 93.2 93.3 0.003875356386
93.35 93.3 93.4 0.009516894673
93.45 93.4 93.5 0.001315040327
93.55 93.5 93.6 0.005323236863
93.65 93.6 93.7 0.002977902517
93.75 93.7 93.8 0.005910066646
93.85 93.8 93.9 0.008361839789
93.95 93.9 94 0.003528351296
94.05 94 94.1 0.003459224928
94.15 94.1 94.2 0.005015669307
94.25 94.2 94.3 0.005925720681
94.35 94.3 94.4 0.00634221549
94.45 94.4 94.5 -0.001801508946
94.55 94.5 94.6 0.004151416872
94.65 94.6 94.7 0.005265758814
94.75 94.7 94.8 0.004071019106
94.85 94.8 94.9 0.007331243828
94.95 94.9 95 0.002799648757
95.05 95 95.1 0.005844432778
95.15 95.1 95.2 0.001563219629
95.25 95.2 95.3 0.002923513623
95.35 95.3 95.4 0.002497071958
95.45 95.4 95.5 0.008687243064
95.55 95.5 95.6 0.006809305233
95.65 95.6 95.7 0.006833643287
95.75 95.7 95.8 3.683987396e-05
95.85 95.8 95.9 0.003255760052
95.95 95.9 96 0.002574864336
96.05 96 96.1 0.003773339318
96.15 96.1 96.2 0.004757676521
96.25 96.2 96.3 0.002010156642
96.35 96.3 96.4 0.008360605526
96.45 96.4 96.5 0.00800296548
96.55 96.5 96.6 0.00514037115
96.65 96.6 96.7 0.006852850331
96.75 96.7 96.8 0.004963783369
96.85 96.8 96.9 0.004527021781
96.95 96.9 97 0.002286373547
97.05 97 97.1 0.005258228753
97.15 97.1 97.2 0.00760007317
97.25 97.2 97.3 0.007401439938
97.35 97.3 97.4 0.007679997768
97.45 97.4 97.5 0.004347260604
97.55 97.5 97.6 0.005004651362
97.65 97.6 97.7 0.004868912301
97.75 97.7 97.8 0.005917809575
97.85 97.8 97.9 0.005373364445
97.95 97.9 98 0.003406195492
98.05 98 98.1 0.00551801026
98.15 98.1 98.2 0.006103044987
98.25 98.2 98.3 0.007841560389
98.35 98.3 98.4 0.008938117695
98.45 98.4 98.5 0.003992858977
98.55 98.5 98.6 0.007429480095
98.65 98.6 98.7 0.00470761583
98.75 98.7 98.8 0.006299954516
98.85 98.8 98.9 0.004212208398
98.95 98.9 99 0.003796657547
99.05 99 99.1 0.005837913875
99.15 99.1 99.2 0.002164802864
99.25 99.2 99.3 0.002975227846
99.35 99.3 99.4 0.003056857576
99.45 99.4 99.5 0.005736019801
99.55 99.5 99.6 0.00631096271
99.65 99.6 99.7 0.004432054143
99.75 99.7 99.8 0.005075763336
99.85 99.8 99.9 0.002822404659
99.95 99.9 100 0.00585724274
100.05 100 100.1 0.007663386605
100.15 100.1 100.2 0.009848997115
100.25 100.2 100.3 0.00862244334
100.35 100.3 100.4 0.006481031914
100.45 100.4 100.5 0.00182897492
100.55 100.5 100.6 0.004322514087
100.65 100.6 100.7 0.007866730339
100.75 100.7 100.8 0.009481548075
100.85 100.8 100.9 0.005359673292
100.95 100.9 101 0.005013139624
101.05 101 101.1 0.005502041444
101.15 101.1 101.2 0.006488035992
101.25 101.2 101.3 0.006582344361
101.35 101.3 101.4 0.004006775012
101.45 101.4 101.5 0.00723187857
101.55 101.5 101.6 0.008914572298
101.65 101.6 101.7 0.009963074521
101.75 101.7 101.8 0.008819224012
101.85 101.8 101.9 0.007562425078
101.95 101.9 102 0.003508591789
102.05 102 102.1 0.005537130765
102.15 102.1 102.2 0.004759988157
102.25 102.2 102.3 0.002794422143
102.35 102.3 102.4 0.005175703841
102.45 102.4 102.5 0.009892763252
102.55 102.5 102.6 0.004232490279
102.65 102.6 102.7 0.003425192565
102.75 102.7 102.8 0.003221259978
102.85 102.8 102.9 0.004614452123
102.95 102.9 103 0.00537823272
103.05 103 103.1 0.005392390897
103.15 103.1 103.2 0.006296880128
103.25 103.2 103.3 0.001921129096
103.35 103.3 103.4 0.001799776759
103.45 103.4 103.5 0.00694382718
103.55 103.5 103.6 0.007575179943
103.65 103.6 103.7 0.006520725845
103.75 103.7 103.8 0.005137778369
103.85 103.8 103.9 0.007047028866
103.95 103.9 104 0.006799079451
104.05 104 104.1 0.005772206859
104.15 104.1 104.2 0.002187547852
104.25 104.2 104.3 0.006963508374
104.35 104.3 104.4 0.004255369978
104.45 104.4 104.5 0.01074552252
104.55 104.5 104.6 0.001967640059
104.65 104.6 104.7 0.005387155981
104.75 104.7 104.8 0.006441504738
104.85 104.8 104.9 0.004474462281
104.95 104.9 105 0.00731429146
105.05 105 105.1 0.005418734497
105.15 105.1 105.2 0.007001606062
105.25 105.2 105.3 0.001700799041
105.35 105.3 105.4 0.003910474466
105.45 105.4 105.5 0.0001324520751
105.55 105.5 105.6 0.003428750328
105.65 105.6 105.7 0.001454655182
105.75 105.7 105.8 0.007137224782
105.85 105.8 105.9 0.002933648242
105.95 105.9 106 0.008210048531
106.05 106 106.1 0.005682744478
106.15 106.1 106.2 0.006161450305
106.25 106.2 106.3 0.006716080343
106.35 106.3 106.4 0.007430236777
106.45 106.4 106.5 0.00482114509
106.55 106.5 106.6 0.009835034182
106.65 106.6 106.7 0.005237101094
106.75 106.7 106.8 0.007770514807
106.85 106.8 106.9 0.004936134684
106.95 106.9 107 0.00424067081
107.05 107 107.1 0.003923477214
107.15 107.1 107.2 0.003959721449
107.25 107.2 107.3 0.005072454626
107.35 107.3 107.4 0.001498692105
107.45 107.4 107.5 0.007929839836
107.55 107.5 107.6 0.006579025428
107.65 107.6 107.7 0.001764264252
107.75 107.7 107.8 0.005072674421
107.85 107.8 107.9 0.003590209946
107.95 107.9 108 0.005214476082
108.05 108 108.1 0.006112903519
108.15 108.1 108.2 0.005052066366
108.25 108.2 108.3 0.005953874273
108.35 108.3 108.4 0.003445504148
108.45 108.4 108.5 0.006233984728
108.55 108.5 108.6 0.005821714732
108.65 108.6 108.7 0.004454486615
108.75 108.7 108.8 0.004310101342
108.85 108.8 108.9 0.005965887959
108.95 108.9 109 0.001455094938
109.05 109 109.1 0.002603898463
109.15 109.1 109.2 0.01045501183
109.25 109.2 109.3 0.005564351282
109.35 109.3 109.4 0.005553847881
109.45 109.4 109.5 0.004733138663
109.55 109.5 109.6 0.004539410002
109.65 109.6 109.7 0.00608829853
109.75 109.7 109.8 0.002694376718
109.85 109.8 109.9 0.002823089355
109.95 109.9 110 0.006089483725
110.05 110 110.1 0.005131509042
110.15 110.1 110.2 0.005506923638
110.25 110.2 110.3 0.005212323083
110.35 110.3 110.4 0.007702655673
110.45 110.4 110.5 0.0009126827078
110.55 110.5 110.6 0.005414300241
110.65 110.6 110.7 0.005704617618
110.75 110.7 110.8 0.004499207647
110.85 110.8 110.9 0.004080409498
110.95 110.9 111 0.004256343331
111.05 111 111.1 0.006215544756
111.15 111.1 111.2 0.00540195621
111.25 111.2 111.3 0.007430595813
111.35 111.3 111.4 0.003843362062
111.45 111.4 111.5 0.004766366394
111.55 111.5 111.6 0.004747369651
111.65 111.6 111.7 0.005020378961
111.75 111.7 111.8 0.002673405716
111.85 111.8 111.9 0.006511779655
111.95 111.9 112 0.005616144211
112.05 112 112.1 0.005762127675
112.15 112.1 112.2 0.001727006198
112.25 112.2 112.3 0.005970080761
112.35 112.3 112.4 0.003004461812
112.45 112.4 112.5 0.00381050062
112.55 112.5 112.6 0.003892448326
112.65 112.6 112.7 0.001006092707
112.75 112.7 112.8 0.002642910653
112.85 112.8 112.9 0.003187416907
112.95 112.9 113 0.004500136176
113.05 113 113.1 0.002520610911
113.15 113.1 113.2 0.001977923229
113.25 113.2 113.3 0.002296923472
113.35 113.3 113.4 0.001336126681
113.45 113.4 113.5 0.002469478143
113.55 113.5 113.6 0.003098035296
113.65 113.6 113.7 0.004982056339
113.75 113.7 113.8 0.006222643018
113.85 113.8 113.9 0.004769515701
113.95 113.9 114 0.001086068459
114.05 114 114.1 0.003164803259
114.15 114.1 114.2 0.002793648931
114.25 114.2 114.3 0.006532441749
114.35 114.3 114.4 0.002009926824
114.45 114.4 114.5 0.001363772532
114.55 114.5 114.6 0.003910305813
114.65 114.6 114.7 0.002427066379
114.75 114.7 114.8 0.001955644117
114.85 114.8 114.9 0.002990005909
114.95 114.9 115 0.005553772689
115.05 115 115.1 0.006256164176
115.15 115.1 115.2 0.006024194849
115.25 115.2 115.3 0.001797553683
115.35 115.3 115.4 0.0007190487727
115.45 115.4 115.5 0.0002286720964
115.55 115.5 115.6 0.005847402678
115.65 115.6 115.7 0.00075790196
115.75 115.7 115.8 0.001751055225
115.85 115.8 115.9 -0.0006604266342
115.95 115.9 116 0.0006751464978
116.05 116 116.1 0.002961430632
116.15 116.1 116.2 0.001848264726
116.25 116.2 116.3 -0.00180890967
116.35 116.3 116.4 0.001322067799
116.45 116.4 116.5 -0.00148248587
116.55 116.5 116.6 0.004535954306
116.65 116.6 116.7 -0.0003957349564
116.75 116.7 116.8 0.001668135615
116.85 116.8 116.9 -0.0004116741507
116.95 116.9 117 0.002202989524
117.05 117 117.1 0.002388025734
117.15 117.1 117.2 0.0004728316605
117.25 117.2 117.3 -2.299772094e-05
117.35 117.3 117.4 0.00258788017
117.45 117.4 117.5 0.00578503956
117.55 117.5 117.6 0.006384863319
117.65 117.6 117.7 0.003784259847
117.75 117.7 117.8 0.003415988312
117.85 117.8 117.9 0.001695732855
117.95 117.9 118 0.002702516662
118.05 118 118.1 0.003925314784
118.15 118.1 118.2 6.001776948e-05
118.25 118.2 118.3 0.001888013755
118.35 118.3 118.4 0.002654584134
118.45 118.4 118.5 0.001807195036
118.55 118.5 118.6 0.0006070406413
118.65 118.6 118.7 0.00508791789
118.75 118.7 118.8 0.004261745879
118.85 118.8 118.9 0.004965473189
118.95 118.9 119 0.00514470421
119.05 119 119.1 0.002663263414
119.15 119.1 119.2 0.002467817101
119.25 119.2 119.3 -0.0005573199379
119.35 119.3 119.4 0.001308237443
119.45 119.4 119.5 0.0004417782916
119.55 119.5 119.6 0.0003586097891
119.65 119.6 119.7 0.0004507662155
119.75 119.7 119.8 0.004430298944
119.85 119.8 119.9 0.006968364776
119.95 119.9 120 0.001241362949
120.05 120 120.1 0.0005601018852
120.15 120.1 120.2 4.141650457e-05
120.25 120.2 120.3 0.003180162118
120.35 120.3 120.4 0.002402883026
120.45 120.4 120.5 0.00119697875
120.55 120.5 120.6 0.002963923894
120.65 120.6 120.7 0.002795178972
120.75 120.7 120.8 0.0002513502102
120.85 120.8 120.9 0.001712758694
120.95 120.9 121 0.004805039882
121.05 121 121.1 0.003520058948
121.15 121.1 121.2 0.0008118175193
121.25 121.2 121.3 0.0001682883688
121.35 121.3 121.4 -0.0001095341944
121.45 121.4 121.5 0.0008805302918
121.55 121.5 121.6 0.001179532069
121.65 121.6 121.7 0.001516043844
121.75 121.7 121.8 0.002698006486
121.85 121.8 121.9 0.003573824216
121.95 121.9 122 -0.0009369789834
122.05 122 122.1 0.001820001482
122.15 122.1 122.2 0.00126812152
122.25 122.2 122.3 0.001729400368
122.35 122.3 122.4 0.003607643592
122.45 122.4 122.5 0.001455292902
122.55 122.5 122.6 0.001884206387
122.65 122.6 122.7 0.00202185076
122.75 122.7 122.8 0.0001367422004
122.85 122.8 122.9 0.005727649829
122.95 122.9 123 0.002724129506
123.05 123 123.1 0.0003171446974
123.15 123.1 123.2 -0.001781844249
123.25 123.2 123.3 0.0007916983088
123.35 123.3 123.4 0.001335797728
123.45 123.4 123.5 0.00070814287
123.55 123.5 123.6 0.004279240345
123.65 123.6 123.7 0.0007089678775
123.75 123.7 123.8 0.005217768318
123.85 123.8 123.9 -0.003872847533
123.95 123.9 124 0.002625031269
124.05 124 124.1 0.002603870578
124.15 124.1 124.2 0.002701126585
124.25 124.2 124.3 -0.002451637177
124.35 124.3 124.4 0.0006321917826
124.45 124.4 124.5 0.0006392497925
124.55 124.5 124.6 -0.001962046694
124.65 124.6 124.7 0.005503862556
124.75 124.7 124.8 -0.001351521763
124.85 124.8 124.9 0.001686882605
124.95 124.9 125 0.002062359574
125.05 125 125.1 0.001938338485
125.15 125.1 125.2 0.002598213409
125.25 125.2 125.3 0.00127224328
125.35 125.3 125.4 0.001606768846
125.45 125.4 125.5 -0.001338996035
125.55 125.5 125.6 0.001718940863
125.65 125.6 125.7 -0.001279097757
125.75 125.7 125.8 -0.0006750697496
125.85 125.8 125.9 0.0001440993955
125.95 125.9 126 -0.0004018128516
126.05 126 126.1 -0.0006528020902
126.15 126.1 126.2 0.003069559049
126.25 126.2 126.3 6.407820523e-05
126.35 126.3 126.4 0.001687802984
126.45 126.4 126.5 0.002440672297
126.55 126.5 126.6 0.003663631067
126.65 126.6 126.7 0.002707315252
126.75 126.7 126.8 0.0009604992219
126.85 126.8 126.9 -0.001582077684
126.95 126.9 127 -0.0006345057589
127.05 127 127.1 0.003600563312
127.15 127.1 127.2 -0.0009386295326
127.25 127.2 127.3 -0.002846525631
127.35 127.3 127.4 0.003342477112
127.45 127.4 127.5 0.002448879422
127.55 127.5 127.6 0.00204915133
127.65 127.6 127.7 0.0001802220562
127.75 127.7 127.8 0.002480573645
127.85 127.8 127.9 0.0003279437962
127.95 127.9 128 0.005342764318
128.05 128 128.1 0.00245987145
128.15 128.1 128.2 0.001054102762
128.25 128.2 128.3 0.0009464912348
128.35 128.3 128.4 -0.0002421744873
128.45 128.4 128.5 0.00290113903
128.55 128.5 128.6 0.0003145551063
128.65 128.6 128.7 0.000704095967
128.75 128.7 128.8 -0.002199265073
128.85 128.8 128.9 -0.002097674776
128.95 128.9 129 0.0004337221522
129.05 129 129.1 0.0003248780187
129.15 129.1 129.2 -0.0003582514028
129.25 129.2 129.3 0.002803055192
129.35 129.3 129.4 0.0003876740939
129.45 129.4 129.5 -0.0005171442556
129.55 129.5 129.6 -0.0002349018487
129.65 129.6 129.7 0.001314920726
129.75 129.7 129.8 0.003186720994
129.85 129.8 129.9 -0.002839864649
129.95 129.9 130 0.002463915848
130.05 130 130.1 -0.0008305661064
130.15 130.1 130.2 0.001153428138
130.25 130.2 130.3 0.003861213847
130.35 130.3 130.4 0.0001201828095
130.45 130.4 130.5 -0.002040994702
130.55 130.5 130.6 -0.001388203001
130.65 130.6 130.7 -0.001072391647
130.75 130.7 130.8 0.0003287963571
130.85 130.8 130.9 0.002962017086
130.95 130.9 131 -0.0006957328445
131.05 131 131.1 -0.001932070128
131.15 131.1 131.2 -0.0005242224813
131.25 131.2 131.3 -0.001882307267
131.35 131.3 131.4 0.0002387662981
131.45 131.4 131.5 0.003642018263
131.55 131.5 131.6 0.004279916486
131.65 131.6 131.7 0.0008768038988
131.75 131.7 131.8 -0.001988445918
131.85 131.8 131.9 -0.002320810691
131.95 131.9 132 4.274603193e-05
132.05 132 132.1 0.001407279195
132.15 132.1 132.2 0.0006023793448
132.25 132.2 132.3 0.003598354668
132.35 132.3 132.4 -0.00155072138
132.45 132.4 132.5 0.002817231739
132.55 132.5 132.6 0.00165099145
132.65 132.6 132.7 -0.001304542937
132.75 132.7 132.8 -0.000341562039
132.85 132.8 132.9 -0.0009343430072
132.95 132.9 133 0.0003554151168
133.05 133 133.1 -0.001350100476
133.15 133.1 133.2 0.001923748894
133.25 133.2 133.3 -0.001064604915
133.35 133.3 133.4 -0.002413213918
133.45 133.4 133.5 -0.0005985558838
133.55 133.5 133.6 0.001147927087
133.65 133.6 133.7 -0.001496001525
133.75 133.7 133.8 0.0006714297409
133.85 133.8 133.9 -0.001192038241
133.95 133.9 134 0.0003485826716
134.05 134 134.1 0.0008447958757
134.15 134.1 134.2 -0.00102839345
134.25 134.2 134.3 0.003018576025
134.35 134.3 134.4 0.001809253608
134.45 134.4 134.5 -0.003603600922
134.55 134.5 134.6 -0.000278870474
134.65 134.6 134.7 -7.223237406e-05
134.75 134.7 134.8 -0.0009990053718
134.85 134.8 134.9 0.0008174170377
134.95 134.9 135 -0.0007667673861
135.05 135 135.1 -0.000402296821
135.15 135.1 135.2 -0.001365879101
135.25 135.2 135.3 0.003102814353
135.35 135.3 135.4 -0.00205496553
135.45 135.4 135.5 -0.001078232483
135.55 135.5 135.6 -0.001557786685
135.65 135.6 135.7 3.773965089e-05
135.75 135.7 135.8 0.0006085355988
135.85 135.8 135.9 0.001143700096
135.95 135.9 136 -0.002480787461
136.05 136 136.1 -0.000104086644
136.15 136.1 136.2 0.0003418784672
136.25 136.2 136.3 0.000380670705
136.35 136.3 136.4 0.0007796263864
136.45 136.4 136.5 0.003088441685
136.55 136.5 136.6 -0.0006977261011
136.65 136.6 136.7 -0.002076145847
136.75 136.7 136.8 0.001995060771
136.85 136.8 136.9 0.0006592982432
136.95 136.9 137 -0.0001418371564
137.05 137 137.1 -0.0006142776194
137.15 137.1 137.2 0.002743446595
137.25 137.2 137.3 0.003010576101
137.35 137.3 137.4 -0.001898287795
137.45 137.4 137.5 -0.00141488659
137.55 137.5 137.6 -0.0008982619303
137.65 137.6 137.7 0.000127369618
137.75 137.7 137.8 -0.003432398461
137.85 137.8 137.9 0.0004980372921
137.95 137.9 138 0.0009834508784
138.05 138 138.1 0.0001221428459
138.15 138.1 138.2 -0.001182280611
138.25 138.2 138.3 -0.002444196863
138.35 138.3 138.4 -0.000221762816
138.45 138.4 138.5 0.002186774692
138.55 138.5 138.6 -0.002481837939
138.65 138.6 138.7 0.0004138115546
138.75 138.7 138.8 -0.002277866826
138.85 138.8 138.9 -0.001277773657
138.95 138.9 139 -0.003633911533
139.05 139 139.1 -0.0006373798137
139.15 139.1 139.2 0.001079947186
139.25 139.2 139.3 -0.0003931914092
139.35 139.3 139.4 -0.003704392034
139.45 139.4 139.5 0.0005450343423
139.55 139.5 139.6 -0.0002809766252
139.65 139.6 139.7 -0.001928642952
139.75 139.7 139.8 -0.001083417631
139.85 139.8 139.9 -0.0001710046427
139.95 139.9 140 -0.002585786356
140.05 140 140.1 -0.001745392226
140.15 140.1 140.2 0.002514179534
140.25 140.2 140.3 -0.001161238637
140.35 140.3 140.4 -0.0004264977323
140.45 140.4 140.5 0.0001765033601
140.55 140.5 140.6 -3.78000464e-06
140.65 140.6 140.7 0.001656964976
140.75 140.7 140.8 -0.002803621517
140.85 140.8 140.9 0.00314540569
140.95 140.9 141 -0.0009794944955
141.05 141 141.1 0.0005331002734
141.15 141.1 141.2 -0.00358336884
141.25 141.2 141.3 0.003085976564
141.35 141.3 141.4 -0.0002768145699
141.45 141.4 141.5 -0.000115498288
141.55 141.5 141.6 -0.003107258029
141.65 141.6 141.7 -0.000864830416
141.75 141.7 141.8 -0.003370603905
141.85 141.8 141.9 -0.001554986407
141.95 141.9 142 -0.004366489467
142.05 142 142.1 -0.001115086944
142.15 142.1 142.2 -0.0039070052
142.25 142.2 142.3 0.001073049417
142.35 142.3 142.4 0.002102734183
142.45 142.4 142.5 -0.003338969283
142.55 142.5 142.6 -0.001936538493
142.65 142.6 142.7 -0.0009767440163
142.75 142.7 142.8 -0.0005513318052
142.85 142.8 142.9 0.0007573002691
142.95 142.9 143 6.178980014e-05
143.05 143 143.1 -0.001865928696
143.15 143.1 143.2 0.001251016157
143.25 143.2 143.3 -0.0009711008408
143.35 143.3 143.4 -0.004292911225
143.45 143.4 143.5 -0.0001563392835
143.55 143.5 143.6 -0.001655738407
143.65 143.6 143.7 -0.002191076353
143.75 143.7 143.8 -0.0007963219306
143.85 143.8 143.9 -0.0002710759242
143.95 143.9 144 -0.002772315535
144.05 144 144.1 -0.004299838907
144.15 144.1 144.2 -0.001914384657
144.25 144.2 144.3 -0.003488384635
144.35 144.3 144.4 -0.004352806947
144.45 144.4 144.5 -9.738852777e-05
144.55 144.5 144.6 -0.0007729965572
144.65 144.6 144.7 -0.001731762917
144.75 144.7 144.8 -0.00149267897
144.85 144.8 144.9 0.0002650984504
144.95 144.9 145 -0.001208725437
145.05 145 145.1 -3.254185909e-05
145.15 145.1 145.2 -0.0004498024714
145.25 145.2 145.3 -0.00508207482
145.35 145.3 145.4 -0.0006548490841
145.45 145.4 145.5 -0.002606191609
145.55 145.5 145.6 7.642619245e-05
145.65 145.6 145.7 0.0001830976342
145.75 145.7 145.8 -0.002022706179
145.85 145.8 145.9 -0.002254753217
145.95 145.9 146 0.001085264929
146.05 146 146.1 -0.002402843979
146.15 146.1 146.2 -0.004006528613
146.25 146.2 146.3 -0.00129799111
146.35 146.3 146.4 -0.0007328120567
146.45 146.4 146.5 -0.004144730425
146.55 146.5 146.6 -0.005043252676
146.65 146.6 146.7 -0.002547728849
146.75 146.7 146.8 0.0003252519104
146.85 146.8 146.9 -0.003466793534
146.95 146.9 147 -0.001902604113
147.05 147 147.1 -0.001483199987
147.15 147.1 147.2 -0.002734395135
147.25 147.2 147.3 -0.0005480647975
147.35 147.3 147.4 0.001201498939
147.45 147.4 147.5 -0.0001662841922
147.55 147.5 147.6 -0.001697267562
147.65 147.6 147.7 0.002871378798
147.75 147.7 147.8 -0.000926632496
147.85 147.8 147.9 -0.001813982422
147.95 147.9 148 0.0004140717132
148.05 148 148.1 -0.002469863069
148.15 148.1 148.2 0.0001082927362
148.25 148.2 148.3 0.001016020072
148.35 148.3 148.4 -0.002185978563
148.45 148.4 148.5 -0.004209947632
148.55 148.5 148.6 -0.001821198061
148.65 148.6 148.7 -0.001570185588
148.75 148.7 148.8 -0.001160355237
148.85 148.8 148.9 -0.0008913993325
148.95 148.9 149 -0.001036967472
149.05 149 149.1 -0.001515545983
149.15 149.1 149.2 -0.001731702852
149.25 149.2 149.3 -0.003187109649
149.35 149.3 149.4 -0.003383214088
149.45 149.4 149.5 0.0004822996657
149.55 149.5 149.6 -0.001094801545
149.65 149.6 149.7 -0.001952572481
149.75 149.7 149.8 -0.00210300815
149.85 149.8 149.9 -0.001034090282
149.95 149.9 150 -0.0002787291157
150.05 150 150.1 -0.00229606188
150.15 150.1 150.2 -0.002990686833
150.25 150.2 150.3 0.0003029639146
150.35 150.3 150.4 -0.0002720280588
150.45 150.4 150.5 3.78676646e-05
150.55 150.5 150.6 -0.003427761174
150.65 150.6 150.7 0.0001249982374
150.75 150.7 150.8 -0.0003258273267
150.85 150.8 150.9 -0.0003354822573
150.95 150.9 151 -0.001550972618
151.05 151 151.1 -0.001212069827
151.15 151.1 151.2 3.149745312e-05
151.25 151.2 151.3 -0.001865067337
151.35 151.3 151.4 -0.001367488329
151.45 151.4 151.5 -0.002839730722
151.55 151.5 151.6 -0.001135067648
151.65 151.6 151.7 0.0006170435869
151.75 151.7 151.8 0.0008299057012
151.85 151.8 151.9 -0.0008129561562
151.95 151.9 152 -0.002072566547
152.05 152 152.1 -0.004418354731
152.15 152.1 152.2 0.0006614552543
152.25 152.2 152.3 -0.002512477823
152.35 152.3 152.4 0.0006872127898
152.45 152.4 152.5 5.047478605e-05
152.55 152.5 152.6 -0.002637268229
152.65 152.6 152.7 -0.00159197963
152.75 152.7 152.8 0.000899607426
152.85 152.8 152.9 -0.001301875138
152.95 152.9 153 -0.002524847828
153.05 153 153.1 -0.003003158317
153.15 153.1 153.2 -3.505108068e-05
153.25 153.2 153.3 -0.003561457294
153.35 153.3 153.4 0.001940393985
153.45 153.4 153.5 -0.001069232629
153.55 153.5 153.6 0.0004374977512
153.65 153.6 153.7 -0.00101278949
153.75 153.7 153.8 -0.002242811723
153.85 153.8 153.9 -0.0008436839069
153.95 153.9 154 -4.152623224e-05
154.05 154 154.1 -0.001425706165
154.15 154.1 154.2 -0.005011160226
154.25 154.2 154.3 -0.001054057654
154.35 154.3 154.4 -0.0004815505121
154.45 154.4 154.5 -0.001723397934
154.55 154.5 154.6 -0.00282136551
154.65 154.6 154.7 -0.002017902886
154.75 154.7 154.8 -0.002189708803
154.85 154.8 154.9 -0.0005210938685
154.95 154.9 155 -0.001006174397
155.05 155 155.1 -0.001272983793
155.15 155.1 155.2 -0.002304341483
155.25 155.2 155.3 -0.002831226501
155.35 155.3 155.4 0.002218782937
155.45 155.4 155.5 -0.002130425378
155.55 155.5 155.6 -0.001049006512
155.65 155.6 155.7 -0.002915093258
155.75 155.7 155.8 -0.001035326906
155.85 155.8 155.9 -0.001804084124
155.95 155.9 156 -0.0006622815157
156.05 156 156.1 -0.002428972599
156.15 156.1 156.2 -0.002619356091
156.25 156.2 156.3 -0.001041672656
156.35 156.3 156.4 0.0006387244362
156.45 156.4 156.5 -0.0007558277735
156.55 156.5 156.6 -0.001069014016
156.65 156.6 156.7 0.0004925902604
156.75 156.7 156.8 -0.0001852141466
156.85 156.8 156.9 0.001324897815
156.95 156.9 157 -0.002813690913
157.05 157 157.1 -0.001953258155
157.15 157.1 157.2 -0.0008285557615
157.25 157.2 157.3 0.0001421306627
157.35 157.3 157.4 -0.002756747756
157.45 157.4 157.5 0.001017662515
157.55 157.5 157.6 -0.00101379525
157.65 157.6 157.7 -0.001578752896
157.75 157.7 157.8 -0.0006570729552
157.85 157.8 157.9 -0.003715341461
157.95 157.9 158 -0.001317487442
158.05 158 158.1 -0.0008688235309
158.15 158.1 158.2 -0.001755409739
158.25 158.2 158.3 -0.001078610629
158.35 158.3 158.4 -9.965017362e-05
158.45 158.4 158.5 0.002978651077
158.55 158.5 158.6 -0.0004369523326
158.65 158.6 158.7 -0.0004065183837
158.75 158.7 158.8 -0.001640838512
158.85 158.8 158.9 -0.0006113309927
158.95 158.9 159 -0.002209589338
159.05 159 159.1 -0.000626347554
159.15 159.1 159.2 -0.003051979303
159.25 159.2 159.3 0.0007704388776
159.35 159.3 159.4 -0.001909630687
159.45 159.4 159.5 0.0005329650758
159.55 159.5 159.6 0.0003243575874
159.65 159.6 159.7 0.0001032497522
159.75 159.7 159.8 0.001602113388
159.85 159.8 159.9 -8.219414396e-05
159.95 159.9 160 0.0001691298193
160.05 160 160.1 0.0008809362034
160.15 160.1 160.2 0.000238226178
160.25 160.2 160.3 -0.002821995201
160.35 160.3 160.4 -9.081334675e-05
160.45 160.4 160.5 -0.0001634844067
160.55 160.5 160.6 -8.812587599e-06
160.65 160.6 160.7 -0.002964187781
160.75 160.7 160.8 -0.001531996575
160.85 160.8 160.9 -0.000291963533
160.95 160.9 161 -0.002150745414
161.05 161 161.1 -0.003869716739
161.15 161.1 161.2 0.001406358479
161.25 161.2 161.3 0.002299379182
161.35 161.3 161.4 0.000206126075
161.45 161.4 161.5 -0.0006932684586
161.55 161.5 161.6 0.0007511458537
161.65 161.6 161.7 -0.0006285180267
161.75 161.7 161.8 -0.0004625952255
161.85 161.8 161.9 -0.001882135759
161.95 161.9 162 0.0006256807881
162.05 162 162.1 0.002648628092
162.15 162.1 162.2 -0.001393825679
162.25 162.2 162.3 0.001165840919
162.35 162.3 162.4 -0.004130894134
162.45 162.4 162.5 0.0002754441901
162.55 162.5 162.6 2.974300513e-06
162.65 162.6 162.7 -0.00084182776
162.75 162.7 162.8 -0.00155652493
162.85 162.8 162.9 -0.001630089683
162.95 162.9 163 -0.001520962962
163.05 163 163.1 0.002501819306
163.15 163.1 163.2 -0.001961371608
163.25 163.2 163.3 -0.0004572181503
163.35 163.3 163.4 -0.0004716133873
163.45 163.4 163.5 0.001908758088
163.55 163.5 163.6 -0.001879467306
163.65 163.6 163.7 -0.001817512027
163.75 163.7 163.8 2.043529058e-05
163.85 163.8 163.9 -0.001722903722
163.95 163.9 164 -0.002839082033
164.05 164 164.1 -0.0002446242533
164.15 164.1 164.2 -0.001308847666
164.25 164.2 164.3 -0.0002012374925
164.35 164.3 164.4 -0.001589564185
164.45 164.4 164.5 -7.721619502e-05
164.55 164.5 164.6 -0.002186059487
164.65 164.6 164.7 -0.003315106236
164.75 164.7 164.8 -0.001606197698
164.85 164.8 164.9 -0.0003855928524
164.95 164.9 165 -0.00371916533
165.05 165 165.1 -0.001316370585
165.15 165.1 165.2 -0.003125354154
165.25 165.2 165.3 -0.0002797153982
165.35 165.3 165.4 -0.001016690283
165.45 165.4 165.5 -0.005150977029
165.55 165.5 165.6 0.0004853788958
165.65 165.6 165.7 -0.0004962950556
165.75 165.7 165.8 -0.002450077033
165.85 165.8 165.9 -0.00115801029
165.95 165.9 166 0.001063932208
166.05 166 166.1 -0.001149010631
166.15 166.1 166.2 -0.001366873296
166.25 166.2 166.3 -0.0003498922538
166.35 166.3 166.4 -0.002268710318
166.45 166.4 166.5 0.0001606907052
166.55 166.5 166.6 -0.00158106453
166.65 166.6 166.7 -0.004127361892
166.75 166.7 166.8 -0.0009463560175
166.85 166.8 166.9 -0.000299241231
166.95 166.9 167 -0.0004942932935
167.05 167 167.1 -0.00136422635
167.15 167.1 167.2 0.0005038388803
167.25 167.2 167.3 -0.0007681244201
167.35 167.3 167.4 -0.002765926404
167.45 167.4 167.5 -0.002891701826
167.55 167.5 167.6 5.021617137e-05
167.65 167.6 167.7 -0.001912942809
167.75 167.7 167.8 -0.00207641105
167.85 167.8 167.9 -0.001555263822
167.95 167.9 168 -0.001923529222
168.05 168 168.1 0.001132191072
168.15 168.1 168.2 -0.0004925627784
168.25 168.2 168.3 -0.002205578004
168.35 168.3 168.4 -0.002994875537
168.45 168.4 168.5 -0.001041639553
168.55 168.5 168.6 -0.002800976037
168.65 168.6 168.7 0.0005331113919
168.75 168.7 168.8 0.000711162196
168.85 168.8 168.9 -0.001050074112
168.95 168.9 169 -0.0003882089233
169.05 169 169.1 -0.001703892037
169.15 169.1 169.2 -0.0009122857057
169.25 169.2 169.3 0.00145230937
169.35 169.3 169.4 -0.0009264845684
169.45 169.4 169.5 -0.0006722471467
169.55 169.5 169.6 0.0002767968408
169.65 169.6 169.7 -0.001461027631
169.75 169.7 169.8 -0.002538086921
169.85 169.8 169.9 0.0001339757271
169.95 169.9 170 -0.001005474995
170.05 170 170.1 0.00038125931
170.15 170.1 170.2 -0.002861257796
170.25 170.2 170.3 -0.001073613958
170.35 170.3 170.4 -0.000134606901
170.45 170.4 170.5 -0.00421796589
170.55 170.5 170.6 -0.001244550011
170.65 170.6 170.7 -0.003371208815
170.75 170.7 170.8 -0.001349222025
170.85 170.8 170.9 -0.0005809424312
170.95 170.9 171 -0.001380369537
171.05 171 171.1 0.0003000826111
171.15 171.1 171.2 -0.002461784921
171.25 171.2 171.3 -0.0007456213487
171.35 171.3 171.4 0.000716911525
171.45 171.4 171.5 0.001291249902
171.55 171.5 171.6 -0.001846322798
171.65 171.6 171.7 -0.006021774911
171.75 171.7 171.8 -0.001636764753
171.85 171.8 171.9 -0.0008132066353
171.95 171.9 172 0.001349231258
172.05 172 172.1 -0.0006063820368
172.15 172.1 172.2 0.0003237855217
172.25 172.2 172.3 -1.778241745e-05
172.35 172.3 172.4 0.000269234314
172.45 172.4 172.5 0.001872145587
172.55 172.5 172.6 0.0002311374608
172.65 172.6 172.7 0.002969271751
172.75 172.7 172.8 0.001984633703
172.85 172.8 172.9 -0.0007127126346
172.95 172.9 173 0.0007740543426
173.05 173 173.1 -0.0008036734768
173.15 173.1 173.2 0.0001828013823
173.25 173.2 173.3 0.001666400021
173.35 173.3 173.4 0.0008771245559
173.45 173.4 173.5 -0.001206449507
173.55 173.5 173.6 0.001711363405
173.65 173.6 173.7 -0.0001072944487
173.75 173.7 173.8 -0.002171535912
173.85 173.8 173.9 -0.0004843514259
173.95 173.9 174 -0.002079474282
174.05 174 174.1 0.0001361341625
174.15 174.1 174.2 -0.002325916614
174.25 174.2 174.3 -0.001640422139
174.35 174.3 174.4 -0.0009712393343
174.45 174.4 174.5 -0.001091460682
174.55 174.5 174.6 0.001609966524
174.65 174.6 174.7 -0.001376137635
174.75 174.7 174.8 5.224381065e-05
174.85 174.8 174.9 -0.004178272116
174.95 174.9 175 0.0008334784595
175.05 175 175.1 0.0001008327337
175.15 175.1 175.2 -0.00207279433
175.25 175.2 175.3 0.000971772375
175.35 175.3 175.4 -0.001906596007
175.45 175.4 175.5 -0.001697025038
175.55 175.5 175.6 -0.002230103403
175.65 175.6 175.7 -0.0008322534734
175.75 175.7 175.8 -0.0002744615937
175.85 175.8 175.9 -0.002626913085
175.95 175.9 176 -0.001449453881
176.05 176 176.1 -0.002081881898
176.15 176.1 176.2 -0.000654982108
176.25 176.2 176.3 -0.00025009723
176.35 176.3 176.4 -0.0006872894108
176.45 176.4 176.5 -0.0004376571199
176.55 176.5 176.6 -0.003374216058
176.65 176.6 176.7 -0.000519476761
176.75 176.7 176.8 -0.0007296503032
176.85 176.8 176.9 -0.002251008493
176.95 176.9 177 -0.002008762214
177.05 177 177.1 -0.0001662962953
177.15 177.1 177.2 -0.0004134704941
177.25 177.2 177.3 0.001638461533
177.35 177.3 177.4 0.0003930137923
177.45 177.4 177.5 -0.003051785947
177.55 177.5 177.6 -0.003769149887
177.65 177.6 177.7 0.0003523768804
177.75 177.7 177.8 -0.001681689623
177.85 177.8 177.9 -0.003126741249
177.95 177.9 178 -0.0004943584607
178.05 178 178.1 -0.001644496885
178.15 178.1 178.2 -0.002384320385
178.25 178.2 178.3 -0.002199394951
178.35 178.3 178.4 -0.0009182242224
178.45 178.4 178.5 -0.0003599661512
178.55 178.5 178.6 -0.002300673002
178.65 178.6 178.7 0.000339011689
178.75 178.7 178.8 -0.0001830872379
178.85 178.8 178.9 -0.001706316693
178.95 178.9 179 -0.001455209448
179.05 179 179.1 0.0006165974655
179.15 179.1 179.2 -0.001209764519
179.25 179.2 179.3 0.001200638229
179.35 179.3 179.4 -0.001548479536
179.45 179.4 179.5 9.103475376e-05
179.55 179.5 179.6 0.0006603231424
179.65 179.6 179.7 -0.0008615053829
179.75 179.7 179.8 -4.24551552e-05
179.85 179.8 179.9 -0.0008716773471
179.95 179.9 180 -0.001347451479
180.05 180 180.1 -0.003500512653
180.15 180.1 180.2 2.451400699e-06
180.25 180.2 180.3 -0.002243171871
180.35 180.3 180.4 0.0001398807317
180.45 180.4 180.5 -0.001945930208
180.55 180.5 180.6 -0.000714350721
180.65 180.6 180.7 -0.000853075157
180.75 180.7 180.8 0.0004306964194
180.85 180.8 180.9 -0.0002435515918
180.95 180.9 181 -0.002776291684
181.05 181 181.1 -4.817933859e-05
181.15 181.1 181.2 -0.001671064121
181.25 181.2 181.3 0.0001960959174
181.35 181.3 181.4 -0.005082913532
181.45 181.4 181.5 0.002429232433
181.55 181.5 181.6 -0.003329805023
181.65 181.6 181.7 -0.003145718999
181.75 181.7 181.8 -0.001123901468
181.85 181.8 181.9 -0.003305914082
181.95 181.9 182 -0.001577526251
182.05 182 182.1 -0.001015673173
182.15 182.1 182.2 -0.001557645207
182.25 182.2 182.3 -0.003669372386
182.35 182.3 182.4 -0.001156546634
182.45 182.4 182.5 -0.0004626659877
182.55 182.5 182.6 -0.000730285574
182.65 182.6 182.7 -0.001725255561
182.75 182.7 182.8 -6.893318251e-05
182.85 182.8 182.9 -0.0006130468833
182.95 182.9 183 -0.002679183324
183.05 183 183.1 -0.001109561334
183.15 183.1 183.2 -0.001947834784
183.25 183.2 183.3 0.003068364853
183.35 183.3 183.4 -0.002705608349
183.45 183.4 183.5 -0.001230922291
183.55 183.5 183.6 -0.002228454323
183.65 183.6 183.7 -0.0005929795748
183.75 183.7 183.8 -0.001410035551
183.85 183.8 183.9 -0.001848521324
183.95 183.9 184 -0.003657310698
184.05 184 184.1 -0.004004445966
184.15 184.1 184.2 -0.004351631863
184.25 184.2 184.3 -0.003226525134
184.35 184.3 184.4 -0.001196510792
184.45 184.4 184.5 -0.003304207805
184.55 184.5 184.6 -0.0008395987068
184.65 184.6 184.7 -0.002923858811
184.75 184.7 184.8 0.0003056998373
184.85 184.8 184.9 -0.001423128993
184.95 184.9 185 -0.004156276995
185.05 185 185.1 -0.0006581848696
185.15 185.1 185.2 -0.00148768756
185.25 185.2 185.3 -0.0006988200274
185.35 185.3 185.4 -0.0007376792513
185.45 185.4 185.5 0.0004721294499
185.55 185.5 185.6 -7.478462367e-05
185.65 185.6 185.7 -0.0006378107021
185.75 185.7 185.8 -0.002216059764
185.85 185.8 185.9 8.0037514e-05
185.95 185.9 186 -0.002026932339
186.05 186 186.1 -0.002394984256
186.15 186.1 186.2 -0.000977896213
186.25 186.2 186.3 -0.002138826383
186.35 186.3 186.4 -0.001149809914
186.45 186.4 186.5 -0.001430925167
186.55 186.5 186.6 -0.001147577062
186.65 186.6 186.7 -0.001025064616
186.75 186.7 186.8 0.0004717156274
186.85 186.8 186.9 -0.002462311511
186.95 186.9 187 -0.0003420821045
187.05 187 187.1 -0.004115927483
187.15 187.1 187.2 -0.001584013098
187.25 187.2 187.3 -0.0007888217263
187.35 187.3 187.4 -0.0008364538454
187.45 187.4 187.5 -0.004129952177
187.55 187.5 187.6 -0.001747108835
187.65 187.6 187.7 -0.0007956428201
187.75 187.7 187.8 -0.002559921157
187.85 187.8 187.9 -0.001116627146
187.95 187.9 188 0.0005927262103
188.05 188 188.1 -0.0006788368883
188.15 188.1 188.2 -0.00199157844
188.25 188.2 188.3 -8.374486227e-05
188.35 188.3 188.4 0.0004934973774
188.45 188.4 188.5 -0.001750158321
188.55 188.5 188.6 -0.002196813514
188.65 188.6 188.7 -0.0003025111622
188.75 188.7 188.8 0.001749362648
188.85 188.8 188.9 0.0009713768141
188.95 188.9 189 0.002014351796
189.05 189 189.1 -0.003257340338
189.15 189.1 189.2 -0.001723649908
189.25 189.2 189.3 -0.002730804108
189.35 189.3 189.4 -0.001746867971
189.45 189.4 189.5 -7.54831387e-05
189.55 189.5 189.6 -0.001648132958
189.65 189.6 189.7 -0.001431504741
189.75 189.7 189.8 -0.001519046236
189.85 189.8 189.9 -0.002084004522
189.95 189.9 190 -0.0007134923471
190.05 190 190.1 -0.001267033711
190.15 190.1 190.2 -0.001303014599
190.25 190.2 190.3 -0.00288407478
190.35 190.3 190.4 -0.002054420562
190.45 190.4 190.5 -0.001987977842
190.55 190.5 190.6 0.0002581450881
190.65 190.6 190.7 -0.001535659535
190.75 190.7 190.8 -0.001778992883
190.85 190.8 190.9 -0.002203758198
190.95 190.9 191 -0.003246065477
191.05 191 191.1 -0.001753458618
191.15 191.1 191.2 -0.002579331863
191.25 191.2 191.3 -0.0007421548954
191.35 191.3 191.4 0.0008817605583
191.45 191.4 191.5 7.726473374e-06
191.55 191.5 191.6 -0.0009687707449
191.65 191.6 191.7 -0.0001529681019
191.75 191.7 191.8 0.0001109893696
191.85 191.8 191.9 -0.001447922272
191.95 191.9 192 -0.004866600381
192.05 192 192.1 -0.002804755454
192.15 192.1 192.2 0.0003231008089
192.25 192.2 192.3 -0.001855888107
192.35 192.3 192.4 -0.00215604115
192.45 192.4 192.5 0.000413565156
192.55 192.5 192.6 -0.002187178055
192.65 192.6 192.7 -0.001484730771
192.75 192.7 192.8 -0.002528554421
192.85 192.8 192.9 -0.00193933025
192.95 192.9 193 -0.002904280027
193.05 193 193.1 -0.0003003906046
193.15 193.1 193.2 -0.003359241812
193.25 193.2 193.3 -0.001919162996
193.35 193.3 193.4 -0.002209245585
193.45 193.4 193.5 -0.0007113027557
193.55 193.5 193.6 0.0001616135105
193.65 193.6 193.7 -0.001272685528
193.75 193.7 193.8 8.245991036e-05
193.85 193.8 193.9 -0.00234515732
193.95 193.9 194 -0.001682866875
194.05 194 194.1 -0.003155789212
194.15 194.1 194.2 -0.001132435114
194.25 194.2 194.3 -0.001596552485
194.35 194.3 194.4 -0.003682836678
194.45 194.4 194.5 -0.003853550052
194.55 194.5 194.6 -0.001235513337
194.65 194.6 194.7 -0.0020220875
194.75 194.7 194.8 -0.001050640206
194.85 194.8 194.9 0.001118715729
194.95 194.9 195 -0.002534219726
195.05 195 195.1 -0.004144587573
195.15 195.1 195.2 -0.001111536877
195.25 195.2 195.3 -0.001527834949
195.35 195.3 195.4 -0.00278732331
195.45 195.4 195.5 -0.002636084619
195.55 195.5 195.6 -0.002146597914
195.65 195.6 195.7 -0.0004564447413
195.75 195.7 195.8 -0.003593545557
195.85 195.8 195.9 -0.002968453531
195.95 195.9 196 0.0005264992317
196.05 196 196.1 0.0008741974884
196.15 196.1 196.2 -0.0003906877568
196.25 196.2 196.3 -0.0006302711411
196.35 196.3 196.4 -0.0002825561659
196.45 196.4 196.5 -0.001645045599
196.55 196.5 196.6 -0.0005088210513
196.65 196.6 196.7 -0.0002116267328
196.75 196.7 196.8 -0.0007138050102
196.85 196.8 196.9 -0.001886311871
196.95 196.9 197 -0.002163152868
197.05 197 197.1 -0.002057690016
197.15 197.1 197.2 -0.003171391471
197.25 197.2 197.3 -0.002926840397
197.35 197.3 197.4 0.000964007193
197.45 197.4 197.5 -0.001674353817
197.55 197.5 197.6 -0.001560690905
197.65 197.6 197.7 0.0001214804294
197.75 197.7 197.8 -0.001481956873
197.85 197.8 197.9 -0.003116377041
197.95 197.9 198 -0.002555921292
198.05 198 198.1 -0.0003760941939
198.15 198.1 198.2 0.0005353153562
198.25 198.2 198.3 -0.003425350622
198.35 198.3 198.4 -0.00054254006
198.45 198.4 198.5 -0.0005199725667
198.55 198.5 198.6 -0.0003859457653
198.65 198.6 198.7 -0.002921728424
198.75 198.7 198.8 -0.0042973283
198.85 198.8 198.9 0.0005632518948
198.95 198.9 199 0.0001593076107
199.05 199 199.1 -0.001633333684
199.15 199.1 199.2 -0.003080469142
199.25 199.2 199.3 0.0003119910961
199.35 199.3 199.4 0.000918312147
199.45 199.4 199.5 -0.0001242562842
199.55 199.5 199.6 0.001758347652
199.65 199.6 199.7 0.0002482882238
199.75 199.7 199.8 -0.0006663160573
199.85 199.8 199.9 -0.0004436330385
199.95 199.9 200 -0.001554613464
