# Columns: s_cen(1) s_min(2) s_max(3) xi_iso(4)
0.05 0 0.1 25.77009897
0.15 0.1 0.2 15.06103981
0.25 0.2 0.3 18.42583345
0.35 0.3 0.4 23.45168799
0.45 0.4 0.5 20.59667953
0.55 0.5 0.6 20.11217946
0.65 0.6 0.7 21.0204957
0.75 0.7 0.8 20.84604986
0.85 0.8 0.9 20.30497136
0.95 0.9 1 20.76605296
1.05 1 1.1 19.2097661
1.15 1.1 1.2 18.92111493
1.25 1.2 1.3 18.33594381
1.35 1.3 1.4 17.05647289
1.45 1.4 1.5 15.58020659
1.55 1.5 1.6 15.48329458
1.65 1.6 1.7 14.94919105
1.75 1.7 1.8 14.13193277
1.85 1.8 1.9 13.31886275
1.95 1.9 2 11.94695869
2.05 2 2.1 11.92586096
2.15 2.1 2.2 11.07717809
2.25 2.2 2.3 10.89224193
2.35 2.3 2.4 9.585748983
2.45 2.4 2.5 8.920112953
2.55 2.5 2.6 8.305519881
2.65 2.6 2.7 8.134273218
2.75 2.7 2.8 8.00437239
2.85 2.8 2.9 7.580583281
2.95 2.9 3 7.0624735
3.05 3 3.1 6.621895849
3.15 3.1 3.2 6.506003853
3.25 3.2 3.3 5.910904447
3.35 3.3 3.4 5.670522673
3.45 3.4 3.5 5.294659492
3.55 3.5 3.6 5.625107261
3.65 3.6 3.7 5.396505161
3.75 3.7 3.8 4.969561531
3.85 3.8 3.9 5.033072075
3.95 3.9 4 4.68853079
4.05 4 4.1 4.466609939
4.15 4.1 4.2 4.37811167
4.25 4.2 4.3 4.212808458
4.35 4.3 4.4 3.97753325
4.45 4.4 4.5 3.941827542
4.55 4.5 4.6 3.889907907
4.65 4.6 4.7 3.806855402
4.75 4.7 4.8 3.579648613
4.85 4.8 4.9 3.620220111
4.95 4.9 5 3.36887655
5.05 5 5.1 3.375241298
5.15 5.1 5.2 3.323743884
5.25 5.2 5.3 3.05518375
5.35 5.3 5.4 3.037832901
5.45 5.4 5.5 3.032953652
5.55 5.5 5.6 2.894659631
5.65 5.6 5.7 2.971936058
5.75 5.7 5.8 2.687152417
5.85 5.8 5.9 2.749702295
5.95 5.9 6 2.665663301
6.05 6 6.1 2.50766245
6.15 6.1 6.2 2.372569923
6.25 6.2 6.3 2.4515296
6.35 6.3 6.4 2.436693107
6.45 6.4 6.5 2.3219774
6.55 6.5 6.6 2.217650632
6.65 6.6 6.7 2.159597553
6.75 6.7 6.8 2.139848905
6.85 6.8 6.9 2.105659796
6.95 6.9 7 2.064956471
7.05 7 7.1 2.033769229
7.15 7.1 7.2 1.93788392
7.25 7.2 7.3 1.954942743
7.35 7.3 7.4 1.888957
7.45 7.4 7.5 1.888590068
7.55 7.5 7.6 1.756429961
7.65 7.6 7.7 1.737037496
7.75 7.7 7.8 1.643593482
7.85 7.8 7.9 1.661530503
7.95 7.9 8 1.607526598
8.05 8 8.1 1.688093058
8.15 8.1 8.2 1.524623909
8.25 8.2 8.3 1.56256167
8.35 8.3 8.4 1.504194124
8.45 8.4 8.5 1.445001408
8.55 8.5 8.6 1.448775993
8.65 8.6 8.7 1.356114299
8.75 8.7 8.8 1.439021466
8.85 8.8 8.9 1.320229791
8.95 8.9 9 1.385244196
9.05 9 9.1 1.35317701
9.15 9.1 9.2 1.303489722
9.25 9.2 9.3 1.244292489
9.35 9.3 9.4 1.221217129
9.45 9.4 9.5 1.167998664
9.55 9.5 9.6 1.134385552
9.65 9.6 9.7 1.190652009
9.75 9.7 9.8 1.121735362
9.85 9.8 9.9 1.090631255
9.95 9.9 10 1.105725926
10.05 10 10.1 1.091224064
10.15 10.1 10.2 1.078286047
10.25 10.2 10.3 1.081507189
10.35 10.3 10.4 1.035109127
10.45 10.4 10.5 0.959715878
10.55 10.5 10.6 1.037450453
10.65 10.6 10.7 0.9976112356
10.75 10.7 10.8 1.000123199
10.85 10.8 10.9 0.9133746126
10.95 10.9 11 0.9222032133
11.05 11 11.1 0.914455575
11.15 11.1 11.2 0.8800889928
11.25 11.2 11.3 0.9217303511
11.35 11.3 11.4 0.8531369615
11.45 11.4 11.5 0.8849476939
11.55 11.5 11.6 0.8580122999
11.65 11.6 11.7 0.8317087719
11.75 11.7 11.8 0.8348933588
11.85 11.8 11.9 0.8473411836
11.95 11.9 12 0.8339558771
12.05 12 12.1 0.7732019249
12.15 12.1 12.2 0.7765362213
12.25 12.2 12.3 0.778072156
12.35 12.3 12.4 0.7230374348
12.45 12.4 12.5 0.7562335755
12.55 12.5 12.6 0.7309037393
12.65 12.6 12.7 0.7375836864
12.75 12.7 12.8 0.6945565628
12.85 12.8 12.9 0.7052981398
12.95 12.9 13 0.6641267988
13.05 13 13.1 0.7221694288
13.15 13.1 13.2 0.6472317731
13.25 13.2 13.3 0.6561567396
13.35 13.3 13.4 0.6578763054
13.45 13.4 13.5 0.6554373414
13.55 13.5 13.6 0.6649912537
13.65 13.6 13.7 0.6061080267
13.75 13.7 13.8 0.6134873715
13.85 13.8 13.9 0.6014047723
13.95 13.9 14 0.5991485718
14.05 14 14.1 0.5912402651
14.15 14.1 14.2 0.5845017901
14.25 14.2 14.3 0.5529128967
14.35 14.3 14.4 0.5682099977
14.45 14.4 14.5 0.5539681185
14.55 14.5 14.6 0.5511556312
14.65 14.6 14.7 0.5336525321
14.75 14.7 14.8 0.5408511974
14.85 14.8 14.9 0.553782978
14.95 14.9 15 0.517977536
15.05 15 15.1 0.4966980484
15.15 15.1 15.2 0.4661251935
15.25 15.2 15.3 0.4983067821
15.35 15.3 15.4 0.4778032263
15.45 15.4 15.5 0.4942851474
15.55 15.5 15.6 0.4725244449
15.65 15.6 15.7 0.5049082795
15.75 15.7 15.8 0.4662466136
15.85 15.8 15.9 0.4816476105
15.95 15.9 16 0.4817882755
16.05 16 16.1 0.4627437708
16.15 16.1 16.2 0.4594317657
16.25 16.2 16.3 0.4430103986
16.35 16.3 16.4 0.4199441369
16.45 16.4 16.5 0.3988422224
16.55 16.5 16.6 0.4290157463
16.65 16.6 16.7 0.391772037
16.75 16.7 16.8 0.4208874101
16.85 16.8 16.9 0.4091312504
16.95 16.9 17 0.4066916322
17.05 17 17.1 0.4095351828
17.15 17.1 17.2 0.4102335928
17.25 17.2 17.3 0.380846614
17.35 17.3 17.4 0.3763966708
17.45 17.4 17.5 0.3813260483
17.55 17.5 17.6 0.3604774269
17.65 17.6 17.7 0.3560186339
17.75 17.7 17.8 0.368350813
17.85 17.8 17.9 0.3522690964
17.95 17.9 18 0.349042361
18.05 18 18.1 0.3346026284
18.15 18.1 18.2 0.3601589412
18.25 18.2 18.3 0.357684179
18.35 18.3 18.4 0.342732594
18.45 18.4 18.5 0.3543849767
18.55 18.5 18.6 0.3421298933
18.65 18.6 18.7 0.3396477446
18.75 18.7 18.8 0.3043692055
18.85 18.8 18.9 0.3355417126
18.95 18.9 19 0.3213853805
19.05 19 19.1 0.3407874797
19.15 19.1 19.2 0.3290462558
19.25 19.2 19.3 0.3102906483
19.35 19.3 19.4 0.3235731139
19.45 19.4 19.5 0.2987126454
19.55 19.5 19.6 0.3122792914
19.65 19.6 19.7 0.3064467845
19.75 19.7 19.8 0.2872975752
19.85 19.8 19.9 0.2961812487
19.95 19.9 20 0.280088511
20.05 20 20.1 0.2922480673
20.15 20.1 20.2 0.2780166703
20.25 20.2 20.3 0.2822778591
20.35 20.3 20.4 0.2772997247
20.45 20.4 20.5 0.2677139239
20.55 20.5 20.6 0.2634277747
20.65 20.6 20.7 0.2611441239
20.75 20.7 20.8 0.2733605009
20.85 20.8 20.9 0.2540154802
20.95 20.9 21 0.2569740573
21.05 21 21.1 0.2548606784
21.15 21.1 21.2 0.2605115469
21.25 21.2 21.3 0.2529293962
21.35 21.3 21.4 0.269646551
21.45 21.4 21.5 0.2544564556
21.55 21.5 21.6 0.242482849
21.65 21.6 21.7 0.2326313697
21.75 21.7 21.8 0.2368443754
21.85 21.8 21.9 0.2454222831
21.95 21.9 22 0.2598958433
22.05 22 22.1 0.2344985468
22.15 22.1 22.2 0.2283505269
22.25 22.2 22.3 0.2291964989
22.35 22.3 22.4 0.2365590893
22.45 22.4 22.5 0.2085074613
22.55 22.5 22.6 0.2211778973
22.65 22.6 22.7 0.2164611682
22.75 22.7 22.8 0.2321785978
22.85 22.8 22.9 0.2146691906
22.95 22.9 23 0.214764537
23.05 23 23.1 0.2206358629
23.15 23.1 23.2 0.2036695937
23.25 23.2 23.3 0.1921920375
23.35 23.3 23.4 0.2101883156
23.45 23.4 23.5 0.2063478508
23.55 23.5 23.6 0.2179189115
23.65 23.6 23.7 0.2035234495
23.75 23.7 23.8 0.2110545669
23.85 23.8 23.9 0.1853345054
23.95 23.9 24 0.1894499682
24.05 24 24.1 0.2059653085
24.15 24.1 24.2 0.2022419412
24.25 24.2 24.3 0.189720155
24.35 24.3 24.4 0.1865668058
24.45 24.4 24.5 0.1870466395
24.55 24.5 24.6 0.1817756994
24.65 24.6 24.7 0.1741949266
24.75 24.7 24.8 0.1733515669
24.85 24.8 24.9 0.1795660766
24.95 24.9 25 0.1666732597
25.05 25 25.1 0.1768620857
25.15 25.1 25.2 0.165395487
25.25 25.2 25.3 0.1657209626
25.35 25.3 25.4 0.175309555
25.45 25.4 25.5 0.1729827962
25.55 25.5 25.6 0.1700853466
25.65 25.6 25.7 0.1710223792
25.75 25.7 25.8 0.1686601094
25.85 25.8 25.9 0.1594110921
25.95 25.9 26 0.1683767197
26.05 26 26.1 0.1643620017
26.15 26.1 26.2 0.1439027762
26.25 26.2 26.3 0.1606970645
26.35 26.3 26.4 0.1483077759
26.45 26.4 26.5 0.1431605775
26.55 26.5 26.6 0.1341865441
26.65 26.6 26.7 0.1466888709
26.75 26.7 26.8 0.1528740258
26.85 26.8 26.9 0.1472752707
26.95 26.9 27 0.1428382649
27.05 27 27.1 0.129277676
27.15 27.1 27.2 0.1495233972
27.25 27.2 27.3 0.1507393423
27.35 27.3 27.4 0.1441485849
27.45 27.4 27.5 0.1395729309
27.55 27.5 27.6 0.1208445852
27.65 27.6 27.7 0.1408006068
27.75 27.7 27.8 0.1349184313
27.85 27.8 27.9 0.1304074551
27.95 27.9 28 0.1397439754
28.05 28 28.1 0.1352228781
28.15 28.1 28.2 0.1313270515
28.25 28.2 28.3 0.1375327373
28.35 28.3 28.4 0.1304165512
28.45 28.4 28.5 0.1196767238
28.55 28.5 28.6 0.1311424399
28.65 28.6 28.7 0.1206581318
28.75 28.7 28.8 0.1127638498
28.85 28.8 28.9 0.1211970943
28.95 28.9 29 0.1334183201
29.05 29 29.1 0.1337631579
29.15 29.1 29.2 0.1178724291
29.25 29.2 29.3 0.1348368408
29.35 29.3 29.4 0.1140553265
29.45 29.4 29.5 0.1162907986
29.55 29.5 29.6 0.1204518479
29.65 29.6 29.7 0.1126786881
29.75 29.7 29.8 0.1232615913
29.85 29.8 29.9 0.1197994533
29.95 29.9 30 0.1273199657
30.05 30 30.1 0.1062274944
30.15 30.1 30.2 0.1065080856
30.25 30.2 30.3 0.1033682936
30.35 30.3 30.4 0.1100415226
30.45 30.4 30.5 0.106911694
30.55 30.5 30.6 0.112639671
30.65 30.6 30.7 0.1114465928
30.75 30.7 30.8 0.101239439
30.85 30.8 30.9 0.09448051395
30.95 30.9 31 0.1100968024
31.05 31 31.1 0.0977304167
31.15 31.1 31.2 0.1064834896
31.25 31.2 31.3 0.1034723748
31.35 31.3 31.4 0.08526662643
31.45 31.4 31.5 0.09180359729
31.55 31.5 31.6 0.1048903866
31.65 31.6 31.7 0.09398859433
31.75 31.7 31.8 0.104595673
31.85 31.8 31.9 0.1020919778
31.95 31.9 32 0.09962397828
32.05 32 32.1 0.09567754446
32.15 32.1 32.2 0.09388808921
32.25 32.2 32.3 0.1080829857
32.35 32.3 32.4 0.08982350438
32.45 32.4 32.5 0.09405474614
32.55 32.5 32.6 0.0886957517
32.65 32.6 32.7 0.09091413199
32.75 32.7 32.8 0.08922205982
32.85 32.8 32.9 0.09169893356
32.95 32.9 33 0.0927780189
33.05 33 33.1 0.09228707019
33.15 33.1 33.2 0.09048320292
33.25 33.2 33.3 0.08912280673
33.35 33.3 33.4 0.08521283914
33.45 33.4 33.5 0.08574227382
33.55 33.5 33.6 0.1053419736
33.65 33.6 33.7 0.08504911019
33.75 33.7 33.8 0.08678613454
33.85 33.8 33.9 0.08173381436
33.95 33.9 34 0.08758334256
34.05 34 34.1 0.07838287229
34.15 34.1 34.2 0.08154289966
34.25 34.2 34.3 0.08075978089
34.35 34.3 34.4 0.08277428803
34.45 34.4 34.5 0.08130665729
34.55 34.5 34.6 0.08918899221
34.65 34.6 34.7 0.08625795628
34.75 34.7 34.8 0.07844630743
34.85 34.8 34.9 0.07586652537
34.95 34.9 35 0.06898829767
35.05 35 35.1 0.0790507477
35.15 35.1 35.2 0.0731136648
35.25 35.2 35.3 0.06944292089
35.35 35.3 35.4 0.07061502885
35.45 35.4 35.5 0.07776824255
35.55 35.5 35.6 0.07975483552
35.65 35.6 35.7 0.08000161783
35.75 35.7 35.8 0.07155945784
35.85 35.8 35.9 0.06139994346
35.95 35.9 36 0.06483173255
36.05 36 36.1 0.05958359887
36.15 36.1 36.2 0.08423049822
36.25 36.2 36.3 0.05972648196
36.35 36.3 36.4 0.07509603025
36.45 36.4 36.5 0.07703077568
36.55 36.5 36.6 0.06627499148
36.65 36.6 36.7 0.06942181181
36.75 36.7 36.8 0.0656151722
36.85 36.8 36.9 0.06372685286
36.95 36.9 37 0.05312850918
37.05 37 37.1 0.0658130629
37.15 37.1 37.2 0.0658739592
37.25 37.2 37.3 0.06183367605
37.35 37.3 37.4 0.07136522935
37.45 37.4 37.5 0.07251465683
37.55 37.5 37.6 0.06230040903
37.65 37.6 37.7 0.06566057481
37.75 37.7 37.8 0.06905598654
37.85 37.8 37.9 0.05074043765
37.95 37.9 38 0.04940994065
38.05 38 38.1 0.06103028122
38.15 38.1 38.2 0.05152796672
38.25 38.2 38.3 0.06692789294
38.35 38.3 38.4 0.06178131711
38.45 38.4 38.5 0.04946600011
38.55 38.5 38.6 0.05883009469
38.65 38.6 38.7 0.05284671232
38.75 38.7 38.8 0.06186286082
38.85 38.8 38.9 0.05840208736
38.95 38.9 39 0.05687947087
39.05 39 39.1 0.0509902233
39.15 39.1 39.2 0.05371922602
39.25 39.2 39.3 0.05872233818
39.35 39.3 39.4 0.06254533727
39.45 39.4 39.5 0.05424675901
39.55 39.5 39.6 0.05748254097
39.65 39.6 39.7 0.06267536821
39.75 39.7 39.8 0.04359153656
39.85 39.8 39.9 0.0483909795
39.95 39.9 40 0.0515627902
40.05 40 40.1 0.0531053608
40.15 40.1 40.2 0.0504611822
40.25 40.2 40.3 0.04801934583
40.35 40.3 40.4 0.05393725795
40.45 40.4 40.5 0.04895226314
40.55 40.5 40.6 0.04489866657
40.65 40.6 40.7 0.04785904386
40.75 40.7 40.8 0.0548607394
40.85 40.8 40.9 0.04870331365
40.95 40.9 41 0.05378785777
41.05 41 41.1 0.04837813193
41.15 41.1 41.2 0.05484149108
41.25 41.2 41.3 0.04651367992
41.35 41.3 41.4 0.04308813132
41.45 41.4 41.5 0.04375680667
41.55 41.5 41.6 0.05411761137
41.65 41.6 41.7 0.04767135186
41.75 41.7 41.8 0.04270921063
41.85 41.8 41.9 0.0450990968
41.95 41.9 42 0.05172107834
42.05 42 42.1 0.04809683093
42.15 42.1 42.2 0.04687105717
42.25 42.2 42.3 0.04735692571
42.35 42.3 42.4 0.04773676109
42.45 42.4 42.5 0.05593942606
42.55 42.5 42.6 0.03592632008
42.65 42.6 42.7 0.0422145738
42.75 42.7 42.8 0.04583294489
42.85 42.8 42.9 0.04917151542
42.95 42.9 43 0.03923475919
43.05 43 43.1 0.03894254735
43.15 43.1 43.2 0.03753157829
43.25 43.2 43.3 0.04124037423
43.35 43.3 43.4 0.03490841467
43.45 43.4 43.5 0.03985366595
43.55 43.5 43.6 0.03962646542
43.65 43.6 43.7 0.0397839446
43.75 43.7 43.8 0.04023556878
43.85 43.8 43.9 0.04130018313
43.95 43.9 44 0.04569520217
44.05 44 44.1 0.04883225678
44.15 44.1 44.2 0.03860990685
44.25 44.2 44.3 0.04195144546
44.35 44.3 44.4 0.03885637701
44.45 44.4 44.5 0.04204060533
44.55 44.5 44.6 0.03114140268
44.65 44.6 44.7 0.04162029083
44.75 44.7 44.8 0.04228646842
44.85 44.8 44.9 0.04014022395
44.95 44.9 45 0.04295627837
45.05 45 45.1 0.03936852861
45.15 45.1 45.2 0.04088539075
45.25 45.2 45.3 0.03976933232
45.35 45.3 45.4 0.03166336009
45.45 45.4 45.5 0.0372970958
45.55 45.5 45.6 0.03344848148
45.65 45.6 45.7 0.02856599889
45.75 45.7 45.8 0.03339998565
45.85 45.8 45.9 0.03833932625
45.95 45.9 46 0.04249920459
46.05 46 46.1 0.03609193917
46.15 46.1 46.2 0.04394992941
46.25 46.2 46.3 0.0368320304
46.35 46.3 46.4 0.03159295906
46.45 46.4 46.5 0.03800553864
46.55 46.5 46.6 0.04293638855
46.65 46.6 46.7 0.03134742055
46.75 46.7 46.8 0.03700647827
46.85 46.8 46.9 0.03665713258
46.95 46.9 47 0.03538941869
47.05 47 47.1 0.04072933251
47.15 47.1 47.2 0.03422593621
47.25 47.2 47.3 0.03709741195
47.35 47.3 47.4 0.04683999764
47.45 47.4 47.5 0.03285402705
47.55 47.5 47.6 0.03351645245
47.65 47.6 47.7 0.03514543739
47.75 47.7 47.8 0.03486549415
47.85 47.8 47.9 0.03067472244
47.95 47.9 48 0.03606528462
48.05 48 48.1 0.03067122349
48.15 48.1 48.2 0.02695991079
48.25 48.2 48.3 0.02543072558
48.35 48.3 48.4 0.03013195031
48.45 48.4 48.5 0.0353087023
48.55 48.5 48.6 0.03495422342
48.65 48.6 48.7 0.02833538659
48.75 48.7 48.8 0.03299532248
48.85 48.8 48.9 0.02916824804
48.95 48.9 49 0.03206521851
49.05 49 49.1 0.03228081197
49.15 49.1 49.2 0.02935154783
49.25 49.2 49.3 0.03782198424
49.35 49.3 49.4 0.03443580254
49.45 49.4 49.5 0.04063064172
49.55 49.5 49.6 0.0378905695
49.65 49.6 49.7 0.023670507
49.75 49.7 49.8 0.02517996483
49.85 49.8 49.9 0.03045908182
49.95 49.9 50 0.03211477476
50.05 50 50.1 0.03234593549
50.15 50.1 50.2 0.02634727392
50.25 50.2 50.3 0.02991378581
50.35 50.3 50.4 0.02793869714
50.45 50.4 50.5 0.04077680739
50.55 50.5 50.6 0.0400045356
50.65 50.6 50.7 0.03181195743
50.75 50.7 50.8 0.03724100798
50.85 50.8 50.9 0.0357565011
50.95 50.9 51 0.02652515939
51.05 51 51.1 0.03405787756
51.15 51.1 51.2 0.02700689664
51.25 51.2 51.3 0.02315187606
51.35 51.3 51.4 0.02543761973
51.45 51.4 51.5 0.024410432
51.55 51.5 51.6 0.02117520131
51.65 51.6 51.7 0.03137368442
51.75 51.7 51.8 0.02200401139
51.85 51.8 51.9 0.02804908105
51.95 51.9 52 0.01744278677
52.05 52 52.1 0.02805974543
52.15 52.1 52.2 0.02206914796
52.25 52.2 52.3 0.01926021875
52.35 52.3 52.4 0.02782692636
52.45 52.4 52.5 0.02548924943
52.55 52.5 52.6 0.03103052208
52.65 52.6 52.7 0.02174130577
52.75 52.7 52.8 0.02756058235
52.85 52.8 52.9 0.01595173711
52.95 52.9 53 0.02126685077
53.05 53 53.1 0.02016130329
53.15 53.1 53.2 0.02817479793
53.25 53.2 53.3 0.01908039268
53.35 53.3 53.4 0.02615050473
53.45 53.4 53.5 0.02376961032
53.55 53.5 53.6 0.03372007525
53.65 53.6 53.7 0.02039333634
53.75 53.7 53.8 0.02773351141
53.85 53.8 53.9 0.02774575307
53.95 53.9 54 0.02142508869
54.05 54 54.1 0.02012061967
54.15 54.1 54.2 0.02113056174
54.25 54.2 54.3 0.02508623812
54.35 54.3 54.4 0.01257837496
54.45 54.4 54.5 0.02203816174
54.55 54.5 54.6 0.01913456234
54.65 54.6 54.7 0.02030797397
54.75 54.7 54.8 0.02252776766
54.85 54.8 54.9 0.02251096201
54.95 54.9 55 0.02233805152
55.05 55 55.1 0.01788628746
55.15 55.1 55.2 0.0198335766
55.25 55.2 55.3 0.02551672537
55.35 55.3 55.4 0.02178559725
55.45 55.4 55.5 0.02352342591
55.55 55.5 55.6 0.02221371804
55.65 55.6 55.7 0.02525022945
55.75 55.7 55.8 0.02150054143
55.85 55.8 55.9 0.02152284154
55.95 55.9 56 0.02198281167
56.05 56 56.1 0.02437734956
56.15 56.1 56.2 0.01893900289
56.25 56.2 56.3 0.02979223083
56.35 56.3 56.4 0.01768260145
56.45 56.4 56.5 0.0144470399
56.55 56.5 56.6 0.02166861375
56.65 56.6 56.7 0.01265813896
56.75 56.7 56.8 0.02277034845
56.85 56.8 56.9 0.02290165357
56.95 56.9 57 0.0213992213
57.05 57 57.1 0.01731761012
57.15 57.1 57.2 0.01884805285
57.25 57.2 57.3 0.01674012263
57.35 57.3 57.4 0.01907638593
57.45 57.4 57.5 0.02087167891
57.55 57.5 57.6 0.02222948668
57.65 57.6 57.7 0.01312634197
57.75 57.7 57.8 0.02275012011
57.85 57.8 57.9 0.01639061835
57.95 57.9 58 0.01309472935
58.05 58 58.1 0.01228966829
58.15 58.1 58.2 0.02049902514
58.25 58.2 58.3 0.01718908631
58.35 58.3 58.4 0.01732761954
58.45 58.4 58.5 0.0195275644
58.55 58.5 58.6 0.01407997867
58.65 58.6 58.7 0.01508485156
58.75 58.7 58.8 0.02020153029
58.85 58.8 58.9 0.01998104877
58.95 58.9 59 0.02007755759
59.05 59 59.1 0.01564235172
59.15 59.1 59.2 0.02080893475
59.25 59.2 59.3 0.02526674244
59.35 59.3 59.4 0.02036453339
59.45 59.4 59.5 0.01608665437
59.55 59.5 59.6 0.01031118259
59.65 59.6 59.7 0.02145230631
59.75 59.7 59.8 0.0117999612
59.85 59.8 59.9 0.0171677469
59.95 59.9 60 0.02109840475
60.05 60 60.1 0.01737248745
60.15 60.1 60.2 0.01444909824
60.25 60.2 60.3 0.01584418144
60.35 60.3 60.4 0.01570981494
60.45 60.4 60.5 0.01790105741
60.55 60.5 60.6 0.01880133706
60.65 60.6 60.7 0.01307878297
60.75 60.7 60.8 0.01932844638
60.85 60.8 60.9 0.01495067262
60.95 60.9 61 0.01944247254
61.05 61 61.1 0.01740199546
61.15 61.1 61.2 0.01781163704
61.25 61.2 61.3 0.02040951532
61.35 61.3 61.4 0.01785038974
61.45 61.4 61.5 0.01099243865
61.55 61.5 61.6 0.02051807638
61.65 61.6 61.7 0.01668419959
61.75 61.7 61.8 0.01510880412
61.85 61.8 61.9 0.02488032628
61.95 61.9 62 0.0174731061
62.05 62 62.1 0.01120789177
62.15 62.1 62.2 0.0167652848
62.25 62.2 62.3 0.01953133903
62.35 62.3 62.4 0.02122341703
62.45 62.4 62.5 0.01081512199
62.55 62.5 62.6 0.01568811859
62.65 62.6 62.7 0.0173657021
62.75 62.7 62.8 0.0121121861
62.85 62.8 62.9 0.02021750004
62.95 62.9 63 0.02010564783
63.05 63 63.1 0.01614263306
63.15 63.1 63.2 0.02340014762
63.25 63.2 63.3 0.01473933243
63.35 63.3 63.4 0.01827706098
63.45 63.4 63.5 0.02299431493
63.55 63.5 63.6 0.008382441539
63.65 63.6 63.7 0.01713744584
63.75 63.7 63.8 0.0100336316
63.85 63.8 63.9 0.01894107547
63.95 63.9 64 0.01633768505
64.05 64 64.1 0.01170405142
64.15 64.1 64.2 0.01395653469
64.25 64.2 64.3 0.01836094374
64.35 64.3 64.4 0.01268048386
64.45 64.4 64.5 0.01685613354
64.55 64.5 64.6 0.01158481363
64.65 64.6 64.7 0.01572762761
64.75 64.7 64.8 0.01460068364
64.85 64.8 64.9 0.01624839504
64.95 64.9 65 0.01292211062
65.05 65 65.1 0.009039399081
65.15 65.1 65.2 0.01289184426
65.25 65.2 65.3 0.01640390766
65.35 65.3 65.4 0.0171458004
65.45 65.4 65.5 0.018902048
65.55 65.5 65.6 0.0137385647
65.65 65.6 65.7 0.01399336156
65.75 65.7 65.8 0.01929619189
65.85 65.8 65.9 0.01753214764
65.95 65.9 66 0.0111297164
66.05 66 66.1 0.0162861029
66.15 66.1 66.2 0.0189347051
66.25 66.2 66.3 0.01351860783
66.35 66.3 66.4 0.01033610289
66.45 66.4 66.5 0.01635609763
66.55 66.5 66.6 0.01212380424
66.65 66.6 66.7 0.01547826669
66.75 66.7 66.8 0.01331729435
66.85 66.8 66.9 0.01493075607
66.95 66.9 67 0.01464537253
67.05 67 67.1 0.01462461937
67.15 67.1 67.2 0.01074890279
67.25 67.2 67.3 0.01655257662
67.35 67.3 67.4 0.01426298094
67.45 67.4 67.5 0.01927434065
67.55 67.5 67.6 0.01113373911
67.65 67.6 67.7 0.01546726021
67.75 67.7 67.8 0.01793182216
67.85 67.8 67.9 0.007948244229
67.95 67.9 68 0.01563655168
68.05 68 68.1 0.01052974201
68.15 68.1 68.2 0.01561886133
68.25 68.2 68.3 0.01600771228
68.35 68.3 68.4 0.01580845269
68.45 68.4 68.5 0.01540531836
68.55 68.5 68.6 0.008151507558
68.65 68.6 68.7 0.007607030984
68.75 68.7 68.8 0.01433643437
68.85 68.8 68.9 0.006711586969
68.95 68.9 69 0.01378539251
69.05 69 69.1 0.009067658705
69.15 69.1 69.2 0.01359601579
69.25 69.2 69.3 0.01297654379
69.35 69.3 69.4 0.01106551513
69.45 69.4 69.5 0.007833721195
69.55 69.5 69.6 0.00908084438
69.65 69.6 69.7 0.009736662894
69.75 69.7 69.8 0.005962621791
69.85 69.8 69.9 0.006542049001
69.95 69.9 70 0.01617040072
70.05 70 70.1 0.0099671691
70.15 70.1 70.2 0.01261911258
70.25 70.2 70.3 0.0155472436
70.35 70.3 70.4 0.01264983693
70.45 70.4 70.5 0.005292611762
70.55 70.5 70.6 0.01175736874
70.65 70.6 70.7 0.005947651062
70.75 70.7 70.8 0.0156249221
70.85 70.8 70.9 0.010983392
70.95 70.9 71 0.005872703997
71.05 71 71.1 0.008165254672
71.15 71.1 71.2 0.00474295929
71.25 71.2 71.3 0.008669531006
71.35 71.3 71.4 0.01126246748
71.45 71.4 71.5 0.01377871907
71.55 71.5 71.6 0.007782270188
71.65 71.6 71.7 0.01057593764
71.75 71.7 71.8 0.01136769731
71.85 71.8 71.9 0.003033905539
71.95 71.9 72 0.007237362679
72.05 72 72.1 0.007162850571
72.15 72.1 72.2 0.006843698412
72.25 72.2 72.3 0.006010753198
72.35 72.3 72.4 0.01526523724
72.45 72.4 72.5 0.009221084545
72.55 72.5 72.6 0.005201855015
72.65 72.6 72.7 0.01019513242
72.75 72.7 72.8 0.006749574641
72.85 72.8 72.9 0.009575680235
72.95 72.9 73 0.008311441253
73.05 73 73.1 0.0056857583
73.15 73.1 73.2 0.01119416317
73.25 73.2 73.3 0.006221241725
73.35 73.3 73.4 0.002617232543
73.45 73.4 73.5 0.01101204071
73.55 73.5 73.6 0.005325105825
73.65 73.6 73.7 0.009525892245
73.75 73.7 73.8 0.006340911175
73.85 73.8 73.9 0.005556873844
73.95 73.9 74 0.008746276065
74.05 74 74.1 0.009633903159
74.15 74.1 74.2 0.00760649113
74.25 74.2 74.3 0.0005038378467
74.35 74.3 74.4 0.00353270875
74.45 74.4 74.5 0.003737886911
74.55 74.5 74.6 0.00794360269
74.65 74.6 74.7 0.003615753862
74.75 74.7 74.8 0.009559306737
74.85 74.8 74.9 0.007312424511
74.95 74.9 75 0.006588004145
75.05 75 75.1 0.008120480771
75.15 75.1 75.2 0.01241706137
75.25 75.2 75.3 0.01067969228
75.35 75.3 75.4 0.01050074591
75.45 75.4 75.5 0.004877925253
75.55 75.5 75.6 0.002246678593
75.65 75.6 75.7 0.01102692317
75.75 75.7 75.8 0.005215695053
75.85 75.8 75.9 0.004178423882
75.95 75.9 76 0.01112503464
76.05 76 76.1 0.007226970925
76.15 76.1 76.2 0.005382526372
76.25 76.2 76.3 0.01201425499
76.35 76.3 76.4 0.006936969377
76.45 76.4 76.5 0.005844563694
76.55 76.5 76.6 0.01287676446
76.65 76.6 76.7 0.01089812036
76.75 76.7 76.8 0.006119092334
76.85 76.8 76.9 0.003735721326
76.95 76.9 77 0.007793605148
77.05 77 77.1 0.00795722925
77.15 77.1 77.2 0.012741233
77.25 77.2 77.3 0.007419210899
77.35 77.3 77.4 0.0112863678
77.45 77.4 77.5 0.01194772776
77.55 77.5 77.6 0.008835825555
77.65 77.6 77.7 0.00923019623
77.75 77.7 77.8 0.01040657327
77.85 77.8 77.9 0.01006623597
77.95 77.9 78 0.01108984227
78.05 78 78.1 0.007217953664
78.15 78.1 78.2 0.01104390949
78.25 78.2 78.3 0.01213277224
78.35 78.3 78.4 0.004223279567
78.45 78.4 78.5 0.007853406507
78.55 78.5 78.6 0.005693630058
78.65 78.6 78.7 0.004231497133
78.75 78.7 78.8 0.009228263083
78.85 78.8 78.9 0.005473916175
78.95 78.9 79 0.004714455435
79.05 79 79.1 0.007261040742
79.15 79.1 79.2 0.005412533468
79.25 79.2 79.3 0.007870886889
79.35 79.3 79.4 0.006783140642
79.45 79.4 79.5 0.009365610331
79.55 79.5 79.6 0.006042768382
79.65 79.6 79.7 0.007237653347
79.75 79.7 79.8 0.005482365646
79.85 79.8 79.9 0.009603332302
79.95 79.9 80 0.007283623009
80.05 80 80.1 -0.0006847605333
80.15 80.1 80.2 0.007082737143
80.25 80.2 80.3 0.003495748815
80.35 80.3 80.4 0.003658905916
80.45 80.4 80.5 0.005977198772
80.55 80.5 80.6 0.008500471064
80.65 80.6 80.7 0.005652807537
80.75 80.7 80.8 0.008582652455
80.85 80.8 80.9 0.005413593137
80.95 80.9 81 0.009784415682
81.05 81 81.1 0.006466192135
81.15 81.1 81.2 0.006670341161
81.25 81.2 81.3 0.005093808884
81.35 81.3 81.4 0.003491410877
81.45 81.4 81.5 0.01168719676
81.55 81.5 81.6 0.004663173798
81.65 81.6 81.7 0.003825866322
81.75 81.7 81.8 0.007380573501
81.85 81.8 81.9 0.006042792031
81.95 81.9 82 0.01045184174
82.05 82 82.1 0.001782697107
82.15 82.1 82.2 0.008108542634
82.25 82.2 82.3 0.008262699016
82.35 82.3 82.4 0.008783506175
82.45 82.4 82.5 0.009257231763
82.55 82.5 82.6 0.008363263216
82.65 82.6 82.7 0.001170744408
82.75 82.7 82.8 0.008835108792
82.85 82.8 82.9 0.005560994932
82.95 82.9 83 0.003440957115
83.05 83 83.1 0.009316953296
83.15 83.1 83.2 0.006541890567
83.25 83.2 83.3 0.005465144913
83.35 83.3 83.4 0.007740248538
83.45 83.4 83.5 0.006927941986
83.55 83.5 83.6 0.00517706969
83.65 83.6 83.7 0.00553078715
83.75 83.7 83.8 0.01055065594
83.85 83.8 83.9 0.01121663696
83.95 83.9 84 0.004841789961
84.05 84 84.1 0.00585168019
84.15 84.1 84.2 0.01044716543
84.25 84.2 84.3 0.002368199763
84.35 84.3 84.4 0.01206078215
84.45 84.4 84.5 0.004972268126
84.55 84.5 84.6 0.006550403217
84.65 84.6 84.7 0.004893084964
84.75 84.7 84.8 0.00455409306
84.85 84.8 84.9 0.00689368585
84.95 84.9 85 0.007710758438
85.05 85 85.1 0.00422777958
85.15 85.1 85.2 0.003107709841
85.25 85.2 85.3 0.008892951593
85.35 85.3 85.4 0.006359489945
85.45 85.4 85.5 0.003539368985
85.55 85.5 85.6 0.003796302497
85.65 85.6 85.7 0.01118372713
85.75 85.7 85.8 0.007223754863
85.85 85.8 85.9 0.006019085944
85.95 85.9 86 0.003546407556
86.05 86 86.1 0.002877681268
86.15 86.1 86.2 0.007083048597
86.25 86.2 86.3 0.007436897346
86.35 86.3 86.4 0.005492261664
86.45 86.4 86.5 0.008076829557
86.55 86.5 86.6 0.004711853036
86.65 86.6 86.7 0.01038701765
86.75 86.7 86.8 0.006752441322
86.85 86.8 86.9 0.002614400073
86.95 86.9 87 0.007240932381
87.05 87 87.1 0.00089534456
87.15 87.1 87.2 0.01065941323
87.25 87.2 87.3 0.007219577022
87.35 87.3 87.4 0.002473034685
87.45 87.4 87.5 0.008571315529
87.55 87.5 87.6 0.006644931072
87.65 87.6 87.7 0.00453753865
87.75 87.7 87.8 0.007756050244
87.85 87.8 87.9 0.008034033174
87.95 87.9 88 0.005327204683
88.05 88 88.1 0.006004101561
88.15 88.1 88.2 0.007021154056
88.25 88.2 88.3 0.009769049003
88.35 88.3 88.4 0.007763089754
88.45 88.4 88.5 0.004198674061
88.55 88.5 88.6 0.005389534844
88.65 88.6 88.7 0.006289000727
88.75 88.7 88.8 0.004646990812
88.85 88.8 88.9 0.004593197498
88.95 88.9 89 0.005957157332
89.05 89 89.1 0.003180482299
89.15 89.1 89.2 0.005383182133
89.25 89.2 89.3 0.008773914348
89.35 89.3 89.4 0.003015171985
89.45 89.4 89.5 0.007889486207
89.55 89.5 89.6 0.005316122366
89.65 89.6 89.7 0.003027387933
89.75 89.7 89.8 0.001906524401
89.85 89.8 89.9 0.006889499807
89.95 89.9 90 0.004796850457
90.05 90 90.1 0.009291364244
90.15 90.1 90.2 0.005413551269
90.25 90.2 90.3 0.005600445138
90.35 90.3 90.4 0.008146584577
90.45 90.4 90.5 0.003905470465
90.55 90.5 90.6 0.006972289071
90.65 90.6 90.7 0.006857408306
90.75 90.7 90.8 0.007174095713
90.85 90.8 90.9 -0.001581856838
90.95 90.9 91 0.00721454765
91.05 91 91.1 0.00983214297
91.15 91.1 91.2 0.00436795919
91.25 91.2 91.3 0.002392850046
91.35 91.3 91.4 0.004210888694
91.45 91.4 91.5 0.002786395735
91.55 91.5 91.6 0.007227311797
91.65 91.6 91.7 0.009422850813
91.75 91.7 91.8 0.003022117134
91.85 91.8 91.9 -0.0002627922469
91.95 91.9 92 0.001936099189
92.05 92 92.1 0.007167473612
92.15 92.1 92.2 0.006545961074
92.25 92.2 92.3 0.01206844064
92.35 92.3 92.4 0.004331284893
92.45 92.4 92.5 0.007990253703
92.55 92.5 92.6 0.009703775586
92.65 92.6 92.7 0.004669390521
92.75 92.7 92.8 0.002579233128
92.85 92.8 92.9 0.003919664238
92.95 92.9 93 0.004087012201
93.05 93 93.1 0.006511805751
93.15 93.1 93.2 0.003599162841
93.25 93.2 93.3 0.007319929668
93.35 93.3 93.4 0.005590870394
93.45 93.4 93.5 0.005883409644
93.55 93.5 93.6 0.007192862062
93.65 93.6 93.7 0.006146647289
93.75 93.7 93.8 0.007197429401
93.85 93.8 93.9 0.007241480663
93.95 93.9 94 0.005532593874
94.05 94 94.1 0.00234076304
94.15 94.1 94.2 0.007384926182
94.25 94.2 94.3 0.005571578863
94.35 94.3 94.4 0.006590463658
94.45 94.4 94.5 0.008332986583
94.55 94.5 94.6 0.002462757137
94.65 94.6 94.7 0.009531167813
94.75 94.7 94.8 0.00646959891
94.85 94.8 94.9 0.008536312827
94.95 94.9 95 0.007548632302
95.05 95 95.1 0.004157962
95.15 95.1 95.2 0.005224046547
95.25 95.2 95.3 0.009921796379
95.35 95.3 95.4 0.001395797829
95.45 95.4 95.5 0.005150884281
95.55 95.5 95.6 0.002894354044
95.65 95.6 95.7 0.007643878729
95.75 95.7 95.8 0.007430190479
95.85 95.8 95.9 0.006584062815
95.95 95.9 96 -0.00203611823
96.05 96 96.1 0.00326989757
96.15 96.1 96.2 0.002153817166
96.25 96.2 96.3 0.01070053074
96.35 96.3 96.4 0.01265101401
96.45 96.4 96.5 0.004901833723
96.55 96.5 96.6 0.006736014661
96.65 96.6 96.7 0.002400936572
96.75 96.7 96.8 0.003229870809
96.85 96.8 96.9 0.005142454415
96.95 96.9 97 0.002952560106
97.05 97 97.1 0.006030805394
97.15 97.1 97.2 0.004410158271
97.25 97.2 97.3 0.007232882387
97.35 97.3 97.4 0.01001718326
97.45 97.4 97.5 0.003707634177
97.55 97.5 97.6 0.004795735031
97.65 97.6 97.7 0.004840813773
97.75 97.7 97.8 0.004807271127
97.85 97.8 97.9 0.00651240154
97.95 97.9 98 0.00126994878
98.05 98 98.1 0.0009924694211
98.15 98.1 98.2 0.005384130602
98.25 98.2 98.3 0.003009998354
98.35 98.3 98.4 0.002416500756
98.45 98.4 98.5 0.006615494951
98.55 98.5 98.6 0.004829644706
98.65 98.6 98.7 0.005924938896
98.75 98.7 98.8 0.002785966575
98.85 98.8 98.9 0.003912698606
98.95 98.9 99 0.005574452022
99.05 99 99.1 0.003109365526
99.15 99.1 99.2 0.007091883203
99.25 99.2 99.3 0.002029609672
99.35 99.3 99.4 0.00107163496
99.45 99.4 99.5 0.004719044708
99.55 99.5 99.6 0.001744151012
99.65 99.6 99.7 0.007383525361
99.75 99.7 99.8 0.001722079166
99.85 99.8 99.9 0.005836325971
99.95 99.9 100 0.003361814266
100.05 100 100.1 0.004062311561
100.15 100.1 100.2 0.000746670851
100.25 100.2 100.3 0.004373738254
100.35 100.3 100.4 0.007421602628
100.45 100.4 100.5 0.005169801388
100.55 100.5 100.6 0.003368305198
100.65 100.6 100.7 0.002427321069
100.75 100.7 100.8 0.005128952297
100.85 100.8 100.9 0.005717889339
100.95 100.9 101 0.00302682715
101.05 101 101.1 0.001781349883
101.15 101.1 101.2 0.003944776985
101.25 101.2 101.3 0.005031113621
101.35 101.3 101.4 0.005150198806
101.45 101.4 101.5 0.003245102496
101.55 101.5 101.6 0.006642190645
101.65 101.6 101.7 0.002731911043
101.75 101.7 101.8 0.005720066035
101.85 101.8 101.9 0.00126901483
101.95 101.9 102 0.004603815349
102.05 102 102.1 0.004061721118
102.15 102.1 102.2 0.005128739794
102.25 102.2 102.3 0.007420861727
102.35 102.3 102.4 0.001242408308
102.45 102.4 102.5 0.006809134408
102.55 102.5 102.6 0.004295873891
102.65 102.6 102.7 0.002287992881
102.75 102.7 102.8 0.005849743057
102.85 102.8 102.9 0.005404791579
102.95 102.9 103 0.002836153266
103.05 103 103.1 0.003161819675
103.15 103.1 103.2 0.006553997343
103.25 103.2 103.3 0.005753912491
103.35 103.3 103.4 0.006573365898
103.45 103.4 103.5 0.001845851081
103.55 103.5 103.6 0.004431899451
103.65 103.6 103.7 0.003642135344
103.75 103.7 103.8 0.005858907258
103.85 103.8 103.9 0.003933522132
103.95 103.9 104 0.007422485131
104.05 104 104.1 0.002175603338
104.15 104.1 104.2 0.003517719892
104.25 104.2 104.3 0.002334245161
104.35 104.3 104.4 0.004302858369
104.45 104.4 104.5 0.003724438611
104.55 104.5 104.6 0.001333238399
104.65 104.6 104.7 0.003465215932
104.75 104.7 104.8 0.003257300295
104.85 104.8 104.9 0.002943383412
104.95 104.9 105 0.005049269309
105.05 105 105.1 0.002431789777
105.15 105.1 105.2 0.004930721407
105.25 105.2 105.3 0.001327753434
105.35 105.3 105.4 0.005682530911
105.45 105.4 105.5 0.003687080501
105.55 105.5 105.6 0.006258835802
105.65 105.6 105.7 0.0007550612863
105.75 105.7 105.8 0.003957041811
105.85 105.8 105.9 0.005632402181
105.95 105.9 106 0.005933246896
106.05 106 106.1 0.0006669845392
106.15 106.1 106.2 0.004401641736
106.25 106.2 106.3 0.003150927277
106.35 106.3 106.4 0.004792175201
106.45 106.4 106.5 0.004038054226
106.55 106.5 106.6 0.004104549699
106.65 106.6 106.7 0.002308774176
106.75 106.7 106.8 0.00727552925
106.85 106.8 106.9 0.003154358785
106.95 106.9 107 0.002097257158
107.05 107 107.1 0.005840690659
107.15 107.1 107.2 0.0007067132968
107.25 107.2 107.3 0.005813933137
107.35 107.3 107.4 0.002224978967
107.45 107.4 107.5 0.003260079517
107.55 107.5 107.6 0.006645153924
107.65 107.6 107.7 0.004223893615
107.75 107.7 107.8 0.004102067952
107.85 107.8 107.9 0.003303276238
107.95 107.9 108 0.003232889281
108.05 108 108.1 0.0007300167163
108.15 108.1 108.2 0.006261761645
108.25 108.2 108.3 -0.0001907212839
108.35 108.3 108.4 0.002633106218
108.45 108.4 108.5 0.0033823343
108.55 108.5 108.6 0.004165402034
108.65 108.6 108.7 0.00553773684
108.75 108.7 108.8 0.004423467763
108.85 108.8 108.9 0.006584590335
108.95 108.9 109 0.0001410576704
109.05 109 109.1 0.004007129216
109.15 109.1 109.2 0.00371543409
109.25 109.2 109.3 0.001569718404
109.35 109.3 109.4 0.004641000002
109.45 109.4 109.5 0.002631048421
109.55 109.5 109.6 0.002971661013
109.65 109.6 109.7 0.003347328005
109.75 109.7 109.8 0.002319218952
109.85 109.8 109.9 0.001322794704
109.95 109.9 110 0.0051091606
110.05 110 110.1 0.001168971031
110.15 110.1 110.2 0.00294156804
110.25 110.2 110.3 0.00187144019
110.35 110.3 110.4 0.003141718606
110.45 110.4 110.5 0.0003603069692
110.55 110.5 110.6 0.001536635634
110.65 110.6 110.7 0.002380763218
110.75 110.7 110.8 0.003625774981
110.85 110.8 110.9 0.002750326308
110.95 110.9 111 0.004134372221
111.05 111 111.1 0.0009745480385
111.15 111.1 111.2 0.002279006477
111.25 111.2 111.3 0.006242904547
111.35 111.3 111.4 0.002085950758
111.45 111.4 111.5 0.002330919488
111.55 111.5 111.6 0.004819577011
111.65 111.6 111.7 0.00117049616
111.75 111.7 111.8 0.001944783886
111.85 111.8 111.9 0.00268711477
111.95 111.9 112 0.00170823923
112.05 112 112.1 0.003573080936
112.15 112.1 112.2 0.002651933533
112.25 112.2 112.3 -0.0002285032444
112.35 112.3 112.4 0.006131699917
112.45 112.4 112.5 0.0006279686154
112.55 112.5 112.6 -0.002100061988
112.65 112.6 112.7 0.001842120178
112.75 112.7 112.8 -0.004199527243
112.85 112.8 112.9 0.002902184947
112.95 112.9 113 -7.426725416e-06
113.05 113 113.1 0.001680398659
113.15 113.1 113.2 0.001230065546
113.25 113.2 113.3 0.001317960103
113.35 113.3 113.4 -0.0006116775264
113.45 113.4 113.5 0.002119399382
113.55 113.5 113.6 0.004472471468
113.65 113.6 113.7 0.003901955082
113.75 113.7 113.8 -0.0001480394093
113.85 113.8 113.9 0.00321115504
113.95 113.9 114 0.001929586045
114.05 114 114.1 0.00222460769
114.15 114.1 114.2 0.002899788723
114.25 114.2 114.3 0.00211280724
114.35 114.3 114.4 0.002614891848
114.45 114.4 114.5 0.003134099406
114.55 114.5 114.6 0.005434077947
114.65 114.6 114.7 0.005008533501
114.75 114.7 114.8 0.004120332826
114.85 114.8 114.9 0.003392971671
114.95 114.9 115 0.0001231749919
115.05 115 115.1 0.003176468798
115.15 115.1 115.2 0.00145011737
115.25 115.2 115.3 0.003282892649
115.35 115.3 115.4 0.004577615707
115.45 115.4 115.5 0.003090092211
115.55 115.5 115.6 0.000271832419
115.65 115.6 115.7 1.271507234e-05
115.75 115.7 115.8 0.002899739966
115.85 115.8 115.9 0.001408124551
115.95 115.9 116 0.001558738184
116.05 116 116.1 0.00387168589
116.15 116.1 116.2 0.002287022815
116.25 116.2 116.3 0.00109003832
116.35 116.3 116.4 0.004174089288
116.45 116.4 116.5 0.003363983687
116.55 116.5 116.6 0.003366030119
116.65 116.6 116.7 0.001214331114
116.75 116.7 116.8 -0.0001802538471
116.85 116.8 116.9 0.004035081382
116.95 116.9 117 -0.002651268018
117.05 117 117.1 0.005725806811
117.15 117.1 117.2 0.002942210549
117.25 117.2 117.3 0.00462423749
117.35 117.3 117.4 0.0006123101
117.45 117.4 117.5 0.0009734277423
117.55 117.5 117.6 0.004279351221
117.65 117.6 117.7 0.004031997341
117.75 117.7 117.8 0.003477624841
117.85 117.8 117.9 0.00123138375
117.95 117.9 118 0.002300967231
118.05 118 118.1 0.001844218444
118.15 118.1 118.2 -0.0006317748758
118.25 118.2 118.3 0.003261000715
118.35 118.3 118.4 0.001189086029
118.45 118.4 118.5 0.002708739963
118.55 118.5 118.6 0.003422217675
118.65 118.6 118.7 0.005095985849
118.75 118.7 118.8 0.002505650766
118.85 118.8 118.9 5.195278121e-05
118.95 118.9 119 0.003090861518
119.05 119 119.1 0.002454397535
119.15 119.1 119.2 0.003913474634
119.25 119.2 119.3 0.002654014035
119.35 119.3 119.4 -0.0005000417419
119.45 119.4 119.5 0.002591015694
119.55 119.5 119.6 0.003140934341
119.65 119.6 119.7 0.004085130818
119.75 119.7 119.8 0.001814357649
119.85 119.8 119.9 0.00188310138
119.95 119.9 120 0.002167917842
120.05 120 120.1 0.006060818573
120.15 120.1 120.2 0.001269589455
120.25 120.2 120.3 0.005706489569
120.35 120.3 120.4 0.004404206658
120.45 120.4 120.5 0.001033186413
120.55 120.5 120.6 0.002520212921
120.65 120.6 120.7 0.00482906157
120.75 120.7 120.8 0.003014726174
120.85 120.8 120.9 0.001816907305
120.95 120.9 121 0.003083478669
121.05 121 121.1 0.0001982625868
121.15 121.1 121.2 0.001373111328
121.25 121.2 121.3 0.004208407122
121.35 121.3 121.4 0.003980534149
121.45 121.4 121.5 0.000763859621
121.55 121.5 121.6 -0.0002640630085
121.65 121.6 121.7 0.002871049035
121.75 121.7 121.8 8.601645492e-05
121.85 121.8 121.9 0.001778901264
121.95 121.9 122 0.002157352464
122.05 122 122.1 0.001151317353
122.15 122.1 122.2 0.0005629577486
122.25 122.2 122.3 0.002482656332
122.35 122.3 122.4 -0.001399466433
122.45 122.4 122.5 0.002173210944
122.55 122.5 122.6 0.001152325654
122.65 122.6 122.7 0.002568761697
122.75 122.7 122.8 0.004357143662
122.85 122.8 122.9 0.0003941988273
122.95 122.9 123 0.006222508103
123.05 123 123.1 0.0008966550686
123.15 123.1 123.2 0.0006277909645
123.25 123.2 123.3 0.004834375738
123.35 123.3 123.4 0.002846290843
123.45 123.4 123.5 0.001285438472
123.55 123.5 123.6 0.002998866478
123.65 123.6 123.7 0.0007156287132
123.75 123.7 123.8 0.001722932601
123.85 123.8 123.9 -0.0001356208383
123.95 123.9 124 -0.00220764206
124.05 124 124.1 -0.0006932340051
124.15 124.1 124.2 0.002457087673
124.25 124.2 124.3 0.0008624483427
124.35 124.3 124.4 -0.0006307926161
124.45 124.4 124.5 0.001830075435
124.55 124.5 124.6 0.001738893147
124.65 124.6 124.7 0.0006925400781
124.75 124.7 124.8 -0.001615347783
124.85 124.8 124.9 0.00376837519
124.95 124.9 125 0.001583833701
125.05 125 125.1 -0.002499745065
125.15 125.1 125.2 -0.0001940196278
125.25 125.2 125.3 -0.0001455244181
125.35 125.3 125.4 1.365326696e-05
125.45 125.4 125.5 -0.0001782020127
125.55 125.5 125.6 -0.0001028070395
125.65 125.6 125.7 0.004412718388
125.75 125.7 125.8 0.001842804832
125.85 125.8 125.9 -0.0002143940293
125.95 125.9 126 -0.001555911856
126.05 126 126.1 0.0006824772445
126.15 126.1 126.2 0.0009933809309
126.25 126.2 126.3 0.001311808088
126.35 126.3 126.4 0.00202971887
126.45 126.4 126.5 0.001526368034
126.55 126.5 126.6 0.0007663258204
126.65 126.6 126.7 -0.001145311147
126.75 126.7 126.8 0.00289110958
126.85 126.8 126.9 -2.53461744e-05
126.95 126.9 127 -0.001713701272
127.05 127 127.1 -0.0007956355809
127.15 127.1 127.2 0.002884555395
127.25 127.2 127.3 0.003095477835
127.35 127.3 127.4 0.001282301962
127.45 127.4 127.5 0.002002447309
127.55 127.5 127.6 0.002725677621
127.65 127.6 127.7 0.001040848416
127.75 127.7 127.8 0.00313232324
127.85 127.8 127.9 -0.001968218426
127.95 127.9 128 0.0005546250191
128.05 128 128.1 0.002553640155
128.15 128.1 128.2 -0.0002856051536
128.25 128.2 128.3 -0.001691520017
128.35 128.3 128.4 0.00161438521
128.45 128.4 128.5 0.0006988095388
128.55 128.5 128.6 -0.0002917074269
128.65 128.6 128.7 0.001721501172
128.75 128.7 128.8 0.0009520865397
128.85 128.8 128.9 -0.0009838451204
128.95 128.9 129 -0.001232034517
129.05 129 129.1 0.002166581088
129.15 129.1 129.2 0.005007901568
129.25 129.2 129.3 0.002061809394
129.35 129.3 129.4 -0.002740421677
129.45 129.4 129.5 -0.0008283444638
129.55 129.5 129.6 -0.0001208452749
129.65 129.6 129.7 -0.000168567264
129.75 129.7 129.8 0.0007760211654
129.85 129.8 129.9 0.0009740983363
129.95 129.9 130 0.001302877964
130.05 130 130.1 -0.0009559774462
130.15 130.1 130.2 -0.001067991973
130.25 130.2 130.3 0.0004182176846
130.35 130.3 130.4 -0.001295556989
130.45 130.4 130.5 0.004046225165
130.55 130.5 130.6 -0.000840017569
130.65 130.6 130.7 -0.001671404819
130.75 130.7 130.8 0.0001205391014
130.85 130.8 130.9 -0.002162323381
130.95 130.9 131 -0.0002040746633
131.05 131 131.1 0.001693562319
131.15 131.1 131.2 -6.234226191e-05
131.25 131.2 131.3 -0.001899313195
131.35 131.3 131.4 -0.0001924229561
131.45 131.4 131.5 -0.001482489734
131.55 131.5 131.6 -0.0002425705266
131.65 131.6 131.7 0.001659946471
131.75 131.7 131.8 -0.001279710981
131.85 131.8 131.9 0.001778377796
131.95 131.9 132 0.0007176703576
132.05 132 132.1 -0.0005985896798
132.15 132.1 132.2 -0.002217142936
132.25 132.2 132.3 -0.000163505824
132.35 132.3 132.4 0.001631198985
132.45 132.4 132.5 -0.002229725262
132.55 132.5 132.6 -0.001264994991
132.65 132.6 132.7 0.003562249575
132.75 132.7 132.8 -0.001332760317
132.85 132.8 132.9 0.001302060886
132.95 132.9 133 0.001113269907
133.05 133 133.1 -0.0002641025482
133.15 133.1 133.2 -0.001803597071
133.25 133.2 133.3 -0.002688529478
133.35 133.3 133.4 -0.001620290955
133.45 133.4 133.5 -0.004979055962
133.55 133.5 133.6 0.001030232098
133.65 133.6 133.7 -0.001117116147
133.75 133.7 133.8 -0.001216538455
133.85 133.8 133.9 -6.544060747e-05
133.95 133.9 134 -0.001523560827
134.05 134 134.1 0.002513518294
134.15 134.1 134.2 -0.0007020574399
134.25 134.2 134.3 0.002311869468
134.35 134.3 134.4 -0.001804513432
134.45 134.4 134.5 -0.00152031745
134.55 134.5 134.6 0.0009026442276
134.65 134.6 134.7 0.001189512811
134.75 134.7 134.8 -0.0002136858088
134.85 134.8 134.9 -0.001920979304
134.95 134.9 135 0.0005539315234
135.05 135 135.1 -0.00326102393
135.15 135.1 135.2 -0.001936714614
135.25 135.2 135.3 0.0001162434506
135.35 135.3 135.4 -0.002985587462
135.45 135.4 135.5 -0.001792258529
135.55 135.5 135.6 -0.005572954487
135.65 135.6 135.7 -0.001705798214
135.75 135.7 135.8 -0.004394414941
135.85 135.8 135.9 -0.002288758777
135.95 135.9 136 0.0005070910172
136.05 136 136.1 -0.0001706349145
136.15 136.1 136.2 0.001050444339
136.25 136.2 136.3 -0.003373834637
136.35 136.3 136.4 -0.004547065999
136.45 136.4 136.5 -0.00118921693
136.55 136.5 136.6 -0.002359081556
136.65 136.6 136.7 -0.001092311621
136.75 136.7 136.8 -0.001178609781
136.85 136.8 136.9 -0.002525736873
136.95 136.9 137 -0.00115356164
137.05 137 137.1 -0.002803456754
137.15 137.1 137.2 -0.003957090288
137.25 137.2 137.3 -0.001946294445
137.35 137.3 137.4 -0.004070126816
137.45 137.4 137.5 -0.001399856161
137.55 137.5 137.6 -0.001341310434
137.65 137.6 137.7 -0.005391795866
137.75 137.7 137.8 -4.925977325e-05
137.85 137.8 137.9 -0.005444786414
137.95 137.9 138 -0.0033527983
138.05 138 138.1 -0.001253375392
138.15 138.1 138.2 -0.002929874646
138.25 138.2 138.3 -0.002034814997
138.35 138.3 138.4 -0.002585490817
138.45 138.4 138.5 -0.002151729527
138.55 138.5 138.6 -0.002616654648
138.65 138.6 138.7 -0.0007934877761
138.75 138.7 138.8 -0.001872851569
138.85 138.8 138.9 -0.003609280825
138.95 138.9 139 -0.002894272474
139.05 139 139.1 0.0005940330623
139.15 139.1 139.2 -0.002897155675
139.25 139.2 139.3 -0.0008739581483
139.35 139.3 139.4 -0.004490289765
139.45 139.4 139.5 -0.00282655917
139.55 139.5 139.6 -0.00256363056
139.65 139.6 139.7 0.001520156414
139.75 139.7 139.8 -0.004978231878
139.85 139.8 139.9 -0.002753333836
139.95 139.9 140 -0.0006406848949
140.05 140 140.1 -0.001526487487
140.15 140.1 140.2 -0.002627038405
140.25 140.2 140.3 -0.003067772424
140.35 140.3 140.4 -0.003739717896
140.45 140.4 140.5 -0.002594306561
140.55 140.5 140.6 -0.00327322029
140.65 140.6 140.7 0.0008929412217
140.75 140.7 140.8 -0.001649526436
140.85 140.8 140.9 -2.887975117e-05
140.95 140.9 141 -0.001801022838
141.05 141 141.1 -0.0003598638514
141.15 141.1 141.2 -0.0008674016851
141.25 141.2 141.3 -0.004501982376
141.35 141.3 141.4 -0.0003393532054
141.45 141.4 141.5 -0.0005807364028
141.55 141.5 141.6 -0.004640370028
141.65 141.6 141.7 -0.0004263099617
141.75 141.7 141.8 -0.0008049775292
141.85 141.8 141.9 -0.003118380651
141.95 141.9 142 -0.0001362791556
142.05 142 142.1 -0.001492145434
142.15 142.1 142.2 -0.003236016126
142.25 142.2 142.3 -0.0006204478676
142.35 142.3 142.4 -0.002357403165
142.45 142.4 142.5 -0.001746062458
142.55 142.5 142.6 -0.001636754596
142.65 142.6 142.7 -0.00216883105
142.75 142.7 142.8 -0.003321083748
142.85 142.8 142.9 -0.003069642839
142.95 142.9 143 -0.003338515567
143.05 143 143.1 -0.003204507772
143.15 143.1 143.2 -0.001532201523
143.25 143.2 143.3 -0.0004501841436
143.35 143.3 143.4 -0.001848542574
143.45 143.4 143.5 0.0001867161338
143.55 143.5 143.6 0.0009693803059
143.65 143.6 143.7 -0.00169370964
143.75 143.7 143.8 -0.001029088713
143.85 143.8 143.9 -0.003148892489
143.95 143.9 144 -0.002199491176
144.05 144 144.1 -0.002429642119
144.15 144.1 144.2 -0.0002006815607
144.25 144.2 144.3 -0.002725990347
144.35 144.3 144.4 -0.002950896899
144.45 144.4 144.5 -0.003771947881
144.55 144.5 144.6 -0.004000913158
144.65 144.6 144.7 -0.002166866125
144.75 144.7 144.8 -0.001198806148
144.85 144.8 144.9 -0.003805844159
144.95 144.9 145 -0.003963170799
145.05 145 145.1 -0.004020884564
145.15 145.1 145.2 -0.002509692699
145.25 145.2 145.3 -0.003761380927
145.35 145.3 145.4 -0.00117305867
145.45 145.4 145.5 -0.003051589506
145.55 145.5 145.6 -0.003568603895
145.65 145.6 145.7 -0.001320309693
145.75 145.7 145.8 -0.002323088311
145.85 145.8 145.9 -0.00401698133
145.95 145.9 146 -0.002150866726
146.05 146 146.1 -0.001440761044
146.15 146.1 146.2 -0.002689860726
146.25 146.2 146.3 -0.001665874314
146.35 146.3 146.4 -0.004225448275
146.45 146.4 146.5 -0.001847658966
146.55 146.5 146.6 -0.003478326103
146.65 146.6 146.7 -0.0003700268327
146.75 146.7 146.8 -0.00131110325
146.85 146.8 146.9 -0.002002387605
146.95 146.9 147 -0.0003164255819
147.05 147 147.1 0.002981232514
147.15 147.1 147.2 -0.002458023333
147.25 147.2 147.3 0.0002124550983
147.35 147.3 147.4 0.0007145987997
147.45 147.4 147.5 0.001975074747
147.55 147.5 147.6 -0.003870974111
147.65 147.6 147.7 -1.989810298e-05
147.75 147.7 147.8 -0.002296507297
147.85 147.8 147.9 -0.001578935431
147.95 147.9 148 -0.001783336099
148.05 148 148.1 0.0002572246889
148.15 148.1 148.2 -0.0003625533483
148.25 148.2 148.3 -0.002558276374
148.35 148.3 148.4 -0.001666792159
148.45 148.4 148.5 -0.002531013777
148.55 148.5 148.6 3.148077737e-05
148.65 148.6 148.7 -0.003937286432
148.75 148.7 148.8 -0.001482654487
148.85 148.8 148.9 -0.003461143162
148.95 148.9 149 0.0008127033934
149.05 149 149.1 -0.003531186864
149.15 149.1 149.2 -0.0008401055859
149.25 149.2 149.3 -0.003654865858
149.35 149.3 149.4 -0.0006836109315
149.45 149.4 149.5 -1.66441036e-05
149.55 149.5 149.6 -0.0007774119824
149.65 149.6 149.7 -0.001988411438
149.75 149.7 149.8 -0.0003502367753
149.85 149.8 149.9 -0.004953181349
149.95 149.9 150 -0.0005398536812
150.05 150 150.1 -0.0003826240112
150.15 150.1 150.2 -0.0006493218486
150.25 150.2 150.3 -0.001668010868
150.35 150.3 150.4 -0.0008628589321
150.45 150.4 150.5 -0.00297602839
150.55 150.5 150.6 -0.002629789079
150.65 150.6 150.7 -0.001224370444
150.75 150.7 150.8 -0.003074490193
150.85 150.8 150.9 7.040869994e-05
150.95 150.9 151 -0.003687850412
151.05 151 151.1 -0.001718262177
151.15 151.1 151.2 -0.003036900921
151.25 151.2 151.3 -0.001153457432
151.35 151.3 151.4 -0.001565496302
151.45 151.4 151.5 -0.003358122662
151.55 151.5 151.6 -0.001419005569
151.65 151.6 151.7 -0.001782716235
151.75 151.7 151.8 0.001077982806
151.85 151.8 151.9 -0.0014890419
151.95 151.9 152 -0.00216405669
152.05 152 152.1 -0.0007460190379
152.15 152.1 152.2 0.0004148870706
152.25 152.2 152.3 -0.001497990058
152.35 152.3 152.4 -0.002871476794
152.45 152.4 152.5 0.00031539192
152.55 152.5 152.6 0.001537264527
152.65 152.6 152.7 -0.002148795563
152.75 152.7 152.8 -0.0006964627576
152.85 152.8 152.9 6.686683073e-05
152.95 152.9 153 0.0006553049286
153.05 153 153.1 -0.0004415827766
153.15 153.1 153.2 -0.004940068663
153.25 153.2 153.3 -0.004123506917
153.35 153.3 153.4 -0.0009766758634
153.45 153.4 153.5 -0.0007906220792
153.55 153.5 153.6 -0.001646183354
153.65 153.6 153.7 -5.328005191e-05
153.75 153.7 153.8 -0.0009602057146
153.85 153.8 153.9 -0.002233129371
153.95 153.9 154 -0.002449684594
154.05 154 154.1 -0.002807224907
154.15 154.1 154.2 -0.001496710401
154.25 154.2 154.3 -0.004933730204
154.35 154.3 154.4 -0.002014880199
154.45 154.4 154.5 -0.0004544154089
154.55 154.5 154.6 -0.002718953931
154.65 154.6 154.7 -0.001136985134
154.75 154.7 154.8 -0.00133984899
154.85 154.8 154.9 -0.002182386353
154.95 154.9 155 -0.003447526441
155.05 155 155.1 -0.001032125635
155.15 155.1 155.2 -0.0001884122868
155.25 155.2 155.3 -0.001555230439
155.35 155.3 155.4 -0.003760557702
155.45 155.4 155.5 -0.001408142164
155.55 155.5 155.6 0.001248977487
155.65 155.6 155.7 -0.0004707307786
155.75 155.7 155.8 -0.002236250827
155.85 155.8 155.9 -0.002065009659
155.95 155.9 156 -0.003038565133
156.05 156 156.1 -0.003520478438
156.15 156.1 156.2 -0.002264938109
156.25 156.2 156.3 -0.0005752153166
156.35 156.3 156.4 -0.0006422341371
156.45 156.4 156.5 -0.001346975859
156.55 156.5 156.6 -0.005983511236
156.65 156.6 156.7 -0.001705902336
156.75 156.7 156.8 -0.001268420181
156.85 156.8 156.9 -0.001358074406
156.95 156.9 157 -0.003007556127
157.05 157 157.1 -0.001844201976
157.15 157.1 157.2 -0.002732965178
157.25 157.2 157.3 -0.003176596432
157.35 157.3 157.4 -0.002028280668
157.45 157.4 157.5 -0.003748919425
157.55 157.5 157.6 -0.004205696112
157.65 157.6 157.7 -0.002440197862
157.75 157.7 157.8 -0.001614677606
157.85 157.8 157.9 -0.002648980913
157.95 157.9 158 -0.0002335923553
158.05 158 158.1 -0.003070724995
158.15 158.1 158.2 -0.002600850233
158.25 158.2 158.3 -0.001090989921
158.35 158.3 158.4 -0.0018749452
158.45 158.4 158.5 0.000171366973
158.55 158.5 158.6 -0.0007454288508
158.65 158.6 158.7 -0.0007182092614
158.75 158.7 158.8 -0.00406553539
158.85 158.8 158.9 -0.002085034043
158.95 158.9 159 -0.001790428284
159.05 159 159.1 -0.0003048912537
159.15 159.1 159.2 -0.003930411301
159.25 159.2 159.3 -0.001741049806
159.35 159.3 159.4 -0.004001025273
159.45 159.4 159.5 -0.000945841094
159.55 159.5 159.6 -0.002620863431
159.65 159.6 159.7 -0.004215448618
159.75 159.7 159.8 -0.001721866816
159.85 159.8 159.9 -0.001094314663
159.95 159.9 160 -0.003145806859
160.05 160 160.1 -0.002276577365
160.15 160.1 160.2 -0.0007031787828
160.25 160.2 160.3 -0.0003564762578
160.35 160.3 160.4 -0.003159136213
160.45 160.4 160.5 0.0005696963765
160.55 160.5 160.6 -0.0009038366004
160.65 160.6 160.7 0.0007613494394
160.75 160.7 160.8 -0.003236912521
160.85 160.8 160.9 -0.002267000756
160.95 160.9 161 -0.0003858078024
161.05 161 161.1 -0.003625274468
161.15 161.1 161.2 -0.001096014411
161.25 161.2 161.3 -0.002185896735
161.35 161.3 161.4 0.0006704881616
161.45 161.4 161.5 -0.004460414785
161.55 161.5 161.6 -0.0008407294119
161.65 161.6 161.7 -0.001732579714
161.75 161.7 161.8 -0.005382903296
161.85 161.8 161.9 -0.001263476461
161.95 161.9 162 -0.003491509521
162.05 162 162.1 -0.001909287334
162.15 162.1 162.2 -0.001640964378
162.25 162.2 162.3 -0.0004823947474
162.35 162.3 162.4 -0.002254784062
162.45 162.4 162.5 -0.002883518894
162.55 162.5 162.6 -5.384951515e-05
162.65 162.6 162.7 -0.003401206438
162.75 162.7 162.8 -0.003388127263
162.85 162.8 162.9 -0.002690947295
162.95 162.9 163 0.001075083995
163.05 163 163.1 -0.003672975843
163.15 163.1 163.2 -0.002030734407
163.25 163.2 163.3 -0.001205554265
163.35 163.3 163.4 -0.0005520074385
163.45 163.4 163.5 -0.002014537759
163.55 163.5 163.6 -0.005941391134
163.65 163.6 163.7 -0.002859350475
163.75 163.7 163.8 -0.004245586086
163.85 163.8 163.9 -0.003453785906
163.95 163.9 164 -0.003604820266
164.05 164 164.1 -0.003061484264
164.15 164.1 164.2 -0.000604287623
164.25 164.2 164.3 -0.00322915652
164.35 164.3 164.4 -0.005640806832
164.45 164.4 164.5 -0.002781653371
164.55 164.5 164.6 0.0007923706222
164.65 164.6 164.7 -0.001633169971
164.75 164.7 164.8 -0.001946140461
164.85 164.8 164.9 -0.005561145466
164.95 164.9 165 -0.006604316022
165.05 165 165.1 -0.002133720638
165.15 165.1 165.2 -0.002714999784
165.25 165.2 165.3 -0.0003584290124
165.35 165.3 165.4 -0.003606684392
165.45 165.4 165.5 -0.004033424839
165.55 165.5 165.6 -0.0006830751304
165.65 165.6 165.7 -0.00303158514
165.75 165.7 165.8 -0.003950191734
165.85 165.8 165.9 -0.004682081654
165.95 165.9 166 -0.001485381505
166.05 166 166.1 -0.003212473025
166.15 166.1 166.2 -0.005069004583
166.25 166.2 166.3 -0.005023823534
166.35 166.3 166.4 -0.005300955573
166.45 166.4 166.5 0.0006103065176
166.55 166.5 166.6 -0.001179905994
166.65 166.6 166.7 -0.00329467054
166.75 166.7 166.8 -0.003844567531
166.85 166.8 166.9 -0.00553860387
166.95 166.9 167 -0.004067919956
167.05 167 167.1 -0.0020374582
167.15 167.1 167.2 -0.002583706496
167.25 167.2 167.3 -0.001435734253
167.35 167.3 167.4 -0.003627080396
167.45 167.4 167.5 -0.003874279956
167.55 167.5 167.6 -0.002786809665
167.65 167.6 167.7 -0.001569109145
167.75 167.7 167.8 -0.002836154491
167.85 167.8 167.9 -0.004401777586
167.95 167.9 168 -0.0006084448369
168.05 168 168.1 -0.001126658722
168.15 168.1 168.2 -0.004107569594
168.25 168.2 168.3 -8.313246451e-05
168.35 168.3 168.4 -0.003312422991
168.45 168.4 168.5 -0.006908178489
168.55 168.5 168.6 -0.001079082747
168.65 168.6 168.7 -0.0009082547564
168.75 168.7 168.8 -0.001089443633
168.85 168.8 168.9 -0.001389643851
168.95 168.9 169 -0.004142464238
169.05 169 169.1 -0.001945405115
169.15 169.1 169.2 -0.002623933394
169.25 169.2 169.3 -0.002869764597
169.35 169.3 169.4 -0.003136446149
169.45 169.4 169.5 -0.00327304564
169.55 169.5 169.6 -0.001416374995
169.65 169.6 169.7 -0.001466484491
169.75 169.7 169.8 -0.004286496637
169.85 169.8 169.9 -0.002365762668
169.95 169.9 170 -0.005815857756
170.05 170 170.1 -0.001483810998
170.15 170.1 170.2 -0.003279729102
170.25 170.2 170.3 -0.005218751746
170.35 170.3 170.4 -0.004051002503
170.45 170.4 170.5 -0.001467235806
170.55 170.5 170.6 -0.005081840499
170.65 170.6 170.7 -0.007395099644
170.75 170.7 170.8 -0.005254554454
170.85 170.8 170.9 -0.005981184368
170.95 170.9 171 -0.002568037606
171.05 171 171.1 -0.0003256138707
171.15 171.1 171.2 -0.00416503181
171.25 171.2 171.3 -0.003969178748
171.35 171.3 171.4 -0.001809228587
171.45 171.4 171.5 -0.006341754581
171.55 171.5 171.6 0.0007558756047
171.65 171.6 171.7 -0.006435573569
171.75 171.7 171.8 -0.000756027084
171.85 171.8 171.9 -0.00362183329
171.95 171.9 172 -0.002622676345
172.05 172 172.1 -0.004665559257
172.15 172.1 172.2 -0.003865288718
172.25 172.2 172.3 -0.00352415457
172.35 172.3 172.4 -0.004197091679
172.45 172.4 172.5 -0.004924898183
172.55 172.5 172.6 -0.003082365859
172.65 172.6 172.7 -0.0009570119053
172.75 172.7 172.8 -0.003184713137
172.85 172.8 172.9 -0.003908809329
172.95 172.9 173 -0.001093450134
173.05 173 173.1 -0.003080545845
173.15 173.1 173.2 -0.003161431126
173.25 173.2 173.3 -0.004806761106
173.35 173.3 173.4 -0.002225747496
173.45 173.4 173.5 -0.005138275123
173.55 173.5 173.6 -0.005701454817
173.65 173.6 173.7 -0.00373562143
173.75 173.7 173.8 -0.002885882872
173.85 173.8 173.9 -0.003024013464
173.95 173.9 174 -0.003083676736
174.05 174 174.1 -0.004279550607
174.15 174.1 174.2 -0.002605829531
174.25 174.2 174.3 -0.003544809254
174.35 174.3 174.4 -0.002996431882
174.45 174.4 174.5 -0.001703466718
174.55 174.5 174.6 -0.0006216271194
174.65 174.6 174.7 -0.005032028347
174.75 174.7 174.8 -0.004238288803
174.85 174.8 174.9 -0.002307913569
174.95 174.9 175 -0.003619056362
175.05 175 175.1 -0.0008526228431
175.15 175.1 175.2 -0.004138467054
175.25 175.2 175.3 -0.003560579662
175.35 175.3 175.4 -0.001894974516
175.45 175.4 175.5 -0.00470959962
175.55 175.5 175.6 -0.0031988067
175.65 175.6 175.7 -0.002123999737
175.75 175.7 175.8 -0.001473299045
175.85 175.8 175.9 -0.003478925024
175.95 175.9 176 -0.001877380783
176.05 176 176.1 -0.005043131393
176.15 176.1 176.2 -0.0002788578587
176.25 176.2 176.3 -0.004741601922
176.35 176.3 176.4 -0.003937264825
176.45 176.4 176.5 -0.0007662956099
176.55 176.5 176.6 -0.001383705962
176.65 176.6 176.7 -0.002302143153
176.75 176.7 176.8 -0.001850399374
176.85 176.8 176.9 -0.001853938881
176.95 176.9 177 -0.001537926069
177.05 177 177.1 -0.004555903036
177.15 177.1 177.2 -0.001793878966
177.25 177.2 177.3 -0.003703597149
177.35 177.3 177.4 -0.0014597385
177.45 177.4 177.5 -0.00100496281
177.55 177.5 177.6 -0.002633412469
177.65 177.6 177.7 -0.00336763126
177.75 177.7 177.8 -0.00179594871
177.85 177.8 177.9 -0.00207630694
177.95 177.9 178 -0.001938654685
178.05 178 178.1 -0.002918532338
178.15 178.1 178.2 -0.003453036926
178.25 178.2 178.3 -0.0001212470713
178.35 178.3 178.4 -0.002453186898
178.45 178.4 178.5 -0.004271279544
178.55 178.5 178.6 -0.001546926628
178.65 178.6 178.7 -0.002118784616
178.75 178.7 178.8 -0.002869231463
178.85 178.8 178.9 -0.001698066282
178.95 178.9 179 -0.001231061683
179.05 179 179.1 -0.001698785285
179.15 179.1 179.2 -0.001868046861
179.25 179.2 179.3 -0.001264524045
179.35 179.3 179.4 -0.002461075996
179.45 179.4 179.5 -0.001762017521
179.55 179.5 179.6 -0.001973964441
179.65 179.6 179.7 -0.002584900133
179.75 179.7 179.8 -0.004298189505
179.85 179.8 179.9 -0.002573559938
179.95 179.9 180 -0.002201170473
180.05 180 180.1 -0.0005577480681
180.15 180.1 180.2 -0.001178734085
180.25 180.2 180.3 -0.002365361385
180.35 180.3 180.4 -0.002393192781
180.45 180.4 180.5 -0.002348657432
180.55 180.5 180.6 -0.0009685341523
180.65 180.6 180.7 -0.002586510988
180.75 180.7 180.8 -0.00120469909
180.85 180.8 180.9 -0.003002298436
180.95 180.9 181 0.0001642936384
181.05 181 181.1 -0.0004584892414
181.15 181.1 181.2 -0.0008012168571
181.25 181.2 181.3 -0.001620032595
181.35 181.3 181.4 -0.00129186494
181.45 181.4 181.5 -0.002603574586
181.55 181.5 181.6 -0.003838504108
181.65 181.6 181.7 -0.001412965245
181.75 181.7 181.8 -0.001571785809
181.85 181.8 181.9 -0.001309594844
181.95 181.9 182 -0.003910077203
182.05 182 182.1 -0.002448891601
182.15 182.1 182.2 -0.003621356708
182.25 182.2 182.3 -0.002223000413
182.35 182.3 182.4 -0.004954999542
182.45 182.4 182.5 -0.001630056395
182.55 182.5 182.6 -0.002325064828
182.65 182.6 182.7 -0.004457007637
182.75 182.7 182.8 -0.003514017257
182.85 182.8 182.9 -0.003115359974
182.95 182.9 183 -0.002853748116
183.05 183 183.1 -0.0005741111977
183.15 183.1 183.2 -0.00210397166
183.25 183.2 183.3 -0.0001625222293
183.35 183.3 183.4 -0.001558344105
183.45 183.4 183.5 -0.003475659634
183.55 183.5 183.6 -0.002671032928
183.65 183.6 183.7 -0.001031544074
183.75 183.7 183.8 -0.001763730415
183.85 183.8 183.9 -0.001482681703
183.95 183.9 184 -0.002008923892
184.05 184 184.1 -0.003552044047
184.15 184.1 184.2 -0.0007173607728
184.25 184.2 184.3 -0.001645930475
184.35 184.3 184.4 -0.0004750115656
184.45 184.4 184.5 -0.002444411381
184.55 184.5 184.6 -0.001056079535
184.65 184.6 184.7 -0.003461230342
184.75 184.7 184.8 -0.00361621704
184.85 184.8 184.9 -0.001495497592
184.95 184.9 185 0.0002933271971
185.05 185 185.1 -0.003221781777
185.15 185.1 185.2 -0.005259265246
185.25 185.2 185.3 -0.00357234422
185.35 185.3 185.4 -0.002126412229
185.45 185.4 185.5 -0.004585825798
185.55 185.5 185.6 -0.001354671662
185.65 185.6 185.7 -0.003052925042
185.75 185.7 185.8 -0.001118104889
185.85 185.8 185.9 -0.001050796249
185.95 185.9 186 -0.002112592631
186.05 186 186.1 -0.003236413415
186.15 186.1 186.2 -0.004136273501
186.25 186.2 186.3 -0.003533442011
186.35 186.3 186.4 -0.003211955262
186.45 186.4 186.5 -0.0007092631477
186.55 186.5 186.6 -0.00333600161
186.65 186.6 186.7 -0.002806484636
186.75 186.7 186.8 -0.005433416499
186.85 186.8 186.9 -0.001965895419
186.95 186.9 187 -0.002137594232
187.05 187 187.1 -0.003794334057
187.15 187.1 187.2 -0.0029010863
187.25 187.2 187.3 -0.000910493536
187.35 187.3 187.4 -0.001093195843
187.45 187.4 187.5 -0.001432569826
187.55 187.5 187.6 -0.00280238311
187.65 187.6 187.7 -0.0009865919762
187.75 187.7 187.8 -0.005520637929
187.85 187.8 187.9 -0.003254391844
187.95 187.9 188 -0.001582656615
188.05 188 188.1 -0.001704745857
188.15 188.1 188.2 -0.00196174608
188.25 188.2 188.3 -0.003566378043
188.35 188.3 188.4 -0.00127438312
188.45 188.4 188.5 -0.001450150648
188.55 188.5 188.6 -0.002015001774
188.65 188.6 188.7 0.0001127091438
188.75 188.7 188.8 -0.002989383162
188.85 188.8 188.9 -0.001532001238
188.95 188.9 189 -0.001328144897
189.05 189 189.1 -0.001307242636
189.15 189.1 189.2 -0.003128861825
189.25 189.2 189.3 -0.0005040237092
189.35 189.3 189.4 -0.000395671303
189.45 189.4 189.5 -0.003072659469
189.55 189.5 189.6 -0.002332396095
189.65 189.6 189.7 -0.001665220601
189.75 189.7 189.8 -0.00162348231
189.85 189.8 189.9 -0.004320773164
189.95 189.9 190 -0.0007425286749
190.05 190 190.1 -0.003452843938
190.15 190.1 190.2 -0.001472972245
190.25 190.2 190.3 -0.001004526277
190.35 190.3 190.4 -0.003577945017
190.45 190.4 190.5 -4.155633662e-05
190.55 190.5 190.6 -0.001495359714
190.65 190.6 190.7 -0.002943402439
190.75 190.7 190.8 -0.003197112844
190.85 190.8 190.9 -0.002282365783
190.95 190.9 191 -0.003607385115
191.05 191 191.1 -0.001459994921
191.15 191.1 191.2 -0.0007971604928
191.25 191.2 191.3 -0.0009367277216
191.35 191.3 191.4 -0.001646142157
191.45 191.4 191.5 -0.001212770487
191.55 191.5 191.6 -0.001812289405
191.65 191.6 191.7 -0.003090611415
191.75 191.7 191.8 -0.001926514301
191.85 191.8 191.9 -0.002621721319
191.95 191.9 192 -0.002663480315
192.05 192 192.1 -0.003132357063
192.15 192.1 192.2 -0.004088362478
192.25 192.2 192.3 -0.002962722703
192.35 192.3 192.4 -0.001338333736
192.45 192.4 192.5 -0.001743911421
192.55 192.5 192.6 -0.001043396326
192.65 192.6 192.7 -0.003467248453
192.75 192.7 192.8 -0.003400722176
192.85 192.8 192.9 -0.002323696299
192.95 192.9 193 -0.001950843297
193.05 193 193.1 -0.0004650957546
193.15 193.1 193.2 -0.0009611083109
193.25 193.2 193.3 -0.002597748044
193.35 193.3 193.4 -0.003695325898
193.45 193.4 193.5 -0.002962947497
193.55 193.5 193.6 -0.002479687089
193.65 193.6 193.7 -0.003333916765
193.75 193.7 193.8 -0.00106602123
193.85 193.8 193.9 -0.002640987445
193.95 193.9 194 -0.0006602068246
194.05 194 194.1 0.0005576029853
194.15 194.1 194.2 -0.0001016151497
194.25 194.2 194.3 -0.004693397875
194.35 194.3 194.4 -0.003174786261
194.45 194.4 194.5 9.720953294e-05
194.55 194.5 194.6 -0.003264688332
194.65 194.6 194.7 -0.003200722852
194.75 194.7 194.8 -0.002136655852
194.85 194.8 194.9 -0.00210459633
194.95 194.9 195 -0.002942819444
195.05 195 195.1 -0.001941749061
195.15 195.1 195.2 -0.001430920214
195.25 195.2 195.3 -0.003333467576
195.35 195.3 195.4 -0.0004305136363
195.45 195.4 195.5 -7.951201004e-05
195.55 195.5 195.6 -0.001390271455
195.65 195.6 195.7 -0.001187000641
195.75 195.7 195.8 -0.0006208566002
195.85 195.8 195.9 -0.004496334929
195.95 195.9 196 -0.001833130845
196.05 196 196.1 -0.001233226823
196.15 196.1 196.2 -0.001717151814
196.25 196.2 196.3 -0.0009868857772
196.35 196.3 196.4 0.001101376809
196.45 196.4 196.5 -0.003434518866
196.55 196.5 196.6 0.001965547744
196.65 196.6 196.7 -0.001337786506
196.75 196.7 196.8 -0.003898661956
196.85 196.8 196.9 -0.003228415978
196.95 196.9 197 -0.001660282881
197.05 197 197.1 -0.002637026837
197.15 197.1 197.2 -0.0001514337271
197.25 197.2 197.3 -0.002235508823
197.35 197.3 197.4 -0.002410809474
197.45 197.4 197.5 -0.003260571184
197.55 197.5 197.6 -0.001499086177
197.65 197.6 197.7 -0.00244663408
197.75 197.7 197.8 -0.003422972996
197.85 197.8 197.9 -0.001618162236
197.95 197.9 198 -0.003268760708
198.05 198 198.1 -0.00159005418
198.15 198.1 198.2 -0.001493895393
198.25 198.2 198.3 -0.00250181886
198.35 198.3 198.4 -0.001448770608
198.45 198.4 198.5 -0.003778115023
198.55 198.5 198.6 -0.001267960574
198.65 198.6 198.7 -0.003560687115
198.75 198.7 198.8 -0.002897127947
198.85 198.8 198.9 -0.002655840019
198.95 198.9 199 -0.002235254038
199.05 199 199.1 -0.001304218897
199.15 199.1 199.2 -0.003639846373
199.25 199.2 199.3 -0.003367630925
199.35 199.3 199.4 -0.002444823763
199.45 199.4 199.5 -0.00206993034
199.55 199.5 199.6 -0.001411466283
199.65 199.6 199.7 -0.002386034851
199.75 199.7 199.8 0.0005383700613
199.85 199.8 199.9 -0.00153270537
199.95 199.9 200 -0.004699156701
