# Columns: s_cen(1) s_min(2) s_max(3) xi_iso(4)
0.05 0 0.1 43.36027323
0.15 0.1 0.2 10.83286557
0.25 0.2 0.3 11.79841705
0.35 0.3 0.4 17.75812501
0.45 0.4 0.5 21.45212364
0.55 0.5 0.6 23.27080453
0.65 0.6 0.7 22.71390859
0.75 0.7 0.8 20.69116404
0.85 0.8 0.9 21.81027259
0.95 0.9 1 20.54054144
1.05 1 1.1 20.19279832
1.15 1.1 1.2 18.87732858
1.25 1.2 1.3 18.01397357
1.35 1.3 1.4 17.24835693
1.45 1.4 1.5 17.31200622
1.55 1.5 1.6 16.40278073
1.65 1.6 1.7 15.51212936
1.75 1.7 1.8 14.4572191
1.85 1.8 1.9 13.71458839
1.95 1.9 2 12.41067645
2.05 2 2.1 11.45258674
2.15 2.1 2.2 11.0332509
2.25 2.2 2.3 10.71518266
2.35 2.3 2.4 9.765035122
2.45 2.4 2.5 9.161765649
2.55 2.5 2.6 8.828120361
2.65 2.6 2.7 7.952223229
2.75 2.7 2.8 7.825077067
2.85 2.8 2.9 7.424106734
2.95 2.9 3 6.805859843
3.05 3 3.1 6.780972115
3.15 3.1 3.2 6.326024949
3.25 3.2 3.3 5.954866414
3.35 3.3 3.4 5.997561294
3.45 3.4 3.5 5.572842001
3.55 3.5 3.6 5.432925533
3.65 3.6 3.7 5.376612879
3.75 3.7 3.8 5.082505688
3.85 3.8 3.9 4.870088471
3.95 3.9 4 4.714867244
4.05 4 4.1 4.497697617
4.15 4.1 4.2 4.457996711
4.25 4.2 4.3 4.173196772
4.35 4.3 4.4 4.160832517
4.45 4.4 4.5 3.936201362
4.55 4.5 4.6 3.869156797
4.65 4.6 4.7 3.806146912
4.75 4.7 4.8 3.572867591
4.85 4.8 4.9 3.524051429
4.95 4.9 5 3.427363159
5.05 5 5.1 3.237688439
5.15 5.1 5.2 3.263246756
5.25 5.2 5.3 3.051292726
5.35 5.3 5.4 3.064658535
5.45 5.4 5.5 3.053752546
5.55 5.5 5.6 2.86650037
5.65 5.6 5.7 2.828766293
5.75 5.7 5.8 2.741174896
5.85 5.8 5.9 2.67040029
5.95 5.9 6 2.614533164
6.05 6 6.1 2.530296839
6.15 6.1 6.2 2.402904447
6.25 6.2 6.3 2.425830251
6.35 6.3 6.4 2.35002287
6.45 6.4 6.5 2.354578525
6.55 6.5 6.6 2.243631073
6.65 6.6 6.7 2.189586702
6.75 6.7 6.8 2.090244764
6.85 6.8 6.9 2.041656607
6.95 6.9 7 2.024880689
7.05 7 7.1 1.952932885
7.15 7.1 7.2 1.941530844
7.25 7.2 7.3 1.873767936
7.35 7.3 7.4 1.811119446
7.45 7.4 7.5 1.77373665
7.55 7.5 7.6 1.788273021
7.65 7.6 7.7 1.767492629
7.75 7.7 7.8 1.698580657
7.85 7.8 7.9 1.637936728
7.95 7.9 8 1.585261665
8.05 8 8.1 1.573206655
8.15 8.1 8.2 1.548310998
8.25 8.2 8.3 1.521616701
8.35 8.3 8.4 1.527336944
8.45 8.4 8.5 1.467296275
8.55 8.5 8.6 1.434839152
8.65 8.6 8.7 1.395517987
8.75 8.7 8.8 1.417847061
8.85 8.8 8.9 1.340555652
8.95 8.9 9 1.322305851
9.05 9 9.1 1.30879812
9.15 9.1 9.2 1.275364375
9.25 9.2 9.3 1.241005447
9.35 9.3 9.4 1.253427807
9.45 9.4 9.5 1.239595524
9.55 9.5 9.6 1.168661326
9.65 9.6 9.7 1.172633731
9.75 9.7 9.8 1.127662475
9.85 9.8 9.9 1.104812467
9.95 9.9 10 1.081359456
10.05 10 10.1 1.053944558
10.15 10.1 10.2 1.071506428
10.25 10.2 10.3 1.051857041
10.35 10.3 10.4 1.075490886
10.45 10.4 10.5 1.015314257
10.55 10.5 10.6 0.966192262
10.65 10.6 10.7 0.9671406605
10.75 10.7 10.8 0.9606302631
10.85 10.8 10.9 0.9674460814
10.95 10.9 11 0.9273036324
11.05 11 11.1 0.9318331329
11.15 11.1 11.2 0.8904296592
11.25 11.2 11.3 0.8848985406
11.35 11.3 11.4 0.8693309717
11.45 11.4 11.5 0.8818450131
11.55 11.5 11.6 0.8266637973
11.65 11.6 11.7 0.8345527824
11.75 11.7 11.8 0.7990959169
11.85 11.8 11.9 0.8170185178
11.95 11.9 12 0.7772442675
12.05 12 12.1 0.7691257527
12.15 12.1 12.2 0.7505175669
12.25 12.2 12.3 0.7533879804
12.35 12.3 12.4 0.7621193129
12.45 12.4 12.5 0.7379037408
12.55 12.5 12.6 0.7451048949
12.65 12.6 12.7 0.7050637082
12.75 12.7 12.8 0.6941176727
12.85 12.8 12.9 0.6886612309
12.95 12.9 13 0.6882391455
13.05 13 13.1 0.6554105265
13.15 13.1 13.2 0.6695490061
13.25 13.2 13.3 0.6385058588
13.35 13.3 13.4 0.6365345458
13.45 13.4 13.5 0.638298081
13.55 13.5 13.6 0.627074396
13.65 13.6 13.7 0.6123832213
13.75 13.7 13.8 0.607543883
13.85 13.8 13.9 0.6080343802
13.95 13.9 14 0.5668392527
14.05 14 14.1 0.5895169071
14.15 14.1 14.2 0.579156698
14.25 14.2 14.3 0.5847347181
14.35 14.3 14.4 0.5485508658
14.45 14.4 14.5 0.5579488494
14.55 14.5 14.6 0.5229986347
14.65 14.6 14.7 0.5566665144
14.75 14.7 14.8 0.5187173123
14.85 14.8 14.9 0.5261428453
14.95 14.9 15 0.5162486417
15.05 15 15.1 0.5294366393
15.15 15.1 15.2 0.4981149809
15.25 15.2 15.3 0.4965983837
15.35 15.3 15.4 0.4785646397
15.45 15.4 15.5 0.4868982872
15.55 15.5 15.6 0.4547303147
15.65 15.6 15.7 0.469059573
15.75 15.7 15.8 0.4661976381
15.85 15.8 15.9 0.463889638
15.95 15.9 16 0.4673137889
16.05 16 16.1 0.4585899817
16.15 16.1 16.2 0.4477530875
16.25 16.2 16.3 0.4581343776
16.35 16.3 16.4 0.4214678591
16.45 16.4 16.5 0.4261950566
16.55 16.5 16.6 0.4253716313
16.65 16.6 16.7 0.4125016822
16.75 16.7 16.8 0.4123610998
16.85 16.8 16.9 0.409385469
16.95 16.9 17 0.4100039485
17.05 17 17.1 0.4060144296
17.15 17.1 17.2 0.3860123154
17.25 17.2 17.3 0.3827854089
17.35 17.3 17.4 0.372169083
17.45 17.4 17.5 0.3776255428
17.55 17.5 17.6 0.3829042363
17.65 17.6 17.7 0.3585102096
17.75 17.7 17.8 0.3660498445
17.85 17.8 17.9 0.3560587649
17.95 17.9 18 0.3404892108
18.05 18 18.1 0.3453735476
18.15 18.1 18.2 0.3378329637
18.25 18.2 18.3 0.339246538
18.35 18.3 18.4 0.3471135135
18.45 18.4 18.5 0.3381484117
18.55 18.5 18.6 0.3307915009
18.65 18.6 18.7 0.3411203907
18.75 18.7 18.8 0.3074846375
18.85 18.8 18.9 0.3295900535
18.95 18.9 19 0.3333483962
19.05 19 19.1 0.3167093365
19.15 19.1 19.2 0.3082734774
19.25 19.2 19.3 0.3034064563
19.35 19.3 19.4 0.2947868491
19.45 19.4 19.5 0.3030971491
19.55 19.5 19.6 0.3226267424
19.65 19.6 19.7 0.3137377293
19.75 19.7 19.8 0.3048685113
19.85 19.8 19.9 0.29079141
19.95 19.9 20 0.2924986271
20.05 20 20.1 0.2823125719
20.15 20.1 20.2 0.298563508
20.25 20.2 20.3 0.2768998742
20.35 20.3 20.4 0.2743030384
20.45 20.4 20.5 0.2681148017
20.55 20.5 20.6 0.264688311
20.65 20.6 20.7 0.2619592551
20.75 20.7 20.8 0.2610887804
20.85 20.8 20.9 0.2546069069
20.95 20.9 21 0.2601991542
21.05 21 21.1 0.2571983224
21.15 21.1 21.2 0.2580733028
21.25 21.2 21.3 0.2532903035
21.35 21.3 21.4 0.2507738518
21.45 21.4 21.5 0.2515388503
21.55 21.5 21.6 0.2377254167
21.65 21.6 21.7 0.2371265244
21.75 21.7 21.8 0.2374410149
21.85 21.8 21.9 0.2459111047
21.95 21.9 22 0.2313551279
22.05 22 22.1 0.2469196438
22.15 22.1 22.2 0.2469702052
22.25 22.2 22.3 0.2364194914
22.35 22.3 22.4 0.2325800429
22.45 22.4 22.5 0.2132298436
22.55 22.5 22.6 0.2221279714
22.65 22.6 22.7 0.2271938316
22.75 22.7 22.8 0.2185126025
22.85 22.8 22.9 0.2165371294
22.95 22.9 23 0.2068277934
23.05 23 23.1 0.2177576277
23.15 23.1 23.2 0.2207471605
23.25 23.2 23.3 0.2065398267
23.35 23.3 23.4 0.2013254262
23.45 23.4 23.5 0.2103379797
23.55 23.5 23.6 0.2070907811
23.65 23.6 23.7 0.206240733
23.75 23.7 23.8 0.1950957747
23.85 23.8 23.9 0.1940507103
23.95 23.9 24 0.1879509258
24.05 24 24.1 0.2081009775
24.15 24.1 24.2 0.1848173521
24.25 24.2 24.3 0.1864059904
24.35 24.3 24.4 0.196797861
24.45 24.4 24.5 0.1949395789
24.55 24.5 24.6 0.1868310722
24.65 24.6 24.7 0.1821325806
24.75 24.7 24.8 0.1729344357
24.85 24.8 24.9 0.1787016846
24.95 24.9 25 0.1737836958
25.05 25 25.1 0.1728573619
25.15 25.1 25.2 0.1807446698
25.25 25.2 25.3 0.1713594973
25.35 25.3 25.4 0.1735271566
25.45 25.4 25.5 0.170813895
25.55 25.5 25.6 0.1725540635
25.65 25.6 25.7 0.1774132686
25.75 25.7 25.8 0.1726115966
25.85 25.8 25.9 0.1608236026
25.95 25.9 26 0.1636140482
26.05 26 26.1 0.1622095791
26.15 26.1 26.2 0.1547945145
26.25 26.2 26.3 0.1629246508
26.35 26.3 26.4 0.1651930572
26.45 26.4 26.5 0.1542173468
26.55 26.5 26.6 0.1550681556
26.65 26.6 26.7 0.1564167222
26.75 26.7 26.8 0.1610653507
26.85 26.8 26.9 0.1560447059
26.95 26.9 27 0.15168361
27.05 27 27.1 0.1501963214
27.15 27.1 27.2 0.1476947267
27.25 27.2 27.3 0.1434484345
27.35 27.3 27.4 0.1462558296
27.45 27.4 27.5 0.1406267505
27.55 27.5 27.6 0.1492551451
27.65 27.6 27.7 0.1339229473
27.75 27.7 27.8 0.1418269977
27.85 27.8 27.9 0.1392052576
27.95 27.9 28 0.1295051733
28.05 28 28.1 0.1358059944
28.15 28.1 28.2 0.1287965859
28.25 28.2 28.3 0.1384899704
28.35 28.3 28.4 0.1248908697
28.45 28.4 28.5 0.1363947236
28.55 28.5 28.6 0.1254133581
28.65 28.6 28.7 0.1330822546
28.75 28.7 28.8 0.1335380394
28.85 28.8 28.9 0.1238720996
28.95 28.9 29 0.114231806
29.05 29 29.1 0.1175898102
29.15 29.1 29.2 0.1200949798
29.25 29.2 29.3 0.1237976078
29.35 29.3 29.4 0.1306057135
29.45 29.4 29.5 0.1129629703
29.55 29.5 29.6 0.1216586386
29.65 29.6 29.7 0.1194201915
29.75 29.7 29.8 0.1217774205
29.85 29.8 29.9 0.1182725612
29.95 29.9 30 0.1227295037
30.05 30 30.1 0.1112988258
30.15 30.1 30.2 0.1200118497
30.25 30.2 30.3 0.1079605869
30.35 30.3 30.4 0.1082469381
30.45 30.4 30.5 0.1074585685
30.55 30.5 30.6 0.1083325442
30.65 30.6 30.7 0.1010615789
30.75 30.7 30.8 0.1043131105
30.85 30.8 30.9 0.1081347586
30.95 30.9 31 0.09868640269
31.05 31 31.1 0.107566512
31.15 31.1 31.2 0.1119473035
31.25 31.2 31.3 0.1019839265
31.35 31.3 31.4 0.1051838869
31.45 31.4 31.5 0.1015192249
31.55 31.5 31.6 0.1028295877
31.65 31.6 31.7 0.09569279094
31.75 31.7 31.8 0.09377791853
31.85 31.8 31.9 0.09688643204
31.95 31.9 32 0.1021842035
32.05 32 32.1 0.09512818465
32.15 32.1 32.2 0.09200575106
32.25 32.2 32.3 0.1048883531
32.35 32.3 32.4 0.08823304951
32.45 32.4 32.5 0.09426806712
32.55 32.5 32.6 0.09589569911
32.65 32.6 32.7 0.09818801525
32.75 32.7 32.8 0.09261186594
32.85 32.8 32.9 0.08498191133
32.95 32.9 33 0.08624535232
33.05 33 33.1 0.08985019078
33.15 33.1 33.2 0.09079470941
33.25 33.2 33.3 0.08097730874
33.35 33.3 33.4 0.09325679901
33.45 33.4 33.5 0.08590996637
33.55 33.5 33.6 0.09337525992
33.65 33.6 33.7 0.07731111406
33.75 33.7 33.8 0.08288990371
33.85 33.8 33.9 0.07985693352
33.95 33.9 34 0.08028184853
34.05 34 34.1 0.08477052465
34.15 34.1 34.2 0.08334189031
34.25 34.2 34.3 0.0891076144
34.35 34.3 34.4 0.0731390276
34.45 34.4 34.5 0.0802480124
34.55 34.5 34.6 0.07115433126
34.65 34.6 34.7 0.0843778836
34.75 34.7 34.8 0.07561641288
34.85 34.8 34.9 0.07981237251
34.95 34.9 35 0.07506664577
35.05 35 35.1 0.07972696559
35.15 35.1 35.2 0.07908678309
35.25 35.2 35.3 0.07326416998
35.35 35.3 35.4 0.07527302316
35.45 35.4 35.5 0.07723912467
35.55 35.5 35.6 0.0675852762
35.65 35.6 35.7 0.06829600227
35.75 35.7 35.8 0.0777401721
35.85 35.8 35.9 0.06524477653
35.95 35.9 36 0.07229186104
36.05 36 36.1 0.06797054591
36.15 36.1 36.2 0.072273414
36.25 36.2 36.3 0.07405583403
36.35 36.3 36.4 0.07052952043
36.45 36.4 36.5 0.07042527455
36.55 36.5 36.6 0.06699719575
36.65 36.6 36.7 0.0757228198
36.75 36.7 36.8 0.06706018846
36.85 36.8 36.9 0.06853125085
36.95 36.9 37 0.06771307409
37.05 37 37.1 0.07231624511
37.15 37.1 37.2 0.06868197619
37.25 37.2 37.3 0.06797269718
37.35 37.3 37.4 0.06135954484
37.45 37.4 37.5 0.06303046602
37.55 37.5 37.6 0.05389513436
37.65 37.6 37.7 0.05920210956
37.75 37.7 37.8 0.05764470102
37.85 37.8 37.9 0.05628427898
37.95 37.9 38 0.06050708155
38.05 38 38.1 0.06287338565
38.15 38.1 38.2 0.06342273292
38.25 38.2 38.3 0.06293724128
38.35 38.3 38.4 0.05570080103
38.45 38.4 38.5 0.05521857595
38.55 38.5 38.6 0.06227147938
38.65 38.6 38.7 0.05868685632
38.75 38.7 38.8 0.06341065984
38.85 38.8 38.9 0.05951008779
38.95 38.9 39 0.05789005592
39.05 39 39.1 0.05734122838
39.15 39.1 39.2 0.06298812853
39.25 39.2 39.3 0.05600829191
39.35 39.3 39.4 0.05526186263
39.45 39.4 39.5 0.0598478442
39.55 39.5 39.6 0.05208366001
39.65 39.6 39.7 0.04880393958
39.75 39.7 39.8 0.05666726523
39.85 39.8 39.9 0.0581795198
39.95 39.9 40 0.04879897442
40.05 40 40.1 0.05416729815
40.15 40.1 40.2 0.05788745371
40.25 40.2 40.3 0.04870040769
40.35 40.3 40.4 0.04985771471
40.45 40.4 40.5 0.05502310236
40.55 40.5 40.6 0.05049324643
40.65 40.6 40.7 0.04817039053
40.75 40.7 40.8 0.04847397774
40.85 40.8 40.9 0.04680390428
40.95 40.9 41 0.05756492312
41.05 41 41.1 0.05108204339
41.15 41.1 41.2 0.05060787345
41.25 41.2 41.3 0.05133583232
41.35 41.3 41.4 0.05410044256
41.45 41.4 41.5 0.04728335842
41.55 41.5 41.6 0.04752015278
41.65 41.6 41.7 0.0477290292
41.75 41.7 41.8 0.04529243041
41.85 41.8 41.9 0.04073158857
41.95 41.9 42 0.04340734759
42.05 42 42.1 0.04285368827
42.15 42.1 42.2 0.04437455135
42.25 42.2 42.3 0.04641674463
42.35 42.3 42.4 0.04796274972
42.45 42.4 42.5 0.04380229643
42.55 42.5 42.6 0.04260259481
42.65 42.6 42.7 0.0420187953
42.75 42.7 42.8 0.04570121334
42.85 42.8 42.9 0.04583174341
42.95 42.9 43 0.04068280519
43.05 43 43.1 0.0421075902
43.15 43.1 43.2 0.04223217137
43.25 43.2 43.3 0.04332206592
43.35 43.3 43.4 0.03900189896
43.45 43.4 43.5 0.04327099843
43.55 43.5 43.6 0.04281751851
43.65 43.6 43.7 0.04551153798
43.75 43.7 43.8 0.04208086135
43.85 43.8 43.9 0.04384252994
43.95 43.9 44 0.04235069634
44.05 44 44.1 0.04056819905
44.15 44.1 44.2 0.04293178275
44.25 44.2 44.3 0.03623450743
44.35 44.3 44.4 0.03631499914
44.45 44.4 44.5 0.04081602558
44.55 44.5 44.6 0.03854751486
44.65 44.6 44.7 0.04063159488
44.75 44.7 44.8 0.03648739018
44.85 44.8 44.9 0.03622758034
44.95 44.9 45 0.03906377684
45.05 45 45.1 0.03715163633
45.15 45.1 45.2 0.04176195598
45.25 45.2 45.3 0.03973421485
45.35 45.3 45.4 0.0383941981
45.45 45.4 45.5 0.03491311259
45.55 45.5 45.6 0.03368658657
45.65 45.6 45.7 0.03630967411
45.75 45.7 45.8 0.03671770192
45.85 45.8 45.9 0.04093090941
45.95 45.9 46 0.03197054101
46.05 46 46.1 0.03135549021
46.15 46.1 46.2 0.0398344531
46.25 46.2 46.3 0.03334274192
46.35 46.3 46.4 0.0285737713
46.45 46.4 46.5 0.0350123846
46.55 46.5 46.6 0.03136556522
46.65 46.6 46.7 0.03464912654
46.75 46.7 46.8 0.0369406668
46.85 46.8 46.9 0.03860610658
46.95 46.9 47 0.03105850988
47.05 47 47.1 0.03135202756
47.15 47.1 47.2 0.02989704142
47.25 47.2 47.3 0.03533372406
47.35 47.3 47.4 0.03072353122
47.45 47.4 47.5 0.02497843582
47.55 47.5 47.6 0.03754089294
47.65 47.6 47.7 0.03159807319
47.75 47.7 47.8 0.02947187705
47.85 47.8 47.9 0.02973176564
47.95 47.9 48 0.03159591718
48.05 48 48.1 0.03149255043
48.15 48.1 48.2 0.03221932843
48.25 48.2 48.3 0.02892038903
48.35 48.3 48.4 0.02893777109
48.45 48.4 48.5 0.03240929349
48.55 48.5 48.6 0.02821099706
48.65 48.6 48.7 0.0254528612
48.75 48.7 48.8 0.02539852421
48.85 48.8 48.9 0.02653436137
48.95 48.9 49 0.03051098093
49.05 49 49.1 0.0291631748
49.15 49.1 49.2 0.03009157428
49.25 49.2 49.3 0.02849091565
49.35 49.3 49.4 0.02463248786
49.45 49.4 49.5 0.02834096982
49.55 49.5 49.6 0.0280907787
49.65 49.6 49.7 0.02466008561
49.75 49.7 49.8 0.02605082935
49.85 49.8 49.9 0.02565437938
49.95 49.9 50 0.02569134029
50.05 50 50.1 0.02348999449
50.15 50.1 50.2 0.0247792191
50.25 50.2 50.3 0.02303323959
50.35 50.3 50.4 0.0250810066
50.45 50.4 50.5 0.02221246896
50.55 50.5 50.6 0.02308340009
50.65 50.6 50.7 0.02394820613
50.75 50.7 50.8 0.02155286277
50.85 50.8 50.9 0.0307346439
50.95 50.9 51 0.02850113287
51.05 51 51.1 0.02517693449
51.15 51.1 51.2 0.02330360316
51.25 51.2 51.3 0.02772844887
51.35 51.3 51.4 0.02472074414
51.45 51.4 51.5 0.02254993284
51.55 51.5 51.6 0.02625119919
51.65 51.6 51.7 0.02189520498
51.75 51.7 51.8 0.02218484381
51.85 51.8 51.9 0.02222790404
51.95 51.9 52 0.02263624437
52.05 52 52.1 0.02409228204
52.15 52.1 52.2 0.02498393326
52.25 52.2 52.3 0.02232973203
52.35 52.3 52.4 0.0223700666
52.45 52.4 52.5 0.02122780545
52.55 52.5 52.6 0.02469190532
52.65 52.6 52.7 0.0214756987
52.75 52.7 52.8 0.02172374741
52.85 52.8 52.9 0.02072823344
52.95 52.9 53 0.02006629963
53.05 53 53.1 0.02128123
53.15 53.1 53.2 0.02037265967
53.25 53.2 53.3 0.02181003422
53.35 53.3 53.4 0.02068561154
53.45 53.4 53.5 0.02020905581
53.55 53.5 53.6 0.01979514412
53.65 53.6 53.7 0.02091935218
53.75 53.7 53.8 0.01853020029
53.85 53.8 53.9 0.01485153243
53.95 53.9 54 0.021332439
54.05 54 54.1 0.01825191319
54.15 54.1 54.2 0.01756705515
54.25 54.2 54.3 0.02046564377
54.35 54.3 54.4 0.01478023524
54.45 54.4 54.5 0.02181148556
54.55 54.5 54.6 0.02199579684
54.65 54.6 54.7 0.01774482003
54.75 54.7 54.8 0.01569783737
54.85 54.8 54.9 0.01579539502
54.95 54.9 55 0.01753553951
55.05 55 55.1 0.01700883691
55.15 55.1 55.2 0.01842182397
55.25 55.2 55.3 0.01923815067
55.35 55.3 55.4 0.01756976694
55.45 55.4 55.5 0.01459710623
55.55 55.5 55.6 0.02189397
55.65 55.6 55.7 0.01473223694
55.75 55.7 55.8 0.01816953989
55.85 55.8 55.9 0.02001091298
55.95 55.9 56 0.019392433
56.05 56 56.1 0.01796103034
56.15 56.1 56.2 0.01356113087
56.25 56.2 56.3 0.01676984406
56.35 56.3 56.4 0.01694430458
56.45 56.4 56.5 0.01967792564
56.55 56.5 56.6 0.01622254875
56.65 56.6 56.7 0.01610069711
56.75 56.7 56.8 0.01871797293
56.85 56.8 56.9 0.01349985089
56.95 56.9 57 0.01757513772
57.05 57 57.1 0.01357972461
57.15 57.1 57.2 0.01217705496
57.25 57.2 57.3 0.01350034658
57.35 57.3 57.4 0.01566186985
57.45 57.4 57.5 0.01502932107
57.55 57.5 57.6 0.01513777232
57.65 57.6 57.7 0.01465098973
57.75 57.7 57.8 0.0112559536
57.85 57.8 57.9 0.01602430434
57.95 57.9 58 0.01453640455
58.05 58 58.1 0.01685759319
58.15 58.1 58.2 0.01239763876
58.25 58.2 58.3 0.0114134217
58.35 58.3 58.4 0.01998807554
58.45 58.4 58.5 0.01102000003
58.55 58.5 58.6 0.01384754205
58.65 58.6 58.7 0.01087966403
58.75 58.7 58.8 0.01289500724
58.85 58.8 58.9 0.0150520725
58.95 58.9 59 0.02133979413
59.05 59 59.1 0.0133814239
59.15 59.1 59.2 0.01389604001
59.25 59.2 59.3 0.01017340102
59.35 59.3 59.4 0.009408237567
59.45 59.4 59.5 0.01199793743
59.55 59.5 59.6 0.01527705165
59.65 59.6 59.7 0.01444964558
59.75 59.7 59.8 0.01605813939
59.85 59.8 59.9 0.01511876585
59.95 59.9 60 0.01669102811
60.05 60 60.1 0.01248980031
60.15 60.1 60.2 0.009331418934
60.25 60.2 60.3 0.01259600532
60.35 60.3 60.4 0.01252071275
60.45 60.4 60.5 0.01296872243
60.55 60.5 60.6 0.009935405928
60.65 60.6 60.7 0.01607858011
60.75 60.7 60.8 0.01153886924
60.85 60.8 60.9 0.01384019353
60.95 60.9 61 0.00740934617
61.05 61 61.1 0.01122902552
61.15 61.1 61.2 0.0162692815
61.25 61.2 61.3 0.006072703283
61.35 61.3 61.4 0.01072965966
61.45 61.4 61.5 0.009702966612
61.55 61.5 61.6 0.01258210125
61.65 61.6 61.7 0.01156595749
61.75 61.7 61.8 0.01054982109
61.85 61.8 61.9 0.01389098303
61.95 61.9 62 0.008186377692
62.05 62 62.1 0.01010631827
62.15 62.1 62.2 0.009713006629
62.25 62.2 62.3 0.01023399499
62.35 62.3 62.4 0.01467529006
62.45 62.4 62.5 0.01212290979
62.55 62.5 62.6 0.01026691853
62.65 62.6 62.7 0.01190344523
62.75 62.7 62.8 0.0111748228
62.85 62.8 62.9 0.01176482129
62.95 62.9 63 0.008429879311
63.05 63 63.1 0.007306425962
63.15 63.1 63.2 0.008252991458
63.25 63.2 63.3 0.01193156766
63.35 63.3 63.4 0.006554146387
63.45 63.4 63.5 0.00708609742
63.55 63.5 63.6 0.004724487215
63.65 63.6 63.7 0.006884509241
63.75 63.7 63.8 0.007247651318
63.85 63.8 63.9 0.007461857033
63.95 63.9 64 0.004269761158
64.05 64 64.1 0.009946249676
64.15 64.1 64.2 0.007264281308
64.25 64.2 64.3 0.008519155908
64.35 64.3 64.4 0.009626213716
64.45 64.4 64.5 0.005157650728
64.55 64.5 64.6 0.008350275878
64.65 64.6 64.7 0.01156584714
64.75 64.7 64.8 0.008113656336
64.85 64.8 64.9 0.005507159606
64.95 64.9 65 0.01014263025
65.05 65 65.1 0.009430657311
65.15 65.1 65.2 0.007223439632
65.25 65.2 65.3 0.008361520496
65.35 65.3 65.4 0.007300775444
65.45 65.4 65.5 0.007231670819
65.55 65.5 65.6 0.0066576027
65.65 65.6 65.7 0.007170468471
65.75 65.7 65.8 0.003619509651
65.85 65.8 65.9 0.007040473861
65.95 65.9 66 0.006155645846
66.05 66 66.1 0.005676091978
66.15 66.1 66.2 0.003114018957
66.25 66.2 66.3 0.007638777262
66.35 66.3 66.4 0.004714724122
66.45 66.4 66.5 0.006044736606
66.55 66.5 66.6 0.008656385897
66.65 66.6 66.7 0.004462682098
66.75 66.7 66.8 0.007116612107
66.85 66.8 66.9 0.003835160903
66.95 66.9 67 0.002630600034
67.05 67 67.1 0.004291660286
67.15 67.1 67.2 0.00364920238
67.25 67.2 67.3 0.004419710985
67.35 67.3 67.4 0.007062212544
67.45 67.4 67.5 0.006554978194
67.55 67.5 67.6 0.005984446398
67.65 67.6 67.7 0.004214162538
67.75 67.7 67.8 0.006787604905
67.85 67.8 67.9 0.007085972486
67.95 67.9 68 0.005418992987
68.05 68 68.1 0.007003099627
68.15 68.1 68.2 0.004073751245
68.25 68.2 68.3 0.005769960688
68.35 68.3 68.4 0.004506231773
68.45 68.4 68.5 0.003697298037
68.55 68.5 68.6 0.005474274345
68.65 68.6 68.7 0.00497975894
68.75 68.7 68.8 0.008189202522
68.85 68.8 68.9 0.002251940745
68.95 68.9 69 0.004003956777
69.05 69 69.1 0.004132070831
69.15 69.1 69.2 0.006736789808
69.25 69.2 69.3 0.004602025202
69.35 69.3 69.4 0.004696481082
69.45 69.4 69.5 0.00577339012
69.55 69.5 69.6 0.005919065923
69.65 69.6 69.7 0.00404105155
69.75 69.7 69.8 0.002321021342
69.85 69.8 69.9 0.006183407439
69.95 69.9 70 0.005162183057
70.05 70 70.1 0.004304566202
70.15 70.1 70.2 0.001144163643
70.25 70.2 70.3 0.00430563451
70.35 70.3 70.4 0.007114033057
70.45 70.4 70.5 0.003354280766
70.55 70.5 70.6 0.005344764324
70.65 70.6 70.7 0.003060906748
70.75 70.7 70.8 0.004788321427
70.85 70.8 70.9 0.002011999794
70.95 70.9 71 0.004636502547
71.05 71 71.1 0.006364900364
71.15 71.1 71.2 0.00438509521
71.25 71.2 71.3 0.0003766026094
71.35 71.3 71.4 0.001206675279
71.45 71.4 71.5 0.002421240307
71.55 71.5 71.6 0.005416185188
71.65 71.6 71.7 0.005540109039
71.75 71.7 71.8 0.003812455656
71.85 71.8 71.9 0.00401494496
71.95 71.9 72 0.003214043689
72.05 72 72.1 0.00308338313
72.15 72.1 72.2 0.00442019642
72.25 72.2 72.3 0.007751019345
72.35 72.3 72.4 0.002891963819
72.45 72.4 72.5 0.001183075509
72.55 72.5 72.6 0.002869134834
72.65 72.6 72.7 0.00607098249
72.75 72.7 72.8 0.004207417457
72.85 72.8 72.9 0.00154404007
72.95 72.9 73 0.002598056132
73.05 73 73.1 0.003077529584
73.15 73.1 73.2 0.005091455101
73.25 73.2 73.3 0.005276169905
73.35 73.3 73.4 0.003520453937
73.45 73.4 73.5 0.001810941774
73.55 73.5 73.6 0.00370734172
73.65 73.6 73.7 0.004650062774
73.75 73.7 73.8 0.005207173819
73.85 73.8 73.9 0.00682043601
73.95 73.9 74 0.001355433043
74.05 74 74.1 0.003452265541
74.15 74.1 74.2 0.006242930655
74.25 74.2 74.3 0.003157437759
74.35 74.3 74.4 0.004006800118
74.45 74.4 74.5 -0.0002763889026
74.55 74.5 74.6 0.003959764114
74.65 74.6 74.7 0.002415110156
74.75 74.7 74.8 0.003755528207
74.85 74.8 74.9 0.001758688
74.95 74.9 75 0.004209187566
75.05 75 75.1 0.002355839316
75.15 75.1 75.2 0.00259393683
75.25 75.2 75.3 0.006221468157
75.35 75.3 75.4 0.002750052228
75.45 75.4 75.5 0.002579924418
75.55 75.5 75.6 0.003279276486
75.65 75.6 75.7 0.005053250238
75.75 75.7 75.8 0.006313953884
75.85 75.8 75.9 0.002419642681
75.95 75.9 76 0.003671018712
76.05 76 76.1 0.002451770538
76.15 76.1 76.2 0.004262271896
76.25 76.2 76.3 0.001543880617
76.35 76.3 76.4 0.002771726474
76.45 76.4 76.5 0.004845529892
76.55 76.5 76.6 0.005084634118
76.65 76.6 76.7 0.002689271446
76.75 76.7 76.8 0.002590345273
76.85 76.8 76.9 0.001266571827
76.95 76.9 77 0.0006205593107
77.05 77 77.1 0.004219305121
77.15 77.1 77.2 0.002460082533
77.25 77.2 77.3 0.000137567492
77.35 77.3 77.4 0.002361559836
77.45 77.4 77.5 0.003972084604
77.55 77.5 77.6 0.001492095388
77.65 77.6 77.7 0.002892315659
77.75 77.7 77.8 0.003321314952
77.85 77.8 77.9 0.002828415672
77.95 77.9 78 0.003067766678
78.05 78 78.1 0.005171312939
78.15 78.1 78.2 0.00287617325
78.25 78.2 78.3 0.002971756176
78.35 78.3 78.4 0.003558977876
78.45 78.4 78.5 0.002743755824
78.55 78.5 78.6 0.002757453585
78.65 78.6 78.7 0.003278263077
78.75 78.7 78.8 0.001940076854
78.85 78.8 78.9 0.004047030342
78.95 78.9 79 0.004356062106
79.05 79 79.1 0.00286441163
79.15 79.1 79.2 0.001966920787
79.25 79.2 79.3 0.002197032745
79.35 79.3 79.4 0.004790361739
79.45 79.4 79.5 0.004767412587
79.55 79.5 79.6 -0.001845793923
79.65 79.6 79.7 0.002025947716
79.75 79.7 79.8 0.001731775154
79.85 79.8 79.9 0.001985280001
79.95 79.9 80 0.002814873259
80.05 80 80.1 0.003446245095
80.15 80.1 80.2 0.002172376841
80.25 80.2 80.3 0.003618748469
80.35 80.3 80.4 0.0006903768831
80.45 80.4 80.5 0.002244871254
80.55 80.5 80.6 0.0004711151941
80.65 80.6 80.7 0.006511460208
80.75 80.7 80.8 0.003922411489
80.85 80.8 80.9 0.00332092054
80.95 80.9 81 0.002749845657
81.05 81 81.1 0.002737954368
81.15 81.1 81.2 0.003943954329
81.25 81.2 81.3 -0.001169121421
81.35 81.3 81.4 0.001950063941
81.45 81.4 81.5 0.003139252761
81.55 81.5 81.6 0.0005824554723
81.65 81.6 81.7 0.0005495771069
81.75 81.7 81.8 0.003274872523
81.85 81.8 81.9 0.005924241601
81.95 81.9 82 0.003097258944
82.05 82 82.1 -0.0009323388812
82.15 82.1 82.2 0.002326321442
82.25 82.2 82.3 0.002818494257
82.35 82.3 82.4 0.001757068085
82.45 82.4 82.5 0.001319973902
82.55 82.5 82.6 0.00213639241
82.65 82.6 82.7 0.0007504498128
82.75 82.7 82.8 0.003223759731
82.85 82.8 82.9 -0.0008481223241
82.95 82.9 83 0.004010469687
83.05 83 83.1 0.004754830809
83.15 83.1 83.2 0.000969029755
83.25 83.2 83.3 -0.002112874309
83.35 83.3 83.4 0.001984267651
83.45 83.4 83.5 0.003011561103
83.55 83.5 83.6 0.003306652538
83.65 83.6 83.7 0.002741454304
83.75 83.7 83.8 0.002710007378
83.85 83.8 83.9 0.002677993889
83.95 83.9 84 0.0006102527964
84.05 84 84.1 0.00218802078
84.15 84.1 84.2 0.001015389952
84.25 84.2 84.3 0.0002230853145
84.35 84.3 84.4 0.002423177218
84.45 84.4 84.5 0.001100592236
84.55 84.5 84.6 0.0025587984
84.65 84.6 84.7 0.00436778555
84.75 84.7 84.8 0.001298324912
84.85 84.8 84.9 0.001329754972
84.95 84.9 85 0.003636696302
85.05 85 85.1 0.0007965197813
85.15 85.1 85.2 0.003036109049
85.25 85.2 85.3 0.002806403446
85.35 85.3 85.4 0.005106892225
85.45 85.4 85.5 0.003420536465
85.55 85.5 85.6 0.002253060613
85.65 85.6 85.7 0.003086536868
85.75 85.7 85.8 0.001148228877
85.85 85.8 85.9 0.0001199392055
85.95 85.9 86 -0.0004572985745
86.05 86 86.1 0.001178926603
86.15 86.1 86.2 0.0014737544
86.25 86.2 86.3 -0.0009157056245
86.35 86.3 86.4 0.004741379475
86.45 86.4 86.5 0.001337169876
86.55 86.5 86.6 0.0010333218
86.65 86.6 86.7 0.0006974108624
86.75 86.7 86.8 0.0002569866045
86.85 86.8 86.9 0.003241103642
86.95 86.9 87 0.003170159259
87.05 87 87.1 0.002966187933
87.15 87.1 87.2 0.002843258266
87.25 87.2 87.3 0.001202550904
87.35 87.3 87.4 0.003766114671
87.45 87.4 87.5 -0.0009418584928
87.55 87.5 87.6 0.00233331806
87.65 87.6 87.7 0.002492776579
87.75 87.7 87.8 0.001044137759
87.85 87.8 87.9 0.001216509342
87.95 87.9 88 0.004047528189
88.05 88 88.1 0.00312214798
88.15 88.1 88.2 -0.001771667996
88.25 88.2 88.3 0.003841502939
88.35 88.3 88.4 0.002623108928
88.45 88.4 88.5 0.003906325738
88.55 88.5 88.6 0.002860069353
88.65 88.6 88.7 0.002014651985
88.75 88.7 88.8 0.005209616739
88.85 88.8 88.9 -1.287150153e-05
88.95 88.9 89 0.002137435454
89.05 89 89.1 0.002269892799
89.15 89.1 89.2 0.002758774134
89.25 89.2 89.3 0.001749937799
89.35 89.3 89.4 0.002463181079
89.45 89.4 89.5 0.003659877821
89.55 89.5 89.6 0.0004783843728
89.65 89.6 89.7 0.00348740079
89.75 89.7 89.8 0.003702462798
89.85 89.8 89.9 0.0007088333653
89.95 89.9 90 0.003870149695
90.05 90 90.1 0.005113621088
90.15 90.1 90.2 0.003546495484
90.25 90.2 90.3 0.003040352098
90.35 90.3 90.4 0.004961838414
90.45 90.4 90.5 0.003976266881
90.55 90.5 90.6 0.004067738863
90.65 90.6 90.7 0.002433219481
90.75 90.7 90.8 0.003753654654
90.85 90.8 90.9 -0.001061575645
90.95 90.9 91 0.004130263558
91.05 91 91.1 0.002172795628
91.15 91.1 91.2 0.004267842606
91.25 91.2 91.3 0.004472630174
91.35 91.3 91.4 0.003164422656
91.45 91.4 91.5 0.00126434008
91.55 91.5 91.6 0.002688283053
91.65 91.6 91.7 0.003500082815
91.75 91.7 91.8 0.002095743781
91.85 91.8 91.9 0.002735597361
91.95 91.9 92 0.003872336144
92.05 92 92.1 0.002119734527
92.15 92.1 92.2 0.002260495763
92.25 92.2 92.3 0.002654032897
92.35 92.3 92.4 0.003902755454
92.45 92.4 92.5 -0.0016013761
92.55 92.5 92.6 0.002260220678
92.65 92.6 92.7 0.002624572349
92.75 92.7 92.8 0.001664549508
92.85 92.8 92.9 0.006732549378
92.95 92.9 93 0.0003107921065
93.05 93 93.1 0.001763229265
93.15 93.1 93.2 0.004705078586
93.25 93.2 93.3 0.003334460474
93.35 93.3 93.4 0.002908525755
93.45 93.4 93.5 0.001287034342
93.55 93.5 93.6 0.002992958059
93.65 93.6 93.7 0.002522462171
93.75 93.7 93.8 0.0038047063
93.85 93.8 93.9 0.00189086329
93.95 93.9 94 0.004198022573
94.05 94 94.1 0.002350436582
94.15 94.1 94.2 0.001836257318
94.25 94.2 94.3 0.001479597094
94.35 94.3 94.4 0.004589207488
94.45 94.4 94.5 0.002668661829
94.55 94.5 94.6 0.004923285978
94.65 94.6 94.7 0.001885958715
94.75 94.7 94.8 0.003437191528
94.85 94.8 94.9 0.003182627862
94.95 94.9 95 0.004641653267
95.05 95 95.1 0.0049509401
95.15 95.1 95.2 0.0032463999
95.25 95.2 95.3 0.00125434616
95.35 95.3 95.4 0.003859835011
95.45 95.4 95.5 0.002046297901
95.55 95.5 95.6 0.004429728024
95.65 95.6 95.7 0.003745168814
95.75 95.7 95.8 0.005177638242
95.85 95.8 95.9 0.006570683828
95.95 95.9 96 0.003885333571
96.05 96 96.1 0.003371623031
96.15 96.1 96.2 0.004850771483
96.25 96.2 96.3 0.004102785836
96.35 96.3 96.4 0.006606742941
96.45 96.4 96.5 0.004086455856
96.55 96.5 96.6 0.005555521993
96.65 96.6 96.7 0.004650012879
96.75 96.7 96.8 0.003593883339
96.85 96.8 96.9 0.002330678495
96.95 96.9 97 0.004269215619
97.05 97 97.1 0.005269947122
97.15 97.1 97.2 0.00506282725
97.25 97.2 97.3 0.004713731536
97.35 97.3 97.4 0.003842751249
97.45 97.4 97.5 0.007084817368
97.55 97.5 97.6 0.002498267953
97.65 97.6 97.7 0.00381513406
97.75 97.7 97.8 0.005488849181
97.85 97.8 97.9 0.005518785245
97.95 97.9 98 0.003149275142
98.05 98 98.1 0.003509136012
98.15 98.1 98.2 0.007927905229
98.25 98.2 98.3 0.002329972994
98.35 98.3 98.4 0.002661610957
98.45 98.4 98.5 0.004763650175
98.55 98.5 98.6 0.00395118738
98.65 98.6 98.7 0.005922537069
98.75 98.7 98.8 0.004552259832
98.85 98.8 98.9 0.005202146294
98.95 98.9 99 0.005681589807
99.05 99 99.1 0.003953958274
99.15 99.1 99.2 0.003188265887
99.25 99.2 99.3 0.004848416446
99.35 99.3 99.4 0.003252998418
99.45 99.4 99.5 0.002609079441
99.55 99.5 99.6 0.003505305424
99.65 99.6 99.7 0.002741815426
99.75 99.7 99.8 0.001382711349
99.85 99.8 99.9 0.00279470272
99.95 99.9 100 0.004858502334
100.05 100 100.1 0.004866869531
100.15 100.1 100.2 0.003127831043
100.25 100.2 100.3 0.005348827579
100.35 100.3 100.4 0.003037147883
100.45 100.4 100.5 0.003087013603
100.55 100.5 100.6 0.005321899213
100.65 100.6 100.7 0.004432519124
100.75 100.7 100.8 0.003903605845
100.85 100.8 100.9 0.003620651379
100.95 100.9 101 0.003313369733
101.05 101 101.1 0.002243740499
101.15 101.1 101.2 0.005226064664
101.25 101.2 101.3 0.004205235565
101.35 101.3 101.4 0.003240525412
101.45 101.4 101.5 0.003729578285
101.55 101.5 101.6 0.005003250319
101.65 101.6 101.7 0.003196615635
101.75 101.7 101.8 0.00350683693
101.85 101.8 101.9 0.004155790228
101.95 101.9 102 0.00410510812
102.05 102 102.1 0.00375704507
102.15 102.1 102.2 0.004020438658
102.25 102.2 102.3 0.005355155143
102.35 102.3 102.4 0.002905223602
102.45 102.4 102.5 0.004066710952
102.55 102.5 102.6 0.003086503197
102.65 102.6 102.7 0.004671467736
102.75 102.7 102.8 0.004609254149
102.85 102.8 102.9 0.0005631499635
102.95 102.9 103 0.005307431797
103.05 103 103.1 0.002162731824
103.15 103.1 103.2 0.00414149677
103.25 103.2 103.3 0.005467157325
103.35 103.3 103.4 0.0009621589315
103.45 103.4 103.5 0.003582572194
103.55 103.5 103.6 0.006547376132
103.65 103.6 103.7 0.003587814057
103.75 103.7 103.8 0.003115869501
103.85 103.8 103.9 0.003355593686
103.95 103.9 104 0.002266518791
104.05 104 104.1 0.002573309094
104.15 104.1 104.2 0.003386246445
104.25 104.2 104.3 0.003590122151
104.35 104.3 104.4 0.002892117679
104.45 104.4 104.5 0.004737495818
104.55 104.5 104.6 0.004394734927
104.65 104.6 104.7 0.003757681552
104.75 104.7 104.8 0.00406625155
104.85 104.8 104.9 0.004767373984
104.95 104.9 105 0.006105271381
105.05 105 105.1 0.004691196235
105.15 105.1 105.2 0.004899515757
105.25 105.2 105.3 0.00369059982
105.35 105.3 105.4 0.001424749436
105.45 105.4 105.5 0.006017172952
105.55 105.5 105.6 0.006526196158
105.65 105.6 105.7 0.003006660642
105.75 105.7 105.8 0.005294027049
105.85 105.8 105.9 0.003527444582
105.95 105.9 106 0.003833147235
106.05 106 106.1 0.001566380761
106.15 106.1 106.2 0.003874612724
106.25 106.2 106.3 0.004643063677
106.35 106.3 106.4 0.002414437084
106.45 106.4 106.5 0.004139438636
106.55 106.5 106.6 0.004615113333
106.65 106.6 106.7 0.004742212534
106.75 106.7 106.8 0.003356167139
106.85 106.8 106.9 0.002587971129
106.95 106.9 107 0.0031198765
107.05 107 107.1 0.002235366837
107.15 107.1 107.2 0.00373470564
107.25 107.2 107.3 0.001374378665
107.35 107.3 107.4 0.005492014375
107.45 107.4 107.5 0.004478145529
107.55 107.5 107.6 0.004354972677
107.65 107.6 107.7 0.003977879884
107.75 107.7 107.8 0.003173421016
107.85 107.8 107.9 0.004042403784
107.95 107.9 108 0.00296931856
108.05 108 108.1 0.002145573215
108.15 108.1 108.2 0.002550548228
108.25 108.2 108.3 0.003742325751
108.35 108.3 108.4 0.006781209985
108.45 108.4 108.5 0.003687117505
108.55 108.5 108.6 0.005355107013
108.65 108.6 108.7 0.00501040028
108.75 108.7 108.8 0.003390230968
108.85 108.8 108.9 0.0008400839412
108.95 108.9 109 0.003687192674
109.05 109 109.1 0.002039509112
109.15 109.1 109.2 0.004569924819
109.25 109.2 109.3 0.002066739287
109.35 109.3 109.4 0.0028227841
109.45 109.4 109.5 0.00559007182
109.55 109.5 109.6 0.002835393524
109.65 109.6 109.7 0.00253152914
109.75 109.7 109.8 0.00290940751
109.85 109.8 109.9 0.001476759747
109.95 109.9 110 0.006041715209
110.05 110 110.1 0.003013944749
110.15 110.1 110.2 0.005156735877
110.25 110.2 110.3 0.003032332518
110.35 110.3 110.4 0.0037143914
110.45 110.4 110.5 0.001572907383
110.55 110.5 110.6 0.004430276831
110.65 110.6 110.7 0.004628394428
110.75 110.7 110.8 0.002548374257
110.85 110.8 110.9 0.003233778512
110.95 110.9 111 0.003101144329
111.05 111 111.1 0.003132991714
111.15 111.1 111.2 0.003637880793
111.25 111.2 111.3 0.003178516391
111.35 111.3 111.4 0.003553086191
111.45 111.4 111.5 0.001825558478
111.55 111.5 111.6 0.002607955977
111.65 111.6 111.7 -0.0001204191829
111.75 111.7 111.8 0.005343224617
111.85 111.8 111.9 0.004105362229
111.95 111.9 112 0.0008619861429
112.05 112 112.1 0.003045633457
112.15 112.1 112.2 0.0001621138666
112.25 112.2 112.3 0.002837057364
112.35 112.3 112.4 0.00362770132
112.45 112.4 112.5 0.0006184140986
112.55 112.5 112.6 0.00163520122
112.65 112.6 112.7 0.00148797748
112.75 112.7 112.8 0.002740564489
112.85 112.8 112.9 0.004347228408
112.95 112.9 113 0.002563351028
113.05 113 113.1 0.001540286964
113.15 113.1 113.2 0.002770464186
113.25 113.2 113.3 0.00148402267
113.35 113.3 113.4 0.001432955714
113.45 113.4 113.5 -0.000427296987
113.55 113.5 113.6 0.001927547365
113.65 113.6 113.7 0.001815908076
113.75 113.7 113.8 0.0007724911963
113.85 113.8 113.9 0.0002009392554
113.95 113.9 114 0.002531283572
114.05 114 114.1 0.002284295456
114.15 114.1 114.2 0.002385291442
114.25 114.2 114.3 0.003120401422
114.35 114.3 114.4 0.004013436392
114.45 114.4 114.5 0.003939021739
114.55 114.5 114.6 0.00287068891
114.65 114.6 114.7 0.001319734309
114.75 114.7 114.8 0.002929954823
114.85 114.8 114.9 0.001438774831
114.95 114.9 115 0.002224467217
115.05 115 115.1 0.002677957146
115.15 115.1 115.2 0.0009527176911
115.25 115.2 115.3 0.0005280013932
115.35 115.3 115.4 0.00302505504
115.45 115.4 115.5 0.00146705977
115.55 115.5 115.6 0.0007583616977
115.65 115.6 115.7 0.001809312151
115.75 115.7 115.8 0.001788572839
115.85 115.8 115.9 0.0006869714252
115.95 115.9 116 0.001870724914
116.05 116 116.1 0.002199734808
116.15 116.1 116.2 0.0007988893369
116.25 116.2 116.3 0.004309835727
116.35 116.3 116.4 0.003273518044
116.45 116.4 116.5 0.002002418735
116.55 116.5 116.6 0.0002097444664
116.65 116.6 116.7 0.003212185581
116.75 116.7 116.8 0.002122240515
116.85 116.8 116.9 0.004032818836
116.95 116.9 117 0.0009676897775
117.05 117 117.1 0.002996466718
117.15 117.1 117.2 0.002582750834
117.25 117.2 117.3 0.002356765957
117.35 117.3 117.4 0.001199741558
117.45 117.4 117.5 0.003339611534
117.55 117.5 117.6 0.002972816041
117.65 117.6 117.7 0.0004810293567
117.75 117.7 117.8 0.001909914083
117.85 117.8 117.9 0.002307593501
117.95 117.9 118 0.002849565309
118.05 118 118.1 0.0005417180387
118.15 118.1 118.2 0.00159437717
118.25 118.2 118.3 0.0006092859895
118.35 118.3 118.4 0.003363241465
118.45 118.4 118.5 0.003027372657
118.55 118.5 118.6 -0.0001982220441
118.65 118.6 118.7 0.003897040588
118.75 118.7 118.8 0.001196440376
118.85 118.8 118.9 0.001712709166
118.95 118.9 119 0.003654419191
119.05 119 119.1 0.003592000593
119.15 119.1 119.2 -0.0008204956988
119.25 119.2 119.3 0.003109298018
119.35 119.3 119.4 0.0009892933178
119.45 119.4 119.5 0.001733384609
119.55 119.5 119.6 0.001035671522
119.65 119.6 119.7 5.055655657e-05
119.75 119.7 119.8 0.001167907529
119.85 119.8 119.9 0.0008212786398
119.95 119.9 120 0.0009746527242
120.05 120 120.1 -0.000437031249
120.15 120.1 120.2 0.0005779364553
120.25 120.2 120.3 0.00197609148
120.35 120.3 120.4 0.001462565087
120.45 120.4 120.5 0.002119954518
120.55 120.5 120.6 -0.000232364499
120.65 120.6 120.7 0.0016585192
120.75 120.7 120.8 0.001163112092
120.85 120.8 120.9 0.001580003706
120.95 120.9 121 0.001711755815
121.05 121 121.1 0.001445915879
121.15 121.1 121.2 0.002445962663
121.25 121.2 121.3 0.002982362005
121.35 121.3 121.4 0.003348173358
121.45 121.4 121.5 0.002929126753
121.55 121.5 121.6 0.003057202881
121.65 121.6 121.7 0.00154034162
121.75 121.7 121.8 0.00159881111
121.85 121.8 121.9 0.002860993594
121.95 121.9 122 0.002674305778
122.05 122 122.1 0.001413311283
122.15 122.1 122.2 0.001422737392
122.25 122.2 122.3 0.0007167934297
122.35 122.3 122.4 0.0002875829901
122.45 122.4 122.5 -1.049930521e-05
122.55 122.5 122.6 -0.0005201195702
122.65 122.6 122.7 0.002505795161
122.75 122.7 122.8 0.002295294258
122.85 122.8 122.9 -0.0009122989125
122.95 122.9 123 0.002220327461
123.05 123 123.1 0.002609259264
123.15 123.1 123.2 0.002304763295
123.25 123.2 123.3 0.0001806673652
123.35 123.3 123.4 0.002106825439
123.45 123.4 123.5 0.00232583473
123.55 123.5 123.6 0.0002639899103
123.65 123.6 123.7 -0.0001280583743
123.75 123.7 123.8 0.0007025321701
123.85 123.8 123.9 0.0005313972061
123.95 123.9 124 0.0008818394824
124.05 124 124.1 0.00103874854
124.15 124.1 124.2 0.001349381757
124.25 124.2 124.3 -0.0002458005635
124.35 124.3 124.4 -7.923086594e-05
124.45 124.4 124.5 0.001306579389
124.55 124.5 124.6 0.0001615143983
124.65 124.6 124.7 0.00163126775
124.75 124.7 124.8 0.001265081296
124.85 124.8 124.9 -0.001312786644
124.95 124.9 125 0.0032717919
125.05 125 125.1 0.001473073122
125.15 125.1 125.2 -0.0009125132212
125.25 125.2 125.3 0.001369322392
125.35 125.3 125.4 0.0009892966207
125.45 125.4 125.5 -0.0004173727484
125.55 125.5 125.6 -6.792853378e-05
125.65 125.6 125.7 0.001243670699
125.75 125.7 125.8 0.002098058247
125.85 125.8 125.9 -0.0005490800872
125.95 125.9 126 0.0003686458598
126.05 126 126.1 -9.081284968e-05
126.15 126.1 126.2 0.0008154147258
126.25 126.2 126.3 -0.0001996374373
126.35 126.3 126.4 0.0003771363974
126.45 126.4 126.5 -0.0003987093276
126.55 126.5 126.6 0.001154921822
126.65 126.6 126.7 0.0006900347154
126.75 126.7 126.8 0.001232255878
126.85 126.8 126.9 0.002569047005
126.95 126.9 127 -0.0002572214421
127.05 127 127.1 -0.002252332828
127.15 127.1 127.2 0.001965847997
127.25 127.2 127.3 -0.0009443494333
127.35 127.3 127.4 -0.00017847937
127.45 127.4 127.5 0.0008961851747
127.55 127.5 127.6 -0.001323543449
127.65 127.6 127.7 -6.541744982e-05
127.75 127.7 127.8 0.0001582265945
127.85 127.8 127.9 0.001376578972
127.95 127.9 128 0.001170678809
128.05 128 128.1 0.001157634629
128.15 128.1 128.2 -0.0002868707042
128.25 128.2 128.3 0.003404896458
128.35 128.3 128.4 -1.762690637e-05
128.45 128.4 128.5 -2.364997076e-05
128.55 128.5 128.6 0.00214259413
128.65 128.6 128.7 0.001153247196
128.75 128.7 128.8 -0.0009904449608
128.85 128.8 128.9 -0.00126906732
128.95 128.9 129 0.0006740964556
129.05 129 129.1 0.0004566346608
129.15 129.1 129.2 -0.0002787881378
129.25 129.2 129.3 0.00240829678
129.35 129.3 129.4 0.0003030248392
129.45 129.4 129.5 0.002839509093
129.55 129.5 129.6 0.001125444091
129.65 129.6 129.7 -0.0003630055628
129.75 129.7 129.8 0.002181069947
129.85 129.8 129.9 0.0008664803446
129.95 129.9 130 0.001633272481
130.05 130 130.1 0.001029443331
130.15 130.1 130.2 -0.001301503842
130.25 130.2 130.3 0.0003131894465
130.35 130.3 130.4 0.0007204079458
130.45 130.4 130.5 0.003157283195
130.55 130.5 130.6 0.001891440653
130.65 130.6 130.7 0.001377800673
130.75 130.7 130.8 0.0005291720477
130.85 130.8 130.9 0.002008030257
130.95 130.9 131 0.0004445542434
131.05 131 131.1 -0.0005865787723
131.15 131.1 131.2 0.001824505535
131.25 131.2 131.3 0.001649881593
131.35 131.3 131.4 0.0006222281628
131.45 131.4 131.5 -0.001371252925
131.55 131.5 131.6 0.001925114416
131.65 131.6 131.7 -0.001344525745
131.75 131.7 131.8 0.001085595137
131.85 131.8 131.9 -0.0005404926731
131.95 131.9 132 -0.0003824537414
132.05 132 132.1 0.002051457354
132.15 132.1 132.2 0.0005843506686
132.25 132.2 132.3 0.0003965493895
132.35 132.3 132.4 0.001441263707
132.45 132.4 132.5 0.000660156197
132.55 132.5 132.6 0.001113518781
132.65 132.6 132.7 0.001489531776
132.75 132.7 132.8 0.0006463223793
132.85 132.8 132.9 0.002207136621
132.95 132.9 133 0.001320489298
133.05 133 133.1 0.001509767246
133.15 133.1 133.2 0.002939364044
133.25 133.2 133.3 -5.12834844e-05
133.35 133.3 133.4 0.001406311149
133.45 133.4 133.5 -0.000147249266
133.55 133.5 133.6 0.0005565350189
133.65 133.6 133.7 0.0006375767721
133.75 133.7 133.8 -0.001869495184
133.85 133.8 133.9 0.001717391249
133.95 133.9 134 -0.0001190653259
134.05 134 134.1 0.0005498811222
134.15 134.1 134.2 0.002323485639
134.25 134.2 134.3 0.001348325219
134.35 134.3 134.4 0.001197021615
134.45 134.4 134.5 0.001304422263
134.55 134.5 134.6 0.0002426498348
134.65 134.6 134.7 0.0005394103448
134.75 134.7 134.8 0.0005622319415
134.85 134.8 134.9 0.0002844956058
134.95 134.9 135 0.0002373138336
135.05 135 135.1 -0.000475310238
135.15 135.1 135.2 0.0004844847185
135.25 135.2 135.3 -4.065841655e-05
135.35 135.3 135.4 0.001779291556
135.45 135.4 135.5 -0.001317977012
135.55 135.5 135.6 0.00103331308
135.65 135.6 135.7 -0.0006628770729
135.75 135.7 135.8 -0.0003611891793
135.85 135.8 135.9 0.000392260655
135.95 135.9 136 -2.466114891e-05
136.05 136 136.1 0.0002536717198
136.15 136.1 136.2 -0.0007693417863
136.25 136.2 136.3 0.0001399461108
136.35 136.3 136.4 -0.0001601734789
136.45 136.4 136.5 0.001734169942
136.55 136.5 136.6 0.001979648851
136.65 136.6 136.7 0.001720836896
136.75 136.7 136.8 0.001827922063
136.85 136.8 136.9 0.0002220272964
136.95 136.9 137 0.001802660673
137.05 137 137.1 0.0008110615245
137.15 137.1 137.2 -0.001579129645
137.25 137.2 137.3 0.00150465507
137.35 137.3 137.4 0.0007721786583
137.45 137.4 137.5 0.001827485143
137.55 137.5 137.6 9.625373991e-05
137.65 137.6 137.7 0.0004572054721
137.75 137.7 137.8 0.0004363647582
137.85 137.8 137.9 0.00100267072
137.95 137.9 138 0.001604593172
138.05 138 138.1 -0.0005349121754
138.15 138.1 138.2 0.001569197074
138.25 138.2 138.3 -0.0007388826257
138.35 138.3 138.4 0.001156909073
138.45 138.4 138.5 -0.0003083887974
138.55 138.5 138.6 0.001370763843
138.65 138.6 138.7 0.0008684014474
138.75 138.7 138.8 0.0009917341507
138.85 138.8 138.9 0.0001901188442
138.95 138.9 139 0.001024878001
139.05 139 139.1 -1.58878283e-05
139.15 139.1 139.2 0.0006920639043
139.25 139.2 139.3 0.001498604922
139.35 139.3 139.4 0.0007098325792
139.45 139.4 139.5 0.002143288221
139.55 139.5 139.6 0.000143179918
139.65 139.6 139.7 -0.0001932707297
139.75 139.7 139.8 0.001092787253
139.85 139.8 139.9 0.0008853080227
139.95 139.9 140 -0.001092688481
140.05 140 140.1 -0.0001478897357
140.15 140.1 140.2 0.001486763007
140.25 140.2 140.3 0.0008552713917
140.35 140.3 140.4 0.000205995786
140.45 140.4 140.5 0.00144607134
140.55 140.5 140.6 0.001638214884
140.65 140.6 140.7 0.001651662535
140.75 140.7 140.8 0.001648898607
140.85 140.8 140.9 0.002277824645
140.95 140.9 141 6.737140179e-05
141.05 141 141.1 1.015229131e-05
141.15 141.1 141.2 0.0003386552811
141.25 141.2 141.3 0.0006995377576
141.35 141.3 141.4 0.0006283371863
141.45 141.4 141.5 -0.0009422410224
141.55 141.5 141.6 0.0009955810557
141.65 141.6 141.7 0.001125144884
141.75 141.7 141.8 0.0003114127462
141.85 141.8 141.9 0.0001134852902
141.95 141.9 142 0.0001203712936
142.05 142 142.1 -0.0003293745092
142.15 142.1 142.2 0.001559102559
142.25 142.2 142.3 0.000402541421
142.35 142.3 142.4 -0.001183489433
142.45 142.4 142.5 0.0006867679221
142.55 142.5 142.6 -0.00193725773
142.65 142.6 142.7 0.0005378391308
142.75 142.7 142.8 0.001103838145
142.85 142.8 142.9 -0.0001730170296
142.95 142.9 143 0.001105673608
143.05 143 143.1 -0.001448850307
143.15 143.1 143.2 0.001278487413
143.25 143.2 143.3 -0.0008001769957
143.35 143.3 143.4 -4.752125709e-06
143.45 143.4 143.5 0.0009953471661
143.55 143.5 143.6 0.001283156028
143.65 143.6 143.7 0.001497967646
143.75 143.7 143.8 -0.001337345535
143.85 143.8 143.9 0.002005139852
143.95 143.9 144 -0.0001230011485
144.05 144 144.1 0.001325987266
144.15 144.1 144.2 -0.001965850889
144.25 144.2 144.3 -0.002580054312
144.35 144.3 144.4 -0.0001039302036
144.45 144.4 144.5 -0.0007606713103
144.55 144.5 144.6 9.202792808e-05
144.65 144.6 144.7 -8.467024622e-05
144.75 144.7 144.8 0.0006472076998
144.85 144.8 144.9 0.0001604416624
144.95 144.9 145 -0.0006358298267
145.05 145 145.1 -0.0002085905522
145.15 145.1 145.2 -0.0009983113143
145.25 145.2 145.3 0.000687230331
145.35 145.3 145.4 -0.0002034851002
145.45 145.4 145.5 -0.001128909901
145.55 145.5 145.6 -0.001314227242
145.65 145.6 145.7 0.001919393806
145.75 145.7 145.8 -0.0009306240613
145.85 145.8 145.9 0.0002050956935
145.95 145.9 146 -0.0009467224089
146.05 146 146.1 -0.0004324320776
146.15 146.1 146.2 0.001755325876
146.25 146.2 146.3 -0.0003662816081
146.35 146.3 146.4 0.001034128832
146.45 146.4 146.5 0.0001179614689
146.55 146.5 146.6 -1.111665208e-05
146.65 146.6 146.7 0.0009705529615
146.75 146.7 146.8 0.0006196558968
146.85 146.8 146.9 -0.0004355699052
146.95 146.9 147 0.0004733871459
147.05 147 147.1 -0.0009175016123
147.15 147.1 147.2 -9.787634642e-05
147.25 147.2 147.3 -0.001670450329
147.35 147.3 147.4 -0.0006275474621
147.45 147.4 147.5 -0.0005547660959
147.55 147.5 147.6 -0.0008464335546
147.65 147.6 147.7 -0.00266998258
147.75 147.7 147.8 -0.0005678892298
147.85 147.8 147.9 0.0002348151169
147.95 147.9 148 0.001873532377
148.05 148 148.1 -0.002051077689
148.15 148.1 148.2 -0.0001957083256
148.25 148.2 148.3 0.0002668939255
148.35 148.3 148.4 0.001030200333
148.45 148.4 148.5 -0.0008502493503
148.55 148.5 148.6 -0.001347642122
148.65 148.6 148.7 -0.0007357552024
148.75 148.7 148.8 -0.001911475969
148.85 148.8 148.9 0.0006645336748
148.95 148.9 149 -0.0002673667893
149.05 149 149.1 0.0002791373397
149.15 149.1 149.2 -0.001857501113
149.25 149.2 149.3 0.00107030963
149.35 149.3 149.4 0.0002480068624
149.45 149.4 149.5 9.351660049e-05
149.55 149.5 149.6 0.0001844382797
149.65 149.6 149.7 0.0001377850657
149.75 149.7 149.8 0.000115946488
149.85 149.8 149.9 0.0005955991937
149.95 149.9 150 0.0005501247612
150.05 150 150.1 -0.001794547564
150.15 150.1 150.2 0.0002695090788
150.25 150.2 150.3 -3.124259117e-05
150.35 150.3 150.4 -0.0004325518231
150.45 150.4 150.5 -0.0006217360936
150.55 150.5 150.6 -0.002273735046
150.65 150.6 150.7 -0.0002074015562
150.75 150.7 150.8 8.477880551e-05
150.85 150.8 150.9 0.0008535093798
150.95 150.9 151 0.0002963908479
151.05 151 151.1 0.0001791413915
151.15 151.1 151.2 -0.002051387075
151.25 151.2 151.3 -0.001716505413
151.35 151.3 151.4 9.56695386e-05
151.45 151.4 151.5 0.0007700200259
151.55 151.5 151.6 3.47282945e-05
151.65 151.6 151.7 0.0001898442413
151.75 151.7 151.8 -0.001177307646
151.85 151.8 151.9 -0.0005337232676
151.95 151.9 152 -0.001450660102
152.05 152 152.1 0.0001870717183
152.15 152.1 152.2 -1.163235318e-05
152.25 152.2 152.3 -0.001872025638
152.35 152.3 152.4 0.0007548413331
152.45 152.4 152.5 0.0001412686889
152.55 152.5 152.6 -0.0007499410644
152.65 152.6 152.7 0.0001177876223
152.75 152.7 152.8 0.0005690552444
152.85 152.8 152.9 -0.002146898327
152.95 152.9 153 -0.001101908401
153.05 153 153.1 -0.001722166127
153.15 153.1 153.2 -0.003061804191
153.25 153.2 153.3 -0.001387268665
153.35 153.3 153.4 -0.0004171869972
153.45 153.4 153.5 0.0007382738606
153.55 153.5 153.6 -0.001308103245
153.65 153.6 153.7 -0.001412085882
153.75 153.7 153.8 -0.001155741064
153.85 153.8 153.9 -0.0008113874683
153.95 153.9 154 -0.001298879985
154.05 154 154.1 -0.001601880707
154.15 154.1 154.2 0.0008101355531
154.25 154.2 154.3 -0.002080445419
154.35 154.3 154.4 -0.001737109153
154.45 154.4 154.5 -0.002664760229
154.55 154.5 154.6 0.001057274719
154.65 154.6 154.7 -0.0006072048446
154.75 154.7 154.8 -0.000176615185
154.85 154.8 154.9 -0.001730039428
154.95 154.9 155 -0.001764055244
155.05 155 155.1 -8.949053569e-05
155.15 155.1 155.2 0.000931136883
155.25 155.2 155.3 -0.0005116782915
155.35 155.3 155.4 -0.001741377001
155.45 155.4 155.5 -0.002966331764
155.55 155.5 155.6 -0.001829699331
155.65 155.6 155.7 -0.0002572534709
155.75 155.7 155.8 -0.0002870621734
155.85 155.8 155.9 -0.0003955719149
155.95 155.9 156 -0.001448916983
156.05 156 156.1 0.0002351746992
156.15 156.1 156.2 0.0001701263516
156.25 156.2 156.3 -0.001265663703
156.35 156.3 156.4 -0.001364187707
156.45 156.4 156.5 0.0003293716961
156.55 156.5 156.6 0.0007299997433
156.65 156.6 156.7 -0.001109160799
156.75 156.7 156.8 -0.0002181318562
156.85 156.8 156.9 -0.001420366931
156.95 156.9 157 -0.0006904362485
157.05 157 157.1 -0.00132914286
157.15 157.1 157.2 -0.001622233687
157.25 157.2 157.3 -0.001400057956
157.35 157.3 157.4 0.0005650020032
157.45 157.4 157.5 -0.001714919828
157.55 157.5 157.6 -0.0004297654433
157.65 157.6 157.7 0.0007308777105
157.75 157.7 157.8 -0.001881395897
157.85 157.8 157.9 0.0002166568124
157.95 157.9 158 -0.0005398186137
158.05 158 158.1 0.0001906865608
158.15 158.1 158.2 -0.0009221696972
158.25 158.2 158.3 0.0007283730615
158.35 158.3 158.4 0.001011364991
158.45 158.4 158.5 -0.0005855416898
158.55 158.5 158.6 0.0007004703617
158.65 158.6 158.7 -0.001703437947
158.75 158.7 158.8 -0.0008179781353
158.85 158.8 158.9 0.0004895153631
158.95 158.9 159 -0.0002644251497
159.05 159 159.1 -0.001618771834
159.15 159.1 159.2 -0.0008996670037
159.25 159.2 159.3 0.0007944121827
159.35 159.3 159.4 -0.002433614849
159.45 159.4 159.5 -0.0005026861236
159.55 159.5 159.6 -0.001357797877
159.65 159.6 159.7 -0.001236943727
159.75 159.7 159.8 -0.0007997576225
159.85 159.8 159.9 -0.001896189016
159.95 159.9 160 -0.0006333537087
160.05 160 160.1 0.0004104685613
160.15 160.1 160.2 -0.002399943548
160.25 160.2 160.3 -0.001300941764
160.35 160.3 160.4 -0.002432645722
160.45 160.4 160.5 -0.001238413388
160.55 160.5 160.6 -0.0005554537562
160.65 160.6 160.7 -4.253721371e-05
160.75 160.7 160.8 -0.0009994184556
160.85 160.8 160.9 -0.001892661808
160.95 160.9 161 0.0002626993677
161.05 161 161.1 -0.001196928328
161.15 161.1 161.2 -0.001449388341
161.25 161.2 161.3 -0.001146254261
161.35 161.3 161.4 -5.473769052e-05
161.45 161.4 161.5 -0.000439410714
161.55 161.5 161.6 -0.002397047889
161.65 161.6 161.7 -0.0004819138178
161.75 161.7 161.8 -0.0009485387928
161.85 161.8 161.9 -0.001616891913
161.95 161.9 162 -0.001324703541
162.05 162 162.1 -0.0002908432128
162.15 162.1 162.2 0.001258689507
162.25 162.2 162.3 -0.001589311077
162.35 162.3 162.4 -0.0006431696313
162.45 162.4 162.5 -0.0001792903583
162.55 162.5 162.6 -0.0009448591333
162.65 162.6 162.7 -0.001686900588
162.75 162.7 162.8 -0.001494532863
162.85 162.8 162.9 -0.0007945125146
162.95 162.9 163 0.0007635380038
163.05 163 163.1 -0.001716806558
163.15 163.1 163.2 -0.001588336118
163.25 163.2 163.3 -0.001784925686
163.35 163.3 163.4 -0.002519584532
163.45 163.4 163.5 -0.0001846601044
163.55 163.5 163.6 -0.001436082484
163.65 163.6 163.7 -0.001054812725
163.75 163.7 163.8 -0.0008921190399
163.85 163.8 163.9 -0.001169910048
163.95 163.9 164 -0.0007885625811
164.05 164 164.1 -0.002974655462
164.15 164.1 164.2 1.46530969e-05
164.25 164.2 164.3 -0.003101649724
164.35 164.3 164.4 -0.00192243497
164.45 164.4 164.5 -0.002730003692
164.55 164.5 164.6 -0.002390634325
164.65 164.6 164.7 -0.00225206372
164.75 164.7 164.8 -0.002137513706
164.85 164.8 164.9 -0.002134963793
164.95 164.9 165 -0.00127725513
165.05 165 165.1 -0.0004818215846
165.15 165.1 165.2 -0.001987112222
165.25 165.2 165.3 -0.0004559108971
165.35 165.3 165.4 -0.002333351884
165.45 165.4 165.5 -0.00102000583
165.55 165.5 165.6 0.0006319721571
165.65 165.6 165.7 -0.002303076771
165.75 165.7 165.8 -0.001195365453
165.85 165.8 165.9 -0.00410334997
165.95 165.9 166 8.477124226e-05
166.05 166 166.1 -0.0007807848786
166.15 166.1 166.2 -0.001306520186
166.25 166.2 166.3 -0.002275797677
166.35 166.3 166.4 -0.001406547688
166.45 166.4 166.5 -0.0003284810579
166.55 166.5 166.6 -0.0009567633622
166.65 166.6 166.7 -0.002244069632
166.75 166.7 166.8 -0.0006765623845
166.85 166.8 166.9 -0.0008496014613
166.95 166.9 167 -0.001694150673
167.05 167 167.1 -0.0004690294736
167.15 167.1 167.2 -0.0003910052376
167.25 167.2 167.3 -0.001676751413
167.35 167.3 167.4 -0.003338673243
167.45 167.4 167.5 -0.00237957688
167.55 167.5 167.6 0.0005004105157
167.65 167.6 167.7 -0.000952658129
167.75 167.7 167.8 -0.00213255975
167.85 167.8 167.9 -0.001479008162
167.95 167.9 168 -0.001408174762
168.05 168 168.1 -0.0003968882729
168.15 168.1 168.2 -0.001995203991
168.25 168.2 168.3 -0.00203730474
168.35 168.3 168.4 -0.0006086127837
168.45 168.4 168.5 -0.003293266389
168.55 168.5 168.6 -0.001577254429
168.65 168.6 168.7 -4.159529993e-05
168.75 168.7 168.8 -3.572869327e-05
168.85 168.8 168.9 -0.001477488493
168.95 168.9 169 -0.001384099203
169.05 169 169.1 -0.002272496074
169.15 169.1 169.2 -0.003059247928
169.25 169.2 169.3 -0.001124426355
169.35 169.3 169.4 -0.001662238779
169.45 169.4 169.5 -0.001291767846
169.55 169.5 169.6 -0.001423182603
169.65 169.6 169.7 4.536918549e-05
169.75 169.7 169.8 -0.001440788176
169.85 169.8 169.9 -0.0009105591091
169.95 169.9 170 -0.002259869926
170.05 170 170.1 -0.002993881186
170.15 170.1 170.2 -0.0001081664194
170.25 170.2 170.3 -0.001809089289
170.35 170.3 170.4 -0.0009886243342
170.45 170.4 170.5 -0.001913882987
170.55 170.5 170.6 -0.002302542279
170.65 170.6 170.7 -0.002168193444
170.75 170.7 170.8 -0.001759135474
170.85 170.8 170.9 -0.002568664765
170.95 170.9 171 -0.002015612646
171.05 171 171.1 -0.001459523676
171.15 171.1 171.2 -0.001181824279
171.25 171.2 171.3 -0.002404341038
171.35 171.3 171.4 -0.00354565135
171.45 171.4 171.5 -0.0005931912667
171.55 171.5 171.6 -0.0008682672382
171.65 171.6 171.7 -0.001429728627
171.75 171.7 171.8 -0.00248628679
171.85 171.8 171.9 -0.001164506301
171.95 171.9 172 -0.002595879218
172.05 172 172.1 -0.001833799189
172.15 172.1 172.2 -0.00207315896
172.25 172.2 172.3 -0.001521824566
172.35 172.3 172.4 -0.002020405098
172.45 172.4 172.5 -0.001672386011
172.55 172.5 172.6 -0.001645260059
172.65 172.6 172.7 -0.001204978556
172.75 172.7 172.8 -0.001645021384
172.85 172.8 172.9 -0.0003679766943
172.95 172.9 173 -0.002005712316
173.05 173 173.1 -0.0002960281227
173.15 173.1 173.2 -0.001854783406
173.25 173.2 173.3 -0.001976357439
173.35 173.3 173.4 -0.003575531444
173.45 173.4 173.5 -9.615509401e-05
173.55 173.5 173.6 -0.002856315292
173.65 173.6 173.7 -0.002486616799
173.75 173.7 173.8 -0.000297501193
173.85 173.8 173.9 -0.001713735864
173.95 173.9 174 -0.001987071189
174.05 174 174.1 -0.001383967843
174.15 174.1 174.2 -0.002031157767
174.25 174.2 174.3 -0.001492054089
174.35 174.3 174.4 -0.002175385274
174.45 174.4 174.5 -0.00121666944
174.55 174.5 174.6 -0.001282847272
174.65 174.6 174.7 -0.002289262844
174.75 174.7 174.8 -0.000469817426
174.85 174.8 174.9 -0.002449686193
174.95 174.9 175 -0.002124557415
175.05 175 175.1 -0.002653184059
175.15 175.1 175.2 -0.001365498611
175.25 175.2 175.3 -0.001377781228
175.35 175.3 175.4 -0.001291660331
175.45 175.4 175.5 -0.002831540539
175.55 175.5 175.6 -0.001035818821
175.65 175.6 175.7 -0.002008491216
175.75 175.7 175.8 -0.001216542232
175.85 175.8 175.9 -0.0005068978876
175.95 175.9 176 -0.001747062996
176.05 176 176.1 -0.001378626211
176.15 176.1 176.2 -0.001051559427
176.25 176.2 176.3 -0.002382563043
176.35 176.3 176.4 -0.002939320108
176.45 176.4 176.5 -0.002303588944
176.55 176.5 176.6 -0.001143490127
176.65 176.6 176.7 -0.001915123409
176.75 176.7 176.8 -0.00355821812
176.85 176.8 176.9 -0.001746187707
176.95 176.9 177 -0.002202498414
177.05 177 177.1 -0.002552586754
177.15 177.1 177.2 -0.0001987803801
177.25 177.2 177.3 -0.002333150265
177.35 177.3 177.4 -0.0005389843013
177.45 177.4 177.5 -0.00128490456
177.55 177.5 177.6 -0.001441110368
177.65 177.6 177.7 -0.003104247865
177.75 177.7 177.8 -0.0002942132412
177.85 177.8 177.9 -0.00227040746
177.95 177.9 178 -0.001166132529
178.05 178 178.1 -0.0001695218047
178.15 178.1 178.2 -0.001403523104
178.25 178.2 178.3 -0.001603951531
178.35 178.3 178.4 -0.002534717457
178.45 178.4 178.5 -0.002035199262
178.55 178.5 178.6 -0.001765509808
178.65 178.6 178.7 -0.001609634257
178.75 178.7 178.8 -0.00131023329
178.85 178.8 178.9 -0.001543561718
178.95 178.9 179 -0.001670918171
179.05 179 179.1 -0.0004840563461
179.15 179.1 179.2 -0.001902810069
179.25 179.2 179.3 -0.0009710865869
179.35 179.3 179.4 -0.0009761929432
179.45 179.4 179.5 -0.001462581548
179.55 179.5 179.6 -0.00149682764
179.65 179.6 179.7 -0.002482237664
179.75 179.7 179.8 -0.001698866861
179.85 179.8 179.9 -0.002939458466
179.95 179.9 180 -0.0006247980753
180.05 180 180.1 -0.0004811251242
180.15 180.1 180.2 -0.002249591951
180.25 180.2 180.3 -0.001394524273
180.35 180.3 180.4 -0.001629466663
180.45 180.4 180.5 -0.003073531145
180.55 180.5 180.6 -0.001359657239
180.65 180.6 180.7 -0.0008899801327
180.75 180.7 180.8 -0.00119575369
180.85 180.8 180.9 -0.002032468393
180.95 180.9 181 -0.0006796849822
181.05 181 181.1 0.0001205046968
181.15 181.1 181.2 -0.002388733525
181.25 181.2 181.3 -0.001622503864
181.35 181.3 181.4 -0.002108793413
181.45 181.4 181.5 -0.0009082068439
181.55 181.5 181.6 -0.001088607889
181.65 181.6 181.7 -0.002548598152
181.75 181.7 181.8 -0.001660945217
181.85 181.8 181.9 -0.001604660961
181.95 181.9 182 -0.001899961451
182.05 182 182.1 -0.002699895509
182.15 182.1 182.2 -0.002450338375
182.25 182.2 182.3 -0.001565283412
182.35 182.3 182.4 -0.001804102525
182.45 182.4 182.5 -0.002620972898
182.55 182.5 182.6 -0.0009439132003
182.65 182.6 182.7 -0.001578149646
182.75 182.7 182.8 -0.002198511091
182.85 182.8 182.9 -0.0009311356142
182.95 182.9 183 -0.001283649494
183.05 183 183.1 -0.001698408315
183.15 183.1 183.2 -0.0005717114367
183.25 183.2 183.3 -0.001208104873
183.35 183.3 183.4 -0.001313172546
183.45 183.4 183.5 -0.001274309592
183.55 183.5 183.6 -0.00265166373
183.65 183.6 183.7 -0.002405946858
183.75 183.7 183.8 -0.0004082526742
183.85 183.8 183.9 -0.0003082057217
183.95 183.9 184 -0.001662167915
184.05 184 184.1 -0.001470858694
184.15 184.1 184.2 -0.002411638378
184.25 184.2 184.3 -0.001707185635
184.35 184.3 184.4 -0.0005546754054
184.45 184.4 184.5 -0.001423063899
184.55 184.5 184.6 -0.001727627428
184.65 184.6 184.7 -3.36405618e-05
184.75 184.7 184.8 -0.002116451866
184.85 184.8 184.9 -0.0007464378746
184.95 184.9 185 -0.001398886584
185.05 185 185.1 -0.001194848957
185.15 185.1 185.2 9.321289151e-05
185.25 185.2 185.3 -0.001104091922
185.35 185.3 185.4 0.0004842773957
185.45 185.4 185.5 -8.78956093e-05
185.55 185.5 185.6 -0.001106240669
185.65 185.6 185.7 -0.0007717226181
185.75 185.7 185.8 -0.00245822074
185.85 185.8 185.9 -0.0006486320379
185.95 185.9 186 -0.002028237823
186.05 186 186.1 -0.0002070621849
186.15 186.1 186.2 -0.000916386131
186.25 186.2 186.3 -0.000285667763
186.35 186.3 186.4 -0.001240018586
186.45 186.4 186.5 -0.001682138902
186.55 186.5 186.6 -0.0002795442102
186.65 186.6 186.7 -0.0009334488632
186.75 186.7 186.8 -0.0004433749083
186.85 186.8 186.9 -0.001844071667
186.95 186.9 187 -0.002066460002
187.05 187 187.1 -0.001244057439
187.15 187.1 187.2 -0.000838738663
187.25 187.2 187.3 -0.0004218196265
187.35 187.3 187.4 -0.0013188868
187.45 187.4 187.5 -0.001044176288
187.55 187.5 187.6 -0.0007882899963
187.65 187.6 187.7 -0.002683900657
187.75 187.7 187.8 -0.0007624992953
187.85 187.8 187.9 -0.002773812591
187.95 187.9 188 -0.0003458556641
188.05 188 188.1 -0.0007834234438
188.15 188.1 188.2 -0.001587070225
188.25 188.2 188.3 -0.0008766309794
188.35 188.3 188.4 -0.002231169685
188.45 188.4 188.5 -0.0003894359474
188.55 188.5 188.6 -0.001355701557
188.65 188.6 188.7 -0.002204772359
188.75 188.7 188.8 -0.0019444909
188.85 188.8 188.9 -0.001056904048
188.95 188.9 189 -0.00185792859
189.05 189 189.1 -6.916168169e-05
189.15 189.1 189.2 -0.0008287511149
189.25 189.2 189.3 -0.0001903614456
189.35 189.3 189.4 -0.001867431893
189.45 189.4 189.5 -0.0002420048974
189.55 189.5 189.6 -0.001637368384
189.65 189.6 189.7 -0.0007502609248
189.75 189.7 189.8 -0.001489318345
189.85 189.8 189.9 -0.0007748101499
189.95 189.9 190 -7.571591325e-05
190.05 190 190.1 -0.001794958032
190.15 190.1 190.2 -0.00116888399
190.25 190.2 190.3 -0.001865083627
190.35 190.3 190.4 -0.001628897357
190.45 190.4 190.5 -0.001539356201
190.55 190.5 190.6 -0.0004557591196
190.65 190.6 190.7 -0.001078453228
190.75 190.7 190.8 -0.0006751618728
190.85 190.8 190.9 -0.001810138235
190.95 190.9 191 -0.0006084051001
191.05 191 191.1 -0.001520431422
191.15 191.1 191.2 -0.001297180903
191.25 191.2 191.3 -0.001991494255
191.35 191.3 191.4 -0.000227217933
191.45 191.4 191.5 -0.002452470581
191.55 191.5 191.6 -0.0004692926767
191.65 191.6 191.7 0.000193168494
191.75 191.7 191.8 -0.001601118896
191.85 191.8 191.9 -0.001763352871
191.95 191.9 192 -0.002426184059
192.05 192 192.1 -0.0007312494525
192.15 192.1 192.2 -0.0002821924416
192.25 192.2 192.3 -0.0003287732911
192.35 192.3 192.4 -0.001253134585
192.45 192.4 192.5 -0.001403113779
192.55 192.5 192.6 -0.001423479237
192.65 192.6 192.7 -0.001403320389
192.75 192.7 192.8 -0.001521407572
192.85 192.8 192.9 -0.001340152738
192.95 192.9 193 -0.0007719727423
193.05 193 193.1 -0.001894183427
193.15 193.1 193.2 -0.001698188413
193.25 193.2 193.3 0.000269739263
193.35 193.3 193.4 -0.001809959561
193.45 193.4 193.5 -0.0009124217086
193.55 193.5 193.6 -0.001618476627
193.65 193.6 193.7 -0.001305645743
193.75 193.7 193.8 -0.001972267692
193.85 193.8 193.9 -0.0009329303758
193.95 193.9 194 -0.001227659078
194.05 194 194.1 -0.002194677738
194.15 194.1 194.2 -0.0009224217732
194.25 194.2 194.3 -0.001253157345
194.35 194.3 194.4 -0.001398693045
194.45 194.4 194.5 -0.001049699787
194.55 194.5 194.6 -0.000645625276
194.65 194.6 194.7 -0.001840327672
194.75 194.7 194.8 -0.001878521234
194.85 194.8 194.9 -0.001006283935
194.95 194.9 195 -0.001065697914
195.05 195 195.1 0.001631519734
195.15 195.1 195.2 -0.0008336770586
195.25 195.2 195.3 -0.001474547692
195.35 195.3 195.4 -0.0009679324474
195.45 195.4 195.5 -0.001365279376
195.55 195.5 195.6 -0.0008797056309
195.65 195.6 195.7 -0.001336829015
195.75 195.7 195.8 -0.0002495679371
195.85 195.8 195.9 -0.001146623571
195.95 195.9 196 -0.001643472447
196.05 196 196.1 -0.00136659226
196.15 196.1 196.2 -0.001046572766
196.25 196.2 196.3 -0.001147746031
196.35 196.3 196.4 -0.000737278651
196.45 196.4 196.5 -0.002204902396
196.55 196.5 196.6 -0.002628702908
196.65 196.6 196.7 -0.00149309877
196.75 196.7 196.8 -0.001459285372
196.85 196.8 196.9 -0.00059610458
196.95 196.9 197 -0.001580802001
197.05 197 197.1 -0.001715129451
197.15 197.1 197.2 -0.001210833156
197.25 197.2 197.3 -0.00128792703
197.35 197.3 197.4 -0.001351448989
197.45 197.4 197.5 -0.002711782868
197.55 197.5 197.6 -0.00078988504
197.65 197.6 197.7 -0.0008970452989
197.75 197.7 197.8 -0.001750878209
197.85 197.8 197.9 -0.001423774505
197.95 197.9 198 -0.001114623482
198.05 198 198.1 -0.002318448363
198.15 198.1 198.2 -0.002173063509
198.25 198.2 198.3 -0.0009272197132
198.35 198.3 198.4 -0.0009428980919
198.45 198.4 198.5 -0.001561837686
198.55 198.5 198.6 -0.001812314583
198.65 198.6 198.7 -0.002444801475
198.75 198.7 198.8 -0.001579254451
198.85 198.8 198.9 -0.002245152069
198.95 198.9 199 -0.002040518959
199.05 199 199.1 -0.001261357606
199.15 199.1 199.2 -0.000489170222
199.25 199.2 199.3 -0.001486799024
199.35 199.3 199.4 -0.0002903811774
199.45 199.4 199.5 -0.001168515189
199.55 199.5 199.6 -0.0001673496788
199.65 199.6 199.7 -0.00186959304
199.75 199.7 199.8 -0.001696035367
199.85 199.8 199.9 -0.001432259369
199.95 199.9 200 -0.001597639825
