# Columns: s_cen(1) s_min(2) s_max(3) xi_iso(4)
0.05 0 0.1 58.14095197
0.15 0.1 0.2 12.65459218
0.25 0.2 0.3 18.66279461
0.35 0.3 0.4 21.42205194
0.45 0.4 0.5 25.91197689
0.55 0.5 0.6 21.79856203
0.65 0.6 0.7 24.05357563
0.75 0.7 0.8 22.76519943
0.85 0.8 0.9 22.9961813
0.95 0.9 1 20.39168389
1.05 1 1.1 21.41777733
1.15 1.1 1.2 19.4520919
1.25 1.2 1.3 18.22917289
1.35 1.3 1.4 17.79151169
1.45 1.4 1.5 16.48725249
1.55 1.5 1.6 16.25079818
1.65 1.6 1.7 15.79813864
1.75 1.7 1.8 14.4075733
1.85 1.8 1.9 13.29395555
1.95 1.9 2 12.28417304
2.05 2 2.1 11.87801068
2.15 2.1 2.2 11.49439691
2.25 2.2 2.3 11.16005793
2.35 2.3 2.4 10.42600125
2.45 2.4 2.5 9.483621602
2.55 2.5 2.6 8.730828514
2.65 2.6 2.7 8.066138738
2.75 2.7 2.8 7.60533608
2.85 2.8 2.9 7.411567215
2.95 2.9 3 6.789955442
3.05 3 3.1 6.467563005
3.15 3.1 3.2 6.301013957
3.25 3.2 3.3 6.479844257
3.35 3.3 3.4 5.828299162
3.45 3.4 3.5 5.672908425
3.55 3.5 3.6 5.533695497
3.65 3.6 3.7 5.411760848
3.75 3.7 3.8 5.23526156
3.85 3.8 3.9 4.963912021
3.95 3.9 4 4.618896836
4.05 4 4.1 4.452239708
4.15 4.1 4.2 4.591554953
4.25 4.2 4.3 4.387427501
4.35 4.3 4.4 4.304674821
4.45 4.4 4.5 4.09284582
4.55 4.5 4.6 3.908290889
4.65 4.6 4.7 3.792369833
4.75 4.7 4.8 3.688075656
4.85 4.8 4.9 3.749385511
4.95 4.9 5 3.42809182
5.05 5 5.1 3.439031256
5.15 5.1 5.2 3.163635085
5.25 5.2 5.3 3.212163976
5.35 5.3 5.4 3.101290029
5.45 5.4 5.5 3.009016322
5.55 5.5 5.6 3.003123661
5.65 5.6 5.7 2.855212983
5.75 5.7 5.8 2.841348587
5.85 5.8 5.9 2.637893501
5.95 5.9 6 2.672831885
6.05 6 6.1 2.507060562
6.15 6.1 6.2 2.55963945
6.25 6.2 6.3 2.490181056
6.35 6.3 6.4 2.492112168
6.45 6.4 6.5 2.342070528
6.55 6.5 6.6 2.289663088
6.65 6.6 6.7 2.210387683
6.75 6.7 6.8 2.072648786
6.85 6.8 6.9 2.015709609
6.95 6.9 7 2.086271793
7.05 7 7.1 2.053483741
7.15 7.1 7.2 1.954965718
7.25 7.2 7.3 1.957969856
7.35 7.3 7.4 1.803891532
7.45 7.4 7.5 1.728728813
7.55 7.5 7.6 1.835337625
7.65 7.6 7.7 1.725660963
7.75 7.7 7.8 1.768572385
7.85 7.8 7.9 1.650975323
7.95 7.9 8 1.644665348
8.05 8 8.1 1.63903733
8.15 8.1 8.2 1.560043875
8.25 8.2 8.3 1.569114719
8.35 8.3 8.4 1.486847772
8.45 8.4 8.5 1.461448534
8.55 8.5 8.6 1.416861687
8.65 8.6 8.7 1.408676561
8.75 8.7 8.8 1.377715459
8.85 8.8 8.9 1.367880413
8.95 8.9 9 1.320822168
9.05 9 9.1 1.325653698
9.15 9.1 9.2 1.248650666
9.25 9.2 9.3 1.170787338
9.35 9.3 9.4 1.214979147
9.45 9.4 9.5 1.255389361
9.55 9.5 9.6 1.18932657
9.65 9.6 9.7 1.208669717
9.75 9.7 9.8 1.175912868
9.85 9.8 9.9 1.129881134
9.95 9.9 10 1.127893412
10.05 10 10.1 1.046611717
10.15 10.1 10.2 1.043258173
10.25 10.2 10.3 1.042372181
10.35 10.3 10.4 1.044060147
10.45 10.4 10.5 1.016602962
10.55 10.5 10.6 1.007099999
10.65 10.6 10.7 0.9816523334
10.75 10.7 10.8 0.9484335485
10.85 10.8 10.9 0.9527765853
10.95 10.9 11 0.9240712076
11.05 11 11.1 0.9116859986
11.15 11.1 11.2 0.8989800756
11.25 11.2 11.3 0.8727786256
11.35 11.3 11.4 0.9005693452
11.45 11.4 11.5 0.8978859848
11.55 11.5 11.6 0.8643385509
11.65 11.6 11.7 0.8416632825
11.75 11.7 11.8 0.8244883608
11.85 11.8 11.9 0.7901539908
11.95 11.9 12 0.7880140764
12.05 12 12.1 0.7719980291
12.15 12.1 12.2 0.7518864102
12.25 12.2 12.3 0.7331720743
12.35 12.3 12.4 0.7625172156
12.45 12.4 12.5 0.7236219953
12.55 12.5 12.6 0.7061265073
12.65 12.6 12.7 0.7147246141
12.75 12.7 12.8 0.7475357547
12.85 12.8 12.9 0.691864841
12.95 12.9 13 0.677688961
13.05 13 13.1 0.6914607756
13.15 13.1 13.2 0.677625403
13.25 13.2 13.3 0.6439629766
13.35 13.3 13.4 0.6278215276
13.45 13.4 13.5 0.6359734453
13.55 13.5 13.6 0.608323747
13.65 13.6 13.7 0.6326600108
13.75 13.7 13.8 0.6069980305
13.85 13.8 13.9 0.608838474
13.95 13.9 14 0.5875807885
14.05 14 14.1 0.5861493474
14.15 14.1 14.2 0.6025470984
14.25 14.2 14.3 0.5844436277
14.35 14.3 14.4 0.5808764378
14.45 14.4 14.5 0.5411947897
14.55 14.5 14.6 0.5197508305
14.65 14.6 14.7 0.5640369313
14.75 14.7 14.8 0.5124357479
14.85 14.8 14.9 0.5326609572
14.95 14.9 15 0.5207067475
15.05 15 15.1 0.4927343553
15.15 15.1 15.2 0.4994856742
15.25 15.2 15.3 0.4903050171
15.35 15.3 15.4 0.4751759564
15.45 15.4 15.5 0.4833514418
15.55 15.5 15.6 0.4810653564
15.65 15.6 15.7 0.4850792977
15.75 15.7 15.8 0.4790258362
15.85 15.8 15.9 0.453287222
15.95 15.9 16 0.4195673814
16.05 16 16.1 0.435713137
16.15 16.1 16.2 0.4492206664
16.25 16.2 16.3 0.4313514478
16.35 16.3 16.4 0.4290656782
16.45 16.4 16.5 0.4345889529
16.55 16.5 16.6 0.4356598526
16.65 16.6 16.7 0.4269894748
16.75 16.7 16.8 0.4327166211
16.85 16.8 16.9 0.4201905849
16.95 16.9 17 0.3816212209
17.05 17 17.1 0.4024136931
17.15 17.1 17.2 0.4044767346
17.25 17.2 17.3 0.3804167357
17.35 17.3 17.4 0.3998208267
17.45 17.4 17.5 0.3824701358
17.55 17.5 17.6 0.3721463865
17.65 17.6 17.7 0.3697894967
17.75 17.7 17.8 0.3703904078
17.85 17.8 17.9 0.3692043171
17.95 17.9 18 0.3302684091
18.05 18 18.1 0.3526150226
18.15 18.1 18.2 0.3595251543
18.25 18.2 18.3 0.3554910881
18.35 18.3 18.4 0.3487979307
18.45 18.4 18.5 0.3568338857
18.55 18.5 18.6 0.3453808776
18.65 18.6 18.7 0.3467571968
18.75 18.7 18.8 0.3167770299
18.85 18.8 18.9 0.3114736621
18.95 18.9 19 0.3204965332
19.05 19 19.1 0.3346170594
19.15 19.1 19.2 0.3238520056
19.25 19.2 19.3 0.3286397931
19.35 19.3 19.4 0.3068494902
19.45 19.4 19.5 0.2940825773
19.55 19.5 19.6 0.3094256142
19.65 19.6 19.7 0.2970616111
19.75 19.7 19.8 0.3023734555
19.85 19.8 19.9 0.295311824
19.95 19.9 20 0.2975690194
20.05 20 20.1 0.2825551434
20.15 20.1 20.2 0.2962229356
20.25 20.2 20.3 0.2753866308
20.35 20.3 20.4 0.2861811353
20.45 20.4 20.5 0.2702306747
20.55 20.5 20.6 0.2820166921
20.65 20.6 20.7 0.2806977259
20.75 20.7 20.8 0.2666630019
20.85 20.8 20.9 0.2732450901
20.95 20.9 21 0.2600100038
21.05 21 21.1 0.2521887222
21.15 21.1 21.2 0.2534344452
21.25 21.2 21.3 0.2505109598
21.35 21.3 21.4 0.2591315676
21.45 21.4 21.5 0.2623080002
21.55 21.5 21.6 0.2457255573
21.65 21.6 21.7 0.241658829
21.75 21.7 21.8 0.2513211061
21.85 21.8 21.9 0.2479600065
21.95 21.9 22 0.237255859
22.05 22 22.1 0.2324114921
22.15 22.1 22.2 0.2303959042
22.25 22.2 22.3 0.2317376274
22.35 22.3 22.4 0.2236496133
22.45 22.4 22.5 0.2232999551
22.55 22.5 22.6 0.2198735192
22.65 22.6 22.7 0.2215150754
22.75 22.7 22.8 0.2394512117
22.85 22.8 22.9 0.2024540811
22.95 22.9 23 0.2337466448
23.05 23 23.1 0.215438517
23.15 23.1 23.2 0.2217379429
23.25 23.2 23.3 0.2158793647
23.35 23.3 23.4 0.2166779773
23.45 23.4 23.5 0.2113249918
23.55 23.5 23.6 0.2160681258
23.65 23.6 23.7 0.1854851982
23.75 23.7 23.8 0.2104902062
23.85 23.8 23.9 0.1907653548
23.95 23.9 24 0.1788577592
24.05 24 24.1 0.200235849
24.15 24.1 24.2 0.196500464
24.25 24.2 24.3 0.1802565151
24.35 24.3 24.4 0.1954760053
24.45 24.4 24.5 0.182115413
24.55 24.5 24.6 0.1855090576
24.65 24.6 24.7 0.1832271284
24.75 24.7 24.8 0.1769263453
24.85 24.8 24.9 0.1842054674
24.95 24.9 25 0.1820244667
25.05 25 25.1 0.1675562792
25.15 25.1 25.2 0.1621828643
25.25 25.2 25.3 0.1693003764
25.35 25.3 25.4 0.1801089111
25.45 25.4 25.5 0.169159685
25.55 25.5 25.6 0.175577148
25.65 25.6 25.7 0.1480311583
25.75 25.7 25.8 0.178336103
25.85 25.8 25.9 0.1809489068
25.95 25.9 26 0.1756920658
26.05 26 26.1 0.1624881604
26.15 26.1 26.2 0.1777875496
26.25 26.2 26.3 0.1716103106
26.35 26.3 26.4 0.177038744
26.45 26.4 26.5 0.1579333326
26.55 26.5 26.6 0.1632085682
26.65 26.6 26.7 0.1619346906
26.75 26.7 26.8 0.1500552834
26.85 26.8 26.9 0.1661186169
26.95 26.9 27 0.1658480679
27.05 27 27.1 0.1442692366
27.15 27.1 27.2 0.1549878153
27.25 27.2 27.3 0.1394301835
27.35 27.3 27.4 0.1542747325
27.45 27.4 27.5 0.1535779151
27.55 27.5 27.6 0.1602965104
27.65 27.6 27.7 0.1450642843
27.75 27.7 27.8 0.1428403311
27.85 27.8 27.9 0.139178214
27.95 27.9 28 0.1412386882
28.05 28 28.1 0.1604424492
28.15 28.1 28.2 0.1351764018
28.25 28.2 28.3 0.1417009978
28.35 28.3 28.4 0.1271031807
28.45 28.4 28.5 0.1390706031
28.55 28.5 28.6 0.1428239383
28.65 28.6 28.7 0.1494385309
28.75 28.7 28.8 0.1376184173
28.85 28.8 28.9 0.1269701296
28.95 28.9 29 0.1384558048
29.05 29 29.1 0.1299582795
29.15 29.1 29.2 0.122952013
29.25 29.2 29.3 0.1362225176
29.35 29.3 29.4 0.1266518567
29.45 29.4 29.5 0.1215593326
29.55 29.5 29.6 0.1241126003
29.65 29.6 29.7 0.1300176261
29.75 29.7 29.8 0.1208158493
29.85 29.8 29.9 0.1334989456
29.95 29.9 30 0.1404771213
30.05 30 30.1 0.1330134961
30.15 30.1 30.2 0.1317000237
30.25 30.2 30.3 0.1276656505
30.35 30.3 30.4 0.1240132644
30.45 30.4 30.5 0.1182010773
30.55 30.5 30.6 0.1323898442
30.65 30.6 30.7 0.1167471626
30.75 30.7 30.8 0.1240229232
30.85 30.8 30.9 0.1112917528
30.95 30.9 31 0.111991925
31.05 31 31.1 0.1167738338
31.15 31.1 31.2 0.1039814788
31.25 31.2 31.3 0.1109223234
31.35 31.3 31.4 0.1163993657
31.45 31.4 31.5 0.09747145186
31.55 31.5 31.6 0.1005848404
31.65 31.6 31.7 0.1063754092
31.75 31.7 31.8 0.1045162615
31.85 31.8 31.9 0.1077907891
31.95 31.9 32 0.1145859456
32.05 32 32.1 0.1002463012
32.15 32.1 32.2 0.09165958813
32.25 32.2 32.3 0.1082114435
32.35 32.3 32.4 0.1048859487
32.45 32.4 32.5 0.09755520589
32.55 32.5 32.6 0.117271271
32.65 32.6 32.7 0.08663574974
32.75 32.7 32.8 0.08841276047
32.85 32.8 32.9 0.1037624271
32.95 32.9 33 0.1089156647
33.05 33 33.1 0.1052933261
33.15 33.1 33.2 0.114707734
33.25 33.2 33.3 0.09553008405
33.35 33.3 33.4 0.1052724754
33.45 33.4 33.5 0.1054800852
33.55 33.5 33.6 0.09934597868
33.65 33.6 33.7 0.09654338738
33.75 33.7 33.8 0.1003355344
33.85 33.8 33.9 0.09700989222
33.95 33.9 34 0.1026553347
34.05 34 34.1 0.09484446268
34.15 34.1 34.2 0.07852299906
34.25 34.2 34.3 0.09601418096
34.35 34.3 34.4 0.08650616877
34.45 34.4 34.5 0.09658498702
34.55 34.5 34.6 0.09560643472
34.65 34.6 34.7 0.08440753307
34.75 34.7 34.8 0.1049605962
34.85 34.8 34.9 0.08667369296
34.95 34.9 35 0.09787621192
35.05 35 35.1 0.06745833882
35.15 35.1 35.2 0.08596978538
35.25 35.2 35.3 0.08220821101
35.35 35.3 35.4 0.09036294083
35.45 35.4 35.5 0.08385147251
35.55 35.5 35.6 0.08339261463
35.65 35.6 35.7 0.07799812659
35.75 35.7 35.8 0.0751079417
35.85 35.8 35.9 0.07615643693
35.95 35.9 36 0.08435107654
36.05 36 36.1 0.08114537013
36.15 36.1 36.2 0.089144044
36.25 36.2 36.3 0.07888223456
36.35 36.3 36.4 0.07467357571
36.45 36.4 36.5 0.06162561706
36.55 36.5 36.6 0.08709710561
36.65 36.6 36.7 0.06881650666
36.75 36.7 36.8 0.07391227572
36.85 36.8 36.9 0.07677342077
36.95 36.9 37 0.07654539098
37.05 37 37.1 0.07188510712
37.15 37.1 37.2 0.07302244313
37.25 37.2 37.3 0.08137536337
37.35 37.3 37.4 0.07384737691
37.45 37.4 37.5 0.07367229608
37.55 37.5 37.6 0.0836040906
37.65 37.6 37.7 0.07442428372
37.75 37.7 37.8 0.07448569367
37.85 37.8 37.9 0.07267812183
37.95 37.9 38 0.07107259879
38.05 38 38.1 0.07073982503
38.15 38.1 38.2 0.0837671236
38.25 38.2 38.3 0.07112033001
38.35 38.3 38.4 0.07719642958
38.45 38.4 38.5 0.08119387648
38.55 38.5 38.6 0.06552295657
38.65 38.6 38.7 0.07394488462
38.75 38.7 38.8 0.07765612337
38.85 38.8 38.9 0.06109195249
38.95 38.9 39 0.06220831984
39.05 39 39.1 0.06159295536
39.15 39.1 39.2 0.07192790587
39.25 39.2 39.3 0.06570287875
39.35 39.3 39.4 0.06150005402
39.45 39.4 39.5 0.0601720335
39.55 39.5 39.6 0.07728413295
39.65 39.6 39.7 0.07253149942
39.75 39.7 39.8 0.06104416067
39.85 39.8 39.9 0.06441051322
39.95 39.9 40 0.06676555392
40.05 40 40.1 0.06132363604
40.15 40.1 40.2 0.06536255446
40.25 40.2 40.3 0.06313718651
40.35 40.3 40.4 0.06011013198
40.45 40.4 40.5 0.05927839791
40.55 40.5 40.6 0.06185317827
40.65 40.6 40.7 0.05464255855
40.75 40.7 40.8 0.06069927189
40.85 40.8 40.9 0.05038230871
40.95 40.9 41 0.05239626797
41.05 41 41.1 0.05583872323
41.15 41.1 41.2 0.05586497619
41.25 41.2 41.3 0.05606348748
41.35 41.3 41.4 0.06013479024
41.45 41.4 41.5 0.06669393067
41.55 41.5 41.6 0.05558831704
41.65 41.6 41.7 0.05710436008
41.75 41.7 41.8 0.06084314166
41.85 41.8 41.9 0.06214850433
41.95 41.9 42 0.05440926487
42.05 42 42.1 0.05972604985
42.15 42.1 42.2 0.05055788539
42.25 42.2 42.3 0.05079331594
42.35 42.3 42.4 0.05783606761
42.45 42.4 42.5 0.06045946533
42.55 42.5 42.6 0.05698193055
42.65 42.6 42.7 0.05303179105
42.75 42.7 42.8 0.06044685964
42.85 42.8 42.9 0.05804993261
42.95 42.9 43 0.0579852602
43.05 43 43.1 0.05665007198
43.15 43.1 43.2 0.05505951932
43.25 43.2 43.3 0.04063849565
43.35 43.3 43.4 0.04901352863
43.45 43.4 43.5 0.05525523015
43.55 43.5 43.6 0.05706395868
43.65 43.6 43.7 0.05198098351
43.75 43.7 43.8 0.05347800478
43.85 43.8 43.9 0.05206487804
43.95 43.9 44 0.05166671205
44.05 44 44.1 0.04989056873
44.15 44.1 44.2 0.04663346466
44.25 44.2 44.3 0.04031853436
44.35 44.3 44.4 0.0508141778
44.45 44.4 44.5 0.04993801223
44.55 44.5 44.6 0.0539292366
44.65 44.6 44.7 0.04821117345
44.75 44.7 44.8 0.05000039865
44.85 44.8 44.9 0.03747778856
44.95 44.9 45 0.04217277993
45.05 45 45.1 0.0482894058
45.15 45.1 45.2 0.04785630638
45.25 45.2 45.3 0.04722559117
45.35 45.3 45.4 0.04248881782
45.45 45.4 45.5 0.0445820808
45.55 45.5 45.6 0.04052165996
45.65 45.6 45.7 0.04909671996
45.75 45.7 45.8 0.04362449216
45.85 45.8 45.9 0.05085024246
45.95 45.9 46 0.04222787906
46.05 46 46.1 0.04294317615
46.15 46.1 46.2 0.04272155629
46.25 46.2 46.3 0.0435005457
46.35 46.3 46.4 0.04696471883
46.45 46.4 46.5 0.04917017558
46.55 46.5 46.6 0.0388746071
46.65 46.6 46.7 0.0467983193
46.75 46.7 46.8 0.04064807672
46.85 46.8 46.9 0.0425549074
46.95 46.9 47 0.03793544584
47.05 47 47.1 0.03722140698
47.15 47.1 47.2 0.03678708421
47.25 47.2 47.3 0.04169417534
47.35 47.3 47.4 0.04343701831
47.45 47.4 47.5 0.0457782595
47.55 47.5 47.6 0.03467253344
47.65 47.6 47.7 0.03701922652
47.75 47.7 47.8 0.04321287555
47.85 47.8 47.9 0.03273133348
47.95 47.9 48 0.0392420214
48.05 48 48.1 0.04201299048
48.15 48.1 48.2 0.03475548107
48.25 48.2 48.3 0.03657351359
48.35 48.3 48.4 0.0421328518
48.45 48.4 48.5 0.04165786816
48.55 48.5 48.6 0.04633961342
48.65 48.6 48.7 0.03329156897
48.75 48.7 48.8 0.04333403085
48.85 48.8 48.9 0.03362247573
48.95 48.9 49 0.02855073478
49.05 49 49.1 0.03295026662
49.15 49.1 49.2 0.02660301999
49.25 49.2 49.3 0.03681830207
49.35 49.3 49.4 0.03666479954
49.45 49.4 49.5 0.03233905711
49.55 49.5 49.6 0.02545364764
49.65 49.6 49.7 0.03877863988
49.75 49.7 49.8 0.03533477318
49.85 49.8 49.9 0.03648920557
49.95 49.9 50 0.02395218692
50.05 50 50.1 0.03120775992
50.15 50.1 50.2 0.03634128349
50.25 50.2 50.3 0.03179502402
50.35 50.3 50.4 0.03067618829
50.45 50.4 50.5 0.03203687104
50.55 50.5 50.6 0.03650291439
50.65 50.6 50.7 0.03498780411
50.75 50.7 50.8 0.03309268527
50.85 50.8 50.9 0.02288270493
50.95 50.9 51 0.0329715023
51.05 51 51.1 0.03572746238
51.15 51.1 51.2 0.03012564428
51.25 51.2 51.3 0.02869163788
51.35 51.3 51.4 0.03104404573
51.45 51.4 51.5 0.03258440321
51.55 51.5 51.6 0.03477328304
51.65 51.6 51.7 0.03489442369
51.75 51.7 51.8 0.03666566826
51.85 51.8 51.9 0.02532369106
51.95 51.9 52 0.02944531473
52.05 52 52.1 0.02462803054
52.15 52.1 52.2 0.03259931074
52.25 52.2 52.3 0.03704360063
52.35 52.3 52.4 0.03943362685
52.45 52.4 52.5 0.02430821424
52.55 52.5 52.6 0.02729955818
52.65 52.6 52.7 0.02822253355
52.75 52.7 52.8 0.03351076404
52.85 52.8 52.9 0.03048254766
52.95 52.9 53 0.0335999374
53.05 53 53.1 0.02722960804
53.15 53.1 53.2 0.03101620323
53.25 53.2 53.3 0.03550377391
53.35 53.3 53.4 0.02614716657
53.45 53.4 53.5 0.02654824013
53.55 53.5 53.6 0.02382093557
53.65 53.6 53.7 0.03030534141
53.75 53.7 53.8 0.02639226721
53.85 53.8 53.9 0.02686247566
53.95 53.9 54 0.03081043554
54.05 54 54.1 0.02977992753
54.15 54.1 54.2 0.02917473953
54.25 54.2 54.3 0.03091806032
54.35 54.3 54.4 0.0299352008
54.45 54.4 54.5 0.03087981804
54.55 54.5 54.6 0.02544575261
54.65 54.6 54.7 0.02457879644
54.75 54.7 54.8 0.0207853576
54.85 54.8 54.9 0.02357033867
54.95 54.9 55 0.0242357025
55.05 55 55.1 0.02759176673
55.15 55.1 55.2 0.0255071352
55.25 55.2 55.3 0.02756769686
55.35 55.3 55.4 0.0300123732
55.45 55.4 55.5 0.03111276056
55.55 55.5 55.6 0.02165258892
55.65 55.6 55.7 0.02800049641
55.75 55.7 55.8 0.02814331508
55.85 55.8 55.9 0.02861395024
55.95 55.9 56 0.03443500845
56.05 56 56.1 0.02537636014
56.15 56.1 56.2 0.02152898195
56.25 56.2 56.3 0.02043134701
56.35 56.3 56.4 0.02682949851
56.45 56.4 56.5 0.02591156551
56.55 56.5 56.6 0.0222949835
56.65 56.6 56.7 0.02749144932
56.75 56.7 56.8 0.02098269786
56.85 56.8 56.9 0.02255057557
56.95 56.9 57 0.02196895784
57.05 57 57.1 0.01487583272
57.15 57.1 57.2 0.02387286544
57.25 57.2 57.3 0.02912808464
57.35 57.3 57.4 0.01952470383
57.45 57.4 57.5 0.02389966477
57.55 57.5 57.6 0.01731576347
57.65 57.6 57.7 0.02694662063
57.75 57.7 57.8 0.0227408958
57.85 57.8 57.9 0.02521496938
57.95 57.9 58 0.02533823742
58.05 58 58.1 0.01805891011
58.15 58.1 58.2 0.01514956574
58.25 58.2 58.3 0.0191767675
58.35 58.3 58.4 0.02034413214
58.45 58.4 58.5 0.01958332895
58.55 58.5 58.6 0.02478256347
58.65 58.6 58.7 0.01587572892
58.75 58.7 58.8 0.02086957082
58.85 58.8 58.9 0.02677436637
58.95 58.9 59 0.01939664234
59.05 59 59.1 0.02157418963
59.15 59.1 59.2 0.0209540892
59.25 59.2 59.3 0.02474062241
59.35 59.3 59.4 0.02355006937
59.45 59.4 59.5 0.02553314864
59.55 59.5 59.6 0.02042996089
59.65 59.6 59.7 0.02014468134
59.75 59.7 59.8 0.01993849595
59.85 59.8 59.9 0.02436076678
59.95 59.9 60 0.02107430197
60.05 60 60.1 0.02205240799
60.15 60.1 60.2 0.01533997437
60.25 60.2 60.3 0.02232930903
60.35 60.3 60.4 0.02411914948
60.45 60.4 60.5 0.01507595627
60.55 60.5 60.6 0.0133041322
60.65 60.6 60.7 0.01372877103
60.75 60.7 60.8 0.02264740268
60.85 60.8 60.9 0.01909577056
60.95 60.9 61 0.01743321339
61.05 61 61.1 0.020522638
61.15 61.1 61.2 0.01354803391
61.25 61.2 61.3 0.02334834849
61.35 61.3 61.4 0.01977733157
61.45 61.4 61.5 0.0172779893
61.55 61.5 61.6 0.01582852539
61.65 61.6 61.7 0.01784966235
61.75 61.7 61.8 0.01670465884
61.85 61.8 61.9 0.01773727557
61.95 61.9 62 0.01387725324
62.05 62 62.1 0.01804940077
62.15 62.1 62.2 0.01482344576
62.25 62.2 62.3 0.01933855952
62.35 62.3 62.4 0.02054497278
62.45 62.4 62.5 0.01643220835
62.55 62.5 62.6 0.01830152528
62.65 62.6 62.7 0.0175268557
62.75 62.7 62.8 0.02350230762
62.85 62.8 62.9 0.0183352257
62.95 62.9 63 0.01614666179
63.05 63 63.1 0.01180974514
63.15 63.1 63.2 0.02496985978
63.25 63.2 63.3 0.01463361583
63.35 63.3 63.4 0.01684623273
63.45 63.4 63.5 0.01601703814
63.55 63.5 63.6 0.0171074924
63.65 63.6 63.7 0.01493912636
63.75 63.7 63.8 0.01486843673
63.85 63.8 63.9 0.01787378339
63.95 63.9 64 0.01530325921
64.05 64 64.1 0.01693663526
64.15 64.1 64.2 0.01561111408
64.25 64.2 64.3 0.01395762338
64.35 64.3 64.4 0.01777811186
64.45 64.4 64.5 0.02034078009
64.55 64.5 64.6 0.01919018038
64.65 64.6 64.7 0.01206912214
64.75 64.7 64.8 0.01088914397
64.85 64.8 64.9 0.0206124111
64.95 64.9 65 0.008895886021
65.05 65 65.1 0.01519097209
65.15 65.1 65.2 0.01701339648
65.25 65.2 65.3 0.01463145597
65.35 65.3 65.4 0.01639752592
65.45 65.4 65.5 0.01541664189
65.55 65.5 65.6 0.0196028317
65.65 65.6 65.7 0.01601213445
65.75 65.7 65.8 0.01529965218
65.85 65.8 65.9 0.02045385548
65.95 65.9 66 0.01563238814
66.05 66 66.1 0.01428037661
66.15 66.1 66.2 0.01568313061
66.25 66.2 66.3 0.01092235865
66.35 66.3 66.4 0.01830605502
66.45 66.4 66.5 0.01100724078
66.55 66.5 66.6 0.01700617941
66.65 66.6 66.7 0.01324274157
66.75 66.7 66.8 0.01626511026
66.85 66.8 66.9 0.01992462408
66.95 66.9 67 0.01169317686
67.05 67 67.1 0.007661079295
67.15 67.1 67.2 0.01212160891
67.25 67.2 67.3 0.01625506358
67.35 67.3 67.4 0.01287236286
67.45 67.4 67.5 0.01072160871
67.55 67.5 67.6 0.01312945218
67.65 67.6 67.7 0.01199778369
67.75 67.7 67.8 0.007108146438
67.85 67.8 67.9 0.01047709512
67.95 67.9 68 0.01053146213
68.05 68 68.1 0.01401390506
68.15 68.1 68.2 0.01256932547
68.25 68.2 68.3 0.00792564832
68.35 68.3 68.4 0.01365175971
68.45 68.4 68.5 0.002403004868
68.55 68.5 68.6 0.01060994266
68.65 68.6 68.7 0.009853865156
68.75 68.7 68.8 0.01063587661
68.85 68.8 68.9 0.008467049255
68.95 68.9 69 0.006509458216
69.05 69 69.1 0.01169193384
69.15 69.1 69.2 0.01472913517
69.25 69.2 69.3 0.01246455749
69.35 69.3 69.4 0.01452611285
69.45 69.4 69.5 0.01226890676
69.55 69.5 69.6 0.008424306629
69.65 69.6 69.7 0.001688870348
69.75 69.7 69.8 0.009665867032
69.85 69.8 69.9 0.01120795159
69.95 69.9 70 0.01678333284
70.05 70 70.1 0.01419611023
70.15 70.1 70.2 0.0109235666
70.25 70.2 70.3 0.009675117378
70.35 70.3 70.4 0.01348208019
70.45 70.4 70.5 0.01205704119
70.55 70.5 70.6 0.01153068992
70.65 70.6 70.7 0.008850701465
70.75 70.7 70.8 0.007772953077
70.85 70.8 70.9 0.008469861172
70.95 70.9 71 0.01477268257
71.05 71 71.1 0.01390028393
71.15 71.1 71.2 0.01465312771
71.25 71.2 71.3 0.00827773646
71.35 71.3 71.4 0.01306200899
71.45 71.4 71.5 0.01732156226
71.55 71.5 71.6 0.01468716521
71.65 71.6 71.7 0.008530920712
71.75 71.7 71.8 0.01202487329
71.85 71.8 71.9 0.01459816148
71.95 71.9 72 0.01017567427
72.05 72 72.1 0.01055953753
72.15 72.1 72.2 0.0115032639
72.25 72.2 72.3 0.01156241987
72.35 72.3 72.4 0.0106660996
72.45 72.4 72.5 0.01237656968
72.55 72.5 72.6 0.01553707654
72.65 72.6 72.7 0.007086049254
72.75 72.7 72.8 0.01034891396
72.85 72.8 72.9 0.01371794477
72.95 72.9 73 0.009012171006
73.05 73 73.1 0.00918060361
73.15 73.1 73.2 0.002957656061
73.25 73.2 73.3 0.01273812292
73.35 73.3 73.4 0.0132098089
73.45 73.4 73.5 0.008138459973
73.55 73.5 73.6 0.009325736633
73.65 73.6 73.7 0.01543727097
73.75 73.7 73.8 0.01073042363
73.85 73.8 73.9 0.01339602682
73.95 73.9 74 0.00829078573
74.05 74 74.1 0.008154620883
74.15 74.1 74.2 0.0146531053
74.25 74.2 74.3 0.01472105653
74.35 74.3 74.4 0.01096269616
74.45 74.4 74.5 0.01451557748
74.55 74.5 74.6 0.01083645587
74.65 74.6 74.7 0.01202122709
74.75 74.7 74.8 0.009533556345
74.85 74.8 74.9 0.01107227796
74.95 74.9 75 0.01178959474
75.05 75 75.1 0.01263474706
75.15 75.1 75.2 0.008435926405
75.25 75.2 75.3 0.01474791433
75.35 75.3 75.4 0.0158329656
75.45 75.4 75.5 0.009336252551
75.55 75.5 75.6 0.006701080227
75.65 75.6 75.7 0.007732590784
75.75 75.7 75.8 0.008013211244
75.85 75.8 75.9 0.005759553893
75.95 75.9 76 0.008436952257
76.05 76 76.1 0.006912036085
76.15 76.1 76.2 0.009922483484
76.25 76.2 76.3 0.009635115133
76.35 76.3 76.4 0.009802934433
76.45 76.4 76.5 0.009461994937
76.55 76.5 76.6 0.0124450721
76.65 76.6 76.7 0.007604758864
76.75 76.7 76.8 0.009023750722
76.85 76.8 76.9 0.005643079215
76.95 76.9 77 0.009610669969
77.05 77 77.1 0.01078320319
77.15 77.1 77.2 0.01420367169
77.25 77.2 77.3 0.004046697167
77.35 77.3 77.4 0.007326061859
77.45 77.4 77.5 0.01215664061
77.55 77.5 77.6 0.0111564818
77.65 77.6 77.7 0.01223880657
77.75 77.7 77.8 0.005507565385
77.85 77.8 77.9 0.006501078085
77.95 77.9 78 0.008972393238
78.05 78 78.1 0.0106973564
78.15 78.1 78.2 0.0156327715
78.25 78.2 78.3 0.007149019158
78.35 78.3 78.4 0.01065722104
78.45 78.4 78.5 0.008659334035
78.55 78.5 78.6 0.007251017497
78.65 78.6 78.7 0.003378151392
78.75 78.7 78.8 0.009576371065
78.85 78.8 78.9 0.008411664081
78.95 78.9 79 0.006787969266
79.05 79 79.1 0.008859768319
79.15 79.1 79.2 0.01233525023
79.25 79.2 79.3 0.007432573702
79.35 79.3 79.4 0.01208751039
79.45 79.4 79.5 0.01024495933
79.55 79.5 79.6 0.007707403089
79.65 79.6 79.7 0.009316834334
79.75 79.7 79.8 0.00696560706
79.85 79.8 79.9 0.01216660199
79.95 79.9 80 0.01153766937
80.05 80 80.1 0.01592284991
80.15 80.1 80.2 0.008625861729
80.25 80.2 80.3 0.008072768076
80.35 80.3 80.4 0.009712039883
80.45 80.4 80.5 0.01293090198
80.55 80.5 80.6 0.01537380128
80.65 80.6 80.7 0.008517966622
80.75 80.7 80.8 0.01052381847
80.85 80.8 80.9 0.005088196269
80.95 80.9 81 0.0104994651
81.05 81 81.1 0.00887957324
81.15 81.1 81.2 0.01000471661
81.25 81.2 81.3 0.004082319955
81.35 81.3 81.4 0.01152921587
81.45 81.4 81.5 0.008116977436
81.55 81.5 81.6 0.01128942639
81.65 81.6 81.7 0.008339183882
81.75 81.7 81.8 0.0074862756
81.85 81.8 81.9 0.01031490082
81.95 81.9 82 0.01317360195
82.05 82 82.1 0.006597501785
82.15 82.1 82.2 0.01031694137
82.25 82.2 82.3 0.006179866104
82.35 82.3 82.4 0.005717716306
82.45 82.4 82.5 0.01142902001
82.55 82.5 82.6 0.01079319438
82.65 82.6 82.7 0.008633008746
82.75 82.7 82.8 0.004088710686
82.85 82.8 82.9 0.003689077499
82.95 82.9 83 0.006394539643
83.05 83 83.1 0.01238190916
83.15 83.1 83.2 0.01173447808
83.25 83.2 83.3 0.01182501607
83.35 83.3 83.4 0.006491326308
83.45 83.4 83.5 0.008391379056
83.55 83.5 83.6 0.006349741066
83.65 83.6 83.7 0.008277333227
83.75 83.7 83.8 0.01401291518
83.85 83.8 83.9 0.008462594612
83.95 83.9 84 0.007489256921
84.05 84 84.1 0.01193045711
84.15 84.1 84.2 0.01249280595
84.25 84.2 84.3 0.007786935908
84.35 84.3 84.4 0.01102526277
84.45 84.4 84.5 0.008822750334
84.55 84.5 84.6 0.01042412305
84.65 84.6 84.7 0.006786848666
84.75 84.7 84.8 0.01028890868
84.85 84.8 84.9 0.01025568933
84.95 84.9 85 0.002631127808
85.05 85 85.1 0.00609535316
85.15 85.1 85.2 0.01011966198
85.25 85.2 85.3 0.006186731749
85.35 85.3 85.4 0.008244798553
85.45 85.4 85.5 0.006251752899
85.55 85.5 85.6 0.006139364521
85.65 85.6 85.7 0.004505165858
85.75 85.7 85.8 0.007447312039
85.85 85.8 85.9 0.008584195766
85.95 85.9 86 0.01075718467
86.05 86 86.1 0.007168985452
86.15 86.1 86.2 0.005614147929
86.25 86.2 86.3 0.004697004253
86.35 86.3 86.4 0.007932082561
86.45 86.4 86.5 0.01446051453
86.55 86.5 86.6 0.009387039413
86.65 86.6 86.7 0.01174447306
86.75 86.7 86.8 0.01064323778
86.85 86.8 86.9 0.007889418982
86.95 86.9 87 0.01349257187
87.05 87 87.1 0.0138892753
87.15 87.1 87.2 0.006906462254
87.25 87.2 87.3 0.00796600467
87.35 87.3 87.4 0.01025244988
87.45 87.4 87.5 0.009789985638
87.55 87.5 87.6 0.007455462974
87.65 87.6 87.7 0.00354748348
87.75 87.7 87.8 0.009969535881
87.85 87.8 87.9 0.007153858019
87.95 87.9 88 0.007051094604
88.05 88 88.1 0.01144436189
88.15 88.1 88.2 0.008541216719
88.25 88.2 88.3 0.007631570961
88.35 88.3 88.4 0.006803914005
88.45 88.4 88.5 0.01307759157
88.55 88.5 88.6 0.01144622798
88.65 88.6 88.7 0.01180989812
88.75 88.7 88.8 0.008114596886
88.85 88.8 88.9 0.00427816149
88.95 88.9 89 0.005789237093
89.05 89 89.1 0.01018329947
89.15 89.1 89.2 0.007547658428
89.25 89.2 89.3 0.00952550738
89.35 89.3 89.4 0.01122450249
89.45 89.4 89.5 0.01139714902
89.55 89.5 89.6 0.006933778068
89.65 89.6 89.7 0.004798380842
89.75 89.7 89.8 0.007384066715
89.85 89.8 89.9 0.006437269758
89.95 89.9 90 0.006275806656
90.05 90 90.1 0.004503697545
90.15 90.1 90.2 0.005122031868
90.25 90.2 90.3 0.00709022263
90.35 90.3 90.4 0.007323776183
90.45 90.4 90.5 0.005565748138
90.55 90.5 90.6 0.007797999592
90.65 90.6 90.7 0.009727316705
90.75 90.7 90.8 0.005914196356
90.85 90.8 90.9 0.002926916715
90.95 90.9 91 0.006572171965
91.05 91 91.1 0.008753767248
91.15 91.1 91.2 0.007919769113
91.25 91.2 91.3 0.00506830618
91.35 91.3 91.4 0.004702456764
91.45 91.4 91.5 0.007342260719
91.55 91.5 91.6 0.01261192425
91.65 91.6 91.7 0.006486048033
91.75 91.7 91.8 0.007712182969
91.85 91.8 91.9 0.009733101771
91.95 91.9 92 0.003812984634
92.05 92 92.1 0.005723965946
92.15 92.1 92.2 0.006081280439
92.25 92.2 92.3 0.005130724558
92.35 92.3 92.4 0.006366265697
92.45 92.4 92.5 0.008820404237
92.55 92.5 92.6 0.008239479796
92.65 92.6 92.7 0.008924481525
92.75 92.7 92.8 0.007252091981
92.85 92.8 92.9 0.003861099825
92.95 92.9 93 0.007696880295
93.05 93 93.1 0.008552983227
93.15 93.1 93.2 0.01026260551
93.25 93.2 93.3 0.005827867994
93.35 93.3 93.4 0.007656175498
93.45 93.4 93.5 0.002025145418
93.55 93.5 93.6 0.006861489021
93.65 93.6 93.7 0.008805360939
93.75 93.7 93.8 0.008395633308
93.85 93.8 93.9 0.005977605639
93.95 93.9 94 0.005334568111
94.05 94 94.1 0.00422431186
94.15 94.1 94.2 0.009411588039
94.25 94.2 94.3 0.01171513126
94.35 94.3 94.4 0.008034158069
94.45 94.4 94.5 0.009655011587
94.55 94.5 94.6 0.005982484045
94.65 94.6 94.7 0.008596155287
94.75 94.7 94.8 0.01502919512
94.85 94.8 94.9 0.01080513142
94.95 94.9 95 0.009899560082
95.05 95 95.1 0.006812594406
95.15 95.1 95.2 0.007871355907
95.25 95.2 95.3 0.008833389536
95.35 95.3 95.4 0.00738144054
95.45 95.4 95.5 0.007179738758
95.55 95.5 95.6 0.008859048781
95.65 95.6 95.7 0.00751816854
95.75 95.7 95.8 0.008206776835
95.85 95.8 95.9 0.01222114166
95.95 95.9 96 0.009874566925
96.05 96 96.1 0.008399366753
96.15 96.1 96.2 0.007058070448
96.25 96.2 96.3 0.009596402813
96.35 96.3 96.4 0.006598776966
96.45 96.4 96.5 0.009516343016
96.55 96.5 96.6 0.01048992214
96.65 96.6 96.7 0.005971733219
96.75 96.7 96.8 0.00799831358
96.85 96.8 96.9 0.002541208652
96.95 96.9 97 0.01149209171
97.05 97 97.1 0.009794060972
97.15 97.1 97.2 0.007968075247
97.25 97.2 97.3 0.009193766311
97.35 97.3 97.4 0.007395668279
97.45 97.4 97.5 0.008137873251
97.55 97.5 97.6 0.00878446994
97.65 97.6 97.7 0.01013378934
97.75 97.7 97.8 0.008621010144
97.85 97.8 97.9 0.009888671281
97.95 97.9 98 0.008801445598
98.05 98 98.1 0.007326384227
98.15 98.1 98.2 0.008050037804
98.25 98.2 98.3 0.007824294175
98.35 98.3 98.4 0.01001496065
98.45 98.4 98.5 0.008533877755
98.55 98.5 98.6 0.009451021024
98.65 98.6 98.7 0.009722800157
98.75 98.7 98.8 0.008776779281
98.85 98.8 98.9 0.00842350626
98.95 98.9 99 0.007134901093
99.05 99 99.1 0.0087571345
99.15 99.1 99.2 0.006278309547
99.25 99.2 99.3 0.003524267266
99.35 99.3 99.4 0.0071218833
99.45 99.4 99.5 0.005542600252
99.55 99.5 99.6 0.008641760366
99.65 99.6 99.7 0.009175583736
99.75 99.7 99.8 0.008567201248
99.85 99.8 99.9 0.00983174184
99.95 99.9 100 0.007014945815
100.05 100 100.1 0.01094650702
100.15 100.1 100.2 0.006048127386
100.25 100.2 100.3 0.008547052831
100.35 100.3 100.4 0.01081773749
100.45 100.4 100.5 0.007134894748
100.55 100.5 100.6 0.008098370102
100.65 100.6 100.7 0.008402208552
100.75 100.7 100.8 0.01202828176
100.85 100.8 100.9 0.003800661183
100.95 100.9 101 0.01033386998
101.05 101 101.1 0.007951313089
101.15 101.1 101.2 0.005733466108
101.25 101.2 101.3 0.0101552854
101.35 101.3 101.4 0.006009422731
101.45 101.4 101.5 0.008962364967
101.55 101.5 101.6 0.005846193953
101.65 101.6 101.7 0.005942586522
101.75 101.7 101.8 0.005845756276
101.85 101.8 101.9 0.008014274004
101.95 101.9 102 0.01142081131
102.05 102 102.1 0.01169497988
102.15 102.1 102.2 0.008387660328
102.25 102.2 102.3 0.007313470959
102.35 102.3 102.4 0.00670151446
102.45 102.4 102.5 0.005347208716
102.55 102.5 102.6 0.007588728674
102.65 102.6 102.7 0.0111354713
102.75 102.7 102.8 0.004862476769
102.85 102.8 102.9 0.01073657297
102.95 102.9 103 0.006992407019
103.05 103 103.1 0.01292255908
103.15 103.1 103.2 0.009009407309
103.25 103.2 103.3 0.003892259423
103.35 103.3 103.4 0.008442745573
103.45 103.4 103.5 0.01071522568
103.55 103.5 103.6 0.008663096186
103.65 103.6 103.7 0.01116391522
103.75 103.7 103.8 0.007299746942
103.85 103.8 103.9 0.004909229423
103.95 103.9 104 0.01071224378
104.05 104 104.1 0.008617303005
104.15 104.1 104.2 0.004147481048
104.25 104.2 104.3 0.00605651537
104.35 104.3 104.4 0.005623160667
104.45 104.4 104.5 0.006718343419
104.55 104.5 104.6 0.00757879991
104.65 104.6 104.7 0.00637914354
104.75 104.7 104.8 0.009296808538
104.85 104.8 104.9 0.007550700335
104.95 104.9 105 0.01105822859
105.05 105 105.1 0.009351952138
105.15 105.1 105.2 0.01043249625
105.25 105.2 105.3 0.009511912601
105.35 105.3 105.4 0.008917761602
105.45 105.4 105.5 0.009252370244
105.55 105.5 105.6 0.004767109289
105.65 105.6 105.7 0.009314329365
105.75 105.7 105.8 0.005952640915
105.85 105.8 105.9 0.006424071037
105.95 105.9 106 0.00570530401
106.05 106 106.1 0.009103063153
106.15 106.1 106.2 0.007878100751
106.25 106.2 106.3 0.007880021267
106.35 106.3 106.4 0.007547267201
106.45 106.4 106.5 0.009193836009
106.55 106.5 106.6 0.008084672371
106.65 106.6 106.7 0.006744451797
106.75 106.7 106.8 0.004730130425
106.85 106.8 106.9 0.0088237415
106.95 106.9 107 0.007051329744
107.05 107 107.1 0.009392077214
107.15 107.1 107.2 0.009482061196
107.25 107.2 107.3 0.005467305738
107.35 107.3 107.4 0.008514889122
107.45 107.4 107.5 0.01002475489
107.55 107.5 107.6 0.007254110219
107.65 107.6 107.7 0.008062855878
107.75 107.7 107.8 0.007632391692
107.85 107.8 107.9 0.008360837353
107.95 107.9 108 0.01256829701
108.05 108 108.1 0.009428007127
108.15 108.1 108.2 0.01460523709
108.25 108.2 108.3 0.004996758722
108.35 108.3 108.4 0.01165460119
108.45 108.4 108.5 0.009529389697
108.55 108.5 108.6 0.01184994735
108.65 108.6 108.7 0.004249231826
108.75 108.7 108.8 0.01044243062
108.85 108.8 108.9 0.007256911331
108.95 108.9 109 0.00802545114
109.05 109 109.1 0.007413751133
109.15 109.1 109.2 0.002581160092
109.25 109.2 109.3 0.006923811279
109.35 109.3 109.4 0.01060770694
109.45 109.4 109.5 0.009719765001
109.55 109.5 109.6 0.007926244587
109.65 109.6 109.7 0.01355518681
109.75 109.7 109.8 0.01105045639
109.85 109.8 109.9 0.01290329269
109.95 109.9 110 0.008767061889
110.05 110 110.1 0.009410644383
110.15 110.1 110.2 0.01205166967
110.25 110.2 110.3 0.01064560429
110.35 110.3 110.4 0.01174119548
110.45 110.4 110.5 0.007297831173
110.55 110.5 110.6 0.007981746483
110.65 110.6 110.7 0.004934847671
110.75 110.7 110.8 0.009890128232
110.85 110.8 110.9 0.01152689024
110.95 110.9 111 0.007848350136
111.05 111 111.1 0.01151790212
111.15 111.1 111.2 0.007046264057
111.25 111.2 111.3 0.006760093158
111.35 111.3 111.4 0.01013621388
111.45 111.4 111.5 0.006985278099
111.55 111.5 111.6 0.007631531869
111.65 111.6 111.7 0.008236480653
111.75 111.7 111.8 0.009589392681
111.85 111.8 111.9 0.007704756355
111.95 111.9 112 0.007908426364
112.05 112 112.1 0.007930663738
112.15 112.1 112.2 0.00656965066
112.25 112.2 112.3 0.006479186502
112.35 112.3 112.4 0.009060031748
112.45 112.4 112.5 0.006666795816
112.55 112.5 112.6 0.005051586715
112.65 112.6 112.7 0.004870431222
112.75 112.7 112.8 0.006105504201
112.85 112.8 112.9 0.0084228659
112.95 112.9 113 0.01012874079
113.05 113 113.1 0.008687440975
113.15 113.1 113.2 0.005405819897
113.25 113.2 113.3 0.00962091887
113.35 113.3 113.4 0.01099926458
113.45 113.4 113.5 0.007804844163
113.55 113.5 113.6 0.007904351074
113.65 113.6 113.7 0.007819464589
113.75 113.7 113.8 0.00689712258
113.85 113.8 113.9 0.007692162665
113.95 113.9 114 0.006921938518
114.05 114 114.1 0.01052235881
114.15 114.1 114.2 0.00864341777
114.25 114.2 114.3 0.01004278273
114.35 114.3 114.4 0.005607109386
114.45 114.4 114.5 0.005109217064
114.55 114.5 114.6 0.008703188187
114.65 114.6 114.7 0.005739276845
114.75 114.7 114.8 0.008825138464
114.85 114.8 114.9 0.005007486193
114.95 114.9 115 0.00759406905
115.05 115 115.1 0.004999183182
115.15 115.1 115.2 0.004828097446
115.25 115.2 115.3 0.009486432055
115.35 115.3 115.4 0.003811791118
115.45 115.4 115.5 0.007666106285
115.55 115.5 115.6 0.006593275152
115.65 115.6 115.7 0.008290131389
115.75 115.7 115.8 0.007817624308
115.85 115.8 115.9 0.004567930379
115.95 115.9 116 0.006381079191
116.05 116 116.1 0.006806605037
116.15 116.1 116.2 0.009431571508
116.25 116.2 116.3 0.004594599768
116.35 116.3 116.4 0.006672594828
116.45 116.4 116.5 0.008338046041
116.55 116.5 116.6 0.006736008384
116.65 116.6 116.7 0.01235650307
116.75 116.7 116.8 0.007383422348
116.85 116.8 116.9 0.007487769011
116.95 116.9 117 0.005465778199
117.05 117 117.1 0.009078066863
117.15 117.1 117.2 0.004624246473
117.25 117.2 117.3 0.004400153835
117.35 117.3 117.4 0.003558486671
117.45 117.4 117.5 0.007132599479
117.55 117.5 117.6 0.005654816512
117.65 117.6 117.7 0.008341858856
117.75 117.7 117.8 0.006304605651
117.85 117.8 117.9 0.007207160076
117.95 117.9 118 0.005064048078
118.05 118 118.1 0.004420938867
118.15 118.1 118.2 0.009009436868
118.25 118.2 118.3 0.006475703712
118.35 118.3 118.4 0.006947446194
118.45 118.4 118.5 0.004168681215
118.55 118.5 118.6 0.008177745018
118.65 118.6 118.7 0.004058431867
118.75 118.7 118.8 0.003926142238
118.85 118.8 118.9 0.003906808857
118.95 118.9 119 0.00693160136
119.05 119 119.1 0.003120656173
119.15 119.1 119.2 0.004298889339
119.25 119.2 119.3 0.0008564122799
119.35 119.3 119.4 0.004891684105
119.45 119.4 119.5 0.003657965961
119.55 119.5 119.6 0.0060544072
119.65 119.6 119.7 0.003615940955
119.75 119.7 119.8 0.004976286839
119.85 119.8 119.9 0.00627084342
119.95 119.9 120 0.007541139165
120.05 120 120.1 0.00651283642
120.15 120.1 120.2 0.004077754214
120.25 120.2 120.3 0.004012631608
120.35 120.3 120.4 0.005439562418
120.45 120.4 120.5 0.004625032868
120.55 120.5 120.6 0.002480449278
120.65 120.6 120.7 0.002463781509
120.75 120.7 120.8 0.002664383914
120.85 120.8 120.9 0.002137010973
120.95 120.9 121 0.003794532395
121.05 121 121.1 0.003754267991
121.15 121.1 121.2 0.002990343012
121.25 121.2 121.3 0.006299254659
121.35 121.3 121.4 0.006587606713
121.45 121.4 121.5 0.005199746866
121.55 121.5 121.6 0.003886439396
121.65 121.6 121.7 0.002548564574
121.75 121.7 121.8 0.004643504195
121.85 121.8 121.9 0.007364915302
121.95 121.9 122 0.006106029004
122.05 122 122.1 0.004136702057
122.15 122.1 122.2 0.005857102406
122.25 122.2 122.3 0.00320273223
122.35 122.3 122.4 0.004317933199
122.45 122.4 122.5 0.002524872532
122.55 122.5 122.6 0.005149992252
122.65 122.6 122.7 0.002489723584
122.75 122.7 122.8 0.004792898161
122.85 122.8 122.9 -7.098819419e-05
122.95 122.9 123 0.006157480785
123.05 123 123.1 0.007017466295
123.15 123.1 123.2 -0.001656514122
123.25 123.2 123.3 0.007227323662
123.35 123.3 123.4 0.005792401032
123.45 123.4 123.5 0.003590252422
123.55 123.5 123.6 0.007238668478
123.65 123.6 123.7 0.005135057343
123.75 123.7 123.8 0.007377358045
123.85 123.8 123.9 0.004813267964
123.95 123.9 124 0.004632093008
124.05 124 124.1 0.003944022311
124.15 124.1 124.2 0.005648817541
124.25 124.2 124.3 0.006410564812
124.35 124.3 124.4 0.005875631872
124.45 124.4 124.5 0.005168896133
124.55 124.5 124.6 0.003163859159
124.65 124.6 124.7 0.003537050149
124.75 124.7 124.8 0.004954926843
124.85 124.8 124.9 0.004700188083
124.95 124.9 125 0.005475765787
125.05 125 125.1 0.005118269571
125.15 125.1 125.2 0.002484910769
125.25 125.2 125.3 0.003862076811
125.35 125.3 125.4 0.005915856877
125.45 125.4 125.5 0.001391177898
125.55 125.5 125.6 0.003582935829
125.65 125.6 125.7 0.007790410842
125.75 125.7 125.8 0.004178187514
125.85 125.8 125.9 0.001546194339
125.95 125.9 126 0.006042454727
126.05 126 126.1 0.01061868586
126.15 126.1 126.2 0.003519163271
126.25 126.2 126.3 0.004166242443
126.35 126.3 126.4 0.003378405126
126.45 126.4 126.5 0.004325110769
126.55 126.5 126.6 0.003927960275
126.65 126.6 126.7 0.001379238727
126.75 126.7 126.8 0.003334998857
126.85 126.8 126.9 0.003449571962
126.95 126.9 127 0.007334640201
127.05 127 127.1 0.003062788116
127.15 127.1 127.2 0.004741313583
127.25 127.2 127.3 0.007651573656
127.35 127.3 127.4 0.007354324163
127.45 127.4 127.5 0.005314183423
127.55 127.5 127.6 0.003592522565
127.65 127.6 127.7 0.002811638221
127.75 127.7 127.8 0.005722081587
127.85 127.8 127.9 0.004662508353
127.95 127.9 128 0.008110183989
128.05 128 128.1 0.006196520479
128.15 128.1 128.2 0.004367379103
128.25 128.2 128.3 0.004182253645
128.35 128.3 128.4 0.0002268259996
128.45 128.4 128.5 0.00340277114
128.55 128.5 128.6 0.001114610694
128.65 128.6 128.7 0.0006160902316
128.75 128.7 128.8 0.005440596618
128.85 128.8 128.9 0.004328125107
128.95 128.9 129 -0.001124069464
129.05 129 129.1 0.005371239229
129.15 129.1 129.2 0.005142921415
129.25 129.2 129.3 0.004953882677
129.35 129.3 129.4 0.007068782297
129.45 129.4 129.5 0.004377871045
129.55 129.5 129.6 0.0009172630178
129.65 129.6 129.7 0.002196273233
129.75 129.7 129.8 0.00626796908
129.85 129.8 129.9 0.004367064078
129.95 129.9 130 0.0003174180683
130.05 130 130.1 0.001328242632
130.15 130.1 130.2 0.002776589486
130.25 130.2 130.3 0.004097238979
130.35 130.3 130.4 0.003731339097
130.45 130.4 130.5 0.002007098005
130.55 130.5 130.6 0.001781535473
130.65 130.6 130.7 0.003710044919
130.75 130.7 130.8 0.004647621714
130.85 130.8 130.9 0.001680583146
130.95 130.9 131 0.002339333227
131.05 131 131.1 0.002501041737
131.15 131.1 131.2 0.004178799855
131.25 131.2 131.3 0.001886325345
131.35 131.3 131.4 0.003834920561
131.45 131.4 131.5 0.004910838272
131.55 131.5 131.6 0.002412742396
131.65 131.6 131.7 0.003459291596
131.75 131.7 131.8 0.001952411182
131.85 131.8 131.9 0.005662512782
131.95 131.9 132 0.004830238336
132.05 132 132.1 0.003815860855
132.15 132.1 132.2 0.005848806897
132.25 132.2 132.3 0.007481768884
132.35 132.3 132.4 0.001047369091
132.45 132.4 132.5 0.002156837251
132.55 132.5 132.6 0.005405075794
132.65 132.6 132.7 0.001330147568
132.75 132.7 132.8 0.004298516815
132.85 132.8 132.9 0.005744540142
132.95 132.9 133 0.003685802572
133.05 133 133.1 0.004205495097
133.15 133.1 133.2 0.001761120263
133.25 133.2 133.3 0.005328261293
133.35 133.3 133.4 0.003926770671
133.45 133.4 133.5 0.003625366507
133.55 133.5 133.6 0.002924491424
133.65 133.6 133.7 0.005215732824
133.75 133.7 133.8 0.005346537477
133.85 133.8 133.9 0.005063262539
133.95 133.9 134 0.001645880976
134.05 134 134.1 0.005534287937
134.15 134.1 134.2 0.002305872113
134.25 134.2 134.3 -0.001293350904
134.35 134.3 134.4 -0.0008308922507
134.45 134.4 134.5 0.003951315125
134.55 134.5 134.6 0.00347619564
134.65 134.6 134.7 0.002981365536
134.75 134.7 134.8 0.002808563415
134.85 134.8 134.9 0.0001412744394
134.95 134.9 135 0.0006767779299
135.05 135 135.1 0.002648332375
135.15 135.1 135.2 0.00436771258
135.25 135.2 135.3 0.004679163884
135.35 135.3 135.4 0.004738862235
135.45 135.4 135.5 0.002697193947
135.55 135.5 135.6 0.004807749589
135.65 135.6 135.7 0.002333784941
135.75 135.7 135.8 0.004156584938
135.85 135.8 135.9 0.0008264857676
135.95 135.9 136 0.00598255485
136.05 136 136.1 -0.002678013594
136.15 136.1 136.2 0.001592873637
136.25 136.2 136.3 0.001043984727
136.35 136.3 136.4 0.0005645445097
136.45 136.4 136.5 0.003384015732
136.55 136.5 136.6 0.00260669947
136.65 136.6 136.7 -0.0004518194416
136.75 136.7 136.8 0.001346777159
136.85 136.8 136.9 0.004973802855
136.95 136.9 137 0.002504426132
137.05 137 137.1 0.002212222772
137.15 137.1 137.2 0.005979027373
137.25 137.2 137.3 0.000340369933
137.35 137.3 137.4 0.003437541881
137.45 137.4 137.5 0.003897230619
137.55 137.5 137.6 0.004186057214
137.65 137.6 137.7 0.003223321349
137.75 137.7 137.8 0.001760676094
137.85 137.8 137.9 0.0006268854761
137.95 137.9 138 0.003916739491
138.05 138 138.1 0.002017692579
138.15 138.1 138.2 0.003671655051
138.25 138.2 138.3 0.002255005202
138.35 138.3 138.4 0.004387908142
138.45 138.4 138.5 -2.208931378e-05
138.55 138.5 138.6 0.002057126438
138.65 138.6 138.7 0.001835269641
138.75 138.7 138.8 0.0006136664456
138.85 138.8 138.9 0.003414549399
138.95 138.9 139 0.002107344244
139.05 139 139.1 0.004506990421
139.15 139.1 139.2 0.00467512231
139.25 139.2 139.3 0.00317143432
139.35 139.3 139.4 0.0005296822078
139.45 139.4 139.5 0.004270025894
139.55 139.5 139.6 0.005192610462
139.65 139.6 139.7 0.002097917034
139.75 139.7 139.8 0.001825196768
139.85 139.8 139.9 0.00352471004
139.95 139.9 140 0.00268818714
140.05 140 140.1 0.002534766361
140.15 140.1 140.2 0.001645483524
140.25 140.2 140.3 0.0006770149689
140.35 140.3 140.4 0.001682981569
140.45 140.4 140.5 0.00130278437
140.55 140.5 140.6 0.004272769572
140.65 140.6 140.7 0.004141249585
140.75 140.7 140.8 0.003239366745
140.85 140.8 140.9 0.00251464605
140.95 140.9 141 0.003602555684
141.05 141 141.1 -0.001740896683
141.15 141.1 141.2 0.002797762063
141.25 141.2 141.3 0.003923890195
141.35 141.3 141.4 0.003860561265
141.45 141.4 141.5 0.001464728927
141.55 141.5 141.6 0.0009078869401
141.65 141.6 141.7 0.002683308082
141.75 141.7 141.8 0.003611344803
141.85 141.8 141.9 0.001202586903
141.95 141.9 142 0.0005811893595
142.05 142 142.1 0.002446929132
142.15 142.1 142.2 -0.0004474888015
142.25 142.2 142.3 -0.0004941359265
142.35 142.3 142.4 0.0002386045287
142.45 142.4 142.5 3.315686848e-05
142.55 142.5 142.6 0.0007939461402
142.65 142.6 142.7 0.005511498952
142.75 142.7 142.8 0.002084159841
142.85 142.8 142.9 -0.002961641342
142.95 142.9 143 0.003686317454
143.05 143 143.1 0.004737006995
143.15 143.1 143.2 0.004254836297
143.25 143.2 143.3 0.004521859952
143.35 143.3 143.4 0.003941467703
143.45 143.4 143.5 0.002151332262
143.55 143.5 143.6 0.002639818863
143.65 143.6 143.7 0.0005168997211
143.75 143.7 143.8 0.005147923718
143.85 143.8 143.9 0.002124086827
143.95 143.9 144 0.001682044476
144.05 144 144.1 0.003437419578
144.15 144.1 144.2 0.004129763071
144.25 144.2 144.3 0.003331905584
144.35 144.3 144.4 -0.001349522439
144.45 144.4 144.5 -0.001273002252
144.55 144.5 144.6 0.00216199683
144.65 144.6 144.7 0.003371910156
144.75 144.7 144.8 0.002421789006
144.85 144.8 144.9 0.003362736602
144.95 144.9 145 0.001308107913
145.05 145 145.1 0.001691254306
145.15 145.1 145.2 0.001700487078
145.25 145.2 145.3 0.002050921953
145.35 145.3 145.4 0.003624321524
145.45 145.4 145.5 0.002755850805
145.55 145.5 145.6 -0.0002497693555
145.65 145.6 145.7 0.003556433662
145.75 145.7 145.8 0.001357973005
145.85 145.8 145.9 0.0007392270031
145.95 145.9 146 0.002260651911
146.05 146 146.1 0.0022241741
146.15 146.1 146.2 0.005439920384
146.25 146.2 146.3 0.001964212369
146.35 146.3 146.4 0.003561936219
146.45 146.4 146.5 0.002280242319
146.55 146.5 146.6 -2.751731845e-05
146.65 146.6 146.7 0.0006781717247
146.75 146.7 146.8 0.001858717165
146.85 146.8 146.9 0.003597272477
146.95 146.9 147 0.0007719582053
147.05 147 147.1 0.001415640482
147.15 147.1 147.2 0.0007059756897
147.25 147.2 147.3 0.001332425006
147.35 147.3 147.4 -0.0004125275923
147.45 147.4 147.5 0.004058898503
147.55 147.5 147.6 0.002894682204
147.65 147.6 147.7 0.003014972312
147.75 147.7 147.8 0.001048104375
147.85 147.8 147.9 0.002233918144
147.95 147.9 148 0.0004202075898
148.05 148 148.1 0.0004396129693
148.15 148.1 148.2 0.0007583272546
148.25 148.2 148.3 -0.0004419280862
148.35 148.3 148.4 0.003535296813
148.45 148.4 148.5 0.001131059257
148.55 148.5 148.6 0.004374588211
148.65 148.6 148.7 0.001749560738
148.75 148.7 148.8 0.001155441551
148.85 148.8 148.9 0.001509093987
148.95 148.9 149 -0.0009056359339
149.05 149 149.1 0.002228120859
149.15 149.1 149.2 -0.0004602837582
149.25 149.2 149.3 0.002514193667
149.35 149.3 149.4 0.002592496246
149.45 149.4 149.5 0.001205639917
149.55 149.5 149.6 0.000275680254
149.65 149.6 149.7 0.0006400719518
149.75 149.7 149.8 -1.173840688e-06
149.85 149.8 149.9 0.001609647931
149.95 149.9 150 0.001522440417
150.05 150 150.1 -0.002163212854
150.15 150.1 150.2 0.0012841746
150.25 150.2 150.3 0.002705309982
150.35 150.3 150.4 0.005013530316
150.45 150.4 150.5 0.0006990677154
150.55 150.5 150.6 0.002386595795
150.65 150.6 150.7 -0.001539419924
150.75 150.7 150.8 -0.0004471613036
150.85 150.8 150.9 0.0007872279921
150.95 150.9 151 0.0002411309275
151.05 151 151.1 0.001010903423
151.15 151.1 151.2 0.001896162705
151.25 151.2 151.3 0.003112654484
151.35 151.3 151.4 -0.00041219827
151.45 151.4 151.5 0.004254367564
151.55 151.5 151.6 0.001440050781
151.65 151.6 151.7 -0.001474026677
151.75 151.7 151.8 0.0002620738927
151.85 151.8 151.9 0.006278275478
151.95 151.9 152 0.003432242237
152.05 152 152.1 -0.0001798076165
152.15 152.1 152.2 0.001973341549
152.25 152.2 152.3 0.002180529888
152.35 152.3 152.4 4.216289957e-06
152.45 152.4 152.5 0.003026880601
152.55 152.5 152.6 0.002253629316
152.65 152.6 152.7 0.00416987267
152.75 152.7 152.8 0.002457546871
152.85 152.8 152.9 0.001973153522
152.95 152.9 153 0.000309834171
153.05 153 153.1 0.001062035569
153.15 153.1 153.2 0.0008008357308
153.25 153.2 153.3 0.00230711518
153.35 153.3 153.4 0.0006229379639
153.45 153.4 153.5 0.002767243045
153.55 153.5 153.6 0.003282612757
153.65 153.6 153.7 -0.0002749130472
153.75 153.7 153.8 -0.001205328057
153.85 153.8 153.9 0.004248191393
153.95 153.9 154 -0.001246363752
154.05 154 154.1 0.0002444333636
154.15 154.1 154.2 0.0008174914904
154.25 154.2 154.3 0.001341358988
154.35 154.3 154.4 0.001671870294
154.45 154.4 154.5 0.002713398306
154.55 154.5 154.6 -0.0004716267901
154.65 154.6 154.7 -0.001106829643
154.75 154.7 154.8 0.0007761670795
154.85 154.8 154.9 0.002118822855
154.95 154.9 155 0.0002411691653
155.05 155 155.1 0.001564744934
155.15 155.1 155.2 0.002601069745
155.25 155.2 155.3 0.002118756498
155.35 155.3 155.4 -0.001141553631
155.45 155.4 155.5 0.005629785229
155.55 155.5 155.6 0.002585635758
155.65 155.6 155.7 0.001883155344
155.75 155.7 155.8 0.001116956473
155.85 155.8 155.9 0.002851128214
155.95 155.9 156 0.0003855692811
156.05 156 156.1 -0.0004297594032
156.15 156.1 156.2 0.002940736336
156.25 156.2 156.3 0.003024081383
156.35 156.3 156.4 0.001339135943
156.45 156.4 156.5 0.003493204516
156.55 156.5 156.6 0.003247720956
156.65 156.6 156.7 0.001725374575
156.75 156.7 156.8 0.001083262965
156.85 156.8 156.9 0.0020452563
156.95 156.9 157 0.002755443977
157.05 157 157.1 0.0005176569203
157.15 157.1 157.2 0.001833203992
157.25 157.2 157.3 0.001687133198
157.35 157.3 157.4 0.002605756233
157.45 157.4 157.5 0.0009146795079
157.55 157.5 157.6 0.000781870433
157.65 157.6 157.7 0.0004943022416
157.75 157.7 157.8 0.002800061337
157.85 157.8 157.9 0.001207157015
157.95 157.9 158 0.001903529101
158.05 158 158.1 0.002310247688
158.15 158.1 158.2 0.003484498129
158.25 158.2 158.3 -0.0007317090972
158.35 158.3 158.4 0.00161504998
158.45 158.4 158.5 0.002565569417
158.55 158.5 158.6 0.003658354314
158.65 158.6 158.7 -5.996630946e-05
158.75 158.7 158.8 7.908596734e-05
158.85 158.8 158.9 -0.001334982468
158.95 158.9 159 0.000336777963
159.05 159 159.1 0.001936123905
159.15 159.1 159.2 0.005491977778
159.25 159.2 159.3 0.005472909846
159.35 159.3 159.4 0.001122643582
159.45 159.4 159.5 0.001102076902
159.55 159.5 159.6 0.001110477193
159.65 159.6 159.7 0.001740143057
159.75 159.7 159.8 0.00054413748
159.85 159.8 159.9 0.002079352538
159.95 159.9 160 0.001798672093
160.05 160 160.1 0.002645728442
160.15 160.1 160.2 -0.001851341936
160.25 160.2 160.3 0.001953399084
160.35 160.3 160.4 0.001003814361
160.45 160.4 160.5 0.003040231128
160.55 160.5 160.6 0.0008700263011
160.65 160.6 160.7 0.001428820909
160.75 160.7 160.8 0.003329987756
160.85 160.8 160.9 0.0008520344598
160.95 160.9 161 0.003008358129
161.05 161 161.1 0.0007148346643
161.15 161.1 161.2 -0.002598098631
161.25 161.2 161.3 0.0005820588695
161.35 161.3 161.4 0.0007080557009
161.45 161.4 161.5 -0.001548080914
161.55 161.5 161.6 0.00331438311
161.65 161.6 161.7 0.0007532376847
161.75 161.7 161.8 0.0002264724872
161.85 161.8 161.9 0.002967707673
161.95 161.9 162 -0.0007147821055
162.05 162 162.1 -0.0006790672332
162.15 162.1 162.2 0.002832020375
162.25 162.2 162.3 0.004670525377
162.35 162.3 162.4 0.001383438484
162.45 162.4 162.5 0.0004573897243
162.55 162.5 162.6 0.00164877892
162.65 162.6 162.7 0.002813087688
162.75 162.7 162.8 0.003111855996
162.85 162.8 162.9 0.00225625154
162.95 162.9 163 9.827723395e-05
163.05 163 163.1 -0.0002643958674
163.15 163.1 163.2 0.002790927607
163.25 163.2 163.3 0.002229518461
163.35 163.3 163.4 0.003553227793
163.45 163.4 163.5 0.0005656828753
163.55 163.5 163.6 0.002677270638
163.65 163.6 163.7 0.003523133107
163.75 163.7 163.8 0.001086869458
163.85 163.8 163.9 0.003481242593
163.95 163.9 164 0.0009999541295
164.05 164 164.1 0.0003132113499
164.15 164.1 164.2 0.001656837515
164.25 164.2 164.3 0.0003770571875
164.35 164.3 164.4 -0.0008272471533
164.45 164.4 164.5 0.0001089004951
164.55 164.5 164.6 0.002632648342
164.65 164.6 164.7 -0.0002246311488
164.75 164.7 164.8 0.0025923208
164.85 164.8 164.9 0.002692171941
164.95 164.9 165 0.001081306094
165.05 165 165.1 -4.550795761e-05
165.15 165.1 165.2 0.001612673711
165.25 165.2 165.3 -0.0009497641441
165.35 165.3 165.4 0.001263302248
165.45 165.4 165.5 0.0006843956323
165.55 165.5 165.6 0.0001812814974
165.65 165.6 165.7 -0.0002501706726
165.75 165.7 165.8 0.0003774324815
165.85 165.8 165.9 -0.001548384755
165.95 165.9 166 -0.001580563904
166.05 166 166.1 -4.208705894e-05
166.15 166.1 166.2 0.0006981114309
166.25 166.2 166.3 0.001426080592
166.35 166.3 166.4 0.00226112094
166.45 166.4 166.5 0.002157114716
166.55 166.5 166.6 0.002554226653
166.65 166.6 166.7 0.003503975947
166.75 166.7 166.8 0.0003578044498
166.85 166.8 166.9 -0.002501719819
166.95 166.9 167 -0.001862233611
167.05 167 167.1 -7.880162424e-05
167.15 167.1 167.2 0.002378346031
167.25 167.2 167.3 -0.001618073238
167.35 167.3 167.4 0.00132517768
167.45 167.4 167.5 0.002125886753
167.55 167.5 167.6 0.001105154946
167.65 167.6 167.7 -8.105910325e-05
167.75 167.7 167.8 0.001414082202
167.85 167.8 167.9 0.001479281773
167.95 167.9 168 0.001443015778
168.05 168 168.1 0.002315265413
168.15 168.1 168.2 0.0009461111921
168.25 168.2 168.3 0.001839089051
168.35 168.3 168.4 0.0003746756625
168.45 168.4 168.5 0.0003558797265
168.55 168.5 168.6 0.001418083853
168.65 168.6 168.7 0.000870478946
168.75 168.7 168.8 0.001818602792
168.85 168.8 168.9 0.00141625035
168.95 168.9 169 0.0009117839467
169.05 169 169.1 0.0002023840839
169.15 169.1 169.2 0.0005931763901
169.25 169.2 169.3 0.002483947614
169.35 169.3 169.4 -0.000563025792
169.45 169.4 169.5 0.001048691963
169.55 169.5 169.6 0.00205594854
169.65 169.6 169.7 0.002221345346
169.75 169.7 169.8 -0.002087689543
169.85 169.8 169.9 0.0002153455715
169.95 169.9 170 0.000189392805
170.05 170 170.1 -0.0007142713606
170.15 170.1 170.2 0.003029467806
170.25 170.2 170.3 -0.0003996576327
170.35 170.3 170.4 -0.0002013181523
170.45 170.4 170.5 -0.0004466858088
170.55 170.5 170.6 -0.0008501361511
170.65 170.6 170.7 0.003218192143
170.75 170.7 170.8 0.00123654466
170.85 170.8 170.9 0.001139503588
170.95 170.9 171 0.0007307771987
171.05 171 171.1 -0.001930311198
171.15 171.1 171.2 0.001732209724
171.25 171.2 171.3 6.358430132e-05
171.35 171.3 171.4 -0.001412246052
171.45 171.4 171.5 -0.0001034699023
171.55 171.5 171.6 -0.0006568020851
171.65 171.6 171.7 -0.001024589007
171.75 171.7 171.8 0.001996723502
171.85 171.8 171.9 -0.0001682777405
171.95 171.9 172 0.0001881671993
172.05 172 172.1 0.001836161552
172.15 172.1 172.2 0.001012187069
172.25 172.2 172.3 -0.0003372296063
172.35 172.3 172.4 -0.001885260498
172.45 172.4 172.5 0.0006557027869
172.55 172.5 172.6 0.001217771493
172.65 172.6 172.7 0.0003341582154
172.75 172.7 172.8 0.0003841593854
172.85 172.8 172.9 -0.00263545629
172.95 172.9 173 -0.0005735574845
173.05 173 173.1 -0.002080900551
173.15 173.1 173.2 -0.002636675857
173.25 173.2 173.3 0.003066259267
173.35 173.3 173.4 0.001118255165
173.45 173.4 173.5 0.0009854845739
173.55 173.5 173.6 -0.0009917146515
173.65 173.6 173.7 -0.0007857203982
173.75 173.7 173.8 0.0005240813145
173.85 173.8 173.9 -0.001890264454
173.95 173.9 174 -0.00010226353
174.05 174 174.1 -0.0007456784121
174.15 174.1 174.2 -0.0009425966918
174.25 174.2 174.3 -0.0009302581423
174.35 174.3 174.4 -0.0006606657614
174.45 174.4 174.5 0.0003349156705
174.55 174.5 174.6 0.00267476723
174.65 174.6 174.7 0.001962572605
174.75 174.7 174.8 0.001408258873
174.85 174.8 174.9 -0.001853884804
174.95 174.9 175 0.001231798393
175.05 175 175.1 0.001476296026
175.15 175.1 175.2 0.002084353457
175.25 175.2 175.3 0.00222187918
175.35 175.3 175.4 -0.001427358324
175.45 175.4 175.5 -2.65972748e-05
175.55 175.5 175.6 0.0003707269446
175.65 175.6 175.7 0.001476736169
175.75 175.7 175.8 0.001828156747
175.85 175.8 175.9 -0.002373542065
175.95 175.9 176 0.0003624523534
176.05 176 176.1 2.920419507e-05
176.15 176.1 176.2 0.002674174427
176.25 176.2 176.3 -0.0004215645329
176.35 176.3 176.4 -0.001968507841
176.45 176.4 176.5 0.0005624843929
176.55 176.5 176.6 -0.002720190323
176.65 176.6 176.7 -8.723999599e-05
176.75 176.7 176.8 -0.001078156621
176.85 176.8 176.9 -0.0007981501573
176.95 176.9 177 -0.00275652842
177.05 177 177.1 0.0027359737
177.15 177.1 177.2 -0.002962577566
177.25 177.2 177.3 -0.003041899125
177.35 177.3 177.4 7.480715862e-05
177.45 177.4 177.5 -0.003243018265
177.55 177.5 177.6 0.001306489516
177.65 177.6 177.7 -0.001353832676
177.75 177.7 177.8 -0.002793724768
177.85 177.8 177.9 -0.00101397473
177.95 177.9 178 -0.0009927526989
178.05 178 178.1 0.0003890001077
178.15 178.1 178.2 -0.0007759603865
178.25 178.2 178.3 -0.0007498083731
178.35 178.3 178.4 -0.001939285729
178.45 178.4 178.5 0.0001131410362
178.55 178.5 178.6 -0.0007692981193
178.65 178.6 178.7 -0.002549183285
178.75 178.7 178.8 -0.002324286507
178.85 178.8 178.9 0.002178248002
178.95 178.9 179 1.8034409e-05
179.05 179 179.1 0.001459956139
179.15 179.1 179.2 -0.001405833649
179.25 179.2 179.3 -0.0007255262812
179.35 179.3 179.4 -0.001932791425
179.45 179.4 179.5 -0.002554490504
179.55 179.5 179.6 -0.002269416365
179.65 179.6 179.7 -0.00148657422
179.75 179.7 179.8 -0.0009500915261
179.85 179.8 179.9 -0.001619104833
179.95 179.9 180 0.0004109864774
180.05 180 180.1 0.001209456507
180.15 180.1 180.2 -0.000182894881
180.25 180.2 180.3 0.000588762239
180.35 180.3 180.4 0.00235276688
180.45 180.4 180.5 0.001068101684
180.55 180.5 180.6 0.0005020170531
180.65 180.6 180.7 -0.0001592483375
180.75 180.7 180.8 -0.001250265053
180.85 180.8 180.9 0.0007798920912
180.95 180.9 181 1.160912264e-05
181.05 181 181.1 0.0009445263221
181.15 181.1 181.2 0.0015228691
181.25 181.2 181.3 0.001988870291
181.35 181.3 181.4 0.0002603653077
181.45 181.4 181.5 0.002213060951
181.55 181.5 181.6 8.674951461e-05
181.65 181.6 181.7 0.003524017259
181.75 181.7 181.8 0.002456431361
181.85 181.8 181.9 -0.002410033012
181.95 181.9 182 -0.002117867091
182.05 182 182.1 -0.001711661301
182.15 182.1 182.2 -0.004326464227
182.25 182.2 182.3 -0.001612864477
182.35 182.3 182.4 -0.0003754157109
182.45 182.4 182.5 0.001022673383
182.55 182.5 182.6 0.0007837943877
182.65 182.6 182.7 -0.001266604565
182.75 182.7 182.8 -0.002384639793
182.85 182.8 182.9 -0.001778959495
182.95 182.9 183 0.0004758383986
183.05 183 183.1 -0.0002907752248
183.15 183.1 183.2 0.003033549208
183.25 183.2 183.3 -0.001270912321
183.35 183.3 183.4 -0.0002640315034
183.45 183.4 183.5 -0.002252323575
183.55 183.5 183.6 -0.0005035006211
183.65 183.6 183.7 0.001331734366
183.75 183.7 183.8 -0.001036614892
183.85 183.8 183.9 -0.00116580153
183.95 183.9 184 -0.0007467609258
184.05 184 184.1 0.002005659897
184.15 184.1 184.2 0.001619166925
184.25 184.2 184.3 -0.001136829944
184.35 184.3 184.4 -5.886337222e-05
184.45 184.4 184.5 -0.001045742429
184.55 184.5 184.6 -0.0005600210317
184.65 184.6 184.7 -0.001859833199
184.75 184.7 184.8 -0.0005505328072
184.85 184.8 184.9 -0.001264157436
184.95 184.9 185 -0.0003305403329
185.05 185 185.1 0.002635472766
185.15 185.1 185.2 -0.00105380916
185.25 185.2 185.3 0.0009002946666
185.35 185.3 185.4 0.0002591260924
185.45 185.4 185.5 1.945881698e-05
185.55 185.5 185.6 -0.000181118539
185.65 185.6 185.7 9.38642473e-05
185.75 185.7 185.8 0.001381811345
185.85 185.8 185.9 -0.001898935913
185.95 185.9 186 -0.001493741913
186.05 186 186.1 -8.293687392e-05
186.15 186.1 186.2 -0.001213413636
186.25 186.2 186.3 -0.0006475564826
186.35 186.3 186.4 0.001528340565
186.45 186.4 186.5 -0.0008567476907
186.55 186.5 186.6 -0.001683254015
186.65 186.6 186.7 -1.591252827e-05
186.75 186.7 186.8 -0.0023402968
186.85 186.8 186.9 0.002152759282
186.95 186.9 187 0.0004846976926
187.05 187 187.1 -0.002533126278
187.15 187.1 187.2 0.00124424681
187.25 187.2 187.3 0.001327063937
187.35 187.3 187.4 -0.0002075975144
187.45 187.4 187.5 -0.002659119216
187.55 187.5 187.6 -0.0005902539159
187.65 187.6 187.7 -0.0005050704469
187.75 187.7 187.8 -0.0001432279565
187.85 187.8 187.9 -0.001463764205
187.95 187.9 188 7.918198396e-05
188.05 188 188.1 0.00168222064
188.15 188.1 188.2 -0.0009129842721
188.25 188.2 188.3 -0.0009835789536
188.35 188.3 188.4 -0.00225200177
188.45 188.4 188.5 -0.0001821400129
188.55 188.5 188.6 0.00109989556
188.65 188.6 188.7 -7.244249553e-05
188.75 188.7 188.8 0.0001051336066
188.85 188.8 188.9 -0.001475569638
188.95 188.9 189 -0.001008443885
189.05 189 189.1 -0.002230553913
189.15 189.1 189.2 -0.0001145456701
189.25 189.2 189.3 -0.002383897341
189.35 189.3 189.4 -0.0007696110964
189.45 189.4 189.5 0.0008954350278
189.55 189.5 189.6 0.001521763287
189.65 189.6 189.7 -0.002294925499
189.75 189.7 189.8 -0.001148553937
189.85 189.8 189.9 -0.001174291904
189.95 189.9 190 0.0002580195063
190.05 190 190.1 -0.00257223662
190.15 190.1 190.2 -0.00107729596
190.25 190.2 190.3 -0.001641413001
190.35 190.3 190.4 -0.0006529085529
190.45 190.4 190.5 -0.0033539279
190.55 190.5 190.6 -0.001375508504
190.65 190.6 190.7 0.001191547299
190.75 190.7 190.8 -0.003975000329
190.85 190.8 190.9 -0.001715803369
190.95 190.9 191 -0.001155503672
191.05 191 191.1 0.001202045379
191.15 191.1 191.2 -0.003465233744
191.25 191.2 191.3 -0.001168240905
191.35 191.3 191.4 -0.0006343410308
191.45 191.4 191.5 2.084991462e-06
191.55 191.5 191.6 -0.001454589386
191.65 191.6 191.7 -0.0007659711978
191.75 191.7 191.8 -0.0003745343158
191.85 191.8 191.9 0.001326634081
191.95 191.9 192 0.0004533017219
192.05 192 192.1 0.001046563837
192.15 192.1 192.2 -0.002626845638
192.25 192.2 192.3 3.347008007e-05
192.35 192.3 192.4 0.0001904694087
192.45 192.4 192.5 -0.001768166832
192.55 192.5 192.6 -0.0006992915433
192.65 192.6 192.7 0.0002981915748
192.75 192.7 192.8 -0.001665807095
192.85 192.8 192.9 -0.000274545429
192.95 192.9 193 0.0003349082697
193.05 193 193.1 -0.001642192647
193.15 193.1 193.2 0.001060690601
193.25 193.2 193.3 -0.00116850398
193.35 193.3 193.4 8.708293912e-05
193.45 193.4 193.5 0.001726158932
193.55 193.5 193.6 -0.001262831725
193.65 193.6 193.7 0.001794337565
193.75 193.7 193.8 -0.001120237391
193.85 193.8 193.9 -0.0008217214296
193.95 193.9 194 -0.002444203366
194.05 194 194.1 -0.002368918865
194.15 194.1 194.2 -2.265404963e-05
194.25 194.2 194.3 0.000329867594
194.35 194.3 194.4 0.001613941293
194.45 194.4 194.5 0.0008713772343
194.55 194.5 194.6 -0.0007681913727
194.65 194.6 194.7 -0.001589331088
194.75 194.7 194.8 -0.001628612038
194.85 194.8 194.9 0.002990111206
194.95 194.9 195 -0.00222001543
195.05 195 195.1 0.0008825162941
195.15 195.1 195.2 0.002556573383
195.25 195.2 195.3 -0.001214853322
195.35 195.3 195.4 -0.002360342636
195.45 195.4 195.5 0.001318739645
195.55 195.5 195.6 -0.001497082347
195.65 195.6 195.7 -0.0005217756138
195.75 195.7 195.8 -0.003390747945
195.85 195.8 195.9 0.0001291035501
195.95 195.9 196 -0.0009326255119
196.05 196 196.1 -0.0006798623622
196.15 196.1 196.2 -1.232168964e-05
196.25 196.2 196.3 -0.0007555563802
196.35 196.3 196.4 0.0005629163959
196.45 196.4 196.5 0.001081350303
196.55 196.5 196.6 0.002675476021
196.65 196.6 196.7 -0.001216206361
196.75 196.7 196.8 -5.377189391e-05
196.85 196.8 196.9 0.001857358248
196.95 196.9 197 -0.001005681502
197.05 197 197.1 0.001042817781
197.15 197.1 197.2 -0.002758349179
197.25 197.2 197.3 0.0005744391505
197.35 197.3 197.4 -0.001777601327
197.45 197.4 197.5 -0.0006902758408
197.55 197.5 197.6 -0.0007784360948
197.65 197.6 197.7 -0.001103582088
197.75 197.7 197.8 0.001333462392
197.85 197.8 197.9 0.0009167625755
197.95 197.9 198 -0.001648775974
198.05 198 198.1 -0.0001260715968
198.15 198.1 198.2 -0.002947195364
198.25 198.2 198.3 -0.0007869184227
198.35 198.3 198.4 -3.961024484e-05
198.45 198.4 198.5 0.0004342593703
198.55 198.5 198.6 0.0002092905804
198.65 198.6 198.7 -0.002456784795
198.75 198.7 198.8 2.807951993e-05
198.85 198.8 198.9 -0.001799792201
198.95 198.9 199 -0.0008229289751
199.05 199 199.1 -0.002310741
199.15 199.1 199.2 -0.001644014729
199.25 199.2 199.3 -0.0009007442142
199.35 199.3 199.4 -0.0007458173425
199.45 199.4 199.5 -8.530968785e-05
199.55 199.5 199.6 -0.0006208713543
199.65 199.6 199.7 -0.0009617192028
199.75 199.7 199.8 -0.001716760868
199.85 199.8 199.9 -0.001386653744
199.95 199.9 200 0.0001337524353
