# Columns: s_cen(1) s_min(2) s_max(3) xi_iso(4)
0.05 0 0.1 35.78587332
0.15 0.1 0.2 9.358623524
0.25 0.2 0.3 13.01389531
0.35 0.3 0.4 15.59537434
0.45 0.4 0.5 20.13372494
0.55 0.5 0.6 22.3253628
0.65 0.6 0.7 23.00904382
0.75 0.7 0.8 21.29528557
0.85 0.8 0.9 22.19917662
0.95 0.9 1 20.71125801
1.05 1 1.1 19.61967126
1.15 1.1 1.2 18.72843143
1.25 1.2 1.3 18.87845058
1.35 1.3 1.4 17.48780329
1.45 1.4 1.5 16.77058416
1.55 1.5 1.6 15.83139495
1.65 1.6 1.7 14.61360984
1.75 1.7 1.8 14.12771485
1.85 1.8 1.9 13.32902342
1.95 1.9 2 12.06575509
2.05 2 2.1 11.85648305
2.15 2.1 2.2 10.96190792
2.25 2.2 2.3 10.34034712
2.35 2.3 2.4 9.748336288
2.45 2.4 2.5 8.899432748
2.55 2.5 2.6 8.746140746
2.65 2.6 2.7 8.043515466
2.75 2.7 2.8 7.557092552
2.85 2.8 2.9 7.558184963
2.95 2.9 3 6.878461637
3.05 3 3.1 6.65252627
3.15 3.1 3.2 6.25119647
3.25 3.2 3.3 6.21132308
3.35 3.3 3.4 5.742341527
3.45 3.4 3.5 5.561019183
3.55 3.5 3.6 5.383620615
3.65 3.6 3.7 5.26940248
3.75 3.7 3.8 5.035450634
3.85 3.8 3.9 4.914393758
3.95 3.9 4 4.650797324
4.05 4 4.1 4.452790564
4.15 4.1 4.2 4.311372078
4.25 4.2 4.3 4.169538058
4.35 4.3 4.4 4.022146127
4.45 4.4 4.5 3.842979928
4.55 4.5 4.6 3.848620008
4.65 4.6 4.7 3.743943825
4.75 4.7 4.8 3.548773283
4.85 4.8 4.9 3.541624833
4.95 4.9 5 3.43597809
5.05 5 5.1 3.20641498
5.15 5.1 5.2 3.150244212
5.25 5.2 5.3 3.123557365
5.35 5.3 5.4 3.123357924
5.45 5.4 5.5 2.962673548
5.55 5.5 5.6 2.895223447
5.65 5.6 5.7 2.822334087
5.75 5.7 5.8 2.763863792
5.85 5.8 5.9 2.685349568
5.95 5.9 6 2.642103848
6.05 6 6.1 2.515150789
6.15 6.1 6.2 2.447860977
6.25 6.2 6.3 2.444700293
6.35 6.3 6.4 2.363838816
6.45 6.4 6.5 2.274956637
6.55 6.5 6.6 2.225814599
6.65 6.6 6.7 2.203924139
6.75 6.7 6.8 2.198042602
6.85 6.8 6.9 2.055098932
6.95 6.9 7 2.098670405
7.05 7 7.1 1.97891317
7.15 7.1 7.2 2.007254746
7.25 7.2 7.3 1.934505474
7.35 7.3 7.4 1.900594067
7.45 7.4 7.5 1.814285877
7.55 7.5 7.6 1.79523554
7.65 7.6 7.7 1.72264566
7.75 7.7 7.8 1.740793554
7.85 7.8 7.9 1.703171714
7.95 7.9 8 1.652112075
8.05 8 8.1 1.611110103
8.15 8.1 8.2 1.591294381
8.25 8.2 8.3 1.54692387
8.35 8.3 8.4 1.537870191
8.45 8.4 8.5 1.512907465
8.55 8.5 8.6 1.438398514
8.65 8.6 8.7 1.437049801
8.75 8.7 8.8 1.427203822
8.85 8.8 8.9 1.366414988
8.95 8.9 9 1.349578218
9.05 9 9.1 1.322205456
9.15 9.1 9.2 1.25344246
9.25 9.2 9.3 1.279167047
9.35 9.3 9.4 1.219996005
9.45 9.4 9.5 1.205126515
9.55 9.5 9.6 1.230739879
9.65 9.6 9.7 1.182830915
9.75 9.7 9.8 1.153666753
9.85 9.8 9.9 1.121441137
9.95 9.9 10 1.124840728
10.05 10 10.1 1.103709332
10.15 10.1 10.2 1.058433734
10.25 10.2 10.3 1.057033968
10.35 10.3 10.4 1.051634087
10.45 10.4 10.5 1.020164688
10.55 10.5 10.6 1.024640888
10.65 10.6 10.7 0.9863317816
10.75 10.7 10.8 0.9690822933
10.85 10.8 10.9 0.9625445063
10.95 10.9 11 0.9298040799
11.05 11 11.1 0.9166055184
11.15 11.1 11.2 0.9026785739
11.25 11.2 11.3 0.8907081118
11.35 11.3 11.4 0.8776809317
11.45 11.4 11.5 0.8705787526
11.55 11.5 11.6 0.8387331784
11.65 11.6 11.7 0.8332438184
11.75 11.7 11.8 0.8155370793
11.85 11.8 11.9 0.821902765
11.95 11.9 12 0.7995266726
12.05 12 12.1 0.7752352948
12.15 12.1 12.2 0.7936583294
12.25 12.2 12.3 0.740744781
12.35 12.3 12.4 0.7462320225
12.45 12.4 12.5 0.742235252
12.55 12.5 12.6 0.7207936915
12.65 12.6 12.7 0.7043761477
12.75 12.7 12.8 0.7177355918
12.85 12.8 12.9 0.6745861735
12.95 12.9 13 0.7186425503
13.05 13 13.1 0.6958530066
13.15 13.1 13.2 0.6635795727
13.25 13.2 13.3 0.650376163
13.35 13.3 13.4 0.6464869847
13.45 13.4 13.5 0.6241206606
13.55 13.5 13.6 0.6385391174
13.65 13.6 13.7 0.6169574871
13.75 13.7 13.8 0.6116691713
13.85 13.8 13.9 0.5901571539
13.95 13.9 14 0.5967995688
14.05 14 14.1 0.5948919147
14.15 14.1 14.2 0.5743631393
14.25 14.2 14.3 0.5950362751
14.35 14.3 14.4 0.554784925
14.45 14.4 14.5 0.5545596359
14.55 14.5 14.6 0.5505983105
14.65 14.6 14.7 0.5276311752
14.75 14.7 14.8 0.5241655335
14.85 14.8 14.9 0.5238229947
14.95 14.9 15 0.542873938
15.05 15 15.1 0.5277287533
15.15 15.1 15.2 0.5193877649
15.25 15.2 15.3 0.5141173145
15.35 15.3 15.4 0.5075188122
15.45 15.4 15.5 0.4851012777
15.55 15.5 15.6 0.4887966072
15.65 15.6 15.7 0.4658576513
15.75 15.7 15.8 0.4663265355
15.85 15.8 15.9 0.4589910264
15.95 15.9 16 0.4515261056
16.05 16 16.1 0.456929719
16.15 16.1 16.2 0.4628960804
16.25 16.2 16.3 0.4465892822
16.35 16.3 16.4 0.4395383299
16.45 16.4 16.5 0.4286715392
16.55 16.5 16.6 0.4140889943
16.65 16.6 16.7 0.4334337395
16.75 16.7 16.8 0.416559307
16.85 16.8 16.9 0.4144651917
16.95 16.9 17 0.4030910464
17.05 17 17.1 0.4195779497
17.15 17.1 17.2 0.3909886575
17.25 17.2 17.3 0.4006662806
17.35 17.3 17.4 0.3937207685
17.45 17.4 17.5 0.3945997972
17.55 17.5 17.6 0.3970330641
17.65 17.6 17.7 0.3831433567
17.75 17.7 17.8 0.3749183977
17.85 17.8 17.9 0.3721683755
17.95 17.9 18 0.3673867031
18.05 18 18.1 0.3640593292
18.15 18.1 18.2 0.3563790618
18.25 18.2 18.3 0.3560388635
18.35 18.3 18.4 0.3447416516
18.45 18.4 18.5 0.3481689398
18.55 18.5 18.6 0.3527539628
18.65 18.6 18.7 0.3338145507
18.75 18.7 18.8 0.3362770158
18.85 18.8 18.9 0.3352631057
18.95 18.9 19 0.3459174247
19.05 19 19.1 0.3337556152
19.15 19.1 19.2 0.3207799021
19.25 19.2 19.3 0.3147501504
19.35 19.3 19.4 0.3114273998
19.45 19.4 19.5 0.3076878736
19.55 19.5 19.6 0.3044170731
19.65 19.6 19.7 0.2888739368
19.75 19.7 19.8 0.3060855885
19.85 19.8 19.9 0.2903053702
19.95 19.9 20 0.2871841307
20.05 20 20.1 0.2850647632
20.15 20.1 20.2 0.2783878778
20.25 20.2 20.3 0.2685131793
20.35 20.3 20.4 0.2814263149
20.45 20.4 20.5 0.2727959594
20.55 20.5 20.6 0.2790841941
20.65 20.6 20.7 0.2784328098
20.75 20.7 20.8 0.2748895769
20.85 20.8 20.9 0.2632507073
20.95 20.9 21 0.2681824746
21.05 21 21.1 0.2656087817
21.15 21.1 21.2 0.2640406945
21.25 21.2 21.3 0.2504899069
21.35 21.3 21.4 0.2542970197
21.45 21.4 21.5 0.2509708512
21.55 21.5 21.6 0.2385482614
21.65 21.6 21.7 0.2450673259
21.75 21.7 21.8 0.2444714379
21.85 21.8 21.9 0.239176003
21.95 21.9 22 0.2325738538
22.05 22 22.1 0.2395747865
22.15 22.1 22.2 0.2242849008
22.25 22.2 22.3 0.2261578352
22.35 22.3 22.4 0.2226879401
22.45 22.4 22.5 0.2240656403
22.55 22.5 22.6 0.2311941093
22.65 22.6 22.7 0.2299839523
22.75 22.7 22.8 0.2146389314
22.85 22.8 22.9 0.2239917769
22.95 22.9 23 0.2204277319
23.05 23 23.1 0.2209788804
23.15 23.1 23.2 0.2099940501
23.25 23.2 23.3 0.2158456337
23.35 23.3 23.4 0.2102108316
23.45 23.4 23.5 0.2049126896
23.55 23.5 23.6 0.2073666698
23.65 23.6 23.7 0.2011043449
23.75 23.7 23.8 0.1916749247
23.85 23.8 23.9 0.2066529093
23.95 23.9 24 0.1968871409
24.05 24 24.1 0.190565624
24.15 24.1 24.2 0.1853528701
24.25 24.2 24.3 0.1926284545
24.35 24.3 24.4 0.2002911918
24.45 24.4 24.5 0.1876942711
24.55 24.5 24.6 0.1930969499
24.65 24.6 24.7 0.1816679779
24.75 24.7 24.8 0.191636931
24.85 24.8 24.9 0.1844784615
24.95 24.9 25 0.1830029441
25.05 25 25.1 0.1866346431
25.15 25.1 25.2 0.1797731269
25.25 25.2 25.3 0.1766967818
25.35 25.3 25.4 0.1795277296
25.45 25.4 25.5 0.1726082544
25.55 25.5 25.6 0.1697779481
25.65 25.6 25.7 0.1667251361
25.75 25.7 25.8 0.1776708998
25.85 25.8 25.9 0.1620932617
25.95 25.9 26 0.1622451818
26.05 26 26.1 0.1651250978
26.15 26.1 26.2 0.1665379894
26.25 26.2 26.3 0.1666195701
26.35 26.3 26.4 0.1614349812
26.45 26.4 26.5 0.1563993509
26.55 26.5 26.6 0.1615034197
26.65 26.6 26.7 0.1477267661
26.75 26.7 26.8 0.1518775802
26.85 26.8 26.9 0.1573636366
26.95 26.9 27 0.1579292146
27.05 27 27.1 0.150305387
27.15 27.1 27.2 0.1531881953
27.25 27.2 27.3 0.1491081235
27.35 27.3 27.4 0.1430786378
27.45 27.4 27.5 0.1462160824
27.55 27.5 27.6 0.1450338463
27.65 27.6 27.7 0.1573243308
27.75 27.7 27.8 0.1408453183
27.85 27.8 27.9 0.1390546554
27.95 27.9 28 0.1321686969
28.05 28 28.1 0.1402960518
28.15 28.1 28.2 0.1368866179
28.25 28.2 28.3 0.1443519633
28.35 28.3 28.4 0.1357340055
28.45 28.4 28.5 0.1425071942
28.55 28.5 28.6 0.1394740645
28.65 28.6 28.7 0.1337710857
28.75 28.7 28.8 0.1392013432
28.85 28.8 28.9 0.123240154
28.95 28.9 29 0.1184048875
29.05 29 29.1 0.1294606881
29.15 29.1 29.2 0.1202690731
29.25 29.2 29.3 0.1295120435
29.35 29.3 29.4 0.1210323783
29.45 29.4 29.5 0.1163271738
29.55 29.5 29.6 0.114578799
29.65 29.6 29.7 0.121878202
29.75 29.7 29.8 0.1180601684
29.85 29.8 29.9 0.1239739401
29.95 29.9 30 0.1124784639
30.05 30 30.1 0.1127272248
30.15 30.1 30.2 0.1128219024
30.25 30.2 30.3 0.1156331895
30.35 30.3 30.4 0.1168449157
30.45 30.4 30.5 0.1037414404
30.55 30.5 30.6 0.1108264469
30.65 30.6 30.7 0.108542749
30.75 30.7 30.8 0.1118500839
30.85 30.8 30.9 0.1187439926
30.95 30.9 31 0.1120540218
31.05 31 31.1 0.1142332623
31.15 31.1 31.2 0.1103309347
31.25 31.2 31.3 0.1156193188
31.35 31.3 31.4 0.1055584632
31.45 31.4 31.5 0.1075594688
31.55 31.5 31.6 0.1071832105
31.65 31.6 31.7 0.1080521925
31.75 31.7 31.8 0.101767917
31.85 31.8 31.9 0.09805455773
31.95 31.9 32 0.1027188847
32.05 32 32.1 0.09968116411
32.15 32.1 32.2 0.1016031785
32.25 32.2 32.3 0.1045068644
32.35 32.3 32.4 0.09376841439
32.45 32.4 32.5 0.09608993695
32.55 32.5 32.6 0.09991415389
32.65 32.6 32.7 0.0922110537
32.75 32.7 32.8 0.09394599461
32.85 32.8 32.9 0.09451847904
32.95 32.9 33 0.08956153166
33.05 33 33.1 0.1008780851
33.15 33.1 33.2 0.09107608135
33.25 33.2 33.3 0.09139169055
33.35 33.3 33.4 0.08844551947
33.45 33.4 33.5 0.08812804754
33.55 33.5 33.6 0.08619455159
33.65 33.6 33.7 0.08395297941
33.75 33.7 33.8 0.08240262891
33.85 33.8 33.9 0.08545559936
33.95 33.9 34 0.09392055485
34.05 34 34.1 0.08880919975
34.15 34.1 34.2 0.08665161318
34.25 34.2 34.3 0.08743038569
34.35 34.3 34.4 0.08108158812
34.45 34.4 34.5 0.08000116716
34.55 34.5 34.6 0.08263557216
34.65 34.6 34.7 0.08047753823
34.75 34.7 34.8 0.08027255234
34.85 34.8 34.9 0.07483268609
34.95 34.9 35 0.08476817767
35.05 35 35.1 0.08152050318
35.15 35.1 35.2 0.07659060877
35.25 35.2 35.3 0.07453457595
35.35 35.3 35.4 0.08368669781
35.45 35.4 35.5 0.07619079189
35.55 35.5 35.6 0.07740626287
35.65 35.6 35.7 0.07361788192
35.75 35.7 35.8 0.0727372673
35.85 35.8 35.9 0.07344530925
35.95 35.9 36 0.0742857348
36.05 36 36.1 0.07180404593
36.15 36.1 36.2 0.0671131764
36.25 36.2 36.3 0.07477854004
36.35 36.3 36.4 0.07581186179
36.45 36.4 36.5 0.07583898095
36.55 36.5 36.6 0.06818949902
36.65 36.6 36.7 0.07797653781
36.75 36.7 36.8 0.06864122943
36.85 36.8 36.9 0.06889644317
36.95 36.9 37 0.06877830152
37.05 37 37.1 0.06820884261
37.15 37.1 37.2 0.0684027067
37.25 37.2 37.3 0.06829788334
37.35 37.3 37.4 0.06627657627
37.45 37.4 37.5 0.06415154015
37.55 37.5 37.6 0.07109966937
37.65 37.6 37.7 0.06622700094
37.75 37.7 37.8 0.07247962997
37.85 37.8 37.9 0.06464482215
37.95 37.9 38 0.06572903683
38.05 38 38.1 0.06398451107
38.15 38.1 38.2 0.0665240375
38.25 38.2 38.3 0.05641280322
38.35 38.3 38.4 0.05418316338
38.45 38.4 38.5 0.06985155561
38.55 38.5 38.6 0.06303811227
38.65 38.6 38.7 0.06417682736
38.75 38.7 38.8 0.05625902217
38.85 38.8 38.9 0.06354313593
38.95 38.9 39 0.06245752185
39.05 39 39.1 0.05518085917
39.15 39.1 39.2 0.0636658084
39.25 39.2 39.3 0.05683490726
39.35 39.3 39.4 0.06242667127
39.45 39.4 39.5 0.05701321525
39.55 39.5 39.6 0.06074395702
39.65 39.6 39.7 0.05993383993
39.75 39.7 39.8 0.05454487143
39.85 39.8 39.9 0.04986923811
39.95 39.9 40 0.05558227755
40.05 40 40.1 0.05368851124
40.15 40.1 40.2 0.05090150642
40.25 40.2 40.3 0.05483089935
40.35 40.3 40.4 0.0576944202
40.45 40.4 40.5 0.05278723083
40.55 40.5 40.6 0.05549212382
40.65 40.6 40.7 0.05742660884
40.75 40.7 40.8 0.04751840167
40.85 40.8 40.9 0.0530516208
40.95 40.9 41 0.05196333568
41.05 41 41.1 0.05712120518
41.15 41.1 41.2 0.0557006508
41.25 41.2 41.3 0.04749436524
41.35 41.3 41.4 0.04840805935
41.45 41.4 41.5 0.04818228958
41.55 41.5 41.6 0.05483053426
41.65 41.6 41.7 0.05338458718
41.75 41.7 41.8 0.0451711874
41.85 41.8 41.9 0.05160059632
41.95 41.9 42 0.04863146416
42.05 42 42.1 0.0465821446
42.15 42.1 42.2 0.04876236977
42.25 42.2 42.3 0.04496180814
42.35 42.3 42.4 0.04448959245
42.45 42.4 42.5 0.04590337892
42.55 42.5 42.6 0.04266893594
42.65 42.6 42.7 0.04430085154
42.75 42.7 42.8 0.04204657275
42.85 42.8 42.9 0.05314720047
42.95 42.9 43 0.04443147159
43.05 43 43.1 0.03683411918
43.15 43.1 43.2 0.04396025408
43.25 43.2 43.3 0.04010449717
43.35 43.3 43.4 0.04546544923
43.45 43.4 43.5 0.04107984927
43.55 43.5 43.6 0.04324616984
43.65 43.6 43.7 0.04439806441
43.75 43.7 43.8 0.0494105682
43.85 43.8 43.9 0.0439955441
43.95 43.9 44 0.04395709218
44.05 44 44.1 0.04213247891
44.15 44.1 44.2 0.04190567978
44.25 44.2 44.3 0.04000771317
44.35 44.3 44.4 0.04292371381
44.45 44.4 44.5 0.03731014914
44.55 44.5 44.6 0.04078125258
44.65 44.6 44.7 0.03961324633
44.75 44.7 44.8 0.04540791578
44.85 44.8 44.9 0.04044195012
44.95 44.9 45 0.04317436784
45.05 45 45.1 0.03752233383
45.15 45.1 45.2 0.03450015315
45.25 45.2 45.3 0.03691639377
45.35 45.3 45.4 0.03483988743
45.45 45.4 45.5 0.03699029876
45.55 45.5 45.6 0.03627513308
45.65 45.6 45.7 0.03484872583
45.75 45.7 45.8 0.03631444753
45.85 45.8 45.9 0.03464298147
45.95 45.9 46 0.03752577832
46.05 46 46.1 0.0375846251
46.15 46.1 46.2 0.03750200173
46.25 46.2 46.3 0.03549017266
46.35 46.3 46.4 0.03773785108
46.45 46.4 46.5 0.03289504113
46.55 46.5 46.6 0.03292317057
46.65 46.6 46.7 0.03310647429
46.75 46.7 46.8 0.03635576282
46.85 46.8 46.9 0.03017838743
46.95 46.9 47 0.03941742726
47.05 47 47.1 0.02851762786
47.15 47.1 47.2 0.03544133913
47.25 47.2 47.3 0.03114015609
47.35 47.3 47.4 0.03334852439
47.45 47.4 47.5 0.0343119727
47.55 47.5 47.6 0.03679977548
47.65 47.6 47.7 0.03928267405
47.75 47.7 47.8 0.03411416385
47.85 47.8 47.9 0.03119674511
47.95 47.9 48 0.03399858294
48.05 48 48.1 0.02798117322
48.15 48.1 48.2 0.03297207368
48.25 48.2 48.3 0.03327491947
48.35 48.3 48.4 0.03018006963
48.45 48.4 48.5 0.03875937138
48.55 48.5 48.6 0.0317740291
48.65 48.6 48.7 0.03165723426
48.75 48.7 48.8 0.03175945252
48.85 48.8 48.9 0.03267093826
48.95 48.9 49 0.0270603889
49.05 49 49.1 0.03049523561
49.15 49.1 49.2 0.02860497082
49.25 49.2 49.3 0.02606669764
49.35 49.3 49.4 0.03254525688
49.45 49.4 49.5 0.02967091202
49.55 49.5 49.6 0.03330791479
49.65 49.6 49.7 0.02749060374
49.75 49.7 49.8 0.02995324758
49.85 49.8 49.9 0.02692643776
49.95 49.9 50 0.0289274655
50.05 50 50.1 0.02739555456
50.15 50.1 50.2 0.02915468233
50.25 50.2 50.3 0.03034251463
50.35 50.3 50.4 0.0258393482
50.45 50.4 50.5 0.02982322597
50.55 50.5 50.6 0.03069224535
50.65 50.6 50.7 0.02871724963
50.75 50.7 50.8 0.02612403677
50.85 50.8 50.9 0.02695117691
50.95 50.9 51 0.0265749197
51.05 51 51.1 0.02690580186
51.15 51.1 51.2 0.02972040424
51.25 51.2 51.3 0.02674876418
51.35 51.3 51.4 0.02713341709
51.45 51.4 51.5 0.02784453354
51.55 51.5 51.6 0.02740621675
51.65 51.6 51.7 0.02573638554
51.75 51.7 51.8 0.02943390876
51.85 51.8 51.9 0.02338276507
51.95 51.9 52 0.02601597719
52.05 52 52.1 0.02621320457
52.15 52.1 52.2 0.02458430552
52.25 52.2 52.3 0.0229964057
52.35 52.3 52.4 0.02422667943
52.45 52.4 52.5 0.02728309002
52.55 52.5 52.6 0.02759512543
52.65 52.6 52.7 0.01855104282
52.75 52.7 52.8 0.02391286361
52.85 52.8 52.9 0.0251787066
52.95 52.9 53 0.02573152546
53.05 53 53.1 0.02407259049
53.15 53.1 53.2 0.02633464501
53.25 53.2 53.3 0.02742527478
53.35 53.3 53.4 0.02336787602
53.45 53.4 53.5 0.02363825533
53.55 53.5 53.6 0.02059704052
53.65 53.6 53.7 0.02490785287
53.75 53.7 53.8 0.02287492511
53.85 53.8 53.9 0.02031376368
53.95 53.9 54 0.0219541942
54.05 54 54.1 0.01995194998
54.15 54.1 54.2 0.02428473342
54.25 54.2 54.3 0.0261696689
54.35 54.3 54.4 0.02101024605
54.45 54.4 54.5 0.02175903688
54.55 54.5 54.6 0.02134960478
54.65 54.6 54.7 0.01768546473
54.75 54.7 54.8 0.02361455134
54.85 54.8 54.9 0.02403697748
54.95 54.9 55 0.01888865223
55.05 55 55.1 0.02463410256
55.15 55.1 55.2 0.02001531175
55.25 55.2 55.3 0.0235767136
55.35 55.3 55.4 0.01927133808
55.45 55.4 55.5 0.01901591352
55.55 55.5 55.6 0.023047819
55.65 55.6 55.7 0.01972159901
55.75 55.7 55.8 0.02045066737
55.85 55.8 55.9 0.02139037444
55.95 55.9 56 0.02291604905
56.05 56 56.1 0.02006426323
56.15 56.1 56.2 0.01831312285
56.25 56.2 56.3 0.01434163337
56.35 56.3 56.4 0.02278293327
56.45 56.4 56.5 0.01893712979
56.55 56.5 56.6 0.01283223339
56.65 56.6 56.7 0.01983074432
56.75 56.7 56.8 0.01958880693
56.85 56.8 56.9 0.01864941404
56.95 56.9 57 0.01881738212
57.05 57 57.1 0.01995332542
57.15 57.1 57.2 0.01696137989
57.25 57.2 57.3 0.01903997185
57.35 57.3 57.4 0.01639259473
57.45 57.4 57.5 0.01220298819
57.55 57.5 57.6 0.01857744947
57.65 57.6 57.7 0.01961174777
57.75 57.7 57.8 0.0212529049
57.85 57.8 57.9 0.01856377254
57.95 57.9 58 0.01664473839
58.05 58 58.1 0.01736599043
58.15 58.1 58.2 0.01784159797
58.25 58.2 58.3 0.01756189396
58.35 58.3 58.4 0.01632923561
58.45 58.4 58.5 0.015008741
58.55 58.5 58.6 0.01737696237
58.65 58.6 58.7 0.01216315143
58.75 58.7 58.8 0.01724741655
58.85 58.8 58.9 0.01494985126
58.95 58.9 59 0.01693601462
59.05 59 59.1 0.01285769916
59.15 59.1 59.2 0.01657706323
59.25 59.2 59.3 0.01660850122
59.35 59.3 59.4 0.01613415612
59.45 59.4 59.5 0.01858564541
59.55 59.5 59.6 0.01334637038
59.65 59.6 59.7 0.01619796494
59.75 59.7 59.8 0.01788159024
59.85 59.8 59.9 0.01608056077
59.95 59.9 60 0.0111606149
60.05 60 60.1 0.01701578226
60.15 60.1 60.2 0.00984147177
60.25 60.2 60.3 0.01734969095
60.35 60.3 60.4 0.01315658147
60.45 60.4 60.5 0.0102701696
60.55 60.5 60.6 0.0129097078
60.65 60.6 60.7 0.01456191587
60.75 60.7 60.8 0.01248280937
60.85 60.8 60.9 0.01425690957
60.95 60.9 61 0.01488519536
61.05 61 61.1 0.01525315006
61.15 61.1 61.2 0.01399798431
61.25 61.2 61.3 0.01390508914
61.35 61.3 61.4 0.0126181352
61.45 61.4 61.5 0.01071716807
61.55 61.5 61.6 0.01302974421
61.65 61.6 61.7 0.01296859986
61.75 61.7 61.8 0.01252054767
61.85 61.8 61.9 0.01012792945
61.95 61.9 62 0.01548981546
62.05 62 62.1 0.01487348738
62.15 62.1 62.2 0.01247501068
62.25 62.2 62.3 0.01133351803
62.35 62.3 62.4 0.0141344176
62.45 62.4 62.5 0.01283795234
62.55 62.5 62.6 0.01047565441
62.65 62.6 62.7 0.01302836393
62.75 62.7 62.8 0.007382529095
62.85 62.8 62.9 0.01363213676
62.95 62.9 63 0.01236832316
63.05 63 63.1 0.009079417093
63.15 63.1 63.2 0.01051575828
63.25 63.2 63.3 0.008748321804
63.35 63.3 63.4 0.01022814554
63.45 63.4 63.5 0.01487024304
63.55 63.5 63.6 0.01505119657
63.65 63.6 63.7 0.01173171797
63.75 63.7 63.8 0.01230982346
63.85 63.8 63.9 0.0106418364
63.95 63.9 64 0.008511478367
64.05 64 64.1 0.01275626775
64.15 64.1 64.2 0.008227479998
64.25 64.2 64.3 0.01441407778
64.35 64.3 64.4 0.01010002551
64.45 64.4 64.5 0.007973027671
64.55 64.5 64.6 0.01164750655
64.65 64.6 64.7 0.01148071598
64.75 64.7 64.8 0.01252026962
64.85 64.8 64.9 0.01277300683
64.95 64.9 65 0.009656380653
65.05 65 65.1 0.008731125397
65.15 65.1 65.2 0.00752592668
65.25 65.2 65.3 0.008469854485
65.35 65.3 65.4 0.009592639737
65.45 65.4 65.5 0.0123418984
65.55 65.5 65.6 0.01068581706
65.65 65.6 65.7 0.009510085873
65.75 65.7 65.8 0.01003914144
65.85 65.8 65.9 0.01286896466
65.95 65.9 66 0.008104838303
66.05 66 66.1 0.01181349199
66.15 66.1 66.2 0.01065860732
66.25 66.2 66.3 0.008816540721
66.35 66.3 66.4 0.01050447567
66.45 66.4 66.5 0.007551020038
66.55 66.5 66.6 0.01069809721
66.65 66.6 66.7 0.01178213724
66.75 66.7 66.8 0.01268991143
66.85 66.8 66.9 0.00756393779
66.95 66.9 67 0.007419562073
67.05 67 67.1 0.01426290632
67.15 67.1 67.2 0.008375162438
67.25 67.2 67.3 0.008512244798
67.35 67.3 67.4 0.008156706467
67.45 67.4 67.5 0.008368146641
67.55 67.5 67.6 0.01207707488
67.65 67.6 67.7 0.006685407027
67.75 67.7 67.8 0.008644071529
67.85 67.8 67.9 0.009613774254
67.95 67.9 68 0.007589476667
68.05 68 68.1 0.007833111973
68.15 68.1 68.2 0.00839060468
68.25 68.2 68.3 0.009658361892
68.35 68.3 68.4 0.00877933521
68.45 68.4 68.5 0.009740596594
68.55 68.5 68.6 0.01165105969
68.65 68.6 68.7 0.01029579074
68.75 68.7 68.8 0.00862368931
68.85 68.8 68.9 0.01007437564
68.95 68.9 69 0.007381170696
69.05 69 69.1 0.008592886867
69.15 69.1 69.2 0.009968736538
69.25 69.2 69.3 0.006620293472
69.35 69.3 69.4 0.007886492148
69.45 69.4 69.5 0.009459832152
69.55 69.5 69.6 0.009347350002
69.65 69.6 69.7 0.005420667482
69.75 69.7 69.8 0.00728116198
69.85 69.8 69.9 0.006882985056
69.95 69.9 70 0.00845635929
70.05 70 70.1 0.009138732372
70.15 70.1 70.2 0.008358275782
70.25 70.2 70.3 0.004752499129
70.35 70.3 70.4 0.008999137767
70.45 70.4 70.5 0.009616200004
70.55 70.5 70.6 0.01354905766
70.65 70.6 70.7 0.01043948739
70.75 70.7 70.8 0.009219260206
70.85 70.8 70.9 0.008829692717
70.95 70.9 71 0.009011468686
71.05 71 71.1 0.005403247814
71.15 71.1 71.2 0.008561072561
71.25 71.2 71.3 0.007569835884
71.35 71.3 71.4 0.007524255111
71.45 71.4 71.5 0.004705457256
71.55 71.5 71.6 0.006896254235
71.65 71.6 71.7 0.008089500919
71.75 71.7 71.8 0.007189275573
71.85 71.8 71.9 0.009165276096
71.95 71.9 72 0.006753153212
72.05 72 72.1 0.004341956184
72.15 72.1 72.2 0.007644844971
72.25 72.2 72.3 0.009961302365
72.35 72.3 72.4 0.00907739856
72.45 72.4 72.5 0.006447255571
72.55 72.5 72.6 0.00812526024
72.65 72.6 72.7 0.007957671847
72.75 72.7 72.8 0.005618257931
72.85 72.8 72.9 0.006571349523
72.95 72.9 73 0.00527058426
73.05 73 73.1 0.008276264619
73.15 73.1 73.2 0.00634984742
73.25 73.2 73.3 0.006448446797
73.35 73.3 73.4 0.004168252924
73.45 73.4 73.5 0.005484492608
73.55 73.5 73.6 0.00629722239
73.65 73.6 73.7 0.006893714504
73.75 73.7 73.8 0.009024762525
73.85 73.8 73.9 0.004315975901
73.95 73.9 74 0.009059332966
74.05 74 74.1 0.00515993793
74.15 74.1 74.2 0.003212142953
74.25 74.2 74.3 0.004740097395
74.35 74.3 74.4 0.007675587533
74.45 74.4 74.5 0.004167819126
74.55 74.5 74.6 0.003368434909
74.65 74.6 74.7 0.002536851824
74.75 74.7 74.8 0.007247951718
74.85 74.8 74.9 0.0104298624
74.95 74.9 75 0.004187170396
75.05 75 75.1 0.002470877759
75.15 75.1 75.2 0.005180186726
75.25 75.2 75.3 0.005468792713
75.35 75.3 75.4 0.006513578385
75.45 75.4 75.5 0.007020505908
75.55 75.5 75.6 0.005341147915
75.65 75.6 75.7 0.002856673408
75.75 75.7 75.8 0.009308289286
75.85 75.8 75.9 0.005597777832
75.95 75.9 76 0.005485404062
76.05 76 76.1 0.005464304446
76.15 76.1 76.2 0.007424234569
76.25 76.2 76.3 0.007460871141
76.35 76.3 76.4 -0.000777298633
76.45 76.4 76.5 0.007386759721
76.55 76.5 76.6 0.007312572229
76.65 76.6 76.7 0.006992895789
76.75 76.7 76.8 0.009311471245
76.85 76.8 76.9 0.002853059473
76.95 76.9 77 0.002456743902
77.05 77 77.1 0.003582680445
77.15 77.1 77.2 0.005659289346
77.25 77.2 77.3 0.002851356724
77.35 77.3 77.4 0.006199803073
77.45 77.4 77.5 0.005802652375
77.55 77.5 77.6 0.003484020809
77.65 77.6 77.7 0.008467966949
77.75 77.7 77.8 0.003730632182
77.85 77.8 77.9 0.001174202023
77.95 77.9 78 0.005978722478
78.05 78 78.1 0.003926195985
78.15 78.1 78.2 0.003560812163
78.25 78.2 78.3 0.002249101958
78.35 78.3 78.4 0.006250333522
78.45 78.4 78.5 0.001014787955
78.55 78.5 78.6 0.004110103706
78.65 78.6 78.7 0.008001867572
78.75 78.7 78.8 0.003715041153
78.85 78.8 78.9 0.003015447821
78.95 78.9 79 0.007514195049
79.05 79 79.1 0.005071742686
79.15 79.1 79.2 0.003966535243
79.25 79.2 79.3 0.004375664137
79.35 79.3 79.4 0.003699100167
79.45 79.4 79.5 0.005709100041
79.55 79.5 79.6 0.004288077648
79.65 79.6 79.7 0.004518531001
79.75 79.7 79.8 0.002236889641
79.85 79.8 79.9 0.005150351828
79.95 79.9 80 0.00451787308
80.05 80 80.1 0.004810405291
80.15 80.1 80.2 0.003738706331
80.25 80.2 80.3 0.004623944866
80.35 80.3 80.4 0.001485069656
80.45 80.4 80.5 0.004259961576
80.55 80.5 80.6 0.004759339579
80.65 80.6 80.7 0.002236256827
80.75 80.7 80.8 0.00336925394
80.85 80.8 80.9 0.005786411472
80.95 80.9 81 0.005186979695
81.05 81 81.1 0.005264615687
81.15 81.1 81.2 0.002337847262
81.25 81.2 81.3 0.00580175259
81.35 81.3 81.4 0.006217424989
81.45 81.4 81.5 0.002841776877
81.55 81.5 81.6 0.005187530742
81.65 81.6 81.7 0.005620685295
81.75 81.7 81.8 0.002193419927
81.85 81.8 81.9 0.004815570671
81.95 81.9 82 0.003272381527
82.05 82 82.1 0.004724495609
82.15 82.1 82.2 0.004679429172
82.25 82.2 82.3 0.003109205488
82.35 82.3 82.4 0.005251602162
82.45 82.4 82.5 0.002757542152
82.55 82.5 82.6 0.004947274628
82.65 82.6 82.7 0.006324509576
82.75 82.7 82.8 0.006507554948
82.85 82.8 82.9 0.003987908218
82.95 82.9 83 0.00212835269
83.05 83 83.1 0.0008025804827
83.15 83.1 83.2 0.004408881552
83.25 83.2 83.3 0.003360546664
83.35 83.3 83.4 0.006481457853
83.45 83.4 83.5 0.004108882198
83.55 83.5 83.6 0.00428924865
83.65 83.6 83.7 0.003470393979
83.75 83.7 83.8 0.006371040549
83.85 83.8 83.9 0.001269350655
83.95 83.9 84 0.002808303384
84.05 84 84.1 0.003529179292
84.15 84.1 84.2 0.003603620924
84.25 84.2 84.3 0.005199767387
84.35 84.3 84.4 0.004195384591
84.45 84.4 84.5 0.00259990253
84.55 84.5 84.6 0.002236295569
84.65 84.6 84.7 0.003927597461
84.75 84.7 84.8 0.006747764766
84.85 84.8 84.9 0.004159049655
84.95 84.9 85 0.004291154645
85.05 85 85.1 0.005864740196
85.15 85.1 85.2 0.005060912242
85.25 85.2 85.3 0.002266039123
85.35 85.3 85.4 0.00412559782
85.45 85.4 85.5 0.003047964113
85.55 85.5 85.6 0.004255975156
85.65 85.6 85.7 0.005429800593
85.75 85.7 85.8 0.003047848721
85.85 85.8 85.9 0.007253833028
85.95 85.9 86 0.002620588145
86.05 86 86.1 0.003865154633
86.15 86.1 86.2 0.005079892121
86.25 86.2 86.3 0.004395883579
86.35 86.3 86.4 0.007462995894
86.45 86.4 86.5 0.003698968342
86.55 86.5 86.6 0.005822142339
86.65 86.6 86.7 0.003599623112
86.75 86.7 86.8 0.00418007122
86.85 86.8 86.9 0.003890867529
86.95 86.9 87 0.006777595076
87.05 87 87.1 0.007861398085
87.15 87.1 87.2 0.007221581498
87.25 87.2 87.3 0.004582448518
87.35 87.3 87.4 0.004643850843
87.45 87.4 87.5 0.001498485423
87.55 87.5 87.6 0.006642980248
87.65 87.6 87.7 0.003125062392
87.75 87.7 87.8 0.00252202456
87.85 87.8 87.9 0.006080489658
87.95 87.9 88 0.003206024671
88.05 88 88.1 0.006581007821
88.15 88.1 88.2 0.003591691941
88.25 88.2 88.3 0.0034236141
88.35 88.3 88.4 0.007769778255
88.45 88.4 88.5 0.003617789332
88.55 88.5 88.6 0.00663619811
88.65 88.6 88.7 0.008233885847
88.75 88.7 88.8 0.009669870788
88.85 88.8 88.9 0.004283453133
88.95 88.9 89 0.004445296723
89.05 89 89.1 0.003275305685
89.15 89.1 89.2 0.007676348294
89.25 89.2 89.3 0.006649648132
89.35 89.3 89.4 0.005627341715
89.45 89.4 89.5 0.006331048958
89.55 89.5 89.6 0.004816318107
89.65 89.6 89.7 0.00393753241
89.75 89.7 89.8 0.004076534258
89.85 89.8 89.9 0.004725567963
89.95 89.9 90 0.003756383515
90.05 90 90.1 0.005677724398
90.15 90.1 90.2 0.001133720216
90.25 90.2 90.3 0.00388629894
90.35 90.3 90.4 0.00575101085
90.45 90.4 90.5 0.006969463794
90.55 90.5 90.6 0.005970920019
90.65 90.6 90.7 0.003683293529
90.75 90.7 90.8 0.004351257934
90.85 90.8 90.9 0.002674610589
90.95 90.9 91 0.005683948655
91.05 91 91.1 0.006188906022
91.15 91.1 91.2 0.008613693963
91.25 91.2 91.3 0.004043024185
91.35 91.3 91.4 0.00506168893
91.45 91.4 91.5 0.004593163271
91.55 91.5 91.6 0.007173385402
91.65 91.6 91.7 0.004627121094
91.75 91.7 91.8 0.005105340419
91.85 91.8 91.9 0.005640257069
91.95 91.9 92 0.004088058262
92.05 92 92.1 0.004872514683
92.15 92.1 92.2 0.00417085978
92.25 92.2 92.3 0.005122760359
92.35 92.3 92.4 0.0062538016
92.45 92.4 92.5 0.007364529808
92.55 92.5 92.6 0.006247097625
92.65 92.6 92.7 0.002243606672
92.75 92.7 92.8 0.004669444904
92.85 92.8 92.9 0.006317503225
92.95 92.9 93 0.004091632875
93.05 93 93.1 0.005995799117
93.15 93.1 93.2 0.005367762186
93.25 93.2 93.3 0.005870816327
93.35 93.3 93.4 0.006904183417
93.45 93.4 93.5 0.005915575087
93.55 93.5 93.6 0.006788389808
93.65 93.6 93.7 0.006391151081
93.75 93.7 93.8 0.006556833283
93.85 93.8 93.9 0.00638726631
93.95 93.9 94 0.007127382421
94.05 94 94.1 0.007136822173
94.15 94.1 94.2 0.006917937232
94.25 94.2 94.3 0.006195173621
94.35 94.3 94.4 0.005862039231
94.45 94.4 94.5 0.002387051288
94.55 94.5 94.6 0.007986771696
94.65 94.6 94.7 0.005870462686
94.75 94.7 94.8 0.00448310675
94.85 94.8 94.9 0.005904832565
94.95 94.9 95 0.004761561181
95.05 95 95.1 0.004863473069
95.15 95.1 95.2 0.006608031578
95.25 95.2 95.3 0.005254551453
95.35 95.3 95.4 0.004567176464
95.45 95.4 95.5 0.00387242764
95.55 95.5 95.6 0.005426751289
95.65 95.6 95.7 0.00442912928
95.75 95.7 95.8 0.00580664015
95.85 95.8 95.9 0.001371275568
95.95 95.9 96 0.00515548341
96.05 96 96.1 0.005063337371
96.15 96.1 96.2 0.003568233526
96.25 96.2 96.3 0.003622747098
96.35 96.3 96.4 0.007530495745
96.45 96.4 96.5 0.004862333295
96.55 96.5 96.6 0.003622219315
96.65 96.6 96.7 0.004597129381
96.75 96.7 96.8 0.007276533954
96.85 96.8 96.9 0.005709463601
96.95 96.9 97 0.005769297044
97.05 97 97.1 0.006173538058
97.15 97.1 97.2 0.004700179341
97.25 97.2 97.3 0.005162690965
97.35 97.3 97.4 0.006121271761
97.45 97.4 97.5 0.003155239571
97.55 97.5 97.6 0.004186752709
97.65 97.6 97.7 0.005202315432
97.75 97.7 97.8 0.006860998198
97.85 97.8 97.9 0.007895573031
97.95 97.9 98 0.004784695408
98.05 98 98.1 0.005912662838
98.15 98.1 98.2 0.005401214002
98.25 98.2 98.3 0.007109156712
98.35 98.3 98.4 0.007444473225
98.45 98.4 98.5 0.00420142461
98.55 98.5 98.6 0.006637888454
98.65 98.6 98.7 0.005153027355
98.75 98.7 98.8 0.006901960571
98.85 98.8 98.9 0.00493647314
98.95 98.9 99 0.007406557435
99.05 99 99.1 0.005172374888
99.15 99.1 99.2 0.007269191955
99.25 99.2 99.3 0.006983892292
99.35 99.3 99.4 0.004811578964
99.45 99.4 99.5 0.002996499085
99.55 99.5 99.6 0.004287924522
99.65 99.6 99.7 0.006497435058
99.75 99.7 99.8 0.004126495823
99.85 99.8 99.9 0.00590587777
99.95 99.9 100 0.005663156403
100.05 100 100.1 0.004631461625
100.15 100.1 100.2 0.006282320873
100.25 100.2 100.3 0.008141105245
100.35 100.3 100.4 0.006046776214
100.45 100.4 100.5 0.003394636887
100.55 100.5 100.6 0.00762704741
100.65 100.6 100.7 0.005323337062
100.75 100.7 100.8 0.004860145452
100.85 100.8 100.9 0.005210005588
100.95 100.9 101 0.006539046987
101.05 101 101.1 0.005990035737
101.15 101.1 101.2 0.00369601797
101.25 101.2 101.3 0.005184406807
101.35 101.3 101.4 0.004284130543
101.45 101.4 101.5 0.005971826496
101.55 101.5 101.6 0.005324236202
101.65 101.6 101.7 0.005999077367
101.75 101.7 101.8 0.00375771843
101.85 101.8 101.9 0.005667953887
101.95 101.9 102 0.007599792289
102.05 102 102.1 0.006658393656
102.15 102.1 102.2 0.003424766942
102.25 102.2 102.3 0.006134531295
102.35 102.3 102.4 0.005319144501
102.45 102.4 102.5 0.004897063705
102.55 102.5 102.6 0.005722841297
102.65 102.6 102.7 0.008930427821
102.75 102.7 102.8 0.006076331203
102.85 102.8 102.9 0.006370974483
102.95 102.9 103 0.005382989938
103.05 103 103.1 0.004876778236
103.15 103.1 103.2 0.004486697053
103.25 103.2 103.3 0.004687141255
103.35 103.3 103.4 0.005362372674
103.45 103.4 103.5 0.006218885547
103.55 103.5 103.6 0.005731283112
103.65 103.6 103.7 0.004907624908
103.75 103.7 103.8 0.006406703762
103.85 103.8 103.9 0.003343781272
103.95 103.9 104 0.006260548444
104.05 104 104.1 0.004834711875
104.15 104.1 104.2 0.00648546628
104.25 104.2 104.3 0.006314215293
104.35 104.3 104.4 0.004083551055
104.45 104.4 104.5 0.005053706719
104.55 104.5 104.6 0.007109057103
104.65 104.6 104.7 0.005250962219
104.75 104.7 104.8 0.005587452724
104.85 104.8 104.9 0.005794532687
104.95 104.9 105 0.005050738918
105.05 105 105.1 0.005150713142
105.15 105.1 105.2 0.005567608452
105.25 105.2 105.3 0.005516988584
105.35 105.3 105.4 0.005941534865
105.45 105.4 105.5 0.002531430357
105.55 105.5 105.6 0.004774881675
105.65 105.6 105.7 0.004566889547
105.75 105.7 105.8 0.003973557724
105.85 105.8 105.9 0.006358423892
105.95 105.9 106 0.005909010619
106.05 106 106.1 0.005477789119
106.15 106.1 106.2 0.005010202064
106.25 106.2 106.3 0.005502383686
106.35 106.3 106.4 0.005581918615
106.45 106.4 106.5 0.002672907889
106.55 106.5 106.6 0.005595926829
106.65 106.6 106.7 0.004574472781
106.75 106.7 106.8 0.00602561704
106.85 106.8 106.9 0.004160927851
106.95 106.9 107 0.006039794976
107.05 107 107.1 0.004430294474
107.15 107.1 107.2 0.003882547246
107.25 107.2 107.3 0.003106266377
107.35 107.3 107.4 0.002622335927
107.45 107.4 107.5 0.004085954523
107.55 107.5 107.6 0.003908858542
107.65 107.6 107.7 0.004996296836
107.75 107.7 107.8 0.004911338028
107.85 107.8 107.9 0.0007489801116
107.95 107.9 108 0.002411917897
108.05 108 108.1 0.007244873522
108.15 108.1 108.2 0.004530002401
108.25 108.2 108.3 0.004156927719
108.35 108.3 108.4 0.005316217355
108.45 108.4 108.5 0.007471551119
108.55 108.5 108.6 0.004851102054
108.65 108.6 108.7 0.005592436291
108.75 108.7 108.8 0.00189528953
108.85 108.8 108.9 0.00509684409
108.95 108.9 109 0.005778131927
109.05 109 109.1 0.00520494666
109.15 109.1 109.2 0.004136881488
109.25 109.2 109.3 0.002770589558
109.35 109.3 109.4 0.004280279054
109.45 109.4 109.5 0.00429813449
109.55 109.5 109.6 0.003173434351
109.65 109.6 109.7 0.00539042368
109.75 109.7 109.8 0.004556150895
109.85 109.8 109.9 0.003592600749
109.95 109.9 110 0.003835733152
110.05 110 110.1 0.006383941673
110.15 110.1 110.2 0.005153816907
110.25 110.2 110.3 0.004486469353
110.35 110.3 110.4 0.00235172354
110.45 110.4 110.5 0.002182065291
110.55 110.5 110.6 0.003840220193
110.65 110.6 110.7 0.002643556725
110.75 110.7 110.8 0.003175322424
110.85 110.8 110.9 0.003060801358
110.95 110.9 111 0.003390711784
111.05 111 111.1 0.001897742008
111.15 111.1 111.2 0.006383346888
111.25 111.2 111.3 0.004959002217
111.35 111.3 111.4 0.003214748848
111.45 111.4 111.5 0.003252116252
111.55 111.5 111.6 0.003668223137
111.65 111.6 111.7 0.00570922107
111.75 111.7 111.8 0.001233656162
111.85 111.8 111.9 0.004879326308
111.95 111.9 112 0.002334425393
112.05 112 112.1 0.004905648911
112.15 112.1 112.2 0.00369303861
112.25 112.2 112.3 0.004149672413
112.35 112.3 112.4 0.003194146548
112.45 112.4 112.5 0.004093402411
112.55 112.5 112.6 0.005801700077
112.65 112.6 112.7 0.006347284074
112.75 112.7 112.8 0.002780882523
112.85 112.8 112.9 0.001411271615
112.95 112.9 113 0.002373804118
113.05 113 113.1 0.006543921258
113.15 113.1 113.2 0.004036013019
113.25 113.2 113.3 0.003212338546
113.35 113.3 113.4 0.00450945545
113.45 113.4 113.5 0.00150819792
113.55 113.5 113.6 0.003503316471
113.65 113.6 113.7 0.002576687369
113.75 113.7 113.8 0.002306162141
113.85 113.8 113.9 0.001067171085
113.95 113.9 114 0.003304221129
114.05 114 114.1 0.0002678321371
114.15 114.1 114.2 0.004529267137
114.25 114.2 114.3 0.002773691681
114.35 114.3 114.4 0.003329518922
114.45 114.4 114.5 0.00498414134
114.55 114.5 114.6 0.001828342982
114.65 114.6 114.7 0.004928887549
114.75 114.7 114.8 -0.0003560992961
114.85 114.8 114.9 0.004889900985
114.95 114.9 115 0.004067823533
115.05 115 115.1 0.0039965835
115.15 115.1 115.2 0.002524799624
115.25 115.2 115.3 0.002349021967
115.35 115.3 115.4 0.001957638412
115.45 115.4 115.5 0.00131707247
115.55 115.5 115.6 0.003074872327
115.65 115.6 115.7 0.002877445713
115.75 115.7 115.8 0.001202604031
115.85 115.8 115.9 0.002264220993
115.95 115.9 116 0.00402277693
116.05 116 116.1 0.003967738383
116.15 116.1 116.2 0.00265722191
116.25 116.2 116.3 0.0001217324691
116.35 116.3 116.4 0.002483697363
116.45 116.4 116.5 0.003998555913
116.55 116.5 116.6 0.002100418619
116.65 116.6 116.7 0.002281762267
116.75 116.7 116.8 0.003472608235
116.85 116.8 116.9 0.00315030504
116.95 116.9 117 0.0008882198108
117.05 117 117.1 0.001612571707
117.15 117.1 117.2 0.001372000373
117.25 117.2 117.3 0.0004803862595
117.35 117.3 117.4 0.003179024804
117.45 117.4 117.5 0.002034863685
117.55 117.5 117.6 0.003960114218
117.65 117.6 117.7 0.003440065616
117.75 117.7 117.8 0.002104852274
117.85 117.8 117.9 0.002399603819
117.95 117.9 118 0.002583915285
118.05 118 118.1 0.00494160928
118.15 118.1 118.2 0.005400668899
118.25 118.2 118.3 0.001841756994
118.35 118.3 118.4 0.003337447264
118.45 118.4 118.5 0.004154271874
118.55 118.5 118.6 0.001292954633
118.65 118.6 118.7 0.004602301523
118.75 118.7 118.8 0.0006903914365
118.85 118.8 118.9 0.0004546468999
118.95 118.9 119 0.0009091726303
119.05 119 119.1 0.001356286822
119.15 119.1 119.2 0.001825191481
119.25 119.2 119.3 0.001568891204
119.35 119.3 119.4 0.002706684706
119.45 119.4 119.5 0.002135403624
119.55 119.5 119.6 0.002841694297
119.65 119.6 119.7 0.002479196876
119.75 119.7 119.8 0.000769997938
119.85 119.8 119.9 0.002006303733
119.95 119.9 120 0.0001654768914
120.05 120 120.1 0.00419606825
120.15 120.1 120.2 -0.0006656896066
120.25 120.2 120.3 0.003385959281
120.35 120.3 120.4 0.00214655583
120.45 120.4 120.5 0.001654629148
120.55 120.5 120.6 0.00317619188
120.65 120.6 120.7 0.004544492393
120.75 120.7 120.8 0.0008252246812
120.85 120.8 120.9 0.002256261529
120.95 120.9 121 0.001421817361
121.05 121 121.1 0.002506543498
121.15 121.1 121.2 0.001581831491
121.25 121.2 121.3 0.000845229137
121.35 121.3 121.4 0.002375347807
121.45 121.4 121.5 0.002146440396
121.55 121.5 121.6 0.00287346279
121.65 121.6 121.7 0.002336301117
121.75 121.7 121.8 0.0003964050863
121.85 121.8 121.9 0.004135898407
121.95 121.9 122 0.0008833650761
122.05 122 122.1 0.002583964165
122.15 122.1 122.2 0.0004530928412
122.25 122.2 122.3 0.001906094674
122.35 122.3 122.4 0.0004773021353
122.45 122.4 122.5 0.001025574876
122.55 122.5 122.6 0.001342693022
122.65 122.6 122.7 0.00343962987
122.75 122.7 122.8 0.00255302502
122.85 122.8 122.9 0.001774009848
122.95 122.9 123 0.003007831897
123.05 123 123.1 0.002665746089
123.15 123.1 123.2 0.0004960675566
123.25 123.2 123.3 0.00060820775
123.35 123.3 123.4 0.001886137726
123.45 123.4 123.5 0.00244138646
123.55 123.5 123.6 0.0004171397708
123.65 123.6 123.7 0.001837458055
123.75 123.7 123.8 -0.0001822228483
123.85 123.8 123.9 -0.001819915712
123.95 123.9 124 0.001354334443
124.05 124 124.1 0.001584658104
124.15 124.1 124.2 0.001434902349
124.25 124.2 124.3 0.0037620491
124.35 124.3 124.4 0.001778540361
124.45 124.4 124.5 -0.0008046705041
124.55 124.5 124.6 0.0009151482237
124.65 124.6 124.7 0.001044659069
124.75 124.7 124.8 0.001472578861
124.85 124.8 124.9 4.362164415e-05
124.95 124.9 125 0.001781439959
125.05 125 125.1 0.001136115307
125.15 125.1 125.2 -4.968942526e-05
125.25 125.2 125.3 2.93028248e-05
125.35 125.3 125.4 0.001446936426
125.45 125.4 125.5 0.002210447544
125.55 125.5 125.6 0.001617055377
125.65 125.6 125.7 0.002742672015
125.75 125.7 125.8 0.001089304404
125.85 125.8 125.9 0.002605065332
125.95 125.9 126 0.001247757381
126.05 126 126.1 0.002679404743
126.15 126.1 126.2 0.0009744279021
126.25 126.2 126.3 0.001383437051
126.35 126.3 126.4 0.0007545873204
126.45 126.4 126.5 -0.0006618743648
126.55 126.5 126.6 0.0021293799
126.65 126.6 126.7 0.001986571662
126.75 126.7 126.8 0.001846495226
126.85 126.8 126.9 9.705835163e-05
126.95 126.9 127 0.002167348006
127.05 127 127.1 0.001217472656
127.15 127.1 127.2 0.002262233571
127.25 127.2 127.3 -0.0009192433731
127.35 127.3 127.4 -0.000890894285
127.45 127.4 127.5 0.0003036241924
127.55 127.5 127.6 0.001666489871
127.65 127.6 127.7 0.001895285893
127.75 127.7 127.8 0.002171881317
127.85 127.8 127.9 0.0005655983844
127.95 127.9 128 9.927934335e-05
128.05 128 128.1 0.0008394797249
128.15 128.1 128.2 -0.001491014944
128.25 128.2 128.3 -0.001747656939
128.35 128.3 128.4 0.002456994802
128.45 128.4 128.5 0.0004888119652
128.55 128.5 128.6 0.001326777749
128.65 128.6 128.7 0.0008981815458
128.75 128.7 128.8 0.001391482361
128.85 128.8 128.9 0.001519919864
128.95 128.9 129 2.03847031e-05
129.05 129 129.1 0.000176789327
129.15 129.1 129.2 0.0001515293044
129.25 129.2 129.3 0.000904594698
129.35 129.3 129.4 -0.002130624518
129.45 129.4 129.5 -0.001587212163
129.55 129.5 129.6 -1.966061023e-05
129.65 129.6 129.7 5.196708159e-05
129.75 129.7 129.8 0.0008744125177
129.85 129.8 129.9 0.001305419016
129.95 129.9 130 -0.0004906967012
130.05 130 130.1 0.0003571876915
130.15 130.1 130.2 0.00103676444
130.25 130.2 130.3 0.0004863075081
130.35 130.3 130.4 0.0004101714161
130.45 130.4 130.5 -0.002092186204
130.55 130.5 130.6 0.0007149182475
130.65 130.6 130.7 0.0009452717147
130.75 130.7 130.8 0.001841472808
130.85 130.8 130.9 -0.0001912523125
130.95 130.9 131 -0.0005913613768
131.05 131 131.1 0.0008062855829
131.15 131.1 131.2 -0.001565877297
131.25 131.2 131.3 0.001557683154
131.35 131.3 131.4 -0.0005003728246
131.45 131.4 131.5 0.0001523241828
131.55 131.5 131.6 -4.268980676e-05
131.65 131.6 131.7 -0.0001623007696
131.75 131.7 131.8 -0.0001572624356
131.85 131.8 131.9 0.0002276882516
131.95 131.9 132 0.00145736975
132.05 132 132.1 -0.001621528076
132.15 132.1 132.2 -0.0006385249622
132.25 132.2 132.3 -0.0003390061118
132.35 132.3 132.4 -0.000173070696
132.45 132.4 132.5 0.0005014251202
132.55 132.5 132.6 0.000561140214
132.65 132.6 132.7 -6.139079342e-05
132.75 132.7 132.8 0.0006890760098
132.85 132.8 132.9 0.0003948145561
132.95 132.9 133 0.0004364428076
133.05 133 133.1 -0.000500383082
133.15 133.1 133.2 0.0009256720425
133.25 133.2 133.3 -9.1839675e-05
133.35 133.3 133.4 -0.0006540972315
133.45 133.4 133.5 -0.0006794036644
133.55 133.5 133.6 0.0002264235854
133.65 133.6 133.7 -0.001828512885
133.75 133.7 133.8 -0.000175003216
133.85 133.8 133.9 0.0007909039731
133.95 133.9 134 -0.001522571021
134.05 134 134.1 -0.001129639425
134.15 134.1 134.2 -0.0008596246553
134.25 134.2 134.3 -0.0004374678762
134.35 134.3 134.4 0.0001128536434
134.45 134.4 134.5 0.0002540871635
134.55 134.5 134.6 -0.0005306724707
134.65 134.6 134.7 -0.0007054702393
134.75 134.7 134.8 -0.0005363885491
134.85 134.8 134.9 0.001668641964
134.95 134.9 135 -0.001909584137
135.05 135 135.1 0.0002034444139
135.15 135.1 135.2 -0.000172012012
135.25 135.2 135.3 -9.547615437e-05
135.35 135.3 135.4 -0.0008823356029
135.45 135.4 135.5 -0.0002390059946
135.55 135.5 135.6 1.040621391e-06
135.65 135.6 135.7 0.0007473648655
135.75 135.7 135.8 -1.783695112e-05
135.85 135.8 135.9 -0.001868288454
135.95 135.9 136 0.0003939675239
136.05 136 136.1 -0.0004016612051
136.15 136.1 136.2 0.0004845395549
136.25 136.2 136.3 -0.0004153229194
136.35 136.3 136.4 0.0002616171001
136.45 136.4 136.5 0.0006069925494
136.55 136.5 136.6 -0.001120051515
136.65 136.6 136.7 0.0003863258092
136.75 136.7 136.8 -0.0004941618021
136.85 136.8 136.9 -0.000637121462
136.95 136.9 137 0.0006841787118
137.05 137 137.1 0.0001899263833
137.15 137.1 137.2 -0.001680211185
137.25 137.2 137.3 -0.00149941096
137.35 137.3 137.4 -0.00124140935
137.45 137.4 137.5 -0.001968804019
137.55 137.5 137.6 0.0005598810393
137.65 137.6 137.7 -0.0007459742661
137.75 137.7 137.8 -0.0009286396902
137.85 137.8 137.9 -0.001115543761
137.95 137.9 138 0.001129148537
138.05 138 138.1 -0.0003905233846
138.15 138.1 138.2 -0.0004170229419
138.25 138.2 138.3 -0.0005018500405
138.35 138.3 138.4 -0.0001925567228
138.45 138.4 138.5 0.002151976257
138.55 138.5 138.6 -0.0006485595976
138.65 138.6 138.7 9.92309847e-05
138.75 138.7 138.8 -0.0001327024238
138.85 138.8 138.9 2.621729889e-05
138.95 138.9 139 -0.0008457247276
139.05 139 139.1 0.001363308252
139.15 139.1 139.2 0.00120019649
139.25 139.2 139.3 0.0004108730657
139.35 139.3 139.4 -0.0001267359933
139.45 139.4 139.5 -0.001375237882
139.55 139.5 139.6 0.0004709301499
139.65 139.6 139.7 0.0005990644812
139.75 139.7 139.8 0.0009096643151
139.85 139.8 139.9 -0.00169467924
139.95 139.9 140 0.0002858696582
140.05 140 140.1 0.0009933705677
140.15 140.1 140.2 -0.0004801579223
140.25 140.2 140.3 -0.0004220579227
140.35 140.3 140.4 0.0004826346238
140.45 140.4 140.5 -0.001827788912
140.55 140.5 140.6 -0.002664657516
140.65 140.6 140.7 -0.001783501498
140.75 140.7 140.8 -0.0009912577871
140.85 140.8 140.9 0.0008620511118
140.95 140.9 141 0.001310215597
141.05 141 141.1 -0.0009663385629
141.15 141.1 141.2 0.002381735649
141.25 141.2 141.3 -0.000631530295
141.35 141.3 141.4 -0.0003641618695
141.45 141.4 141.5 0.0005134470315
141.55 141.5 141.6 0.0009759448757
141.65 141.6 141.7 -0.0004208628662
141.75 141.7 141.8 0.0001170787373
141.85 141.8 141.9 0.002187884415
141.95 141.9 142 -0.0005034061895
142.05 142 142.1 -0.0004844037933
142.15 142.1 142.2 0.001213736493
142.25 142.2 142.3 -0.0004891613923
142.35 142.3 142.4 0.001390521527
142.45 142.4 142.5 1.351989721e-05
142.55 142.5 142.6 0.0007025245627
142.65 142.6 142.7 0.0003807886556
142.75 142.7 142.8 0.0008773004674
142.85 142.8 142.9 -0.001476607809
142.95 142.9 143 -0.000693410833
143.05 143 143.1 0.0008718627545
143.15 143.1 143.2 -0.001420533557
143.25 143.2 143.3 0.0004436333071
143.35 143.3 143.4 -0.0003964363072
143.45 143.4 143.5 0.003490475236
143.55 143.5 143.6 -0.001351599286
143.65 143.6 143.7 0.002167340189
143.75 143.7 143.8 0.0005019901169
143.85 143.8 143.9 0.001643061925
143.95 143.9 144 -6.971076293e-05
144.05 144 144.1 -0.0004962851152
144.15 144.1 144.2 -0.00062626648
144.25 144.2 144.3 -0.0007957744598
144.35 144.3 144.4 -0.001564649533
144.45 144.4 144.5 -0.000114326454
144.55 144.5 144.6 0.0009158483596
144.65 144.6 144.7 -0.0006932849212
144.75 144.7 144.8 0.001801885783
144.85 144.8 144.9 0.0008452928025
144.95 144.9 145 0.0007891234815
145.05 145 145.1 -0.001228139865
145.15 145.1 145.2 0.001247579849
145.25 145.2 145.3 0.001096191605
145.35 145.3 145.4 0.0001807992278
145.45 145.4 145.5 -0.0007554528721
145.55 145.5 145.6 -0.001500659538
145.65 145.6 145.7 -3.98596615e-05
145.75 145.7 145.8 -9.721742787e-05
145.85 145.8 145.9 4.051028563e-06
145.95 145.9 146 0.0004634258679
146.05 146 146.1 0.00233397469
146.15 146.1 146.2 0.0009073309097
146.25 146.2 146.3 -0.0003757285615
146.35 146.3 146.4 0.0008616582484
146.45 146.4 146.5 -0.0006954424458
146.55 146.5 146.6 0.0006204746485
146.65 146.6 146.7 0.0008535661267
146.75 146.7 146.8 -7.082439575e-05
146.85 146.8 146.9 -0.001323909307
146.95 146.9 147 0.002305615436
147.05 147 147.1 0.001478680289
147.15 147.1 147.2 0.0004272200685
147.25 147.2 147.3 -0.0004859252097
147.35 147.3 147.4 0.0003911323579
147.45 147.4 147.5 -6.023623122e-05
147.55 147.5 147.6 0.0007357076188
147.65 147.6 147.7 -0.0007273898177
147.75 147.7 147.8 -0.000970492083
147.85 147.8 147.9 0.0001461033147
147.95 147.9 148 0.0008694714623
148.05 148 148.1 0.001691361717
148.15 148.1 148.2 -8.829058816e-05
148.25 148.2 148.3 -0.0001188552077
148.35 148.3 148.4 -0.00209533524
148.45 148.4 148.5 0.0003381820591
148.55 148.5 148.6 0.0005805118965
148.65 148.6 148.7 0.001055086911
148.75 148.7 148.8 0.0002301741827
148.85 148.8 148.9 0.0008551618919
148.95 148.9 149 0.001581218747
149.05 149 149.1 -0.0011373633
149.15 149.1 149.2 -0.0001711963655
149.25 149.2 149.3 -0.001160488008
149.35 149.3 149.4 0.00070765197
149.45 149.4 149.5 -0.001462963523
149.55 149.5 149.6 -0.0002658094753
149.65 149.6 149.7 4.566687143e-05
149.75 149.7 149.8 0.0007897255716
149.85 149.8 149.9 0.001598370691
149.95 149.9 150 -0.000953411247
150.05 150 150.1 -0.0001658270325
150.15 150.1 150.2 0.001565574316
150.25 150.2 150.3 0.0009361227099
150.35 150.3 150.4 -0.0009757496029
150.45 150.4 150.5 -0.0007652915031
150.55 150.5 150.6 -0.0006499441437
150.65 150.6 150.7 0.0005498530961
150.75 150.7 150.8 0.001251641321
150.85 150.8 150.9 8.808813786e-05
150.95 150.9 151 -1.065251502e-05
151.05 151 151.1 0.001565301046
151.15 151.1 151.2 0.0005033519195
151.25 151.2 151.3 -0.0007832501363
151.35 151.3 151.4 -0.0001276566444
151.45 151.4 151.5 -0.001789353756
151.55 151.5 151.6 -0.0007790042215
151.65 151.6 151.7 -0.0005567072878
151.75 151.7 151.8 0.001257941214
151.85 151.8 151.9 -0.002888454067
151.95 151.9 152 -0.00122151046
152.05 152 152.1 0.000171534552
152.15 152.1 152.2 0.0005116709785
152.25 152.2 152.3 0.0005301314137
152.35 152.3 152.4 -0.001882416253
152.45 152.4 152.5 -0.001709697629
152.55 152.5 152.6 0.0006149993967
152.65 152.6 152.7 -0.0002942691613
152.75 152.7 152.8 -0.0004464758787
152.85 152.8 152.9 -0.0001006002669
152.95 152.9 153 0.000210860557
153.05 153 153.1 -0.001283735939
153.15 153.1 153.2 -0.00171356346
153.25 153.2 153.3 -0.0003676016613
153.35 153.3 153.4 -0.001324557462
153.45 153.4 153.5 -0.0001195460178
153.55 153.5 153.6 -0.0005202894496
153.65 153.6 153.7 -0.0001755018276
153.75 153.7 153.8 0.0007351394584
153.85 153.8 153.9 -0.001573223106
153.95 153.9 154 -0.00010172994
154.05 154 154.1 0.0002700307832
154.15 154.1 154.2 0.0008148023692
154.25 154.2 154.3 -0.0004413947958
154.35 154.3 154.4 -0.0004686631271
154.45 154.4 154.5 0.002564929585
154.55 154.5 154.6 0.0002510870961
154.65 154.6 154.7 0.0003839108541
154.75 154.7 154.8 -0.001010434304
154.85 154.8 154.9 -0.0002585837223
154.95 154.9 155 -0.0002174034714
155.05 155 155.1 -0.0005174073689
155.15 155.1 155.2 0.0006370280614
155.25 155.2 155.3 -0.000729448491
155.35 155.3 155.4 -9.775087764e-05
155.45 155.4 155.5 -0.0008787245373
155.55 155.5 155.6 0.001137485765
155.65 155.6 155.7 -0.00207352173
155.75 155.7 155.8 0.0006070135062
155.85 155.8 155.9 -2.409862455e-05
155.95 155.9 156 -0.0002150706038
156.05 156 156.1 -0.001283733013
156.15 156.1 156.2 -0.0004604963528
156.25 156.2 156.3 0.0009502898528
156.35 156.3 156.4 0.001353411027
156.45 156.4 156.5 -0.001505420135
156.55 156.5 156.6 0.0004325706871
156.65 156.6 156.7 -0.0009894231806
156.75 156.7 156.8 -0.0008200663758
156.85 156.8 156.9 -0.0008138785319
156.95 156.9 157 -0.002531460628
157.05 157 157.1 0.0004897032572
157.15 157.1 157.2 -0.0001559954611
157.25 157.2 157.3 -0.001020319314
157.35 157.3 157.4 -0.0003665638741
157.45 157.4 157.5 0.0005236772651
157.55 157.5 157.6 -0.001154526844
157.65 157.6 157.7 1.438382709e-05
157.75 157.7 157.8 0.0008837646783
157.85 157.8 157.9 -0.001149770529
157.95 157.9 158 -0.0003566882684
158.05 158 158.1 0.0002457392882
158.15 158.1 158.2 0.001916406297
158.25 158.2 158.3 0.0007584294605
158.35 158.3 158.4 -0.00056277885
158.45 158.4 158.5 0.001085998836
158.55 158.5 158.6 -0.0002608811684
158.65 158.6 158.7 -0.000412955256
158.75 158.7 158.8 0.0001787968945
158.85 158.8 158.9 3.054755448e-06
158.95 158.9 159 0.0009774326823
159.05 159 159.1 -0.001644753821
159.15 159.1 159.2 0.0004474282359
159.25 159.2 159.3 0.0003587424825
159.35 159.3 159.4 -2.044897356e-05
159.45 159.4 159.5 0.00121236631
159.55 159.5 159.6 -0.0001137552543
159.65 159.6 159.7 0.001276969807
159.75 159.7 159.8 0.0002495230548
159.85 159.8 159.9 0.002225473539
159.95 159.9 160 -0.0002581206662
160.05 160 160.1 -0.0003624712602
160.15 160.1 160.2 0.001264033922
160.25 160.2 160.3 -0.00146977833
160.35 160.3 160.4 -6.9869455e-05
160.45 160.4 160.5 0.0007615149466
160.55 160.5 160.6 0.0002789476397
160.65 160.6 160.7 -0.000522520076
160.75 160.7 160.8 -0.00127379078
160.85 160.8 160.9 0.0001317612597
160.95 160.9 161 -0.000558154366
161.05 161 161.1 -0.0008017703945
161.15 161.1 161.2 8.468153167e-05
161.25 161.2 161.3 0.001379199009
161.35 161.3 161.4 -0.0002668492024
161.45 161.4 161.5 0.00179323141
161.55 161.5 161.6 0.0001697208364
161.65 161.6 161.7 0.0003938635604
161.75 161.7 161.8 0.0007545946919
161.85 161.8 161.9 -0.0007520192748
161.95 161.9 162 0.0007051618557
162.05 162 162.1 0.0009381544517
162.15 162.1 162.2 0.001739238032
162.25 162.2 162.3 -0.0002319122934
162.35 162.3 162.4 0.0004036483539
162.45 162.4 162.5 -0.0003256176141
162.55 162.5 162.6 -0.000408154767
162.65 162.6 162.7 -0.0001189994665
162.75 162.7 162.8 5.757143549e-05
162.85 162.8 162.9 0.0003552896428
162.95 162.9 163 0.0006278503742
163.05 163 163.1 0.0003090390034
163.15 163.1 163.2 0.0002669266191
163.25 163.2 163.3 -0.0001478949981
163.35 163.3 163.4 -0.001952809375
163.45 163.4 163.5 0.001242238774
163.55 163.5 163.6 -0.0001850537612
163.65 163.6 163.7 0.0007454798414
163.75 163.7 163.8 -2.211800486e-05
163.85 163.8 163.9 0.0005715101054
163.95 163.9 164 -0.0004395034303
164.05 164 164.1 0.0007665116134
164.15 164.1 164.2 6.275052566e-06
164.25 164.2 164.3 -0.0007401032553
164.35 164.3 164.4 -0.0005634957805
164.45 164.4 164.5 -0.000720468094
164.55 164.5 164.6 0.0003009936853
164.65 164.6 164.7 -0.0002706528459
164.75 164.7 164.8 -2.449795952e-05
164.85 164.8 164.9 7.365761582e-05
164.95 164.9 165 0.0002614898683
165.05 165 165.1 -0.0005292974391
165.15 165.1 165.2 -0.0009688236784
165.25 165.2 165.3 -0.0009379941605
165.35 165.3 165.4 -0.0002866397473
165.45 165.4 165.5 0.0002110527899
165.55 165.5 165.6 0.000609486626
165.65 165.6 165.7 -0.001494532658
165.75 165.7 165.8 0.000374940418
165.85 165.8 165.9 0.0003602428863
165.95 165.9 166 -0.0001984680913
166.05 166 166.1 0.0007717608479
166.15 166.1 166.2 2.739421498e-05
166.25 166.2 166.3 0.001018913243
166.35 166.3 166.4 0.0003815358687
166.45 166.4 166.5 0.002019693806
166.55 166.5 166.6 0.001683957761
166.65 166.6 166.7 -0.001466559582
166.75 166.7 166.8 -0.0002968591323
166.85 166.8 166.9 -0.0001821959731
166.95 166.9 167 0.001461954368
167.05 167 167.1 0.00103756004
167.15 167.1 167.2 0.000887755798
167.25 167.2 167.3 0.000642869261
167.35 167.3 167.4 0.0001193047737
167.45 167.4 167.5 0.0009193562768
167.55 167.5 167.6 0.001523563711
167.65 167.6 167.7 0.0009237651627
167.75 167.7 167.8 0.001557658243
167.85 167.8 167.9 0.001005208108
167.95 167.9 168 -0.0002509940277
168.05 168 168.1 0.001364453949
168.15 168.1 168.2 -0.0005767137447
168.25 168.2 168.3 0.001210505225
168.35 168.3 168.4 0.002097566644
168.45 168.4 168.5 0.001287890393
168.55 168.5 168.6 0.00132963304
168.65 168.6 168.7 0.0007117379744
168.75 168.7 168.8 3.699741801e-05
168.85 168.8 168.9 0.0009810959099
168.95 168.9 169 0.001530376075
169.05 169 169.1 0.0004252102263
169.15 169.1 169.2 0.0008681002117
169.25 169.2 169.3 -0.0005387371874
169.35 169.3 169.4 0.0008897531035
169.45 169.4 169.5 -0.0004700631158
169.55 169.5 169.6 0.001743199282
169.65 169.6 169.7 -0.001358753111
169.75 169.7 169.8 0.001581668147
169.85 169.8 169.9 -0.0007726796021
169.95 169.9 170 0.000976242494
170.05 170 170.1 0.001825440805
170.15 170.1 170.2 0.001190701115
170.25 170.2 170.3 0.0001862363141
170.35 170.3 170.4 0.0006554172674
170.45 170.4 170.5 -0.0007576933701
170.55 170.5 170.6 -0.0008551299509
170.65 170.6 170.7 0.0009224138626
170.75 170.7 170.8 0.0001356356385
170.85 170.8 170.9 -0.0003945521556
170.95 170.9 171 0.0008464623403
171.05 171 171.1 0.001265695376
171.15 171.1 171.2 0.0002469858045
171.25 171.2 171.3 0.001474569407
171.35 171.3 171.4 0.002388157787
171.45 171.4 171.5 -0.0004807530409
171.55 171.5 171.6 -0.0001907183257
171.65 171.6 171.7 0.001039614505
171.75 171.7 171.8 1.104109419e-05
171.85 171.8 171.9 0.001016050796
171.95 171.9 172 0.001282294065
172.05 172 172.1 0.0009129150304
172.15 172.1 172.2 0.001587374191
172.25 172.2 172.3 0.0004767986223
172.35 172.3 172.4 0.001749611936
172.45 172.4 172.5 -0.0003969706847
172.55 172.5 172.6 0.0009845040446
172.65 172.6 172.7 0.0001220553123
172.75 172.7 172.8 -8.096728818e-05
172.85 172.8 172.9 -0.0005179582903
172.95 172.9 173 -0.0001615814652
173.05 173 173.1 0.0007991887123
173.15 173.1 173.2 0.0002824217433
173.25 173.2 173.3 -0.0007715240392
173.35 173.3 173.4 0.0008562716632
173.45 173.4 173.5 0.0009098384384
173.55 173.5 173.6 -0.0001581044345
173.65 173.6 173.7 0.0009168487118
173.75 173.7 173.8 0.0003195545098
173.85 173.8 173.9 -1.443825729e-05
173.95 173.9 174 0.0001564769784
174.05 174 174.1 0.001381340427
174.15 174.1 174.2 0.0005836942902
174.25 174.2 174.3 0.0002253987774
174.35 174.3 174.4 0.002129295545
174.45 174.4 174.5 0.00121569991
174.55 174.5 174.6 0.001290015332
174.65 174.6 174.7 0.0005322090359
174.75 174.7 174.8 0.0006302448795
174.85 174.8 174.9 0.0006950809988
174.95 174.9 175 -0.0003111332195
175.05 175 175.1 0.0002057361652
175.15 175.1 175.2 0.0002735313381
175.25 175.2 175.3 -0.0004675433741
175.35 175.3 175.4 0.0004785942595
175.45 175.4 175.5 0.00110468118
175.55 175.5 175.6 0.001178569739
175.65 175.6 175.7 0.001171103563
175.75 175.7 175.8 0.0008834144461
175.85 175.8 175.9 0.000784994402
175.95 175.9 176 9.167238997e-05
176.05 176 176.1 0.000401897227
176.15 176.1 176.2 -0.0009578994944
176.25 176.2 176.3 0.002786984319
176.35 176.3 176.4 -0.0003822700662
176.45 176.4 176.5 0.001006569673
176.55 176.5 176.6 0.0003293116529
176.65 176.6 176.7 0.001136942618
176.75 176.7 176.8 0.001936289591
176.85 176.8 176.9 0.002034188954
176.95 176.9 177 0.0003165197113
177.05 177 177.1 -0.0005956909614
177.15 177.1 177.2 0.000425352602
177.25 177.2 177.3 0.0001667022205
177.35 177.3 177.4 0.0006376565791
177.45 177.4 177.5 0.0003229289879
177.55 177.5 177.6 0.001890388407
177.65 177.6 177.7 0.001124582009
177.75 177.7 177.8 0.00153378095
177.85 177.8 177.9 0.001282452945
177.95 177.9 178 0.0009426191446
178.05 178 178.1 0.001193240648
178.15 178.1 178.2 -7.567232782e-05
178.25 178.2 178.3 0.0007407972189
178.35 178.3 178.4 -0.001084451898
178.45 178.4 178.5 0.0003893173149
178.55 178.5 178.6 -2.139570459e-05
178.65 178.6 178.7 0.000958191405
178.75 178.7 178.8 5.715358109e-05
178.85 178.8 178.9 0.001141437381
178.95 178.9 179 0.0003385398596
179.05 179 179.1 -0.000754007617
179.15 179.1 179.2 0.0006838533649
179.25 179.2 179.3 0.0009307508262
179.35 179.3 179.4 0.001183208719
179.45 179.4 179.5 -0.0007440134014
179.55 179.5 179.6 0.001532030231
179.65 179.6 179.7 -0.0001459711236
179.75 179.7 179.8 -0.0004919381247
179.85 179.8 179.9 -0.0003329528243
179.95 179.9 180 0.001296528733
180.05 180 180.1 -0.0004923561777
180.15 180.1 180.2 -0.0007192482305
180.25 180.2 180.3 -0.0002042546797
180.35 180.3 180.4 -0.000376230969
180.45 180.4 180.5 0.0009272124569
180.55 180.5 180.6 0.001039256908
180.65 180.6 180.7 0.0004413347334
180.75 180.7 180.8 0.0005759560092
180.85 180.8 180.9 -0.001080467895
180.95 180.9 181 0.0004602017818
181.05 181 181.1 -0.0004605680759
181.15 181.1 181.2 -0.001065144948
181.25 181.2 181.3 8.685777259e-05
181.35 181.3 181.4 -0.0003500360557
181.45 181.4 181.5 -0.001053636199
181.55 181.5 181.6 -7.681883076e-05
181.65 181.6 181.7 -0.001465409132
181.75 181.7 181.8 0.0007159811855
181.85 181.8 181.9 -0.0006439793173
181.95 181.9 182 0.00111565775
182.05 182 182.1 -0.001216747619
182.15 182.1 182.2 -0.001011595412
182.25 182.2 182.3 -0.0008724361904
182.35 182.3 182.4 -0.0007353826898
182.45 182.4 182.5 7.988159872e-05
182.55 182.5 182.6 -0.001829076127
182.65 182.6 182.7 -0.001801694567
182.75 182.7 182.8 -0.0001360271653
182.85 182.8 182.9 0.0004182959896
182.95 182.9 183 -1.574697647e-06
183.05 183 183.1 0.0002867535225
183.15 183.1 183.2 -0.0009347841212
183.25 183.2 183.3 -0.002615731978
183.35 183.3 183.4 -0.0003388075884
183.45 183.4 183.5 -0.0008233185177
183.55 183.5 183.6 -0.0007291989516
183.65 183.6 183.7 -0.000260950551
183.75 183.7 183.8 -0.0003915044753
183.85 183.8 183.9 0.001784194695
183.95 183.9 184 -0.000402598791
184.05 184 184.1 -0.0008257744281
184.15 184.1 184.2 -0.0005577236233
184.25 184.2 184.3 -0.000705709564
184.35 184.3 184.4 0.0004900080511
184.45 184.4 184.5 -0.0001394876668
184.55 184.5 184.6 0.0004931213542
184.65 184.6 184.7 0.0009677003227
184.75 184.7 184.8 -0.002363665179
184.85 184.8 184.9 -0.0008070194253
184.95 184.9 185 -0.001304219705
185.05 185 185.1 0.0006880588669
185.15 185.1 185.2 -0.0003703497172
185.25 185.2 185.3 0.0006226695626
185.35 185.3 185.4 -0.001860525866
185.45 185.4 185.5 0.0002837884074
185.55 185.5 185.6 -0.001068251983
185.65 185.6 185.7 0.0008898317388
185.75 185.7 185.8 -0.0005917210239
185.85 185.8 185.9 0.0004408405547
185.95 185.9 186 -2.505049442e-05
186.05 186 186.1 0.0001458071789
186.15 186.1 186.2 -0.0007431535365
186.25 186.2 186.3 -0.001650584301
186.35 186.3 186.4 0.0005075649936
186.45 186.4 186.5 -0.001326073183
186.55 186.5 186.6 0.0002341080105
186.65 186.6 186.7 3.486270285e-05
186.75 186.7 186.8 0.0002355704471
186.85 186.8 186.9 -0.001078967529
186.95 186.9 187 -0.001079997136
187.05 187 187.1 -0.00095052961
187.15 187.1 187.2 0.0008147689864
187.25 187.2 187.3 0.0007608551809
187.35 187.3 187.4 -0.000580353213
187.45 187.4 187.5 -0.0009448562564
187.55 187.5 187.6 -0.002266787608
187.65 187.6 187.7 -0.0001680964373
187.75 187.7 187.8 -0.001590624226
187.85 187.8 187.9 -0.0008204813307
187.95 187.9 188 -0.0004831667397
188.05 188 188.1 4.197347596e-05
188.15 188.1 188.2 -0.0009854270101
188.25 188.2 188.3 0.0005299359026
188.35 188.3 188.4 0.0002821476931
188.45 188.4 188.5 -0.001343203603
188.55 188.5 188.6 -0.001241934549
188.65 188.6 188.7 -0.0008384507722
188.75 188.7 188.8 -0.0004585028666
188.85 188.8 188.9 -0.0003745932354
188.95 188.9 189 -0.000114837865
189.05 189 189.1 -0.0003705029151
189.15 189.1 189.2 -2.329189232e-05
189.25 189.2 189.3 0.0009053172466
189.35 189.3 189.4 -0.000568704929
189.45 189.4 189.5 -0.0002707032005
189.55 189.5 189.6 0.0004773252946
189.65 189.6 189.7 -0.0007472656889
189.75 189.7 189.8 -7.648337596e-05
189.85 189.8 189.9 -0.0006826115417
189.95 189.9 190 -0.0007022249331
190.05 190 190.1 -2.906208286e-05
190.15 190.1 190.2 0.0001974554139
190.25 190.2 190.3 -0.002188057014
190.35 190.3 190.4 4.023890759e-05
190.45 190.4 190.5 -0.001047619449
190.55 190.5 190.6 -0.0005741808106
190.65 190.6 190.7 -0.0007113409595
190.75 190.7 190.8 -0.0002633748433
190.85 190.8 190.9 -0.0002132318005
190.95 190.9 191 -0.001002259846
191.05 191 191.1 0.000345551919
191.15 191.1 191.2 -0.001114496725
191.25 191.2 191.3 -0.002476465093
191.35 191.3 191.4 -0.000853950255
191.45 191.4 191.5 -0.0005441603198
191.55 191.5 191.6 -0.001350189262
191.65 191.6 191.7 -0.0008840643319
191.75 191.7 191.8 0.0001135128682
191.85 191.8 191.9 -0.0004912732143
191.95 191.9 192 -0.0005659281631
192.05 192 192.1 -0.001035610604
192.15 192.1 192.2 -3.527511994e-07
192.25 192.2 192.3 -0.001485619095
192.35 192.3 192.4 7.640501058e-05
192.45 192.4 192.5 -0.001236033204
192.55 192.5 192.6 -0.001196265003
192.65 192.6 192.7 -0.002154811547
192.75 192.7 192.8 -0.0001273991981
192.85 192.8 192.9 -0.0002133570538
192.95 192.9 193 0.0002404273484
193.05 193 193.1 -0.001072869582
193.15 193.1 193.2 0.0003146222546
193.25 193.2 193.3 -0.0007722885771
193.35 193.3 193.4 -0.0009278242699
193.45 193.4 193.5 -0.0004347491095
193.55 193.5 193.6 -0.001194023641
193.65 193.6 193.7 -0.0004933924831
193.75 193.7 193.8 9.369680563e-05
193.85 193.8 193.9 -0.001885718875
193.95 193.9 194 -0.0008300995252
194.05 194 194.1 -7.783437151e-05
194.15 194.1 194.2 -0.000704331332
194.25 194.2 194.3 -0.001947095642
194.35 194.3 194.4 -0.00235362198
194.45 194.4 194.5 -0.001060244244
194.55 194.5 194.6 -0.0005296423673
194.65 194.6 194.7 -0.0009945950169
194.75 194.7 194.8 -6.327202264e-05
194.85 194.8 194.9 -0.001228421113
194.95 194.9 195 -2.365238707e-05
195.05 195 195.1 -0.0007190817049
195.15 195.1 195.2 -0.001196781891
195.25 195.2 195.3 -0.001854438471
195.35 195.3 195.4 -0.00104221466
195.45 195.4 195.5 -0.001069108784
195.55 195.5 195.6 -0.0007121367578
195.65 195.6 195.7 -0.0005201410447
195.75 195.7 195.8 -0.001591511735
195.85 195.8 195.9 0.0005186594226
195.95 195.9 196 -0.001005042448
196.05 196 196.1 -0.001810848855
196.15 196.1 196.2 -0.001637356415
196.25 196.2 196.3 -0.0009528905431
196.35 196.3 196.4 -0.0009975962329
196.45 196.4 196.5 -0.002579458832
196.55 196.5 196.6 -0.0007155750072
196.65 196.6 196.7 -0.001463230791
196.75 196.7 196.8 -0.001537081987
196.85 196.8 196.9 -0.0007033560012
196.95 196.9 197 -0.0001797984535
197.05 197 197.1 -0.001709930929
197.15 197.1 197.2 -0.001616773179
197.25 197.2 197.3 -0.001211014823
197.35 197.3 197.4 -0.0008651256791
197.45 197.4 197.5 -0.0009418447906
197.55 197.5 197.6 -0.001306906887
197.65 197.6 197.7 -0.0007279694146
197.75 197.7 197.8 -0.00137845455
197.85 197.8 197.9 -0.0008418906866
197.95 197.9 198 -0.0003790563519
198.05 198 198.1 -0.0007672376316
198.15 198.1 198.2 -0.001403741302
198.25 198.2 198.3 -0.0007908326684
198.35 198.3 198.4 -0.0007392277867
198.45 198.4 198.5 -0.0005143465487
198.55 198.5 198.6 -0.0003575346584
198.65 198.6 198.7 -0.001986912409
198.75 198.7 198.8 -0.001904201528
198.85 198.8 198.9 -0.001358381259
198.95 198.9 199 -0.0008276327626
199.05 199 199.1 -0.002444829042
199.15 199.1 199.2 -0.001421742589
199.25 199.2 199.3 9.406149391e-05
199.35 199.3 199.4 -0.00144146387
199.45 199.4 199.5 -0.001080718403
199.55 199.5 199.6 -0.0004087361875
199.65 199.6 199.7 -0.0006692974253
199.75 199.7 199.8 -0.00160977905
199.85 199.8 199.9 -0.000480215993
199.95 199.9 200 -0.0009336948111
