# Columns: s_cen(1) s_min(2) s_max(3) xi_iso(4)
0.05 0 0.1 70.74106286
0.15 0.1 0.2 10.67838041
0.25 0.2 0.3 13.61037802
0.35 0.3 0.4 15.54428395
0.45 0.4 0.5 20.40635647
0.55 0.5 0.6 22.2196421
0.65 0.6 0.7 21.53592338
0.75 0.7 0.8 21.91075004
0.85 0.8 0.9 21.69956545
0.95 0.9 1 21.22316286
1.05 1 1.1 19.47905408
1.15 1.1 1.2 20.10013315
1.25 1.2 1.3 18.82180849
1.35 1.3 1.4 17.62770605
1.45 1.4 1.5 17.06387264
1.55 1.5 1.6 15.18969456
1.65 1.6 1.7 15.34199849
1.75 1.7 1.8 14.63360551
1.85 1.8 1.9 13.39792582
1.95 1.9 2 11.9435996
2.05 2 2.1 11.57815495
2.15 2.1 2.2 11.37774838
2.25 2.2 2.3 10.07433831
2.35 2.3 2.4 9.827872433
2.45 2.4 2.5 9.348417252
2.55 2.5 2.6 8.772911016
2.65 2.6 2.7 8.130852071
2.75 2.7 2.8 7.629809423
2.85 2.8 2.9 7.239906066
2.95 2.9 3 7.02350258
3.05 3 3.1 6.716375324
3.15 3.1 3.2 6.398226184
3.25 3.2 3.3 6.119530518
3.35 3.3 3.4 6.028374637
3.45 3.4 3.5 5.615093236
3.55 3.5 3.6 5.337313336
3.65 3.6 3.7 5.128844704
3.75 3.7 3.8 4.976503887
3.85 3.8 3.9 4.795570043
3.95 3.9 4 4.75462753
4.05 4 4.1 4.61838831
4.15 4.1 4.2 4.443173694
4.25 4.2 4.3 4.185963864
4.35 4.3 4.4 4.108325543
4.45 4.4 4.5 3.989170698
4.55 4.5 4.6 3.803192851
4.65 4.6 4.7 3.61954789
4.75 4.7 4.8 3.607853262
4.85 4.8 4.9 3.48828469
4.95 4.9 5 3.334965496
5.05 5 5.1 3.289961863
5.15 5.1 5.2 3.170232278
5.25 5.2 5.3 3.121729608
5.35 5.3 5.4 3.100713859
5.45 5.4 5.5 3.028911383
5.55 5.5 5.6 2.874385248
5.65 5.6 5.7 2.779814243
5.75 5.7 5.8 2.75264196
5.85 5.8 5.9 2.701252553
5.95 5.9 6 2.508686789
6.05 6 6.1 2.500764213
6.15 6.1 6.2 2.446911625
6.25 6.2 6.3 2.366751925
6.35 6.3 6.4 2.374055998
6.45 6.4 6.5 2.288059098
6.55 6.5 6.6 2.263439284
6.65 6.6 6.7 2.100803265
6.75 6.7 6.8 2.102946449
6.85 6.8 6.9 2.056599608
6.95 6.9 7 1.982889776
7.05 7 7.1 2.006658006
7.15 7.1 7.2 1.957514
7.25 7.2 7.3 1.883096739
7.35 7.3 7.4 1.86376382
7.45 7.4 7.5 1.79789951
7.55 7.5 7.6 1.779557019
7.65 7.6 7.7 1.701048847
7.75 7.7 7.8 1.712440935
7.85 7.8 7.9 1.676847431
7.95 7.9 8 1.605064623
8.05 8 8.1 1.630516129
8.15 8.1 8.2 1.56698378
8.25 8.2 8.3 1.556492072
8.35 8.3 8.4 1.491109481
8.45 8.4 8.5 1.460327206
8.55 8.5 8.6 1.382102328
8.65 8.6 8.7 1.398476153
8.75 8.7 8.8 1.387443124
8.85 8.8 8.9 1.349500913
8.95 8.9 9 1.30429272
9.05 9 9.1 1.303868648
9.15 9.1 9.2 1.262463233
9.25 9.2 9.3 1.237093303
9.35 9.3 9.4 1.190113715
9.45 9.4 9.5 1.20744389
9.55 9.5 9.6 1.189839705
9.65 9.6 9.7 1.162706445
9.75 9.7 9.8 1.129787725
9.85 9.8 9.9 1.105370003
9.95 9.9 10 1.085735505
10.05 10 10.1 1.057520082
10.15 10.1 10.2 1.064043656
10.25 10.2 10.3 1.061973346
10.35 10.3 10.4 1.004739717
10.45 10.4 10.5 1.007765139
10.55 10.5 10.6 0.975004338
10.65 10.6 10.7 0.9368865707
10.75 10.7 10.8 0.9344894162
10.85 10.8 10.9 0.9115994329
10.95 10.9 11 0.9161925328
11.05 11 11.1 0.9125107004
11.15 11.1 11.2 0.9037672532
11.25 11.2 11.3 0.8745818702
11.35 11.3 11.4 0.8366865937
11.45 11.4 11.5 0.8570103116
11.55 11.5 11.6 0.8413342325
11.65 11.6 11.7 0.8268131029
11.75 11.7 11.8 0.804909121
11.85 11.8 11.9 0.8135348468
11.95 11.9 12 0.7851462472
12.05 12 12.1 0.7785368928
12.15 12.1 12.2 0.7771186396
12.25 12.2 12.3 0.7498212772
12.35 12.3 12.4 0.7437077895
12.45 12.4 12.5 0.7137689816
12.55 12.5 12.6 0.6956667086
12.65 12.6 12.7 0.7074146669
12.75 12.7 12.8 0.688719203
12.85 12.8 12.9 0.6993391759
12.95 12.9 13 0.6519470665
13.05 13 13.1 0.6828580741
13.15 13.1 13.2 0.6635660077
13.25 13.2 13.3 0.6433861864
13.35 13.3 13.4 0.6389387709
13.45 13.4 13.5 0.6392995719
13.55 13.5 13.6 0.6124843821
13.65 13.6 13.7 0.6306231243
13.75 13.7 13.8 0.6036300922
13.85 13.8 13.9 0.6023041887
13.95 13.9 14 0.5685147105
14.05 14 14.1 0.5874267573
14.15 14.1 14.2 0.5526704438
14.25 14.2 14.3 0.5570286979
14.35 14.3 14.4 0.5550479533
14.45 14.4 14.5 0.5472691097
14.55 14.5 14.6 0.5341166233
14.65 14.6 14.7 0.5160863691
14.75 14.7 14.8 0.5242719728
14.85 14.8 14.9 0.4955507015
14.95 14.9 15 0.5047062423
15.05 15 15.1 0.5168341916
15.15 15.1 15.2 0.5044418203
15.25 15.2 15.3 0.48959265
15.35 15.3 15.4 0.4679191611
15.45 15.4 15.5 0.4898528794
15.55 15.5 15.6 0.4741269363
15.65 15.6 15.7 0.4629181219
15.75 15.7 15.8 0.4723678004
15.85 15.8 15.9 0.4648040006
15.95 15.9 16 0.4490807382
16.05 16 16.1 0.4373394845
16.15 16.1 16.2 0.425999856
16.25 16.2 16.3 0.4451346826
16.35 16.3 16.4 0.4233706141
16.45 16.4 16.5 0.4281889265
16.55 16.5 16.6 0.4132820689
16.65 16.6 16.7 0.4257598131
16.75 16.7 16.8 0.3938602059
16.85 16.8 16.9 0.3933503544
16.95 16.9 17 0.3975260299
17.05 17 17.1 0.3738939591
17.15 17.1 17.2 0.3663261801
17.25 17.2 17.3 0.3791632616
17.35 17.3 17.4 0.3767655035
17.45 17.4 17.5 0.3742292328
17.55 17.5 17.6 0.3786437183
17.65 17.6 17.7 0.3649833006
17.75 17.7 17.8 0.3728761081
17.85 17.8 17.9 0.3482837654
17.95 17.9 18 0.3557831368
18.05 18 18.1 0.3552367989
18.15 18.1 18.2 0.3425347893
18.25 18.2 18.3 0.3418177527
18.35 18.3 18.4 0.3345583077
18.45 18.4 18.5 0.3425019434
18.55 18.5 18.6 0.3177270179
18.65 18.6 18.7 0.3215638861
18.75 18.7 18.8 0.3122775324
18.85 18.8 18.9 0.3226993471
18.95 18.9 19 0.3142269404
19.05 19 19.1 0.3186562356
19.15 19.1 19.2 0.3117742596
19.25 19.2 19.3 0.3136748953
19.35 19.3 19.4 0.2995931294
19.45 19.4 19.5 0.3067967672
19.55 19.5 19.6 0.307300844
19.65 19.6 19.7 0.2867099348
19.75 19.7 19.8 0.2932464401
19.85 19.8 19.9 0.2820051831
19.95 19.9 20 0.2786810858
20.05 20 20.1 0.28480816
20.15 20.1 20.2 0.2704296036
20.25 20.2 20.3 0.2732813255
20.35 20.3 20.4 0.284385159
20.45 20.4 20.5 0.2714709189
20.55 20.5 20.6 0.2466362326
20.65 20.6 20.7 0.262471494
20.75 20.7 20.8 0.2702913466
20.85 20.8 20.9 0.2517255612
20.95 20.9 21 0.2587613814
21.05 21 21.1 0.2490471502
21.15 21.1 21.2 0.2628483323
21.25 21.2 21.3 0.2455144361
21.35 21.3 21.4 0.2525423325
21.45 21.4 21.5 0.2461410685
21.55 21.5 21.6 0.2296476099
21.65 21.6 21.7 0.2426421311
21.75 21.7 21.8 0.2254955768
21.85 21.8 21.9 0.2179503105
21.95 21.9 22 0.2285660907
22.05 22 22.1 0.2329659253
22.15 22.1 22.2 0.2257511412
22.25 22.2 22.3 0.237400864
22.35 22.3 22.4 0.2272352654
22.45 22.4 22.5 0.2166776244
22.55 22.5 22.6 0.2157056032
22.65 22.6 22.7 0.2149784221
22.75 22.7 22.8 0.2126433351
22.85 22.8 22.9 0.2202517041
22.95 22.9 23 0.2100454821
23.05 23 23.1 0.2017135717
23.15 23.1 23.2 0.2100018138
23.25 23.2 23.3 0.203937307
23.35 23.3 23.4 0.2043910103
23.45 23.4 23.5 0.2014374856
23.55 23.5 23.6 0.1947384164
23.65 23.6 23.7 0.1896383941
23.75 23.7 23.8 0.1874630641
23.85 23.8 23.9 0.2005355672
23.95 23.9 24 0.1890794361
24.05 24 24.1 0.1825869674
24.15 24.1 24.2 0.1987608518
24.25 24.2 24.3 0.1814871817
24.35 24.3 24.4 0.1808737174
24.45 24.4 24.5 0.1747401051
24.55 24.5 24.6 0.1777751532
24.65 24.6 24.7 0.1655865056
24.75 24.7 24.8 0.1757566262
24.85 24.8 24.9 0.1786890932
24.95 24.9 25 0.1698797335
25.05 25 25.1 0.1783425163
25.15 25.1 25.2 0.1620522014
25.25 25.2 25.3 0.1615406368
25.35 25.3 25.4 0.171544367
25.45 25.4 25.5 0.1690252365
25.55 25.5 25.6 0.1663532669
25.65 25.6 25.7 0.1666602078
25.75 25.7 25.8 0.1613825741
25.85 25.8 25.9 0.1613454655
25.95 25.9 26 0.1549272836
26.05 26 26.1 0.156033438
26.15 26.1 26.2 0.1549171961
26.25 26.2 26.3 0.1396087688
26.35 26.3 26.4 0.157121526
26.45 26.4 26.5 0.1420818872
26.55 26.5 26.6 0.1504377232
26.65 26.6 26.7 0.1509383027
26.75 26.7 26.8 0.1471643041
26.85 26.8 26.9 0.1477757098
26.95 26.9 27 0.1359980812
27.05 27 27.1 0.1455761709
27.15 27.1 27.2 0.1352413488
27.25 27.2 27.3 0.1321427248
27.35 27.3 27.4 0.1346350473
27.45 27.4 27.5 0.134489622
27.55 27.5 27.6 0.1436101236
27.65 27.6 27.7 0.1358617917
27.75 27.7 27.8 0.1273295745
27.85 27.8 27.9 0.1297229332
27.95 27.9 28 0.1242457585
28.05 28 28.1 0.1285645317
28.15 28.1 28.2 0.1308862497
28.25 28.2 28.3 0.1319817934
28.35 28.3 28.4 0.121640924
28.45 28.4 28.5 0.1226531351
28.55 28.5 28.6 0.1189341226
28.65 28.6 28.7 0.1265016907
28.75 28.7 28.8 0.1247829855
28.85 28.8 28.9 0.11766686
28.95 28.9 29 0.12829452
29.05 29 29.1 0.1152601018
29.15 29.1 29.2 0.1198978562
29.25 29.2 29.3 0.1252760547
29.35 29.3 29.4 0.1156111502
29.45 29.4 29.5 0.1168917579
29.55 29.5 29.6 0.1022501002
29.65 29.6 29.7 0.1160226468
29.75 29.7 29.8 0.1077317297
29.85 29.8 29.9 0.1149402374
29.95 29.9 30 0.1085290709
30.05 30 30.1 0.1079953844
30.15 30.1 30.2 0.1128998732
30.25 30.2 30.3 0.1040646698
30.35 30.3 30.4 0.1022754097
30.45 30.4 30.5 0.1099239731
30.55 30.5 30.6 0.1076777937
30.65 30.6 30.7 0.1034701461
30.75 30.7 30.8 0.1059935352
30.85 30.8 30.9 0.09522943859
30.95 30.9 31 0.1019059003
31.05 31 31.1 0.1022113988
31.15 31.1 31.2 0.1089322195
31.25 31.2 31.3 0.0936437481
31.35 31.3 31.4 0.09977285219
31.45 31.4 31.5 0.09055376497
31.55 31.5 31.6 0.08874225293
31.65 31.6 31.7 0.09484402969
31.75 31.7 31.8 0.09164806672
31.85 31.8 31.9 0.09690276706
31.95 31.9 32 0.1053604665
32.05 32 32.1 0.09605452646
32.15 32.1 32.2 0.09681089558
32.25 32.2 32.3 0.0969160091
32.35 32.3 32.4 0.09296977736
32.45 32.4 32.5 0.08920945285
32.55 32.5 32.6 0.08598563184
32.65 32.6 32.7 0.08359362354
32.75 32.7 32.8 0.0865521342
32.85 32.8 32.9 0.0881370552
32.95 32.9 33 0.08213561145
33.05 33 33.1 0.08301834745
33.15 33.1 33.2 0.07732807429
33.25 33.2 33.3 0.08356234988
33.35 33.3 33.4 0.08244158755
33.45 33.4 33.5 0.08520884218
33.55 33.5 33.6 0.08672369648
33.65 33.6 33.7 0.08208530285
33.75 33.7 33.8 0.08427072437
33.85 33.8 33.9 0.08686899691
33.95 33.9 34 0.07502999764
34.05 34 34.1 0.0831637645
34.15 34.1 34.2 0.08190693995
34.25 34.2 34.3 0.07715981289
34.35 34.3 34.4 0.08737092753
34.45 34.4 34.5 0.07424816912
34.55 34.5 34.6 0.08203303085
34.65 34.6 34.7 0.07158359126
34.75 34.7 34.8 0.0778666296
34.85 34.8 34.9 0.08164312989
34.95 34.9 35 0.07364835629
35.05 35 35.1 0.06754197304
35.15 35.1 35.2 0.07066174824
35.25 35.2 35.3 0.07236711216
35.35 35.3 35.4 0.07468992818
35.45 35.4 35.5 0.07398342282
35.55 35.5 35.6 0.07545113281
35.65 35.6 35.7 0.07780772597
35.75 35.7 35.8 0.07015425482
35.85 35.8 35.9 0.07427607074
35.95 35.9 36 0.07321585626
36.05 36 36.1 0.06692762827
36.15 36.1 36.2 0.06997656323
36.25 36.2 36.3 0.05918938996
36.35 36.3 36.4 0.06026768896
36.45 36.4 36.5 0.0639767072
36.55 36.5 36.6 0.07052880249
36.65 36.6 36.7 0.05827737696
36.75 36.7 36.8 0.06481397983
36.85 36.8 36.9 0.06459560064
36.95 36.9 37 0.06415983986
37.05 37 37.1 0.06769820887
37.15 37.1 37.2 0.06150894989
37.25 37.2 37.3 0.05896650949
37.35 37.3 37.4 0.06420773649
37.45 37.4 37.5 0.06781749921
37.55 37.5 37.6 0.05740620875
37.65 37.6 37.7 0.05957193587
37.75 37.7 37.8 0.06222969286
37.85 37.8 37.9 0.06634521574
37.95 37.9 38 0.05605699998
38.05 38 38.1 0.05890743459
38.15 38.1 38.2 0.05112179006
38.25 38.2 38.3 0.06054944144
38.35 38.3 38.4 0.05877797543
38.45 38.4 38.5 0.06020993768
38.55 38.5 38.6 0.05408105703
38.65 38.6 38.7 0.05994498491
38.75 38.7 38.8 0.05320707146
38.85 38.8 38.9 0.05930520291
38.95 38.9 39 0.05360237463
39.05 39 39.1 0.05636784963
39.15 39.1 39.2 0.05554481466
39.25 39.2 39.3 0.05252698245
39.35 39.3 39.4 0.05448588101
39.45 39.4 39.5 0.05367943689
39.55 39.5 39.6 0.05280405406
39.65 39.6 39.7 0.05083620039
39.75 39.7 39.8 0.05893104217
39.85 39.8 39.9 0.05319698369
39.95 39.9 40 0.0551618695
40.05 40 40.1 0.05097447388
40.15 40.1 40.2 0.0467013337
40.25 40.2 40.3 0.05227683031
40.35 40.3 40.4 0.05101245751
40.45 40.4 40.5 0.05011603226
40.55 40.5 40.6 0.04939945373
40.65 40.6 40.7 0.04885558946
40.75 40.7 40.8 0.05187562365
40.85 40.8 40.9 0.04422204334
40.95 40.9 41 0.04297011826
41.05 41 41.1 0.04726214012
41.15 41.1 41.2 0.0505921388
41.25 41.2 41.3 0.04482300509
41.35 41.3 41.4 0.04113632107
41.45 41.4 41.5 0.045987699
41.55 41.5 41.6 0.04441870792
41.65 41.6 41.7 0.05508226621
41.75 41.7 41.8 0.04533364811
41.85 41.8 41.9 0.0424717742
41.95 41.9 42 0.04403388255
42.05 42 42.1 0.04124656821
42.15 42.1 42.2 0.04027480541
42.25 42.2 42.3 0.04534072725
42.35 42.3 42.4 0.04681169048
42.45 42.4 42.5 0.04274630322
42.55 42.5 42.6 0.04761917348
42.65 42.6 42.7 0.0421637897
42.75 42.7 42.8 0.04100580426
42.85 42.8 42.9 0.03626093955
42.95 42.9 43 0.04162984425
43.05 43 43.1 0.04297035848
43.15 43.1 43.2 0.03958288054
43.25 43.2 43.3 0.04148867972
43.35 43.3 43.4 0.03881058036
43.45 43.4 43.5 0.04345820046
43.55 43.5 43.6 0.03952202895
43.65 43.6 43.7 0.0315231295
43.75 43.7 43.8 0.03823985898
43.85 43.8 43.9 0.03623490232
43.95 43.9 44 0.04327872874
44.05 44 44.1 0.03635544598
44.15 44.1 44.2 0.03727627918
44.25 44.2 44.3 0.03597222053
44.35 44.3 44.4 0.0426738298
44.45 44.4 44.5 0.0343159663
44.55 44.5 44.6 0.03453416794
44.65 44.6 44.7 0.04259259221
44.75 44.7 44.8 0.03345872883
44.85 44.8 44.9 0.03417069575
44.95 44.9 45 0.03254314458
45.05 45 45.1 0.03710234865
45.15 45.1 45.2 0.03444767402
45.25 45.2 45.3 0.03507656901
45.35 45.3 45.4 0.03294542801
45.45 45.4 45.5 0.03771852765
45.55 45.5 45.6 0.03463153218
45.65 45.6 45.7 0.03002278471
45.75 45.7 45.8 0.03676788316
45.85 45.8 45.9 0.03331296342
45.95 45.9 46 0.03302077522
46.05 46 46.1 0.02879078674
46.15 46.1 46.2 0.03053596553
46.25 46.2 46.3 0.03590588675
46.35 46.3 46.4 0.03483954045
46.45 46.4 46.5 0.02942095992
46.55 46.5 46.6 0.03334028643
46.65 46.6 46.7 0.03164550894
46.75 46.7 46.8 0.03171210999
46.85 46.8 46.9 0.03150485495
46.95 46.9 47 0.03316516042
47.05 47 47.1 0.02920504289
47.15 47.1 47.2 0.02353955284
47.25 47.2 47.3 0.03084798168
47.35 47.3 47.4 0.02848144058
47.45 47.4 47.5 0.02862730829
47.55 47.5 47.6 0.02719284571
47.65 47.6 47.7 0.02844547414
47.75 47.7 47.8 0.03364428926
47.85 47.8 47.9 0.02926021578
47.95 47.9 48 0.03301843575
48.05 48 48.1 0.02677079439
48.15 48.1 48.2 0.03209104762
48.25 48.2 48.3 0.0298552612
48.35 48.3 48.4 0.02953893089
48.45 48.4 48.5 0.0336939827
48.55 48.5 48.6 0.02890778539
48.65 48.6 48.7 0.02712518438
48.75 48.7 48.8 0.02973693063
48.85 48.8 48.9 0.0246576323
48.95 48.9 49 0.02712286948
49.05 49 49.1 0.02677345289
49.15 49.1 49.2 0.0322822808
49.25 49.2 49.3 0.02668744869
49.35 49.3 49.4 0.02686424234
49.45 49.4 49.5 0.02238862076
49.55 49.5 49.6 0.0282627052
49.65 49.6 49.7 0.02673829769
49.75 49.7 49.8 0.02539261467
49.85 49.8 49.9 0.021395368
49.95 49.9 50 0.02776077823
50.05 50 50.1 0.02097602835
50.15 50.1 50.2 0.02949363165
50.25 50.2 50.3 0.02567428306
50.35 50.3 50.4 0.02518597335
50.45 50.4 50.5 0.02135378601
50.55 50.5 50.6 0.02560906138
50.65 50.6 50.7 0.02547869671
50.75 50.7 50.8 0.02185296262
50.85 50.8 50.9 0.0232893956
50.95 50.9 51 0.02073422661
51.05 51 51.1 0.02632480852
51.15 51.1 51.2 0.01920106336
51.25 51.2 51.3 0.01807124061
51.35 51.3 51.4 0.02297021625
51.45 51.4 51.5 0.01840271991
51.55 51.5 51.6 0.01932547125
51.65 51.6 51.7 0.02418737053
51.75 51.7 51.8 0.02186637161
51.85 51.8 51.9 0.0197199228
51.95 51.9 52 0.01848926844
52.05 52 52.1 0.01936726718
52.15 52.1 52.2 0.02018649604
52.25 52.2 52.3 0.02251014623
52.35 52.3 52.4 0.02033603226
52.45 52.4 52.5 0.01990883319
52.55 52.5 52.6 0.01903681177
52.65 52.6 52.7 0.01619070136
52.75 52.7 52.8 0.02086413369
52.85 52.8 52.9 0.01908405228
52.95 52.9 53 0.01691323258
53.05 53 53.1 0.01478256286
53.15 53.1 53.2 0.02203538961
53.25 53.2 53.3 0.01696354262
53.35 53.3 53.4 0.02260219196
53.45 53.4 53.5 0.01449268832
53.55 53.5 53.6 0.01988780216
53.65 53.6 53.7 0.01788128703
53.75 53.7 53.8 0.02281759937
53.85 53.8 53.9 0.01679587597
53.95 53.9 54 0.02167756952
54.05 54 54.1 0.01694743814
54.15 54.1 54.2 0.01730968662
54.25 54.2 54.3 0.02185717232
54.35 54.3 54.4 0.01628181222
54.45 54.4 54.5 0.01948998589
54.55 54.5 54.6 0.01758918804
54.65 54.6 54.7 0.01998404606
54.75 54.7 54.8 0.01710445451
54.85 54.8 54.9 0.01878815223
54.95 54.9 55 0.01606557761
55.05 55 55.1 0.01606514373
55.15 55.1 55.2 0.01818022229
55.25 55.2 55.3 0.01267926638
55.35 55.3 55.4 0.0139754026
55.45 55.4 55.5 0.01651548269
55.55 55.5 55.6 0.01441509927
55.65 55.6 55.7 0.01868371943
55.75 55.7 55.8 0.015341116
55.85 55.8 55.9 0.01797666019
55.95 55.9 56 0.0128434113
56.05 56 56.1 0.01757009013
56.15 56.1 56.2 0.01603818775
56.25 56.2 56.3 0.009841300735
56.35 56.3 56.4 0.01436361337
56.45 56.4 56.5 0.01545150207
56.55 56.5 56.6 0.01324014717
56.65 56.6 56.7 0.01038188713
56.75 56.7 56.8 0.009638861843
56.85 56.8 56.9 0.01447214601
56.95 56.9 57 0.01284678152
57.05 57 57.1 0.01636504568
57.15 57.1 57.2 0.01456165055
57.25 57.2 57.3 0.01050331468
57.35 57.3 57.4 0.01297628229
57.45 57.4 57.5 0.01501299043
57.55 57.5 57.6 0.01514740496
57.65 57.6 57.7 0.01277619992
57.75 57.7 57.8 0.008507067573
57.85 57.8 57.9 0.01026034652
57.95 57.9 58 0.01538253646
58.05 58 58.1 0.01016017492
58.15 58.1 58.2 0.0122001044
58.25 58.2 58.3 0.01338378545
58.35 58.3 58.4 0.01422296692
58.45 58.4 58.5 0.01308631796
58.55 58.5 58.6 0.01268083319
58.65 58.6 58.7 0.01071693373
58.75 58.7 58.8 0.01493901102
58.85 58.8 58.9 0.01272666151
58.95 58.9 59 0.01136094833
59.05 59 59.1 0.009844393884
59.15 59.1 59.2 0.01290444424
59.25 59.2 59.3 0.01149606497
59.35 59.3 59.4 0.009666156509
59.45 59.4 59.5 0.01425167002
59.55 59.5 59.6 0.01082681677
59.65 59.6 59.7 0.01224400552
59.75 59.7 59.8 0.01731871266
59.85 59.8 59.9 0.007911899456
59.95 59.9 60 0.009696959718
60.05 60 60.1 0.01165456652
60.15 60.1 60.2 0.007227100581
60.25 60.2 60.3 0.007826232988
60.35 60.3 60.4 0.01473283935
60.45 60.4 60.5 0.01014289847
60.55 60.5 60.6 0.01421664473
60.65 60.6 60.7 0.01094812107
60.75 60.7 60.8 0.0101893024
60.85 60.8 60.9 0.01058458713
60.95 60.9 61 0.01090463959
61.05 61 61.1 0.01020866019
61.15 61.1 61.2 0.01078898269
61.25 61.2 61.3 0.003834831702
61.35 61.3 61.4 0.007179167976
61.45 61.4 61.5 0.01253588388
61.55 61.5 61.6 0.009248617989
61.65 61.6 61.7 0.01044870911
61.75 61.7 61.8 0.00791271713
61.85 61.8 61.9 0.0101670077
61.95 61.9 62 0.009703727818
62.05 62 62.1 0.01260292997
62.15 62.1 62.2 0.01095811886
62.25 62.2 62.3 0.009912574949
62.35 62.3 62.4 0.01023317026
62.45 62.4 62.5 0.00991461231
62.55 62.5 62.6 0.009733896325
62.65 62.6 62.7 0.01194409666
62.75 62.7 62.8 0.01035244538
62.85 62.8 62.9 0.009501600806
62.95 62.9 63 0.006379941132
63.05 63 63.1 0.009857227797
63.15 63.1 63.2 0.01261050571
63.25 63.2 63.3 0.009946800467
63.35 63.3 63.4 0.01011720769
63.45 63.4 63.5 0.01064815964
63.55 63.5 63.6 0.01156424483
63.65 63.6 63.7 0.01162164671
63.75 63.7 63.8 0.008493384831
63.85 63.8 63.9 0.004010224524
63.95 63.9 64 0.007918453536
64.05 64 64.1 0.006604060109
64.15 64.1 64.2 0.008663882499
64.25 64.2 64.3 0.007208777168
64.35 64.3 64.4 0.00644788377
64.45 64.4 64.5 0.007620933711
64.55 64.5 64.6 0.009474267658
64.65 64.6 64.7 0.0083426945
64.75 64.7 64.8 0.008206652572
64.85 64.8 64.9 0.007106792565
64.95 64.9 65 0.007501233791
65.05 65 65.1 0.005185138131
65.15 65.1 65.2 0.006656981206
65.25 65.2 65.3 0.008070929906
65.35 65.3 65.4 0.007329592618
65.45 65.4 65.5 0.005721858632
65.55 65.5 65.6 0.005353046848
65.65 65.6 65.7 0.008808897933
65.75 65.7 65.8 0.009657500251
65.85 65.8 65.9 0.008135337954
65.95 65.9 66 0.007728721925
66.05 66 66.1 0.007454619057
66.15 66.1 66.2 0.006034278009
66.25 66.2 66.3 0.009567787312
66.35 66.3 66.4 0.003572217154
66.45 66.4 66.5 0.009206378596
66.55 66.5 66.6 0.008189501324
66.65 66.6 66.7 0.006560437487
66.75 66.7 66.8 0.007222499642
66.85 66.8 66.9 0.003231483688
66.95 66.9 67 0.007128230391
67.05 67 67.1 0.005811100172
67.15 67.1 67.2 0.009506493026
67.25 67.2 67.3 0.005638049749
67.35 67.3 67.4 0.00699940859
67.45 67.4 67.5 0.006060973831
67.55 67.5 67.6 0.006108380768
67.65 67.6 67.7 0.006218278874
67.75 67.7 67.8 0.00670368441
67.85 67.8 67.9 0.008986524533
67.95 67.9 68 0.004630561039
68.05 68 68.1 0.008808818711
68.15 68.1 68.2 0.008933092455
68.25 68.2 68.3 0.004555520099
68.35 68.3 68.4 0.00792426897
68.45 68.4 68.5 0.007483680757
68.55 68.5 68.6 0.006827250219
68.65 68.6 68.7 0.005090032988
68.75 68.7 68.8 0.007226156358
68.85 68.8 68.9 0.00582280645
68.95 68.9 69 0.006942517198
69.05 69 69.1 0.004835000482
69.15 69.1 69.2 0.007407773987
69.25 69.2 69.3 0.008243988178
69.35 69.3 69.4 0.007037311389
69.45 69.4 69.5 0.008996790722
69.55 69.5 69.6 0.003921044841
69.65 69.6 69.7 0.009302833752
69.75 69.7 69.8 0.008380859531
69.85 69.8 69.9 0.003146440318
69.95 69.9 70 0.00534587672
70.05 70 70.1 0.009716184988
70.15 70.1 70.2 0.005959241266
70.25 70.2 70.3 0.004276785894
70.35 70.3 70.4 0.007448201108
70.45 70.4 70.5 0.004812891552
70.55 70.5 70.6 0.00685930816
70.65 70.6 70.7 0.005897935946
70.75 70.7 70.8 0.003306927613
70.85 70.8 70.9 0.00443110232
70.95 70.9 71 0.007979345416
71.05 71 71.1 0.006870529467
71.15 71.1 71.2 0.003374029169
71.25 71.2 71.3 0.006659567141
71.35 71.3 71.4 0.0038909393
71.45 71.4 71.5 0.007484605501
71.55 71.5 71.6 0.008382144105
71.65 71.6 71.7 0.005933297113
71.75 71.7 71.8 0.005767079962
71.85 71.8 71.9 0.00484204477
71.95 71.9 72 0.007738703955
72.05 72 72.1 0.004823828705
72.15 72.1 72.2 0.002655292344
72.25 72.2 72.3 0.003059327982
72.35 72.3 72.4 0.006835470364
72.45 72.4 72.5 0.008073487087
72.55 72.5 72.6 0.006772514715
72.65 72.6 72.7 0.005770121742
72.75 72.7 72.8 0.004122085702
72.85 72.8 72.9 0.004908052099
72.95 72.9 73 0.002532825367
73.05 73 73.1 0.004778663965
73.15 73.1 73.2 0.003490780841
73.25 73.2 73.3 0.004673638735
73.35 73.3 73.4 0.002401360732
73.45 73.4 73.5 0.002011038965
73.55 73.5 73.6 0.00258408411
73.65 73.6 73.7 0.003324859772
73.75 73.7 73.8 0.003771583591
73.85 73.8 73.9 0.004292285932
73.95 73.9 74 0.004070257406
74.05 74 74.1 0.006534044194
74.15 74.1 74.2 0.004681320328
74.25 74.2 74.3 0.006171186248
74.35 74.3 74.4 0.003303246758
74.45 74.4 74.5 0.005978026726
74.55 74.5 74.6 0.005891586892
74.65 74.6 74.7 0.005209988766
74.75 74.7 74.8 0.00367176333
74.85 74.8 74.9 0.001637033424
74.95 74.9 75 0.00764682932
75.05 75 75.1 0.002146723503
75.15 75.1 75.2 0.002323864221
75.25 75.2 75.3 0.003927944874
75.35 75.3 75.4 0.0004287548342
75.45 75.4 75.5 0.005945642888
75.55 75.5 75.6 0.0039227699
75.65 75.6 75.7 0.0036881395
75.75 75.7 75.8 0.005306806024
75.85 75.8 75.9 0.007137946835
75.95 75.9 76 0.004087470106
76.05 76 76.1 0.004646601367
76.15 76.1 76.2 0.004376821015
76.25 76.2 76.3 0.007108493922
76.35 76.3 76.4 0.004394341214
76.45 76.4 76.5 0.00621661797
76.55 76.5 76.6 0.003737366317
76.65 76.6 76.7 0.005610531116
76.75 76.7 76.8 0.006488189413
76.85 76.8 76.9 0.001407754355
76.95 76.9 77 0.003883954356
77.05 77 77.1 0.006536289821
77.15 77.1 77.2 0.005824286035
77.25 77.2 77.3 0.003460733586
77.35 77.3 77.4 0.006129327911
77.45 77.4 77.5 0.001739308325
77.55 77.5 77.6 0.001839106993
77.65 77.6 77.7 0.001856952279
77.75 77.7 77.8 0.004650642775
77.85 77.8 77.9 0.004436263794
77.95 77.9 78 0.001010595195
78.05 78 78.1 0.004166313533
78.15 78.1 78.2 0.004713493494
78.25 78.2 78.3 -0.001840749895
78.35 78.3 78.4 0.006218529898
78.45 78.4 78.5 0.00195753281
78.55 78.5 78.6 0.005498735514
78.65 78.6 78.7 0.003788132223
78.75 78.7 78.8 0.00268824187
78.85 78.8 78.9 0.006490347781
78.95 78.9 79 0.0005649395554
79.05 79 79.1 0.003877920538
79.15 79.1 79.2 0.003349744112
79.25 79.2 79.3 0.003325191066
79.35 79.3 79.4 0.00317366258
79.45 79.4 79.5 0.003738761161
79.55 79.5 79.6 0.006700680297
79.65 79.6 79.7 0.004237626984
79.75 79.7 79.8 0.002905351631
79.85 79.8 79.9 0.003576757156
79.95 79.9 80 0.003221090559
80.05 80 80.1 0.004936826523
80.15 80.1 80.2 0.005508692911
80.25 80.2 80.3 0.007604287767
80.35 80.3 80.4 0.007255922973
80.45 80.4 80.5 0.003129411586
80.55 80.5 80.6 0.004148525262
80.65 80.6 80.7 0.0005032041981
80.75 80.7 80.8 0.002476949113
80.85 80.8 80.9 0.00316252403
80.95 80.9 81 0.0009080354113
81.05 81 81.1 0.002817853106
81.15 81.1 81.2 0.00374586322
81.25 81.2 81.3 0.002363869465
81.35 81.3 81.4 0.004538839493
81.45 81.4 81.5 0.002474087817
81.55 81.5 81.6 0.004548284602
81.65 81.6 81.7 0.003990089318
81.75 81.7 81.8 0.004817121153
81.85 81.8 81.9 0.004343018719
81.95 81.9 82 0.003460606989
82.05 82 82.1 0.002443141758
82.15 82.1 82.2 0.002556356687
82.25 82.2 82.3 0.001962302067
82.35 82.3 82.4 0.0020557956
82.45 82.4 82.5 0.003886653391
82.55 82.5 82.6 0.00258982749
82.65 82.6 82.7 0.003719421636
82.75 82.7 82.8 0.002695995557
82.85 82.8 82.9 0.001194331129
82.95 82.9 83 0.00151106413
83.05 83 83.1 0.0004306550306
83.15 83.1 83.2 0.003283999843
83.25 83.2 83.3 0.002492249846
83.35 83.3 83.4 0.006257111464
83.45 83.4 83.5 0.003002549343
83.55 83.5 83.6 0.004326843972
83.65 83.6 83.7 0.005791622869
83.75 83.7 83.8 0.003935958548
83.85 83.8 83.9 0.002044203076
83.95 83.9 84 0.005293594877
84.05 84 84.1 0.002976365468
84.15 84.1 84.2 0.0006265635366
84.25 84.2 84.3 0.002351004571
84.35 84.3 84.4 0.004634929003
84.45 84.4 84.5 0.00528826582
84.55 84.5 84.6 0.003560532191
84.65 84.6 84.7 0.0006719986193
84.75 84.7 84.8 0.004174798386
84.85 84.8 84.9 0.003457187303
84.95 84.9 85 0.004063608542
85.05 85 85.1 0.0005462429187
85.15 85.1 85.2 0.003910638749
85.25 85.2 85.3 0.001603712269
85.35 85.3 85.4 0.003823352614
85.45 85.4 85.5 0.002733970523
85.55 85.5 85.6 0.004792241611
85.65 85.6 85.7 0.002595636082
85.75 85.7 85.8 0.002479996315
85.85 85.8 85.9 0.003282375517
85.95 85.9 86 0.002245471058
86.05 86 86.1 0.007726176277
86.15 86.1 86.2 0.004401127457
86.25 86.2 86.3 0.004829615044
86.35 86.3 86.4 0.001467648135
86.45 86.4 86.5 0.007601016416
86.55 86.5 86.6 0.0005334259449
86.65 86.6 86.7 0.00324086955
86.75 86.7 86.8 0.004921911108
86.85 86.8 86.9 0.009177036087
86.95 86.9 87 0.006166785851
87.05 87 87.1 0.005960098455
87.15 87.1 87.2 0.004865776011
87.25 87.2 87.3 0.004419137136
87.35 87.3 87.4 0.001813227532
87.45 87.4 87.5 0.004091501712
87.55 87.5 87.6 0.006176766501
87.65 87.6 87.7 0.003971739648
87.75 87.7 87.8 0.00366029917
87.85 87.8 87.9 0.00619535978
87.95 87.9 88 0.003613285106
88.05 88 88.1 0.002826589893
88.15 88.1 88.2 0.007568198364
88.25 88.2 88.3 0.004257308668
88.35 88.3 88.4 0.002132381538
88.45 88.4 88.5 0.004111886279
88.55 88.5 88.6 0.003166507956
88.65 88.6 88.7 0.00493688597
88.75 88.7 88.8 0.002600481529
88.85 88.8 88.9 0.005275649363
88.95 88.9 89 0.004074113205
89.05 89 89.1 0.004940538896
89.15 89.1 89.2 0.002551313983
89.25 89.2 89.3 0.002356205668
89.35 89.3 89.4 0.004076498292
89.45 89.4 89.5 0.007165811466
89.55 89.5 89.6 0.002840850626
89.65 89.6 89.7 0.006713519265
89.75 89.7 89.8 0.001792356442
89.85 89.8 89.9 0.003282962204
89.95 89.9 90 0.004220269001
90.05 90 90.1 0.002045520375
90.15 90.1 90.2 0.002740617555
90.25 90.2 90.3 0.001511593518
90.35 90.3 90.4 0.002480801851
90.45 90.4 90.5 0.00364815527
90.55 90.5 90.6 0.003924300429
90.65 90.6 90.7 0.001851892193
90.75 90.7 90.8 0.004216461217
90.85 90.8 90.9 0.004275079486
90.95 90.9 91 0.003097500353
91.05 91 91.1 0.003020014992
91.15 91.1 91.2 0.005102752329
91.25 91.2 91.3 0.003992338418
91.35 91.3 91.4 0.004363468579
91.45 91.4 91.5 0.004296707894
91.55 91.5 91.6 0.003085559267
91.65 91.6 91.7 0.002263550532
91.75 91.7 91.8 0.00328536634
91.85 91.8 91.9 0.004662648309
91.95 91.9 92 0.001301063157
92.05 92 92.1 0.002672693455
92.15 92.1 92.2 0.005695015887
92.25 92.2 92.3 0.003052516518
92.35 92.3 92.4 0.006014816346
92.45 92.4 92.5 0.002788579929
92.55 92.5 92.6 0.003661785557
92.65 92.6 92.7 0.003639755161
92.75 92.7 92.8 0.003349968972
92.85 92.8 92.9 0.002476351477
92.95 92.9 93 0.004837620869
93.05 93 93.1 0.002520238706
93.15 93.1 93.2 0.005461962834
93.25 93.2 93.3 0.004572526554
93.35 93.3 93.4 0.004252608519
93.45 93.4 93.5 0.004965212078
93.55 93.5 93.6 0.003774080505
93.65 93.6 93.7 0.004805702343
93.75 93.7 93.8 0.002254429383
93.85 93.8 93.9 0.00637561139
93.95 93.9 94 0.002426246305
94.05 94 94.1 0.004904924542
94.15 94.1 94.2 0.005604533962
94.25 94.2 94.3 0.001720352439
94.35 94.3 94.4 0.00547652623
94.45 94.4 94.5 0.004279515179
94.55 94.5 94.6 0.003226439688
94.65 94.6 94.7 0.004734525698
94.75 94.7 94.8 0.004228108299
94.85 94.8 94.9 0.003808650721
94.95 94.9 95 0.005762248158
95.05 95 95.1 0.004324191458
95.15 95.1 95.2 0.004960084981
95.25 95.2 95.3 0.004383931099
95.35 95.3 95.4 0.003717142369
95.45 95.4 95.5 0.006048380839
95.55 95.5 95.6 0.003673186183
95.65 95.6 95.7 0.005445669412
95.75 95.7 95.8 0.004989051155
95.85 95.8 95.9 0.00489385206
95.95 95.9 96 0.003468909037
96.05 96 96.1 0.005277128989
96.15 96.1 96.2 0.001854443243
96.25 96.2 96.3 0.002143328318
96.35 96.3 96.4 0.005729730427
96.45 96.4 96.5 0.003345241403
96.55 96.5 96.6 0.002799993247
96.65 96.6 96.7 0.004342775302
96.75 96.7 96.8 0.003875540533
96.85 96.8 96.9 0.00497783334
96.95 96.9 97 0.004161793653
97.05 97 97.1 0.003490950425
97.15 97.1 97.2 0.001229751933
97.25 97.2 97.3 0.00605132273
97.35 97.3 97.4 0.002916327154
97.45 97.4 97.5 0.004910774064
97.55 97.5 97.6 0.00399630275
97.65 97.6 97.7 0.003587405881
97.75 97.7 97.8 0.003345299972
97.85 97.8 97.9 0.004937429281
97.95 97.9 98 0.001342847552
98.05 98 98.1 0.004509653094
98.15 98.1 98.2 0.00427989555
98.25 98.2 98.3 0.003473066553
98.35 98.3 98.4 0.003478970752
98.45 98.4 98.5 0.002655536865
98.55 98.5 98.6 0.007039885673
98.65 98.6 98.7 0.005112871865
98.75 98.7 98.8 0.005287313709
98.85 98.8 98.9 0.004325468429
98.95 98.9 99 0.003436735377
99.05 99 99.1 0.003902448916
99.15 99.1 99.2 0.002367603165
99.25 99.2 99.3 0.004089566464
99.35 99.3 99.4 0.003238168392
99.45 99.4 99.5 0.004572394415
99.55 99.5 99.6 0.003082082987
99.65 99.6 99.7 0.004752468671
99.75 99.7 99.8 0.005285963131
99.85 99.8 99.9 0.005372780531
99.95 99.9 100 0.002110373748
100.05 100 100.1 0.005662452277
100.15 100.1 100.2 0.005219188354
100.25 100.2 100.3 0.003099390539
100.35 100.3 100.4 0.004417308047
100.45 100.4 100.5 0.002317629748
100.55 100.5 100.6 0.006245095626
100.65 100.6 100.7 0.003644270423
100.75 100.7 100.8 0.004000684017
100.85 100.8 100.9 0.003863739408
100.95 100.9 101 0.002182120767
101.05 101 101.1 0.004426731574
101.15 101.1 101.2 0.004008630202
101.25 101.2 101.3 0.005568371964
101.35 101.3 101.4 0.003352270125
101.45 101.4 101.5 0.004262867881
101.55 101.5 101.6 0.004545655229
101.65 101.6 101.7 0.00439112246
101.75 101.7 101.8 0.005368416679
101.85 101.8 101.9 0.003030046643
101.95 101.9 102 0.002546463147
102.05 102 102.1 0.00551233579
102.15 102.1 102.2 0.004830277866
102.25 102.2 102.3 0.003480594028
102.35 102.3 102.4 0.003424359144
102.45 102.4 102.5 0.006316359163
102.55 102.5 102.6 0.00439925454
102.65 102.6 102.7 0.004387211796
102.75 102.7 102.8 0.004049797253
102.85 102.8 102.9 0.006151230516
102.95 102.9 103 0.004588180207
103.05 103 103.1 0.002650591676
103.15 103.1 103.2 0.003640891234
103.25 103.2 103.3 0.005270564985
103.35 103.3 103.4 0.00540850198
103.45 103.4 103.5 0.004475112378
103.55 103.5 103.6 -0.0004904248026
103.65 103.6 103.7 0.006451301123
103.75 103.7 103.8 0.003737611152
103.85 103.8 103.9 0.00429633039
103.95 103.9 104 0.003510712871
104.05 104 104.1 0.003222056811
104.15 104.1 104.2 0.002950334653
104.25 104.2 104.3 0.00335329342
104.35 104.3 104.4 0.005144964498
104.45 104.4 104.5 0.004360945121
104.55 104.5 104.6 0.002447214263
104.65 104.6 104.7 0.004590571287
104.75 104.7 104.8 0.001795912763
104.85 104.8 104.9 0.004239753209
104.95 104.9 105 0.005723046458
105.05 105 105.1 0.005851815471
105.15 105.1 105.2 -2.730687172e-05
105.25 105.2 105.3 0.003987702641
105.35 105.3 105.4 0.001442774176
105.45 105.4 105.5 0.004797202842
105.55 105.5 105.6 0.004169529506
105.65 105.6 105.7 0.0008082765271
105.75 105.7 105.8 0.003208156272
105.85 105.8 105.9 0.003454855627
105.95 105.9 106 0.003631904372
106.05 106 106.1 0.001892268316
106.15 106.1 106.2 0.003131029293
106.25 106.2 106.3 0.003001766662
106.35 106.3 106.4 0.003666095588
106.45 106.4 106.5 0.00322546649
106.55 106.5 106.6 0.003556621156
106.65 106.6 106.7 0.004335919539
106.75 106.7 106.8 0.001116792784
106.85 106.8 106.9 0.002037884295
106.95 106.9 107 0.002341890245
107.05 107 107.1 0.002464947916
107.15 107.1 107.2 0.003948831206
107.25 107.2 107.3 0.00435438923
107.35 107.3 107.4 0.002278125708
107.45 107.4 107.5 0.001664815681
107.55 107.5 107.6 0.002707816179
107.65 107.6 107.7 0.00217667499
107.75 107.7 107.8 0.003120074866
107.85 107.8 107.9 0.002191114616
107.95 107.9 108 0.003552225099
108.05 108 108.1 0.005958638149
108.15 108.1 108.2 0.001774041075
108.25 108.2 108.3 0.002323496364
108.35 108.3 108.4 0.002735678603
108.45 108.4 108.5 0.002070389361
108.55 108.5 108.6 0.001286376095
108.65 108.6 108.7 0.002513941076
108.75 108.7 108.8 0.001612829647
108.85 108.8 108.9 0.0006547760817
108.95 108.9 109 0.0005706389606
109.05 109 109.1 0.002793046066
109.15 109.1 109.2 0.001559871416
109.25 109.2 109.3 0.001557859063
109.35 109.3 109.4 0.003000207355
109.45 109.4 109.5 0.0001391577346
109.55 109.5 109.6 0.005487922889
109.65 109.6 109.7 0.003713086077
109.75 109.7 109.8 0.002025637545
109.85 109.8 109.9 0.001707418937
109.95 109.9 110 0.002667324039
110.05 110 110.1 0.001834693062
110.15 110.1 110.2 0.002580131874
110.25 110.2 110.3 0.003126489089
110.35 110.3 110.4 0.002531137696
110.45 110.4 110.5 0.003971967795
110.55 110.5 110.6 0.003108862844
110.65 110.6 110.7 0.006156944823
110.75 110.7 110.8 0.001907265569
110.85 110.8 110.9 0.002870142734
110.95 110.9 111 0.001762187829
111.05 111 111.1 0.004051555053
111.15 111.1 111.2 0.002780413894
111.25 111.2 111.3 0.004326077989
111.35 111.3 111.4 0.005073978693
111.45 111.4 111.5 0.002003049876
111.55 111.5 111.6 0.00197528665
111.65 111.6 111.7 0.004034790496
111.75 111.7 111.8 -0.0008013931633
111.85 111.8 111.9 0.001352880927
111.95 111.9 112 0.004610508994
112.05 112 112.1 0.002918654404
112.15 112.1 112.2 0.001581540378
112.25 112.2 112.3 0.004411728804
112.35 112.3 112.4 0.00112782678
112.45 112.4 112.5 0.0009396918884
112.55 112.5 112.6 0.002549861619
112.65 112.6 112.7 0.003377302081
112.75 112.7 112.8 0.001388874958
112.85 112.8 112.9 0.001530615338
112.95 112.9 113 -1.69934149e-05
113.05 113 113.1 0.003265092578
113.15 113.1 113.2 0.002477212962
113.25 113.2 113.3 0.0002280185351
113.35 113.3 113.4 0.001684544471
113.45 113.4 113.5 0.001220711438
113.55 113.5 113.6 0.003322291377
113.65 113.6 113.7 0.001667434487
113.75 113.7 113.8 0.001880094506
113.85 113.8 113.9 0.000419137344
113.95 113.9 114 0.001207619105
114.05 114 114.1 0.003489832132
114.15 114.1 114.2 0.002310687435
114.25 114.2 114.3 0.001636523429
114.35 114.3 114.4 0.002084271746
114.45 114.4 114.5 0.0009959640195
114.55 114.5 114.6 0.00146027637
114.65 114.6 114.7 0.0004158159107
114.75 114.7 114.8 0.002198115078
114.85 114.8 114.9 0.001117248253
114.95 114.9 115 0.0006143236376
115.05 115 115.1 0.00273349402
115.15 115.1 115.2 0.00289380708
115.25 115.2 115.3 0.001125971953
115.35 115.3 115.4 0.001176018292
115.45 115.4 115.5 0.001169908305
115.55 115.5 115.6 0.002072307496
115.65 115.6 115.7 0.002791057857
115.75 115.7 115.8 0.002207673178
115.85 115.8 115.9 0.001302818633
115.95 115.9 116 0.0007685644366
116.05 116 116.1 0.002609360861
116.15 116.1 116.2 0.003063551495
116.25 116.2 116.3 0.0009244429512
116.35 116.3 116.4 0.00321899697
116.45 116.4 116.5 0.0005490876073
116.55 116.5 116.6 0.0006624862142
116.65 116.6 116.7 0.002024330128
116.75 116.7 116.8 0.00314147517
116.85 116.8 116.9 0.001239687129
116.95 116.9 117 0.0009555519399
117.05 117 117.1 -0.0003659801317
117.15 117.1 117.2 -0.000481593654
117.25 117.2 117.3 0.002307180587
117.35 117.3 117.4 7.279784565e-08
117.45 117.4 117.5 0.002787616771
117.55 117.5 117.6 0.000663687082
117.65 117.6 117.7 0.0004312075123
117.75 117.7 117.8 -4.869084574e-06
117.85 117.8 117.9 -0.0009571436443
117.95 117.9 118 0.0003499165113
118.05 118 118.1 0.0003167450095
118.15 118.1 118.2 0.0005933201817
118.25 118.2 118.3 0.000834574905
118.35 118.3 118.4 0.001889552315
118.45 118.4 118.5 0.001511211457
118.55 118.5 118.6 0.001140010269
118.65 118.6 118.7 0.002234343054
118.75 118.7 118.8 0.002563911282
118.85 118.8 118.9 0.001034883566
118.95 118.9 119 0.001699335265
119.05 119 119.1 0.001842587985
119.15 119.1 119.2 0.001329169246
119.25 119.2 119.3 -0.0004734259436
119.35 119.3 119.4 0.001672273941
119.45 119.4 119.5 0.0011820639
119.55 119.5 119.6 -0.0001023512221
119.65 119.6 119.7 -0.000251873563
119.75 119.7 119.8 -0.0001208931122
119.85 119.8 119.9 0.00271048945
119.95 119.9 120 -0.001763017631
120.05 120 120.1 -0.0008022223426
120.15 120.1 120.2 -0.0001639481875
120.25 120.2 120.3 -8.299400353e-05
120.35 120.3 120.4 0.001932110885
120.45 120.4 120.5 0.0008186160787
120.55 120.5 120.6 0.001204097932
120.65 120.6 120.7 -0.0003407003438
120.75 120.7 120.8 0.001577268792
120.85 120.8 120.9 0.002305196394
120.95 120.9 121 0.001057540109
121.05 121 121.1 -0.0005362412825
121.15 121.1 121.2 -0.0007472035696
121.25 121.2 121.3 0.0005147873237
121.35 121.3 121.4 0.0009029379982
121.45 121.4 121.5 0.0003298991299
121.55 121.5 121.6 0.0002831341992
121.65 121.6 121.7 0.001519305169
121.75 121.7 121.8 0.001574069046
121.85 121.8 121.9 0.001001753238
121.95 121.9 122 0.001159090606
122.05 122 122.1 -0.0004957844708
122.15 122.1 122.2 0.0002991661159
122.25 122.2 122.3 -0.0003685376892
122.35 122.3 122.4 -0.002242495412
122.45 122.4 122.5 0.001294031031
122.55 122.5 122.6 -0.0004440974236
122.65 122.6 122.7 0.002759003373
122.75 122.7 122.8 0.001596208726
122.85 122.8 122.9 0.000410726797
122.95 122.9 123 -0.001631186837
123.05 123 123.1 0.001552099238
123.15 123.1 123.2 2.714231487e-05
123.25 123.2 123.3 0.001243104592
123.35 123.3 123.4 -0.001328324338
123.45 123.4 123.5 0.0008327899353
123.55 123.5 123.6 -0.001342042988
123.65 123.6 123.7 -0.0003915990395
123.75 123.7 123.8 -4.971085866e-05
123.85 123.8 123.9 -0.001865836011
123.95 123.9 124 -0.0005779657922
124.05 124 124.1 -0.0007818936837
124.15 124.1 124.2 -0.0009299298285
124.25 124.2 124.3 0.0002294640124
124.35 124.3 124.4 0.000164608151
124.45 124.4 124.5 -0.000120747146
124.55 124.5 124.6 0.0005701404754
124.65 124.6 124.7 0.001197999083
124.75 124.7 124.8 -0.0007005008071
124.85 124.8 124.9 0.0001315819028
124.95 124.9 125 0.001203447627
125.05 125 125.1 0.001472130048
125.15 125.1 125.2 0.0003219470628
125.25 125.2 125.3 0.0003796127401
125.35 125.3 125.4 0.002899680595
125.45 125.4 125.5 -0.0007654705302
125.55 125.5 125.6 0.001183385868
125.65 125.6 125.7 -0.001070218144
125.75 125.7 125.8 -0.002440652466
125.85 125.8 125.9 0.001509390313
125.95 125.9 126 0.0004880911089
126.05 126 126.1 0.0006993961
126.15 126.1 126.2 0.001064839275
126.25 126.2 126.3 -0.001497173345
126.35 126.3 126.4 -3.654278271e-05
126.45 126.4 126.5 -0.0007321332622
126.55 126.5 126.6 0.0002623237666
126.65 126.6 126.7 -0.0009244083456
126.75 126.7 126.8 -0.0001204902521
126.85 126.8 126.9 -0.001004842661
126.95 126.9 127 -0.001539868911
127.05 127 127.1 0.001099220727
127.15 127.1 127.2 0.0006465033337
127.25 127.2 127.3 -0.0006412041662
127.35 127.3 127.4 0.0003613728371
127.45 127.4 127.5 -0.0006148216244
127.55 127.5 127.6 -0.0009955112184
127.65 127.6 127.7 0.0005621780683
127.75 127.7 127.8 -0.0004299847016
127.85 127.8 127.9 -0.001076376112
127.95 127.9 128 0.001887199247
128.05 128 128.1 0.0003540019159
128.15 128.1 128.2 -0.0003324523656
128.25 128.2 128.3 -0.002151865248
128.35 128.3 128.4 -0.0004750916964
128.45 128.4 128.5 0.0004517210883
128.55 128.5 128.6 0.001248454672
128.65 128.6 128.7 0.0019808284
128.75 128.7 128.8 -0.000829428036
128.85 128.8 128.9 -0.001009488363
128.95 128.9 129 -0.0002209736211
129.05 129 129.1 2.05217314e-05
129.15 129.1 129.2 -0.0002605579273
129.25 129.2 129.3 -0.001069856189
129.35 129.3 129.4 0.0008040273004
129.45 129.4 129.5 -0.001375124598
129.55 129.5 129.6 0.000205769215
129.65 129.6 129.7 1.120272429e-05
129.75 129.7 129.8 0.0004145742
129.85 129.8 129.9 0.0005902314483
129.95 129.9 130 -0.001226869961
130.05 130 130.1 -0.001229139489
130.15 130.1 130.2 -0.0008780205412
130.25 130.2 130.3 0.002581167938
130.35 130.3 130.4 -2.46445911e-06
130.45 130.4 130.5 -0.001214726639
130.55 130.5 130.6 -0.0003594959602
130.65 130.6 130.7 -0.001890079024
130.75 130.7 130.8 0.0007345203241
130.85 130.8 130.9 0.0006133053598
130.95 130.9 131 6.218129659e-05
131.05 131 131.1 -0.001103087343
131.15 131.1 131.2 -0.000276245144
131.25 131.2 131.3 0.0004615776985
131.35 131.3 131.4 -0.001919685149
131.45 131.4 131.5 -0.000610287027
131.55 131.5 131.6 -0.0008143179311
131.65 131.6 131.7 -0.0004804412421
131.75 131.7 131.8 -0.0003575786765
131.85 131.8 131.9 -0.002437575737
131.95 131.9 132 -0.0006721919326
132.05 132 132.1 -0.0001063658161
132.15 132.1 132.2 0.0009596488997
132.25 132.2 132.3 0.0008303225963
132.35 132.3 132.4 -0.0007653693283
132.45 132.4 132.5 -0.002007601076
132.55 132.5 132.6 -0.0008746676621
132.65 132.6 132.7 -0.001050737881
132.75 132.7 132.8 -0.002146562591
132.85 132.8 132.9 0.0005045359182
132.95 132.9 133 0.002589865079
133.05 133 133.1 -1.826672074e-05
133.15 133.1 133.2 0.0002476235227
133.25 133.2 133.3 0.0003973881493
133.35 133.3 133.4 -0.0003143918608
133.45 133.4 133.5 -0.0003927612072
133.55 133.5 133.6 -0.0002131687739
133.65 133.6 133.7 -0.000698591842
133.75 133.7 133.8 -0.0009298093997
133.85 133.8 133.9 -6.814035852e-05
133.95 133.9 134 0.0004153361326
134.05 134 134.1 0.0001493952539
134.15 134.1 134.2 -8.873382887e-05
134.25 134.2 134.3 0.0005932862111
134.35 134.3 134.4 0.001361888025
134.45 134.4 134.5 0.001352945732
134.55 134.5 134.6 0.000958261576
134.65 134.6 134.7 0.0001570777263
134.75 134.7 134.8 0.001540979365
134.85 134.8 134.9 -0.002964111326
134.95 134.9 135 -0.002199209222
135.05 135 135.1 0.0007431624112
135.15 135.1 135.2 -0.0002593017297
135.25 135.2 135.3 -0.001042821849
135.35 135.3 135.4 -0.002745378066
135.45 135.4 135.5 -0.002169088876
135.55 135.5 135.6 -0.0004366435286
135.65 135.6 135.7 0.001355341045
135.75 135.7 135.8 0.000328169196
135.85 135.8 135.9 -0.0003115456371
135.95 135.9 136 -0.001641851342
136.05 136 136.1 -0.001399087746
136.15 136.1 136.2 0.0003757781084
136.25 136.2 136.3 0.0009798165766
136.35 136.3 136.4 -0.0002226982139
136.45 136.4 136.5 0.0001753224128
136.55 136.5 136.6 0.0006257051239
136.65 136.6 136.7 -4.133492095e-05
136.75 136.7 136.8 -0.001734951239
136.85 136.8 136.9 8.178198222e-05
136.95 136.9 137 -0.001158951354
137.05 137 137.1 -0.001536392455
137.15 137.1 137.2 0.0006440222044
137.25 137.2 137.3 0.000292239361
137.35 137.3 137.4 0.0007937762234
137.45 137.4 137.5 -0.001259953363
137.55 137.5 137.6 0.0001940536716
137.65 137.6 137.7 -0.0006580446448
137.75 137.7 137.8 0.001048328768
137.85 137.8 137.9 0.0003788521783
137.95 137.9 138 0.0006286807073
138.05 138 138.1 -0.00203984417
138.15 138.1 138.2 0.0003675758083
138.25 138.2 138.3 -0.001018971862
138.35 138.3 138.4 -0.0008168491223
138.45 138.4 138.5 -0.001597399524
138.55 138.5 138.6 0.0008773765549
138.65 138.6 138.7 0.001032835213
138.75 138.7 138.8 -0.001138152853
138.85 138.8 138.9 0.0002187286201
138.95 138.9 139 0.0002871835148
139.05 139 139.1 -0.0002422797542
139.15 139.1 139.2 -0.000601382419
139.25 139.2 139.3 -0.0004395591883
139.35 139.3 139.4 0.0001861668162
139.45 139.4 139.5 -0.0002598379987
139.55 139.5 139.6 0.000690091247
139.65 139.6 139.7 -0.002290228814
139.75 139.7 139.8 0.001110490646
139.85 139.8 139.9 -0.0004024066438
139.95 139.9 140 3.088307291e-05
140.05 140 140.1 0.0007004029251
140.15 140.1 140.2 0.0002963505559
140.25 140.2 140.3 -0.001944809513
140.35 140.3 140.4 -2.612226039e-05
140.45 140.4 140.5 0.001292563019
140.55 140.5 140.6 -0.001062922905
140.65 140.6 140.7 0.0001325387169
140.75 140.7 140.8 -0.0003014587804
140.85 140.8 140.9 0.001470426402
140.95 140.9 141 -0.000901367094
141.05 141 141.1 0.000535012714
141.15 141.1 141.2 -0.001449313059
141.25 141.2 141.3 -0.0009087726526
141.35 141.3 141.4 -0.002110219959
141.45 141.4 141.5 -0.002307687054
141.55 141.5 141.6 -0.003219540597
141.65 141.6 141.7 0.001120279502
141.75 141.7 141.8 9.175489949e-05
141.85 141.8 141.9 -0.00142218011
141.95 141.9 142 0.0004932845417
142.05 142 142.1 -0.001977228444
142.15 142.1 142.2 0.0006902587823
142.25 142.2 142.3 -0.001155677344
142.35 142.3 142.4 -0.0004518517262
142.45 142.4 142.5 -0.0005759298832
142.55 142.5 142.6 0.0001882027171
142.65 142.6 142.7 0.0003443698072
142.75 142.7 142.8 -0.0004968291332
142.85 142.8 142.9 -0.00158806753
142.95 142.9 143 -7.731058185e-06
143.05 143 143.1 0.0001915494835
143.15 143.1 143.2 -0.001123886382
143.25 143.2 143.3 0.0006380849085
143.35 143.3 143.4 0.0001898299342
143.45 143.4 143.5 -0.001336266108
143.55 143.5 143.6 -0.0006342311822
143.65 143.6 143.7 -0.00152009003
143.75 143.7 143.8 -0.0007920686517
143.85 143.8 143.9 -0.001958022496
143.95 143.9 144 0.0008817054502
144.05 144 144.1 -0.0007120979923
144.15 144.1 144.2 -0.001573758339
144.25 144.2 144.3 0.00125775876
144.35 144.3 144.4 -0.002089712032
144.45 144.4 144.5 2.63567054e-05
144.55 144.5 144.6 -0.0003834827068
144.65 144.6 144.7 -0.0009714336094
144.75 144.7 144.8 -0.0005091065421
144.85 144.8 144.9 0.001714813076
144.95 144.9 145 -0.001196368159
145.05 145 145.1 0.00125349837
145.15 145.1 145.2 0.0004347309914
145.25 145.2 145.3 0.0001431968183
145.35 145.3 145.4 -0.000407213305
145.45 145.4 145.5 -0.001243331147
145.55 145.5 145.6 0.0001548972428
145.65 145.6 145.7 -0.001754525248
145.75 145.7 145.8 -0.0003003295394
145.85 145.8 145.9 -0.0003877785176
145.95 145.9 146 -0.0008267127754
146.05 146 146.1 -0.0008225218984
146.15 146.1 146.2 -0.001270724843
146.25 146.2 146.3 -0.001857241901
146.35 146.3 146.4 -7.75420738e-05
146.45 146.4 146.5 0.0009353269929
146.55 146.5 146.6 0.001310092548
146.65 146.6 146.7 0.0005634253235
146.75 146.7 146.8 0.0001514132987
146.85 146.8 146.9 -0.003085934068
146.95 146.9 147 -0.0008716259059
147.05 147 147.1 -0.001555218303
147.15 147.1 147.2 -0.002467851338
147.25 147.2 147.3 -0.001822189376
147.35 147.3 147.4 -0.001497413635
147.45 147.4 147.5 -0.001150883109
147.55 147.5 147.6 -0.0003543457289
147.65 147.6 147.7 -0.001815903722
147.75 147.7 147.8 -0.001780724056
147.85 147.8 147.9 -0.0009336067238
147.95 147.9 148 -0.001089464435
148.05 148 148.1 -0.0009433955181
148.15 148.1 148.2 -0.001007014877
148.25 148.2 148.3 -0.0005331604413
148.35 148.3 148.4 -0.001729297232
148.45 148.4 148.5 -0.0009310482768
148.55 148.5 148.6 0.0003366876367
148.65 148.6 148.7 -0.0002098211619
148.75 148.7 148.8 0.0005494276662
148.85 148.8 148.9 -0.001775039201
148.95 148.9 149 -0.001314802338
149.05 149 149.1 0.0003539065999
149.15 149.1 149.2 -0.001159924595
149.25 149.2 149.3 -0.0006000440172
149.35 149.3 149.4 -0.001561972961
149.45 149.4 149.5 -0.000834041733
149.55 149.5 149.6 -0.00056733248
149.65 149.6 149.7 -9.252916219e-05
149.75 149.7 149.8 -0.0006448745483
149.85 149.8 149.9 -0.0008815287714
149.95 149.9 150 -0.001331070795
150.05 150 150.1 -0.0005327709778
150.15 150.1 150.2 -0.001084406999
150.25 150.2 150.3 0.0005050132313
150.35 150.3 150.4 -0.0004176396373
150.45 150.4 150.5 -0.0004202081298
150.55 150.5 150.6 -0.002328767951
150.65 150.6 150.7 -0.0005861928437
150.75 150.7 150.8 -0.002975376
150.85 150.8 150.9 -0.001022053435
150.95 150.9 151 -0.0006927692691
151.05 151 151.1 -0.0006134979372
151.15 151.1 151.2 -0.001879109215
151.25 151.2 151.3 -0.0005194076684
151.35 151.3 151.4 -0.001435178079
151.45 151.4 151.5 -0.001195457931
151.55 151.5 151.6 -0.001093868438
151.65 151.6 151.7 -0.002497520793
151.75 151.7 151.8 -0.0002856290649
151.85 151.8 151.9 -0.001013476006
151.95 151.9 152 -0.000454284755
152.05 152 152.1 -0.001130727132
152.15 152.1 152.2 -0.00100001224
152.25 152.2 152.3 -0.0005649388315
152.35 152.3 152.4 -0.001175388309
152.45 152.4 152.5 0.0005091301861
152.55 152.5 152.6 -0.00175592987
152.65 152.6 152.7 -0.0003446748999
152.75 152.7 152.8 -0.0004817910992
152.85 152.8 152.9 -0.002166550905
152.95 152.9 153 -0.0002303047851
153.05 153 153.1 0.0005545951168
153.15 153.1 153.2 -0.002279063366
153.25 153.2 153.3 -1.491154237e-05
153.35 153.3 153.4 -0.0007449950198
153.45 153.4 153.5 -0.002011469726
153.55 153.5 153.6 -0.001334401811
153.65 153.6 153.7 -0.001349604165
153.75 153.7 153.8 0.0001211324048
153.85 153.8 153.9 -0.002227123947
153.95 153.9 154 -0.002418001937
154.05 154 154.1 -0.0008459289498
154.15 154.1 154.2 -0.00040354564
154.25 154.2 154.3 1.470419953e-05
154.35 154.3 154.4 -0.002016289977
154.45 154.4 154.5 0.0003100613584
154.55 154.5 154.6 -0.002287015555
154.65 154.6 154.7 -0.001527679404
154.75 154.7 154.8 -0.001061579047
154.85 154.8 154.9 -0.001070074326
154.95 154.9 155 -0.002402145884
155.05 155 155.1 -0.001030020775
155.15 155.1 155.2 0.0002887166753
155.25 155.2 155.3 -0.0007196619272
155.35 155.3 155.4 -0.000160215056
155.45 155.4 155.5 -0.002181401097
155.55 155.5 155.6 -0.001099998666
155.65 155.6 155.7 -0.001381065954
155.75 155.7 155.8 -0.0008828521083
155.85 155.8 155.9 -0.001252878965
155.95 155.9 156 0.0006327526673
156.05 156 156.1 -0.001246962432
156.15 156.1 156.2 -0.001842625544
156.25 156.2 156.3 -0.001900453241
156.35 156.3 156.4 -0.001908859388
156.45 156.4 156.5 -0.001752597548
156.55 156.5 156.6 -0.002659905057
156.65 156.6 156.7 -0.0005728282532
156.75 156.7 156.8 -0.0006819893321
156.85 156.8 156.9 -0.002305759109
156.95 156.9 157 -0.001100802275
157.05 157 157.1 -8.27074961e-05
157.15 157.1 157.2 -7.58601743e-05
157.25 157.2 157.3 -0.0007259034142
157.35 157.3 157.4 -0.0009187427926
157.45 157.4 157.5 -0.001675582037
157.55 157.5 157.6 -0.000876765121
157.65 157.6 157.7 0.0003171393244
157.75 157.7 157.8 -0.00152470312
157.85 157.8 157.9 -0.00196394721
157.95 157.9 158 0.000312505715
158.05 158 158.1 -0.002199529279
158.15 158.1 158.2 -0.0006511081672
158.25 158.2 158.3 -0.002887411973
158.35 158.3 158.4 -0.002070376709
158.45 158.4 158.5 -0.00166900136
158.55 158.5 158.6 -0.001620895696
158.65 158.6 158.7 -0.000944383084
158.75 158.7 158.8 -0.0002057457534
158.85 158.8 158.9 -0.001365268309
158.95 158.9 159 -0.0009765790686
159.05 159 159.1 -0.001789753293
159.15 159.1 159.2 -0.00151999974
159.25 159.2 159.3 -0.002968636608
159.35 159.3 159.4 -0.002885186908
159.45 159.4 159.5 -0.002393663451
159.55 159.5 159.6 -0.001654546167
159.65 159.6 159.7 -0.0009266180092
159.75 159.7 159.8 -0.00271026254
159.85 159.8 159.9 -0.002108215804
159.95 159.9 160 -0.001198488574
160.05 160 160.1 0.0004315689088
160.15 160.1 160.2 -0.001735804969
160.25 160.2 160.3 -0.0003738467468
160.35 160.3 160.4 -0.00151103972
160.45 160.4 160.5 -0.001169936023
160.55 160.5 160.6 -0.0002862549024
160.65 160.6 160.7 -0.002386261442
160.75 160.7 160.8 -0.0007880914745
160.85 160.8 160.9 -0.002371359123
160.95 160.9 161 -0.002196697536
161.05 161 161.1 -0.0009234284128
161.15 161.1 161.2 -0.00215137535
161.25 161.2 161.3 -0.0004593912998
161.35 161.3 161.4 -0.001744959812
161.45 161.4 161.5 -0.001565655095
161.55 161.5 161.6 -0.0007685458785
161.65 161.6 161.7 -0.001376852911
161.75 161.7 161.8 -0.001282884616
161.85 161.8 161.9 -0.0002068307754
161.95 161.9 162 -0.001071802736
162.05 162 162.1 -0.0004352652171
162.15 162.1 162.2 7.604992323e-05
162.25 162.2 162.3 -0.001455304335
162.35 162.3 162.4 -0.0007267192598
162.45 162.4 162.5 -0.001936978075
162.55 162.5 162.6 -0.0009734117727
162.65 162.6 162.7 -0.001530311639
162.75 162.7 162.8 -0.0005456833133
162.85 162.8 162.9 -0.0009354099769
162.95 162.9 163 -0.002263067104
163.05 163 163.1 -0.002424282973
163.15 163.1 163.2 -0.00127763228
163.25 163.2 163.3 -0.0007540015574
163.35 163.3 163.4 -0.001267520466
163.45 163.4 163.5 -0.0001157038919
163.55 163.5 163.6 -0.00129614404
163.65 163.6 163.7 -0.002311721287
163.75 163.7 163.8 -5.813444706e-05
163.85 163.8 163.9 -0.001384470192
163.95 163.9 164 -0.00175298775
164.05 164 164.1 -0.002130937606
164.15 164.1 164.2 -0.0006209780612
164.25 164.2 164.3 -0.001138172448
164.35 164.3 164.4 -0.001235250551
164.45 164.4 164.5 -0.002084533427
164.55 164.5 164.6 -0.001195337038
164.65 164.6 164.7 -0.001080845205
164.75 164.7 164.8 -0.000970690127
164.85 164.8 164.9 -0.00147750858
164.95 164.9 165 0.0003159352837
165.05 165 165.1 -0.001351662014
165.15 165.1 165.2 -0.001390608045
165.25 165.2 165.3 -0.0001849618934
165.35 165.3 165.4 -0.0006122718822
165.45 165.4 165.5 -0.001077041354
165.55 165.5 165.6 -0.00152889447
165.65 165.6 165.7 -0.001919509013
165.75 165.7 165.8 -0.001334568839
165.85 165.8 165.9 -0.000839253763
165.95 165.9 166 0.001221245946
166.05 166 166.1 -0.001108393775
166.15 166.1 166.2 0.0004476897125
166.25 166.2 166.3 -0.001351323356
166.35 166.3 166.4 -0.001381884129
166.45 166.4 166.5 0.001161853136
166.55 166.5 166.6 -0.000404856841
166.65 166.6 166.7 -0.002037135614
166.75 166.7 166.8 -0.0003330253063
166.85 166.8 166.9 -0.0007345394497
166.95 166.9 167 -0.0004419263523
167.05 167 167.1 -0.0005376470215
167.15 167.1 167.2 -0.001576791306
167.25 167.2 167.3 -0.002176433323
167.35 167.3 167.4 -0.0007832176132
167.45 167.4 167.5 -0.0006300796115
167.55 167.5 167.6 0.0001727361293
167.65 167.6 167.7 8.056642847e-05
167.75 167.7 167.8 -0.002103342702
167.85 167.8 167.9 -0.0009394701005
167.95 167.9 168 -0.0003344743384
168.05 168 168.1 0.000375804042
168.15 168.1 168.2 -0.0001634250601
168.25 168.2 168.3 -0.001341475563
168.35 168.3 168.4 0.000500982297
168.45 168.4 168.5 -0.002338176548
168.55 168.5 168.6 -2.167682906e-05
168.65 168.6 168.7 -0.002285136538
168.75 168.7 168.8 -0.002297672985
168.85 168.8 168.9 -0.001682857186
168.95 168.9 169 -0.0002758179329
169.05 169 169.1 -0.0007704693517
169.15 169.1 169.2 0.001132335297
169.25 169.2 169.3 -0.0007606725462
169.35 169.3 169.4 -0.00154389804
169.45 169.4 169.5 -0.001115988221
169.55 169.5 169.6 -0.000344997832
169.65 169.6 169.7 -0.001269987161
169.75 169.7 169.8 -0.001935747989
169.85 169.8 169.9 -0.001502223487
169.95 169.9 170 -0.001855846585
170.05 170 170.1 -0.001134279003
170.15 170.1 170.2 -0.001062121025
170.25 170.2 170.3 -0.001298872977
170.35 170.3 170.4 -0.0005580331492
170.45 170.4 170.5 -0.001395300462
170.55 170.5 170.6 -0.002292451147
170.65 170.6 170.7 -0.001005207021
170.75 170.7 170.8 -0.002310647216
170.85 170.8 170.9 -0.001055271388
170.95 170.9 171 -0.002020598902
171.05 171 171.1 -0.001631275286
171.15 171.1 171.2 -0.0002082427018
171.25 171.2 171.3 -0.002055365473
171.35 171.3 171.4 0.00032900969
171.45 171.4 171.5 -0.001300515716
171.55 171.5 171.6 -0.001616431733
171.65 171.6 171.7 -0.001160457364
171.75 171.7 171.8 -0.002588982964
171.85 171.8 171.9 -0.0006979112491
171.95 171.9 172 -0.0009683299642
172.05 172 172.1 -0.001530311782
172.15 172.1 172.2 -0.001952731575
172.25 172.2 172.3 -0.002089484118
172.35 172.3 172.4 -0.0003881430479
172.45 172.4 172.5 -0.001226830601
172.55 172.5 172.6 0.0003455566402
172.65 172.6 172.7 -0.001741653554
172.75 172.7 172.8 -0.002006416339
172.85 172.8 172.9 -0.001147026186
172.95 172.9 173 -0.0005334387263
173.05 173 173.1 -0.001238345447
173.15 173.1 173.2 -0.0004231726738
173.25 173.2 173.3 -0.001938604677
173.35 173.3 173.4 -0.0007238404934
173.45 173.4 173.5 -0.0005192609095
173.55 173.5 173.6 -0.0005943430993
173.65 173.6 173.7 -0.000979882957
173.75 173.7 173.8 -0.00159462286
173.85 173.8 173.9 -6.092675654e-05
173.95 173.9 174 -0.0003373479668
174.05 174 174.1 -0.0009477065217
174.15 174.1 174.2 -0.001252871642
174.25 174.2 174.3 -0.0004204321642
174.35 174.3 174.4 -0.001056731397
174.45 174.4 174.5 -0.001333467977
174.55 174.5 174.6 -0.0001576862029
174.65 174.6 174.7 -0.0004880931643
174.75 174.7 174.8 -0.0003203289323
174.85 174.8 174.9 -0.002742446893
174.95 174.9 175 -0.0002023571605
175.05 175 175.1 -0.002442039527
175.15 175.1 175.2 -0.001465950312
175.25 175.2 175.3 0.0004818883621
175.35 175.3 175.4 4.717654622e-05
175.45 175.4 175.5 -0.002371854901
175.55 175.5 175.6 -0.001332782435
175.65 175.6 175.7 -0.0007581810858
175.75 175.7 175.8 -0.0004123744204
175.85 175.8 175.9 -0.001172108064
175.95 175.9 176 -0.002176420279
176.05 176 176.1 1.806486896e-05
176.15 176.1 176.2 -0.001173342092
176.25 176.2 176.3 3.221485688e-05
176.35 176.3 176.4 -0.0007613430672
176.45 176.4 176.5 -0.001865314762
176.55 176.5 176.6 0.0003736282058
176.65 176.6 176.7 -0.001203352389
176.75 176.7 176.8 -6.921813238e-05
176.85 176.8 176.9 -0.001145152848
176.95 176.9 177 -0.00107053571
177.05 177 177.1 0.001029347715
177.15 177.1 177.2 -0.001781182282
177.25 177.2 177.3 -0.001844477831
177.35 177.3 177.4 -0.001070675924
177.45 177.4 177.5 0.0005778129933
177.55 177.5 177.6 -0.0002424530145
177.65 177.6 177.7 -0.0009063751637
177.75 177.7 177.8 -0.001256443257
177.85 177.8 177.9 -0.0007488337741
177.95 177.9 178 -0.0009699191262
178.05 178 178.1 -0.00177172761
178.15 178.1 178.2 -0.001646478276
178.25 178.2 178.3 -0.0003233274254
178.35 178.3 178.4 -0.0009554927852
178.45 178.4 178.5 0.0001471307912
178.55 178.5 178.6 -0.0003105200257
178.65 178.6 178.7 -0.001479780151
178.75 178.7 178.8 -0.001245081532
178.85 178.8 178.9 -0.001669427769
178.95 178.9 179 -0.001356937945
179.05 179 179.1 -0.00141802714
179.15 179.1 179.2 0.000190500984
179.25 179.2 179.3 0.0001297194769
179.35 179.3 179.4 -0.001078874022
179.45 179.4 179.5 -0.0002327934223
179.55 179.5 179.6 -0.001926405611
179.65 179.6 179.7 -0.0008134125494
179.75 179.7 179.8 -0.001299188344
179.85 179.8 179.9 -0.0009473413736
179.95 179.9 180 -0.0004536175189
180.05 180 180.1 -0.001184452959
180.15 180.1 180.2 0.0002861382447
180.25 180.2 180.3 -0.002422136608
180.35 180.3 180.4 -0.0009397556188
180.45 180.4 180.5 0.001167948778
180.55 180.5 180.6 -0.001258986268
180.65 180.6 180.7 -0.0008657285034
180.75 180.7 180.8 -0.00115811491
180.85 180.8 180.9 0.0002418724162
180.95 180.9 181 -0.0004816820334
181.05 181 181.1 0.0005833848467
181.15 181.1 181.2 -0.001564790986
181.25 181.2 181.3 -0.001189899537
181.35 181.3 181.4 -0.0006230992921
181.45 181.4 181.5 -0.001174383726
181.55 181.5 181.6 -0.0004698375904
181.65 181.6 181.7 -0.0005303992468
181.75 181.7 181.8 -0.0002082728394
181.85 181.8 181.9 -0.0007801842823
181.95 181.9 182 0.0003993567353
182.05 182 182.1 -0.00128614297
182.15 182.1 182.2 -0.001113309575
182.25 182.2 182.3 -0.0007489887246
182.35 182.3 182.4 -0.0003640695054
182.45 182.4 182.5 -0.001694537595
182.55 182.5 182.6 -0.002062064225
182.65 182.6 182.7 -0.001089535045
182.75 182.7 182.8 -0.00139795697
182.85 182.8 182.9 -0.000706457883
182.95 182.9 183 0.0002004609796
183.05 183 183.1 -0.0004895570603
183.15 183.1 183.2 -0.000351558261
183.25 183.2 183.3 -0.00127390489
183.35 183.3 183.4 -7.324375505e-05
183.45 183.4 183.5 -0.001559584805
183.55 183.5 183.6 -0.0009177420213
183.65 183.6 183.7 -0.0006475159975
183.75 183.7 183.8 -0.0001139792718
183.85 183.8 183.9 -5.652835561e-05
183.95 183.9 184 -0.0006165858446
184.05 184 184.1 -0.0001139780923
184.15 184.1 184.2 -0.001657184109
184.25 184.2 184.3 -0.0004194341018
184.35 184.3 184.4 -0.0008316569214
184.45 184.4 184.5 -0.0004859398777
184.55 184.5 184.6 -0.0009641993533
184.65 184.6 184.7 0.0004332480321
184.75 184.7 184.8 -0.0022905863
184.85 184.8 184.9 -0.001480933208
184.95 184.9 185 -0.001421115397
185.05 185 185.1 -0.001319043667
185.15 185.1 185.2 -0.001224266606
185.25 185.2 185.3 0.0008796891186
185.35 185.3 185.4 -0.0006188167539
185.45 185.4 185.5 -0.0009794876894
185.55 185.5 185.6 -0.002138513913
185.65 185.6 185.7 0.0005498793548
185.75 185.7 185.8 -0.0001321596505
185.85 185.8 185.9 -0.001605932474
185.95 185.9 186 -0.0002022399293
186.05 186 186.1 -0.0005026055466
186.15 186.1 186.2 -0.00128918175
186.25 186.2 186.3 0.0009324362557
186.35 186.3 186.4 6.256126205e-05
186.45 186.4 186.5 -0.001400934755
186.55 186.5 186.6 3.701187056e-05
186.65 186.6 186.7 -0.001426827283
186.75 186.7 186.8 0.0002219157776
186.85 186.8 186.9 -0.0002534670069
186.95 186.9 187 0.0004127984629
187.05 187 187.1 0.001054470814
187.15 187.1 187.2 -0.0005343868445
187.25 187.2 187.3 -2.135358204e-05
187.35 187.3 187.4 -0.0004840193121
187.45 187.4 187.5 -0.0001809627738
187.55 187.5 187.6 0.001486738701
187.65 187.6 187.7 -0.001467736652
187.75 187.7 187.8 -0.0003346461374
187.85 187.8 187.9 -0.0002487255143
187.95 187.9 188 0.0006554007416
188.05 188 188.1 0.0003584854075
188.15 188.1 188.2 -0.0014499366
188.25 188.2 188.3 -0.001145351342
188.35 188.3 188.4 -0.0007213654513
188.45 188.4 188.5 -0.0006020767883
188.55 188.5 188.6 -0.001037358222
188.65 188.6 188.7 -0.0002022934266
188.75 188.7 188.8 0.0003952548262
188.85 188.8 188.9 -7.270401664e-05
188.95 188.9 189 -1.899797321e-06
189.05 189 189.1 0.0003956049745
189.15 189.1 189.2 0.0008168642016
189.25 189.2 189.3 0.0001224314059
189.35 189.3 189.4 -0.0005303173651
189.45 189.4 189.5 0.0002595759277
189.55 189.5 189.6 0.0003389507882
189.65 189.6 189.7 0.0004831925118
189.75 189.7 189.8 -0.0009879484569
189.85 189.8 189.9 -0.0008460788091
189.95 189.9 190 -0.001131048034
190.05 190 190.1 0.000178317161
190.15 190.1 190.2 -0.0006016096938
190.25 190.2 190.3 -0.0001918323308
190.35 190.3 190.4 0.001194053008
190.45 190.4 190.5 0.0002753710397
190.55 190.5 190.6 -0.0008995642649
190.65 190.6 190.7 -0.0003097589142
190.75 190.7 190.8 -0.0002241779301
190.85 190.8 190.9 0.0006184974171
190.95 190.9 191 -0.0001144300068
191.05 191 191.1 0.001127406146
191.15 191.1 191.2 -0.0002105858473
191.25 191.2 191.3 -0.0002673985482
191.35 191.3 191.4 1.605942809e-05
191.45 191.4 191.5 0.0005959377718
191.55 191.5 191.6 -0.001149038916
191.65 191.6 191.7 0.0003629951054
191.75 191.7 191.8 -0.001699768942
191.85 191.8 191.9 -0.0002362634006
191.95 191.9 192 0.0002846002913
192.05 192 192.1 -0.0003517582972
192.15 192.1 192.2 0.0004796686027
192.25 192.2 192.3 0.0001853322768
192.35 192.3 192.4 -0.001557830737
192.45 192.4 192.5 -0.0003050275906
192.55 192.5 192.6 0.001235869308
192.65 192.6 192.7 7.298747769e-06
192.75 192.7 192.8 0.0004652512032
192.85 192.8 192.9 0.0004170163353
192.95 192.9 193 0.00108446024
193.05 193 193.1 -0.0007481808508
193.15 193.1 193.2 -0.0008802327812
193.25 193.2 193.3 0.0002921391649
193.35 193.3 193.4 0.000111174572
193.45 193.4 193.5 -0.001299696738
193.55 193.5 193.6 0.0002971998455
193.65 193.6 193.7 0.001459829415
193.75 193.7 193.8 0.0002208615045
193.85 193.8 193.9 -0.0001416902557
193.95 193.9 194 -0.0001609184987
194.05 194 194.1 -0.0007204925565
194.15 194.1 194.2 -0.0001624153171
194.25 194.2 194.3 -0.0006394976802
194.35 194.3 194.4 -0.0001035937114
194.45 194.4 194.5 -0.0001488199469
194.55 194.5 194.6 -0.0005174019045
194.65 194.6 194.7 0.0008519818204
194.75 194.7 194.8 0.0001911384596
194.85 194.8 194.9 0.000175826541
194.95 194.9 195 -0.00014951747
195.05 195 195.1 -0.0004927912225
195.15 195.1 195.2 -6.253602759e-05
195.25 195.2 195.3 4.700181783e-05
195.35 195.3 195.4 0.001342402248
195.45 195.4 195.5 0.000267624116
195.55 195.5 195.6 -0.0006962122475
195.65 195.6 195.7 -0.001664091919
195.75 195.7 195.8 -0.0003906281929
195.85 195.8 195.9 0.0002123376729
195.95 195.9 196 0.000613171566
196.05 196 196.1 -0.0007664724062
196.15 196.1 196.2 -0.0004739422643
196.25 196.2 196.3 6.257506126e-05
196.35 196.3 196.4 4.767624851e-05
196.45 196.4 196.5 0.0002675050132
196.55 196.5 196.6 -0.0003793711256
196.65 196.6 196.7 -0.0005047908909
196.75 196.7 196.8 -0.0004446313732
196.85 196.8 196.9 -0.000728747324
196.95 196.9 197 -0.0006425992017
197.05 197 197.1 -0.0001694011899
197.15 197.1 197.2 -0.001243115905
197.25 197.2 197.3 0.001117088782
197.35 197.3 197.4 0.0009216574748
197.45 197.4 197.5 0.0005702843579
197.55 197.5 197.6 -0.0006317451843
197.65 197.6 197.7 0.0005611105774
197.75 197.7 197.8 -0.00024067731
197.85 197.8 197.9 0.0004434805953
197.95 197.9 198 -5.873518687e-05
198.05 198 198.1 0.0007632110288
198.15 198.1 198.2 -0.000587414545
198.25 198.2 198.3 -0.00082412713
198.35 198.3 198.4 -0.001922180973
198.45 198.4 198.5 0.0003292509466
198.55 198.5 198.6 1.91497677e-05
198.65 198.6 198.7 -0.0003955933729
198.75 198.7 198.8 -0.0005327685933
198.85 198.8 198.9 -0.0007395561424
198.95 198.9 199 0.0005682110061
199.05 199 199.1 -0.0003654082615
199.15 199.1 199.2 -0.0005513657426
199.25 199.2 199.3 0.0004142320137
199.35 199.3 199.4 -0.0007467877177
199.45 199.4 199.5 3.681650295e-05
199.55 199.5 199.6 0.0003522881656
199.65 199.6 199.7 -0.0005422843771
199.75 199.7 199.8 0.0005455781847
199.85 199.8 199.9 0.0001021047676
199.95 199.9 200 -0.000124109009
