# Columns: s_cen(1) s_min(2) s_max(3) xi_iso(4)
0.05 0 0.1 19.85013176
0.15 0.1 0.2 12.55307852
0.25 0.2 0.3 14.91127828
0.35 0.3 0.4 16.09727405
0.45 0.4 0.5 21.05761845
0.55 0.5 0.6 24.42422633
0.65 0.6 0.7 21.57357188
0.75 0.7 0.8 22.13671611
0.85 0.8 0.9 20.51412591
0.95 0.9 1 20.64137478
1.05 1 1.1 19.20283843
1.15 1.1 1.2 18.60330362
1.25 1.2 1.3 18.27691314
1.35 1.3 1.4 17.45354872
1.45 1.4 1.5 16.69586064
1.55 1.5 1.6 15.89226406
1.65 1.6 1.7 15.44821423
1.75 1.7 1.8 14.14088966
1.85 1.8 1.9 13.63359681
1.95 1.9 2 12.52398621
2.05 2 2.1 11.84642509
2.15 2.1 2.2 10.8031085
2.25 2.2 2.3 10.82816188
2.35 2.3 2.4 10.11327278
2.45 2.4 2.5 8.965677631
2.55 2.5 2.6 8.541751472
2.65 2.6 2.7 8.456291128
2.75 2.7 2.8 7.864729256
2.85 2.8 2.9 7.445868092
2.95 2.9 3 6.947919291
3.05 3 3.1 6.654727053
3.15 3.1 3.2 6.339626291
3.25 3.2 3.3 6.07273183
3.35 3.3 3.4 5.788788486
3.45 3.4 3.5 5.566058496
3.55 3.5 3.6 5.34210563
3.65 3.6 3.7 5.235933098
3.75 3.7 3.8 5.031882078
3.85 3.8 3.9 4.795359735
3.95 3.9 4 4.634788113
4.05 4 4.1 4.563193196
4.15 4.1 4.2 4.416464628
4.25 4.2 4.3 4.111563783
4.35 4.3 4.4 4.068420763
4.45 4.4 4.5 4.040960433
4.55 4.5 4.6 3.906269333
4.65 4.6 4.7 3.632579723
4.75 4.7 4.8 3.628193853
4.85 4.8 4.9 3.405660036
4.95 4.9 5 3.30174258
5.05 5 5.1 3.238868871
5.15 5.1 5.2 3.240030814
5.25 5.2 5.3 3.155989049
5.35 5.3 5.4 3.063742976
5.45 5.4 5.5 2.941889902
5.55 5.5 5.6 2.824558271
5.65 5.6 5.7 2.8778349
5.75 5.7 5.8 2.770264882
5.85 5.8 5.9 2.677261472
5.95 5.9 6 2.607616825
6.05 6 6.1 2.524663514
6.15 6.1 6.2 2.49072221
6.25 6.2 6.3 2.433769087
6.35 6.3 6.4 2.366785937
6.45 6.4 6.5 2.314375034
6.55 6.5 6.6 2.190948306
6.65 6.6 6.7 2.230475327
6.75 6.7 6.8 2.119443489
6.85 6.8 6.9 2.101065216
6.95 6.9 7 2.100883669
7.05 7 7.1 2.027562338
7.15 7.1 7.2 1.915402582
7.25 7.2 7.3 1.910025273
7.35 7.3 7.4 1.882615544
7.45 7.4 7.5 1.836629898
7.55 7.5 7.6 1.742112889
7.65 7.6 7.7 1.734443083
7.75 7.7 7.8 1.670817115
7.85 7.8 7.9 1.702104495
7.95 7.9 8 1.660813197
8.05 8 8.1 1.620988905
8.15 8.1 8.2 1.595825267
8.25 8.2 8.3 1.576731619
8.35 8.3 8.4 1.509966721
8.45 8.4 8.5 1.497869408
8.55 8.5 8.6 1.4175385
8.65 8.6 8.7 1.436721774
8.75 8.7 8.8 1.371579336
8.85 8.8 8.9 1.326749441
8.95 8.9 9 1.328250563
9.05 9 9.1 1.311668916
9.15 9.1 9.2 1.272575441
9.25 9.2 9.3 1.318183909
9.35 9.3 9.4 1.260679635
9.45 9.4 9.5 1.214823949
9.55 9.5 9.6 1.19494048
9.65 9.6 9.7 1.193216187
9.75 9.7 9.8 1.180362189
9.85 9.8 9.9 1.153903297
9.95 9.9 10 1.102904239
10.05 10 10.1 1.093504644
10.15 10.1 10.2 1.099572979
10.25 10.2 10.3 1.033919881
10.35 10.3 10.4 1.07813839
10.45 10.4 10.5 1.008792822
10.55 10.5 10.6 1.020787668
10.65 10.6 10.7 0.9890300933
10.75 10.7 10.8 0.956037716
10.85 10.8 10.9 0.9251424048
10.95 10.9 11 0.9257611301
11.05 11 11.1 0.9345020243
11.15 11.1 11.2 0.8932944343
11.25 11.2 11.3 0.8974226265
11.35 11.3 11.4 0.8916340369
11.45 11.4 11.5 0.8398751345
11.55 11.5 11.6 0.8554101045
11.65 11.6 11.7 0.8306549422
11.75 11.7 11.8 0.8411366521
11.85 11.8 11.9 0.8035981754
11.95 11.9 12 0.7991485714
12.05 12 12.1 0.7807881147
12.15 12.1 12.2 0.7859489016
12.25 12.2 12.3 0.7656229571
12.35 12.3 12.4 0.7479462734
12.45 12.4 12.5 0.728063887
12.55 12.5 12.6 0.7139282855
12.65 12.6 12.7 0.728047923
12.75 12.7 12.8 0.6885015811
12.85 12.8 12.9 0.7037786315
12.95 12.9 13 0.7041934233
13.05 13 13.1 0.6632852789
13.15 13.1 13.2 0.6735109004
13.25 13.2 13.3 0.6570008307
13.35 13.3 13.4 0.6497961415
13.45 13.4 13.5 0.6303743986
13.55 13.5 13.6 0.6202930331
13.65 13.6 13.7 0.6288047136
13.75 13.7 13.8 0.5960567118
13.85 13.8 13.9 0.6143374632
13.95 13.9 14 0.6109111869
14.05 14 14.1 0.5873440232
14.15 14.1 14.2 0.5920957467
14.25 14.2 14.3 0.5820740045
14.35 14.3 14.4 0.5551591202
14.45 14.4 14.5 0.5634724863
14.55 14.5 14.6 0.5485100358
14.65 14.6 14.7 0.5708750348
14.75 14.7 14.8 0.5245038971
14.85 14.8 14.9 0.5186067905
14.95 14.9 15 0.5285817888
15.05 15 15.1 0.5054097088
15.15 15.1 15.2 0.5151137136
15.25 15.2 15.3 0.5098877758
15.35 15.3 15.4 0.497752428
15.45 15.4 15.5 0.4978272562
15.55 15.5 15.6 0.4920058336
15.65 15.6 15.7 0.4614031542
15.75 15.7 15.8 0.4715615924
15.85 15.8 15.9 0.4658177889
15.95 15.9 16 0.4679872128
16.05 16 16.1 0.4555659313
16.15 16.1 16.2 0.4523905903
16.25 16.2 16.3 0.4537398133
16.35 16.3 16.4 0.4332928996
16.45 16.4 16.5 0.4371439402
16.55 16.5 16.6 0.4206640419
16.65 16.6 16.7 0.4465793419
16.75 16.7 16.8 0.4290129677
16.85 16.8 16.9 0.4172646884
16.95 16.9 17 0.4096358997
17.05 17 17.1 0.3976277758
17.15 17.1 17.2 0.3901743731
17.25 17.2 17.3 0.3928325033
17.35 17.3 17.4 0.3935477828
17.45 17.4 17.5 0.392950242
17.55 17.5 17.6 0.3785839934
17.65 17.6 17.7 0.3697031047
17.75 17.7 17.8 0.3616806753
17.85 17.8 17.9 0.3740049563
17.95 17.9 18 0.3651994567
18.05 18 18.1 0.3741799957
18.15 18.1 18.2 0.355421273
18.25 18.2 18.3 0.354670466
18.35 18.3 18.4 0.3486969765
18.45 18.4 18.5 0.3500330701
18.55 18.5 18.6 0.3410053583
18.65 18.6 18.7 0.3314387199
18.75 18.7 18.8 0.3362503217
18.85 18.8 18.9 0.339796865
18.95 18.9 19 0.3284674755
19.05 19 19.1 0.3240118372
19.15 19.1 19.2 0.3156433124
19.25 19.2 19.3 0.328282836
19.35 19.3 19.4 0.3145485992
19.45 19.4 19.5 0.2969592788
19.55 19.5 19.6 0.3106363037
19.65 19.6 19.7 0.302576349
19.75 19.7 19.8 0.3006114804
19.85 19.8 19.9 0.2975943329
19.95 19.9 20 0.2990743613
20.05 20 20.1 0.3156600741
20.15 20.1 20.2 0.2887793855
20.25 20.2 20.3 0.2864096053
20.35 20.3 20.4 0.2795052581
20.45 20.4 20.5 0.2927196319
20.55 20.5 20.6 0.2746637842
20.65 20.6 20.7 0.2707956854
20.75 20.7 20.8 0.2739615533
20.85 20.8 20.9 0.2767327922
20.95 20.9 21 0.2635819035
21.05 21 21.1 0.2595594046
21.15 21.1 21.2 0.2562981749
21.25 21.2 21.3 0.2633962156
21.35 21.3 21.4 0.2618880716
21.45 21.4 21.5 0.2539930996
21.55 21.5 21.6 0.2505981913
21.65 21.6 21.7 0.2578164403
21.75 21.7 21.8 0.2443716914
21.85 21.8 21.9 0.2452974906
21.95 21.9 22 0.2466706042
22.05 22 22.1 0.2463615323
22.15 22.1 22.2 0.2391762247
22.25 22.2 22.3 0.2313089397
22.35 22.3 22.4 0.2363828489
22.45 22.4 22.5 0.2410098124
22.55 22.5 22.6 0.2341302975
22.65 22.6 22.7 0.2305551897
22.75 22.7 22.8 0.2225525545
22.85 22.8 22.9 0.2151251037
22.95 22.9 23 0.2237926953
23.05 23 23.1 0.2233064714
23.15 23.1 23.2 0.2104976533
23.25 23.2 23.3 0.2090617314
23.35 23.3 23.4 0.2166455127
23.45 23.4 23.5 0.2051598497
23.55 23.5 23.6 0.2122633943
23.65 23.6 23.7 0.2119764047
23.75 23.7 23.8 0.2071197802
23.85 23.8 23.9 0.2040257205
23.95 23.9 24 0.2017959678
24.05 24 24.1 0.201237224
24.15 24.1 24.2 0.1924481225
24.25 24.2 24.3 0.1844885983
24.35 24.3 24.4 0.2054615818
24.45 24.4 24.5 0.1960042859
24.55 24.5 24.6 0.1901046477
24.65 24.6 24.7 0.1904101212
24.75 24.7 24.8 0.1870126128
24.85 24.8 24.9 0.1849314875
24.95 24.9 25 0.1925655881
25.05 25 25.1 0.1908452871
25.15 25.1 25.2 0.1955681006
25.25 25.2 25.3 0.1808308579
25.35 25.3 25.4 0.1732194557
25.45 25.4 25.5 0.1782284395
25.55 25.5 25.6 0.1757445341
25.65 25.6 25.7 0.1847923616
25.75 25.7 25.8 0.1619913099
25.85 25.8 25.9 0.1778807544
25.95 25.9 26 0.1740303862
26.05 26 26.1 0.1672081656
26.15 26.1 26.2 0.1660751551
26.25 26.2 26.3 0.1680502223
26.35 26.3 26.4 0.1694189686
26.45 26.4 26.5 0.1604995961
26.55 26.5 26.6 0.1578142313
26.65 26.6 26.7 0.1615842411
26.75 26.7 26.8 0.1639558717
26.85 26.8 26.9 0.1577616546
26.95 26.9 27 0.1474811087
27.05 27 27.1 0.1598893337
27.15 27.1 27.2 0.1473474223
27.25 27.2 27.3 0.1537254719
27.35 27.3 27.4 0.1448616279
27.45 27.4 27.5 0.146990281
27.55 27.5 27.6 0.1579717324
27.65 27.6 27.7 0.1424618062
27.75 27.7 27.8 0.1457657552
27.85 27.8 27.9 0.1392188564
27.95 27.9 28 0.145753273
28.05 28 28.1 0.1456729689
28.15 28.1 28.2 0.1309785795
28.25 28.2 28.3 0.1366190848
28.35 28.3 28.4 0.1396774426
28.45 28.4 28.5 0.1401955751
28.55 28.5 28.6 0.1312930617
28.65 28.6 28.7 0.1333940393
28.75 28.7 28.8 0.1281702416
28.85 28.8 28.9 0.1355136097
28.95 28.9 29 0.1334754734
29.05 29 29.1 0.1368543767
29.15 29.1 29.2 0.1327713183
29.25 29.2 29.3 0.1334442427
29.35 29.3 29.4 0.1216592481
29.45 29.4 29.5 0.1288941815
29.55 29.5 29.6 0.1252342003
29.65 29.6 29.7 0.1213797032
29.75 29.7 29.8 0.116295878
29.85 29.8 29.9 0.121370301
29.95 29.9 30 0.1179605788
30.05 30 30.1 0.1174825639
30.15 30.1 30.2 0.1243477993
30.25 30.2 30.3 0.1171407528
30.35 30.3 30.4 0.1172878688
30.45 30.4 30.5 0.1105505815
30.55 30.5 30.6 0.1148928771
30.65 30.6 30.7 0.1170273433
30.75 30.7 30.8 0.1159681328
30.85 30.8 30.9 0.117206994
30.95 30.9 31 0.1182460054
31.05 31 31.1 0.1037899249
31.15 31.1 31.2 0.107398435
31.25 31.2 31.3 0.1116548713
31.35 31.3 31.4 0.1130764374
31.45 31.4 31.5 0.1096757709
31.55 31.5 31.6 0.1009187903
31.65 31.6 31.7 0.1064711226
31.75 31.7 31.8 0.1108164137
31.85 31.8 31.9 0.1130915201
31.95 31.9 32 0.1030102089
32.05 32 32.1 0.1058641526
32.15 32.1 32.2 0.1141059015
32.25 32.2 32.3 0.104101408
32.35 32.3 32.4 0.09157621797
32.45 32.4 32.5 0.1002367371
32.55 32.5 32.6 0.1015597626
32.65 32.6 32.7 0.09580079492
32.75 32.7 32.8 0.09129795417
32.85 32.8 32.9 0.09984251648
32.95 32.9 33 0.09239200505
33.05 33 33.1 0.0943984772
33.15 33.1 33.2 0.09465380119
33.25 33.2 33.3 0.08939806606
33.35 33.3 33.4 0.0968312944
33.45 33.4 33.5 0.09308238506
33.55 33.5 33.6 0.09650793714
33.65 33.6 33.7 0.09524216937
33.75 33.7 33.8 0.09415546825
33.85 33.8 33.9 0.09338173082
33.95 33.9 34 0.09492484677
34.05 34 34.1 0.08778703631
34.15 34.1 34.2 0.09221531727
34.25 34.2 34.3 0.0890250184
34.35 34.3 34.4 0.08822655785
34.45 34.4 34.5 0.08852687796
34.55 34.5 34.6 0.08557551172
34.65 34.6 34.7 0.08162514514
34.75 34.7 34.8 0.08406831675
34.85 34.8 34.9 0.08854573098
34.95 34.9 35 0.08118124066
35.05 35 35.1 0.08179147676
35.15 35.1 35.2 0.08103142561
35.25 35.2 35.3 0.07350619292
35.35 35.3 35.4 0.08028816502
35.45 35.4 35.5 0.0813332956
35.55 35.5 35.6 0.07930063779
35.65 35.6 35.7 0.08227589651
35.75 35.7 35.8 0.08264098203
35.85 35.8 35.9 0.07444227311
35.95 35.9 36 0.07350774058
36.05 36 36.1 0.07733256014
36.15 36.1 36.2 0.07574859785
36.25 36.2 36.3 0.07646240632
36.35 36.3 36.4 0.07497805993
36.45 36.4 36.5 0.07797579346
36.55 36.5 36.6 0.07951374809
36.65 36.6 36.7 0.07741511057
36.75 36.7 36.8 0.06875044192
36.85 36.8 36.9 0.06690993262
36.95 36.9 37 0.07125792454
37.05 37 37.1 0.07268261034
37.15 37.1 37.2 0.07561211639
37.25 37.2 37.3 0.07056321872
37.35 37.3 37.4 0.07167799061
37.45 37.4 37.5 0.06905905082
37.55 37.5 37.6 0.06706152304
37.65 37.6 37.7 0.07217436575
37.75 37.7 37.8 0.06572502683
37.85 37.8 37.9 0.07012492992
37.95 37.9 38 0.06404433917
38.05 38 38.1 0.06772860284
38.15 38.1 38.2 0.06734933857
38.25 38.2 38.3 0.06561049754
38.35 38.3 38.4 0.06111239827
38.45 38.4 38.5 0.07011148366
38.55 38.5 38.6 0.06049497745
38.65 38.6 38.7 0.07265947611
38.75 38.7 38.8 0.06310209657
38.85 38.8 38.9 0.06937413047
38.95 38.9 39 0.06300994136
39.05 39 39.1 0.05186246857
39.15 39.1 39.2 0.0673377245
39.25 39.2 39.3 0.05630325371
39.35 39.3 39.4 0.05849026659
39.45 39.4 39.5 0.06355079985
39.55 39.5 39.6 0.06217926194
39.65 39.6 39.7 0.06250780034
39.75 39.7 39.8 0.05451515812
39.85 39.8 39.9 0.05574693656
39.95 39.9 40 0.0604177454
40.05 40 40.1 0.06205600027
40.15 40.1 40.2 0.05394163083
40.25 40.2 40.3 0.06817249424
40.35 40.3 40.4 0.05290535503
40.45 40.4 40.5 0.05317936662
40.55 40.5 40.6 0.05513040399
40.65 40.6 40.7 0.0581638361
40.75 40.7 40.8 0.06124264426
40.85 40.8 40.9 0.05492377699
40.95 40.9 41 0.05194573932
41.05 41 41.1 0.05499764247
41.15 41.1 41.2 0.05042278509
41.25 41.2 41.3 0.05250149859
41.35 41.3 41.4 0.05432374925
41.45 41.4 41.5 0.04882319779
41.55 41.5 41.6 0.05383128558
41.65 41.6 41.7 0.04677512653
41.75 41.7 41.8 0.05296580895
41.85 41.8 41.9 0.05318445175
41.95 41.9 42 0.04728728883
42.05 42 42.1 0.05762988565
42.15 42.1 42.2 0.04903411445
42.25 42.2 42.3 0.05201233405
42.35 42.3 42.4 0.05449212042
42.45 42.4 42.5 0.05042616894
42.55 42.5 42.6 0.04565272134
42.65 42.6 42.7 0.0486985477
42.75 42.7 42.8 0.04805640738
42.85 42.8 42.9 0.04351413071
42.95 42.9 43 0.04303849361
43.05 43 43.1 0.04846271187
43.15 43.1 43.2 0.05280071559
43.25 43.2 43.3 0.04539474123
43.35 43.3 43.4 0.04854964727
43.45 43.4 43.5 0.05195836867
43.55 43.5 43.6 0.05571766747
43.65 43.6 43.7 0.03868776764
43.75 43.7 43.8 0.04865794142
43.85 43.8 43.9 0.04576483163
43.95 43.9 44 0.04637338078
44.05 44 44.1 0.04626251416
44.15 44.1 44.2 0.04306994353
44.25 44.2 44.3 0.03901925832
44.35 44.3 44.4 0.04685689905
44.45 44.4 44.5 0.04330347342
44.55 44.5 44.6 0.03873642127
44.65 44.6 44.7 0.04431830871
44.75 44.7 44.8 0.04155864527
44.85 44.8 44.9 0.04327965042
44.95 44.9 45 0.03861751816
45.05 45 45.1 0.04118079006
45.15 45.1 45.2 0.03977826564
45.25 45.2 45.3 0.03817855275
45.35 45.3 45.4 0.03671553722
45.45 45.4 45.5 0.04288612547
45.55 45.5 45.6 0.03468616906
45.65 45.6 45.7 0.04052920974
45.75 45.7 45.8 0.03380893909
45.85 45.8 45.9 0.03856666697
45.95 45.9 46 0.04142328595
46.05 46 46.1 0.03355026868
46.15 46.1 46.2 0.03527004933
46.25 46.2 46.3 0.03659058452
46.35 46.3 46.4 0.03592488646
46.45 46.4 46.5 0.0361625815
46.55 46.5 46.6 0.03331176251
46.65 46.6 46.7 0.0341486041
46.75 46.7 46.8 0.0371627448
46.85 46.8 46.9 0.03504394631
46.95 46.9 47 0.0330732411
47.05 47 47.1 0.03642835112
47.15 47.1 47.2 0.03342277574
47.25 47.2 47.3 0.03660605592
47.35 47.3 47.4 0.02975112206
47.45 47.4 47.5 0.03198523479
47.55 47.5 47.6 0.03737662346
47.65 47.6 47.7 0.03440405293
47.75 47.7 47.8 0.03806446422
47.85 47.8 47.9 0.02948616862
47.95 47.9 48 0.0342389092
48.05 48 48.1 0.03364617819
48.15 48.1 48.2 0.03335110806
48.25 48.2 48.3 0.03098398973
48.35 48.3 48.4 0.02976023682
48.45 48.4 48.5 0.03392042233
48.55 48.5 48.6 0.0334657526
48.65 48.6 48.7 0.03170925102
48.75 48.7 48.8 0.03033791082
48.85 48.8 48.9 0.03290416545
48.95 48.9 49 0.03489876858
49.05 49 49.1 0.03431047892
49.15 49.1 49.2 0.03395947192
49.25 49.2 49.3 0.02408532849
49.35 49.3 49.4 0.03258103144
49.45 49.4 49.5 0.03045600921
49.55 49.5 49.6 0.02646883541
49.65 49.6 49.7 0.02924807273
49.75 49.7 49.8 0.02947804066
49.85 49.8 49.9 0.02715219927
49.95 49.9 50 0.02861270124
50.05 50 50.1 0.028807443
50.15 50.1 50.2 0.03307204198
50.25 50.2 50.3 0.03186735506
50.35 50.3 50.4 0.02780056595
50.45 50.4 50.5 0.02696286422
50.55 50.5 50.6 0.0212787874
50.65 50.6 50.7 0.02915248032
50.75 50.7 50.8 0.02775413239
50.85 50.8 50.9 0.02937531735
50.95 50.9 51 0.02731220558
51.05 51 51.1 0.0263611388
51.15 51.1 51.2 0.02716421836
51.25 51.2 51.3 0.02484275474
51.35 51.3 51.4 0.02639476666
51.45 51.4 51.5 0.02606280068
51.55 51.5 51.6 0.02762160744
51.65 51.6 51.7 0.02628996182
51.75 51.7 51.8 0.02990545041
51.85 51.8 51.9 0.0248727095
51.95 51.9 52 0.02170906768
52.05 52 52.1 0.02211796036
52.15 52.1 52.2 0.02272836515
52.25 52.2 52.3 0.02693696247
52.35 52.3 52.4 0.02270427525
52.45 52.4 52.5 0.02478566081
52.55 52.5 52.6 0.02100011753
52.65 52.6 52.7 0.02028156854
52.75 52.7 52.8 0.02509211258
52.85 52.8 52.9 0.01965123501
52.95 52.9 53 0.02724473123
53.05 53 53.1 0.02617040421
53.15 53.1 53.2 0.02178688678
53.25 53.2 53.3 0.02586117442
53.35 53.3 53.4 0.02266585463
53.45 53.4 53.5 0.02715366705
53.55 53.5 53.6 0.02257520237
53.65 53.6 53.7 0.0277148604
53.75 53.7 53.8 0.01936234984
53.85 53.8 53.9 0.02146722872
53.95 53.9 54 0.02342214539
54.05 54 54.1 0.01940087262
54.15 54.1 54.2 0.02412957491
54.25 54.2 54.3 0.02223067766
54.35 54.3 54.4 0.02138497686
54.45 54.4 54.5 0.02047892932
54.55 54.5 54.6 0.02121548423
54.65 54.6 54.7 0.01924003651
54.75 54.7 54.8 0.02204874722
54.85 54.8 54.9 0.02288798551
54.95 54.9 55 0.02664424592
55.05 55 55.1 0.02729733704
55.15 55.1 55.2 0.02051708859
55.25 55.2 55.3 0.02342672251
55.35 55.3 55.4 0.01969155922
55.45 55.4 55.5 0.01826579831
55.55 55.5 55.6 0.02208931962
55.65 55.6 55.7 0.01817273234
55.75 55.7 55.8 0.01830219264
55.85 55.8 55.9 0.01772651727
55.95 55.9 56 0.02430182838
56.05 56 56.1 0.0221145455
56.15 56.1 56.2 0.01963435146
56.25 56.2 56.3 0.0181251802
56.35 56.3 56.4 0.02025294762
56.45 56.4 56.5 0.01539264804
56.55 56.5 56.6 0.01857446444
56.65 56.6 56.7 0.01785315537
56.75 56.7 56.8 0.01948476906
56.85 56.8 56.9 0.02218389909
56.95 56.9 57 0.02041630421
57.05 57 57.1 0.01799934549
57.15 57.1 57.2 0.01897269974
57.25 57.2 57.3 0.01736424123
57.35 57.3 57.4 0.02000035633
57.45 57.4 57.5 0.02472340593
57.55 57.5 57.6 0.01820154209
57.65 57.6 57.7 0.01356731693
57.75 57.7 57.8 0.01508196824
57.85 57.8 57.9 0.01629905509
57.95 57.9 58 0.02204111533
58.05 58 58.1 0.01891142312
58.15 58.1 58.2 0.01695226699
58.25 58.2 58.3 0.0179552954
58.35 58.3 58.4 0.0205313819
58.45 58.4 58.5 0.01420863603
58.55 58.5 58.6 0.01696213172
58.65 58.6 58.7 0.01481057256
58.75 58.7 58.8 0.01599785062
58.85 58.8 58.9 0.0169068935
58.95 58.9 59 0.01625923364
59.05 59 59.1 0.01735265619
59.15 59.1 59.2 0.01677080657
59.25 59.2 59.3 0.0211354771
59.35 59.3 59.4 0.01581895028
59.45 59.4 59.5 0.01371819612
59.55 59.5 59.6 0.01334522302
59.65 59.6 59.7 0.01739988274
59.75 59.7 59.8 0.01744882779
59.85 59.8 59.9 0.01673778655
59.95 59.9 60 0.01478179469
60.05 60 60.1 0.014051327
60.15 60.1 60.2 0.01428227433
60.25 60.2 60.3 0.01676108365
60.35 60.3 60.4 0.01710351649
60.45 60.4 60.5 0.01646045748
60.55 60.5 60.6 0.01288151652
60.65 60.6 60.7 0.01623691803
60.75 60.7 60.8 0.0142947874
60.85 60.8 60.9 0.01715701215
60.95 60.9 61 0.01638744387
61.05 61 61.1 0.01672300892
61.15 61.1 61.2 0.01206350323
61.25 61.2 61.3 0.01258935613
61.35 61.3 61.4 0.01417058032
61.45 61.4 61.5 0.01624963493
61.55 61.5 61.6 0.009549988067
61.65 61.6 61.7 0.01370711123
61.75 61.7 61.8 0.01519790923
61.85 61.8 61.9 0.0140944012
61.95 61.9 62 0.01085576691
62.05 62 62.1 0.01544912189
62.15 62.1 62.2 0.01275349815
62.25 62.2 62.3 0.01412293748
62.35 62.3 62.4 0.01567305158
62.45 62.4 62.5 0.01552265205
62.55 62.5 62.6 0.01660423417
62.65 62.6 62.7 0.01507577738
62.75 62.7 62.8 0.01674792648
62.85 62.8 62.9 0.01086836496
62.95 62.9 63 0.01339077963
63.05 63 63.1 0.01109288788
63.15 63.1 63.2 0.01169094201
63.25 63.2 63.3 0.01462616603
63.35 63.3 63.4 0.01715617314
63.45 63.4 63.5 0.01985756317
63.55 63.5 63.6 0.01355454249
63.65 63.6 63.7 0.01271595509
63.75 63.7 63.8 0.01222328151
63.85 63.8 63.9 0.01316117633
63.95 63.9 64 0.01491204749
64.05 64 64.1 0.006674142712
64.15 64.1 64.2 0.01243781777
64.25 64.2 64.3 0.01343498126
64.35 64.3 64.4 0.01074143215
64.45 64.4 64.5 0.01333408432
64.55 64.5 64.6 0.01159488377
64.65 64.6 64.7 0.01303881425
64.75 64.7 64.8 0.01122740062
64.85 64.8 64.9 0.01574664752
64.95 64.9 65 0.01172327341
65.05 65 65.1 0.01367580942
65.15 65.1 65.2 0.01176838138
65.25 65.2 65.3 0.01373546714
65.35 65.3 65.4 0.01168868928
65.45 65.4 65.5 0.01394990852
65.55 65.5 65.6 0.01321448637
65.65 65.6 65.7 0.01164398003
65.75 65.7 65.8 0.01264610167
65.85 65.8 65.9 0.01136722986
65.95 65.9 66 0.0106485195
66.05 66 66.1 0.01042654922
66.15 66.1 66.2 0.01296646879
66.25 66.2 66.3 0.009103728736
66.35 66.3 66.4 0.00856247236
66.45 66.4 66.5 0.01212968902
66.55 66.5 66.6 0.01124511895
66.65 66.6 66.7 0.01055700501
66.75 66.7 66.8 0.007126235478
66.85 66.8 66.9 0.01226010639
66.95 66.9 67 0.00999117059
67.05 67 67.1 0.007217577704
67.15 67.1 67.2 0.01159970743
67.25 67.2 67.3 0.009359244207
67.35 67.3 67.4 0.009436754896
67.45 67.4 67.5 0.01174693789
67.55 67.5 67.6 0.01331727084
67.65 67.6 67.7 0.01369635963
67.75 67.7 67.8 0.008085322656
67.85 67.8 67.9 0.01139840839
67.95 67.9 68 0.01334413668
68.05 68 68.1 0.007125507513
68.15 68.1 68.2 0.009003503327
68.25 68.2 68.3 0.01449178313
68.35 68.3 68.4 0.01165367183
68.45 68.4 68.5 0.01201137666
68.55 68.5 68.6 0.0135839891
68.65 68.6 68.7 0.009165005089
68.75 68.7 68.8 0.01112596148
68.85 68.8 68.9 0.0116505102
68.95 68.9 69 0.00971437984
69.05 69 69.1 0.007072936225
69.15 69.1 69.2 0.01027071649
69.25 69.2 69.3 0.01654100385
69.35 69.3 69.4 0.009022274282
69.45 69.4 69.5 0.01186839511
69.55 69.5 69.6 0.009816376846
69.65 69.6 69.7 0.01043685636
69.75 69.7 69.8 0.01117527734
69.85 69.8 69.9 0.007762917712
69.95 69.9 70 0.008729677081
70.05 70 70.1 0.01223160976
70.15 70.1 70.2 0.007915094024
70.25 70.2 70.3 0.009250080347
70.35 70.3 70.4 0.009838371287
70.45 70.4 70.5 0.0106498411
70.55 70.5 70.6 0.01157257858
70.65 70.6 70.7 0.01092975522
70.75 70.7 70.8 0.008864992755
70.85 70.8 70.9 0.009237123069
70.95 70.9 71 0.008306241155
71.05 71 71.1 0.006990478385
71.15 71.1 71.2 0.009867945756
71.25 71.2 71.3 0.01121669182
71.35 71.3 71.4 0.0120859245
71.45 71.4 71.5 0.006923786887
71.55 71.5 71.6 0.009397025506
71.65 71.6 71.7 0.007995810779
71.75 71.7 71.8 0.00780137461
71.85 71.8 71.9 0.008950713361
71.95 71.9 72 0.0122168687
72.05 72 72.1 0.010465683
72.15 72.1 72.2 0.009955737475
72.25 72.2 72.3 0.008944220304
72.35 72.3 72.4 0.009947874027
72.45 72.4 72.5 0.007864172837
72.55 72.5 72.6 0.009735429747
72.65 72.6 72.7 0.01217106321
72.75 72.7 72.8 0.006966244806
72.85 72.8 72.9 0.006839493141
72.95 72.9 73 0.007706505699
73.05 73 73.1 0.006793816247
73.15 73.1 73.2 0.01060710762
73.25 73.2 73.3 0.01070604014
73.35 73.3 73.4 0.01041478549
73.45 73.4 73.5 0.01069248218
73.55 73.5 73.6 0.008416941906
73.65 73.6 73.7 0.005929862195
73.75 73.7 73.8 0.007672381742
73.85 73.8 73.9 0.008460594323
73.95 73.9 74 0.007674159764
74.05 74 74.1 0.008143897093
74.15 74.1 74.2 0.01004608555
74.25 74.2 74.3 0.007818212693
74.35 74.3 74.4 0.007559228307
74.45 74.4 74.5 0.008589827382
74.55 74.5 74.6 0.007401393506
74.65 74.6 74.7 0.00511812191
74.75 74.7 74.8 0.003375795119
74.85 74.8 74.9 0.008042097861
74.95 74.9 75 0.009167014869
75.05 75 75.1 0.005550899658
75.15 75.1 75.2 0.006218201768
75.25 75.2 75.3 0.005814988863
75.35 75.3 75.4 0.007886352378
75.45 75.4 75.5 0.006582468088
75.55 75.5 75.6 0.00762995017
75.65 75.6 75.7 0.007417333949
75.75 75.7 75.8 0.009060262759
75.85 75.8 75.9 0.004416786584
75.95 75.9 76 0.0086896201
76.05 76 76.1 0.007189726517
76.15 76.1 76.2 0.007873563017
76.25 76.2 76.3 0.005072504716
76.35 76.3 76.4 0.006901195397
76.45 76.4 76.5 0.005959348402
76.55 76.5 76.6 0.007298214691
76.65 76.6 76.7 0.006548530779
76.75 76.7 76.8 0.007897809325
76.85 76.8 76.9 0.005150342739
76.95 76.9 77 0.006762454795
77.05 77 77.1 0.004934450491
77.15 77.1 77.2 0.008009301704
77.25 77.2 77.3 0.007880098795
77.35 77.3 77.4 0.005068396825
77.45 77.4 77.5 0.005503733173
77.55 77.5 77.6 0.00621690111
77.65 77.6 77.7 0.007587836219
77.75 77.7 77.8 0.0155203542
77.85 77.8 77.9 0.007849384441
77.95 77.9 78 0.005997198852
78.05 78 78.1 0.006888689424
78.15 78.1 78.2 0.006729248798
78.25 78.2 78.3 0.00817193729
78.35 78.3 78.4 0.002885521806
78.45 78.4 78.5 0.005514632482
78.55 78.5 78.6 0.009168272587
78.65 78.6 78.7 0.00842880704
78.75 78.7 78.8 0.00774264554
78.85 78.8 78.9 0.005231226858
78.95 78.9 79 0.004499704961
79.05 79 79.1 0.006913500913
79.15 79.1 79.2 0.004693748495
79.25 79.2 79.3 0.008047217685
79.35 79.3 79.4 0.00815178332
79.45 79.4 79.5 0.005398939487
79.55 79.5 79.6 0.008289146259
79.65 79.6 79.7 0.006921553668
79.75 79.7 79.8 0.005338488418
79.85 79.8 79.9 0.0053225369
79.95 79.9 80 0.005113778824
80.05 80 80.1 0.005257797287
80.15 80.1 80.2 0.007696655626
80.25 80.2 80.3 0.007471852145
80.35 80.3 80.4 0.009904185667
80.45 80.4 80.5 0.003729543252
80.55 80.5 80.6 0.006388917979
80.65 80.6 80.7 0.003623351175
80.75 80.7 80.8 0.005693176913
80.85 80.8 80.9 0.00790936148
80.95 80.9 81 0.006786260296
81.05 81 81.1 0.001102019812
81.15 81.1 81.2 0.008476933614
81.25 81.2 81.3 0.003132044927
81.35 81.3 81.4 0.006242609667
81.45 81.4 81.5 0.005906985078
81.55 81.5 81.6 0.004228401993
81.65 81.6 81.7 0.00762996824
81.75 81.7 81.8 0.005652332115
81.85 81.8 81.9 0.006882049689
81.95 81.9 82 0.007214039008
82.05 82 82.1 0.005088233583
82.15 82.1 82.2 0.006159750485
82.25 82.2 82.3 0.006274964237
82.35 82.3 82.4 0.004569570962
82.45 82.4 82.5 0.006213784497
82.55 82.5 82.6 0.007111609428
82.65 82.6 82.7 0.003045632795
82.75 82.7 82.8 0.00559354153
82.85 82.8 82.9 0.002664052406
82.95 82.9 83 0.006258606168
83.05 83 83.1 0.006261929446
83.15 83.1 83.2 0.005126471822
83.25 83.2 83.3 0.005983749779
83.35 83.3 83.4 0.005591658156
83.45 83.4 83.5 0.004618453805
83.55 83.5 83.6 0.004746914948
83.65 83.6 83.7 0.00603946502
83.75 83.7 83.8 0.002931364242
83.85 83.8 83.9 0.006056834717
83.95 83.9 84 0.005112236292
84.05 84 84.1 0.006505733852
84.15 84.1 84.2 0.007551959449
84.25 84.2 84.3 0.004874187013
84.35 84.3 84.4 0.005117956379
84.45 84.4 84.5 0.003319790704
84.55 84.5 84.6 0.004044375622
84.65 84.6 84.7 0.00428229836
84.75 84.7 84.8 0.004324360393
84.85 84.8 84.9 0.003254047903
84.95 84.9 85 0.0048417355
85.05 85 85.1 0.003957408912
85.15 85.1 85.2 0.004791635273
85.25 85.2 85.3 0.004666744146
85.35 85.3 85.4 0.008419125053
85.45 85.4 85.5 0.002378091325
85.55 85.5 85.6 0.005111898275
85.65 85.6 85.7 0.003103924224
85.75 85.7 85.8 0.005411236073
85.85 85.8 85.9 0.003038685646
85.95 85.9 86 0.003542370657
86.05 86 86.1 0.004569903961
86.15 86.1 86.2 0.008137563444
86.25 86.2 86.3 0.001768952747
86.35 86.3 86.4 0.005773295465
86.45 86.4 86.5 0.005278740058
86.55 86.5 86.6 0.003932897154
86.65 86.6 86.7 0.004810839389
86.75 86.7 86.8 0.005647007861
86.85 86.8 86.9 0.004375386984
86.95 86.9 87 0.006136203192
87.05 87 87.1 0.003783897996
87.15 87.1 87.2 0.002589201025
87.25 87.2 87.3 0.004785277136
87.35 87.3 87.4 0.004877802911
87.45 87.4 87.5 0.004579911999
87.55 87.5 87.6 0.004052984586
87.65 87.6 87.7 0.005025400716
87.75 87.7 87.8 0.002777876485
87.85 87.8 87.9 0.003626380422
87.95 87.9 88 0.001548950836
88.05 88 88.1 0.006643588358
88.15 88.1 88.2 0.0009947253379
88.25 88.2 88.3 0.003894718061
88.35 88.3 88.4 0.004864064898
88.45 88.4 88.5 0.005424132922
88.55 88.5 88.6 0.006648819091
88.65 88.6 88.7 0.004115116289
88.75 88.7 88.8 0.005291086325
88.85 88.8 88.9 0.006744437715
88.95 88.9 89 0.002010477446
89.05 89 89.1 0.006649012161
89.15 89.1 89.2 0.005221022258
89.25 89.2 89.3 0.005507030637
89.35 89.3 89.4 0.004765291986
89.45 89.4 89.5 0.004141535998
89.55 89.5 89.6 0.007842428649
89.65 89.6 89.7 0.005580598399
89.75 89.7 89.8 0.004135880656
89.85 89.8 89.9 0.006101192789
89.95 89.9 90 0.004184022848
90.05 90 90.1 0.003899085197
90.15 90.1 90.2 0.005695839074
90.25 90.2 90.3 0.004602858703
90.35 90.3 90.4 0.005221994477
90.45 90.4 90.5 0.004825631501
90.55 90.5 90.6 0.005550161745
90.65 90.6 90.7 0.002858513391
90.75 90.7 90.8 0.005374908825
90.85 90.8 90.9 0.003879309594
90.95 90.9 91 0.0025984837
91.05 91 91.1 0.004414446143
91.15 91.1 91.2 0.004564546416
91.25 91.2 91.3 0.004970785722
91.35 91.3 91.4 0.005724068284
91.45 91.4 91.5 0.0029366597
91.55 91.5 91.6 0.004573850937
91.65 91.6 91.7 0.006513529596
91.75 91.7 91.8 0.00593550809
91.85 91.8 91.9 0.005159490018
91.95 91.9 92 0.005929035729
92.05 92 92.1 0.004040701129
92.15 92.1 92.2 0.005438089928
92.25 92.2 92.3 0.004250368221
92.35 92.3 92.4 0.004543617863
92.45 92.4 92.5 0.003807948617
92.55 92.5 92.6 0.005477031577
92.65 92.6 92.7 0.003497959642
92.75 92.7 92.8 0.003658480726
92.85 92.8 92.9 0.005261282683
92.95 92.9 93 0.006469381376
93.05 93 93.1 0.002815389098
93.15 93.1 93.2 0.002082690523
93.25 93.2 93.3 0.004030714033
93.35 93.3 93.4 0.005926465826
93.45 93.4 93.5 0.006627033894
93.55 93.5 93.6 0.003701371922
93.65 93.6 93.7 0.002993142954
93.75 93.7 93.8 0.003593585914
93.85 93.8 93.9 0.002473360781
93.95 93.9 94 0.006030652438
94.05 94 94.1 0.003810004753
94.15 94.1 94.2 0.003682141147
94.25 94.2 94.3 0.004398416487
94.35 94.3 94.4 0.006721226543
94.45 94.4 94.5 0.005214156095
94.55 94.5 94.6 0.004263256669
94.65 94.6 94.7 0.004099063699
94.75 94.7 94.8 0.003931090115
94.85 94.8 94.9 0.00555576102
94.95 94.9 95 0.004489119062
95.05 95 95.1 0.004962549223
95.15 95.1 95.2 0.006174703816
95.25 95.2 95.3 0.00505652094
95.35 95.3 95.4 0.005367567933
95.45 95.4 95.5 0.00375496971
95.55 95.5 95.6 0.0057439765
95.65 95.6 95.7 0.002454281516
95.75 95.7 95.8 0.005143628414
95.85 95.8 95.9 0.004304770441
95.95 95.9 96 0.005926730035
96.05 96 96.1 0.004576961603
96.15 96.1 96.2 0.003976604479
96.25 96.2 96.3 0.004330546966
96.35 96.3 96.4 0.002634536213
96.45 96.4 96.5 0.004582787317
96.55 96.5 96.6 0.006494940834
96.65 96.6 96.7 0.005637243611
96.75 96.7 96.8 0.00574146419
96.85 96.8 96.9 0.003792649491
96.95 96.9 97 0.005335761843
97.05 97 97.1 0.005235590709
97.15 97.1 97.2 0.004223495573
97.25 97.2 97.3 0.003369870884
97.35 97.3 97.4 0.00575306476
97.45 97.4 97.5 0.006063661352
97.55 97.5 97.6 0.002284347031
97.65 97.6 97.7 0.006538590027
97.75 97.7 97.8 0.004641758328
97.85 97.8 97.9 0.006690104631
97.95 97.9 98 0.005787065554
98.05 98 98.1 0.006591077192
98.15 98.1 98.2 0.004631552616
98.25 98.2 98.3 0.006710985762
98.35 98.3 98.4 0.004955656086
98.45 98.4 98.5 0.007518395669
98.55 98.5 98.6 0.005090274413
98.65 98.6 98.7 0.00340323795
98.75 98.7 98.8 0.006166370321
98.85 98.8 98.9 0.004988302357
98.95 98.9 99 0.005522435562
99.05 99 99.1 0.00228662347
99.15 99.1 99.2 0.006974923957
99.25 99.2 99.3 0.006436235374
99.35 99.3 99.4 0.004752806752
99.45 99.4 99.5 0.003619913585
99.55 99.5 99.6 0.002947885446
99.65 99.6 99.7 0.003212233786
99.75 99.7 99.8 0.005721857851
99.85 99.8 99.9 0.00400616017
99.95 99.9 100 0.005538909734
100.05 100 100.1 0.005480538535
100.15 100.1 100.2 0.002529524693
100.25 100.2 100.3 0.003336020093
100.35 100.3 100.4 0.00413396379
100.45 100.4 100.5 0.00363457002
100.55 100.5 100.6 0.003402463749
100.65 100.6 100.7 0.005479533999
100.75 100.7 100.8 0.003180257158
100.85 100.8 100.9 0.004623085733
100.95 100.9 101 0.003876901206
101.05 101 101.1 0.006847609927
101.15 101.1 101.2 0.003699731207
101.25 101.2 101.3 0.005044384645
101.35 101.3 101.4 0.005242241469
101.45 101.4 101.5 0.004642044401
101.55 101.5 101.6 0.004322452515
101.65 101.6 101.7 0.005239554371
101.75 101.7 101.8 0.004620231358
101.85 101.8 101.9 0.004681648857
101.95 101.9 102 0.004165623073
102.05 102 102.1 0.001823829237
102.15 102.1 102.2 0.0004735484114
102.25 102.2 102.3 0.004118564218
102.35 102.3 102.4 0.004505278639
102.45 102.4 102.5 0.002132279127
102.55 102.5 102.6 0.003196906398
102.65 102.6 102.7 0.003807386107
102.75 102.7 102.8 0.004302894917
102.85 102.8 102.9 0.002144034264
102.95 102.9 103 0.002140811912
103.05 103 103.1 0.004355099191
103.15 103.1 103.2 0.007600091948
103.25 103.2 103.3 0.005600116787
103.35 103.3 103.4 0.003452882672
103.45 103.4 103.5 0.004546715685
103.55 103.5 103.6 0.003573244862
103.65 103.6 103.7 0.005914707073
103.75 103.7 103.8 0.003307726554
103.85 103.8 103.9 0.004522028393
103.95 103.9 104 0.003153515212
104.05 104 104.1 0.004174690157
104.15 104.1 104.2 0.004451430511
104.25 104.2 104.3 0.004702722382
104.35 104.3 104.4 0.004042281214
104.45 104.4 104.5 0.005156871655
104.55 104.5 104.6 0.005735462745
104.65 104.6 104.7 0.00318554361
104.75 104.7 104.8 0.004068011273
104.85 104.8 104.9 0.002460447625
104.95 104.9 105 0.003031673002
105.05 105 105.1 0.004764512888
105.15 105.1 105.2 0.006688733507
105.25 105.2 105.3 0.00401232854
105.35 105.3 105.4 0.004611276674
105.45 105.4 105.5 0.003696793695
105.55 105.5 105.6 0.003426098923
105.65 105.6 105.7 0.001464658685
105.75 105.7 105.8 0.004742575478
105.85 105.8 105.9 0.004342857206
105.95 105.9 106 0.005847276076
106.05 106 106.1 0.002975938666
106.15 106.1 106.2 0.00574866742
106.25 106.2 106.3 0.003046716063
106.35 106.3 106.4 0.00277766404
106.45 106.4 106.5 0.001870637151
106.55 106.5 106.6 0.003993990656
106.65 106.6 106.7 0.003889451711
106.75 106.7 106.8 0.001998597243
106.85 106.8 106.9 0.004097007769
106.95 106.9 107 0.002326515561
107.05 107 107.1 0.001371013014
107.15 107.1 107.2 0.001956189503
107.25 107.2 107.3 0.002161876309
107.35 107.3 107.4 0.005022013517
107.45 107.4 107.5 0.002548598891
107.55 107.5 107.6 0.00562884342
107.65 107.6 107.7 0.001868849258
107.75 107.7 107.8 0.004171331008
107.85 107.8 107.9 0.004198327525
107.95 107.9 108 0.003929473029
108.05 108 108.1 0.0005969046488
108.15 108.1 108.2 0.005359038892
108.25 108.2 108.3 0.001867799542
108.35 108.3 108.4 0.002818395807
108.45 108.4 108.5 0.003206162304
108.55 108.5 108.6 0.002708682953
108.65 108.6 108.7 0.004734836333
108.75 108.7 108.8 0.0007353399447
108.85 108.8 108.9 0.002184839255
108.95 108.9 109 0.002732411675
109.05 109 109.1 0.004095259143
109.15 109.1 109.2 0.003790398985
109.25 109.2 109.3 0.0007446376458
109.35 109.3 109.4 0.002122959616
109.45 109.4 109.5 0.003387599876
109.55 109.5 109.6 0.001180654425
109.65 109.6 109.7 0.002088205831
109.75 109.7 109.8 0.002473463458
109.85 109.8 109.9 0.001713086202
109.95 109.9 110 0.002698522654
110.05 110 110.1 0.003378364711
110.15 110.1 110.2 0.0004763793818
110.25 110.2 110.3 0.00409100844
110.35 110.3 110.4 0.001969437889
110.45 110.4 110.5 0.001514823187
110.55 110.5 110.6 0.001533054182
110.65 110.6 110.7 0.002809091971
110.75 110.7 110.8 0.001263991861
110.85 110.8 110.9 0.0046618117
110.95 110.9 111 0.002190300347
111.05 111 111.1 0.002359899459
111.15 111.1 111.2 0.00285790479
111.25 111.2 111.3 0.003368080883
111.35 111.3 111.4 0.001029477769
111.45 111.4 111.5 0.002541616049
111.55 111.5 111.6 0.0008902949097
111.65 111.6 111.7 0.002333017648
111.75 111.7 111.8 0.003276018097
111.85 111.8 111.9 0.002318827166
111.95 111.9 112 0.0002209587829
112.05 112 112.1 0.00332949169
112.15 112.1 112.2 0.003079989615
112.25 112.2 112.3 0.002641593809
112.35 112.3 112.4 0.00168595505
112.45 112.4 112.5 0.003989812276
112.55 112.5 112.6 0.002856160513
112.65 112.6 112.7 0.00215398792
112.75 112.7 112.8 0.001341474042
112.85 112.8 112.9 0.002021657043
112.95 112.9 113 0.001020066831
113.05 113 113.1 0.003025311425
113.15 113.1 113.2 0.001281424921
113.25 113.2 113.3 0.001975191026
113.35 113.3 113.4 0.001031193267
113.45 113.4 113.5 0.002411852974
113.55 113.5 113.6 0.003031790755
113.65 113.6 113.7 0.0009948740817
113.75 113.7 113.8 0.002786570033
113.85 113.8 113.9 4.187521164e-05
113.95 113.9 114 0.003086625687
114.05 114 114.1 0.001045871575
114.15 114.1 114.2 -0.0007906461696
114.25 114.2 114.3 0.001783942065
114.35 114.3 114.4 0.0007506470814
114.45 114.4 114.5 0.001001187192
114.55 114.5 114.6 0.0006707721495
114.65 114.6 114.7 0.0004032563513
114.75 114.7 114.8 0.002565081
114.85 114.8 114.9 0.002297676742
114.95 114.9 115 0.00272887221
115.05 115 115.1 0.000365405153
115.15 115.1 115.2 0.003102736025
115.25 115.2 115.3 -0.000137017766
115.35 115.3 115.4 0.001570704962
115.45 115.4 115.5 0.00141649723
115.55 115.5 115.6 0.003480154802
115.65 115.6 115.7 0.001971322145
115.75 115.7 115.8 0.001371578722
115.85 115.8 115.9 0.001419163708
115.95 115.9 116 0.001999235909
116.05 116 116.1 4.244954969e-05
116.15 116.1 116.2 -3.701297263e-05
116.25 116.2 116.3 -0.00176662233
116.35 116.3 116.4 0.001211411616
116.45 116.4 116.5 0.0002816495948
116.55 116.5 116.6 -8.512434951e-05
116.65 116.6 116.7 0.002689048286
116.75 116.7 116.8 9.357059072e-05
116.85 116.8 116.9 0.003846367767
116.95 116.9 117 0.000292145359
117.05 117 117.1 0.00141797028
117.15 117.1 117.2 0.0007228871525
117.25 117.2 117.3 0.001284597627
117.35 117.3 117.4 0.001708785243
117.45 117.4 117.5 0.0004903741321
117.55 117.5 117.6 -0.0004050353877
117.65 117.6 117.7 0.001284068113
117.75 117.7 117.8 0.001307833559
117.85 117.8 117.9 0.001904006402
117.95 117.9 118 0.00218280374
118.05 118 118.1 0.0003495325326
118.15 118.1 118.2 0.0008497522366
118.25 118.2 118.3 -7.53710864e-05
118.35 118.3 118.4 0.001754967466
118.45 118.4 118.5 0.002072347477
118.55 118.5 118.6 0.001636944866
118.65 118.6 118.7 -0.0005738441087
118.75 118.7 118.8 0.001237037118
118.85 118.8 118.9 0.003053049081
118.95 118.9 119 0.0007593816026
119.05 119 119.1 0.001391835868
119.15 119.1 119.2 -2.472128046e-05
119.25 119.2 119.3 0.002180918207
119.35 119.3 119.4 0.002012640597
119.45 119.4 119.5 -1.676743317e-05
119.55 119.5 119.6 0.001927116147
119.65 119.6 119.7 0.001752744731
119.75 119.7 119.8 0.002731685806
119.85 119.8 119.9 0.0008750391965
119.95 119.9 120 0.00158394107
120.05 120 120.1 -0.0006513994881
120.15 120.1 120.2 0.001753155065
120.25 120.2 120.3 0.0003561413407
120.35 120.3 120.4 0.0006650985114
120.45 120.4 120.5 0.0005312004535
120.55 120.5 120.6 -0.0005762726238
120.65 120.6 120.7 0.001368727806
120.75 120.7 120.8 -0.000912869804
120.85 120.8 120.9 0.002550591193
120.95 120.9 121 0.002166409475
121.05 121 121.1 0.001162841307
121.15 121.1 121.2 -0.001372304607
121.25 121.2 121.3 0.001484099165
121.35 121.3 121.4 0.002691348123
121.45 121.4 121.5 -0.0002211264023
121.55 121.5 121.6 -0.001380736172
121.65 121.6 121.7 0.001630987384
121.75 121.7 121.8 0.00349252959
121.85 121.8 121.9 0.001642559543
121.95 121.9 122 0.001432970631
122.05 122 122.1 0.002007700495
122.15 122.1 122.2 0.00046526367
122.25 122.2 122.3 0.003213292208
122.35 122.3 122.4 0.001935992272
122.45 122.4 122.5 -0.0002507672158
122.55 122.5 122.6 0.0004804258283
122.65 122.6 122.7 0.002256694107
122.75 122.7 122.8 0.0008058960867
122.85 122.8 122.9 0.0001144749212
122.95 122.9 123 -0.00129946266
123.05 123 123.1 -0.0003342432979
123.15 123.1 123.2 0.0005014531046
123.25 123.2 123.3 0.002574832312
123.35 123.3 123.4 0.001323022176
123.45 123.4 123.5 0.00106174612
123.55 123.5 123.6 0.0004298877882
123.65 123.6 123.7 0.002793863253
123.75 123.7 123.8 0.001035910825
123.85 123.8 123.9 0.001372116794
123.95 123.9 124 0.001294505408
124.05 124 124.1 -1.872154774e-06
124.15 124.1 124.2 0.001992147447
124.25 124.2 124.3 0.00150718878
124.35 124.3 124.4 -0.0001730165769
124.45 124.4 124.5 -0.001134272286
124.55 124.5 124.6 -0.00098866124
124.65 124.6 124.7 0.001163728195
124.75 124.7 124.8 0.0007393506295
124.85 124.8 124.9 0.0008327333925
124.95 124.9 125 0.002410301781
125.05 125 125.1 0.00355922304
125.15 125.1 125.2 0.001377163038
125.25 125.2 125.3 0.001032072363
125.35 125.3 125.4 -0.0001901981957
125.45 125.4 125.5 -0.0006391695618
125.55 125.5 125.6 -0.0003014621096
125.65 125.6 125.7 0.0002546737044
125.75 125.7 125.8 0.001032079451
125.85 125.8 125.9 0.0003247900493
125.95 125.9 126 0.001210631514
126.05 126 126.1 0.0006014010993
126.15 126.1 126.2 0.000473082465
126.25 126.2 126.3 0.001550051286
126.35 126.3 126.4 0.002058891715
126.45 126.4 126.5 0.001138429649
126.55 126.5 126.6 0.001682367583
126.65 126.6 126.7 0.000928574497
126.75 126.7 126.8 0.000302083714
126.85 126.8 126.9 0.001118742106
126.95 126.9 127 0.001643212398
127.05 127 127.1 0.001003161709
127.15 127.1 127.2 -0.0006866535645
127.25 127.2 127.3 0.002401305642
127.35 127.3 127.4 0.001270207721
127.45 127.4 127.5 0.001323362905
127.55 127.5 127.6 -0.001487125957
127.65 127.6 127.7 0.001187872759
127.75 127.7 127.8 0.002266312552
127.85 127.8 127.9 0.001322744369
127.95 127.9 128 0.0001392391677
128.05 128 128.1 0.001917322049
128.15 128.1 128.2 0.00140832483
128.25 128.2 128.3 0.0009574626594
128.35 128.3 128.4 0.0002183874526
128.45 128.4 128.5 0.0003730484285
128.55 128.5 128.6 0.0003020651486
128.65 128.6 128.7 0.001518078737
128.75 128.7 128.8 -0.0007641947404
128.85 128.8 128.9 -0.001223480204
128.95 128.9 129 0.0008185223732
129.05 129 129.1 7.223910465e-05
129.15 129.1 129.2 0.0007139046741
129.25 129.2 129.3 -0.001896829568
129.35 129.3 129.4 -0.0008548708824
129.45 129.4 129.5 0.0003530030438
129.55 129.5 129.6 -0.0004895462667
129.65 129.6 129.7 0.0003290055096
129.75 129.7 129.8 0.0002715144879
129.85 129.8 129.9 0.001042573655
129.95 129.9 130 0.001222312172
130.05 130 130.1 0.001470137712
130.15 130.1 130.2 -0.0009703754189
130.25 130.2 130.3 -3.354624646e-05
130.35 130.3 130.4 0.0001869844591
130.45 130.4 130.5 -0.00109266004
130.55 130.5 130.6 -0.002099745554
130.65 130.6 130.7 -5.996217232e-05
130.75 130.7 130.8 0.001087880945
130.85 130.8 130.9 0.001349893354
130.95 130.9 131 -0.0005090981087
131.05 131 131.1 0.0001268900052
131.15 131.1 131.2 -0.000566557208
131.25 131.2 131.3 0.00145485311
131.35 131.3 131.4 0.0009566490026
131.45 131.4 131.5 -0.001558146059
131.55 131.5 131.6 0.0001653693271
131.65 131.6 131.7 0.001590023504
131.75 131.7 131.8 -0.001524241839
131.85 131.8 131.9 0.002001501951
131.95 131.9 132 -0.0008650868246
132.05 132 132.1 -0.0007602946993
132.15 132.1 132.2 0.0001405421302
132.25 132.2 132.3 2.701305281e-05
132.35 132.3 132.4 -0.0009025761091
132.45 132.4 132.5 -0.0008104465418
132.55 132.5 132.6 0.0002524702974
132.65 132.6 132.7 0.0001661580016
132.75 132.7 132.8 6.086631301e-05
132.85 132.8 132.9 -0.001464119042
132.95 132.9 133 0.000150819443
133.05 133 133.1 -0.000170484998
133.15 133.1 133.2 0.0002616986396
133.25 133.2 133.3 -0.0001867173398
133.35 133.3 133.4 0.0006497185533
133.45 133.4 133.5 0.001164788452
133.55 133.5 133.6 0.001485814286
133.65 133.6 133.7 -0.0006028967402
133.75 133.7 133.8 -0.0008509894356
133.85 133.8 133.9 0.0002701187886
133.95 133.9 134 -0.0005326302778
134.05 134 134.1 -0.0001582689686
134.15 134.1 134.2 -0.0002134403106
134.25 134.2 134.3 -0.001218682838
134.35 134.3 134.4 -0.001065882751
134.45 134.4 134.5 0.0001441286783
134.55 134.5 134.6 -0.0006873711149
134.65 134.6 134.7 -0.0009119372713
134.75 134.7 134.8 0.0009244177802
134.85 134.8 134.9 -0.0004482439874
134.95 134.9 135 -0.001328888158
135.05 135 135.1 0.0001483726503
135.15 135.1 135.2 -0.0002474019938
135.25 135.2 135.3 0.0006278266212
135.35 135.3 135.4 0.0004972781569
135.45 135.4 135.5 -0.0009521941048
135.55 135.5 135.6 0.0004659184117
135.65 135.6 135.7 -0.0001097733829
135.75 135.7 135.8 -0.000296857866
135.85 135.8 135.9 0.0006973923413
135.95 135.9 136 -0.0006723397419
136.05 136 136.1 -0.001546735165
136.15 136.1 136.2 -0.0001498948515
136.25 136.2 136.3 0.001306231201
136.35 136.3 136.4 -0.0009546161087
136.45 136.4 136.5 -0.0003651949775
136.55 136.5 136.6 0.0004493732346
136.65 136.6 136.7 0.002327792927
136.75 136.7 136.8 -0.0007418427108
136.85 136.8 136.9 -0.001508634858
136.95 136.9 137 0.0004440482319
137.05 137 137.1 -0.002621654617
137.15 137.1 137.2 -0.0007484259747
137.25 137.2 137.3 -0.001922673853
137.35 137.3 137.4 -0.0004902075712
137.45 137.4 137.5 -0.0001161154198
137.55 137.5 137.6 0.001207937851
137.65 137.6 137.7 -0.0002417510865
137.75 137.7 137.8 0.0006623298688
137.85 137.8 137.9 -0.0006858630705
137.95 137.9 138 0.0002849282978
138.05 138 138.1 -0.0004340006525
138.15 138.1 138.2 0.0008066411958
138.25 138.2 138.3 -0.0004530565533
138.35 138.3 138.4 -6.089191103e-05
138.45 138.4 138.5 -0.002058581524
138.55 138.5 138.6 1.246143371e-05
138.65 138.6 138.7 -4.841872235e-05
138.75 138.7 138.8 -0.0003035177653
138.85 138.8 138.9 -0.0004885428618
138.95 138.9 139 -0.001022923355
139.05 139 139.1 0.0007212711956
139.15 139.1 139.2 1.090684732e-05
139.25 139.2 139.3 -9.441026265e-05
139.35 139.3 139.4 0.001558982532
139.45 139.4 139.5 -0.0006421407995
139.55 139.5 139.6 -0.0003841043166
139.65 139.6 139.7 -0.001157246112
139.75 139.7 139.8 -0.001463687546
139.85 139.8 139.9 5.864000586e-05
139.95 139.9 140 -0.001016661145
140.05 140 140.1 0.0002732312628
140.15 140.1 140.2 -0.001071465223
140.25 140.2 140.3 -0.000629590488
140.35 140.3 140.4 -0.000295956552
140.45 140.4 140.5 -0.0004821609711
140.55 140.5 140.6 -0.0006770251371
140.65 140.6 140.7 -0.0005599402215
140.75 140.7 140.8 -0.0009301849237
140.85 140.8 140.9 -0.0004486372917
140.95 140.9 141 -0.0005480857
141.05 141 141.1 0.0003088946195
141.15 141.1 141.2 0.0005260360445
141.25 141.2 141.3 -0.0001303721481
141.35 141.3 141.4 0.0009417759125
141.45 141.4 141.5 -0.002176239846
141.55 141.5 141.6 -0.0004719174471
141.65 141.6 141.7 0.0007022756652
141.75 141.7 141.8 0.001157229836
141.85 141.8 141.9 -0.0008114876344
141.95 141.9 142 -0.0009546508805
142.05 142 142.1 -0.002134133139
142.15 142.1 142.2 0.0007694003994
142.25 142.2 142.3 -0.001738042556
142.35 142.3 142.4 -0.0007404257064
142.45 142.4 142.5 0.0006984110112
142.55 142.5 142.6 -0.0001013649502
142.65 142.6 142.7 0.0003505846325
142.75 142.7 142.8 -0.001140350301
142.85 142.8 142.9 -0.0009086190501
142.95 142.9 143 -0.0003646426387
143.05 143 143.1 0.0001728213214
143.15 143.1 143.2 -8.857013003e-05
143.25 143.2 143.3 0.001505445946
143.35 143.3 143.4 -0.001938950677
143.45 143.4 143.5 0.0006361983926
143.55 143.5 143.6 0.001399379628
143.65 143.6 143.7 -0.001223293356
143.75 143.7 143.8 -0.001608583036
143.85 143.8 143.9 0.0003348436283
143.95 143.9 144 0.000183438791
144.05 144 144.1 -1.186281322e-05
144.15 144.1 144.2 0.002375961224
144.25 144.2 144.3 -0.0003254770236
144.35 144.3 144.4 -0.001066733167
144.45 144.4 144.5 0.0002921648988
144.55 144.5 144.6 0.0001783503708
144.65 144.6 144.7 -0.001275781609
144.75 144.7 144.8 -0.002483371919
144.85 144.8 144.9 0.0001518045088
144.95 144.9 145 6.020855708e-05
145.05 145 145.1 -0.0009414742521
145.15 145.1 145.2 -0.0004084386828
145.25 145.2 145.3 -0.0001767466652
145.35 145.3 145.4 0.0002029873304
145.45 145.4 145.5 -0.0002377972941
145.55 145.5 145.6 0.00122771918
145.65 145.6 145.7 -0.001926746527
145.75 145.7 145.8 0.0009987821608
145.85 145.8 145.9 -0.001831992478
145.95 145.9 146 0.001856185173
146.05 146 146.1 -9.145936185e-05
146.15 146.1 146.2 -0.000460577187
146.25 146.2 146.3 -0.0004477584101
146.35 146.3 146.4 -0.0002792480281
146.45 146.4 146.5 -0.001332698746
146.55 146.5 146.6 -0.0002236516437
146.65 146.6 146.7 0.000498168221
146.75 146.7 146.8 0.0004355309834
146.85 146.8 146.9 -0.000420417372
146.95 146.9 147 -0.0003431087576
147.05 147 147.1 0.0004865160878
147.15 147.1 147.2 -0.00060196791
147.25 147.2 147.3 0.0007318994445
147.35 147.3 147.4 -0.002171449031
147.45 147.4 147.5 -0.001378740849
147.55 147.5 147.6 -0.0004076381427
147.65 147.6 147.7 -4.987995672e-06
147.75 147.7 147.8 -0.0002520073845
147.85 147.8 147.9 -0.0003159408298
147.95 147.9 148 -0.001490568537
148.05 148 148.1 -0.001512715073
148.15 148.1 148.2 -0.001308230831
148.25 148.2 148.3 0.001349557509
148.35 148.3 148.4 -0.001295498837
148.45 148.4 148.5 -0.0003218743824
148.55 148.5 148.6 0.0001721635316
148.65 148.6 148.7 -0.0008791678212
148.75 148.7 148.8 1.957380885e-05
148.85 148.8 148.9 -0.0003790821292
148.95 148.9 149 -0.001575406912
149.05 149 149.1 -1.186774737e-05
149.15 149.1 149.2 -0.003116538354
149.25 149.2 149.3 -0.0001881188352
149.35 149.3 149.4 -0.001604694503
149.45 149.4 149.5 -0.001410494118
149.55 149.5 149.6 0.0002515023164
149.65 149.6 149.7 -3.657722387e-05
149.75 149.7 149.8 -0.0005822312878
149.85 149.8 149.9 -5.753303949e-05
149.95 149.9 150 -0.001140401268
150.05 150 150.1 -0.001691698478
150.15 150.1 150.2 -0.001345603185
150.25 150.2 150.3 -0.0004065090497
150.35 150.3 150.4 -0.000818373436
150.45 150.4 150.5 -0.002065370192
150.55 150.5 150.6 -0.0006974986582
150.65 150.6 150.7 -0.0001588887732
150.75 150.7 150.8 0.0005290308792
150.85 150.8 150.9 0.0003177701302
150.95 150.9 151 1.948079838e-05
151.05 151 151.1 -0.001343818344
151.15 151.1 151.2 -0.001137406584
151.25 151.2 151.3 -0.001193850741
151.35 151.3 151.4 -0.002429992591
151.45 151.4 151.5 0.0002110516849
151.55 151.5 151.6 -0.0008239456544
151.65 151.6 151.7 -0.001189402702
151.75 151.7 151.8 -0.0010814841
151.85 151.8 151.9 -0.0004643495447
151.95 151.9 152 0.0003259656957
152.05 152 152.1 -0.0001232778246
152.15 152.1 152.2 -0.002165762806
152.25 152.2 152.3 0.0002146355647
152.35 152.3 152.4 -0.0013744704
152.45 152.4 152.5 -0.001032869892
152.55 152.5 152.6 -0.002659102063
152.65 152.6 152.7 -0.0001445913178
152.75 152.7 152.8 -0.001202149661
152.85 152.8 152.9 -0.0003274143014
152.95 152.9 153 -0.00138636217
153.05 153 153.1 0.0008983645732
153.15 153.1 153.2 -9.757974118e-05
153.25 153.2 153.3 -0.0001623849808
153.35 153.3 153.4 -0.0007685152999
153.45 153.4 153.5 -0.0002858235235
153.55 153.5 153.6 -0.0004752026054
153.65 153.6 153.7 -0.0007456974436
153.75 153.7 153.8 0.0003020758727
153.85 153.8 153.9 -0.001678234749
153.95 153.9 154 -0.001508973054
154.05 154 154.1 0.001120131337
154.15 154.1 154.2 -0.00127881949
154.25 154.2 154.3 -0.001070790636
154.35 154.3 154.4 -0.001075834181
154.45 154.4 154.5 -0.001302078477
154.55 154.5 154.6 0.0004321763062
154.65 154.6 154.7 -0.001051576267
154.75 154.7 154.8 -0.001592491183
154.85 154.8 154.9 0.001429359118
154.95 154.9 155 -0.0006626276916
155.05 155 155.1 -9.41067773e-05
155.15 155.1 155.2 -0.0005256495012
155.25 155.2 155.3 0.001248624863
155.35 155.3 155.4 -0.002152066993
155.45 155.4 155.5 -0.0008761263812
155.55 155.5 155.6 -0.001344308228
155.65 155.6 155.7 -0.0004564957538
155.75 155.7 155.8 -0.002080447838
155.85 155.8 155.9 -0.00191468492
155.95 155.9 156 -0.001027937773
156.05 156 156.1 -0.0003653620231
156.15 156.1 156.2 0.0002183711661
156.25 156.2 156.3 -0.0008779598608
156.35 156.3 156.4 -0.000976388335
156.45 156.4 156.5 -0.001561951247
156.55 156.5 156.6 -0.0009746669847
156.65 156.6 156.7 -0.000697047366
156.75 156.7 156.8 0.0008554998845
156.85 156.8 156.9 4.244975618e-05
156.95 156.9 157 -0.0006346308803
157.05 157 157.1 -0.001860808933
157.15 157.1 157.2 9.563686345e-05
157.25 157.2 157.3 -0.001347796919
157.35 157.3 157.4 -0.0007518790286
157.45 157.4 157.5 0.001663988194
157.55 157.5 157.6 -0.001505596582
157.65 157.6 157.7 -0.001764975231
157.75 157.7 157.8 0.0007608639369
157.85 157.8 157.9 -0.00191906516
157.95 157.9 158 -0.001214339784
158.05 158 158.1 -0.001195613285
158.15 158.1 158.2 -0.000381740786
158.25 158.2 158.3 -0.0002359526358
158.35 158.3 158.4 -0.0008232416054
158.45 158.4 158.5 -0.0004231282272
158.55 158.5 158.6 -0.001703854299
158.65 158.6 158.7 -0.001531889399
158.75 158.7 158.8 -0.001146117529
158.85 158.8 158.9 -3.155588286e-05
158.95 158.9 159 -0.001619774022
159.05 159 159.1 -0.001265488749
159.15 159.1 159.2 0.0002611859342
159.25 159.2 159.3 -0.001232089831
159.35 159.3 159.4 -0.0003335467982
159.45 159.4 159.5 -0.0004613854164
159.55 159.5 159.6 -0.001706647831
159.65 159.6 159.7 -0.0008276410788
159.75 159.7 159.8 -0.002323437372
159.85 159.8 159.9 0.0001127641263
159.95 159.9 160 -0.0009168299897
160.05 160 160.1 -0.0002597185841
160.15 160.1 160.2 0.0003287404017
160.25 160.2 160.3 -0.002381301894
160.35 160.3 160.4 -0.001834857988
160.45 160.4 160.5 -0.001277139712
160.55 160.5 160.6 -0.0006471199226
160.65 160.6 160.7 0.0005422475768
160.75 160.7 160.8 -0.0006034671186
160.85 160.8 160.9 0.000686550993
160.95 160.9 161 -0.00197078754
161.05 161 161.1 -0.00091567268
161.15 161.1 161.2 -0.000767614448
161.25 161.2 161.3 -0.001178368254
161.35 161.3 161.4 -0.001832039962
161.45 161.4 161.5 -3.717752349e-05
161.55 161.5 161.6 -0.001163421372
161.65 161.6 161.7 -0.001631727826
161.75 161.7 161.8 -0.0002041071719
161.85 161.8 161.9 -0.001555099334
161.95 161.9 162 -0.00270274232
162.05 162 162.1 -0.0004401317906
162.15 162.1 162.2 -0.001715089499
162.25 162.2 162.3 -0.003520690446
162.35 162.3 162.4 -0.002261978318
162.45 162.4 162.5 -0.001676985856
162.55 162.5 162.6 -0.003010296513
162.65 162.6 162.7 -0.0002465441292
162.75 162.7 162.8 -0.0005413503255
162.85 162.8 162.9 -0.0007139933273
162.95 162.9 163 -0.0006976209179
163.05 163 163.1 -0.001528219864
163.15 163.1 163.2 -0.001742524846
163.25 163.2 163.3 -0.002183655296
163.35 163.3 163.4 -0.0003755016918
163.45 163.4 163.5 -0.001202464944
163.55 163.5 163.6 -0.001122611407
163.65 163.6 163.7 -0.002570608716
163.75 163.7 163.8 -0.0007462405841
163.85 163.8 163.9 -0.0001569076464
163.95 163.9 164 -0.001722718793
164.05 164 164.1 -0.002968169854
164.15 164.1 164.2 -0.002009612988
164.25 164.2 164.3 -0.001096674627
164.35 164.3 164.4 -0.0007457612021
164.45 164.4 164.5 -0.0002323535185
164.55 164.5 164.6 -0.001408022059
164.65 164.6 164.7 -0.001398589804
164.75 164.7 164.8 -0.002533414367
164.85 164.8 164.9 -0.001528951073
164.95 164.9 165 -0.002455566545
165.05 165 165.1 -0.003437622904
165.15 165.1 165.2 -0.002755683479
165.25 165.2 165.3 -0.001084060367
165.35 165.3 165.4 0.0006981609631
165.45 165.4 165.5 7.63933675e-05
165.55 165.5 165.6 -0.0005388439707
165.65 165.6 165.7 -0.001514005023
165.75 165.7 165.8 -0.001789996614
165.85 165.8 165.9 -0.002290600738
165.95 165.9 166 -0.002446434801
166.05 166 166.1 -0.002098685799
166.15 166.1 166.2 -0.0008642849434
166.25 166.2 166.3 -0.0001334659772
166.35 166.3 166.4 -0.001954463914
166.45 166.4 166.5 -0.003800173275
166.55 166.5 166.6 -0.001593093074
166.65 166.6 166.7 0.0006781229244
166.75 166.7 166.8 -0.0010182954
166.85 166.8 166.9 -0.001068123944
166.95 166.9 167 -0.000792081085
167.05 167 167.1 -0.001744639238
167.15 167.1 167.2 -0.001317122181
167.25 167.2 167.3 -0.001285235238
167.35 167.3 167.4 -0.0008624170673
167.45 167.4 167.5 0.0005471892021
167.55 167.5 167.6 -0.0006919511105
167.65 167.6 167.7 -0.0004897031283
167.75 167.7 167.8 -0.001966060224
167.85 167.8 167.9 9.568871521e-05
167.95 167.9 168 -0.0002107619251
168.05 168 168.1 -0.0004725801218
168.15 168.1 168.2 -0.0006290663883
168.25 168.2 168.3 -0.0007549699693
168.35 168.3 168.4 -0.0007680737178
168.45 168.4 168.5 -0.001028121403
168.55 168.5 168.6 0.000414343003
168.65 168.6 168.7 -0.0007164891932
168.75 168.7 168.8 -0.0005017988969
168.85 168.8 168.9 -0.002062699427
168.95 168.9 169 -0.001350152031
169.05 169 169.1 -0.0005011945708
169.15 169.1 169.2 -0.0009227346342
169.25 169.2 169.3 -0.001361502587
169.35 169.3 169.4 -0.0007407205294
169.45 169.4 169.5 -0.0006996464012
169.55 169.5 169.6 -0.0007939915247
169.65 169.6 169.7 -0.0004354861248
169.75 169.7 169.8 -0.001048527224
169.85 169.8 169.9 -0.001216012003
169.95 169.9 170 -0.0008201063068
170.05 170 170.1 0.0004671921494
170.15 170.1 170.2 -0.00123998347
170.25 170.2 170.3 0.0001482249827
170.35 170.3 170.4 -0.000375203017
170.45 170.4 170.5 -0.0002869573535
170.55 170.5 170.6 -0.0005059401275
170.65 170.6 170.7 -0.001257276459
170.75 170.7 170.8 0.000588852862
170.85 170.8 170.9 -0.002045744103
170.95 170.9 171 6.550247101e-05
171.05 171 171.1 -0.0006401947509
171.15 171.1 171.2 -0.0005079727322
171.25 171.2 171.3 -5.446285564e-05
171.35 171.3 171.4 -0.001429243932
171.45 171.4 171.5 -0.0004205556727
171.55 171.5 171.6 -0.001242986122
171.65 171.6 171.7 -0.002272701478
171.75 171.7 171.8 -0.00150560224
171.85 171.8 171.9 -0.0006531143714
171.95 171.9 172 -0.00199022025
172.05 172 172.1 -0.0004271112576
172.15 172.1 172.2 0.0005475753377
172.25 172.2 172.3 -0.001171872679
172.35 172.3 172.4 -0.0003892972633
172.45 172.4 172.5 -0.00085110562
172.55 172.5 172.6 -0.001992668116
172.65 172.6 172.7 -0.0006741563391
172.75 172.7 172.8 -0.001298303385
172.85 172.8 172.9 -0.0014143986
172.95 172.9 173 -0.001397155434
173.05 173 173.1 -0.002951455526
173.15 173.1 173.2 -0.0006495546911
173.25 173.2 173.3 -0.002229136232
173.35 173.3 173.4 -0.001225354917
173.45 173.4 173.5 -0.001663524401
173.55 173.5 173.6 -0.0005098665244
173.65 173.6 173.7 -0.001910196311
173.75 173.7 173.8 -0.002212008856
173.85 173.8 173.9 -0.0003788791466
173.95 173.9 174 -0.000695986393
174.05 174 174.1 -0.000405563653
174.15 174.1 174.2 -0.0003280301518
174.25 174.2 174.3 -0.0005970121459
174.35 174.3 174.4 -0.001035303808
174.45 174.4 174.5 -0.001719671356
174.55 174.5 174.6 -0.001520888087
174.65 174.6 174.7 -0.001419425007
174.75 174.7 174.8 0.0003644390897
174.85 174.8 174.9 -0.0008316848329
174.95 174.9 175 -0.0002482915256
175.05 175 175.1 -0.001530144788
175.15 175.1 175.2 -0.001238616513
175.25 175.2 175.3 -0.0002464695039
175.35 175.3 175.4 -0.001306583813
175.45 175.4 175.5 -0.00049301137
175.55 175.5 175.6 -0.001673627817
175.65 175.6 175.7 -0.001079109359
175.75 175.7 175.8 -0.002457587891
175.85 175.8 175.9 -0.001677320961
175.95 175.9 176 -0.002070918001
176.05 176 176.1 0.0006283149392
176.15 176.1 176.2 -0.00102720744
176.25 176.2 176.3 -0.002079121941
176.35 176.3 176.4 -0.001853550204
176.45 176.4 176.5 -0.001273152969
176.55 176.5 176.6 -0.001083509242
176.65 176.6 176.7 0.0003699956689
176.75 176.7 176.8 0.0002554031988
176.85 176.8 176.9 -0.0007145230003
176.95 176.9 177 -0.001147697845
177.05 177 177.1 -0.00137264931
177.15 177.1 177.2 -0.0002888857779
177.25 177.2 177.3 -0.001769287208
177.35 177.3 177.4 -0.001152756888
177.45 177.4 177.5 -0.0006140105729
177.55 177.5 177.6 2.727989517e-05
177.65 177.6 177.7 -0.0009347120106
177.75 177.7 177.8 -0.00192520564
177.85 177.8 177.9 -0.001955304371
177.95 177.9 178 -0.0002801258273
178.05 178 178.1 -0.002140317466
178.15 178.1 178.2 -0.002461438325
178.25 178.2 178.3 -0.0004149994579
178.35 178.3 178.4 -0.002896610891
178.45 178.4 178.5 -0.001919993257
178.55 178.5 178.6 -0.001997485597
178.65 178.6 178.7 -0.0003403061909
178.75 178.7 178.8 -0.001618969251
178.85 178.8 178.9 -0.0007949876447
178.95 178.9 179 -0.001063165204
179.05 179 179.1 6.217795398e-05
179.15 179.1 179.2 -0.0007399696624
179.25 179.2 179.3 -0.000500196003
179.35 179.3 179.4 -0.001341515637
179.45 179.4 179.5 -0.0008318827913
179.55 179.5 179.6 -0.00156071596
179.65 179.6 179.7 -3.491735101e-06
179.75 179.7 179.8 -0.001578934624
179.85 179.8 179.9 -0.002213473693
179.95 179.9 180 -0.002539085181
180.05 180 180.1 -0.0001869044311
180.15 180.1 180.2 -0.0008221093663
180.25 180.2 180.3 0.0007726645495
180.35 180.3 180.4 -0.001568410695
180.45 180.4 180.5 0.0001185084797
180.55 180.5 180.6 0.001438185585
180.65 180.6 180.7 -0.001778244123
180.75 180.7 180.8 -0.00111502364
180.85 180.8 180.9 -0.001161214251
180.95 180.9 181 -0.001017046771
181.05 181 181.1 -5.401375292e-05
181.15 181.1 181.2 -0.001105965915
181.25 181.2 181.3 0.0005643972358
181.35 181.3 181.4 -0.0002075908768
181.45 181.4 181.5 0.0006400810521
181.55 181.5 181.6 -0.0006420044741
181.65 181.6 181.7 -6.064167042e-05
181.75 181.7 181.8 0.0001577317466
181.85 181.8 181.9 -0.0003969387655
181.95 181.9 182 0.0008247114108
182.05 182 182.1 8.808815466e-05
182.15 182.1 182.2 -0.0005994528903
182.25 182.2 182.3 -0.001471268924
182.35 182.3 182.4 6.427257129e-05
182.45 182.4 182.5 -0.001066607677
182.55 182.5 182.6 -0.001087364631
182.65 182.6 182.7 -0.0007597419644
182.75 182.7 182.8 -0.0003697290512
182.85 182.8 182.9 -0.000263847687
182.95 182.9 183 -0.001155607562
183.05 183 183.1 -0.0002838359039
183.15 183.1 183.2 7.192565006e-05
183.25 183.2 183.3 -0.001276410683
183.35 183.3 183.4 0.0008143462214
183.45 183.4 183.5 -4.956269379e-05
183.55 183.5 183.6 0.001186296995
183.65 183.6 183.7 0.000978714955
183.75 183.7 183.8 -0.0008122318156
183.85 183.8 183.9 0.0006795009623
183.95 183.9 184 0.0001551435396
184.05 184 184.1 -0.0005934836891
184.15 184.1 184.2 -0.0003360033837
184.25 184.2 184.3 0.0004294143646
184.35 184.3 184.4 -0.0008128805528
184.45 184.4 184.5 0.0003799093308
184.55 184.5 184.6 -0.0002931296452
184.65 184.6 184.7 -0.0005955561096
184.75 184.7 184.8 -2.733937017e-05
184.85 184.8 184.9 -0.0007684339777
184.95 184.9 185 0.0002908840315
185.05 185 185.1 0.0005239272587
185.15 185.1 185.2 -0.0005676577567
185.25 185.2 185.3 0.001517688875
185.35 185.3 185.4 0.0008655860724
185.45 185.4 185.5 -0.0007249824802
185.55 185.5 185.6 -0.001409949225
185.65 185.6 185.7 -0.0002766179777
185.75 185.7 185.8 0.0003767288682
185.85 185.8 185.9 -0.0004784044318
185.95 185.9 186 -0.001707579686
186.05 186 186.1 -0.001667593556
186.15 186.1 186.2 -0.002065802846
186.25 186.2 186.3 -8.85530215e-06
186.35 186.3 186.4 -0.000417430418
186.45 186.4 186.5 0.0002072719128
186.55 186.5 186.6 -0.001517759844
186.65 186.6 186.7 -0.001469515589
186.75 186.7 186.8 -0.001690399293
186.85 186.8 186.9 -0.001245940461
186.95 186.9 187 -0.0001855135031
187.05 187 187.1 0.0003979711761
187.15 187.1 187.2 -0.001249605169
187.25 187.2 187.3 -0.001138295261
187.35 187.3 187.4 0.0008745834683
187.45 187.4 187.5 -0.0006685655539
187.55 187.5 187.6 -0.0009671077565
187.65 187.6 187.7 -0.001030054503
187.75 187.7 187.8 -0.001249792306
187.85 187.8 187.9 -0.001229835565
187.95 187.9 188 -0.0002438810588
188.05 188 188.1 -0.001415264501
188.15 188.1 188.2 -0.0008443566012
188.25 188.2 188.3 -0.0001266204849
188.35 188.3 188.4 -0.0009563437321
188.45 188.4 188.5 0.0001667282576
188.55 188.5 188.6 -0.001117579729
188.65 188.6 188.7 0.0002811925919
188.75 188.7 188.8 -0.0009096067457
188.85 188.8 188.9 0.000155367341
188.95 188.9 189 4.74906211e-05
189.05 189 189.1 -0.0008140076979
189.15 189.1 189.2 0.001413796386
189.25 189.2 189.3 -0.000616251606
189.35 189.3 189.4 -0.0003900854851
189.45 189.4 189.5 0.0007532139443
189.55 189.5 189.6 -0.0008310659597
189.65 189.6 189.7 -0.001526041212
189.75 189.7 189.8 -0.001103258382
189.85 189.8 189.9 0.0002602710893
189.95 189.9 190 -0.0008830268806
190.05 190 190.1 -0.0003573140934
190.15 190.1 190.2 -6.803905955e-05
190.25 190.2 190.3 0.0005993828036
190.35 190.3 190.4 -0.001304105292
190.45 190.4 190.5 0.0006882565142
190.55 190.5 190.6 -0.0001338717881
190.65 190.6 190.7 -0.001963848609
190.75 190.7 190.8 -0.0003206122331
190.85 190.8 190.9 -0.001181088366
190.95 190.9 191 -0.001214798218
191.05 191 191.1 -6.655508915e-05
191.15 191.1 191.2 -0.0007387320106
191.25 191.2 191.3 -0.0002080761044
191.35 191.3 191.4 -0.0004412123825
191.45 191.4 191.5 -0.0003562617372
191.55 191.5 191.6 0.0001256631381
191.65 191.6 191.7 0.0002261406078
191.75 191.7 191.8 5.838008997e-05
191.85 191.8 191.9 -0.0001235246197
191.95 191.9 192 -0.0001917292224
192.05 192 192.1 -0.0004550449349
192.15 192.1 192.2 0.0004851763968
192.25 192.2 192.3 -0.0007928159843
192.35 192.3 192.4 -0.0009993534924
192.45 192.4 192.5 0.0001667937316
192.55 192.5 192.6 -0.0006303216013
192.65 192.6 192.7 0.0001088999519
192.75 192.7 192.8 -0.0003335235429
192.85 192.8 192.9 0.0002978457427
192.95 192.9 193 -0.0009023408545
193.05 193 193.1 -0.0005150475883
193.15 193.1 193.2 -0.001725320518
193.25 193.2 193.3 -0.001684911646
193.35 193.3 193.4 -0.0006630275332
193.45 193.4 193.5 -0.0006547725939
193.55 193.5 193.6 -0.0006229545286
193.65 193.6 193.7 0.0006109175965
193.75 193.7 193.8 -0.001960291053
193.85 193.8 193.9 0.0009754134679
193.95 193.9 194 -4.370244318e-05
194.05 194 194.1 -0.001836107667
194.15 194.1 194.2 -0.001441039771
194.25 194.2 194.3 -8.539251193e-05
194.35 194.3 194.4 -0.0003443807071
194.45 194.4 194.5 -0.0003669423711
194.55 194.5 194.6 -0.001747927771
194.65 194.6 194.7 -0.00135836068
194.75 194.7 194.8 -0.0006849128161
194.85 194.8 194.9 0.0007133211299
194.95 194.9 195 0.0001963787003
195.05 195 195.1 -0.001379348466
195.15 195.1 195.2 -0.001125042237
195.25 195.2 195.3 -0.0004867712933
195.35 195.3 195.4 -0.0001412582229
195.45 195.4 195.5 0.0006738151491
195.55 195.5 195.6 -0.0008610127341
195.65 195.6 195.7 -0.0002797638232
195.75 195.7 195.8 -0.000834438533
195.85 195.8 195.9 -0.0004035919002
195.95 195.9 196 -0.002357889216
196.05 196 196.1 -0.000235479264
196.15 196.1 196.2 -0.0009481879195
196.25 196.2 196.3 -0.000921297809
196.35 196.3 196.4 -0.001215814137
196.45 196.4 196.5 -8.480007194e-05
196.55 196.5 196.6 -0.001049665655
196.65 196.6 196.7 -0.0003453415587
196.75 196.7 196.8 -0.001421786389
196.85 196.8 196.9 0.001395877609
196.95 196.9 197 -8.619327681e-05
197.05 197 197.1 -0.001815924916
197.15 197.1 197.2 -0.0006717635559
197.25 197.2 197.3 -0.001847250241
197.35 197.3 197.4 -0.001576743284
197.45 197.4 197.5 -0.0008734903663
197.55 197.5 197.6 -0.0004187228588
197.65 197.6 197.7 -0.00115678919
197.75 197.7 197.8 -0.0002285356069
197.85 197.8 197.9 -0.001327469202
197.95 197.9 198 -0.00121424613
198.05 198 198.1 0.0005331740359
198.15 198.1 198.2 0.0003642475734
198.25 198.2 198.3 -0.001285300623
198.35 198.3 198.4 0.001242464103
198.45 198.4 198.5 -0.0005745047839
198.55 198.5 198.6 -0.001111410736
198.65 198.6 198.7 -0.001318431394
198.75 198.7 198.8 -0.0006784278854
198.85 198.8 198.9 0.0004648950228
198.95 198.9 199 -0.0002901333616
199.05 199 199.1 -0.0006660657337
199.15 199.1 199.2 -0.001451023941
199.25 199.2 199.3 -0.0008800342337
199.35 199.3 199.4 -0.00116685682
199.45 199.4 199.5 -0.002834208355
199.55 199.5 199.6 0.0002479455816
199.65 199.6 199.7 -0.0008622395866
199.75 199.7 199.8 0.0001143048529
199.85 199.8 199.9 -0.0007310655349
199.95 199.9 200 -0.000701112656
