# Columns: s_cen(1) s_min(2) s_max(3) xi_iso(4)
0.05 0 0.1 31.71655407
0.15 0.1 0.2 16.66443471
0.25 0.2 0.3 13.14942749
0.35 0.3 0.4 17.91441256
0.45 0.4 0.5 20.04833182
0.55 0.5 0.6 23.46365615
0.65 0.6 0.7 21.2138588
0.75 0.7 0.8 22.3283904
0.85 0.8 0.9 22.18167491
0.95 0.9 1 20.73805082
1.05 1 1.1 19.4643749
1.15 1.1 1.2 18.42503503
1.25 1.2 1.3 18.66435773
1.35 1.3 1.4 17.91254329
1.45 1.4 1.5 16.65650063
1.55 1.5 1.6 16.59934033
1.65 1.6 1.7 14.90754122
1.75 1.7 1.8 14.01826968
1.85 1.8 1.9 12.97259509
1.95 1.9 2 13.05634904
2.05 2 2.1 12.02692209
2.15 2.1 2.2 10.85571482
2.25 2.2 2.3 10.59266727
2.35 2.3 2.4 9.633748671
2.45 2.4 2.5 9.213316153
2.55 2.5 2.6 8.769719325
2.65 2.6 2.7 8.132919879
2.75 2.7 2.8 7.716298333
2.85 2.8 2.9 7.624694162
2.95 2.9 3 7.06150391
3.05 3 3.1 6.631110511
3.15 3.1 3.2 6.52018029
3.25 3.2 3.3 5.945017009
3.35 3.3 3.4 5.731385557
3.45 3.4 3.5 5.532322741
3.55 3.5 3.6 5.465657657
3.65 3.6 3.7 5.288657903
3.75 3.7 3.8 5.026542744
3.85 3.8 3.9 4.765940711
3.95 3.9 4 4.791168505
4.05 4 4.1 4.50837051
4.15 4.1 4.2 4.362440853
4.25 4.2 4.3 4.221678168
4.35 4.3 4.4 4.124129992
4.45 4.4 4.5 3.878616743
4.55 4.5 4.6 3.779817876
4.65 4.6 4.7 3.710869192
4.75 4.7 4.8 3.616052609
4.85 4.8 4.9 3.455907896
4.95 4.9 5 3.440199036
5.05 5 5.1 3.249717951
5.15 5.1 5.2 3.203640779
5.25 5.2 5.3 3.254204097
5.35 5.3 5.4 3.134646418
5.45 5.4 5.5 2.956959994
5.55 5.5 5.6 2.955257964
5.65 5.6 5.7 2.856035152
5.75 5.7 5.8 2.859399426
5.85 5.8 5.9 2.662562812
5.95 5.9 6 2.641855686
6.05 6 6.1 2.612419453
6.15 6.1 6.2 2.548972972
6.25 6.2 6.3 2.410808444
6.35 6.3 6.4 2.373241956
6.45 6.4 6.5 2.285158939
6.55 6.5 6.6 2.247894406
6.65 6.6 6.7 2.259242292
6.75 6.7 6.8 2.127396833
6.85 6.8 6.9 2.068594845
6.95 6.9 7 2.001321218
7.05 7 7.1 1.965840153
7.15 7.1 7.2 1.996063537
7.25 7.2 7.3 1.920699012
7.35 7.3 7.4 1.877434552
7.45 7.4 7.5 1.775474868
7.55 7.5 7.6 1.821333022
7.65 7.6 7.7 1.743868122
7.75 7.7 7.8 1.721882248
7.85 7.8 7.9 1.698811577
7.95 7.9 8 1.670033967
8.05 8 8.1 1.610145834
8.15 8.1 8.2 1.610129021
8.25 8.2 8.3 1.535794683
8.35 8.3 8.4 1.472122035
8.45 8.4 8.5 1.436585681
8.55 8.5 8.6 1.427129297
8.65 8.6 8.7 1.443672302
8.75 8.7 8.8 1.384726717
8.85 8.8 8.9 1.359837327
8.95 8.9 9 1.342639674
9.05 9 9.1 1.302617236
9.15 9.1 9.2 1.263035168
9.25 9.2 9.3 1.245740175
9.35 9.3 9.4 1.23437788
9.45 9.4 9.5 1.175519907
9.55 9.5 9.6 1.18537949
9.65 9.6 9.7 1.17605053
9.75 9.7 9.8 1.128076606
9.85 9.8 9.9 1.128887645
9.95 9.9 10 1.114544137
10.05 10 10.1 1.100316253
10.15 10.1 10.2 1.069997665
10.25 10.2 10.3 1.022396617
10.35 10.3 10.4 1.003439785
10.45 10.4 10.5 1.038794788
10.55 10.5 10.6 0.9714556114
10.65 10.6 10.7 0.9770201453
10.75 10.7 10.8 0.913915605
10.85 10.8 10.9 0.9476026171
10.95 10.9 11 0.9344523836
11.05 11 11.1 0.9377702403
11.15 11.1 11.2 0.8913710564
11.25 11.2 11.3 0.8823756157
11.35 11.3 11.4 0.899939764
11.45 11.4 11.5 0.876692887
11.55 11.5 11.6 0.8615685376
11.65 11.6 11.7 0.8344592465
11.75 11.7 11.8 0.8248023374
11.85 11.8 11.9 0.8159882227
11.95 11.9 12 0.8145062511
12.05 12 12.1 0.8062667317
12.15 12.1 12.2 0.7493810294
12.25 12.2 12.3 0.7581209639
12.35 12.3 12.4 0.7371723928
12.45 12.4 12.5 0.7210216316
12.55 12.5 12.6 0.7108643195
12.65 12.6 12.7 0.7284637468
12.75 12.7 12.8 0.7034329359
12.85 12.8 12.9 0.6767180872
12.95 12.9 13 0.6810986189
13.05 13 13.1 0.6738524961
13.15 13.1 13.2 0.6588263863
13.25 13.2 13.3 0.6292784644
13.35 13.3 13.4 0.6528856793
13.45 13.4 13.5 0.6219112075
13.55 13.5 13.6 0.6320297031
13.65 13.6 13.7 0.6101067724
13.75 13.7 13.8 0.6130758504
13.85 13.8 13.9 0.5787950837
13.95 13.9 14 0.5866737995
14.05 14 14.1 0.5849431844
14.15 14.1 14.2 0.5657283571
14.25 14.2 14.3 0.5665420065
14.35 14.3 14.4 0.5648568251
14.45 14.4 14.5 0.5515170761
14.55 14.5 14.6 0.5449032169
14.65 14.6 14.7 0.5352228537
14.75 14.7 14.8 0.5175371521
14.85 14.8 14.9 0.4949551479
14.95 14.9 15 0.5167631195
15.05 15 15.1 0.5130464857
15.15 15.1 15.2 0.5061264457
15.25 15.2 15.3 0.4886465613
15.35 15.3 15.4 0.4836753269
15.45 15.4 15.5 0.4861086391
15.55 15.5 15.6 0.4733932861
15.65 15.6 15.7 0.4708116547
15.75 15.7 15.8 0.4703345338
15.85 15.8 15.9 0.4618663897
15.95 15.9 16 0.4530279451
16.05 16 16.1 0.444913553
16.15 16.1 16.2 0.4468974791
16.25 16.2 16.3 0.4370562309
16.35 16.3 16.4 0.4478756816
16.45 16.4 16.5 0.4345213981
16.55 16.5 16.6 0.4263261205
16.65 16.6 16.7 0.4129196562
16.75 16.7 16.8 0.4036073857
16.85 16.8 16.9 0.4149971062
16.95 16.9 17 0.4045442685
17.05 17 17.1 0.3990573616
17.15 17.1 17.2 0.397896927
17.25 17.2 17.3 0.3799972266
17.35 17.3 17.4 0.3842031184
17.45 17.4 17.5 0.3969824484
17.55 17.5 17.6 0.3710297476
17.65 17.6 17.7 0.3702711989
17.75 17.7 17.8 0.3912562002
17.85 17.8 17.9 0.3598276388
17.95 17.9 18 0.3597414288
18.05 18 18.1 0.3792223463
18.15 18.1 18.2 0.3615007355
18.25 18.2 18.3 0.3428687692
18.35 18.3 18.4 0.332217581
18.45 18.4 18.5 0.3384796178
18.55 18.5 18.6 0.3432037278
18.65 18.6 18.7 0.3349491878
18.75 18.7 18.8 0.3186947587
18.85 18.8 18.9 0.3303421497
18.95 18.9 19 0.3232496432
19.05 19 19.1 0.3181042968
19.15 19.1 19.2 0.3115280521
19.25 19.2 19.3 0.3157848487
19.35 19.3 19.4 0.3127112281
19.45 19.4 19.5 0.3129066868
19.55 19.5 19.6 0.3099215483
19.65 19.6 19.7 0.2968951623
19.75 19.7 19.8 0.293476347
19.85 19.8 19.9 0.2968444832
19.95 19.9 20 0.3060403814
20.05 20 20.1 0.2877122969
20.15 20.1 20.2 0.2829527971
20.25 20.2 20.3 0.2901526232
20.35 20.3 20.4 0.2794245008
20.45 20.4 20.5 0.2808910835
20.55 20.5 20.6 0.2662478304
20.65 20.6 20.7 0.2816744945
20.75 20.7 20.8 0.2834231998
20.85 20.8 20.9 0.2709347626
20.95 20.9 21 0.263113993
21.05 21 21.1 0.2526915752
21.15 21.1 21.2 0.2524567576
21.25 21.2 21.3 0.2609194292
21.35 21.3 21.4 0.2511868191
21.45 21.4 21.5 0.2579373917
21.55 21.5 21.6 0.2415515968
21.65 21.6 21.7 0.2498769022
21.75 21.7 21.8 0.2408036904
21.85 21.8 21.9 0.2410247112
21.95 21.9 22 0.2331871087
22.05 22 22.1 0.2467835237
22.15 22.1 22.2 0.2275178122
22.25 22.2 22.3 0.2437249433
22.35 22.3 22.4 0.2294775653
22.45 22.4 22.5 0.237147517
22.55 22.5 22.6 0.2313691646
22.65 22.6 22.7 0.2320373112
22.75 22.7 22.8 0.234340494
22.85 22.8 22.9 0.2245177496
22.95 22.9 23 0.2134260397
23.05 23 23.1 0.212093031
23.15 23.1 23.2 0.2141182082
23.25 23.2 23.3 0.2151077593
23.35 23.3 23.4 0.2025307393
23.45 23.4 23.5 0.2088677522
23.55 23.5 23.6 0.1937676038
23.65 23.6 23.7 0.1978157932
23.75 23.7 23.8 0.1933270904
23.85 23.8 23.9 0.1816328444
23.95 23.9 24 0.1960710649
24.05 24 24.1 0.2013323995
24.15 24.1 24.2 0.1932828175
24.25 24.2 24.3 0.1872939077
24.35 24.3 24.4 0.1876763618
24.45 24.4 24.5 0.1819070569
24.55 24.5 24.6 0.1821081036
24.65 24.6 24.7 0.1761931881
24.75 24.7 24.8 0.1795267939
24.85 24.8 24.9 0.1769560316
24.95 24.9 25 0.1690803223
25.05 25 25.1 0.1776888436
25.15 25.1 25.2 0.1758261835
25.25 25.2 25.3 0.1848264741
25.35 25.3 25.4 0.1718492144
25.45 25.4 25.5 0.172039648
25.55 25.5 25.6 0.1828428207
25.65 25.6 25.7 0.1728730644
25.75 25.7 25.8 0.175586356
25.85 25.8 25.9 0.1571328663
25.95 25.9 26 0.161297549
26.05 26 26.1 0.1566877029
26.15 26.1 26.2 0.1651446884
26.25 26.2 26.3 0.168168452
26.35 26.3 26.4 0.1571197702
26.45 26.4 26.5 0.1590426
26.55 26.5 26.6 0.1554997856
26.65 26.6 26.7 0.150341443
26.75 26.7 26.8 0.154844466
26.85 26.8 26.9 0.1532448559
26.95 26.9 27 0.1523035921
27.05 27 27.1 0.1512368684
27.15 27.1 27.2 0.1513701175
27.25 27.2 27.3 0.145604786
27.35 27.3 27.4 0.1345091969
27.45 27.4 27.5 0.1505644043
27.55 27.5 27.6 0.1390119831
27.65 27.6 27.7 0.1366065004
27.75 27.7 27.8 0.1380300044
27.85 27.8 27.9 0.142116517
27.95 27.9 28 0.1479248981
28.05 28 28.1 0.1430828164
28.15 28.1 28.2 0.1386325463
28.25 28.2 28.3 0.1267362762
28.35 28.3 28.4 0.1429376772
28.45 28.4 28.5 0.1340734994
28.55 28.5 28.6 0.135104542
28.65 28.6 28.7 0.1215068833
28.75 28.7 28.8 0.11683148
28.85 28.8 28.9 0.1287496333
28.95 28.9 29 0.1235419557
29.05 29 29.1 0.1242153837
29.15 29.1 29.2 0.1209797763
29.25 29.2 29.3 0.1213852572
29.35 29.3 29.4 0.1265617002
29.45 29.4 29.5 0.1256662867
29.55 29.5 29.6 0.1254670336
29.65 29.6 29.7 0.1155789322
29.75 29.7 29.8 0.1195149
29.85 29.8 29.9 0.1189796786
29.95 29.9 30 0.1139342325
30.05 30 30.1 0.1251337447
30.15 30.1 30.2 0.1150697453
30.25 30.2 30.3 0.1123848359
30.35 30.3 30.4 0.1115691862
30.45 30.4 30.5 0.1068182917
30.55 30.5 30.6 0.1139953753
30.65 30.6 30.7 0.1101667841
30.75 30.7 30.8 0.09656881003
30.85 30.8 30.9 0.1103193724
30.95 30.9 31 0.1152649589
31.05 31 31.1 0.1102236329
31.15 31.1 31.2 0.1058545335
31.25 31.2 31.3 0.106676931
31.35 31.3 31.4 0.1030258615
31.45 31.4 31.5 0.09446642833
31.55 31.5 31.6 0.09083437165
31.65 31.6 31.7 0.09972183062
31.75 31.7 31.8 0.1037526117
31.85 31.8 31.9 0.100448297
31.95 31.9 32 0.09902614723
32.05 32 32.1 0.1062293862
32.15 32.1 32.2 0.1017322958
32.25 32.2 32.3 0.08969579176
32.35 32.3 32.4 0.08952575372
32.45 32.4 32.5 0.0861716108
32.55 32.5 32.6 0.08789510458
32.65 32.6 32.7 0.09067184254
32.75 32.7 32.8 0.09401807659
32.85 32.8 32.9 0.08849854277
32.95 32.9 33 0.09149253259
33.05 33 33.1 0.08476251729
33.15 33.1 33.2 0.08231453353
33.25 33.2 33.3 0.08328652174
33.35 33.3 33.4 0.08962527222
33.45 33.4 33.5 0.08487585839
33.55 33.5 33.6 0.08500580144
33.65 33.6 33.7 0.08140937294
33.75 33.7 33.8 0.08484210261
33.85 33.8 33.9 0.08377783327
33.95 33.9 34 0.08489132091
34.05 34 34.1 0.07365263553
34.15 34.1 34.2 0.07710185746
34.25 34.2 34.3 0.07324475413
34.35 34.3 34.4 0.08468496758
34.45 34.4 34.5 0.07923930086
34.55 34.5 34.6 0.07179189805
34.65 34.6 34.7 0.07459750218
34.75 34.7 34.8 0.07742053016
34.85 34.8 34.9 0.07321569607
34.95 34.9 35 0.07410176482
35.05 35 35.1 0.07702084447
35.15 35.1 35.2 0.0735001696
35.25 35.2 35.3 0.07186515141
35.35 35.3 35.4 0.07768965251
35.45 35.4 35.5 0.07762702904
35.55 35.5 35.6 0.07064576304
35.65 35.6 35.7 0.06767467694
35.75 35.7 35.8 0.07290770847
35.85 35.8 35.9 0.06915659439
35.95 35.9 36 0.06587056462
36.05 36 36.1 0.06928726618
36.15 36.1 36.2 0.06957691027
36.25 36.2 36.3 0.06665123605
36.35 36.3 36.4 0.0671755117
36.45 36.4 36.5 0.0628747848
36.55 36.5 36.6 0.06971208476
36.65 36.6 36.7 0.06698026587
36.75 36.7 36.8 0.06720749281
36.85 36.8 36.9 0.06882554301
36.95 36.9 37 0.0623485575
37.05 37 37.1 0.05672997886
37.15 37.1 37.2 0.06400147831
37.25 37.2 37.3 0.05906280042
37.35 37.3 37.4 0.06125008436
37.45 37.4 37.5 0.06342471196
37.55 37.5 37.6 0.05839569523
37.65 37.6 37.7 0.05799989763
37.75 37.7 37.8 0.05146235031
37.85 37.8 37.9 0.06133658337
37.95 37.9 38 0.059590705
38.05 38 38.1 0.05602917499
38.15 38.1 38.2 0.05878313487
38.25 38.2 38.3 0.05617901311
38.35 38.3 38.4 0.06548474964
38.45 38.4 38.5 0.05970235373
38.55 38.5 38.6 0.05424671451
38.65 38.6 38.7 0.06067980191
38.75 38.7 38.8 0.05697445274
38.85 38.8 38.9 0.05109382863
38.95 38.9 39 0.05749207076
39.05 39 39.1 0.05736164309
39.15 39.1 39.2 0.05614744504
39.25 39.2 39.3 0.0516706375
39.35 39.3 39.4 0.05684079782
39.45 39.4 39.5 0.05055670543
39.55 39.5 39.6 0.05307126266
39.65 39.6 39.7 0.04882365726
39.75 39.7 39.8 0.05516068305
39.85 39.8 39.9 0.05219185375
39.95 39.9 40 0.04829873565
40.05 40 40.1 0.05500833904
40.15 40.1 40.2 0.04878125
40.25 40.2 40.3 0.05002472755
40.35 40.3 40.4 0.05018981783
40.45 40.4 40.5 0.05015280194
40.55 40.5 40.6 0.04821693119
40.65 40.6 40.7 0.04912272362
40.75 40.7 40.8 0.05275459599
40.85 40.8 40.9 0.05020847672
40.95 40.9 41 0.05133521585
41.05 41 41.1 0.04323124516
41.15 41.1 41.2 0.04943936253
41.25 41.2 41.3 0.04535284325
41.35 41.3 41.4 0.04683804288
41.45 41.4 41.5 0.04390806335
41.55 41.5 41.6 0.04801732163
41.65 41.6 41.7 0.0472707285
41.75 41.7 41.8 0.04592210632
41.85 41.8 41.9 0.04681791796
41.95 41.9 42 0.0503323717
42.05 42 42.1 0.04253570098
42.15 42.1 42.2 0.04498299261
42.25 42.2 42.3 0.03943932212
42.35 42.3 42.4 0.04379411469
42.45 42.4 42.5 0.04432660643
42.55 42.5 42.6 0.04076738038
42.65 42.6 42.7 0.04432946963
42.75 42.7 42.8 0.04572112179
42.85 42.8 42.9 0.04058177682
42.95 42.9 43 0.04349683377
43.05 43 43.1 0.04376017812
43.15 43.1 43.2 0.04452144087
43.25 43.2 43.3 0.044746455
43.35 43.3 43.4 0.04252394257
43.45 43.4 43.5 0.03492221961
43.55 43.5 43.6 0.03914985574
43.65 43.6 43.7 0.03443534292
43.75 43.7 43.8 0.04029776561
43.85 43.8 43.9 0.04173767728
43.95 43.9 44 0.03613201085
44.05 44 44.1 0.04017901734
44.15 44.1 44.2 0.0390458877
44.25 44.2 44.3 0.03395405668
44.35 44.3 44.4 0.03734500682
44.45 44.4 44.5 0.03600639136
44.55 44.5 44.6 0.03678363353
44.65 44.6 44.7 0.0371786153
44.75 44.7 44.8 0.03689257623
44.85 44.8 44.9 0.03727026574
44.95 44.9 45 0.03712026597
45.05 45 45.1 0.02950636406
45.15 45.1 45.2 0.03422840131
45.25 45.2 45.3 0.03499491554
45.35 45.3 45.4 0.03740704426
45.45 45.4 45.5 0.03183985534
45.55 45.5 45.6 0.03679299739
45.65 45.6 45.7 0.03011460616
45.75 45.7 45.8 0.03811686562
45.85 45.8 45.9 0.03513894365
45.95 45.9 46 0.03616051138
46.05 46 46.1 0.02997752463
46.15 46.1 46.2 0.03013817835
46.25 46.2 46.3 0.03763344447
46.35 46.3 46.4 0.03283460017
46.45 46.4 46.5 0.030286251
46.55 46.5 46.6 0.03802929569
46.65 46.6 46.7 0.03109933011
46.75 46.7 46.8 0.03776098766
46.85 46.8 46.9 0.0293584053
46.95 46.9 47 0.02999737416
47.05 47 47.1 0.03201659802
47.15 47.1 47.2 0.03412662542
47.25 47.2 47.3 0.03100133522
47.35 47.3 47.4 0.03194443945
47.45 47.4 47.5 0.02784014041
47.55 47.5 47.6 0.03713382363
47.65 47.6 47.7 0.03053168318
47.75 47.7 47.8 0.03385376956
47.85 47.8 47.9 0.02409517823
47.95 47.9 48 0.02866717048
48.05 48 48.1 0.02752205475
48.15 48.1 48.2 0.02488275856
48.25 48.2 48.3 0.03193032122
48.35 48.3 48.4 0.02776613934
48.45 48.4 48.5 0.02844539616
48.55 48.5 48.6 0.0294489122
48.65 48.6 48.7 0.03022717458
48.75 48.7 48.8 0.02646685122
48.85 48.8 48.9 0.0276702778
48.95 48.9 49 0.02444469863
49.05 49 49.1 0.02888714125
49.15 49.1 49.2 0.02432774737
49.25 49.2 49.3 0.02065752274
49.35 49.3 49.4 0.03151244767
49.45 49.4 49.5 0.02634540674
49.55 49.5 49.6 0.02792744206
49.65 49.6 49.7 0.02529040912
49.75 49.7 49.8 0.02764139783
49.85 49.8 49.9 0.0270800698
49.95 49.9 50 0.02312048978
50.05 50 50.1 0.02474575201
50.15 50.1 50.2 0.02657023667
50.25 50.2 50.3 0.02780749349
50.35 50.3 50.4 0.02555438841
50.45 50.4 50.5 0.02757182283
50.55 50.5 50.6 0.02623371504
50.65 50.6 50.7 0.03123047062
50.75 50.7 50.8 0.02373313139
50.85 50.8 50.9 0.02624438663
50.95 50.9 51 0.01850740866
51.05 51 51.1 0.0250705308
51.15 51.1 51.2 0.02419173207
51.25 51.2 51.3 0.0217826382
51.35 51.3 51.4 0.02121395297
51.45 51.4 51.5 0.02193030908
51.55 51.5 51.6 0.02725066938
51.65 51.6 51.7 0.02274507202
51.75 51.7 51.8 0.02111623051
51.85 51.8 51.9 0.02717659822
51.95 51.9 52 0.02447383493
52.05 52 52.1 0.01764559204
52.15 52.1 52.2 0.0204841538
52.25 52.2 52.3 0.02451415871
52.35 52.3 52.4 0.02403658158
52.45 52.4 52.5 0.02042467008
52.55 52.5 52.6 0.02563739002
52.65 52.6 52.7 0.02246731067
52.75 52.7 52.8 0.02318014845
52.85 52.8 52.9 0.02125214421
52.95 52.9 53 0.02422711023
53.05 53 53.1 0.02333456095
53.15 53.1 53.2 0.01596190204
53.25 53.2 53.3 0.02096510937
53.35 53.3 53.4 0.02240483681
53.45 53.4 53.5 0.0245538265
53.55 53.5 53.6 0.01961705367
53.65 53.6 53.7 0.01696119977
53.75 53.7 53.8 0.02431452504
53.85 53.8 53.9 0.01781682071
53.95 53.9 54 0.02228005859
54.05 54 54.1 0.02302470983
54.15 54.1 54.2 0.02414918772
54.25 54.2 54.3 0.02056976561
54.35 54.3 54.4 0.02051913857
54.45 54.4 54.5 0.02012436968
54.55 54.5 54.6 0.02522642723
54.65 54.6 54.7 0.016606102
54.75 54.7 54.8 0.01826348066
54.85 54.8 54.9 0.02226246158
54.95 54.9 55 0.02062178122
55.05 55 55.1 0.01493097472
55.15 55.1 55.2 0.02073361876
55.25 55.2 55.3 0.02030867447
55.35 55.3 55.4 0.02087528228
55.45 55.4 55.5 0.01861394662
55.55 55.5 55.6 0.01611886574
55.65 55.6 55.7 0.01980092237
55.75 55.7 55.8 0.02060937751
55.85 55.8 55.9 0.01472080739
55.95 55.9 56 0.01471978665
56.05 56 56.1 0.01298930808
56.15 56.1 56.2 0.0162944654
56.25 56.2 56.3 0.01557746898
56.35 56.3 56.4 0.01792216984
56.45 56.4 56.5 0.01770190531
56.55 56.5 56.6 0.01680347297
56.65 56.6 56.7 0.01456035639
56.75 56.7 56.8 0.01428844721
56.85 56.8 56.9 0.01625856334
56.95 56.9 57 0.01876233128
57.05 57 57.1 0.01628846414
57.15 57.1 57.2 0.01296335399
57.25 57.2 57.3 0.01554006359
57.35 57.3 57.4 0.01399514337
57.45 57.4 57.5 0.01433574429
57.55 57.5 57.6 0.01826879567
57.65 57.6 57.7 0.01673184772
57.75 57.7 57.8 0.01799253128
57.85 57.8 57.9 0.020028658
57.95 57.9 58 0.0158794419
58.05 58 58.1 0.01282801603
58.15 58.1 58.2 0.009642660795
58.25 58.2 58.3 0.01401045214
58.35 58.3 58.4 0.01819670416
58.45 58.4 58.5 0.0210200059
58.55 58.5 58.6 0.01792440285
58.65 58.6 58.7 0.01251740994
58.75 58.7 58.8 0.01207881109
58.85 58.8 58.9 0.01712319193
58.95 58.9 59 0.01368590134
59.05 59 59.1 0.0173020084
59.15 59.1 59.2 0.01670899914
59.25 59.2 59.3 0.01203032563
59.35 59.3 59.4 0.01206815101
59.45 59.4 59.5 0.01132708075
59.55 59.5 59.6 0.0156449468
59.65 59.6 59.7 0.01697614155
59.75 59.7 59.8 0.01491608287
59.85 59.8 59.9 0.01145461967
59.95 59.9 60 0.01560187296
60.05 60 60.1 0.01230138764
60.15 60.1 60.2 0.01342968874
60.25 60.2 60.3 0.01280925009
60.35 60.3 60.4 0.01323657695
60.45 60.4 60.5 0.01230298784
60.55 60.5 60.6 0.01305476715
60.65 60.6 60.7 0.01361663761
60.75 60.7 60.8 0.008742111826
60.85 60.8 60.9 0.01168308587
60.95 60.9 61 0.01244935823
61.05 61 61.1 0.01388537268
61.15 61.1 61.2 0.009747664618
61.25 61.2 61.3 0.01103377183
61.35 61.3 61.4 0.01412765386
61.45 61.4 61.5 0.01234478516
61.55 61.5 61.6 0.01578561014
61.65 61.6 61.7 0.01351434568
61.75 61.7 61.8 0.009265614358
61.85 61.8 61.9 0.009236065913
61.95 61.9 62 0.01211106142
62.05 62 62.1 0.01322113318
62.15 62.1 62.2 0.01039795273
62.25 62.2 62.3 0.007841929256
62.35 62.3 62.4 0.008585907024
62.45 62.4 62.5 0.01048578331
62.55 62.5 62.6 0.009334120498
62.65 62.6 62.7 0.01203023956
62.75 62.7 62.8 0.01321876501
62.85 62.8 62.9 0.01263289301
62.95 62.9 63 0.01228838744
63.05 63 63.1 0.0111167906
63.15 63.1 63.2 0.007859289161
63.25 63.2 63.3 0.01225147505
63.35 63.3 63.4 0.01040941282
63.45 63.4 63.5 0.009776614957
63.55 63.5 63.6 0.0108371618
63.65 63.6 63.7 0.009379551061
63.75 63.7 63.8 0.01054968095
63.85 63.8 63.9 0.009248761565
63.95 63.9 64 0.01371546725
64.05 64 64.1 0.01174332252
64.15 64.1 64.2 0.01198471481
64.25 64.2 64.3 0.009263538504
64.35 64.3 64.4 0.008072776411
64.45 64.4 64.5 0.00791047127
64.55 64.5 64.6 0.007109182172
64.65 64.6 64.7 0.009933358365
64.75 64.7 64.8 0.007155524031
64.85 64.8 64.9 0.01165385963
64.95 64.9 65 0.007833181167
65.05 65 65.1 0.005731562153
65.15 65.1 65.2 0.007335378547
65.25 65.2 65.3 0.009393170275
65.35 65.3 65.4 0.01322523673
65.45 65.4 65.5 0.007622309036
65.55 65.5 65.6 0.008646108079
65.65 65.6 65.7 0.01056763078
65.75 65.7 65.8 0.009101611841
65.85 65.8 65.9 0.004923063861
65.95 65.9 66 0.003553614057
66.05 66 66.1 0.005789015239
66.15 66.1 66.2 0.01288643708
66.25 66.2 66.3 0.003582218131
66.35 66.3 66.4 0.008838167797
66.45 66.4 66.5 0.003165360834
66.55 66.5 66.6 0.008040053843
66.65 66.6 66.7 0.004389781862
66.75 66.7 66.8 0.008404688627
66.85 66.8 66.9 0.01009511464
66.95 66.9 67 0.006806221571
67.05 67 67.1 0.007191771036
67.15 67.1 67.2 0.008315625393
67.25 67.2 67.3 0.007787071125
67.35 67.3 67.4 0.009055820745
67.45 67.4 67.5 0.006416616922
67.55 67.5 67.6 0.006197469808
67.65 67.6 67.7 0.009803013662
67.75 67.7 67.8 0.007676847674
67.85 67.8 67.9 0.008494518699
67.95 67.9 68 0.009020314704
68.05 68 68.1 0.004153246092
68.15 68.1 68.2 0.008349107359
68.25 68.2 68.3 0.007701326414
68.35 68.3 68.4 0.007500247575
68.45 68.4 68.5 0.0043046675
68.55 68.5 68.6 0.005525349777
68.65 68.6 68.7 0.006573390073
68.75 68.7 68.8 0.003647365289
68.85 68.8 68.9 0.002298070635
68.95 68.9 69 0.004468455017
69.05 69 69.1 0.008411280452
69.15 69.1 69.2 0.007699372094
69.25 69.2 69.3 0.004652418137
69.35 69.3 69.4 0.006908687666
69.45 69.4 69.5 0.004248118763
69.55 69.5 69.6 0.006431658524
69.65 69.6 69.7 0.002717730057
69.75 69.7 69.8 0.00646758888
69.85 69.8 69.9 0.005604027002
69.95 69.9 70 0.003764483275
70.05 70 70.1 0.005392885608
70.15 70.1 70.2 0.009576325677
70.25 70.2 70.3 0.006773413022
70.35 70.3 70.4 0.003350136866
70.45 70.4 70.5 0.009720636501
70.55 70.5 70.6 0.005627869333
70.65 70.6 70.7 0.005515247135
70.75 70.7 70.8 0.007227434507
70.85 70.8 70.9 0.006102997294
70.95 70.9 71 0.003459598514
71.05 71 71.1 0.007599612874
71.15 71.1 71.2 0.007764119267
71.25 71.2 71.3 0.004091273613
71.35 71.3 71.4 0.002255657793
71.45 71.4 71.5 0.004267047043
71.55 71.5 71.6 0.005987635289
71.65 71.6 71.7 0.00373247726
71.75 71.7 71.8 0.003258350938
71.85 71.8 71.9 0.00534272635
71.95 71.9 72 0.00721173439
72.05 72 72.1 0.004957962244
72.15 72.1 72.2 0.006831848247
72.25 72.2 72.3 0.004790752061
72.35 72.3 72.4 0.004053205701
72.45 72.4 72.5 0.009785413996
72.55 72.5 72.6 0.004422989827
72.65 72.6 72.7 0.002196518262
72.75 72.7 72.8 0.003247811636
72.85 72.8 72.9 0.006299973862
72.95 72.9 73 0.004675607055
73.05 73 73.1 0.0002802172021
73.15 73.1 73.2 0.005640647138
73.25 73.2 73.3 0.003664117338
73.35 73.3 73.4 0.004196261569
73.45 73.4 73.5 0.005522648368
73.55 73.5 73.6 0.004080577558
73.65 73.6 73.7 0.004784252554
73.75 73.7 73.8 0.004463924842
73.85 73.8 73.9 0.004499533441
73.95 73.9 74 0.007606917288
74.05 74 74.1 -4.594283455e-05
74.15 74.1 74.2 0.002273698962
74.25 74.2 74.3 0.004789788851
74.35 74.3 74.4 0.006029638103
74.45 74.4 74.5 0.007410368571
74.55 74.5 74.6 0.002546747175
74.65 74.6 74.7 0.001078664316
74.75 74.7 74.8 0.0009681687136
74.85 74.8 74.9 0.002501986454
74.95 74.9 75 -0.0007258671002
75.05 75 75.1 0.002535681167
75.15 75.1 75.2 0.003869579591
75.25 75.2 75.3 0.003389417115
75.35 75.3 75.4 0.002146303127
75.45 75.4 75.5 0.004743031883
75.55 75.5 75.6 0.0007293978446
75.65 75.6 75.7 0.006379728204
75.75 75.7 75.8 0.006339071328
75.85 75.8 75.9 0.005891530834
75.95 75.9 76 0.001937072817
76.05 76 76.1 0.004131942918
76.15 76.1 76.2 0.004892019571
76.25 76.2 76.3 0.003767069649
76.35 76.3 76.4 0.002206446582
76.45 76.4 76.5 0.003881253636
76.55 76.5 76.6 0.005009376375
76.65 76.6 76.7 0.003410781843
76.75 76.7 76.8 0.002260640583
76.85 76.8 76.9 0.002839163123
76.95 76.9 77 0.005316013281
77.05 77 77.1 0.0007107789712
77.15 77.1 77.2 0.002746805049
77.25 77.2 77.3 -0.0002981935783
77.35 77.3 77.4 0.003598235803
77.45 77.4 77.5 0.003920310925
77.55 77.5 77.6 0.004766026941
77.65 77.6 77.7 0.005572959072
77.75 77.7 77.8 0.002341038166
77.85 77.8 77.9 0.002668296546
77.95 77.9 78 0.003722100191
78.05 78 78.1 0.005645733507
78.15 78.1 78.2 0.0016706394
78.25 78.2 78.3 0.001450290989
78.35 78.3 78.4 -0.0004004222404
78.45 78.4 78.5 0.002511308816
78.55 78.5 78.6 0.00242642621
78.65 78.6 78.7 0.002339762053
78.75 78.7 78.8 0.003267653568
78.85 78.8 78.9 0.003792355323
78.95 78.9 79 0.004252567087
79.05 79 79.1 0.004380428556
79.15 79.1 79.2 0.0007629363245
79.25 79.2 79.3 0.005539849073
79.35 79.3 79.4 0.001563100881
79.45 79.4 79.5 0.000415002974
79.55 79.5 79.6 0.0007240579141
79.65 79.6 79.7 0.002808157203
79.75 79.7 79.8 0.004319983913
79.85 79.8 79.9 0.0007737314829
79.95 79.9 80 0.002251696191
80.05 80 80.1 0.00120421735
80.15 80.1 80.2 0.003259768564
80.25 80.2 80.3 0.0007252793028
80.35 80.3 80.4 0.0004811598031
80.45 80.4 80.5 0.005868570692
80.55 80.5 80.6 0.002162065456
80.65 80.6 80.7 0.004495828398
80.75 80.7 80.8 0.004359897581
80.85 80.8 80.9 0.0004456900131
80.95 80.9 81 0.002151060048
81.05 81 81.1 0.001809340154
81.15 81.1 81.2 0.004356602029
81.25 81.2 81.3 -0.0006590073548
81.35 81.3 81.4 0.003671071928
81.45 81.4 81.5 0.003210532998
81.55 81.5 81.6 0.0008765278068
81.65 81.6 81.7 0.005014165567
81.75 81.7 81.8 0.001599160434
81.85 81.8 81.9 0.003486405543
81.95 81.9 82 0.00369247451
82.05 82 82.1 0.003864423254
82.15 82.1 82.2 0.001368112957
82.25 82.2 82.3 0.003827348921
82.35 82.3 82.4 0.005212156038
82.45 82.4 82.5 0.0004860902483
82.55 82.5 82.6 0.002510449086
82.65 82.6 82.7 0.002153904089
82.75 82.7 82.8 -0.001062198219
82.85 82.8 82.9 0.002995277581
82.95 82.9 83 0.003233588295
83.05 83 83.1 0.0001639643911
83.15 83.1 83.2 0.000681592091
83.25 83.2 83.3 0.0004025980659
83.35 83.3 83.4 0.002732914972
83.45 83.4 83.5 0.003534441786
83.55 83.5 83.6 0.001715042384
83.65 83.6 83.7 0.0008911895668
83.75 83.7 83.8 0.001723895282
83.85 83.8 83.9 0.004186132364
83.95 83.9 84 -0.002769012975
84.05 84 84.1 0.001876133524
84.15 84.1 84.2 0.002495521218
84.25 84.2 84.3 0.001154889154
84.35 84.3 84.4 0.0002426100801
84.45 84.4 84.5 0.0003396198306
84.55 84.5 84.6 0.0004783105539
84.65 84.6 84.7 0.001348674719
84.75 84.7 84.8 0.001743724912
84.85 84.8 84.9 0.001496469997
84.95 84.9 85 0.001720987322
85.05 85 85.1 0.0001361655721
85.15 85.1 85.2 0.002238176888
85.25 85.2 85.3 0.00162333705
85.35 85.3 85.4 0.00196698823
85.45 85.4 85.5 0.002384736483
85.55 85.5 85.6 0.000937984988
85.65 85.6 85.7 0.003239114774
85.75 85.7 85.8 0.000966948078
85.85 85.8 85.9 0.001631547188
85.95 85.9 86 0.002343496754
86.05 86 86.1 0.0007891442995
86.15 86.1 86.2 0.003074764458
86.25 86.2 86.3 0.003319745439
86.35 86.3 86.4 0.0027411272
86.45 86.4 86.5 0.002148708828
86.55 86.5 86.6 0.002555256565
86.65 86.6 86.7 0.004956243002
86.75 86.7 86.8 0.00182120377
86.85 86.8 86.9 0.002919159966
86.95 86.9 87 0.0003838866607
87.05 87 87.1 0.002561012504
87.15 87.1 87.2 0.001129391776
87.25 87.2 87.3 0.001548638569
87.35 87.3 87.4 0.002186281378
87.45 87.4 87.5 0.001056559176
87.55 87.5 87.6 0.002302230542
87.65 87.6 87.7 0.0005292230043
87.75 87.7 87.8 -0.000790590112
87.85 87.8 87.9 0.001689821095
87.95 87.9 88 0.001803232962
88.05 88 88.1 0.00361880616
88.15 88.1 88.2 0.00206854838
88.25 88.2 88.3 0.0008247620368
88.35 88.3 88.4 0.00106479712
88.45 88.4 88.5 0.003229551463
88.55 88.5 88.6 0.003249153431
88.65 88.6 88.7 -0.0006783817571
88.75 88.7 88.8 0.001256693429
88.85 88.8 88.9 -0.0001863759203
88.95 88.9 89 0.001919349663
89.05 89 89.1 0.002164993834
89.15 89.1 89.2 0.00114466171
89.25 89.2 89.3 0.003875825705
89.35 89.3 89.4 0.003579778143
89.45 89.4 89.5 0.0007281680875
89.55 89.5 89.6 0.003005542962
89.65 89.6 89.7 0.001728490789
89.75 89.7 89.8 0.004435056622
89.85 89.8 89.9 0.001546351313
89.95 89.9 90 0.001592751654
90.05 90 90.1 0.00242331761
90.15 90.1 90.2 0.001776470188
90.25 90.2 90.3 0.001799435139
90.35 90.3 90.4 0.004799414641
90.45 90.4 90.5 0.001973394796
90.55 90.5 90.6 0.001551299433
90.65 90.6 90.7 0.00321774232
90.75 90.7 90.8 0.0002283122835
90.85 90.8 90.9 0.001919921668
90.95 90.9 91 0.00320580036
91.05 91 91.1 0.002666761324
91.15 91.1 91.2 0.002242562136
91.25 91.2 91.3 0.004383603446
91.35 91.3 91.4 -0.0005087482342
91.45 91.4 91.5 0.001396454232
91.55 91.5 91.6 0.001471361899
91.65 91.6 91.7 0.003835933127
91.75 91.7 91.8 0.001490603023
91.85 91.8 91.9 0.00141797562
91.95 91.9 92 0.002775683648
92.05 92 92.1 0.002722398835
92.15 92.1 92.2 0.005297088578
92.25 92.2 92.3 0.00330119974
92.35 92.3 92.4 0.002483237158
92.45 92.4 92.5 0.003350366623
92.55 92.5 92.6 0.0008162409894
92.65 92.6 92.7 0.001766021143
92.75 92.7 92.8 0.0007213852543
92.85 92.8 92.9 0.00191339586
92.95 92.9 93 0.0004776980845
93.05 93 93.1 0.002487688437
93.15 93.1 93.2 0.002630581546
93.25 93.2 93.3 0.0008125897447
93.35 93.3 93.4 0.002749906263
93.45 93.4 93.5 0.003082377241
93.55 93.5 93.6 0.001519950252
93.65 93.6 93.7 0.00426881405
93.75 93.7 93.8 0.00228301429
93.85 93.8 93.9 0.0009107971262
93.95 93.9 94 0.004961805022
94.05 94 94.1 0.004004530271
94.15 94.1 94.2 0.002297655528
94.25 94.2 94.3 0.004162806606
94.35 94.3 94.4 0.003321046702
94.45 94.4 94.5 1.086844768e-06
94.55 94.5 94.6 0.001387729652
94.65 94.6 94.7 0.003593770612
94.75 94.7 94.8 0.005823550192
94.85 94.8 94.9 0.003918867953
94.95 94.9 95 0.001630804095
95.05 95 95.1 0.003110967657
95.15 95.1 95.2 0.003344319262
95.25 95.2 95.3 0.005226020731
95.35 95.3 95.4 0.00346615033
95.45 95.4 95.5 0.004030940457
95.55 95.5 95.6 0.002085617497
95.65 95.6 95.7 0.001462608708
95.75 95.7 95.8 0.002726327131
95.85 95.8 95.9 0.004119759621
95.95 95.9 96 0.003786562897
96.05 96 96.1 0.002585023984
96.15 96.1 96.2 0.004553201521
96.25 96.2 96.3 0.005156093726
96.35 96.3 96.4 0.003276672278
96.45 96.4 96.5 0.003222216754
96.55 96.5 96.6 0.003123579995
96.65 96.6 96.7 0.003002827181
96.75 96.7 96.8 0.005818529725
96.85 96.8 96.9 0.003193067222
96.95 96.9 97 0.00322243842
97.05 97 97.1 0.004553718575
97.15 97.1 97.2 0.004939893257
97.25 97.2 97.3 0.002359371766
97.35 97.3 97.4 0.005135988614
97.45 97.4 97.5 0.004256562906
97.55 97.5 97.6 0.003762416835
97.65 97.6 97.7 0.006949311011
97.75 97.7 97.8 0.004901400954
97.85 97.8 97.9 0.003226938316
97.95 97.9 98 0.004841728967
98.05 98 98.1 0.004631505393
98.15 98.1 98.2 0.003246551418
98.25 98.2 98.3 0.002661973609
98.35 98.3 98.4 0.004232485806
98.45 98.4 98.5 0.003535284737
98.55 98.5 98.6 0.004471812091
98.65 98.6 98.7 0.003877111676
98.75 98.7 98.8 0.004403521949
98.85 98.8 98.9 0.00464827256
98.95 98.9 99 0.005748166912
99.05 99 99.1 0.003429846001
99.15 99.1 99.2 0.004891362924
99.25 99.2 99.3 0.004572320647
99.35 99.3 99.4 0.003010485616
99.45 99.4 99.5 0.005102765454
99.55 99.5 99.6 0.003491319076
99.65 99.6 99.7 0.004314969091
99.75 99.7 99.8 0.004254453094
99.85 99.8 99.9 0.006381391732
99.95 99.9 100 0.005278704857
100.05 100 100.1 0.005907740256
100.15 100.1 100.2 0.001933978997
100.25 100.2 100.3 0.005946849151
100.35 100.3 100.4 0.005241156335
100.45 100.4 100.5 0.003063223245
100.55 100.5 100.6 0.005805975726
100.65 100.6 100.7 0.002069836212
100.75 100.7 100.8 0.003978263167
100.85 100.8 100.9 0.005151776744
100.95 100.9 101 0.005493042957
101.05 101 101.1 0.004884637051
101.15 101.1 101.2 0.00621613346
101.25 101.2 101.3 0.004230732153
101.35 101.3 101.4 0.003318445516
101.45 101.4 101.5 0.003508314642
101.55 101.5 101.6 0.003353344449
101.65 101.6 101.7 0.002797144849
101.75 101.7 101.8 0.004761799719
101.85 101.8 101.9 0.00415637905
101.95 101.9 102 0.002960202808
102.05 102 102.1 0.002068117892
102.15 102.1 102.2 0.006623111611
102.25 102.2 102.3 0.004417948762
102.35 102.3 102.4 0.004899198289
102.45 102.4 102.5 0.00558407744
102.55 102.5 102.6 0.003827688086
102.65 102.6 102.7 0.003759320944
102.75 102.7 102.8 0.004032272533
102.85 102.8 102.9 0.003092609135
102.95 102.9 103 0.002080895707
103.05 103 103.1 0.002895628144
103.15 103.1 103.2 0.003604645801
103.25 103.2 103.3 0.003104153266
103.35 103.3 103.4 0.003096659282
103.45 103.4 103.5 0.003269850877
103.55 103.5 103.6 0.003262045269
103.65 103.6 103.7 0.00381074517
103.75 103.7 103.8 0.00190125001
103.85 103.8 103.9 0.005758420823
103.95 103.9 104 0.00224217041
104.05 104 104.1 0.005975088426
104.15 104.1 104.2 0.002737811077
104.25 104.2 104.3 0.004960027624
104.35 104.3 104.4 0.003685347499
104.45 104.4 104.5 0.003314000407
104.55 104.5 104.6 0.005237076558
104.65 104.6 104.7 0.002685010848
104.75 104.7 104.8 0.003303965489
104.85 104.8 104.9 0.003583925592
104.95 104.9 105 0.005408421178
105.05 105 105.1 0.005858744148
105.15 105.1 105.2 0.004096121549
105.25 105.2 105.3 0.005173920297
105.35 105.3 105.4 0.003321661964
105.45 105.4 105.5 0.004968839395
105.55 105.5 105.6 0.002311627759
105.65 105.6 105.7 0.004378372624
105.75 105.7 105.8 0.004097135555
105.85 105.8 105.9 0.004083513121
105.95 105.9 106 0.003558340943
106.05 106 106.1 0.004557079502
106.15 106.1 106.2 0.004212248328
106.25 106.2 106.3 0.002612362547
106.35 106.3 106.4 0.00458109879
106.45 106.4 106.5 0.00255971173
106.55 106.5 106.6 0.002718687494
106.65 106.6 106.7 0.004648403394
106.75 106.7 106.8 0.004917982611
106.85 106.8 106.9 0.003008793742
106.95 106.9 107 0.001509777367
107.05 107 107.1 0.004426542376
107.15 107.1 107.2 0.001852206635
107.25 107.2 107.3 0.003766969357
107.35 107.3 107.4 0.004312784229
107.45 107.4 107.5 0.004121780443
107.55 107.5 107.6 0.003210803809
107.65 107.6 107.7 0.003997722227
107.75 107.7 107.8 0.002284655507
107.85 107.8 107.9 0.004108940068
107.95 107.9 108 0.002127519643
108.05 108 108.1 0.005663977975
108.15 108.1 108.2 0.003385217832
108.25 108.2 108.3 0.00517693149
108.35 108.3 108.4 0.002271774461
108.45 108.4 108.5 0.004945781368
108.55 108.5 108.6 0.002693902342
108.65 108.6 108.7 0.002914937159
108.75 108.7 108.8 0.003884435157
108.85 108.8 108.9 0.003263213619
108.95 108.9 109 0.003011924784
109.05 109 109.1 0.003786531513
109.15 109.1 109.2 0.00395420134
109.25 109.2 109.3 0.004028873529
109.35 109.3 109.4 0.002811301512
109.45 109.4 109.5 0.002846719659
109.55 109.5 109.6 0.002240940562
109.65 109.6 109.7 0.003790853494
109.75 109.7 109.8 0.003317886463
109.85 109.8 109.9 0.003458086073
109.95 109.9 110 0.003218213176
110.05 110 110.1 0.003042503683
110.15 110.1 110.2 0.002372808126
110.25 110.2 110.3 0.004136831873
110.35 110.3 110.4 0.003265085829
110.45 110.4 110.5 0.002708109456
110.55 110.5 110.6 0.002795428588
110.65 110.6 110.7 0.004199162956
110.75 110.7 110.8 0.002621609336
110.85 110.8 110.9 0.002945191166
110.95 110.9 111 0.003114838454
111.05 111 111.1 0.005809125203
111.15 111.1 111.2 0.002615196567
111.25 111.2 111.3 0.003484001423
111.35 111.3 111.4 0.004591552651
111.45 111.4 111.5 0.003222844772
111.55 111.5 111.6 0.004035379648
111.65 111.6 111.7 0.003358224453
111.75 111.7 111.8 0.004347363793
111.85 111.8 111.9 0.002314802795
111.95 111.9 112 0.0002359503799
112.05 112 112.1 0.001892581919
112.15 112.1 112.2 0.002166143113
112.25 112.2 112.3 0.003352995408
112.35 112.3 112.4 0.003121403959
112.45 112.4 112.5 0.002168195674
112.55 112.5 112.6 0.003437672579
112.65 112.6 112.7 0.002161004823
112.75 112.7 112.8 0.0005033661213
112.85 112.8 112.9 0.002195106579
112.95 112.9 113 0.001593271515
113.05 113 113.1 0.003314405797
113.15 113.1 113.2 0.0007999570704
113.25 113.2 113.3 0.001990385435
113.35 113.3 113.4 0.004012568795
113.45 113.4 113.5 0.001558015906
113.55 113.5 113.6 0.002607135226
113.65 113.6 113.7 0.003917106191
113.75 113.7 113.8 0.0033700841
113.85 113.8 113.9 0.00241518777
113.95 113.9 114 0.002167636694
114.05 114 114.1 -0.001186901282
114.15 114.1 114.2 0.002512339637
114.25 114.2 114.3 0.002978549705
114.35 114.3 114.4 0.004045111736
114.45 114.4 114.5 0.003246212724
114.55 114.5 114.6 0.002886177162
114.65 114.6 114.7 0.0002910713989
114.75 114.7 114.8 0.001408564234
114.85 114.8 114.9 0.001965856125
114.95 114.9 115 0.001439549321
115.05 115 115.1 0.001783918578
115.15 115.1 115.2 0.002625302857
115.25 115.2 115.3 0.004537153991
115.35 115.3 115.4 0.001346423947
115.45 115.4 115.5 0.004022870717
115.55 115.5 115.6 0.001726388867
115.65 115.6 115.7 9.597238127e-05
115.75 115.7 115.8 0.001948649486
115.85 115.8 115.9 0.002612310384
115.95 115.9 116 0.001781691923
116.05 116 116.1 0.001637304324
116.15 116.1 116.2 0.0005955107956
116.25 116.2 116.3 0.002888421183
116.35 116.3 116.4 0.002132561311
116.45 116.4 116.5 0.001936779287
116.55 116.5 116.6 0.003209815839
116.65 116.6 116.7 0.002764248502
116.75 116.7 116.8 0.00105326283
116.85 116.8 116.9 0.0004981477064
116.95 116.9 117 0.0002488497045
117.05 117 117.1 0.001085854334
117.15 117.1 117.2 0.00284195416
117.25 117.2 117.3 0.002688088483
117.35 117.3 117.4 0.0006365150512
117.45 117.4 117.5 0.0006282762836
117.55 117.5 117.6 -0.0004609791844
117.65 117.6 117.7 0.001435547941
117.75 117.7 117.8 0.004205857918
117.85 117.8 117.9 0.001787734559
117.95 117.9 118 0.001398001831
118.05 118 118.1 -0.0002023453463
118.15 118.1 118.2 -0.0003826343946
118.25 118.2 118.3 0.002564707999
118.35 118.3 118.4 0.0009364161417
118.45 118.4 118.5 0.0001535914049
118.55 118.5 118.6 0.001065747025
118.65 118.6 118.7 0.001293122062
118.75 118.7 118.8 0.005060386074
118.85 118.8 118.9 0.001649276366
118.95 118.9 119 0.002236631298
119.05 119 119.1 0.001126081048
119.15 119.1 119.2 0.0005305909013
119.25 119.2 119.3 0.001864962774
119.35 119.3 119.4 0.001161337525
119.45 119.4 119.5 0.002654332075
119.55 119.5 119.6 0.0008522348899
119.65 119.6 119.7 0.002132909214
119.75 119.7 119.8 0.0004063110529
119.85 119.8 119.9 -0.0001983934861
119.95 119.9 120 0.0009732699413
120.05 120 120.1 0.001506583061
120.15 120.1 120.2 -0.0003444991909
120.25 120.2 120.3 0.000838264624
120.35 120.3 120.4 0.0008637266383
120.45 120.4 120.5 0.001757593425
120.55 120.5 120.6 0.001439975827
120.65 120.6 120.7 0.002871238844
120.75 120.7 120.8 0.001205374514
120.85 120.8 120.9 -0.00163793455
120.95 120.9 121 0.0003599783984
121.05 121 121.1 -0.0006005535847
121.15 121.1 121.2 0.0003021243478
121.25 121.2 121.3 0.0003194267824
121.35 121.3 121.4 0.000884593065
121.45 121.4 121.5 -8.588207636e-05
121.55 121.5 121.6 -0.0004630331089
121.65 121.6 121.7 0.001102122664
121.75 121.7 121.8 0.0006543078452
121.85 121.8 121.9 0.0002112936085
121.95 121.9 122 -0.001614395491
122.05 122 122.1 0.000112614828
122.15 122.1 122.2 0.001797616635
122.25 122.2 122.3 -0.0007939437349
122.35 122.3 122.4 0.004202755421
122.45 122.4 122.5 0.001230814078
122.55 122.5 122.6 -0.0003358184384
122.65 122.6 122.7 0.001468383077
122.75 122.7 122.8 -0.0001908523814
122.85 122.8 122.9 7.05126833e-05
122.95 122.9 123 0.0004344526778
123.05 123 123.1 0.0008088363579
123.15 123.1 123.2 -0.000150950359
123.25 123.2 123.3 -0.002351826278
123.35 123.3 123.4 -0.002046074344
123.45 123.4 123.5 0.0003719052207
123.55 123.5 123.6 -0.0003698045239
123.65 123.6 123.7 -0.0002289357329
123.75 123.7 123.8 -0.0001817789448
123.85 123.8 123.9 0.0008996221301
123.95 123.9 124 -0.0002138056385
124.05 124 124.1 0.0006846500869
124.15 124.1 124.2 0.0006229674324
124.25 124.2 124.3 -9.427928449e-05
124.35 124.3 124.4 0.0005083773418
124.45 124.4 124.5 0.0006019251398
124.55 124.5 124.6 -0.0002391354998
124.65 124.6 124.7 0.0003517219073
124.75 124.7 124.8 -0.001361283677
124.85 124.8 124.9 4.993879885e-06
124.95 124.9 125 -0.002136360385
125.05 125 125.1 -0.002240212757
125.15 125.1 125.2 0.0003508039638
125.25 125.2 125.3 -0.001289960219
125.35 125.3 125.4 0.0008472142569
125.45 125.4 125.5 -0.0005907037935
125.55 125.5 125.6 0.001040954393
125.65 125.6 125.7 -0.001269962815
125.75 125.7 125.8 -0.001790502114
125.85 125.8 125.9 4.483564436e-05
125.95 125.9 126 -0.001575542175
126.05 126 126.1 -0.0002242836484
126.15 126.1 126.2 -0.00103864654
126.25 126.2 126.3 -0.002086163115
126.35 126.3 126.4 -0.0005463659506
126.45 126.4 126.5 -0.000860020587
126.55 126.5 126.6 0.001457050321
126.65 126.6 126.7 -0.003560650209
126.75 126.7 126.8 -0.002453172487
126.85 126.8 126.9 -0.00178817021
126.95 126.9 127 0.00163513542
127.05 127 127.1 0.000600202743
127.15 127.1 127.2 -0.001923314111
127.25 127.2 127.3 -0.0009869063941
127.35 127.3 127.4 5.311236833e-05
127.45 127.4 127.5 -0.001947360077
127.55 127.5 127.6 -0.002219238536
127.65 127.6 127.7 -9.588324643e-05
127.75 127.7 127.8 -0.000256834629
127.85 127.8 127.9 -0.001682919587
127.95 127.9 128 -0.001290322647
128.05 128 128.1 -0.0009180334693
128.15 128.1 128.2 -0.0001520193491
128.25 128.2 128.3 -0.001077956484
128.35 128.3 128.4 -0.0008215722313
128.45 128.4 128.5 0.0006752869255
128.55 128.5 128.6 -2.647726139e-05
128.65 128.6 128.7 -0.001805211379
128.75 128.7 128.8 0.0001264770181
128.85 128.8 128.9 -0.0007773195572
128.95 128.9 129 -0.002546566701
129.05 129 129.1 -0.0005896349361
129.15 129.1 129.2 -0.001282862641
129.25 129.2 129.3 -0.001855646059
129.35 129.3 129.4 0.0008818491518
129.45 129.4 129.5 -0.002314716946
129.55 129.5 129.6 -0.001252662943
129.65 129.6 129.7 -0.001023769552
129.75 129.7 129.8 -0.001760343519
129.85 129.8 129.9 -0.0005156415853
129.95 129.9 130 -0.0003292117329
130.05 130 130.1 -0.002554605794
130.15 130.1 130.2 -0.0007408569532
130.25 130.2 130.3 -0.001069375728
130.35 130.3 130.4 3.767633066e-05
130.45 130.4 130.5 -7.453603483e-05
130.55 130.5 130.6 -0.001692170116
130.65 130.6 130.7 -0.002490361007
130.75 130.7 130.8 -0.001554234886
130.85 130.8 130.9 -5.163145383e-05
130.95 130.9 131 -0.001500095714
131.05 131 131.1 -0.0008282732092
131.15 131.1 131.2 -0.0003370881123
131.25 131.2 131.3 0.0005753720689
131.35 131.3 131.4 -7.499848909e-05
131.45 131.4 131.5 -0.002708958637
131.55 131.5 131.6 -0.0005029443291
131.65 131.6 131.7 -0.001998988554
131.75 131.7 131.8 -0.001108020295
131.85 131.8 131.9 -0.001883835586
131.95 131.9 132 -0.001014175619
132.05 132 132.1 0.0001003004611
132.15 132.1 132.2 -0.001347305646
132.25 132.2 132.3 -0.001420936962
132.35 132.3 132.4 -0.001385674132
132.45 132.4 132.5 -0.002347046229
132.55 132.5 132.6 -0.001568599807
132.65 132.6 132.7 -0.001097116877
132.75 132.7 132.8 -0.004151242956
132.85 132.8 132.9 -0.002199715841
132.95 132.9 133 -0.002608153294
133.05 133 133.1 -0.001152755755
133.15 133.1 133.2 -0.0006053996256
133.25 133.2 133.3 -0.0007625427116
133.35 133.3 133.4 -0.00197476606
133.45 133.4 133.5 -0.0003601119364
133.55 133.5 133.6 -1.147655145e-05
133.65 133.6 133.7 -0.001996641825
133.75 133.7 133.8 -0.001689524268
133.85 133.8 133.9 -0.001189174096
133.95 133.9 134 -0.001748331465
134.05 134 134.1 -0.000390077089
134.15 134.1 134.2 -0.0002134326772
134.25 134.2 134.3 -0.002053176575
134.35 134.3 134.4 -0.002301610615
134.45 134.4 134.5 -0.001796783714
134.55 134.5 134.6 2.546858476e-05
134.65 134.6 134.7 -0.001328783208
134.75 134.7 134.8 -0.000804256743
134.85 134.8 134.9 -0.0009101226275
134.95 134.9 135 -0.001324211089
135.05 135 135.1 -0.002481522256
135.15 135.1 135.2 -0.001130005604
135.25 135.2 135.3 -0.0004244926813
135.35 135.3 135.4 -0.00114853875
135.45 135.4 135.5 -0.002386081871
135.55 135.5 135.6 -0.002302222925
135.65 135.6 135.7 2.221619973e-05
135.75 135.7 135.8 -0.001945952958
135.85 135.8 135.9 -0.002923366508
135.95 135.9 136 -0.001294725154
136.05 136 136.1 -0.001781685396
136.15 136.1 136.2 -0.0009949719281
136.25 136.2 136.3 -0.003127932719
136.35 136.3 136.4 -0.0009402276327
136.45 136.4 136.5 -0.0009723258167
136.55 136.5 136.6 -0.001313387484
136.65 136.6 136.7 -0.001604667845
136.75 136.7 136.8 -0.002911326515
136.85 136.8 136.9 -0.002636646695
136.95 136.9 137 -0.0004628264423
137.05 137 137.1 -0.001299626855
137.15 137.1 137.2 -0.001405505116
137.25 137.2 137.3 -0.001855272442
137.35 137.3 137.4 -0.00212320586
137.45 137.4 137.5 -0.0007598151564
137.55 137.5 137.6 -0.001049599432
137.65 137.6 137.7 9.549522136e-05
137.75 137.7 137.8 -0.0007985402915
137.85 137.8 137.9 -0.0003817023773
137.95 137.9 138 -0.001464857722
138.05 138 138.1 -0.001271508918
138.15 138.1 138.2 -0.001046223362
138.25 138.2 138.3 -0.00201567865
138.35 138.3 138.4 -0.0003952072334
138.45 138.4 138.5 0.0006819960988
138.55 138.5 138.6 -0.002240903033
138.65 138.6 138.7 -0.0003976098565
138.75 138.7 138.8 -0.0001772881959
138.85 138.8 138.9 -0.0002121642632
138.95 138.9 139 -0.002154965895
139.05 139 139.1 -0.001231751635
139.15 139.1 139.2 -0.001518942492
139.25 139.2 139.3 -0.002821887179
139.35 139.3 139.4 -0.001318994985
139.45 139.4 139.5 -8.974291999e-05
139.55 139.5 139.6 -0.002570134731
139.65 139.6 139.7 -0.001192477686
139.75 139.7 139.8 -0.002340720606
139.85 139.8 139.9 0.001490542225
139.95 139.9 140 -0.002428306408
140.05 140 140.1 0.0002912399159
140.15 140.1 140.2 -0.00259800745
140.25 140.2 140.3 -0.0004623939749
140.35 140.3 140.4 -0.001003412224
140.45 140.4 140.5 -0.002267582756
140.55 140.5 140.6 -0.001251958329
140.65 140.6 140.7 0.001503105472
140.75 140.7 140.8 -0.001060672744
140.85 140.8 140.9 -0.0006735337955
140.95 140.9 141 -0.001335552211
141.05 141 141.1 0.0003149114705
141.15 141.1 141.2 -0.0006658338888
141.25 141.2 141.3 -0.0008857916154
141.35 141.3 141.4 -0.0009840446584
141.45 141.4 141.5 -0.00123456431
141.55 141.5 141.6 -0.0007392155942
141.65 141.6 141.7 -0.002453982975
141.75 141.7 141.8 -0.0008484170874
141.85 141.8 141.9 -1.155703131e-05
141.95 141.9 142 -0.0007749548624
142.05 142 142.1 -0.0005168349353
142.15 142.1 142.2 -0.0012896654
142.25 142.2 142.3 -0.0001215883511
142.35 142.3 142.4 -0.002302287683
142.45 142.4 142.5 -0.002681199914
142.55 142.5 142.6 -0.002417688056
142.65 142.6 142.7 -0.001773111577
142.75 142.7 142.8 -0.0007430411449
142.85 142.8 142.9 -0.001034078826
142.95 142.9 143 -0.002341435132
143.05 143 143.1 -0.002123208345
143.15 143.1 143.2 -0.0004656999012
143.25 143.2 143.3 -0.00067490736
143.35 143.3 143.4 -0.002089577596
143.45 143.4 143.5 -0.002249031892
143.55 143.5 143.6 -0.001018164476
143.65 143.6 143.7 0.0001032327381
143.75 143.7 143.8 -0.0007025319994
143.85 143.8 143.9 -0.002205072391
143.95 143.9 144 0.001250333492
144.05 144 144.1 -0.001356659799
144.15 144.1 144.2 -0.0004401109513
144.25 144.2 144.3 -0.0009473609728
144.35 144.3 144.4 -0.001886924348
144.45 144.4 144.5 -0.002235734077
144.55 144.5 144.6 -0.0003924578249
144.65 144.6 144.7 -0.001401545662
144.75 144.7 144.8 -0.001384272534
144.85 144.8 144.9 -0.001154373928
144.95 144.9 145 -0.001111781853
145.05 145 145.1 -0.001533365366
145.15 145.1 145.2 -0.002893796072
145.25 145.2 145.3 -0.001729522762
145.35 145.3 145.4 -0.001666050125
145.45 145.4 145.5 -0.002988558283
145.55 145.5 145.6 -0.001378674837
145.65 145.6 145.7 -0.001525430799
145.75 145.7 145.8 -0.001773314581
145.85 145.8 145.9 0.0003664927412
145.95 145.9 146 -0.002699931128
146.05 146 146.1 1.79843965e-05
146.15 146.1 146.2 -0.0006105821086
146.25 146.2 146.3 -0.002671297917
146.35 146.3 146.4 -0.000644775553
146.45 146.4 146.5 0.0004419700027
146.55 146.5 146.6 -0.0006113679671
146.65 146.6 146.7 -0.00176937215
146.75 146.7 146.8 -0.002929164376
146.85 146.8 146.9 -0.001643338474
146.95 146.9 147 -0.0004429146514
147.05 147 147.1 -0.0001987087508
147.15 147.1 147.2 -8.506692434e-05
147.25 147.2 147.3 -0.001231309159
147.35 147.3 147.4 -0.003881229689
147.45 147.4 147.5 -0.000464391963
147.55 147.5 147.6 -0.0007716530684
147.65 147.6 147.7 -0.001667246722
147.75 147.7 147.8 -0.00106649231
147.85 147.8 147.9 0.001078930847
147.95 147.9 148 -0.002752383596
148.05 148 148.1 -0.001783876755
148.15 148.1 148.2 -0.002375210271
148.25 148.2 148.3 -0.002029431826
148.35 148.3 148.4 -0.003552245146
148.45 148.4 148.5 -0.001653397289
148.55 148.5 148.6 0.001397254879
148.65 148.6 148.7 -0.001366759713
148.75 148.7 148.8 -0.001378830154
148.85 148.8 148.9 -0.002416756967
148.95 148.9 149 -0.001156885707
149.05 149 149.1 -0.001553571405
149.15 149.1 149.2 -0.0008862565754
149.25 149.2 149.3 -0.002079693481
149.35 149.3 149.4 -0.0006522868374
149.45 149.4 149.5 -0.001139119108
149.55 149.5 149.6 -0.002485770567
149.65 149.6 149.7 -0.001814596072
149.75 149.7 149.8 -0.001432746077
149.85 149.8 149.9 -0.002516084734
149.95 149.9 150 0.0001013516297
150.05 150 150.1 -0.0007941014017
150.15 150.1 150.2 -0.001317683691
150.25 150.2 150.3 -0.001149292382
150.35 150.3 150.4 -0.001514695373
150.45 150.4 150.5 -0.001471501538
150.55 150.5 150.6 -0.0009336466058
150.65 150.6 150.7 -0.00134105824
150.75 150.7 150.8 -0.001560795331
150.85 150.8 150.9 -0.0009811947732
150.95 150.9 151 -0.001017449897
151.05 151 151.1 -0.002594645897
151.15 151.1 151.2 -0.0004521758063
151.25 151.2 151.3 -0.002253646072
151.35 151.3 151.4 -0.002128607504
151.45 151.4 151.5 -0.001975091995
151.55 151.5 151.6 -0.002030807891
151.65 151.6 151.7 -0.002207134198
151.75 151.7 151.8 -0.003027096248
151.85 151.8 151.9 -0.0005836943429
151.95 151.9 152 -0.001933197621
152.05 152 152.1 -0.002224014315
152.15 152.1 152.2 -0.00068500201
152.25 152.2 152.3 -0.001231744933
152.35 152.3 152.4 -0.0005984389416
152.45 152.4 152.5 -0.0008874306225
152.55 152.5 152.6 -0.002199178866
152.65 152.6 152.7 -0.001585739896
152.75 152.7 152.8 -0.002242977729
152.85 152.8 152.9 -0.002077986032
152.95 152.9 153 -0.001509931076
153.05 153 153.1 -0.004131063098
153.15 153.1 153.2 -0.001534503038
153.25 153.2 153.3 -0.001049173156
153.35 153.3 153.4 -0.001369743638
153.45 153.4 153.5 -0.003484548733
153.55 153.5 153.6 -0.0001804107431
153.65 153.6 153.7 0.0001495532032
153.75 153.7 153.8 -0.001211453001
153.85 153.8 153.9 -0.0008335222368
153.95 153.9 154 -0.002183845846
154.05 154 154.1 8.970639229e-05
154.15 154.1 154.2 -0.00151799146
154.25 154.2 154.3 -0.003320652877
154.35 154.3 154.4 -0.001628478653
154.45 154.4 154.5 -0.003291005203
154.55 154.5 154.6 -0.001681644709
154.65 154.6 154.7 -0.0009528515411
154.75 154.7 154.8 -0.002004986951
154.85 154.8 154.9 -0.002966882609
154.95 154.9 155 -0.00227159836
155.05 155 155.1 -6.635486192e-05
155.15 155.1 155.2 0.001273775349
155.25 155.2 155.3 -0.002881707648
155.35 155.3 155.4 -0.002082104183
155.45 155.4 155.5 -0.002276917789
155.55 155.5 155.6 -0.0008372866633
155.65 155.6 155.7 -0.0006230922927
155.75 155.7 155.8 -0.000869944659
155.85 155.8 155.9 -9.695378928e-05
155.95 155.9 156 -0.001053954078
156.05 156 156.1 -0.001308112029
156.15 156.1 156.2 -0.0003918308746
156.25 156.2 156.3 -0.002330939375
156.35 156.3 156.4 -0.0005434759717
156.45 156.4 156.5 -0.002173742364
156.55 156.5 156.6 1.892896167e-05
156.65 156.6 156.7 -0.000238374817
156.75 156.7 156.8 -0.00138879021
156.85 156.8 156.9 -0.0003439186178
156.95 156.9 157 -0.001199516633
157.05 157 157.1 -0.0001931893578
157.15 157.1 157.2 0.0004410308455
157.25 157.2 157.3 -0.0007758227426
157.35 157.3 157.4 -0.0008397806069
157.45 157.4 157.5 -0.0007370248224
157.55 157.5 157.6 -0.002282817383
157.65 157.6 157.7 -0.001175979802
157.75 157.7 157.8 -0.0008457087715
157.85 157.8 157.9 -0.001528062504
157.95 157.9 158 -0.002085274286
158.05 158 158.1 -0.00389437975
158.15 158.1 158.2 -0.00179380245
158.25 158.2 158.3 -0.001560992523
158.35 158.3 158.4 -0.001837804515
158.45 158.4 158.5 9.219703629e-05
158.55 158.5 158.6 -0.001086046734
158.65 158.6 158.7 -0.00150246478
158.75 158.7 158.8 -0.00143921924
158.85 158.8 158.9 -0.00121167178
158.95 158.9 159 -0.0005041044868
159.05 159 159.1 -0.001434284665
159.15 159.1 159.2 -0.001021735675
159.25 159.2 159.3 0.0002043181216
159.35 159.3 159.4 0.001590778947
159.45 159.4 159.5 -0.0006673215839
159.55 159.5 159.6 -0.0005918289938
159.65 159.6 159.7 -0.001695714178
159.75 159.7 159.8 -0.001236603985
159.85 159.8 159.9 -0.00248120997
159.95 159.9 160 -0.001373326426
160.05 160 160.1 -0.002062388717
160.15 160.1 160.2 -0.002108163591
160.25 160.2 160.3 -0.001395782488
160.35 160.3 160.4 -0.0003149354725
160.45 160.4 160.5 -0.000949537484
160.55 160.5 160.6 -0.000307094727
160.65 160.6 160.7 -0.001123370024
160.75 160.7 160.8 0.0006804993933
160.85 160.8 160.9 0.0007694395862
160.95 160.9 161 -0.001635582508
161.05 161 161.1 -0.001141617111
161.15 161.1 161.2 -0.0003366077737
161.25 161.2 161.3 -0.0009008941749
161.35 161.3 161.4 0.0001399721455
161.45 161.4 161.5 -0.001275625732
161.55 161.5 161.6 0.0001185972253
161.65 161.6 161.7 -0.001140247655
161.75 161.7 161.8 -0.001328384199
161.85 161.8 161.9 -0.001307387309
161.95 161.9 162 -0.0006949803971
162.05 162 162.1 -0.001993857414
162.15 162.1 162.2 -0.001712207502
162.25 162.2 162.3 -0.001958370548
162.35 162.3 162.4 0.0002806462193
162.45 162.4 162.5 -0.0005370336648
162.55 162.5 162.6 -0.001223902715
162.65 162.6 162.7 -0.0009182961101
162.75 162.7 162.8 0.0006719969619
162.85 162.8 162.9 -0.0004142302828
162.95 162.9 163 -0.001322956068
163.05 163 163.1 0.0003084256711
163.15 163.1 163.2 -0.0007234908715
163.25 163.2 163.3 -0.0006987703962
163.35 163.3 163.4 -0.0008285622597
163.45 163.4 163.5 -0.0004846667744
163.55 163.5 163.6 -0.002413822716
163.65 163.6 163.7 -0.0007572081692
163.75 163.7 163.8 -0.0004331009736
163.85 163.8 163.9 -0.001389447167
163.95 163.9 164 -0.002761299596
164.05 164 164.1 -0.0005207026275
164.15 164.1 164.2 -0.0003523457362
164.25 164.2 164.3 0.0008328200779
164.35 164.3 164.4 -0.0001206184211
164.45 164.4 164.5 -0.0004143996552
164.55 164.5 164.6 -0.0001991370896
164.65 164.6 164.7 -0.0006617503335
164.75 164.7 164.8 -1.272128976e-05
164.85 164.8 164.9 -0.0002191987374
164.95 164.9 165 -0.001065267962
165.05 165 165.1 0.0005682512381
165.15 165.1 165.2 -0.0007308545233
165.25 165.2 165.3 -0.001738772552
165.35 165.3 165.4 -0.00189725772
165.45 165.4 165.5 -0.0004327305807
165.55 165.5 165.6 -3.732191628e-05
165.65 165.6 165.7 0.0002011021386
165.75 165.7 165.8 -0.0007705977756
165.85 165.8 165.9 0.001268210601
165.95 165.9 166 0.001096886937
166.05 166 166.1 -0.002208904575
166.15 166.1 166.2 -0.001840446594
166.25 166.2 166.3 -0.0009333058789
166.35 166.3 166.4 -0.0001175079732
166.45 166.4 166.5 -0.001419397768
166.55 166.5 166.6 -0.000425480753
166.65 166.6 166.7 -0.001939520549
166.75 166.7 166.8 -0.001629617717
166.85 166.8 166.9 -0.00100576921
166.95 166.9 167 -0.001003853429
167.05 167 167.1 -0.002235601243
167.15 167.1 167.2 -0.001234817721
167.25 167.2 167.3 -0.001035362116
167.35 167.3 167.4 -0.00105306721
167.45 167.4 167.5 -0.001314261198
167.55 167.5 167.6 -0.0007353336274
167.65 167.6 167.7 0.0005023478116
167.75 167.7 167.8 -0.001936390669
167.85 167.8 167.9 -0.0008055206507
167.95 167.9 168 0.0002919090113
168.05 168 168.1 -0.0004906425521
168.15 168.1 168.2 0.0002604737824
168.25 168.2 168.3 -0.0007578493634
168.35 168.3 168.4 -9.024077908e-05
168.45 168.4 168.5 -0.0006587569136
168.55 168.5 168.6 0.001555700191
168.65 168.6 168.7 0.0006533226506
168.75 168.7 168.8 -0.000985453255
168.85 168.8 168.9 -0.0006349952298
168.95 168.9 169 -0.0005671302257
169.05 169 169.1 -0.0008182146521
169.15 169.1 169.2 -3.340656115e-05
169.25 169.2 169.3 -0.000676372599
169.35 169.3 169.4 -0.0002880135995
169.45 169.4 169.5 -0.002129121125
169.55 169.5 169.6 -0.002127109376
169.65 169.6 169.7 -0.002072658056
169.75 169.7 169.8 8.142342678e-05
169.85 169.8 169.9 -0.001017198221
169.95 169.9 170 0.001138485532
170.05 170 170.1 -0.001361855967
170.15 170.1 170.2 -0.000620522347
170.25 170.2 170.3 0.0001484132035
170.35 170.3 170.4 -0.002425516554
170.45 170.4 170.5 -0.0009491775951
170.55 170.5 170.6 -0.0003131135511
170.65 170.6 170.7 -0.000216799442
170.75 170.7 170.8 -0.0007486384454
170.85 170.8 170.9 0.0002372685102
170.95 170.9 171 0.0001471282085
171.05 171 171.1 -2.878574823e-05
171.15 171.1 171.2 -0.001614772195
171.25 171.2 171.3 -0.002245929254
171.35 171.3 171.4 -0.0004083090576
171.45 171.4 171.5 0.0001638067268
171.55 171.5 171.6 -0.001115651389
171.65 171.6 171.7 1.016403962e-05
171.75 171.7 171.8 0.000349685823
171.85 171.8 171.9 -0.001430830531
171.95 171.9 172 -0.0005018495734
172.05 172 172.1 -0.001167822615
172.15 172.1 172.2 -0.002325681121
172.25 172.2 172.3 -0.0003651541629
172.35 172.3 172.4 -0.0006329791298
172.45 172.4 172.5 -0.00143698215
172.55 172.5 172.6 0.0004185274857
172.65 172.6 172.7 -0.001149539852
172.75 172.7 172.8 -0.0005534340691
172.85 172.8 172.9 0.0003476789954
172.95 172.9 173 -0.001194046394
173.05 173 173.1 -0.0001746344176
173.15 173.1 173.2 0.000140763025
173.25 173.2 173.3 -0.0006725474551
173.35 173.3 173.4 -0.002039973818
173.45 173.4 173.5 -0.001140727601
173.55 173.5 173.6 -0.001525115508
173.65 173.6 173.7 -0.0004559555106
173.75 173.7 173.8 -0.0009518364854
173.85 173.8 173.9 -0.001291154039
173.95 173.9 174 -0.0002700689046
174.05 174 174.1 -0.00124840143
174.15 174.1 174.2 -0.001381374573
174.25 174.2 174.3 0.0002400908539
174.35 174.3 174.4 -0.001097055679
174.45 174.4 174.5 -0.001318380752
174.55 174.5 174.6 0.0003195642676
174.65 174.6 174.7 -0.0001365742235
174.75 174.7 174.8 -0.0001235689504
174.85 174.8 174.9 -1.750612387e-05
174.95 174.9 175 -0.001782880771
175.05 175 175.1 -0.0003736897727
175.15 175.1 175.2 -0.001488547796
175.25 175.2 175.3 -0.0007020508051
175.35 175.3 175.4 -0.001829828573
175.45 175.4 175.5 0.0002323188868
175.55 175.5 175.6 -0.001696175566
175.65 175.6 175.7 -0.0001861253108
175.75 175.7 175.8 -0.002788088306
175.85 175.8 175.9 -0.0009825794915
175.95 175.9 176 0.0003430062027
176.05 176 176.1 -0.0001548115832
176.15 176.1 176.2 0.0004638259636
176.25 176.2 176.3 -0.0007323830953
176.35 176.3 176.4 1.028440479e-05
176.45 176.4 176.5 -0.001256308411
176.55 176.5 176.6 0.0007553071433
176.65 176.6 176.7 -0.001276689938
176.75 176.7 176.8 -0.0005413637378
176.85 176.8 176.9 -0.0009102888175
176.95 176.9 177 -0.0009549108029
177.05 177 177.1 -0.001743353448
177.15 177.1 177.2 -0.001203204238
177.25 177.2 177.3 5.526559974e-06
177.35 177.3 177.4 -0.0002788319874
177.45 177.4 177.5 -0.0001748045329
177.55 177.5 177.6 -0.0007702535629
177.65 177.6 177.7 -0.001469959967
177.75 177.7 177.8 -0.0003858355421
177.85 177.8 177.9 -0.0004079232495
177.95 177.9 178 -0.0008765259765
178.05 178 178.1 -0.0009710415599
178.15 178.1 178.2 -0.0002703757906
178.25 178.2 178.3 -0.0009476150479
178.35 178.3 178.4 -0.00221187392
178.45 178.4 178.5 -0.001684326351
178.55 178.5 178.6 -1.229712496e-05
178.65 178.6 178.7 -0.001310852348
178.75 178.7 178.8 -0.001401815881
178.85 178.8 178.9 -0.0009281538509
178.95 178.9 179 -0.0008086860623
179.05 179 179.1 0.0007942959281
179.15 179.1 179.2 -0.0008101288148
179.25 179.2 179.3 -0.001365912191
179.35 179.3 179.4 -0.002217690639
179.45 179.4 179.5 -0.0004242394502
179.55 179.5 179.6 0.0004268454889
179.65 179.6 179.7 -0.0001756599851
179.75 179.7 179.8 -0.001209610274
179.85 179.8 179.9 -0.0007788289439
179.95 179.9 180 -0.0005749118982
180.05 180 180.1 0.0003002654421
180.15 180.1 180.2 -0.0002539171232
180.25 180.2 180.3 -0.0003023927807
180.35 180.3 180.4 -0.0006606974072
180.45 180.4 180.5 0.0007317885376
180.55 180.5 180.6 0.0005147805025
180.65 180.6 180.7 -0.001154997693
180.75 180.7 180.8 -0.001061298652
180.85 180.8 180.9 0.0007509289047
180.95 180.9 181 0.0005431954268
181.05 181 181.1 0.0001025298886
181.15 181.1 181.2 -0.000377731993
181.25 181.2 181.3 0.0002526401131
181.35 181.3 181.4 -0.001165183595
181.45 181.4 181.5 -0.0001080470832
181.55 181.5 181.6 -0.0008761947916
181.65 181.6 181.7 0.0003657358465
181.75 181.7 181.8 0.0001570763471
181.85 181.8 181.9 -7.234360504e-06
181.95 181.9 182 0.0001772459696
182.05 182 182.1 -0.0004846106152
182.15 182.1 182.2 0.00139956674
182.25 182.2 182.3 -9.892783899e-05
182.35 182.3 182.4 -0.001011902758
182.45 182.4 182.5 0.0006624234084
182.55 182.5 182.6 -0.0002673030754
182.65 182.6 182.7 -0.001045192064
182.75 182.7 182.8 -0.0001321930634
182.85 182.8 182.9 0.0001694632595
182.95 182.9 183 -0.0002777521789
183.05 183 183.1 -0.001185462492
183.15 183.1 183.2 0.001003086626
183.25 183.2 183.3 -0.001572973153
183.35 183.3 183.4 0.0005028191308
183.45 183.4 183.5 0.0003456823395
183.55 183.5 183.6 -0.001117018558
183.65 183.6 183.7 0.001257851928
183.75 183.7 183.8 -2.677176552e-05
183.85 183.8 183.9 -0.001007720116
183.95 183.9 184 -0.0002990372459
184.05 184 184.1 -0.001848236952
184.15 184.1 184.2 -0.0002247459387
184.25 184.2 184.3 -0.0004460809636
184.35 184.3 184.4 -0.0006624553528
184.45 184.4 184.5 -8.851518744e-05
184.55 184.5 184.6 -0.0001743256141
184.65 184.6 184.7 -0.0003335853171
184.75 184.7 184.8 -0.001552333844
184.85 184.8 184.9 -0.0005724684726
184.95 184.9 185 0.001454476002
185.05 185 185.1 0.0001574883703
185.15 185.1 185.2 -0.001373028719
185.25 185.2 185.3 -0.0007878030277
185.35 185.3 185.4 -0.001905015054
185.45 185.4 185.5 0.0007387905852
185.55 185.5 185.6 -0.001006061821
185.65 185.6 185.7 -0.001453386762
185.75 185.7 185.8 -0.0002286512483
185.85 185.8 185.9 0.0004037030596
185.95 185.9 186 -0.0006445725911
186.05 186 186.1 0.0005180078592
186.15 186.1 186.2 -0.0006104240972
186.25 186.2 186.3 0.0004561592586
186.35 186.3 186.4 -0.0007387072076
186.45 186.4 186.5 -5.473085912e-06
186.55 186.5 186.6 -0.0004704842366
186.65 186.6 186.7 -0.0001358798599
186.75 186.7 186.8 -0.0003440015784
186.85 186.8 186.9 -0.0001782441933
186.95 186.9 187 -0.0002518217741
187.05 187 187.1 -0.001465588147
187.15 187.1 187.2 0.0002528843325
187.25 187.2 187.3 -0.001752787546
187.35 187.3 187.4 -0.0005705081065
187.45 187.4 187.5 0.0006763555063
187.55 187.5 187.6 -0.001326241176
187.65 187.6 187.7 0.0002032816451
187.75 187.7 187.8 -0.000489143266
187.85 187.8 187.9 -0.001293498661
187.95 187.9 188 -0.00179381901
188.05 188 188.1 0.0003343657355
188.15 188.1 188.2 -0.0009377220113
188.25 188.2 188.3 -0.0003611137406
188.35 188.3 188.4 4.722381717e-05
188.45 188.4 188.5 -0.001220647815
188.55 188.5 188.6 -0.001150171021
188.65 188.6 188.7 -0.0005688189254
188.75 188.7 188.8 0.0003478938354
188.85 188.8 188.9 -0.0004258859014
188.95 188.9 189 3.731671903e-05
189.05 189 189.1 -0.001296180814
189.15 189.1 189.2 -0.0007042768347
189.25 189.2 189.3 -0.002013819537
189.35 189.3 189.4 -3.52241608e-05
189.45 189.4 189.5 -0.001971747556
189.55 189.5 189.6 -0.002051333314
189.65 189.6 189.7 -0.001397316482
189.75 189.7 189.8 0.0005209162849
189.85 189.8 189.9 -0.001506020669
189.95 189.9 190 -0.002690857305
190.05 190 190.1 5.290293943e-05
190.15 190.1 190.2 -0.001156554906
190.25 190.2 190.3 -0.00122466067
190.35 190.3 190.4 -0.0008837118151
190.45 190.4 190.5 -0.0007796742937
190.55 190.5 190.6 -0.001434041911
190.65 190.6 190.7 -0.001253648558
190.75 190.7 190.8 -0.001313556751
190.85 190.8 190.9 -0.0003212008335
190.95 190.9 191 -0.001243665518
191.05 191 191.1 -0.001277757982
191.15 191.1 191.2 -0.002102155206
191.25 191.2 191.3 -0.001363595006
191.35 191.3 191.4 7.623132959e-05
191.45 191.4 191.5 -0.0005024330324
191.55 191.5 191.6 -0.001458513009
191.65 191.6 191.7 -0.001644595201
191.75 191.7 191.8 3.261186813e-05
191.85 191.8 191.9 -0.0002047897966
191.95 191.9 192 -0.0007547330285
192.05 192 192.1 0.0005841017284
192.15 192.1 192.2 4.90257432e-05
192.25 192.2 192.3 -0.0004312302386
192.35 192.3 192.4 -0.0007622141115
192.45 192.4 192.5 -0.0008864584077
192.55 192.5 192.6 -0.0002485275741
192.65 192.6 192.7 -0.0007006811707
192.75 192.7 192.8 0.0006756119946
192.85 192.8 192.9 -1.959876098e-05
192.95 192.9 193 -0.001238561118
193.05 193 193.1 1.476456597e-05
193.15 193.1 193.2 -0.001356317425
193.25 193.2 193.3 2.921229553e-05
193.35 193.3 193.4 -0.0002955384386
193.45 193.4 193.5 -0.0003341152087
193.55 193.5 193.6 0.0002819761506
193.65 193.6 193.7 -0.001196607191
193.75 193.7 193.8 -0.0001315718981
193.85 193.8 193.9 5.230794161e-05
193.95 193.9 194 -0.0006944720463
194.05 194 194.1 1.366656052e-05
194.15 194.1 194.2 -0.00121423321
194.25 194.2 194.3 -0.0008604777355
194.35 194.3 194.4 0.0003210678676
194.45 194.4 194.5 -0.0007909295422
194.55 194.5 194.6 -0.0008962609382
194.65 194.6 194.7 -0.0005744025786
194.75 194.7 194.8 0.0001952459391
194.85 194.8 194.9 -0.0005915131213
194.95 194.9 195 -0.001723030668
195.05 195 195.1 4.961930892e-05
195.15 195.1 195.2 0.0003995376743
195.25 195.2 195.3 0.0006335786901
195.35 195.3 195.4 -0.001242950769
195.45 195.4 195.5 -0.0007804574873
195.55 195.5 195.6 0.0003193690805
195.65 195.6 195.7 0.0008191533297
195.75 195.7 195.8 -0.002543242288
195.85 195.8 195.9 -0.002031090923
195.95 195.9 196 -0.0003458021443
196.05 196 196.1 -3.339639454e-05
196.15 196.1 196.2 -0.001303469291
196.25 196.2 196.3 -0.001139473914
196.35 196.3 196.4 -0.0006656510767
196.45 196.4 196.5 0.0001984934303
196.55 196.5 196.6 0.0002404050134
196.65 196.6 196.7 -0.0001115686271
196.75 196.7 196.8 0.0002664943446
196.85 196.8 196.9 -6.472917479e-05
196.95 196.9 197 -0.0009187847588
197.05 197 197.1 -0.0001089693899
197.15 197.1 197.2 -0.0002124246391
197.25 197.2 197.3 -0.0005129293822
197.35 197.3 197.4 -1.429667208e-05
197.45 197.4 197.5 -0.0006020675088
197.55 197.5 197.6 0.0006400569348
197.65 197.6 197.7 -0.0007112330011
197.75 197.7 197.8 2.85026815e-05
197.85 197.8 197.9 0.001131612098
197.95 197.9 198 0.0007984414001
198.05 198 198.1 -0.0008443170236
198.15 198.1 198.2 0.001304396606
198.25 198.2 198.3 0.000363619359
198.35 198.3 198.4 5.004661618e-05
198.45 198.4 198.5 -0.0003043504518
198.55 198.5 198.6 -0.001243217169
198.65 198.6 198.7 -0.0001564920057
198.75 198.7 198.8 -0.0001473914754
198.85 198.8 198.9 -0.0009597574951
198.95 198.9 199 -0.001563097386
199.05 199 199.1 -0.001667523374
199.15 199.1 199.2 -0.0005349689196
199.25 199.2 199.3 -0.0003401468297
199.35 199.3 199.4 -0.000481399702
199.45 199.4 199.5 -0.0004804004931
199.55 199.5 199.6 -0.001375446386
199.65 199.6 199.7 -0.000179242042
199.75 199.7 199.8 -0.0007002013264
199.85 199.8 199.9 -0.0009391917318
199.95 199.9 200 0.0004712775023
