# Columns: s_cen(1) s_min(2) s_max(3) xi_iso(4)
0.05 0 0.1 19.44245967
0.15 0.1 0.2 10.86086186
0.25 0.2 0.3 17.16696694
0.35 0.3 0.4 16.06882707
0.45 0.4 0.5 20.01455524
0.55 0.5 0.6 21.06086862
0.65 0.6 0.7 23.0281881
0.75 0.7 0.8 21.42657877
0.85 0.8 0.9 21.74377215
0.95 0.9 1 21.8552346
1.05 1 1.1 20.18114324
1.15 1.1 1.2 19.33576928
1.25 1.2 1.3 18.13914471
1.35 1.3 1.4 17.87155594
1.45 1.4 1.5 16.89647968
1.55 1.5 1.6 16.03343068
1.65 1.6 1.7 14.7919794
1.75 1.7 1.8 14.16574698
1.85 1.8 1.9 13.088454
1.95 1.9 2 12.51365916
2.05 2 2.1 11.63749185
2.15 2.1 2.2 10.58304224
2.25 2.2 2.3 10.61715134
2.35 2.3 2.4 9.578339313
2.45 2.4 2.5 8.970275504
2.55 2.5 2.6 8.66619434
2.65 2.6 2.7 8.199663807
2.75 2.7 2.8 7.630652193
2.85 2.8 2.9 7.382557114
2.95 2.9 3 7.048286874
3.05 3 3.1 6.734132241
3.15 3.1 3.2 6.353760079
3.25 3.2 3.3 6.110144242
3.35 3.3 3.4 5.882717354
3.45 3.4 3.5 5.453412292
3.55 3.5 3.6 5.396419339
3.65 3.6 3.7 5.183115319
3.75 3.7 3.8 4.969631577
3.85 3.8 3.9 4.958012605
3.95 3.9 4 4.594803261
4.05 4 4.1 4.570674658
4.15 4.1 4.2 4.372871632
4.25 4.2 4.3 4.251851777
4.35 4.3 4.4 3.983091884
4.45 4.4 4.5 3.914790586
4.55 4.5 4.6 3.882200473
4.65 4.6 4.7 3.610551876
4.75 4.7 4.8 3.556014775
4.85 4.8 4.9 3.451439072
4.95 4.9 5 3.43940318
5.05 5 5.1 3.228861544
5.15 5.1 5.2 3.131202095
5.25 5.2 5.3 3.145200603
5.35 5.3 5.4 3.109813689
5.45 5.4 5.5 2.940686977
5.55 5.5 5.6 2.876718478
5.65 5.6 5.7 2.769766386
5.75 5.7 5.8 2.669475221
5.85 5.8 5.9 2.6483756
5.95 5.9 6 2.583019618
6.05 6 6.1 2.500724777
6.15 6.1 6.2 2.431303088
6.25 6.2 6.3 2.380262835
6.35 6.3 6.4 2.326794309
6.45 6.4 6.5 2.240885536
6.55 6.5 6.6 2.192060334
6.65 6.6 6.7 2.119237154
6.75 6.7 6.8 2.153824003
6.85 6.8 6.9 2.030309085
6.95 6.9 7 2.015513278
7.05 7 7.1 1.958637751
7.15 7.1 7.2 1.926025213
7.25 7.2 7.3 1.828015245
7.35 7.3 7.4 1.823086429
7.45 7.4 7.5 1.795914824
7.55 7.5 7.6 1.759265919
7.65 7.6 7.7 1.687774135
7.75 7.7 7.8 1.66096645
7.85 7.8 7.9 1.604986711
7.95 7.9 8 1.581433653
8.05 8 8.1 1.561124668
8.15 8.1 8.2 1.528377516
8.25 8.2 8.3 1.511386393
8.35 8.3 8.4 1.460379749
8.45 8.4 8.5 1.46025015
8.55 8.5 8.6 1.403485442
8.65 8.6 8.7 1.414866007
8.75 8.7 8.8 1.339925473
8.85 8.8 8.9 1.366868508
8.95 8.9 9 1.33053012
9.05 9 9.1 1.296829154
9.15 9.1 9.2 1.232970875
9.25 9.2 9.3 1.198163597
9.35 9.3 9.4 1.201371366
9.45 9.4 9.5 1.225151726
9.55 9.5 9.6 1.157812649
9.65 9.6 9.7 1.167227726
9.75 9.7 9.8 1.101711191
9.85 9.8 9.9 1.068210794
9.95 9.9 10 1.085028877
10.05 10 10.1 1.077140039
10.15 10.1 10.2 1.023172537
10.25 10.2 10.3 1.044135396
10.35 10.3 10.4 0.9934959566
10.45 10.4 10.5 1.007303439
10.55 10.5 10.6 0.9657964591
10.65 10.6 10.7 0.9558003505
10.75 10.7 10.8 0.9496709585
10.85 10.8 10.9 0.8940257467
10.95 10.9 11 0.8789728557
11.05 11 11.1 0.8956634553
11.15 11.1 11.2 0.8706115783
11.25 11.2 11.3 0.8692445578
11.35 11.3 11.4 0.8321055011
11.45 11.4 11.5 0.8329204262
11.55 11.5 11.6 0.8057929186
11.65 11.6 11.7 0.8132816051
11.75 11.7 11.8 0.7880401751
11.85 11.8 11.9 0.7782371571
11.95 11.9 12 0.7885979521
12.05 12 12.1 0.7649597496
12.15 12.1 12.2 0.7419062646
12.25 12.2 12.3 0.7232798079
12.35 12.3 12.4 0.7225466868
12.45 12.4 12.5 0.7138346161
12.55 12.5 12.6 0.7075660205
12.65 12.6 12.7 0.6896762252
12.75 12.7 12.8 0.6732359083
12.85 12.8 12.9 0.6692525737
12.95 12.9 13 0.6518878579
13.05 13 13.1 0.6470804707
13.15 13.1 13.2 0.6559536668
13.25 13.2 13.3 0.63498472
13.35 13.3 13.4 0.6340889869
13.45 13.4 13.5 0.5963595757
13.55 13.5 13.6 0.6066852031
13.65 13.6 13.7 0.5932575099
13.75 13.7 13.8 0.5787789611
13.85 13.8 13.9 0.5610227887
13.95 13.9 14 0.559470161
14.05 14 14.1 0.5704995882
14.15 14.1 14.2 0.5638509915
14.25 14.2 14.3 0.5375825081
14.35 14.3 14.4 0.5273904051
14.45 14.4 14.5 0.5298894199
14.55 14.5 14.6 0.5374150912
14.65 14.6 14.7 0.5216483519
14.75 14.7 14.8 0.5061738596
14.85 14.8 14.9 0.5184357837
14.95 14.9 15 0.5096311257
15.05 15 15.1 0.4835407918
15.15 15.1 15.2 0.4827016666
15.25 15.2 15.3 0.4644655092
15.35 15.3 15.4 0.4795068542
15.45 15.4 15.5 0.479002938
15.55 15.5 15.6 0.4553066518
15.65 15.6 15.7 0.4644531173
15.75 15.7 15.8 0.4567812338
15.85 15.8 15.9 0.4406692095
15.95 15.9 16 0.4401941356
16.05 16 16.1 0.4360396106
16.15 16.1 16.2 0.4274063577
16.25 16.2 16.3 0.4138852514
16.35 16.3 16.4 0.4313836605
16.45 16.4 16.5 0.419801284
16.55 16.5 16.6 0.405781315
16.65 16.6 16.7 0.4000980093
16.75 16.7 16.8 0.3878650639
16.85 16.8 16.9 0.3839194314
16.95 16.9 17 0.3904860414
17.05 17 17.1 0.4020069573
17.15 17.1 17.2 0.3688781136
17.25 17.2 17.3 0.3751001787
17.35 17.3 17.4 0.368443308
17.45 17.4 17.5 0.3511129819
17.55 17.5 17.6 0.3680606486
17.65 17.6 17.7 0.35949832
17.75 17.7 17.8 0.3522187592
17.85 17.8 17.9 0.346037056
17.95 17.9 18 0.3494370714
18.05 18 18.1 0.3248095459
18.15 18.1 18.2 0.3422616711
18.25 18.2 18.3 0.3247614232
18.35 18.3 18.4 0.3323271417
18.45 18.4 18.5 0.3120217007
18.55 18.5 18.6 0.3101991853
18.65 18.6 18.7 0.3206722064
18.75 18.7 18.8 0.3143230282
18.85 18.8 18.9 0.3053420835
18.95 18.9 19 0.3054988091
19.05 19 19.1 0.3047188276
19.15 19.1 19.2 0.2887128572
19.25 19.2 19.3 0.3105357779
19.35 19.3 19.4 0.2915450124
19.45 19.4 19.5 0.3054304118
19.55 19.5 19.6 0.2873456471
19.65 19.6 19.7 0.2861843816
19.75 19.7 19.8 0.2665018447
19.85 19.8 19.9 0.2770734206
19.95 19.9 20 0.2873943698
20.05 20 20.1 0.2698128103
20.15 20.1 20.2 0.2754713686
20.25 20.2 20.3 0.2609640069
20.35 20.3 20.4 0.2546661145
20.45 20.4 20.5 0.2597091463
20.55 20.5 20.6 0.2590385688
20.65 20.6 20.7 0.2549411677
20.75 20.7 20.8 0.2475558815
20.85 20.8 20.9 0.251138571
20.95 20.9 21 0.2490371078
21.05 21 21.1 0.2458033586
21.15 21.1 21.2 0.24815196
21.25 21.2 21.3 0.2351552822
21.35 21.3 21.4 0.239198441
21.45 21.4 21.5 0.2400222524
21.55 21.5 21.6 0.2396155174
21.65 21.6 21.7 0.2325912367
21.75 21.7 21.8 0.2410208897
21.85 21.8 21.9 0.2274986546
21.95 21.9 22 0.2254210837
22.05 22 22.1 0.2193324604
22.15 22.1 22.2 0.2161574065
22.25 22.2 22.3 0.2220614872
22.35 22.3 22.4 0.2020887586
22.45 22.4 22.5 0.2129393516
22.55 22.5 22.6 0.1981029814
22.65 22.6 22.7 0.2022584488
22.75 22.7 22.8 0.2071456865
22.85 22.8 22.9 0.2001978401
22.95 22.9 23 0.2122300901
23.05 23 23.1 0.1912895881
23.15 23.1 23.2 0.2021167066
23.25 23.2 23.3 0.1926789088
23.35 23.3 23.4 0.2049890212
23.45 23.4 23.5 0.1876116936
23.55 23.5 23.6 0.1926323817
23.65 23.6 23.7 0.1948355296
23.75 23.7 23.8 0.1858467256
23.85 23.8 23.9 0.1985661402
23.95 23.9 24 0.178689332
24.05 24 24.1 0.1780564357
24.15 24.1 24.2 0.1939196109
24.25 24.2 24.3 0.173862236
24.35 24.3 24.4 0.1864965312
24.45 24.4 24.5 0.1717440858
24.55 24.5 24.6 0.1798814739
24.65 24.6 24.7 0.1656740979
24.75 24.7 24.8 0.1663938463
24.85 24.8 24.9 0.1656659506
24.95 24.9 25 0.1725955028
25.05 25 25.1 0.1694143932
25.15 25.1 25.2 0.1630976159
25.25 25.2 25.3 0.1640764027
25.35 25.3 25.4 0.160121224
25.45 25.4 25.5 0.1634957375
25.55 25.5 25.6 0.1652599297
25.65 25.6 25.7 0.157479004
25.75 25.7 25.8 0.1569502144
25.85 25.8 25.9 0.1509443848
25.95 25.9 26 0.1489328765
26.05 26 26.1 0.1541970111
26.15 26.1 26.2 0.1497670503
26.25 26.2 26.3 0.1530852162
26.35 26.3 26.4 0.1406271034
26.45 26.4 26.5 0.1431342072
26.55 26.5 26.6 0.1446181621
26.65 26.6 26.7 0.1432156689
26.75 26.7 26.8 0.1402341296
26.85 26.8 26.9 0.1493098642
26.95 26.9 27 0.1377672929
27.05 27 27.1 0.1364804712
27.15 27.1 27.2 0.1403326458
27.25 27.2 27.3 0.1389883925
27.35 27.3 27.4 0.138008792
27.45 27.4 27.5 0.1385737922
27.55 27.5 27.6 0.1397027127
27.65 27.6 27.7 0.1307451415
27.75 27.7 27.8 0.1361425642
27.85 27.8 27.9 0.1279972371
27.95 27.9 28 0.1344393193
28.05 28 28.1 0.1352243256
28.15 28.1 28.2 0.1212900115
28.25 28.2 28.3 0.1357109648
28.35 28.3 28.4 0.1381015038
28.45 28.4 28.5 0.1304059601
28.55 28.5 28.6 0.1237434421
28.65 28.6 28.7 0.1206506722
28.75 28.7 28.8 0.1262673418
28.85 28.8 28.9 0.1284900195
28.95 28.9 29 0.1189497049
29.05 29 29.1 0.1203244146
29.15 29.1 29.2 0.1150226134
29.25 29.2 29.3 0.1195365497
29.35 29.3 29.4 0.1124385287
29.45 29.4 29.5 0.1121603374
29.55 29.5 29.6 0.1155885406
29.65 29.6 29.7 0.1155569771
29.75 29.7 29.8 0.1211446161
29.85 29.8 29.9 0.1051403376
29.95 29.9 30 0.1155093403
30.05 30 30.1 0.1064745309
30.15 30.1 30.2 0.1113680068
30.25 30.2 30.3 0.1093215986
30.35 30.3 30.4 0.1116410014
30.45 30.4 30.5 0.1106914219
30.55 30.5 30.6 0.1026129498
30.65 30.6 30.7 0.1076162006
30.75 30.7 30.8 0.1071827114
30.85 30.8 30.9 0.09635568093
30.95 30.9 31 0.1057310946
31.05 31 31.1 0.09709082162
31.15 31.1 31.2 0.1010047406
31.25 31.2 31.3 0.1068544914
31.35 31.3 31.4 0.09316732199
31.45 31.4 31.5 0.1037285382
31.55 31.5 31.6 0.09709750266
31.65 31.6 31.7 0.09633274711
31.75 31.7 31.8 0.09786218336
31.85 31.8 31.9 0.0970295216
31.95 31.9 32 0.09209330756
32.05 32 32.1 0.08940914795
32.15 32.1 32.2 0.09034522067
32.25 32.2 32.3 0.08917434584
32.35 32.3 32.4 0.09444268915
32.45 32.4 32.5 0.08334180518
32.55 32.5 32.6 0.08463212377
32.65 32.6 32.7 0.08558359594
32.75 32.7 32.8 0.08652657414
32.85 32.8 32.9 0.08855319003
32.95 32.9 33 0.08982578637
33.05 33 33.1 0.08557676017
33.15 33.1 33.2 0.08831211637
33.25 33.2 33.3 0.079206201
33.35 33.3 33.4 0.0841894848
33.45 33.4 33.5 0.07805981787
33.55 33.5 33.6 0.07832845027
33.65 33.6 33.7 0.08610978999
33.75 33.7 33.8 0.0886960708
33.85 33.8 33.9 0.08295259165
33.95 33.9 34 0.08586242866
34.05 34 34.1 0.0804130807
34.15 34.1 34.2 0.07650012654
34.25 34.2 34.3 0.07456522571
34.35 34.3 34.4 0.07981848098
34.45 34.4 34.5 0.07784051953
34.55 34.5 34.6 0.07392693498
34.65 34.6 34.7 0.07707372555
34.75 34.7 34.8 0.08055339276
34.85 34.8 34.9 0.07696508544
34.95 34.9 35 0.07676627933
35.05 35 35.1 0.06770834375
35.15 35.1 35.2 0.07277693671
35.25 35.2 35.3 0.06795846933
35.35 35.3 35.4 0.07309021906
35.45 35.4 35.5 0.06805266381
35.55 35.5 35.6 0.06987491553
35.65 35.6 35.7 0.07034207811
35.75 35.7 35.8 0.07378914971
35.85 35.8 35.9 0.07302626831
35.95 35.9 36 0.07334288723
36.05 36 36.1 0.0667736294
36.15 36.1 36.2 0.07641807345
36.25 36.2 36.3 0.07010023751
36.35 36.3 36.4 0.07086514804
36.45 36.4 36.5 0.06777775066
36.55 36.5 36.6 0.06327386959
36.65 36.6 36.7 0.0666073909
36.75 36.7 36.8 0.0675259481
36.85 36.8 36.9 0.06302964228
36.95 36.9 37 0.06616192712
37.05 37 37.1 0.06271169484
37.15 37.1 37.2 0.06782258887
37.25 37.2 37.3 0.0660185694
37.35 37.3 37.4 0.06283711749
37.45 37.4 37.5 0.06185332648
37.55 37.5 37.6 0.06613593816
37.65 37.6 37.7 0.06355215557
37.75 37.7 37.8 0.06676484791
37.85 37.8 37.9 0.0601945698
37.95 37.9 38 0.05147037731
38.05 38 38.1 0.05956094743
38.15 38.1 38.2 0.06327627831
38.25 38.2 38.3 0.0601541572
38.35 38.3 38.4 0.05589893688
38.45 38.4 38.5 0.06151011878
38.55 38.5 38.6 0.05906008633
38.65 38.6 38.7 0.0557682974
38.75 38.7 38.8 0.05832745302
38.85 38.8 38.9 0.05661890272
38.95 38.9 39 0.05414829643
39.05 39 39.1 0.0619270739
39.15 39.1 39.2 0.06544406572
39.25 39.2 39.3 0.05629095947
39.35 39.3 39.4 0.05154240609
39.45 39.4 39.5 0.0582557352
39.55 39.5 39.6 0.05880565611
39.65 39.6 39.7 0.05076298285
39.75 39.7 39.8 0.05716251218
39.85 39.8 39.9 0.05425808045
39.95 39.9 40 0.0482219074
40.05 40 40.1 0.05684578755
40.15 40.1 40.2 0.05271475017
40.25 40.2 40.3 0.04606673777
40.35 40.3 40.4 0.05650755498
40.45 40.4 40.5 0.05190542319
40.55 40.5 40.6 0.05288339718
40.65 40.6 40.7 0.04803916075
40.75 40.7 40.8 0.04802203193
40.85 40.8 40.9 0.05154670947
40.95 40.9 41 0.04693566483
41.05 41 41.1 0.05364901592
41.15 41.1 41.2 0.05542736406
41.25 41.2 41.3 0.04811933524
41.35 41.3 41.4 0.05201227443
41.45 41.4 41.5 0.04997772457
41.55 41.5 41.6 0.04687710709
41.65 41.6 41.7 0.04621465754
41.75 41.7 41.8 0.04663680081
41.85 41.8 41.9 0.0451392774
41.95 41.9 42 0.0444727221
42.05 42 42.1 0.04559171173
42.15 42.1 42.2 0.04436292169
42.25 42.2 42.3 0.04357715519
42.35 42.3 42.4 0.04359601393
42.45 42.4 42.5 0.04084499715
42.55 42.5 42.6 0.04290934882
42.65 42.6 42.7 0.04343540128
42.75 42.7 42.8 0.036746821
42.85 42.8 42.9 0.04684784926
42.95 42.9 43 0.03932534323
43.05 43 43.1 0.03821770312
43.15 43.1 43.2 0.03907300344
43.25 43.2 43.3 0.0398963301
43.35 43.3 43.4 0.03687134924
43.45 43.4 43.5 0.04209199002
43.55 43.5 43.6 0.0433788724
43.65 43.6 43.7 0.03869296815
43.75 43.7 43.8 0.03677721539
43.85 43.8 43.9 0.04012916187
43.95 43.9 44 0.04030406927
44.05 44 44.1 0.03649555856
44.15 44.1 44.2 0.04219295198
44.25 44.2 44.3 0.03682041159
44.35 44.3 44.4 0.04265290279
44.45 44.4 44.5 0.03865233215
44.55 44.5 44.6 0.04276126075
44.65 44.6 44.7 0.0423830742
44.75 44.7 44.8 0.04322011904
44.85 44.8 44.9 0.03693741488
44.95 44.9 45 0.03773476996
45.05 45 45.1 0.03653951254
45.15 45.1 45.2 0.03988305261
45.25 45.2 45.3 0.0321221327
45.35 45.3 45.4 0.02790109418
45.45 45.4 45.5 0.03718383198
45.55 45.5 45.6 0.03453776533
45.65 45.6 45.7 0.0388883342
45.75 45.7 45.8 0.03864993751
45.85 45.8 45.9 0.03586272564
45.95 45.9 46 0.03484964984
46.05 46 46.1 0.02993717239
46.15 46.1 46.2 0.03766433466
46.25 46.2 46.3 0.0373861477
46.35 46.3 46.4 0.03565688131
46.45 46.4 46.5 0.0321949096
46.55 46.5 46.6 0.03415436175
46.65 46.6 46.7 0.03311892583
46.75 46.7 46.8 0.02871324318
46.85 46.8 46.9 0.03073698011
46.95 46.9 47 0.02939791065
47.05 47 47.1 0.03298876778
47.15 47.1 47.2 0.03076262331
47.25 47.2 47.3 0.03063073423
47.35 47.3 47.4 0.03445005573
47.45 47.4 47.5 0.03189536814
47.55 47.5 47.6 0.03543154529
47.65 47.6 47.7 0.02742018078
47.75 47.7 47.8 0.02559598863
47.85 47.8 47.9 0.03088197502
47.95 47.9 48 0.02881641589
48.05 48 48.1 0.02942345139
48.15 48.1 48.2 0.02814071477
48.25 48.2 48.3 0.03031763824
48.35 48.3 48.4 0.02698578309
48.45 48.4 48.5 0.02587138693
48.55 48.5 48.6 0.02826190233
48.65 48.6 48.7 0.02812478558
48.75 48.7 48.8 0.02742993102
48.85 48.8 48.9 0.02628575538
48.95 48.9 49 0.02560395099
49.05 49 49.1 0.0264716809
49.15 49.1 49.2 0.0298326025
49.25 49.2 49.3 0.02696874244
49.35 49.3 49.4 0.02693118704
49.45 49.4 49.5 0.02563758767
49.55 49.5 49.6 0.02484642068
49.65 49.6 49.7 0.02486063737
49.75 49.7 49.8 0.02642124802
49.85 49.8 49.9 0.02697161405
49.95 49.9 50 0.02808903051
50.05 50 50.1 0.02336469465
50.15 50.1 50.2 0.02739773883
50.25 50.2 50.3 0.02440421363
50.35 50.3 50.4 0.02432234021
50.45 50.4 50.5 0.0244187414
50.55 50.5 50.6 0.02654964666
50.65 50.6 50.7 0.02460924671
50.75 50.7 50.8 0.02094653884
50.85 50.8 50.9 0.02367006998
50.95 50.9 51 0.02442274565
51.05 51 51.1 0.02539616545
51.15 51.1 51.2 0.0196115815
51.25 51.2 51.3 0.0205979725
51.35 51.3 51.4 0.02211746796
51.45 51.4 51.5 0.02637165677
51.55 51.5 51.6 0.02519486229
51.65 51.6 51.7 0.02077597392
51.75 51.7 51.8 0.02685099535
51.85 51.8 51.9 0.02084655783
51.95 51.9 52 0.01654780002
52.05 52 52.1 0.02132801644
52.15 52.1 52.2 0.02163620245
52.25 52.2 52.3 0.02826080284
52.35 52.3 52.4 0.02543302531
52.45 52.4 52.5 0.02465532399
52.55 52.5 52.6 0.0198960053
52.65 52.6 52.7 0.01924070487
52.75 52.7 52.8 0.02373279868
52.85 52.8 52.9 0.01810294468
52.95 52.9 53 0.01787001696
53.05 53 53.1 0.01762988996
53.15 53.1 53.2 0.025504048
53.25 53.2 53.3 0.02086182257
53.35 53.3 53.4 0.02298598569
53.45 53.4 53.5 0.02666000891
53.55 53.5 53.6 0.01707707643
53.65 53.6 53.7 0.01638146924
53.75 53.7 53.8 0.01792145934
53.85 53.8 53.9 0.01907433424
53.95 53.9 54 0.02123201353
54.05 54 54.1 0.02179772844
54.15 54.1 54.2 0.01784827709
54.25 54.2 54.3 0.02096107079
54.35 54.3 54.4 0.01602332843
54.45 54.4 54.5 0.01466172594
54.55 54.5 54.6 0.01789766723
54.65 54.6 54.7 0.01873133183
54.75 54.7 54.8 0.01849013974
54.85 54.8 54.9 0.01960965567
54.95 54.9 55 0.01866308957
55.05 55 55.1 0.01593345924
55.15 55.1 55.2 0.01550651077
55.25 55.2 55.3 0.01728773176
55.35 55.3 55.4 0.01543076384
55.45 55.4 55.5 0.01431459884
55.55 55.5 55.6 0.01818266995
55.65 55.6 55.7 0.01873851586
55.75 55.7 55.8 0.01801327534
55.85 55.8 55.9 0.0169037547
55.95 55.9 56 0.01497114905
56.05 56 56.1 0.01524368929
56.15 56.1 56.2 0.01774273487
56.25 56.2 56.3 0.01528025324
56.35 56.3 56.4 0.01684850149
56.45 56.4 56.5 0.01897812663
56.55 56.5 56.6 0.01849543426
56.65 56.6 56.7 0.01479114254
56.75 56.7 56.8 0.01924009417
56.85 56.8 56.9 0.01483636354
56.95 56.9 57 0.01707490224
57.05 57 57.1 0.02257494136
57.15 57.1 57.2 0.01321497195
57.25 57.2 57.3 0.01175144293
57.35 57.3 57.4 0.01448897536
57.45 57.4 57.5 0.01352642314
57.55 57.5 57.6 0.01680989038
57.65 57.6 57.7 0.01654643858
57.75 57.7 57.8 0.01482763356
57.85 57.8 57.9 0.01538373239
57.95 57.9 58 0.01169370663
58.05 58 58.1 0.01306093724
58.15 58.1 58.2 0.01759309577
58.25 58.2 58.3 0.01668807928
58.35 58.3 58.4 0.0173842092
58.45 58.4 58.5 0.0136869394
58.55 58.5 58.6 0.01317974561
58.65 58.6 58.7 0.01471887431
58.75 58.7 58.8 0.01621629932
58.85 58.8 58.9 0.01056615622
58.95 58.9 59 0.01605953652
59.05 59 59.1 0.01253871095
59.15 59.1 59.2 0.01162638637
59.25 59.2 59.3 0.01299097309
59.35 59.3 59.4 0.01429472545
59.45 59.4 59.5 0.01539054719
59.55 59.5 59.6 0.01360915212
59.65 59.6 59.7 0.01223611498
59.75 59.7 59.8 0.01766382637
59.85 59.8 59.9 0.01493085805
59.95 59.9 60 0.009912659998
60.05 60 60.1 0.009081565892
60.15 60.1 60.2 0.01154999268
60.25 60.2 60.3 0.009079468355
60.35 60.3 60.4 0.01221019256
60.45 60.4 60.5 0.01264505811
60.55 60.5 60.6 0.012199892
60.65 60.6 60.7 0.008976668176
60.75 60.7 60.8 0.01360817045
60.85 60.8 60.9 0.0124339907
60.95 60.9 61 0.01002633117
61.05 61 61.1 0.01321219788
61.15 61.1 61.2 0.01322258053
61.25 61.2 61.3 0.01402818768
61.35 61.3 61.4 0.01161333567
61.45 61.4 61.5 0.01225534139
61.55 61.5 61.6 0.01320702673
61.65 61.6 61.7 0.008294334123
61.75 61.7 61.8 0.01314893525
61.85 61.8 61.9 0.01599062177
61.95 61.9 62 0.01118406611
62.05 62 62.1 0.009103202035
62.15 62.1 62.2 0.01002781804
62.25 62.2 62.3 0.0120032607
62.35 62.3 62.4 0.01580468685
62.45 62.4 62.5 0.01098273858
62.55 62.5 62.6 0.01065868819
62.65 62.6 62.7 0.008317820788
62.75 62.7 62.8 0.009348489707
62.85 62.8 62.9 0.01319629104
62.95 62.9 63 0.01045433924
63.05 63 63.1 0.01193731238
63.15 63.1 63.2 0.009186406567
63.25 63.2 63.3 0.01042816284
63.35 63.3 63.4 0.01398067714
63.45 63.4 63.5 0.006883762674
63.55 63.5 63.6 0.01150334777
63.65 63.6 63.7 0.009127182015
63.75 63.7 63.8 0.009757238413
63.85 63.8 63.9 0.0126581246
63.95 63.9 64 0.01045234691
64.05 64 64.1 0.01444826801
64.15 64.1 64.2 0.008943177131
64.25 64.2 64.3 0.01324293784
64.35 64.3 64.4 0.006873574832
64.45 64.4 64.5 0.01009370084
64.55 64.5 64.6 0.009797939304
64.65 64.6 64.7 0.008506064095
64.75 64.7 64.8 0.008534576489
64.85 64.8 64.9 0.009086506953
64.95 64.9 65 0.007040174409
65.05 65 65.1 0.01357285831
65.15 65.1 65.2 0.0106572488
65.25 65.2 65.3 0.01264876593
65.35 65.3 65.4 0.01281076771
65.45 65.4 65.5 0.007580870506
65.55 65.5 65.6 0.01049059574
65.65 65.6 65.7 0.008368460086
65.75 65.7 65.8 0.007944178265
65.85 65.8 65.9 0.01182791779
65.95 65.9 66 0.0116561167
66.05 66 66.1 0.01021158504
66.15 66.1 66.2 0.01166263
66.25 66.2 66.3 0.008431281077
66.35 66.3 66.4 0.008865492385
66.45 66.4 66.5 0.01057170724
66.55 66.5 66.6 0.01178381243
66.65 66.6 66.7 0.01031912932
66.75 66.7 66.8 0.01048355116
66.85 66.8 66.9 0.007020754109
66.95 66.9 67 0.009187803487
67.05 67 67.1 0.008726710692
67.15 67.1 67.2 0.01346418941
67.25 67.2 67.3 0.006150031262
67.35 67.3 67.4 0.00936804286
67.45 67.4 67.5 0.007679853364
67.55 67.5 67.6 0.008089395381
67.65 67.6 67.7 0.008240644085
67.75 67.7 67.8 0.006202966348
67.85 67.8 67.9 0.006674192532
67.95 67.9 68 0.007584912808
68.05 68 68.1 0.01034717287
68.15 68.1 68.2 0.009303753912
68.25 68.2 68.3 0.009436264485
68.35 68.3 68.4 0.01319397542
68.45 68.4 68.5 0.006017397007
68.55 68.5 68.6 0.009975961863
68.65 68.6 68.7 0.006622761171
68.75 68.7 68.8 0.009410549502
68.85 68.8 68.9 0.008524030493
68.95 68.9 69 0.005851246441
69.05 69 69.1 0.004142259692
69.15 69.1 69.2 0.004630997971
69.25 69.2 69.3 0.008375371845
69.35 69.3 69.4 0.006380849012
69.45 69.4 69.5 0.008761987436
69.55 69.5 69.6 0.01028432053
69.65 69.6 69.7 0.008404388247
69.75 69.7 69.8 0.007877847882
69.85 69.8 69.9 0.008500672584
69.95 69.9 70 0.007909560574
70.05 70 70.1 0.005543722099
70.15 70.1 70.2 0.004994601022
70.25 70.2 70.3 0.009079620785
70.35 70.3 70.4 0.007005387086
70.45 70.4 70.5 0.006274885161
70.55 70.5 70.6 0.006926275386
70.65 70.6 70.7 0.008073303743
70.75 70.7 70.8 0.008010090943
70.85 70.8 70.9 0.007387090705
70.95 70.9 71 0.006778964442
71.05 71 71.1 0.004781697026
71.15 71.1 71.2 0.01146884501
71.25 71.2 71.3 0.009137518255
71.35 71.3 71.4 0.003436213426
71.45 71.4 71.5 0.00725312364
71.55 71.5 71.6 0.008783092016
71.65 71.6 71.7 0.008658119523
71.75 71.7 71.8 0.006753507687
71.85 71.8 71.9 0.005015422884
71.95 71.9 72 0.007905044873
72.05 72 72.1 0.005396195136
72.15 72.1 72.2 0.007001159181
72.25 72.2 72.3 0.009038914679
72.35 72.3 72.4 0.004617821635
72.45 72.4 72.5 0.009543024136
72.55 72.5 72.6 0.006270119664
72.65 72.6 72.7 0.007150216962
72.75 72.7 72.8 0.009036680807
72.85 72.8 72.9 0.004683937583
72.95 72.9 73 0.007928875695
73.05 73 73.1 0.008715128225
73.15 73.1 73.2 0.002879369731
73.25 73.2 73.3 0.007222049198
73.35 73.3 73.4 0.006462801014
73.45 73.4 73.5 0.006246452414
73.55 73.5 73.6 0.006483650218
73.65 73.6 73.7 0.007298637383
73.75 73.7 73.8 0.006900670496
73.85 73.8 73.9 0.006704780819
73.95 73.9 74 0.00721979249
74.05 74 74.1 0.003473038529
74.15 74.1 74.2 0.005419410726
74.25 74.2 74.3 0.005876826124
74.35 74.3 74.4 0.003978388761
74.45 74.4 74.5 0.004902004129
74.55 74.5 74.6 0.004390482901
74.65 74.6 74.7 0.005497464991
74.75 74.7 74.8 0.006826854398
74.85 74.8 74.9 0.003819602784
74.95 74.9 75 0.008226037613
75.05 75 75.1 0.005519849886
75.15 75.1 75.2 0.004036694937
75.25 75.2 75.3 0.00240235156
75.35 75.3 75.4 0.007965150633
75.45 75.4 75.5 0.005492896537
75.55 75.5 75.6 0.006889222539
75.65 75.6 75.7 0.004129927851
75.75 75.7 75.8 0.006643872169
75.85 75.8 75.9 0.004908632331
75.95 75.9 76 0.002702222535
76.05 76 76.1 0.003499127747
76.15 76.1 76.2 0.005339065283
76.25 76.2 76.3 0.005982722997
76.35 76.3 76.4 0.002425966285
76.45 76.4 76.5 0.00548265385
76.55 76.5 76.6 0.007530244663
76.65 76.6 76.7 0.005630885747
76.75 76.7 76.8 0.008781536999
76.85 76.8 76.9 0.003356945662
76.95 76.9 77 0.006326921236
77.05 77 77.1 0.001461782417
77.15 77.1 77.2 0.003442925478
77.25 77.2 77.3 0.004848905985
77.35 77.3 77.4 0.005482270567
77.45 77.4 77.5 0.00607859021
77.55 77.5 77.6 0.004437438043
77.65 77.6 77.7 0.005044635226
77.75 77.7 77.8 0.0006610260479
77.85 77.8 77.9 0.004152196072
77.95 77.9 78 0.005532502904
78.05 78 78.1 0.0032741057
78.15 78.1 78.2 0.004280418619
78.25 78.2 78.3 0.008926617138
78.35 78.3 78.4 0.002877424971
78.45 78.4 78.5 0.005552764536
78.55 78.5 78.6 0.004490195026
78.65 78.6 78.7 0.006768581106
78.75 78.7 78.8 0.004927145432
78.85 78.8 78.9 0.004765273435
78.95 78.9 79 0.006918683244
79.05 79 79.1 0.003164409827
79.15 79.1 79.2 0.005250623006
79.25 79.2 79.3 0.002285886533
79.35 79.3 79.4 0.003197139802
79.45 79.4 79.5 0.002569192514
79.55 79.5 79.6 0.004751353449
79.65 79.6 79.7 0.00655653539
79.75 79.7 79.8 0.002418032515
79.85 79.8 79.9 0.003542257157
79.95 79.9 80 0.002455445572
80.05 80 80.1 0.005290650643
80.15 80.1 80.2 0.002948756347
80.25 80.2 80.3 0.00263636866
80.35 80.3 80.4 0.006213048786
80.45 80.4 80.5 0.005140295956
80.55 80.5 80.6 0.00277850045
80.65 80.6 80.7 0.002854411729
80.75 80.7 80.8 0.0006224716148
80.85 80.8 80.9 0.003560701333
80.95 80.9 81 0.003962926885
81.05 81 81.1 0.005873709488
81.15 81.1 81.2 0.006574693663
81.25 81.2 81.3 0.002780826212
81.35 81.3 81.4 0.001423781209
81.45 81.4 81.5 0.005645903386
81.55 81.5 81.6 0.003778523781
81.65 81.6 81.7 0.006198696849
81.75 81.7 81.8 0.004031505551
81.85 81.8 81.9 0.002401949755
81.95 81.9 82 0.004115397611
82.05 82 82.1 0.00061362304
82.15 82.1 82.2 0.003558632185
82.25 82.2 82.3 0.004232137276
82.35 82.3 82.4 0.004498361927
82.45 82.4 82.5 0.005457369332
82.55 82.5 82.6 0.005317991273
82.65 82.6 82.7 0.003983261665
82.75 82.7 82.8 0.005300153396
82.85 82.8 82.9 0.006978083113
82.95 82.9 83 0.009062492513
83.05 83 83.1 0.003674133954
83.15 83.1 83.2 0.006352448869
83.25 83.2 83.3 0.004680003658
83.35 83.3 83.4 0.008053516546
83.45 83.4 83.5 0.005931992611
83.55 83.5 83.6 0.004688380134
83.65 83.6 83.7 0.001849337962
83.75 83.7 83.8 0.004580089085
83.85 83.8 83.9 0.001360808499
83.95 83.9 84 0.004574995905
84.05 84 84.1 0.003919764081
84.15 84.1 84.2 0.003154023007
84.25 84.2 84.3 0.002761721762
84.35 84.3 84.4 0.0009176931615
84.45 84.4 84.5 0.001438317107
84.55 84.5 84.6 0.003751467243
84.65 84.6 84.7 0.00530955674
84.75 84.7 84.8 0.004695678917
84.85 84.8 84.9 0.005734996203
84.95 84.9 85 0.003735686667
85.05 85 85.1 0.004492372615
85.15 85.1 85.2 0.005220106229
85.25 85.2 85.3 0.005982975746
85.35 85.3 85.4 0.004728051472
85.45 85.4 85.5 0.003410666117
85.55 85.5 85.6 0.004982671043
85.65 85.6 85.7 0.003318343918
85.75 85.7 85.8 0.002705271724
85.85 85.8 85.9 0.003154382724
85.95 85.9 86 -0.0003200393683
86.05 86 86.1 0.005821977739
86.15 86.1 86.2 0.006094460163
86.25 86.2 86.3 0.006934815639
86.35 86.3 86.4 0.007018562308
86.45 86.4 86.5 0.005157554229
86.55 86.5 86.6 0.003599681098
86.65 86.6 86.7 0.004561750995
86.75 86.7 86.8 0.004160047198
86.85 86.8 86.9 0.0005157299064
86.95 86.9 87 0.005009239402
87.05 87 87.1 0.004861537921
87.15 87.1 87.2 0.00823047346
87.25 87.2 87.3 0.007219697931
87.35 87.3 87.4 0.005255859753
87.45 87.4 87.5 0.006654534378
87.55 87.5 87.6 0.002440419432
87.65 87.6 87.7 0.006207134425
87.75 87.7 87.8 0.004497495041
87.85 87.8 87.9 0.004968936112
87.95 87.9 88 0.003048172131
88.05 88 88.1 0.005421048838
88.15 88.1 88.2 0.007481480513
88.25 88.2 88.3 0.003339974987
88.35 88.3 88.4 0.005174021836
88.45 88.4 88.5 0.005635710113
88.55 88.5 88.6 0.004334674184
88.65 88.6 88.7 0.005563507965
88.75 88.7 88.8 0.003424377403
88.85 88.8 88.9 0.00494575719
88.95 88.9 89 0.002796226837
89.05 89 89.1 0.006584180321
89.15 89.1 89.2 0.002998276061
89.25 89.2 89.3 0.00548414336
89.35 89.3 89.4 0.007820317361
89.45 89.4 89.5 0.003182792582
89.55 89.5 89.6 0.002419972551
89.65 89.6 89.7 0.002219738462
89.75 89.7 89.8 0.005309149986
89.85 89.8 89.9 0.002628213597
89.95 89.9 90 0.002238869576
90.05 90 90.1 0.006636826199
90.15 90.1 90.2 0.00571136771
90.25 90.2 90.3 0.004589314767
90.35 90.3 90.4 0.00438267742
90.45 90.4 90.5 0.005741113901
90.55 90.5 90.6 0.003893489055
90.65 90.6 90.7 0.003420875865
90.75 90.7 90.8 0.006795480026
90.85 90.8 90.9 0.003559031591
90.95 90.9 91 0.00298215815
91.05 91 91.1 0.003395610436
91.15 91.1 91.2 0.004237264019
91.25 91.2 91.3 0.002184374627
91.35 91.3 91.4 0.004411313234
91.45 91.4 91.5 0.007137325805
91.55 91.5 91.6 0.005032839296
91.65 91.6 91.7 0.005148371406
91.75 91.7 91.8 0.004687561068
91.85 91.8 91.9 0.004501248763
91.95 91.9 92 0.008781710243
92.05 92 92.1 0.004767709594
92.15 92.1 92.2 0.004799928034
92.25 92.2 92.3 0.002261367074
92.35 92.3 92.4 0.005675711936
92.45 92.4 92.5 0.004938209096
92.55 92.5 92.6 0.006154229089
92.65 92.6 92.7 0.002818217345
92.75 92.7 92.8 0.004135637576
92.85 92.8 92.9 0.003591794934
92.95 92.9 93 0.001571678944
93.05 93 93.1 0.003819393159
93.15 93.1 93.2 0.006848010047
93.25 93.2 93.3 0.002862292676
93.35 93.3 93.4 0.005655530873
93.45 93.4 93.5 0.004348846901
93.55 93.5 93.6 0.005891530633
93.65 93.6 93.7 0.004265567485
93.75 93.7 93.8 0.002591441336
93.85 93.8 93.9 0.005672509961
93.95 93.9 94 0.003789658959
94.05 94 94.1 0.00698979065
94.15 94.1 94.2 0.003868250829
94.25 94.2 94.3 0.004268720884
94.35 94.3 94.4 0.004606531035
94.45 94.4 94.5 0.005384870676
94.55 94.5 94.6 0.003554920707
94.65 94.6 94.7 0.002859140602
94.75 94.7 94.8 0.004850605608
94.85 94.8 94.9 0.003639687465
94.95 94.9 95 0.00755752323
95.05 95 95.1 0.005244444454
95.15 95.1 95.2 0.002274426982
95.25 95.2 95.3 0.007270060349
95.35 95.3 95.4 0.005760893521
95.45 95.4 95.5 0.005162577702
95.55 95.5 95.6 0.004362081655
95.65 95.6 95.7 0.002710179212
95.75 95.7 95.8 0.00526641501
95.85 95.8 95.9 0.005793746045
95.95 95.9 96 0.004165570352
96.05 96 96.1 0.002904016514
96.15 96.1 96.2 0.002038637196
96.25 96.2 96.3 0.004900514575
96.35 96.3 96.4 0.005397153586
96.45 96.4 96.5 0.007454028328
96.55 96.5 96.6 0.004306102644
96.65 96.6 96.7 0.001615646529
96.75 96.7 96.8 0.00377787355
96.85 96.8 96.9 0.005216667784
96.95 96.9 97 0.003424314968
97.05 97 97.1 0.005213943767
97.15 97.1 97.2 0.005227942064
97.25 97.2 97.3 0.007251246982
97.35 97.3 97.4 0.001877527193
97.45 97.4 97.5 0.004323270566
97.55 97.5 97.6 0.00314014879
97.65 97.6 97.7 0.003436922388
97.75 97.7 97.8 0.006145703595
97.85 97.8 97.9 0.003969414821
97.95 97.9 98 0.004148414487
98.05 98 98.1 0.005754658093
98.15 98.1 98.2 0.003940312533
98.25 98.2 98.3 0.006408759645
98.35 98.3 98.4 0.007162766787
98.45 98.4 98.5 0.00517505105
98.55 98.5 98.6 0.005306971991
98.65 98.6 98.7 0.003652104642
98.75 98.7 98.8 0.003525125491
98.85 98.8 98.9 0.00566739833
98.95 98.9 99 0.0009145183262
99.05 99 99.1 0.00465513467
99.15 99.1 99.2 0.004854641797
99.25 99.2 99.3 0.00584248226
99.35 99.3 99.4 0.005548570577
99.45 99.4 99.5 0.003911321439
99.55 99.5 99.6 0.004900619248
99.65 99.6 99.7 0.005659924039
99.75 99.7 99.8 0.007480584904
99.85 99.8 99.9 0.00384329628
99.95 99.9 100 0.003098079194
100.05 100 100.1 0.002448407084
100.15 100.1 100.2 0.004861824118
100.25 100.2 100.3 0.006301412321
100.35 100.3 100.4 0.007490102878
100.45 100.4 100.5 0.002375168376
100.55 100.5 100.6 0.004184431403
100.65 100.6 100.7 0.003131685731
100.75 100.7 100.8 0.004055855086
100.85 100.8 100.9 0.004245813646
100.95 100.9 101 0.002903649151
101.05 101 101.1 0.002824642518
101.15 101.1 101.2 0.004384643658
101.25 101.2 101.3 0.008034755108
101.35 101.3 101.4 0.004348449863
101.45 101.4 101.5 0.004981066472
101.55 101.5 101.6 0.002943793645
101.65 101.6 101.7 0.003927569502
101.75 101.7 101.8 0.0002535373825
101.85 101.8 101.9 0.006453142999
101.95 101.9 102 0.005540814729
102.05 102 102.1 0.00644097068
102.15 102.1 102.2 0.003296629642
102.25 102.2 102.3 0.006029550629
102.35 102.3 102.4 0.005063213768
102.45 102.4 102.5 0.002775025074
102.55 102.5 102.6 0.004906532054
102.65 102.6 102.7 0.003130357058
102.75 102.7 102.8 0.00510339305
102.85 102.8 102.9 0.00378741682
102.95 102.9 103 0.00467426009
103.05 103 103.1 0.00634986296
103.15 103.1 103.2 0.003958034598
103.25 103.2 103.3 0.004554250368
103.35 103.3 103.4 0.005259991509
103.45 103.4 103.5 0.004755599417
103.55 103.5 103.6 0.005946942782
103.65 103.6 103.7 0.002812668651
103.75 103.7 103.8 0.003674929044
103.85 103.8 103.9 0.005250484448
103.95 103.9 104 0.004094144214
104.05 104 104.1 0.004490450979
104.15 104.1 104.2 0.004005999251
104.25 104.2 104.3 0.005574748551
104.35 104.3 104.4 0.005376355215
104.45 104.4 104.5 0.003164632671
104.55 104.5 104.6 0.007355766441
104.65 104.6 104.7 0.003392797822
104.75 104.7 104.8 0.006315482373
104.85 104.8 104.9 0.004192664813
104.95 104.9 105 0.005120702495
105.05 105 105.1 0.004844816512
105.15 105.1 105.2 0.005382722376
105.25 105.2 105.3 0.002272884218
105.35 105.3 105.4 0.002358244411
105.45 105.4 105.5 0.005075485252
105.55 105.5 105.6 0.002107937508
105.65 105.6 105.7 0.005005575804
105.75 105.7 105.8 0.004218567777
105.85 105.8 105.9 0.002160083888
105.95 105.9 106 0.004342005744
106.05 106 106.1 0.00426022903
106.15 106.1 106.2 0.002725474344
106.25 106.2 106.3 0.002206536033
106.35 106.3 106.4 0.003835216252
106.45 106.4 106.5 0.00415721189
106.55 106.5 106.6 0.004658920669
106.65 106.6 106.7 0.003941916786
106.75 106.7 106.8 0.002845409854
106.85 106.8 106.9 0.005529979004
106.95 106.9 107 0.003619180799
107.05 107 107.1 0.003332779065
107.15 107.1 107.2 0.003497947231
107.25 107.2 107.3 0.0042440211
107.35 107.3 107.4 0.005266521979
107.45 107.4 107.5 0.002899742952
107.55 107.5 107.6 0.005252417163
107.65 107.6 107.7 0.003214686685
107.75 107.7 107.8 0.004260516505
107.85 107.8 107.9 0.00161671459
107.95 107.9 108 0.002546725304
108.05 108 108.1 0.003541147916
108.15 108.1 108.2 0.001421249235
108.25 108.2 108.3 0.004169249082
108.35 108.3 108.4 0.003630242851
108.45 108.4 108.5 0.006437953974
108.55 108.5 108.6 0.004728390668
108.65 108.6 108.7 0.00348080226
108.75 108.7 108.8 0.002029543858
108.85 108.8 108.9 0.003013096334
108.95 108.9 109 0.005030143153
109.05 109 109.1 0.00363445037
109.15 109.1 109.2 0.005327451438
109.25 109.2 109.3 0.001728076534
109.35 109.3 109.4 0.004770650526
109.45 109.4 109.5 0.00344394458
109.55 109.5 109.6 0.002125587775
109.65 109.6 109.7 0.00245034365
109.75 109.7 109.8 0.00607091465
109.85 109.8 109.9 0.001943891262
109.95 109.9 110 0.002969907745
110.05 110 110.1 0.002929030774
110.15 110.1 110.2 0.003771342476
110.25 110.2 110.3 0.001774773654
110.35 110.3 110.4 0.00473132261
110.45 110.4 110.5 0.004726185619
110.55 110.5 110.6 0.0007889074195
110.65 110.6 110.7 0.006745018929
110.75 110.7 110.8 0.003996470294
110.85 110.8 110.9 0.001518184117
110.95 110.9 111 0.003508359184
111.05 111 111.1 0.002703664141
111.15 111.1 111.2 0.002312107691
111.25 111.2 111.3 0.001574282511
111.35 111.3 111.4 0.003295150053
111.45 111.4 111.5 -0.001203831036
111.55 111.5 111.6 0.003369198315
111.65 111.6 111.7 0.002555745535
111.75 111.7 111.8 0.001693260527
111.85 111.8 111.9 0.004041070546
111.95 111.9 112 0.001324775283
112.05 112 112.1 0.003549672073
112.15 112.1 112.2 0.002779503857
112.25 112.2 112.3 0.002280692685
112.35 112.3 112.4 0.004385338645
112.45 112.4 112.5 0.002628663077
112.55 112.5 112.6 0.003248281462
112.65 112.6 112.7 0.003228373355
112.75 112.7 112.8 0.002682034315
112.85 112.8 112.9 0.003916121855
112.95 112.9 113 0.003491459615
113.05 113 113.1 0.004695282861
113.15 113.1 113.2 0.001808455796
113.25 113.2 113.3 0.002735589479
113.35 113.3 113.4 0.001144425583
113.45 113.4 113.5 0.005645550125
113.55 113.5 113.6 -0.0004426585149
113.65 113.6 113.7 0.002514028517
113.75 113.7 113.8 0.002001450412
113.85 113.8 113.9 0.004354585747
113.95 113.9 114 0.001102576107
114.05 114 114.1 0.003080627965
114.15 114.1 114.2 0.001540120123
114.25 114.2 114.3 0.0005837965847
114.35 114.3 114.4 -0.000179845898
114.45 114.4 114.5 -9.949845824e-05
114.55 114.5 114.6 0.002689753503
114.65 114.6 114.7 0.002156639205
114.75 114.7 114.8 0.001836069344
114.85 114.8 114.9 0.00243073165
114.95 114.9 115 0.004271811494
115.05 115 115.1 0.000107110136
115.15 115.1 115.2 0.003169748432
115.25 115.2 115.3 0.002338781487
115.35 115.3 115.4 -0.0004029255277
115.45 115.4 115.5 0.002344490568
115.55 115.5 115.6 0.0005128515743
115.65 115.6 115.7 0.002319312091
115.75 115.7 115.8 -0.001820738252
115.85 115.8 115.9 0.001987887584
115.95 115.9 116 0.004408612114
116.05 116 116.1 0.003753893191
116.15 116.1 116.2 -0.001041717532
116.25 116.2 116.3 0.001458355254
116.35 116.3 116.4 0.001434805766
116.45 116.4 116.5 0.0002794420469
116.55 116.5 116.6 0.00205648957
116.65 116.6 116.7 0.003178627978
116.75 116.7 116.8 0.002581433379
116.85 116.8 116.9 0.0007045388961
116.95 116.9 117 0.002785230587
117.05 117 117.1 0.002831207419
117.15 117.1 117.2 0.002192993363
117.25 117.2 117.3 0.001999129984
117.35 117.3 117.4 -0.0001169519916
117.45 117.4 117.5 0.0009591186362
117.55 117.5 117.6 0.004220412573
117.65 117.6 117.7 0.0006653024907
117.75 117.7 117.8 -0.0003126623062
117.85 117.8 117.9 0.00175944924
117.95 117.9 118 0.002087598256
118.05 118 118.1 0.0001549466828
118.15 118.1 118.2 0.001956209423
118.25 118.2 118.3 0.0007702946319
118.35 118.3 118.4 0.001892973548
118.45 118.4 118.5 0.002030421841
118.55 118.5 118.6 0.002290131136
118.65 118.6 118.7 0.002477481237
118.75 118.7 118.8 0.0004883619768
118.85 118.8 118.9 -0.0008282146698
118.95 118.9 119 0.002898749683
119.05 119 119.1 -0.001398473164
119.15 119.1 119.2 -0.001101873908
119.25 119.2 119.3 0.002699692924
119.35 119.3 119.4 0.0006039411246
119.45 119.4 119.5 0.001732665268
119.55 119.5 119.6 0.001181362278
119.65 119.6 119.7 0.0008260893331
119.75 119.7 119.8 0.0002931132129
119.85 119.8 119.9 0.0004542978631
119.95 119.9 120 0.0005471619576
120.05 120 120.1 0.002125385222
120.15 120.1 120.2 0.001876802527
120.25 120.2 120.3 0.002191663343
120.35 120.3 120.4 0.00273590526
120.45 120.4 120.5 -0.0001640743877
120.55 120.5 120.6 0.001826119778
120.65 120.6 120.7 0.0005115573808
120.75 120.7 120.8 0.001234685185
120.85 120.8 120.9 0.002288609493
120.95 120.9 121 0.0009721285071
121.05 121 121.1 0.002084716755
121.15 121.1 121.2 -0.0005405993649
121.25 121.2 121.3 0.0003924850698
121.35 121.3 121.4 -0.0006749105286
121.45 121.4 121.5 0.001697879685
121.55 121.5 121.6 0.001763405658
121.65 121.6 121.7 0.000640520513
121.75 121.7 121.8 -0.0001159046335
121.85 121.8 121.9 0.0001383717464
121.95 121.9 122 0.001357910024
122.05 122 122.1 0.001926262559
122.15 122.1 122.2 -0.0003024402413
122.25 122.2 122.3 0.001505971368
122.35 122.3 122.4 0.0007722002186
122.45 122.4 122.5 -8.600065126e-05
122.55 122.5 122.6 0.001964493261
122.65 122.6 122.7 0.001872638082
122.75 122.7 122.8 0.001655970547
122.85 122.8 122.9 -4.050280253e-05
122.95 122.9 123 0.002637485212
123.05 123 123.1 0.0002860935434
123.15 123.1 123.2 0.0004888951674
123.25 123.2 123.3 -0.0002197041005
123.35 123.3 123.4 -0.0009390765782
123.45 123.4 123.5 0.001000449515
123.55 123.5 123.6 0.000137213174
123.65 123.6 123.7 0.0009621829291
123.75 123.7 123.8 0.001048411891
123.85 123.8 123.9 0.001648587111
123.95 123.9 124 0.002383028666
124.05 124 124.1 5.42420765e-05
124.15 124.1 124.2 -0.001158864623
124.25 124.2 124.3 0.0008322031239
124.35 124.3 124.4 0.0004821062441
124.45 124.4 124.5 -0.001349723748
124.55 124.5 124.6 0.0005658347269
124.65 124.6 124.7 -0.001114813138
124.75 124.7 124.8 -0.001442647906
124.85 124.8 124.9 -0.00104471496
124.95 124.9 125 -0.0004370288342
125.05 125 125.1 0.001771214509
125.15 125.1 125.2 -0.000767371783
125.25 125.2 125.3 0.000689888792
125.35 125.3 125.4 -9.260855154e-05
125.45 125.4 125.5 7.034478927e-05
125.55 125.5 125.6 0.0001674541515
125.65 125.6 125.7 0.0001333208423
125.75 125.7 125.8 0.00140896528
125.85 125.8 125.9 -0.0005271803813
125.95 125.9 126 -0.001353162471
126.05 126 126.1 0.0005835143351
126.15 126.1 126.2 0.001796632847
126.25 126.2 126.3 0.0001825296554
126.35 126.3 126.4 -0.000391686642
126.45 126.4 126.5 0.0003322153678
126.55 126.5 126.6 0.0007208507536
126.65 126.6 126.7 0.001526136026
126.75 126.7 126.8 0.0002225142782
126.85 126.8 126.9 0.0006714032237
126.95 126.9 127 -0.0002181418501
127.05 127 127.1 -0.0001829220925
127.15 127.1 127.2 -0.000171299147
127.25 127.2 127.3 0.001372576744
127.35 127.3 127.4 0.0006894022306
127.45 127.4 127.5 -0.001143772812
127.55 127.5 127.6 -0.0002963109138
127.65 127.6 127.7 0.001536307591
127.75 127.7 127.8 -0.0021419098
127.85 127.8 127.9 0.000702207422
127.95 127.9 128 -0.0003555724878
128.05 128 128.1 0.0004798865304
128.15 128.1 128.2 0.0005399332749
128.25 128.2 128.3 -0.0002263956323
128.35 128.3 128.4 -0.0004459343959
128.45 128.4 128.5 0.0001900834526
128.55 128.5 128.6 -0.00186012769
128.65 128.6 128.7 -0.001922706915
128.75 128.7 128.8 -0.0006301753176
128.85 128.8 128.9 0.0004470745221
128.95 128.9 129 -6.276104152e-05
129.05 129 129.1 0.000310607684
129.15 129.1 129.2 0.0007175154912
129.25 129.2 129.3 -7.092188419e-05
129.35 129.3 129.4 0.0002169905697
129.45 129.4 129.5 -0.0006383109121
129.55 129.5 129.6 -0.0009232116749
129.65 129.6 129.7 0.000190399217
129.75 129.7 129.8 0.0005081284413
129.85 129.8 129.9 0.001410927145
129.95 129.9 130 0.0007346682597
130.05 130 130.1 -0.0006308523275
130.15 130.1 130.2 0.0002858734888
130.25 130.2 130.3 -0.001166434596
130.35 130.3 130.4 -0.0003913591381
130.45 130.4 130.5 0.0007177492854
130.55 130.5 130.6 -0.003262071969
130.65 130.6 130.7 -0.0007885026475
130.75 130.7 130.8 -0.001394179129
130.85 130.8 130.9 -0.000513682269
130.95 130.9 131 3.218953105e-05
131.05 131 131.1 -0.001524997871
131.15 131.1 131.2 -0.001227936432
131.25 131.2 131.3 -0.0008885533445
131.35 131.3 131.4 -0.0002573688463
131.45 131.4 131.5 -0.001361323511
131.55 131.5 131.6 -0.001549499875
131.65 131.6 131.7 -9.922278129e-05
131.75 131.7 131.8 -0.001119080496
131.85 131.8 131.9 -0.0005074443572
131.95 131.9 132 -0.002325352061
132.05 132 132.1 0.001076255194
132.15 132.1 132.2 0.001415448663
132.25 132.2 132.3 -0.0007452589006
132.35 132.3 132.4 -0.0007567387651
132.45 132.4 132.5 -0.002233063131
132.55 132.5 132.6 -0.002263533646
132.65 132.6 132.7 -0.001537565891
132.75 132.7 132.8 -0.0002497707492
132.85 132.8 132.9 -0.00104377468
132.95 132.9 133 0.0006910224019
133.05 133 133.1 0.0003264220165
133.15 133.1 133.2 -0.0005871859664
133.25 133.2 133.3 0.001167902869
133.35 133.3 133.4 0.0008405352057
133.45 133.4 133.5 -0.0006511202355
133.55 133.5 133.6 -0.0006631517693
133.65 133.6 133.7 -0.00140783976
133.75 133.7 133.8 0.001499075313
133.85 133.8 133.9 -0.002203468345
133.95 133.9 134 -0.0001806498642
134.05 134 134.1 -0.002527961649
134.15 134.1 134.2 -0.001571219232
134.25 134.2 134.3 0.0006664692125
134.35 134.3 134.4 -0.002394510985
134.45 134.4 134.5 0.0008565164159
134.55 134.5 134.6 -0.0001020225637
134.65 134.6 134.7 -0.0008060453265
134.75 134.7 134.8 -0.001218755621
134.85 134.8 134.9 -0.001448857768
134.95 134.9 135 -0.0005937217165
135.05 135 135.1 -0.001282007718
135.15 135.1 135.2 -0.000115154134
135.25 135.2 135.3 -0.0009090791526
135.35 135.3 135.4 0.0005209697625
135.45 135.4 135.5 -0.001115260821
135.55 135.5 135.6 -0.001968831855
135.65 135.6 135.7 -0.0009183378383
135.75 135.7 135.8 -0.001826851986
135.85 135.8 135.9 -0.001261387519
135.95 135.9 136 4.545803842e-05
136.05 136 136.1 -0.00142252565
136.15 136.1 136.2 0.0005886833116
136.25 136.2 136.3 -5.653017722e-05
136.35 136.3 136.4 -0.0005058858762
136.45 136.4 136.5 -0.0005495548778
136.55 136.5 136.6 -0.001683411458
136.65 136.6 136.7 5.112890875e-05
136.75 136.7 136.8 -0.0005211335128
136.85 136.8 136.9 -0.002338125734
136.95 136.9 137 -0.002874858816
137.05 137 137.1 -0.001796738542
137.15 137.1 137.2 -0.0006366488402
137.25 137.2 137.3 0.001233508029
137.35 137.3 137.4 -0.0004376977621
137.45 137.4 137.5 -0.001083369855
137.55 137.5 137.6 -0.0001767516664
137.65 137.6 137.7 -0.001811990195
137.75 137.7 137.8 -0.002873701649
137.85 137.8 137.9 -0.0001766278635
137.95 137.9 138 -0.0002496748425
138.05 138 138.1 0.0007181342213
138.15 138.1 138.2 0.0005687700809
138.25 138.2 138.3 -0.001930773278
138.35 138.3 138.4 -0.0002544636679
138.45 138.4 138.5 -0.001215886975
138.55 138.5 138.6 -0.001536351455
138.65 138.6 138.7 -0.0006484786661
138.75 138.7 138.8 -0.0008262867399
138.85 138.8 138.9 -0.00121005232
138.95 138.9 139 -0.001212981328
139.05 139 139.1 -7.32493933e-05
139.15 139.1 139.2 -0.001228493568
139.25 139.2 139.3 -0.002277547956
139.35 139.3 139.4 -0.0006482623556
139.45 139.4 139.5 -0.0008996472313
139.55 139.5 139.6 -0.0003680049681
139.65 139.6 139.7 -0.001662630392
139.75 139.7 139.8 -0.001818548049
139.85 139.8 139.9 -0.0005234146329
139.95 139.9 140 -0.0006622375014
140.05 140 140.1 0.0004590405406
140.15 140.1 140.2 0.0004078888981
140.25 140.2 140.3 -0.002398827047
140.35 140.3 140.4 -7.453771829e-05
140.45 140.4 140.5 -0.001836822077
140.55 140.5 140.6 -0.0008745435282
140.65 140.6 140.7 0.0001387091805
140.75 140.7 140.8 -0.001661750602
140.85 140.8 140.9 0.0003638640091
140.95 140.9 141 -0.001710441168
141.05 141 141.1 -0.001485243784
141.15 141.1 141.2 0.001283912106
141.25 141.2 141.3 -0.001184644668
141.35 141.3 141.4 -0.0004734531101
141.45 141.4 141.5 -0.001204002038
141.55 141.5 141.6 -0.002213912074
141.65 141.6 141.7 -0.001032536522
141.75 141.7 141.8 -0.002708213481
141.85 141.8 141.9 -0.0002758230365
141.95 141.9 142 -0.0009851962586
142.05 142 142.1 -0.0009118043624
142.15 142.1 142.2 -0.0007512156775
142.25 142.2 142.3 -0.002695791625
142.35 142.3 142.4 -0.0003191961633
142.45 142.4 142.5 -0.001335989663
142.55 142.5 142.6 -0.00105385662
142.65 142.6 142.7 -0.001706019586
142.75 142.7 142.8 -0.0006789654871
142.85 142.8 142.9 -0.0005675798208
142.95 142.9 143 -0.002002716551
143.05 143 143.1 -0.002454150219
143.15 143.1 143.2 0.0008864934439
143.25 143.2 143.3 -6.681938881e-05
143.35 143.3 143.4 -0.001053942898
143.45 143.4 143.5 -0.002729838278
143.55 143.5 143.6 -0.001066574196
143.65 143.6 143.7 -0.001644845758
143.75 143.7 143.8 -0.0008636388262
143.85 143.8 143.9 -1.795193877e-05
143.95 143.9 144 -0.0004069461478
144.05 144 144.1 5.945693946e-05
144.15 144.1 144.2 -0.0006614564106
144.25 144.2 144.3 -0.0008011664689
144.35 144.3 144.4 -0.001241527477
144.45 144.4 144.5 0.000128725539
144.55 144.5 144.6 0.0006815343511
144.65 144.6 144.7 -0.002431908839
144.75 144.7 144.8 -8.232806133e-05
144.85 144.8 144.9 -0.001476280685
144.95 144.9 145 -0.002589155497
145.05 145 145.1 -0.0008331528021
145.15 145.1 145.2 -0.001570503828
145.25 145.2 145.3 -0.0008009675009
145.35 145.3 145.4 -0.001829356717
145.45 145.4 145.5 -0.001194400074
145.55 145.5 145.6 0.0001624027692
145.65 145.6 145.7 -5.969197742e-05
145.75 145.7 145.8 -0.002067525178
145.85 145.8 145.9 -0.0008340097848
145.95 145.9 146 -0.001704504592
146.05 146 146.1 -0.00282808435
146.15 146.1 146.2 -0.0002718556016
146.25 146.2 146.3 -0.001227169689
146.35 146.3 146.4 -0.00202919722
146.45 146.4 146.5 -0.0008047716126
146.55 146.5 146.6 -0.001667135471
146.65 146.6 146.7 -0.001705911099
146.75 146.7 146.8 -0.001505852682
146.85 146.8 146.9 -0.00310052965
146.95 146.9 147 -0.001345987779
147.05 147 147.1 -0.002092305072
147.15 147.1 147.2 -0.004010877777
147.25 147.2 147.3 -0.001191367265
147.35 147.3 147.4 -0.002006851208
147.45 147.4 147.5 -0.0003091703667
147.55 147.5 147.6 -0.002217784866
147.65 147.6 147.7 -0.001996931549
147.75 147.7 147.8 -0.002375817086
147.85 147.8 147.9 -0.0009096064187
147.95 147.9 148 -0.003200855929
148.05 148 148.1 -0.002983939225
148.15 148.1 148.2 -0.002156071593
148.25 148.2 148.3 -0.0007536021015
148.35 148.3 148.4 -0.002896555056
148.45 148.4 148.5 -0.002128648188
148.55 148.5 148.6 -0.001289980982
148.65 148.6 148.7 -0.001654475874
148.75 148.7 148.8 -0.003390155855
148.85 148.8 148.9 -0.002169370954
148.95 148.9 149 -0.002087706308
149.05 149 149.1 -0.001522478236
149.15 149.1 149.2 -0.001453646884
149.25 149.2 149.3 -0.001716494464
149.35 149.3 149.4 -0.001571063016
149.45 149.4 149.5 -0.001160492574
149.55 149.5 149.6 -0.001915287423
149.65 149.6 149.7 -0.001106814981
149.75 149.7 149.8 -0.001369053677
149.85 149.8 149.9 -0.002972345208
149.95 149.9 150 -0.001985827313
150.05 150 150.1 -0.001237448485
150.15 150.1 150.2 -0.001338166439
150.25 150.2 150.3 -0.001935973283
150.35 150.3 150.4 -0.001318482023
150.45 150.4 150.5 -0.0005134577031
150.55 150.5 150.6 -0.002003762741
150.65 150.6 150.7 -0.001919513428
150.75 150.7 150.8 -0.001554509726
150.85 150.8 150.9 -0.002628080827
150.95 150.9 151 -0.001594771685
151.05 151 151.1 -0.002059877313
151.15 151.1 151.2 -0.001635988585
151.25 151.2 151.3 -0.0001808724719
151.35 151.3 151.4 -0.000973733717
151.45 151.4 151.5 -0.001500875149
151.55 151.5 151.6 -0.001744242401
151.65 151.6 151.7 -0.0004149029207
151.75 151.7 151.8 -0.00180634029
151.85 151.8 151.9 -0.003172215528
151.95 151.9 152 -0.002072217458
152.05 152 152.1 -0.001507278035
152.15 152.1 152.2 -0.002634439102
152.25 152.2 152.3 -0.001415308659
152.35 152.3 152.4 -0.002985129396
152.45 152.4 152.5 -0.002906283274
152.55 152.5 152.6 -0.001895054728
152.65 152.6 152.7 -0.001248099272
152.75 152.7 152.8 -0.001069292871
152.85 152.8 152.9 -0.001795472268
152.95 152.9 153 -0.001349262233
153.05 153 153.1 -0.001437448225
153.15 153.1 153.2 -0.002541446789
153.25 153.2 153.3 -0.001869074077
153.35 153.3 153.4 -0.002357612332
153.45 153.4 153.5 0.001175310345
153.55 153.5 153.6 -0.001205777976
153.65 153.6 153.7 -0.001364219721
153.75 153.7 153.8 -0.00178537116
153.85 153.8 153.9 -0.001865989518
153.95 153.9 154 -0.001119260322
154.05 154 154.1 -0.001659407695
154.15 154.1 154.2 -0.0008684079312
154.25 154.2 154.3 -0.001757886077
154.35 154.3 154.4 -0.001666551524
154.45 154.4 154.5 -0.002380725298
154.55 154.5 154.6 -0.001106914277
154.65 154.6 154.7 -0.001682137187
154.75 154.7 154.8 -0.0002310038372
154.85 154.8 154.9 -0.0009220593362
154.95 154.9 155 -0.0007090441575
155.05 155 155.1 -0.002219543902
155.15 155.1 155.2 0.001953979822
155.25 155.2 155.3 -0.001345456069
155.35 155.3 155.4 -0.001649312262
155.45 155.4 155.5 -0.001607673804
155.55 155.5 155.6 0.0003680619752
155.65 155.6 155.7 -0.001364262678
155.75 155.7 155.8 -0.001205835423
155.85 155.8 155.9 -0.0021588984
155.95 155.9 156 -0.002354433444
156.05 156 156.1 0.0003284753177
156.15 156.1 156.2 -0.001760364404
156.25 156.2 156.3 -0.002433681048
156.35 156.3 156.4 -0.00315163314
156.45 156.4 156.5 -0.0004719535513
156.55 156.5 156.6 -0.00079828228
156.65 156.6 156.7 -0.0004541178484
156.75 156.7 156.8 -0.0009691875104
156.85 156.8 156.9 -0.003305959825
156.95 156.9 157 -0.002229188195
157.05 157 157.1 9.589629431e-05
157.15 157.1 157.2 -0.001812614461
157.25 157.2 157.3 -0.001495596201
157.35 157.3 157.4 -0.002706239928
157.45 157.4 157.5 -0.001621739295
157.55 157.5 157.6 -0.002027426279
157.65 157.6 157.7 0.0003825320792
157.75 157.7 157.8 0.0001789585302
157.85 157.8 157.9 -0.001420199092
157.95 157.9 158 -0.0006396581224
158.05 158 158.1 -0.001338564332
158.15 158.1 158.2 -0.0009581742159
158.25 158.2 158.3 -0.0001813731591
158.35 158.3 158.4 -0.00180413476
158.45 158.4 158.5 -0.001951615781
158.55 158.5 158.6 -0.001245464839
158.65 158.6 158.7 0.0002185557578
158.75 158.7 158.8 -0.001367343773
158.85 158.8 158.9 -1.437647203e-05
158.95 158.9 159 -0.0007259786027
159.05 159 159.1 0.0001800467315
159.15 159.1 159.2 -0.0003873079989
159.25 159.2 159.3 -0.000697957208
159.35 159.3 159.4 0.0005392550757
159.45 159.4 159.5 0.0007747057182
159.55 159.5 159.6 0.0001248785326
159.65 159.6 159.7 0.0004617938242
159.75 159.7 159.8 -0.001054162208
159.85 159.8 159.9 -0.001693854162
159.95 159.9 160 0.0001776142309
160.05 160 160.1 -0.002530421551
160.15 160.1 160.2 0.0006772289911
160.25 160.2 160.3 -0.000554948932
160.35 160.3 160.4 0.000300986443
160.45 160.4 160.5 0.0007289195615
160.55 160.5 160.6 -0.001042572176
160.65 160.6 160.7 0.001095497563
160.75 160.7 160.8 -0.0007479816349
160.85 160.8 160.9 -0.001201990728
160.95 160.9 161 -0.001951007842
161.05 161 161.1 -0.00122652397
161.15 161.1 161.2 -4.248286098e-05
161.25 161.2 161.3 0.0002409928032
161.35 161.3 161.4 -0.001165187088
161.45 161.4 161.5 -0.002169116177
161.55 161.5 161.6 4.798641184e-05
161.65 161.6 161.7 -0.0002755386044
161.75 161.7 161.8 0.001454608185
161.85 161.8 161.9 -0.0006299671507
161.95 161.9 162 -0.000213842867
162.05 162 162.1 0.000266672237
162.15 162.1 162.2 0.0004592819941
162.25 162.2 162.3 -0.0003501853749
162.35 162.3 162.4 -0.002497959984
162.45 162.4 162.5 -0.001400888073
162.55 162.5 162.6 -0.0005990501815
162.65 162.6 162.7 -0.0005208998875
162.75 162.7 162.8 -0.0007881696203
162.85 162.8 162.9 -0.0007730320321
162.95 162.9 163 -0.001700794404
163.05 163 163.1 -0.001106187489
163.15 163.1 163.2 -0.001482258382
163.25 163.2 163.3 -7.339046375e-06
163.35 163.3 163.4 -0.0008313208144
163.45 163.4 163.5 0.0004268844241
163.55 163.5 163.6 -0.00064549126
163.65 163.6 163.7 -0.001752519472
163.75 163.7 163.8 -0.001084422881
163.85 163.8 163.9 -0.00124265033
163.95 163.9 164 0.0002304593547
164.05 164 164.1 -0.001458190004
164.15 164.1 164.2 -0.0002094155207
164.25 164.2 164.3 -0.0005849469499
164.35 164.3 164.4 -0.001593665018
164.45 164.4 164.5 -0.001490411029
164.55 164.5 164.6 0.0002056689346
164.65 164.6 164.7 -0.001141088031
164.75 164.7 164.8 -0.00154692899
164.85 164.8 164.9 0.0003910605371
164.95 164.9 165 -0.0007290342517
165.05 165 165.1 -0.0004802192024
165.15 165.1 165.2 -0.0005233745866
165.25 165.2 165.3 -0.0004209402812
165.35 165.3 165.4 -0.000561169192
165.45 165.4 165.5 -0.002316232135
165.55 165.5 165.6 0.0001464418293
165.65 165.6 165.7 -0.002141000099
165.75 165.7 165.8 -0.002294307692
165.85 165.8 165.9 -0.001117806131
165.95 165.9 166 -0.000723262773
166.05 166 166.1 -0.00056183317
166.15 166.1 166.2 -0.0003855819727
166.25 166.2 166.3 -0.002162667092
166.35 166.3 166.4 -0.0009325456662
166.45 166.4 166.5 -0.001383980451
166.55 166.5 166.6 -0.000373117223
166.65 166.6 166.7 -0.0007265493636
166.75 166.7 166.8 -0.001719628759
166.85 166.8 166.9 -0.0003461733575
166.95 166.9 167 -0.0009058950785
167.05 167 167.1 -0.0004750958077
167.15 167.1 167.2 -0.0009553969111
167.25 167.2 167.3 -0.0005742583838
167.35 167.3 167.4 -0.001242631865
167.45 167.4 167.5 -0.0005687103266
167.55 167.5 167.6 -0.002301668995
167.65 167.6 167.7 -0.001157383246
167.75 167.7 167.8 0.0003093281977
167.85 167.8 167.9 -0.001177021208
167.95 167.9 168 -0.001101233359
168.05 168 168.1 -0.0008985732896
168.15 168.1 168.2 -0.0006850827152
168.25 168.2 168.3 -0.0005573954308
168.35 168.3 168.4 -0.002517434136
168.45 168.4 168.5 -0.003372680535
168.55 168.5 168.6 -0.001794917535
168.65 168.6 168.7 -0.001819927699
168.75 168.7 168.8 0.0008122986967
168.85 168.8 168.9 -0.001354915859
168.95 168.9 169 -0.001057256342
169.05 169 169.1 -0.001362171468
169.15 169.1 169.2 -0.001113791292
169.25 169.2 169.3 -0.001117079254
169.35 169.3 169.4 -0.0006867876848
169.45 169.4 169.5 -0.001786198115
169.55 169.5 169.6 -0.0004584858836
169.65 169.6 169.7 -0.001762319859
169.75 169.7 169.8 -0.002512792952
169.85 169.8 169.9 -0.0003835020599
169.95 169.9 170 -0.002240711956
170.05 170 170.1 -0.002047461497
170.15 170.1 170.2 -0.0007710473596
170.25 170.2 170.3 -0.001109693108
170.35 170.3 170.4 -0.0009391727265
170.45 170.4 170.5 -0.000182569934
170.55 170.5 170.6 -0.001968752963
170.65 170.6 170.7 -0.00195856162
170.75 170.7 170.8 -0.0006294937531
170.85 170.8 170.9 -0.001434997215
170.95 170.9 171 -0.001616858383
171.05 171 171.1 -0.0009013737358
171.15 171.1 171.2 -0.0009469081419
171.25 171.2 171.3 -0.001684081836
171.35 171.3 171.4 -0.003110466965
171.45 171.4 171.5 -0.001234702194
171.55 171.5 171.6 -0.0004120880823
171.65 171.6 171.7 -0.001635255992
171.75 171.7 171.8 -0.0003101580331
171.85 171.8 171.9 -0.002495026507
171.95 171.9 172 -0.0002574222277
172.05 172 172.1 0.000228216188
172.15 172.1 172.2 -0.000559479555
172.25 172.2 172.3 -0.001828914634
172.35 172.3 172.4 -0.001223577673
172.45 172.4 172.5 -0.001990263602
172.55 172.5 172.6 -0.001601457173
172.65 172.6 172.7 -0.0007214737601
172.75 172.7 172.8 -0.0006333366461
172.85 172.8 172.9 -0.001836400993
172.95 172.9 173 -0.003030853911
173.05 173 173.1 -0.002569207907
173.15 173.1 173.2 -0.002147305472
173.25 173.2 173.3 -0.001539907709
173.35 173.3 173.4 -0.002692520085
173.45 173.4 173.5 -0.001328470114
173.55 173.5 173.6 -0.0006602429088
173.65 173.6 173.7 -0.001522972257
173.75 173.7 173.8 -0.001982956886
173.85 173.8 173.9 -0.001024776915
173.95 173.9 174 -0.0006748813385
174.05 174 174.1 -0.001059788322
174.15 174.1 174.2 -0.00125073106
174.25 174.2 174.3 -0.00256483755
174.35 174.3 174.4 -0.001924833049
174.45 174.4 174.5 -0.002289652676
174.55 174.5 174.6 -0.002081858931
174.65 174.6 174.7 -0.003789973653
174.75 174.7 174.8 -0.001235930924
174.85 174.8 174.9 -0.002390006898
174.95 174.9 175 -0.003120518079
175.05 175 175.1 -0.002876499134
175.15 175.1 175.2 -0.001066555156
175.25 175.2 175.3 -5.707587132e-05
175.35 175.3 175.4 -0.001967715614
175.45 175.4 175.5 -0.001837268787
175.55 175.5 175.6 -0.001160755335
175.65 175.6 175.7 -0.0004589412477
175.75 175.7 175.8 -0.002002426048
175.85 175.8 175.9 -0.001006086221
175.95 175.9 176 -0.00290457372
176.05 176 176.1 -0.0007605018346
176.15 176.1 176.2 -0.0003739882
176.25 176.2 176.3 -0.001789503015
176.35 176.3 176.4 -0.001049975178
176.45 176.4 176.5 -0.001720394041
176.55 176.5 176.6 -0.002970606129
176.65 176.6 176.7 -0.000641178675
176.75 176.7 176.8 -0.002776720199
176.85 176.8 176.9 -0.0008133382907
176.95 176.9 177 -0.002024385633
177.05 177 177.1 -0.00167423463
177.15 177.1 177.2 -0.002674906321
177.25 177.2 177.3 -0.001204277979
177.35 177.3 177.4 -0.001957334924
177.45 177.4 177.5 -0.001860090694
177.55 177.5 177.6 -0.0007270294774
177.65 177.6 177.7 -0.001510620327
177.75 177.7 177.8 -0.001207823934
177.85 177.8 177.9 -0.0004781128899
177.95 177.9 178 -0.001359422061
178.05 178 178.1 -0.002547911923
178.15 178.1 178.2 -0.002147996002
178.25 178.2 178.3 -0.001399862555
178.35 178.3 178.4 -0.002128622368
178.45 178.4 178.5 -0.001526740198
178.55 178.5 178.6 -0.001151433761
178.65 178.6 178.7 -0.001862268692
178.75 178.7 178.8 -0.00175908694
178.85 178.8 178.9 -0.00231477269
178.95 178.9 179 -0.001643265058
179.05 179 179.1 -0.002384008158
179.15 179.1 179.2 -0.002708283991
179.25 179.2 179.3 -0.003113438646
179.35 179.3 179.4 -0.001579979708
179.45 179.4 179.5 -0.0002403573509
179.55 179.5 179.6 -0.001593117758
179.65 179.6 179.7 -0.0008776453268
179.75 179.7 179.8 -0.001441097135
179.85 179.8 179.9 -0.00295731537
179.95 179.9 180 -0.001473020794
180.05 180 180.1 -0.001890153826
180.15 180.1 180.2 -0.001655634391
180.25 180.2 180.3 -0.001230863393
180.35 180.3 180.4 -0.002198471256
180.45 180.4 180.5 -0.001774698054
180.55 180.5 180.6 -0.002693351842
180.65 180.6 180.7 -0.00134099018
180.75 180.7 180.8 -0.002020913586
180.85 180.8 180.9 -0.001040774079
180.95 180.9 181 -0.0002981999851
181.05 181 181.1 -0.002684605735
181.15 181.1 181.2 -0.002899715263
181.25 181.2 181.3 -0.002865060148
181.35 181.3 181.4 -0.002738259669
181.45 181.4 181.5 -0.00182729843
181.55 181.5 181.6 -0.001780159525
181.65 181.6 181.7 -0.002756654123
181.75 181.7 181.8 -0.001303127855
181.85 181.8 181.9 -0.0006928388073
181.95 181.9 182 -0.002116438742
182.05 182 182.1 -0.0002387031532
182.15 182.1 182.2 -0.001217927301
182.25 182.2 182.3 -0.002462904461
182.35 182.3 182.4 -0.0001731935941
182.45 182.4 182.5 -0.0003417961095
182.55 182.5 182.6 -0.001284540123
182.65 182.6 182.7 -0.001309772363
182.75 182.7 182.8 -0.001593376866
182.85 182.8 182.9 -0.001716512508
182.95 182.9 183 -0.001002074222
183.05 183 183.1 -0.002666377371
183.15 183.1 183.2 -0.002359691683
183.25 183.2 183.3 -0.0009347703849
183.35 183.3 183.4 -0.0003299735562
183.45 183.4 183.5 -0.001088054157
183.55 183.5 183.6 -0.002222788031
183.65 183.6 183.7 -0.001584958948
183.75 183.7 183.8 -0.001322038668
183.85 183.8 183.9 -0.001378092303
183.95 183.9 184 -0.002910911344
184.05 184 184.1 -0.001510271186
184.15 184.1 184.2 -0.001142881022
184.25 184.2 184.3 -0.00157393065
184.35 184.3 184.4 -0.001668716327
184.45 184.4 184.5 -0.0003409448972
184.55 184.5 184.6 -0.0007564126883
184.65 184.6 184.7 -0.001305333524
184.75 184.7 184.8 -0.002265744258
184.85 184.8 184.9 -0.001740904828
184.95 184.9 185 -0.0007692836416
185.05 185 185.1 -0.001435142342
185.15 185.1 185.2 -0.0006297376821
185.25 185.2 185.3 -0.001611272835
185.35 185.3 185.4 -0.001578730574
185.45 185.4 185.5 -0.001763544668
185.55 185.5 185.6 -0.00171741443
185.65 185.6 185.7 -0.002643496959
185.75 185.7 185.8 -0.0004229991942
185.85 185.8 185.9 -0.0003330622853
185.95 185.9 186 -0.001619384908
186.05 186 186.1 -0.002563142374
186.15 186.1 186.2 -0.002150216637
186.25 186.2 186.3 -0.0005025398644
186.35 186.3 186.4 -0.000556485743
186.45 186.4 186.5 -0.001624874168
186.55 186.5 186.6 0.0001700936969
186.65 186.6 186.7 -0.001329313649
186.75 186.7 186.8 -0.002310769341
186.85 186.8 186.9 -0.001075573192
186.95 186.9 187 0.0005575686496
187.05 187 187.1 -0.0003656366683
187.15 187.1 187.2 -0.001550761835
187.25 187.2 187.3 -0.0007093669611
187.35 187.3 187.4 0.000470247383
187.45 187.4 187.5 -0.001079376302
187.55 187.5 187.6 -0.001744562975
187.65 187.6 187.7 -0.001093613057
187.75 187.7 187.8 -0.0008436676047
187.85 187.8 187.9 -0.0005165060958
187.95 187.9 188 -0.001445717341
188.05 188 188.1 -0.001945154304
188.15 188.1 188.2 0.0007640921145
188.25 188.2 188.3 -0.001804336296
188.35 188.3 188.4 -0.001670256863
188.45 188.4 188.5 1.555723967e-05
188.55 188.5 188.6 -0.001403098941
188.65 188.6 188.7 -0.001969866368
188.75 188.7 188.8 -0.001751682478
188.85 188.8 188.9 -0.001219346794
188.95 188.9 189 0.0005997262797
189.05 189 189.1 -0.002452224653
189.15 189.1 189.2 -0.0009466352329
189.25 189.2 189.3 -0.001539974927
189.35 189.3 189.4 -0.001259531554
189.45 189.4 189.5 -0.0007430875344
189.55 189.5 189.6 -0.0001046635911
189.65 189.6 189.7 -0.0007887830669
189.75 189.7 189.8 -0.00194020912
189.85 189.8 189.9 -0.002308674588
189.95 189.9 190 4.602274146e-05
190.05 190 190.1 -0.0007911154303
190.15 190.1 190.2 -0.001388485748
190.25 190.2 190.3 -0.0001213417433
190.35 190.3 190.4 -0.001254968597
190.45 190.4 190.5 -0.0008019454009
190.55 190.5 190.6 -0.0002551884519
190.65 190.6 190.7 -0.0001383094795
190.75 190.7 190.8 -0.001880206348
190.85 190.8 190.9 -0.0009996295094
190.95 190.9 191 0.0005874553651
191.05 191 191.1 -0.001162517696
191.15 191.1 191.2 -0.001602410601
191.25 191.2 191.3 -0.0004160063191
191.35 191.3 191.4 -0.001429534458
191.45 191.4 191.5 0.000191959506
191.55 191.5 191.6 -0.001846591876
191.65 191.6 191.7 -0.001073713529
191.75 191.7 191.8 -0.001144826832
191.85 191.8 191.9 -0.001327847076
191.95 191.9 192 -0.001573026463
192.05 192 192.1 -0.000949520535
192.15 192.1 192.2 -0.0008780772445
192.25 192.2 192.3 -0.001622864128
192.35 192.3 192.4 0.0005683948107
192.45 192.4 192.5 -0.002375952166
192.55 192.5 192.6 -0.001356385272
192.65 192.6 192.7 0.0005734218353
192.75 192.7 192.8 -0.0009610412778
192.85 192.8 192.9 0.0004175405543
192.95 192.9 193 -0.0001616233837
193.05 193 193.1 -0.002230577743
193.15 193.1 193.2 -0.001193740255
193.25 193.2 193.3 -0.001741181742
193.35 193.3 193.4 -0.002159000827
193.45 193.4 193.5 -0.001339011019
193.55 193.5 193.6 -0.0004203975032
193.65 193.6 193.7 -1.556882639e-05
193.75 193.7 193.8 -0.001023904693
193.85 193.8 193.9 -0.0009708316441
193.95 193.9 194 -0.002839283267
194.05 194 194.1 -0.0008710920791
194.15 194.1 194.2 -0.001064180199
194.25 194.2 194.3 -0.001370512187
194.35 194.3 194.4 -0.000635198773
194.45 194.4 194.5 -0.0009387577409
194.55 194.5 194.6 -0.001404020608
194.65 194.6 194.7 -0.001489457543
194.75 194.7 194.8 -0.000393582729
194.85 194.8 194.9 -0.001036827925
194.95 194.9 195 -0.0009297650974
195.05 195 195.1 -0.0010447726
195.15 195.1 195.2 -0.0002472502994
195.25 195.2 195.3 0.0001385501364
195.35 195.3 195.4 -0.0009358008128
195.45 195.4 195.5 0.0002248334268
195.55 195.5 195.6 -0.001633682172
195.65 195.6 195.7 -0.001393159691
195.75 195.7 195.8 -0.0007904881284
195.85 195.8 195.9 -0.001545531236
195.95 195.9 196 -0.001099687068
196.05 196 196.1 -0.001157875716
196.15 196.1 196.2 0.0004539081613
196.25 196.2 196.3 9.9414481e-05
196.35 196.3 196.4 -0.001034494218
196.45 196.4 196.5 0.0001511761182
196.55 196.5 196.6 -0.001517807743
196.65 196.6 196.7 -0.0007504856157
196.75 196.7 196.8 -0.000262336958
196.85 196.8 196.9 -0.0003729825401
196.95 196.9 197 0.0001510872454
197.05 197 197.1 -0.001125481309
197.15 197.1 197.2 -0.001496020289
197.25 197.2 197.3 -0.0009345834561
197.35 197.3 197.4 0.0002682755911
197.45 197.4 197.5 -0.0006421033927
197.55 197.5 197.6 8.065506637e-05
197.65 197.6 197.7 -0.00172974593
197.75 197.7 197.8 -0.001051264119
197.85 197.8 197.9 -0.0005180153892
197.95 197.9 198 0.001244667385
198.05 198 198.1 -0.0008614233299
198.15 198.1 198.2 8.628531732e-05
198.25 198.2 198.3 0.0003650518211
198.35 198.3 198.4 0.0002488633461
198.45 198.4 198.5 -0.0006794402478
198.55 198.5 198.6 -0.0005878518115
198.65 198.6 198.7 -0.0005560218364
198.75 198.7 198.8 -0.001749085564
198.85 198.8 198.9 -0.0007301473241
198.95 198.9 199 -0.0003984864627
199.05 199 199.1 -0.0005507976527
199.15 199.1 199.2 -0.0002218436221
199.25 199.2 199.3 -0.0009247563813
199.35 199.3 199.4 -0.0005584559283
199.45 199.4 199.5 -0.0007292062315
199.55 199.5 199.6 -0.001271083661
199.65 199.6 199.7 -0.0008283723854
199.75 199.7 199.8 -0.0004136212645
199.85 199.8 199.9 -0.0001840127158
199.95 199.9 200 -0.0006576487498
