# Columns: s_cen(1) s_min(2) s_max(3) xi_iso(4)
0.05 0 0.1 28.23732169
0.15 0.1 0.2 17.99962548
0.25 0.2 0.3 12.41515231
0.35 0.3 0.4 13.91274461
0.45 0.4 0.5 23.75665647
0.55 0.5 0.6 22.07070453
0.65 0.6 0.7 20.88232053
0.75 0.7 0.8 19.21640031
0.85 0.8 0.9 21.21683149
0.95 0.9 1 19.79548333
1.05 1 1.1 18.27813596
1.15 1.1 1.2 19.73846473
1.25 1.2 1.3 17.28911581
1.35 1.3 1.4 16.88506425
1.45 1.4 1.5 16.31020443
1.55 1.5 1.6 15.45149897
1.65 1.6 1.7 14.08481904
1.75 1.7 1.8 14.3793727
1.85 1.8 1.9 13.33551714
1.95 1.9 2 12.28376425
2.05 2 2.1 11.22425393
2.15 2.1 2.2 11.0100601
2.25 2.2 2.3 10.88293277
2.35 2.3 2.4 9.124099762
2.45 2.4 2.5 9.037881049
2.55 2.5 2.6 8.693128977
2.65 2.6 2.7 8.359196401
2.75 2.7 2.8 7.627912716
2.85 2.8 2.9 6.990637131
2.95 2.9 3 6.748411321
3.05 3 3.1 6.827198442
3.15 3.1 3.2 6.177336694
3.25 3.2 3.3 6.084088835
3.35 3.3 3.4 5.740040334
3.45 3.4 3.5 5.357208442
3.55 3.5 3.6 5.542857588
3.65 3.6 3.7 5.057908587
3.75 3.7 3.8 4.857247402
3.85 3.8 3.9 4.758868171
3.95 3.9 4 4.651447474
4.05 4 4.1 4.332201281
4.15 4.1 4.2 4.138785026
4.25 4.2 4.3 3.996315329
4.35 4.3 4.4 4.039684827
4.45 4.4 4.5 3.858207731
4.55 4.5 4.6 3.866383313
4.65 4.6 4.7 3.619005646
4.75 4.7 4.8 3.455311873
4.85 4.8 4.9 3.468184871
4.95 4.9 5 3.348719386
5.05 5 5.1 3.247346876
5.15 5.1 5.2 3.287674792
5.25 5.2 5.3 3.211031671
5.35 5.3 5.4 3.022961065
5.45 5.4 5.5 3.044317985
5.55 5.5 5.6 2.851660426
5.65 5.6 5.7 2.942786493
5.75 5.7 5.8 2.68845313
5.85 5.8 5.9 2.626626659
5.95 5.9 6 2.614050008
6.05 6 6.1 2.446416999
6.15 6.1 6.2 2.373229459
6.25 6.2 6.3 2.403128298
6.35 6.3 6.4 2.265879799
6.45 6.4 6.5 2.221915
6.55 6.5 6.6 2.159110746
6.65 6.6 6.7 2.182895526
6.75 6.7 6.8 2.105674026
6.85 6.8 6.9 2.035346297
6.95 6.9 7 2.028478797
7.05 7 7.1 1.913794372
7.15 7.1 7.2 1.875356221
7.25 7.2 7.3 1.788292724
7.35 7.3 7.4 1.777480646
7.45 7.4 7.5 1.832095283
7.55 7.5 7.6 1.697792075
7.65 7.6 7.7 1.637308988
7.75 7.7 7.8 1.640855075
7.85 7.8 7.9 1.684483563
7.95 7.9 8 1.566136673
8.05 8 8.1 1.551920717
8.15 8.1 8.2 1.508497532
8.25 8.2 8.3 1.546634509
8.35 8.3 8.4 1.452528192
8.45 8.4 8.5 1.378908899
8.55 8.5 8.6 1.386928437
8.65 8.6 8.7 1.369816302
8.75 8.7 8.8 1.320473594
8.85 8.8 8.9 1.344052727
8.95 8.9 9 1.264475602
9.05 9 9.1 1.282441755
9.15 9.1 9.2 1.235464494
9.25 9.2 9.3 1.200604068
9.35 9.3 9.4 1.163723493
9.45 9.4 9.5 1.22591499
9.55 9.5 9.6 1.196171504
9.65 9.6 9.7 1.14251974
9.75 9.7 9.8 1.141827728
9.85 9.8 9.9 1.060271082
9.95 9.9 10 0.9810543643
10.05 10 10.1 1.030270746
10.15 10.1 10.2 1.007929862
10.25 10.2 10.3 1.005687373
10.35 10.3 10.4 0.9856355343
10.45 10.4 10.5 0.9602565874
10.55 10.5 10.6 0.9513167056
10.65 10.6 10.7 1.020285455
10.75 10.7 10.8 0.9234828812
10.85 10.8 10.9 0.9143856609
10.95 10.9 11 0.8698203504
11.05 11 11.1 0.8907190051
11.15 11.1 11.2 0.8528896081
11.25 11.2 11.3 0.8316618035
11.35 11.3 11.4 0.8074744824
11.45 11.4 11.5 0.8286555386
11.55 11.5 11.6 0.8208620513
11.65 11.6 11.7 0.7413747368
11.75 11.7 11.8 0.7905112438
11.85 11.8 11.9 0.781600667
11.95 11.9 12 0.7454362919
12.05 12 12.1 0.7498080028
12.15 12.1 12.2 0.7400028043
12.25 12.2 12.3 0.7204206681
12.35 12.3 12.4 0.6958783871
12.45 12.4 12.5 0.642694805
12.55 12.5 12.6 0.6731967062
12.65 12.6 12.7 0.65976707
12.75 12.7 12.8 0.6701040596
12.85 12.8 12.9 0.6540156765
12.95 12.9 13 0.6461274607
13.05 13 13.1 0.6533667131
13.15 13.1 13.2 0.6127417906
13.25 13.2 13.3 0.5905984394
13.35 13.3 13.4 0.5891633082
13.45 13.4 13.5 0.5722793614
13.55 13.5 13.6 0.5969069443
13.65 13.6 13.7 0.5729221014
13.75 13.7 13.8 0.5668573406
13.85 13.8 13.9 0.5580017919
13.95 13.9 14 0.5584630598
14.05 14 14.1 0.5459010785
14.15 14.1 14.2 0.5520456789
14.25 14.2 14.3 0.508194419
14.35 14.3 14.4 0.5528764027
14.45 14.4 14.5 0.5497741699
14.55 14.5 14.6 0.5178823042
14.65 14.6 14.7 0.4932929067
14.75 14.7 14.8 0.5149684893
14.85 14.8 14.9 0.4805144829
14.95 14.9 15 0.4708453378
15.05 15 15.1 0.5280396387
15.15 15.1 15.2 0.4923769516
15.25 15.2 15.3 0.4843336684
15.35 15.3 15.4 0.4619211838
15.45 15.4 15.5 0.4545342685
15.55 15.5 15.6 0.4470848335
15.65 15.6 15.7 0.4241435056
15.75 15.7 15.8 0.4313490423
15.85 15.8 15.9 0.3897042048
15.95 15.9 16 0.4174930256
16.05 16 16.1 0.4337864903
16.15 16.1 16.2 0.435619451
16.25 16.2 16.3 0.4265287035
16.35 16.3 16.4 0.3888974599
16.45 16.4 16.5 0.4338759959
16.55 16.5 16.6 0.3983206325
16.65 16.6 16.7 0.4214982958
16.75 16.7 16.8 0.3952843124
16.85 16.8 16.9 0.38414982
16.95 16.9 17 0.3772096178
17.05 17 17.1 0.3657616271
17.15 17.1 17.2 0.3756907791
17.25 17.2 17.3 0.3703236283
17.35 17.3 17.4 0.3816504267
17.45 17.4 17.5 0.3860767466
17.55 17.5 17.6 0.3615693716
17.65 17.6 17.7 0.3277773389
17.75 17.7 17.8 0.3331666068
17.85 17.8 17.9 0.3476323278
17.95 17.9 18 0.3594109208
18.05 18 18.1 0.3115042181
18.15 18.1 18.2 0.3262424975
18.25 18.2 18.3 0.3167867055
18.35 18.3 18.4 0.3106674886
18.45 18.4 18.5 0.3385720996
18.55 18.5 18.6 0.297544808
18.65 18.6 18.7 0.3224008065
18.75 18.7 18.8 0.2931306103
18.85 18.8 18.9 0.2967299479
18.95 18.9 19 0.3042279664
19.05 19 19.1 0.3084368136
19.15 19.1 19.2 0.305405765
19.25 19.2 19.3 0.278751696
19.35 19.3 19.4 0.2982139237
19.45 19.4 19.5 0.2829128065
19.55 19.5 19.6 0.2854146529
19.65 19.6 19.7 0.289266629
19.75 19.7 19.8 0.2798535676
19.85 19.8 19.9 0.2745173782
19.95 19.9 20 0.2649208669
20.05 20 20.1 0.2569551608
20.15 20.1 20.2 0.2703931868
20.25 20.2 20.3 0.2706755259
20.35 20.3 20.4 0.2483122517
20.45 20.4 20.5 0.2661305354
20.55 20.5 20.6 0.2410145642
20.65 20.6 20.7 0.2612729041
20.75 20.7 20.8 0.2432777098
20.85 20.8 20.9 0.268933001
20.95 20.9 21 0.2326021266
21.05 21 21.1 0.2477729265
21.15 21.1 21.2 0.2341024624
21.25 21.2 21.3 0.2395647097
21.35 21.3 21.4 0.2402930176
21.45 21.4 21.5 0.2363181441
21.55 21.5 21.6 0.2337024583
21.65 21.6 21.7 0.2357762357
21.75 21.7 21.8 0.21928712
21.85 21.8 21.9 0.2301217501
21.95 21.9 22 0.2336805546
22.05 22 22.1 0.2118168503
22.15 22.1 22.2 0.2172166531
22.25 22.2 22.3 0.2115946732
22.35 22.3 22.4 0.2060413847
22.45 22.4 22.5 0.2002586276
22.55 22.5 22.6 0.2062044347
22.65 22.6 22.7 0.1860507609
22.75 22.7 22.8 0.2124915491
22.85 22.8 22.9 0.2155184301
22.95 22.9 23 0.2006321264
23.05 23 23.1 0.2018807588
23.15 23.1 23.2 0.1866138097
23.25 23.2 23.3 0.1926924115
23.35 23.3 23.4 0.2017633743
23.45 23.4 23.5 0.2079967007
23.55 23.5 23.6 0.188323421
23.65 23.6 23.7 0.2012497525
23.75 23.7 23.8 0.1804936095
23.85 23.8 23.9 0.174837231
23.95 23.9 24 0.1729490965
24.05 24 24.1 0.19283698
24.15 24.1 24.2 0.1674125747
24.25 24.2 24.3 0.1722592924
24.35 24.3 24.4 0.1698225112
24.45 24.4 24.5 0.1860595877
24.55 24.5 24.6 0.1649937988
24.65 24.6 24.7 0.1718032849
24.75 24.7 24.8 0.1712721566
24.85 24.8 24.9 0.1670172813
24.95 24.9 25 0.1596193736
25.05 25 25.1 0.1568625024
25.15 25.1 25.2 0.1675044296
25.25 25.2 25.3 0.1574567724
25.35 25.3 25.4 0.1607716947
25.45 25.4 25.5 0.167346474
25.55 25.5 25.6 0.1596494025
25.65 25.6 25.7 0.1543551651
25.75 25.7 25.8 0.1699033725
25.85 25.8 25.9 0.1395387323
25.95 25.9 26 0.1467054884
26.05 26 26.1 0.170761447
26.15 26.1 26.2 0.1521825281
26.25 26.2 26.3 0.1506671814
26.35 26.3 26.4 0.1551544142
26.45 26.4 26.5 0.1572865117
26.55 26.5 26.6 0.1499859111
26.65 26.6 26.7 0.1431171976
26.75 26.7 26.8 0.1483166543
26.85 26.8 26.9 0.1268589789
26.95 26.9 27 0.1534267977
27.05 27 27.1 0.1430775009
27.15 27.1 27.2 0.1379073636
27.25 27.2 27.3 0.1435769463
27.35 27.3 27.4 0.1348441981
27.45 27.4 27.5 0.1393321337
27.55 27.5 27.6 0.1252033051
27.65 27.6 27.7 0.131877277
27.75 27.7 27.8 0.1289605446
27.85 27.8 27.9 0.1260059378
27.95 27.9 28 0.1317493368
28.05 28 28.1 0.1283899627
28.15 28.1 28.2 0.128876374
28.25 28.2 28.3 0.1212046374
28.35 28.3 28.4 0.1149485647
28.45 28.4 28.5 0.1168921696
28.55 28.5 28.6 0.1237770065
28.65 28.6 28.7 0.1326182592
28.75 28.7 28.8 0.1195341741
28.85 28.8 28.9 0.1195307942
28.95 28.9 29 0.1202209396
29.05 29 29.1 0.1134950315
29.15 29.1 29.2 0.1193336776
29.25 29.2 29.3 0.1039259222
29.35 29.3 29.4 0.1157948239
29.45 29.4 29.5 0.1051187774
29.55 29.5 29.6 0.1166702669
29.65 29.6 29.7 0.1136674244
29.75 29.7 29.8 0.1088531914
29.85 29.8 29.9 0.09517530186
29.95 29.9 30 0.0984992742
30.05 30 30.1 0.1190635541
30.15 30.1 30.2 0.1157176205
30.25 30.2 30.3 0.1190656241
30.35 30.3 30.4 0.1129603722
30.45 30.4 30.5 0.1085637154
30.55 30.5 30.6 0.1053849434
30.65 30.6 30.7 0.1047761774
30.75 30.7 30.8 0.1101833445
30.85 30.8 30.9 0.1138826014
30.95 30.9 31 0.09538909922
31.05 31 31.1 0.093520998
31.15 31.1 31.2 0.09130983548
31.25 31.2 31.3 0.09725583108
31.35 31.3 31.4 0.09781865289
31.45 31.4 31.5 0.1074240103
31.55 31.5 31.6 0.09285511567
31.65 31.6 31.7 0.09761702611
31.75 31.7 31.8 0.08330680803
31.85 31.8 31.9 0.07924637353
31.95 31.9 32 0.08357883079
32.05 32 32.1 0.09305962581
32.15 32.1 32.2 0.08218987978
32.25 32.2 32.3 0.09660168809
32.35 32.3 32.4 0.09785153154
32.45 32.4 32.5 0.08955927238
32.55 32.5 32.6 0.08362315763
32.65 32.6 32.7 0.09088250632
32.75 32.7 32.8 0.09013916769
32.85 32.8 32.9 0.08420812734
32.95 32.9 33 0.08973844405
33.05 33 33.1 0.07661669767
33.15 33.1 33.2 0.09126802107
33.25 33.2 33.3 0.08504918921
33.35 33.3 33.4 0.0725871088
33.45 33.4 33.5 0.08325005015
33.55 33.5 33.6 0.07786704074
33.65 33.6 33.7 0.07088016622
33.75 33.7 33.8 0.09603497628
33.85 33.8 33.9 0.08371302108
33.95 33.9 34 0.0693735563
34.05 34 34.1 0.08186840834
34.15 34.1 34.2 0.07415905203
34.25 34.2 34.3 0.07307159468
34.35 34.3 34.4 0.07109038171
34.45 34.4 34.5 0.08108398033
34.55 34.5 34.6 0.08130176451
34.65 34.6 34.7 0.06982077565
34.75 34.7 34.8 0.07391210878
34.85 34.8 34.9 0.08131960756
34.95 34.9 35 0.08028149667
35.05 35 35.1 0.08591270752
35.15 35.1 35.2 0.07241710887
35.25 35.2 35.3 0.07553569779
35.35 35.3 35.4 0.07612669932
35.45 35.4 35.5 0.07646639628
35.55 35.5 35.6 0.07822652014
35.65 35.6 35.7 0.07531964343
35.75 35.7 35.8 0.06622147648
35.85 35.8 35.9 0.06626200484
35.95 35.9 36 0.06867580514
36.05 36 36.1 0.07193041997
36.15 36.1 36.2 0.06019813604
36.25 36.2 36.3 0.06127182037
36.35 36.3 36.4 0.06382163677
36.45 36.4 36.5 0.06447712618
36.55 36.5 36.6 0.06246985022
36.65 36.6 36.7 0.07432525823
36.75 36.7 36.8 0.07718141419
36.85 36.8 36.9 0.07583520907
36.95 36.9 37 0.06947168
37.05 37 37.1 0.06761321421
37.15 37.1 37.2 0.07312576198
37.25 37.2 37.3 0.06496648433
37.35 37.3 37.4 0.06723210913
37.45 37.4 37.5 0.07081016361
37.55 37.5 37.6 0.06167442849
37.65 37.6 37.7 0.06512732386
37.75 37.7 37.8 0.05973926891
37.85 37.8 37.9 0.06686410951
37.95 37.9 38 0.0650827802
38.05 38 38.1 0.05434142954
38.15 38.1 38.2 0.0615792011
38.25 38.2 38.3 0.0551160674
38.35 38.3 38.4 0.04613883248
38.45 38.4 38.5 0.0443381642
38.55 38.5 38.6 0.05070729327
38.65 38.6 38.7 0.05705497594
38.75 38.7 38.8 0.05223149316
38.85 38.8 38.9 0.05408510274
38.95 38.9 39 0.05707484809
39.05 39 39.1 0.0617959485
39.15 39.1 39.2 0.05557429101
39.25 39.2 39.3 0.05310073278
39.35 39.3 39.4 0.0518302014
39.45 39.4 39.5 0.05251751385
39.55 39.5 39.6 0.05423557518
39.65 39.6 39.7 0.04300945875
39.75 39.7 39.8 0.05458329256
39.85 39.8 39.9 0.0507772335
39.95 39.9 40 0.04548639039
40.05 40 40.1 0.06114415845
40.15 40.1 40.2 0.04781591606
40.25 40.2 40.3 0.05756676527
40.35 40.3 40.4 0.0538542951
40.45 40.4 40.5 0.05915507895
40.55 40.5 40.6 0.04541000598
40.65 40.6 40.7 0.04232657864
40.75 40.7 40.8 0.04940962448
40.85 40.8 40.9 0.03634583011
40.95 40.9 41 0.04643498831
41.05 41 41.1 0.04337641984
41.15 41.1 41.2 0.05155838143
41.25 41.2 41.3 0.04812684391
41.35 41.3 41.4 0.04853989065
41.45 41.4 41.5 0.0467678969
41.55 41.5 41.6 0.04692026073
41.65 41.6 41.7 0.04581988461
41.75 41.7 41.8 0.03616117883
41.85 41.8 41.9 0.04208086889
41.95 41.9 42 0.04826023529
42.05 42 42.1 0.03417143287
42.15 42.1 42.2 0.03838237346
42.25 42.2 42.3 0.0407148618
42.35 42.3 42.4 0.03898331122
42.45 42.4 42.5 0.04552966061
42.55 42.5 42.6 0.03275537679
42.65 42.6 42.7 0.03968806535
42.75 42.7 42.8 0.03030865286
42.85 42.8 42.9 0.03744860183
42.95 42.9 43 0.0416192427
43.05 43 43.1 0.03996766987
43.15 43.1 43.2 0.04269634698
43.25 43.2 43.3 0.04585911412
43.35 43.3 43.4 0.04472174288
43.45 43.4 43.5 0.02765303098
43.55 43.5 43.6 0.0407522905
43.65 43.6 43.7 0.03203730606
43.75 43.7 43.8 0.02567179474
43.85 43.8 43.9 0.0440691658
43.95 43.9 44 0.03297425751
44.05 44 44.1 0.03947428628
44.15 44.1 44.2 0.03328189737
44.25 44.2 44.3 0.03051972158
44.35 44.3 44.4 0.03195425046
44.45 44.4 44.5 0.03077277199
44.55 44.5 44.6 0.03483300661
44.65 44.6 44.7 0.03316637381
44.75 44.7 44.8 0.03466747528
44.85 44.8 44.9 0.0337741351
44.95 44.9 45 0.03942261976
45.05 45 45.1 0.04099144737
45.15 45.1 45.2 0.02514142818
45.25 45.2 45.3 0.03554137049
45.35 45.3 45.4 0.03536693502
45.45 45.4 45.5 0.02705157897
45.55 45.5 45.6 0.03265391177
45.65 45.6 45.7 0.0368292405
45.75 45.7 45.8 0.02993982783
45.85 45.8 45.9 0.02516502902
45.95 45.9 46 0.02964714225
46.05 46 46.1 0.03441679944
46.15 46.1 46.2 0.03389979702
46.25 46.2 46.3 0.0360071322
46.35 46.3 46.4 0.02876325974
46.45 46.4 46.5 0.02636609981
46.55 46.5 46.6 0.02727393604
46.65 46.6 46.7 0.02865501894
46.75 46.7 46.8 0.03183361696
46.85 46.8 46.9 0.03070794152
46.95 46.9 47 0.03606292299
47.05 47 47.1 0.02669509288
47.15 47.1 47.2 0.02262361893
47.25 47.2 47.3 0.02894115618
47.35 47.3 47.4 0.02463528946
47.45 47.4 47.5 0.02867595554
47.55 47.5 47.6 0.02219037725
47.65 47.6 47.7 0.02795527973
47.75 47.7 47.8 0.02733854707
47.85 47.8 47.9 0.03365486249
47.95 47.9 48 0.02689610546
48.05 48 48.1 0.02539716404
48.15 48.1 48.2 0.02705319568
48.25 48.2 48.3 0.02982045708
48.35 48.3 48.4 0.02556609897
48.45 48.4 48.5 0.01887233653
48.55 48.5 48.6 0.02103337864
48.65 48.6 48.7 0.02549729361
48.75 48.7 48.8 0.02364516492
48.85 48.8 48.9 0.03017867436
48.95 48.9 49 0.02475682631
49.05 49 49.1 0.028408047
49.15 49.1 49.2 0.02767213037
49.25 49.2 49.3 0.02343932696
49.35 49.3 49.4 0.0236688916
49.45 49.4 49.5 0.02248370116
49.55 49.5 49.6 0.03280483006
49.65 49.6 49.7 0.01926505778
49.75 49.7 49.8 0.02329190553
49.85 49.8 49.9 0.01833489974
49.95 49.9 50 0.0240594546
50.05 50 50.1 0.01890847381
50.15 50.1 50.2 0.01924630793
50.25 50.2 50.3 0.02124981384
50.35 50.3 50.4 0.01733175585
50.45 50.4 50.5 0.02456651234
50.55 50.5 50.6 0.02770652568
50.65 50.6 50.7 0.01911046916
50.75 50.7 50.8 0.02332879108
50.85 50.8 50.9 0.0259995598
50.95 50.9 51 0.0241562092
51.05 51 51.1 0.0247098881
51.15 51.1 51.2 0.03785725452
51.25 51.2 51.3 0.02008193675
51.35 51.3 51.4 0.02298693475
51.45 51.4 51.5 0.02490116914
51.55 51.5 51.6 0.02558941692
51.65 51.6 51.7 0.02336778109
51.75 51.7 51.8 0.01897768148
51.85 51.8 51.9 0.02749766568
51.95 51.9 52 0.02083096038
52.05 52 52.1 0.02311571798
52.15 52.1 52.2 0.02200179723
52.25 52.2 52.3 0.0204519944
52.35 52.3 52.4 0.02411117258
52.45 52.4 52.5 0.01449387057
52.55 52.5 52.6 0.02227049254
52.65 52.6 52.7 0.02780891677
52.75 52.7 52.8 0.01535862869
52.85 52.8 52.9 0.01796060858
52.95 52.9 53 0.01435086863
53.05 53 53.1 0.01876788166
53.15 53.1 53.2 0.0248454149
53.25 53.2 53.3 0.01426541032
53.35 53.3 53.4 0.01821496348
53.45 53.4 53.5 0.01295937778
53.55 53.5 53.6 0.0210115442
53.65 53.6 53.7 0.01369045778
53.75 53.7 53.8 0.01767488732
53.85 53.8 53.9 0.01123486177
53.95 53.9 54 0.02020920831
54.05 54 54.1 0.02235869736
54.15 54.1 54.2 0.01269455168
54.25 54.2 54.3 0.01657836468
54.35 54.3 54.4 0.01584883543
54.45 54.4 54.5 0.02193034584
54.55 54.5 54.6 0.02063151405
54.65 54.6 54.7 0.014204553
54.75 54.7 54.8 0.01700964887
54.85 54.8 54.9 0.006658634319
54.95 54.9 55 0.0115120838
55.05 55 55.1 0.01372386475
55.15 55.1 55.2 0.01865072854
55.25 55.2 55.3 0.02706608501
55.35 55.3 55.4 0.01042588745
55.45 55.4 55.5 0.01434974706
55.55 55.5 55.6 0.01065664144
55.65 55.6 55.7 0.02292107548
55.75 55.7 55.8 0.01162452493
55.85 55.8 55.9 0.01739871993
55.95 55.9 56 0.01320449643
56.05 56 56.1 0.02022338437
56.15 56.1 56.2 0.01234011382
56.25 56.2 56.3 0.01511781151
56.35 56.3 56.4 0.01664594633
56.45 56.4 56.5 0.01582731428
56.55 56.5 56.6 0.01649457026
56.65 56.6 56.7 0.01993855437
56.75 56.7 56.8 0.0075427913
56.85 56.8 56.9 0.007729394978
56.95 56.9 57 0.01054378456
57.05 57 57.1 0.01929475105
57.15 57.1 57.2 0.01332264997
57.25 57.2 57.3 0.01106179174
57.35 57.3 57.4 0.01571138525
57.45 57.4 57.5 0.00786135037
57.55 57.5 57.6 0.01379591561
57.65 57.6 57.7 0.01036268016
57.75 57.7 57.8 0.01659552482
57.85 57.8 57.9 0.0185491387
57.95 57.9 58 0.007316816388
58.05 58 58.1 0.00507644015
58.15 58.1 58.2 0.01367468721
58.25 58.2 58.3 0.006367244146
58.35 58.3 58.4 0.01052477147
58.45 58.4 58.5 0.01018732297
58.55 58.5 58.6 0.01289848308
58.65 58.6 58.7 0.01071072325
58.75 58.7 58.8 0.007349809767
58.85 58.8 58.9 0.01022002225
58.95 58.9 59 0.008371986445
59.05 59 59.1 0.005101992354
59.15 59.1 59.2 0.01408699847
59.25 59.2 59.3 0.0113170779
59.35 59.3 59.4 0.01215284414
59.45 59.4 59.5 0.006548204081
59.55 59.5 59.6 0.007400759842
59.65 59.6 59.7 0.001352546386
59.75 59.7 59.8 0.008164816157
59.85 59.8 59.9 0.00672401256
59.95 59.9 60 0.01467436389
60.05 60 60.1 0.006949341879
60.15 60.1 60.2 0.01107142021
60.25 60.2 60.3 0.01086463996
60.35 60.3 60.4 0.00983926399
60.45 60.4 60.5 0.01336188584
60.55 60.5 60.6 0.01206092643
60.65 60.6 60.7 0.007003946648
60.75 60.7 60.8 0.008220125463
60.85 60.8 60.9 0.01851495952
60.95 60.9 61 0.005125428814
61.05 61 61.1 0.006123438673
61.15 61.1 61.2 0.00243594628
61.25 61.2 61.3 0.007799609623
61.35 61.3 61.4 0.005445692117
61.45 61.4 61.5 0.006552896786
61.55 61.5 61.6 0.005209428305
61.65 61.6 61.7 -0.000447489119
61.75 61.7 61.8 0.007512189634
61.85 61.8 61.9 0.00563639384
61.95 61.9 62 0.005123586574
62.05 62 62.1 0.006407038632
62.15 62.1 62.2 0.00656912648
62.25 62.2 62.3 0.006779769633
62.35 62.3 62.4 0.01383360839
62.45 62.4 62.5 0.00501752969
62.55 62.5 62.6 0.01089935243
62.65 62.6 62.7 -0.000808829777
62.75 62.7 62.8 3.717436852e-05
62.85 62.8 62.9 0.0005095279578
62.95 62.9 63 0.008379867638
63.05 63 63.1 0.008248695982
63.15 63.1 63.2 0.01363324713
63.25 63.2 63.3 0.003823730037
63.35 63.3 63.4 0.001095435345
63.45 63.4 63.5 0.01015561701
63.55 63.5 63.6 0.001325445687
63.65 63.6 63.7 0.005513880751
63.75 63.7 63.8 0.008292920247
63.85 63.8 63.9 0.008872128777
63.95 63.9 64 0.002911438598
64.05 64 64.1 0.005513547863
64.15 64.1 64.2 0.008168917347
64.25 64.2 64.3 -0.000241929167
64.35 64.3 64.4 0.001573120597
64.45 64.4 64.5 0.003385637965
64.55 64.5 64.6 0.007523936052
64.65 64.6 64.7 0.004179963854
64.75 64.7 64.8 0.005468896785
64.85 64.8 64.9 0.008456687766
64.95 64.9 65 0.003847969067
65.05 65 65.1 0.007950078748
65.15 65.1 65.2 0.01071036889
65.25 65.2 65.3 0.002584772851
65.35 65.3 65.4 0.006841782959
65.45 65.4 65.5 0.007522211023
65.55 65.5 65.6 0.003929403163
65.65 65.6 65.7 0.001761187919
65.75 65.7 65.8 0.003964691031
65.85 65.8 65.9 0.009928208353
65.95 65.9 66 0.001626977846
66.05 66 66.1 -1.855677604e-05
66.15 66.1 66.2 0.008037128783
66.25 66.2 66.3 0.0007134091283
66.35 66.3 66.4 0.001980993339
66.45 66.4 66.5 0.002764909784
66.55 66.5 66.6 0.001436254123
66.65 66.6 66.7 0.0013538202
66.75 66.7 66.8 0.0003501138814
66.85 66.8 66.9 0.003611307275
66.95 66.9 67 0.005240593131
67.05 67 67.1 0.001040404589
67.15 67.1 67.2 0.0009338780183
67.25 67.2 67.3 0.00166722408
67.35 67.3 67.4 0.001986913128
67.45 67.4 67.5 0.001999930604
67.55 67.5 67.6 -0.001975545528
67.65 67.6 67.7 0.008051981969
67.75 67.7 67.8 0.004652274826
67.85 67.8 67.9 0.0002569730374
67.95 67.9 68 0.002859987594
68.05 68 68.1 0.004063226769
68.15 68.1 68.2 -0.0003427150994
68.25 68.2 68.3 -0.0008252195647
68.35 68.3 68.4 0.002087260063
68.45 68.4 68.5 -0.002099837307
68.55 68.5 68.6 0.0002663769999
68.65 68.6 68.7 -0.002812041348
68.75 68.7 68.8 -2.108419429e-06
68.85 68.8 68.9 0.0003263106888
68.95 68.9 69 0.0003530014241
69.05 69 69.1 0.005125324867
69.15 69.1 69.2 -0.002715769015
69.25 69.2 69.3 -0.001540094899
69.35 69.3 69.4 0.005761256593
69.45 69.4 69.5 0.001562938826
69.55 69.5 69.6 0.006511664324
69.65 69.6 69.7 0.001790584496
69.75 69.7 69.8 -0.0004502373432
69.85 69.8 69.9 0.001105486699
69.95 69.9 70 0.004592263751
70.05 70 70.1 0.01104022076
70.15 70.1 70.2 -0.0007675484776
70.25 70.2 70.3 0.00407261353
70.35 70.3 70.4 0.002989413601
70.45 70.4 70.5 0.002163413157
70.55 70.5 70.6 0.003734918727
70.65 70.6 70.7 0.001770504239
70.75 70.7 70.8 -0.003585999557
70.85 70.8 70.9 -0.0001356389342
70.95 70.9 71 0.003227784951
71.05 71 71.1 -0.001026119999
71.15 71.1 71.2 -0.005286021793
71.25 71.2 71.3 -0.003319863591
71.35 71.3 71.4 -0.002489832673
71.45 71.4 71.5 0.0003680684396
71.55 71.5 71.6 -0.005425965883
71.65 71.6 71.7 0.001172121898
71.75 71.7 71.8 -0.003769408
71.85 71.8 71.9 -0.002850447564
71.95 71.9 72 -0.002763674872
72.05 72 72.1 0.004537947436
72.15 72.1 72.2 0.001794641631
72.25 72.2 72.3 -0.002251169228
72.35 72.3 72.4 -0.003252921198
72.45 72.4 72.5 -0.00110596462
72.55 72.5 72.6 -0.002375107999
72.65 72.6 72.7 -0.005433576277
72.75 72.7 72.8 -0.0003604002424
72.85 72.8 72.9 -0.0008715717039
72.95 72.9 73 -0.003155391098
73.05 73 73.1 0.00171435951
73.15 73.1 73.2 0.000796635368
73.25 73.2 73.3 -7.882726393e-06
73.35 73.3 73.4 -0.001198054432
73.45 73.4 73.5 0.001561504687
73.55 73.5 73.6 0.0001438984001
73.65 73.6 73.7 -0.00084883063
73.75 73.7 73.8 0.003196696669
73.85 73.8 73.9 -0.003355640591
73.95 73.9 74 -0.001022942433
74.05 74 74.1 0.000764805124
74.15 74.1 74.2 -0.0001492252475
74.25 74.2 74.3 -0.008564758633
74.35 74.3 74.4 0.004631106086
74.45 74.4 74.5 -8.860277991e-05
74.55 74.5 74.6 -0.00102226254
74.65 74.6 74.7 -0.005030281384
74.75 74.7 74.8 -0.0043857824
74.85 74.8 74.9 -0.002732871589
74.95 74.9 75 -0.00172873498
75.05 75 75.1 -0.0006134750213
75.15 75.1 75.2 0.0002589333592
75.25 75.2 75.3 -0.005845990225
75.35 75.3 75.4 -0.003060650076
75.45 75.4 75.5 -0.00100788765
75.55 75.5 75.6 -0.004670048773
75.65 75.6 75.7 -0.002421966312
75.75 75.7 75.8 0.001859533702
75.85 75.8 75.9 0.001743413335
75.95 75.9 76 -0.001289813644
76.05 76 76.1 0.0008624342198
76.15 76.1 76.2 0.001045118113
76.25 76.2 76.3 0.0008847469064
76.35 76.3 76.4 0.001649166866
76.45 76.4 76.5 -0.004658874535
76.55 76.5 76.6 -0.0009520967807
76.65 76.6 76.7 -8.888400831e-05
76.75 76.7 76.8 0.0001494686167
76.85 76.8 76.9 -0.001613623002
76.95 76.9 77 -0.0006946855895
77.05 77 77.1 -0.0006928838944
77.15 77.1 77.2 -0.005767793161
77.25 77.2 77.3 0.006151693666
77.35 77.3 77.4 -8.952299009e-05
77.45 77.4 77.5 -0.00163861589
77.55 77.5 77.6 -0.001234246177
77.65 77.6 77.7 -0.003836094696
77.75 77.7 77.8 -0.0002286432991
77.85 77.8 77.9 -0.002864129192
77.95 77.9 78 -0.0008277827384
78.05 78 78.1 7.344561806e-05
78.15 78.1 78.2 -0.0004507930041
78.25 78.2 78.3 0.0003756026379
78.35 78.3 78.4 -0.002412004358
78.45 78.4 78.5 -0.005476096998
78.55 78.5 78.6 0.0001499838363
78.65 78.6 78.7 -0.0004078164063
78.75 78.7 78.8 0.0009005827978
78.85 78.8 78.9 0.002853811858
78.95 78.9 79 -0.003865106896
79.05 79 79.1 -0.003180929296
79.15 79.1 79.2 -0.003109275269
79.25 79.2 79.3 -0.000332292147
79.35 79.3 79.4 0.0006525467487
79.45 79.4 79.5 -0.002121948549
79.55 79.5 79.6 -0.002603117299
79.65 79.6 79.7 0.001762778239
79.75 79.7 79.8 -0.001426369761
79.85 79.8 79.9 -0.00353975128
79.95 79.9 80 -0.004851595045
80.05 80 80.1 0.0005465489077
80.15 80.1 80.2 -0.0001712138784
80.25 80.2 80.3 -0.008241707621
80.35 80.3 80.4 0.001058867465
80.45 80.4 80.5 0.001680754572
80.55 80.5 80.6 -0.002315106004
80.65 80.6 80.7 -0.002139216134
80.75 80.7 80.8 0.002513111505
80.85 80.8 80.9 -0.002168962969
80.95 80.9 81 -0.002779652255
81.05 81 81.1 -0.003799120627
81.15 81.1 81.2 0.001051522966
81.25 81.2 81.3 -0.00720211406
81.35 81.3 81.4 0.002397294453
81.45 81.4 81.5 -0.001854839113
81.55 81.5 81.6 -0.001337300697
81.65 81.6 81.7 0.0001337606881
81.75 81.7 81.8 -0.003057651928
81.85 81.8 81.9 7.682249411e-05
81.95 81.9 82 0.001572096605
82.05 82 82.1 -0.002203662037
82.15 82.1 82.2 -0.001189989832
82.25 82.2 82.3 0.002126982381
82.35 82.3 82.4 0.001689238685
82.45 82.4 82.5 -0.0007622359514
82.55 82.5 82.6 0.00140434747
82.65 82.6 82.7 -0.0001177873929
82.75 82.7 82.8 -0.002120471711
82.85 82.8 82.9 0.00101995043
82.95 82.9 83 0.0005715622661
83.05 83 83.1 -0.004811901845
83.15 83.1 83.2 -0.001568631882
83.25 83.2 83.3 -0.001004746404
83.35 83.3 83.4 -0.0005037193158
83.45 83.4 83.5 0.0009389126816
83.55 83.5 83.6 -0.003666750744
83.65 83.6 83.7 0.001637201739
83.75 83.7 83.8 0.002408609223
83.85 83.8 83.9 -0.001668152847
83.95 83.9 84 -0.001595949588
84.05 84 84.1 -0.0007274060477
84.15 84.1 84.2 0.001174943306
84.25 84.2 84.3 0.0003861780587
84.35 84.3 84.4 -0.001971831267
84.45 84.4 84.5 -0.005082317746
84.55 84.5 84.6 0.004115842339
84.65 84.6 84.7 -0.0008889964263
84.75 84.7 84.8 -0.00738765009
84.85 84.8 84.9 0.005663377309
84.95 84.9 85 -0.0007984667226
85.05 85 85.1 -0.001406197849
85.15 85.1 85.2 0.001306979018
85.25 85.2 85.3 0.001977944039
85.35 85.3 85.4 0.00149683405
85.45 85.4 85.5 0.001009475948
85.55 85.5 85.6 0.002949862802
85.65 85.6 85.7 0.003291387721
85.75 85.7 85.8 0.0006581688769
85.85 85.8 85.9 -0.0008441073789
85.95 85.9 86 0.0001319579689
86.05 86 86.1 -0.003052675576
86.15 86.1 86.2 -4.253996046e-05
86.25 86.2 86.3 0.0002960816763
86.35 86.3 86.4 -0.002749383433
86.45 86.4 86.5 0.002522115202
86.55 86.5 86.6 -0.002389947127
86.65 86.6 86.7 0.001496220426
86.75 86.7 86.8 -0.005521885919
86.85 86.8 86.9 0.002279927092
86.95 86.9 87 0.002600846767
87.05 87 87.1 0.003430813406
87.15 87.1 87.2 -0.001305138202
87.25 87.2 87.3 0.001359292911
87.35 87.3 87.4 -0.004982202998
87.45 87.4 87.5 0.0005026681244
87.55 87.5 87.6 -0.002501427395
87.65 87.6 87.7 -0.000407403134
87.75 87.7 87.8 0.001896677497
87.85 87.8 87.9 0.001470044058
87.95 87.9 88 0.001286068892
88.05 88 88.1 -0.001955154185
88.15 88.1 88.2 -0.0008270807024
88.25 88.2 88.3 -0.0007509868642
88.35 88.3 88.4 0.0002254588884
88.45 88.4 88.5 -0.0006716271333
88.55 88.5 88.6 0.004498936357
88.65 88.6 88.7 -0.0003669436612
88.75 88.7 88.8 -0.002570880027
88.85 88.8 88.9 0.005608211552
88.95 88.9 89 0.003453240728
89.05 89 89.1 0.002147491478
89.15 89.1 89.2 0.006110868546
89.25 89.2 89.3 0.00268354201
89.35 89.3 89.4 -0.0007492830011
89.45 89.4 89.5 0.0002542367824
89.55 89.5 89.6 0.001711284886
89.65 89.6 89.7 0.0062316429
89.75 89.7 89.8 0.000551270137
89.85 89.8 89.9 0.005389454378
89.95 89.9 90 0.001118550851
90.05 90 90.1 -0.0008079967958
90.15 90.1 90.2 0.0002472762143
90.25 90.2 90.3 0.001297950327
90.35 90.3 90.4 0.005564125725
90.45 90.4 90.5 0.0003510844691
90.55 90.5 90.6 7.452928599e-05
90.65 90.6 90.7 0.00355740881
90.75 90.7 90.8 0.002477470607
90.85 90.8 90.9 0.001083619385
90.95 90.9 91 -0.0007965718728
91.05 91 91.1 -0.001393702629
91.15 91.1 91.2 0.001491177276
91.25 91.2 91.3 0.003961838113
91.35 91.3 91.4 -0.003617057167
91.45 91.4 91.5 0.004437998294
91.55 91.5 91.6 0.0009275812039
91.65 91.6 91.7 0.002407144706
91.75 91.7 91.8 0.001677154749
91.85 91.8 91.9 -0.00424886785
91.95 91.9 92 -0.002335021034
92.05 92 92.1 0.003178600859
92.15 92.1 92.2 0.003877404749
92.25 92.2 92.3 0.0003956937061
92.35 92.3 92.4 0.0008958742444
92.45 92.4 92.5 0.001357522015
92.55 92.5 92.6 -0.00132047016
92.65 92.6 92.7 0.005243912346
92.75 92.7 92.8 0.000288027773
92.85 92.8 92.9 0.008524894274
92.95 92.9 93 -0.002988491282
93.05 93 93.1 0.003194943104
93.15 93.1 93.2 -0.001237106704
93.25 93.2 93.3 0.002881686669
93.35 93.3 93.4 0.001646985192
93.45 93.4 93.5 0.001189055144
93.55 93.5 93.6 0.004561102502
93.65 93.6 93.7 0.00389877224
93.75 93.7 93.8 -0.001386131847
93.85 93.8 93.9 0.002087417003
93.95 93.9 94 -0.000994857522
94.05 94 94.1 0.002202938206
94.15 94.1 94.2 0.003563334159
94.25 94.2 94.3 0.001498342603
94.35 94.3 94.4 0.005543085664
94.45 94.4 94.5 0.0004730404262
94.55 94.5 94.6 0.004681810275
94.65 94.6 94.7 0.003616140093
94.75 94.7 94.8 -0.002155437236
94.85 94.8 94.9 -0.001027992551
94.95 94.9 95 8.669725084e-05
95.05 95 95.1 0.001113198514
95.15 95.1 95.2 0.0001874459322
95.25 95.2 95.3 -0.003102396211
95.35 95.3 95.4 0.0009248245932
95.45 95.4 95.5 0.001648059963
95.55 95.5 95.6 0.002103431135
95.65 95.6 95.7 0.002603190831
95.75 95.7 95.8 0.001913925718
95.85 95.8 95.9 0.002963139544
95.95 95.9 96 0.004302413747
96.05 96 96.1 -0.001269753898
96.15 96.1 96.2 0.004060515897
96.25 96.2 96.3 0.003634093661
96.35 96.3 96.4 0.006519695899
96.45 96.4 96.5 0.0007364305702
96.55 96.5 96.6 -0.002007093584
96.65 96.6 96.7 0.005179326236
96.75 96.7 96.8 0.002653450131
96.85 96.8 96.9 0.003659272714
96.95 96.9 97 -0.0001754503632
97.05 97 97.1 0.0006045591727
97.15 97.1 97.2 0.004338955872
97.25 97.2 97.3 0.002972233672
97.35 97.3 97.4 0.005600908872
97.45 97.4 97.5 0.004706620845
97.55 97.5 97.6 -0.002295037593
97.65 97.6 97.7 0.001591725193
97.75 97.7 97.8 -0.0003665169937
97.85 97.8 97.9 0.004535017715
97.95 97.9 98 0.002610489497
98.05 98 98.1 0.0040395783
98.15 98.1 98.2 0.004266180512
98.25 98.2 98.3 0.003736308447
98.35 98.3 98.4 0.003299983977
98.45 98.4 98.5 0.004796013318
98.55 98.5 98.6 0.004245914195
98.65 98.6 98.7 0.003179800567
98.75 98.7 98.8 0.001661699221
98.85 98.8 98.9 0.0057396634
98.95 98.9 99 0.007448389907
99.05 99 99.1 0.0008690688143
99.15 99.1 99.2 0.001025128012
99.25 99.2 99.3 0.003368344717
99.35 99.3 99.4 0.004121766531
99.45 99.4 99.5 -0.0005510712537
99.55 99.5 99.6 0.006818347951
99.65 99.6 99.7 0.005423442574
99.75 99.7 99.8 0.000148367305
99.85 99.8 99.9 0.005949530586
99.95 99.9 100 0.00296943056
100.05 100 100.1 0.001151024605
100.15 100.1 100.2 0.002276817481
100.25 100.2 100.3 0.00511115032
100.35 100.3 100.4 0.0007204436232
100.45 100.4 100.5 0.004713076715
100.55 100.5 100.6 0.001093145957
100.65 100.6 100.7 0.0001649797069
100.75 100.7 100.8 0.003938113768
100.85 100.8 100.9 0.005036504748
100.95 100.9 101 0.003446088463
101.05 101 101.1 0.005927557153
101.15 101.1 101.2 0.00402867425
101.25 101.2 101.3 0.002708058511
101.35 101.3 101.4 0.005898971399
101.45 101.4 101.5 0.005695271235
101.55 101.5 101.6 0.004050950912
101.65 101.6 101.7 0.003002713504
101.75 101.7 101.8 0.002884829761
101.85 101.8 101.9 0.002138221774
101.95 101.9 102 0.002976512166
102.05 102 102.1 -0.001601254126
102.15 102.1 102.2 0.0001874859755
102.25 102.2 102.3 0.00180307134
102.35 102.3 102.4 0.00243478799
102.45 102.4 102.5 0.001769581547
102.55 102.5 102.6 0.002122834997
102.65 102.6 102.7 0.003821556212
102.75 102.7 102.8 0.000889276523
102.85 102.8 102.9 0.001753449229
102.95 102.9 103 0.003416281802
103.05 103 103.1 0.00435372538
103.15 103.1 103.2 -0.0001062773929
103.25 103.2 103.3 0.005310490545
103.35 103.3 103.4 -9.742324068e-05
103.45 103.4 103.5 0.002343003786
103.55 103.5 103.6 -0.0006878688607
103.65 103.6 103.7 0.002374926251
103.75 103.7 103.8 0.001325771268
103.85 103.8 103.9 0.0008306222627
103.95 103.9 104 0.00261278655
104.05 104 104.1 0.005644101462
104.15 104.1 104.2 0.007375896779
104.25 104.2 104.3 0.003161003199
104.35 104.3 104.4 0.00647925444
104.45 104.4 104.5 0.003232767851
104.55 104.5 104.6 0.007100727545
104.65 104.6 104.7 0.007058631254
104.75 104.7 104.8 0.001003650752
104.85 104.8 104.9 0.006421438328
104.95 104.9 105 0.008590062047
105.05 105 105.1 0.006289180428
105.15 105.1 105.2 0.002253533851
105.25 105.2 105.3 0.003444916631
105.35 105.3 105.4 0.00173409062
105.45 105.4 105.5 0.003043135354
105.55 105.5 105.6 0.001237336532
105.65 105.6 105.7 -0.0004018127572
105.75 105.7 105.8 0.006169909814
105.85 105.8 105.9 0.002336083504
105.95 105.9 106 0.003696503523
106.05 106 106.1 0.002405162378
106.15 106.1 106.2 0.001536397271
106.25 106.2 106.3 0.004527924519
106.35 106.3 106.4 0.006353598586
106.45 106.4 106.5 0.006632871584
106.55 106.5 106.6 0.005720359139
106.65 106.6 106.7 0.008132250464
106.75 106.7 106.8 0.004981027794
106.85 106.8 106.9 0.003035627799
106.95 106.9 107 0.004522216913
107.05 107 107.1 0.005061381564
107.15 107.1 107.2 0.004253730132
107.25 107.2 107.3 0.003849770689
107.35 107.3 107.4 0.002158615155
107.45 107.4 107.5 0.002084970695
107.55 107.5 107.6 0.005661412315
107.65 107.6 107.7 0.003162730393
107.75 107.7 107.8 0.001571528638
107.85 107.8 107.9 0.004384227932
107.95 107.9 108 0.003772480807
108.05 108 108.1 0.001639120359
108.15 108.1 108.2 8.420038101e-05
108.25 108.2 108.3 0.002314327792
108.35 108.3 108.4 0.007676905377
108.45 108.4 108.5 0.001721383617
108.55 108.5 108.6 0.007349586579
108.65 108.6 108.7 0.002448142359
108.75 108.7 108.8 0.005080940759
108.85 108.8 108.9 -0.0002604690959
108.95 108.9 109 0.008794002408
109.05 109 109.1 0.002392453743
109.15 109.1 109.2 0.004240260037
109.25 109.2 109.3 0.005602140899
109.35 109.3 109.4 0.001747566695
109.45 109.4 109.5 0.004342519409
109.55 109.5 109.6 0.007471878031
109.65 109.6 109.7 0.003711595598
109.75 109.7 109.8 2.052505841e-05
109.85 109.8 109.9 0.006108155223
109.95 109.9 110 -0.002674436538
110.05 110 110.1 0.004671635194
110.15 110.1 110.2 0.0003650264795
110.25 110.2 110.3 0.004417129803
110.35 110.3 110.4 0.001851643195
110.45 110.4 110.5 0.002808753492
110.55 110.5 110.6 0.004205762689
110.65 110.6 110.7 0.002886788128
110.75 110.7 110.8 0.001899550503
110.85 110.8 110.9 0.004615784466
110.95 110.9 111 0.005675754753
111.05 111 111.1 0.002860354755
111.15 111.1 111.2 -0.001395947114
111.25 111.2 111.3 -0.0006675632955
111.35 111.3 111.4 0.004640714771
111.45 111.4 111.5 0.002703887744
111.55 111.5 111.6 0.005618928327
111.65 111.6 111.7 0.002921363891
111.75 111.7 111.8 0.004624030061
111.85 111.8 111.9 0.005129962559
111.95 111.9 112 0.006519589592
112.05 112 112.1 0.004303548602
112.15 112.1 112.2 0.006267982831
112.25 112.2 112.3 0.002635200607
112.35 112.3 112.4 0.002567812805
112.45 112.4 112.5 0.002906891225
112.55 112.5 112.6 0.004572774045
112.65 112.6 112.7 0.002773010464
112.75 112.7 112.8 0.006828789541
112.85 112.8 112.9 0.005901342877
112.95 112.9 113 0.001660092042
113.05 113 113.1 0.003557178147
113.15 113.1 113.2 0.002105533687
113.25 113.2 113.3 0.005629501975
113.35 113.3 113.4 -0.001077521883
113.45 113.4 113.5 0.002279024578
113.55 113.5 113.6 0.004323058326
113.65 113.6 113.7 0.006526244245
113.75 113.7 113.8 0.005058064495
113.85 113.8 113.9 0.006685352542
113.95 113.9 114 0.002513533516
114.05 114 114.1 0.007875277918
114.15 114.1 114.2 0.007568082488
114.25 114.2 114.3 0.004560080964
114.35 114.3 114.4 0.003028214681
114.45 114.4 114.5 0.003628484331
114.55 114.5 114.6 0.005014336215
114.65 114.6 114.7 0.006250508465
114.75 114.7 114.8 -0.0003390536646
114.85 114.8 114.9 0.002432183374
114.95 114.9 115 0.003734696905
115.05 115 115.1 0.008528915466
115.15 115.1 115.2 0.00661907743
115.25 115.2 115.3 0.004474087181
115.35 115.3 115.4 0.002550546191
115.45 115.4 115.5 0.001038286546
115.55 115.5 115.6 0.003485269528
115.65 115.6 115.7 -0.0001805795157
115.75 115.7 115.8 0.006749878446
115.85 115.8 115.9 0.004859920893
115.95 115.9 116 0.004959582882
116.05 116 116.1 0.001812670702
116.15 116.1 116.2 -2.322030356e-07
116.25 116.2 116.3 0.002698678575
116.35 116.3 116.4 0.003627817245
116.45 116.4 116.5 0.0007387748965
116.55 116.5 116.6 0.002802329385
116.65 116.6 116.7 -0.000883232977
116.75 116.7 116.8 0.001854640509
116.85 116.8 116.9 0.001849294952
116.95 116.9 117 0.001966381567
117.05 117 117.1 0.00593041412
117.15 117.1 117.2 0.003584849546
117.25 117.2 117.3 0.006279021305
117.35 117.3 117.4 0.00181867118
117.45 117.4 117.5 0.004308203628
117.55 117.5 117.6 0.001721177562
117.65 117.6 117.7 0.003663327104
117.75 117.7 117.8 0.004668642155
117.85 117.8 117.9 0.002545637179
117.95 117.9 118 0.008757124145
118.05 118 118.1 0.00354621831
118.15 118.1 118.2 0.002017573889
118.25 118.2 118.3 0.002207123731
118.35 118.3 118.4 0.002235950632
118.45 118.4 118.5 0.0001886069451
118.55 118.5 118.6 0.002337685469
118.65 118.6 118.7 0.0043304414
118.75 118.7 118.8 0.0004403945043
118.85 118.8 118.9 0.002152959554
118.95 118.9 119 0.004742372461
119.05 119 119.1 0.001466877552
119.15 119.1 119.2 0.001127258958
119.25 119.2 119.3 0.002408089082
119.35 119.3 119.4 0.005115249887
119.45 119.4 119.5 0.0007056882205
119.55 119.5 119.6 0.005744197445
119.65 119.6 119.7 0.005512779107
119.75 119.7 119.8 -0.0002616915165
119.85 119.8 119.9 0.003874517085
119.95 119.9 120 0.001426449692
120.05 120 120.1 0.008000208657
120.15 120.1 120.2 0.002203641741
120.25 120.2 120.3 -0.0004168861982
120.35 120.3 120.4 0.005665547586
120.45 120.4 120.5 0.004274000789
120.55 120.5 120.6 0.005010198146
120.65 120.6 120.7 0.003254726752
120.75 120.7 120.8 0.001123132666
120.85 120.8 120.9 -0.0001072284763
120.95 120.9 121 0.002932111844
121.05 121 121.1 0.002237719424
121.15 121.1 121.2 0.0009644333634
121.25 121.2 121.3 0.004437798321
121.35 121.3 121.4 0.005776628192
121.45 121.4 121.5 0.00431871389
121.55 121.5 121.6 0.003106515549
121.65 121.6 121.7 0.00205733665
121.75 121.7 121.8 0.001613992288
121.85 121.8 121.9 0.004552981074
121.95 121.9 122 0.0005317699798
122.05 122 122.1 0.002237734344
122.15 122.1 122.2 -0.0004208259629
122.25 122.2 122.3 0.0007172989732
122.35 122.3 122.4 0.0006690340361
122.45 122.4 122.5 0.0007266887857
122.55 122.5 122.6 0.0006884712576
122.65 122.6 122.7 0.002844544041
122.75 122.7 122.8 0.003491209877
122.85 122.8 122.9 0.003162563684
122.95 122.9 123 0.0004868703293
123.05 123 123.1 0.004098578983
123.15 123.1 123.2 0.003236503567
123.25 123.2 123.3 -0.0005050474395
123.35 123.3 123.4 0.001464807946
123.45 123.4 123.5 0.003330515787
123.55 123.5 123.6 -0.002953396218
123.65 123.6 123.7 -0.002046637946
123.75 123.7 123.8 0.001092017673
123.85 123.8 123.9 0.003744607685
123.95 123.9 124 0.0005770549448
124.05 124 124.1 -0.002278627326
124.15 124.1 124.2 0.003570608178
124.25 124.2 124.3 0.004840002521
124.35 124.3 124.4 0.004450338572
124.45 124.4 124.5 -0.0001592054881
124.55 124.5 124.6 0.002636322313
124.65 124.6 124.7 0.002110136995
124.75 124.7 124.8 0.0004042142793
124.85 124.8 124.9 0.005939209917
124.95 124.9 125 0.004732732294
125.05 125 125.1 0.001208204772
125.15 125.1 125.2 0.001205209454
125.25 125.2 125.3 0.002276972178
125.35 125.3 125.4 0.0003830582383
125.45 125.4 125.5 0.0003483040156
125.55 125.5 125.6 0.004621897928
125.65 125.6 125.7 0.003436606603
125.75 125.7 125.8 0.00158562734
125.85 125.8 125.9 -0.0003845879605
125.95 125.9 126 0.002178346704
126.05 126 126.1 -0.0008201535535
126.15 126.1 126.2 0.002725551068
126.25 126.2 126.3 -0.0001545666748
126.35 126.3 126.4 0.00452902419
126.45 126.4 126.5 0.003110722481
126.55 126.5 126.6 0.00184141126
126.65 126.6 126.7 0.002886521681
126.75 126.7 126.8 -0.001924877729
126.85 126.8 126.9 0.002809569013
126.95 126.9 127 0.002693608093
127.05 127 127.1 0.001839356892
127.15 127.1 127.2 -0.001465018428
127.25 127.2 127.3 -0.002182910495
127.35 127.3 127.4 0.001613154491
127.45 127.4 127.5 -0.001046075799
127.55 127.5 127.6 0.004704312184
127.65 127.6 127.7 0.005062857736
127.75 127.7 127.8 -0.0005762189489
127.85 127.8 127.9 0.001869795824
127.95 127.9 128 0.0008810441137
128.05 128 128.1 -0.0004123314538
128.15 128.1 128.2 0.002356228989
128.25 128.2 128.3 0.002436998333
128.35 128.3 128.4 -0.000501869434
128.45 128.4 128.5 0.001071459974
128.55 128.5 128.6 0.002502252032
128.65 128.6 128.7 0.00393888441
128.75 128.7 128.8 0.001863733068
128.85 128.8 128.9 0.001115311849
128.95 128.9 129 0.001505479468
129.05 129 129.1 0.004988785881
129.15 129.1 129.2 0.003197635916
129.25 129.2 129.3 8.353855294e-05
129.35 129.3 129.4 0.0006996195433
129.45 129.4 129.5 0.004494164053
129.55 129.5 129.6 0.0007886221587
129.65 129.6 129.7 -0.002099512547
129.75 129.7 129.8 -0.001077806556
129.85 129.8 129.9 0.0004834835659
129.95 129.9 130 0.003224741427
130.05 130 130.1 0.002481680021
130.15 130.1 130.2 0.002047435143
130.25 130.2 130.3 -1.458189283e-05
130.35 130.3 130.4 0.001621207238
130.45 130.4 130.5 -0.0002951071627
130.55 130.5 130.6 -0.0001849673981
130.65 130.6 130.7 0.0002058292584
130.75 130.7 130.8 -0.0002910627007
130.85 130.8 130.9 0.001082323361
130.95 130.9 131 0.0007416287432
131.05 131 131.1 0.00181272606
131.15 131.1 131.2 0.001869105602
131.25 131.2 131.3 0.002556766626
131.35 131.3 131.4 -0.001522422768
131.45 131.4 131.5 0.001190961629
131.55 131.5 131.6 -0.006392548531
131.65 131.6 131.7 0.001803833514
131.75 131.7 131.8 -0.0009748139985
131.85 131.8 131.9 0.00192909672
131.95 131.9 132 0.001534694683
132.05 132 132.1 -0.001116499199
132.15 132.1 132.2 0.0017705783
132.25 132.2 132.3 0.002292347193
132.35 132.3 132.4 -0.0007445436702
132.45 132.4 132.5 0.005084584954
132.55 132.5 132.6 0.00116448966
132.65 132.6 132.7 0.002882441117
132.75 132.7 132.8 0.000145946693
132.85 132.8 132.9 0.0008236158119
132.95 132.9 133 -0.002169807312
133.05 133 133.1 0.0006431771396
133.15 133.1 133.2 0.003257418472
133.25 133.2 133.3 0.001367693327
133.35 133.3 133.4 0.0008054715313
133.45 133.4 133.5 -0.004597439923
133.55 133.5 133.6 0.0004427618487
133.65 133.6 133.7 0.003346172165
133.75 133.7 133.8 -0.0008402916838
133.85 133.8 133.9 -0.002199247591
133.95 133.9 134 0.001380474124
134.05 134 134.1 0.004510324004
134.15 134.1 134.2 -0.0006267102409
134.25 134.2 134.3 0.001747456298
134.35 134.3 134.4 0.001280804998
134.45 134.4 134.5 0.0006594790357
134.55 134.5 134.6 0.00147554462
134.65 134.6 134.7 0.001737084144
134.75 134.7 134.8 0.003109809354
134.85 134.8 134.9 0.002829448226
134.95 134.9 135 0.0008399161528
135.05 135 135.1 0.0007464130447
135.15 135.1 135.2 5.745598683e-05
135.25 135.2 135.3 0.0008301789253
135.35 135.3 135.4 -0.002736656979
135.45 135.4 135.5 0.003443728156
135.55 135.5 135.6 0.0009546668761
135.65 135.6 135.7 -0.002504811063
135.75 135.7 135.8 0.001550324328
135.85 135.8 135.9 0.003327753514
135.95 135.9 136 -0.001060365639
136.05 136 136.1 0.00110208604
136.15 136.1 136.2 -0.000368467406
136.25 136.2 136.3 0.0002756109783
136.35 136.3 136.4 0.002949832597
136.45 136.4 136.5 0.001510024644
136.55 136.5 136.6 -0.0006667743238
136.65 136.6 136.7 -7.925838474e-05
136.75 136.7 136.8 0.0004659329277
136.85 136.8 136.9 0.0006345865914
136.95 136.9 137 -0.002390466979
137.05 137 137.1 -0.002122294403
137.15 137.1 137.2 -0.001931889654
137.25 137.2 137.3 0.001225839666
137.35 137.3 137.4 0.002165356149
137.45 137.4 137.5 -0.002999738714
137.55 137.5 137.6 0.00129854721
137.65 137.6 137.7 -0.0005141330907
137.75 137.7 137.8 -0.0003291092072
137.85 137.8 137.9 -0.001897074388
137.95 137.9 138 -0.003520566102
138.05 138 138.1 -0.0001181415332
138.15 138.1 138.2 0.004790535861
138.25 138.2 138.3 0.001950558981
138.35 138.3 138.4 0.001275527566
138.45 138.4 138.5 0.0003517542161
138.55 138.5 138.6 0.001479050288
138.65 138.6 138.7 0.003258318541
138.75 138.7 138.8 6.848619318e-05
138.85 138.8 138.9 0.001306578097
138.95 138.9 139 0.0008472041246
139.05 139 139.1 -0.001102743491
139.15 139.1 139.2 -0.001401342063
139.25 139.2 139.3 0.001028608395
139.35 139.3 139.4 0.001635485009
139.45 139.4 139.5 0.0009400298145
139.55 139.5 139.6 -0.002747763363
139.65 139.6 139.7 0.0004725456722
139.75 139.7 139.8 -0.0001377655054
139.85 139.8 139.9 -0.001892402439
139.95 139.9 140 -0.0004988093827
140.05 140 140.1 0.0009734323949
140.15 140.1 140.2 -0.001833661211
140.25 140.2 140.3 0.001077260287
140.35 140.3 140.4 -0.0002827501455
140.45 140.4 140.5 -0.000434018461
140.55 140.5 140.6 0.003673185528
140.65 140.6 140.7 -0.001004651006
140.75 140.7 140.8 -0.0006729120042
140.85 140.8 140.9 0.003248727648
140.95 140.9 141 0.002145720043
141.05 141 141.1 0.0006183159293
141.15 141.1 141.2 -0.001333729638
141.25 141.2 141.3 0.001159412749
141.35 141.3 141.4 -0.003728806783
141.45 141.4 141.5 -0.002008880671
141.55 141.5 141.6 -0.0006256222266
141.65 141.6 141.7 -0.0001766219436
141.75 141.7 141.8 0.003322890201
141.85 141.8 141.9 -0.00243561377
141.95 141.9 142 0.0007005881871
142.05 142 142.1 -0.0004268041591
142.15 142.1 142.2 0.000683423702
142.25 142.2 142.3 0.0008711269269
142.35 142.3 142.4 0.000921165661
142.45 142.4 142.5 0.001019437766
142.55 142.5 142.6 -0.0004903538472
142.65 142.6 142.7 -0.000902429929
142.75 142.7 142.8 -0.002067453608
142.85 142.8 142.9 0.001071440361
142.95 142.9 143 -0.001478371232
143.05 143 143.1 0.0005269796985
143.15 143.1 143.2 -0.002659251245
143.25 143.2 143.3 -0.001041278983
143.35 143.3 143.4 0.001776710759
143.45 143.4 143.5 0.0005770277487
143.55 143.5 143.6 -0.003125615159
143.65 143.6 143.7 -0.0005395974346
143.75 143.7 143.8 0.0002032899528
143.85 143.8 143.9 -0.0005070998488
143.95 143.9 144 0.0004842098127
144.05 144 144.1 -0.002425447311
144.15 144.1 144.2 -0.001279945834
144.25 144.2 144.3 -0.003533988097
144.35 144.3 144.4 -0.002209644541
144.45 144.4 144.5 -0.00343653028
144.55 144.5 144.6 -0.001917295323
144.65 144.6 144.7 -0.0005976332902
144.75 144.7 144.8 0.0009745846189
144.85 144.8 144.9 0.00282702779
144.95 144.9 145 0.002899176483
145.05 145 145.1 -0.0004559179148
145.15 145.1 145.2 0.001537834914
145.25 145.2 145.3 -0.00176498858
145.35 145.3 145.4 -0.001601041616
145.45 145.4 145.5 0.0005426271151
145.55 145.5 145.6 0.001525249219
145.65 145.6 145.7 0.0007955903074
145.75 145.7 145.8 -0.004744013639
145.85 145.8 145.9 -0.002074348746
145.95 145.9 146 0.0008084964576
146.05 146 146.1 -0.001039684677
146.15 146.1 146.2 -0.002376415593
146.25 146.2 146.3 -0.003044923618
146.35 146.3 146.4 -0.001572920699
146.45 146.4 146.5 -0.0008607607778
146.55 146.5 146.6 0.0003046552687
146.65 146.6 146.7 0.001535909792
146.75 146.7 146.8 -0.002784039941
146.85 146.8 146.9 -0.001989357317
146.95 146.9 147 -0.001412944205
147.05 147 147.1 -0.001572220341
147.15 147.1 147.2 -0.001248165691
147.25 147.2 147.3 -0.003574644366
147.35 147.3 147.4 -0.002987511673
147.45 147.4 147.5 -0.002838801119
147.55 147.5 147.6 -8.998208062e-06
147.65 147.6 147.7 -0.00136168657
147.75 147.7 147.8 -0.006508829519
147.85 147.8 147.9 0.0006837346648
147.95 147.9 148 -0.0009789225533
148.05 148 148.1 0.0009729596408
148.15 148.1 148.2 -0.0004977628563
148.25 148.2 148.3 -0.00444495112
148.35 148.3 148.4 -0.001210806419
148.45 148.4 148.5 -0.0009723173504
148.55 148.5 148.6 -4.867826264e-05
148.65 148.6 148.7 -0.0001563349507
148.75 148.7 148.8 0.001293817072
148.85 148.8 148.9 -0.002084830798
148.95 148.9 149 0.000193876413
149.05 149 149.1 -0.0007110363898
149.15 149.1 149.2 -0.003719722952
149.25 149.2 149.3 -0.001316898076
149.35 149.3 149.4 0.00204370583
149.45 149.4 149.5 0.0007512655965
149.55 149.5 149.6 -9.91772401e-05
149.65 149.6 149.7 0.001497455815
149.75 149.7 149.8 -0.001797159838
149.85 149.8 149.9 0.0003021536181
149.95 149.9 150 0.001343156434
150.05 150 150.1 0.002818788054
150.15 150.1 150.2 -0.0006838476651
150.25 150.2 150.3 -0.001072710403
150.35 150.3 150.4 -0.002387049313
150.45 150.4 150.5 3.004542539e-05
150.55 150.5 150.6 -0.003066316875
150.65 150.6 150.7 -0.002334273597
150.75 150.7 150.8 -0.0001153328229
150.85 150.8 150.9 -0.003099843866
150.95 150.9 151 -0.000448934498
151.05 151 151.1 0.004625370937
151.15 151.1 151.2 0.002472215574
151.25 151.2 151.3 -0.0006629041058
151.35 151.3 151.4 0.0004530761602
151.45 151.4 151.5 -0.003276496034
151.55 151.5 151.6 -0.001144052839
151.65 151.6 151.7 -0.002112730758
151.75 151.7 151.8 -0.00257368148
151.85 151.8 151.9 0.002659342969
151.95 151.9 152 0.002070635601
152.05 152 152.1 0.001306317188
152.15 152.1 152.2 0.001249160943
152.25 152.2 152.3 -0.0005398010386
152.35 152.3 152.4 0.003003102715
152.45 152.4 152.5 -0.0001461061527
152.55 152.5 152.6 -0.0002586434761
152.65 152.6 152.7 0.0005972842145
152.75 152.7 152.8 0.001436032737
152.85 152.8 152.9 0.002118109134
152.95 152.9 153 0.0004027273582
153.05 153 153.1 -0.001495009079
153.15 153.1 153.2 -0.00150557354
153.25 153.2 153.3 -0.0006848683591
153.35 153.3 153.4 -0.001456544759
153.45 153.4 153.5 -0.0004894725848
153.55 153.5 153.6 0.002160191591
153.65 153.6 153.7 -0.0006651648854
153.75 153.7 153.8 0.00223652418
153.85 153.8 153.9 0.002863756204
153.95 153.9 154 -0.0001361209858
154.05 154 154.1 0.0004108457211
154.15 154.1 154.2 -0.0004967075731
154.25 154.2 154.3 0.002614154583
154.35 154.3 154.4 0.0009421983029
154.45 154.4 154.5 -0.0004117817918
154.55 154.5 154.6 0.0007823807381
154.65 154.6 154.7 0.0002170501943
154.75 154.7 154.8 -0.000493142902
154.85 154.8 154.9 -0.0003607001819
154.95 154.9 155 -0.002513017576
155.05 155 155.1 -0.002044448232
155.15 155.1 155.2 -0.001840385558
155.25 155.2 155.3 0.001236647029
155.35 155.3 155.4 -0.0005729036234
155.45 155.4 155.5 -6.582427868e-05
155.55 155.5 155.6 0.0001128150559
155.65 155.6 155.7 6.709198844e-05
155.75 155.7 155.8 0.0002081034472
155.85 155.8 155.9 2.863665446e-05
155.95 155.9 156 -0.003783648585
156.05 156 156.1 0.001053777276
156.15 156.1 156.2 -0.00213506917
156.25 156.2 156.3 0.002628171301
156.35 156.3 156.4 -0.002361697717
156.45 156.4 156.5 -9.97780097e-05
156.55 156.5 156.6 0.0002816705853
156.65 156.6 156.7 0.0003424092888
156.75 156.7 156.8 0.001429004056
156.85 156.8 156.9 -0.002378157833
156.95 156.9 157 -0.001920076816
157.05 157 157.1 0.001898888589
157.15 157.1 157.2 0.0004693812517
157.25 157.2 157.3 -0.003358837912
157.35 157.3 157.4 0.000797585022
157.45 157.4 157.5 0.001458090654
157.55 157.5 157.6 0.001239702444
157.65 157.6 157.7 6.671043486e-05
157.75 157.7 157.8 0.001935091559
157.85 157.8 157.9 0.001170490868
157.95 157.9 158 0.0002631370136
158.05 158 158.1 0.000232395207
158.15 158.1 158.2 -0.001167700469
158.25 158.2 158.3 0.001454677704
158.35 158.3 158.4 0.001926837981
158.45 158.4 158.5 0.001892483865
158.55 158.5 158.6 -0.001381818962
158.65 158.6 158.7 -0.001197806561
158.75 158.7 158.8 0.0005893289648
158.85 158.8 158.9 -0.0003451225419
158.95 158.9 159 0.003188763762
159.05 159 159.1 -0.0008069435157
159.15 159.1 159.2 0.001383106463
159.25 159.2 159.3 4.404299418e-05
159.35 159.3 159.4 -0.0003518036178
159.45 159.4 159.5 -0.002742118979
159.55 159.5 159.6 0.001591711884
159.65 159.6 159.7 0.003026810943
159.75 159.7 159.8 0.001636730392
159.85 159.8 159.9 -0.001275216654
159.95 159.9 160 0.0003284502848
160.05 160 160.1 0.0006571934668
160.15 160.1 160.2 0.0001428598747
160.25 160.2 160.3 0.0004795642624
160.35 160.3 160.4 -0.00147916145
160.45 160.4 160.5 0.000364922399
160.55 160.5 160.6 0.001401357437
160.65 160.6 160.7 -0.001329753403
160.75 160.7 160.8 -0.001066646831
160.85 160.8 160.9 0.0001799219288
160.95 160.9 161 0.002555449809
161.05 161 161.1 0.002136409759
161.15 161.1 161.2 0.0009425793846
161.25 161.2 161.3 -0.0004914935548
161.35 161.3 161.4 -0.0009667633921
161.45 161.4 161.5 0.001293151601
161.55 161.5 161.6 -0.0006223824976
161.65 161.6 161.7 -0.00162431426
161.75 161.7 161.8 0.001950766291
161.85 161.8 161.9 -0.001748720374
161.95 161.9 162 -0.0005227578709
162.05 162 162.1 0.001039673746
162.15 162.1 162.2 0.0003856581733
162.25 162.2 162.3 -0.00231484263
162.35 162.3 162.4 -0.0001626023587
162.45 162.4 162.5 0.0002170827456
162.55 162.5 162.6 0.001611988381
162.65 162.6 162.7 -0.00247221121
162.75 162.7 162.8 0.0003003089223
162.85 162.8 162.9 -0.001263323231
162.95 162.9 163 -0.0005034238572
163.05 163 163.1 0.0005995019047
163.15 163.1 163.2 0.003015306707
163.25 163.2 163.3 0.0007609529897
163.35 163.3 163.4 0.001893280912
163.45 163.4 163.5 -0.001182975704
163.55 163.5 163.6 0.002979800657
163.65 163.6 163.7 -0.000868230718
163.75 163.7 163.8 -0.0008677088461
163.85 163.8 163.9 -9.793031175e-05
163.95 163.9 164 -0.001178239345
164.05 164 164.1 -0.0003650520317
164.15 164.1 164.2 0.00112069834
164.25 164.2 164.3 0.00149495493
164.35 164.3 164.4 0.0003036097136
164.45 164.4 164.5 0.001030867236
164.55 164.5 164.6 -0.0009247593077
164.65 164.6 164.7 -0.001147836217
164.75 164.7 164.8 0.001707958841
164.85 164.8 164.9 0.002342141453
164.95 164.9 165 0.001093889479
165.05 165 165.1 -0.001492309603
165.15 165.1 165.2 -0.0007770548331
165.25 165.2 165.3 0.002824429042
165.35 165.3 165.4 0.001190865906
165.45 165.4 165.5 0.0006934754049
165.55 165.5 165.6 0.0004176496171
165.65 165.6 165.7 -0.0002848708055
165.75 165.7 165.8 0.0004404371614
165.85 165.8 165.9 -0.001477434719
165.95 165.9 166 0.004270335882
166.05 166 166.1 0.001904214552
166.15 166.1 166.2 -0.001588205448
166.25 166.2 166.3 -0.0008095641172
166.35 166.3 166.4 0.0002108679292
166.45 166.4 166.5 0.0002602530311
166.55 166.5 166.6 0.004272986995
166.65 166.6 166.7 0.0002230559181
166.75 166.7 166.8 -2.700046297e-05
166.85 166.8 166.9 -0.000564776834
166.95 166.9 167 0.001016870414
167.05 167 167.1 -8.373198123e-05
167.15 167.1 167.2 -0.0002267503017
167.25 167.2 167.3 0.002175998554
167.35 167.3 167.4 0.001862528648
167.45 167.4 167.5 9.816121529e-05
167.55 167.5 167.6 -0.0003217027175
167.65 167.6 167.7 0.002741520914
167.75 167.7 167.8 0.0005255431561
167.85 167.8 167.9 0.0003212864782
167.95 167.9 168 8.889171874e-06
168.05 168 168.1 -0.0004892245131
168.15 168.1 168.2 0.001763600826
168.25 168.2 168.3 -0.001054771735
168.35 168.3 168.4 0.003473725047
168.45 168.4 168.5 3.349147424e-05
168.55 168.5 168.6 -0.0001548998862
168.65 168.6 168.7 0.000533086324
168.75 168.7 168.8 -0.001597890362
168.85 168.8 168.9 -0.002137206225
168.95 168.9 169 2.814580755e-07
169.05 169 169.1 0.001091108197
169.15 169.1 169.2 0.000806838064
169.25 169.2 169.3 0.001829695688
169.35 169.3 169.4 0.002762127663
169.45 169.4 169.5 -5.7940643e-05
169.55 169.5 169.6 0.0005722636245
169.65 169.6 169.7 0.001764681399
169.75 169.7 169.8 0.002225788181
169.85 169.8 169.9 -0.003052515792
169.95 169.9 170 0.002388507234
170.05 170 170.1 -0.0008000160829
170.15 170.1 170.2 -0.002974473424
170.25 170.2 170.3 0.00217656408
170.35 170.3 170.4 -0.000508148066
170.45 170.4 170.5 -0.0005136767746
170.55 170.5 170.6 0.002982394912
170.65 170.6 170.7 -0.0002449659886
170.75 170.7 170.8 0.000726264686
170.85 170.8 170.9 0.0006027449083
170.95 170.9 171 0.0007589565833
171.05 171 171.1 -0.003116029488
171.15 171.1 171.2 -0.0004636271168
171.25 171.2 171.3 0.001766532476
171.35 171.3 171.4 0.001467612028
171.45 171.4 171.5 0.001000628304
171.55 171.5 171.6 1.645318523e-05
171.65 171.6 171.7 -0.001229825012
171.75 171.7 171.8 -0.0008010343529
171.85 171.8 171.9 -0.001969834452
171.95 171.9 172 0.001261502598
172.05 172 172.1 -5.005047701e-05
172.15 172.1 172.2 -0.0005556756893
172.25 172.2 172.3 -0.0008513295999
172.35 172.3 172.4 -0.002447702071
172.45 172.4 172.5 0.001184310352
172.55 172.5 172.6 0.001930399957
172.65 172.6 172.7 0.001399233094
172.75 172.7 172.8 -0.002004670753
172.85 172.8 172.9 -0.003556546524
172.95 172.9 173 -0.0005598987218
173.05 173 173.1 -0.001744237298
173.15 173.1 173.2 0.001051207489
173.25 173.2 173.3 0.001533150514
173.35 173.3 173.4 0.001568580857
173.45 173.4 173.5 -1.9538151e-05
173.55 173.5 173.6 -0.003482400599
173.65 173.6 173.7 -0.002132974078
173.75 173.7 173.8 -0.001006329192
173.85 173.8 173.9 -0.0004840053203
173.95 173.9 174 -0.001476329096
174.05 174 174.1 -0.0002599854347
174.15 174.1 174.2 -0.00105491559
174.25 174.2 174.3 -0.001461674659
174.35 174.3 174.4 -1.476459359e-05
174.45 174.4 174.5 -0.002724493186
174.55 174.5 174.6 -0.0007789960255
174.65 174.6 174.7 0.0001019348607
174.75 174.7 174.8 -0.002102792357
174.85 174.8 174.9 -0.004283458238
174.95 174.9 175 0.0001584678875
175.05 175 175.1 -0.0001049922803
175.15 175.1 175.2 0.002881361634
175.25 175.2 175.3 0.001946251723
175.35 175.3 175.4 -0.0005334761426
175.45 175.4 175.5 -0.000494145909
175.55 175.5 175.6 -0.003542453644
175.65 175.6 175.7 -0.0002530555172
175.75 175.7 175.8 -0.004672278892
175.85 175.8 175.9 -0.001585902321
175.95 175.9 176 0.001477338756
176.05 176 176.1 -0.00198713369
176.15 176.1 176.2 -0.001362559453
176.25 176.2 176.3 -0.0007280081054
176.35 176.3 176.4 -0.0009724458907
176.45 176.4 176.5 -0.001343009717
176.55 176.5 176.6 0.0001281524667
176.65 176.6 176.7 0.0003487583673
176.75 176.7 176.8 -0.002671188577
176.85 176.8 176.9 -0.002800920206
176.95 176.9 177 -0.0008397392955
177.05 177 177.1 -0.0003697851913
177.15 177.1 177.2 -0.002160673886
177.25 177.2 177.3 -0.0006761802653
177.35 177.3 177.4 0.000676401367
177.45 177.4 177.5 -0.0005473190813
177.55 177.5 177.6 0.001023157877
177.65 177.6 177.7 -0.004811681652
177.75 177.7 177.8 -0.002011536107
177.85 177.8 177.9 -0.0001795125666
177.95 177.9 178 0.0007935748242
178.05 178 178.1 -0.002957268476
178.15 178.1 178.2 -0.001578000985
178.25 178.2 178.3 -0.0006985950126
178.35 178.3 178.4 -0.001048152228
178.45 178.4 178.5 0.0008611367124
178.55 178.5 178.6 -0.003625619535
178.65 178.6 178.7 0.001597013149
178.75 178.7 178.8 -0.00262689947
178.85 178.8 178.9 0.0009849562645
178.95 178.9 179 -0.000553357547
179.05 179 179.1 -0.001624295583
179.15 179.1 179.2 -0.001282941263
179.25 179.2 179.3 -0.0007396626098
179.35 179.3 179.4 -0.001080443518
179.45 179.4 179.5 -0.0006655882118
179.55 179.5 179.6 -0.001982122341
179.65 179.6 179.7 -0.0009072971631
179.75 179.7 179.8 0.0008810756755
179.85 179.8 179.9 -0.001751000951
179.95 179.9 180 -0.001688103394
180.05 180 180.1 3.206426363e-05
180.15 180.1 180.2 -0.002141907807
180.25 180.2 180.3 -0.0009844161397
180.35 180.3 180.4 -0.0008897469264
180.45 180.4 180.5 -0.00081718895
180.55 180.5 180.6 -0.002151004841
180.65 180.6 180.7 -0.0005808549378
180.75 180.7 180.8 0.0006585723691
180.85 180.8 180.9 -0.002220564133
180.95 180.9 181 0.0007075555775
181.05 181 181.1 -0.001585097413
181.15 181.1 181.2 0.001147856286
181.25 181.2 181.3 -0.00080364566
181.35 181.3 181.4 -0.0005075209737
181.45 181.4 181.5 0.0007749318492
181.55 181.5 181.6 0.001120815462
181.65 181.6 181.7 -0.0001857028613
181.75 181.7 181.8 0.0009981502613
181.85 181.8 181.9 -0.0004046082895
181.95 181.9 182 0.0003561216107
182.05 182 182.1 0.001716188542
182.15 182.1 182.2 6.486909941e-05
182.25 182.2 182.3 0.002242140954
182.35 182.3 182.4 -0.001258097288
182.45 182.4 182.5 -0.001688541435
182.55 182.5 182.6 0.001631182603
182.65 182.6 182.7 -0.00108726305
182.75 182.7 182.8 0.0003288915187
182.85 182.8 182.9 0.003250608167
182.95 182.9 183 -0.002505711655
183.05 183 183.1 -0.0008872993017
183.15 183.1 183.2 -0.0004153885604
183.25 183.2 183.3 0.000962844648
183.35 183.3 183.4 -0.001593741201
183.45 183.4 183.5 -0.0001566932581
183.55 183.5 183.6 -0.00121233404
183.65 183.6 183.7 -0.0006567548019
183.75 183.7 183.8 -0.002401337066
183.85 183.8 183.9 -0.001449018818
183.95 183.9 184 0.0006918593033
184.05 184 184.1 -0.0008873014375
184.15 184.1 184.2 0.0003367880148
184.25 184.2 184.3 -0.001035399336
184.35 184.3 184.4 0.001719407713
184.45 184.4 184.5 -0.0005173505492
184.55 184.5 184.6 -0.0002040905711
184.65 184.6 184.7 -0.003158735382
184.75 184.7 184.8 -0.001151655693
184.85 184.8 184.9 -0.001444320712
184.95 184.9 185 0.001463093
185.05 185 185.1 -0.001685710718
185.15 185.1 185.2 0.001031038395
185.25 185.2 185.3 -0.003276778717
185.35 185.3 185.4 0.001174196635
185.45 185.4 185.5 -0.0005655166923
185.55 185.5 185.6 -0.0008970665507
185.65 185.6 185.7 -0.001350355015
185.75 185.7 185.8 0.002261394773
185.85 185.8 185.9 0.000293511842
185.95 185.9 186 -0.001808918065
186.05 186 186.1 -0.002361796609
186.15 186.1 186.2 0.0005129704092
186.25 186.2 186.3 -0.000664024118
186.35 186.3 186.4 0.0008317560813
186.45 186.4 186.5 0.001780981998
186.55 186.5 186.6 -0.0002489158689
186.65 186.6 186.7 -0.001401842093
186.75 186.7 186.8 -0.001267766261
186.85 186.8 186.9 0.0002797391065
186.95 186.9 187 0.0006542622345
187.05 187 187.1 -0.002701636182
187.15 187.1 187.2 0.0003953543847
187.25 187.2 187.3 -0.002047907891
187.35 187.3 187.4 0.001725846241
187.45 187.4 187.5 0.0005044479824
187.55 187.5 187.6 -0.0001619991277
187.65 187.6 187.7 -0.001841425191
187.75 187.7 187.8 -0.001526064989
187.85 187.8 187.9 0.0009542726285
187.95 187.9 188 0.0008027009347
188.05 188 188.1 -0.0002772942085
188.15 188.1 188.2 -0.0007506556026
188.25 188.2 188.3 -0.0004866373628
188.35 188.3 188.4 0.0005152196628
188.45 188.4 188.5 0.000916179853
188.55 188.5 188.6 -0.0007636281017
188.65 188.6 188.7 -0.001469862161
188.75 188.7 188.8 0.002862595208
188.85 188.8 188.9 -0.0001267080268
188.95 188.9 189 -0.001654091847
189.05 189 189.1 -0.001610389045
189.15 189.1 189.2 -0.0009981341479
189.25 189.2 189.3 0.002782963013
189.35 189.3 189.4 -0.001027996081
189.45 189.4 189.5 0.0008737994538
189.55 189.5 189.6 -3.197439094e-05
189.65 189.6 189.7 -0.001014861118
189.75 189.7 189.8 0.0006354054308
189.85 189.8 189.9 0.002316337703
189.95 189.9 190 0.0003991882102
190.05 190 190.1 -0.001278563402
190.15 190.1 190.2 0.0001941260577
190.25 190.2 190.3 -6.347278773e-05
190.35 190.3 190.4 -0.0001844020018
190.45 190.4 190.5 -0.0002287340359
190.55 190.5 190.6 -0.001631092647
190.65 190.6 190.7 -0.001689138667
190.75 190.7 190.8 -5.940861153e-05
190.85 190.8 190.9 -2.203195249e-05
190.95 190.9 191 -0.001487305179
191.05 191 191.1 0.001849771966
191.15 191.1 191.2 0.001962202187
191.25 191.2 191.3 -0.0006082614787
191.35 191.3 191.4 0.0006971625712
191.45 191.4 191.5 0.001606201236
191.55 191.5 191.6 -0.000129124168
191.65 191.6 191.7 0.0009134678924
191.75 191.7 191.8 -0.002613801797
191.85 191.8 191.9 -0.001689866255
191.95 191.9 192 -0.0008350809662
192.05 192 192.1 0.0006010796555
192.15 192.1 192.2 0.001888825029
192.25 192.2 192.3 4.115766238e-06
192.35 192.3 192.4 0.001127839602
192.45 192.4 192.5 0.001297435102
192.55 192.5 192.6 -0.001090546037
192.65 192.6 192.7 -0.0007173900446
192.75 192.7 192.8 -0.001521157371
192.85 192.8 192.9 -0.0007826903459
192.95 192.9 193 -0.002535213991
193.05 193 193.1 -0.0006737891951
193.15 193.1 193.2 -0.001901912884
193.25 193.2 193.3 -0.001782857031
193.35 193.3 193.4 -0.001217602286
193.45 193.4 193.5 -0.001814421026
193.55 193.5 193.6 -0.002279613259
193.65 193.6 193.7 -0.0002001418432
193.75 193.7 193.8 -0.0004342893985
193.85 193.8 193.9 0.0005186371987
193.95 193.9 194 -0.0006890194
194.05 194 194.1 0.0004392599708
194.15 194.1 194.2 0.0004090894771
194.25 194.2 194.3 0.002683149359
194.35 194.3 194.4 -0.001666206206
194.45 194.4 194.5 -0.001420845377
194.55 194.5 194.6 -5.882824227e-05
194.65 194.6 194.7 -0.002421123964
194.75 194.7 194.8 -0.001174723062
194.85 194.8 194.9 -5.038405305e-05
194.95 194.9 195 0.001927568919
195.05 195 195.1 -0.001668364195
195.15 195.1 195.2 0.0001679482176
195.25 195.2 195.3 0.001123859318
195.35 195.3 195.4 0.001804414744
195.45 195.4 195.5 0.001132906305
195.55 195.5 195.6 -0.002613595433
195.65 195.6 195.7 -0.0009957208805
195.75 195.7 195.8 -8.572811622e-05
195.85 195.8 195.9 -0.0009232161915
195.95 195.9 196 0.0001479684543
196.05 196 196.1 0.00161568007
196.15 196.1 196.2 -0.002497167471
196.25 196.2 196.3 0.002508234039
196.35 196.3 196.4 -0.001952414058
196.45 196.4 196.5 -0.00100426159
196.55 196.5 196.6 -0.0003685746309
196.65 196.6 196.7 0.0005659291384
196.75 196.7 196.8 -0.0002655167047
196.85 196.8 196.9 0.0003910381928
196.95 196.9 197 1.557148828e-05
197.05 197 197.1 -0.0006840161729
197.15 197.1 197.2 0.001266375172
197.25 197.2 197.3 -0.000525439783
197.35 197.3 197.4 -0.0004552921931
197.45 197.4 197.5 -0.00097541887
197.55 197.5 197.6 0.0007165351461
197.65 197.6 197.7 0.001665522658
197.75 197.7 197.8 9.619275944e-05
197.85 197.8 197.9 0.0005439556166
197.95 197.9 198 0.0001894630181
198.05 198 198.1 -0.0003853371683
198.15 198.1 198.2 -3.573844263e-06
198.25 198.2 198.3 0.001713922883
198.35 198.3 198.4 -0.001088784697
198.45 198.4 198.5 0.0003262859837
198.55 198.5 198.6 -0.001174218531
198.65 198.6 198.7 0.003703358127
198.75 198.7 198.8 0.001029823409
198.85 198.8 198.9 0.001394048684
198.95 198.9 199 0.001702347871
199.05 199 199.1 0.001351139743
199.15 199.1 199.2 -0.0009320595393
199.25 199.2 199.3 -0.001453737168
199.35 199.3 199.4 0.002914696675
199.45 199.4 199.5 -0.001099806195
199.55 199.5 199.6 -0.002368304261
199.65 199.6 199.7 0.001523854329
199.75 199.7 199.8 -0.0004427643087
199.85 199.8 199.9 0.001166382093
199.95 199.9 200 -0.0003978909437
