# Columns: s_cen(1) s_min(2) s_max(3) xi_iso(4)
0.05 0 0.1 55.40335469
0.15 0.1 0.2 12.16822037
0.25 0.2 0.3 13.73495368
0.35 0.3 0.4 19.87727288
0.45 0.4 0.5 20.00832084
0.55 0.5 0.6 22.86088428
0.65 0.6 0.7 22.33257742
0.75 0.7 0.8 21.50800456
0.85 0.8 0.9 22.04885565
0.95 0.9 1 20.93356751
1.05 1 1.1 19.7994441
1.15 1.1 1.2 19.54975947
1.25 1.2 1.3 18.79968238
1.35 1.3 1.4 17.07046012
1.45 1.4 1.5 17.0370795
1.55 1.5 1.6 16.03938476
1.65 1.6 1.7 14.72641368
1.75 1.7 1.8 13.90099748
1.85 1.8 1.9 13.1001411
1.95 1.9 2 12.78608449
2.05 2 2.1 11.3962092
2.15 2.1 2.2 11.10320237
2.25 2.2 2.3 10.70830195
2.35 2.3 2.4 9.886591166
2.45 2.4 2.5 9.29845903
2.55 2.5 2.6 8.516572303
2.65 2.6 2.7 7.915060206
2.75 2.7 2.8 7.731548324
2.85 2.8 2.9 7.4510813
2.95 2.9 3 6.943611828
3.05 3 3.1 6.742840579
3.15 3.1 3.2 6.364640507
3.25 3.2 3.3 6.131628734
3.35 3.3 3.4 5.752193184
3.45 3.4 3.5 5.587852306
3.55 3.5 3.6 5.374146846
3.65 3.6 3.7 5.185655869
3.75 3.7 3.8 4.860865583
3.85 3.8 3.9 4.676204593
3.95 3.9 4 4.606798329
4.05 4 4.1 4.534833572
4.15 4.1 4.2 4.330974155
4.25 4.2 4.3 4.268853933
4.35 4.3 4.4 3.99540717
4.45 4.4 4.5 3.944504029
4.55 4.5 4.6 3.777359004
4.65 4.6 4.7 3.76424999
4.75 4.7 4.8 3.638420895
4.85 4.8 4.9 3.53852785
4.95 4.9 5 3.426178081
5.05 5 5.1 3.346775237
5.15 5.1 5.2 3.260428481
5.25 5.2 5.3 3.125414609
5.35 5.3 5.4 3.128033956
5.45 5.4 5.5 2.921175553
5.55 5.5 5.6 2.962264296
5.65 5.6 5.7 2.827922395
5.75 5.7 5.8 2.756120891
5.85 5.8 5.9 2.597242804
5.95 5.9 6 2.620857822
6.05 6 6.1 2.572521398
6.15 6.1 6.2 2.460460316
6.25 6.2 6.3 2.30066516
6.35 6.3 6.4 2.368684381
6.45 6.4 6.5 2.326787559
6.55 6.5 6.6 2.335838252
6.65 6.6 6.7 2.225576423
6.75 6.7 6.8 2.211033161
6.85 6.8 6.9 2.0729256
6.95 6.9 7 2.076641473
7.05 7 7.1 2.000782136
7.15 7.1 7.2 1.951665215
7.25 7.2 7.3 1.925819814
7.35 7.3 7.4 1.843993661
7.45 7.4 7.5 1.779667041
7.55 7.5 7.6 1.764947528
7.65 7.6 7.7 1.676973572
7.75 7.7 7.8 1.69073432
7.85 7.8 7.9 1.633662351
7.95 7.9 8 1.608770957
8.05 8 8.1 1.563087681
8.15 8.1 8.2 1.598148557
8.25 8.2 8.3 1.462755875
8.35 8.3 8.4 1.554741629
8.45 8.4 8.5 1.454466806
8.55 8.5 8.6 1.445259196
8.65 8.6 8.7 1.42627118
8.75 8.7 8.8 1.416464272
8.85 8.8 8.9 1.373086085
8.95 8.9 9 1.334848481
9.05 9 9.1 1.281837246
9.15 9.1 9.2 1.265212691
9.25 9.2 9.3 1.266987779
9.35 9.3 9.4 1.208516142
9.45 9.4 9.5 1.205526024
9.55 9.5 9.6 1.190551332
9.65 9.6 9.7 1.165983977
9.75 9.7 9.8 1.14590489
9.85 9.8 9.9 1.161461948
9.95 9.9 10 1.104158015
10.05 10 10.1 1.049330159
10.15 10.1 10.2 1.084616722
10.25 10.2 10.3 1.061344736
10.35 10.3 10.4 1.037393354
10.45 10.4 10.5 1.043726401
10.55 10.5 10.6 0.9749207869
10.65 10.6 10.7 0.9537719894
10.75 10.7 10.8 0.9841433655
10.85 10.8 10.9 0.9490795154
10.95 10.9 11 0.9159259089
11.05 11 11.1 0.8973972314
11.15 11.1 11.2 0.9084410182
11.25 11.2 11.3 0.8791999584
11.35 11.3 11.4 0.894890582
11.45 11.4 11.5 0.8689115465
11.55 11.5 11.6 0.8765397472
11.65 11.6 11.7 0.8408715502
11.75 11.7 11.8 0.8213195027
11.85 11.8 11.9 0.7991957946
11.95 11.9 12 0.7906929581
12.05 12 12.1 0.7772941209
12.15 12.1 12.2 0.8010763684
12.25 12.2 12.3 0.7777517095
12.35 12.3 12.4 0.7288884364
12.45 12.4 12.5 0.7345654537
12.55 12.5 12.6 0.7302307792
12.65 12.6 12.7 0.7176770428
12.75 12.7 12.8 0.7044172994
12.85 12.8 12.9 0.7081382797
12.95 12.9 13 0.6872714773
13.05 13 13.1 0.6792930521
13.15 13.1 13.2 0.6564512781
13.25 13.2 13.3 0.6400153519
13.35 13.3 13.4 0.6484783311
13.45 13.4 13.5 0.6266213726
13.55 13.5 13.6 0.6352783687
13.65 13.6 13.7 0.6249296356
13.75 13.7 13.8 0.5957453936
13.85 13.8 13.9 0.6105689036
13.95 13.9 14 0.5901644399
14.05 14 14.1 0.5963259138
14.15 14.1 14.2 0.5785561924
14.25 14.2 14.3 0.5740411934
14.35 14.3 14.4 0.5618871205
14.45 14.4 14.5 0.5623230961
14.55 14.5 14.6 0.5487174973
14.65 14.6 14.7 0.5474293279
14.75 14.7 14.8 0.5345313243
14.85 14.8 14.9 0.5592734123
14.95 14.9 15 0.5233144896
15.05 15 15.1 0.4975077138
15.15 15.1 15.2 0.5115600432
15.25 15.2 15.3 0.4933800361
15.35 15.3 15.4 0.4823755875
15.45 15.4 15.5 0.484403987
15.55 15.5 15.6 0.4741572386
15.65 15.6 15.7 0.4868256783
15.75 15.7 15.8 0.4762313172
15.85 15.8 15.9 0.4543453985
15.95 15.9 16 0.4696211309
16.05 16 16.1 0.4502026293
16.15 16.1 16.2 0.4587247147
16.25 16.2 16.3 0.4462992389
16.35 16.3 16.4 0.4401695963
16.45 16.4 16.5 0.4277407152
16.55 16.5 16.6 0.4228032861
16.65 16.6 16.7 0.4195248515
16.75 16.7 16.8 0.4331014966
16.85 16.8 16.9 0.415570603
16.95 16.9 17 0.4058775228
17.05 17 17.1 0.423431708
17.15 17.1 17.2 0.4059291438
17.25 17.2 17.3 0.3949894709
17.35 17.3 17.4 0.3820820433
17.45 17.4 17.5 0.3820587634
17.55 17.5 17.6 0.379884736
17.65 17.6 17.7 0.38545079
17.75 17.7 17.8 0.376594179
17.85 17.8 17.9 0.3653518328
17.95 17.9 18 0.3770861172
18.05 18 18.1 0.3504129126
18.15 18.1 18.2 0.3704731412
18.25 18.2 18.3 0.3571179827
18.35 18.3 18.4 0.3558486064
18.45 18.4 18.5 0.3428745589
18.55 18.5 18.6 0.3349258957
18.65 18.6 18.7 0.3333940915
18.75 18.7 18.8 0.3355636613
18.85 18.8 18.9 0.3437835163
18.95 18.9 19 0.3380577113
19.05 19 19.1 0.3206684789
19.15 19.1 19.2 0.3143603776
19.25 19.2 19.3 0.3058688789
19.35 19.3 19.4 0.3141838952
19.45 19.4 19.5 0.3147668289
19.55 19.5 19.6 0.3087018001
19.65 19.6 19.7 0.2863358946
19.75 19.7 19.8 0.3022330181
19.85 19.8 19.9 0.2957848412
19.95 19.9 20 0.2950206924
20.05 20 20.1 0.269622146
20.15 20.1 20.2 0.2888450264
20.25 20.2 20.3 0.2836840614
20.35 20.3 20.4 0.2721341914
20.45 20.4 20.5 0.2699336165
20.55 20.5 20.6 0.2720703398
20.65 20.6 20.7 0.2581623516
20.75 20.7 20.8 0.2842895855
20.85 20.8 20.9 0.2765879922
20.95 20.9 21 0.2572138532
21.05 21 21.1 0.2687030422
21.15 21.1 21.2 0.2546548721
21.25 21.2 21.3 0.2535429127
21.35 21.3 21.4 0.2404052975
21.45 21.4 21.5 0.2417240577
21.55 21.5 21.6 0.2399183256
21.65 21.6 21.7 0.2506387117
21.75 21.7 21.8 0.2465120091
21.85 21.8 21.9 0.2364179201
21.95 21.9 22 0.2326909504
22.05 22 22.1 0.2341943328
22.15 22.1 22.2 0.2471454557
22.25 22.2 22.3 0.2226037792
22.35 22.3 22.4 0.2263810974
22.45 22.4 22.5 0.2212783902
22.55 22.5 22.6 0.2119472574
22.65 22.6 22.7 0.2145657991
22.75 22.7 22.8 0.2205798066
22.85 22.8 22.9 0.2355530901
22.95 22.9 23 0.2181234107
23.05 23 23.1 0.2154616161
23.15 23.1 23.2 0.2189600768
23.25 23.2 23.3 0.2084612452
23.35 23.3 23.4 0.2042922863
23.45 23.4 23.5 0.2074216581
23.55 23.5 23.6 0.2009624406
23.65 23.6 23.7 0.2028972061
23.75 23.7 23.8 0.1932602763
23.85 23.8 23.9 0.1870566706
23.95 23.9 24 0.1909906597
24.05 24 24.1 0.190133429
24.15 24.1 24.2 0.1998863871
24.25 24.2 24.3 0.1911722523
24.35 24.3 24.4 0.1875139558
24.45 24.4 24.5 0.1870522341
24.55 24.5 24.6 0.1832322319
24.65 24.6 24.7 0.1779829145
24.75 24.7 24.8 0.1877635793
24.85 24.8 24.9 0.1840223268
24.95 24.9 25 0.178976968
25.05 25 25.1 0.1843984211
25.15 25.1 25.2 0.1740961042
25.25 25.2 25.3 0.181701545
25.35 25.3 25.4 0.1651210504
25.45 25.4 25.5 0.1651226266
25.55 25.5 25.6 0.1765935538
25.65 25.6 25.7 0.1639610219
25.75 25.7 25.8 0.1753937399
25.85 25.8 25.9 0.1675229411
25.95 25.9 26 0.1711531387
26.05 26 26.1 0.1644890036
26.15 26.1 26.2 0.1662708158
26.25 26.2 26.3 0.1452677759
26.35 26.3 26.4 0.163413323
26.45 26.4 26.5 0.161703614
26.55 26.5 26.6 0.1609399202
26.65 26.6 26.7 0.1605207879
26.75 26.7 26.8 0.1563354508
26.85 26.8 26.9 0.1554009295
26.95 26.9 27 0.1462505642
27.05 27 27.1 0.1575951939
27.15 27.1 27.2 0.1552439283
27.25 27.2 27.3 0.1412429256
27.35 27.3 27.4 0.1419219572
27.45 27.4 27.5 0.1507962137
27.55 27.5 27.6 0.1512335085
27.65 27.6 27.7 0.130853519
27.75 27.7 27.8 0.1337790494
27.85 27.8 27.9 0.132972615
27.95 27.9 28 0.1432909088
28.05 28 28.1 0.1439643853
28.15 28.1 28.2 0.1320225853
28.25 28.2 28.3 0.1338640514
28.35 28.3 28.4 0.1338281335
28.45 28.4 28.5 0.130744438
28.55 28.5 28.6 0.137495519
28.65 28.6 28.7 0.1301524816
28.75 28.7 28.8 0.1332153717
28.85 28.8 28.9 0.1241017435
28.95 28.9 29 0.1332569105
29.05 29 29.1 0.1286010091
29.15 29.1 29.2 0.1273302557
29.25 29.2 29.3 0.1231416404
29.35 29.3 29.4 0.1156676298
29.45 29.4 29.5 0.129660715
29.55 29.5 29.6 0.1213357609
29.65 29.6 29.7 0.1160120913
29.75 29.7 29.8 0.120746273
29.85 29.8 29.9 0.1208890352
29.95 29.9 30 0.1169581348
30.05 30 30.1 0.1046231983
30.15 30.1 30.2 0.1143139759
30.25 30.2 30.3 0.113080603
30.35 30.3 30.4 0.1156846807
30.45 30.4 30.5 0.1123314169
30.55 30.5 30.6 0.114957615
30.65 30.6 30.7 0.1164165229
30.75 30.7 30.8 0.1116364106
30.85 30.8 30.9 0.1201162267
30.95 30.9 31 0.1075178709
31.05 31 31.1 0.1017185195
31.15 31.1 31.2 0.1094757202
31.25 31.2 31.3 0.09841545698
31.35 31.3 31.4 0.1100685943
31.45 31.4 31.5 0.09246964753
31.55 31.5 31.6 0.1101167203
31.65 31.6 31.7 0.1040838847
31.75 31.7 31.8 0.09690666249
31.85 31.8 31.9 0.1054868382
31.95 31.9 32 0.1065516076
32.05 32 32.1 0.09989846101
32.15 32.1 32.2 0.09127229364
32.25 32.2 32.3 0.09422266215
32.35 32.3 32.4 0.09358016022
32.45 32.4 32.5 0.09186280242
32.55 32.5 32.6 0.09509665817
32.65 32.6 32.7 0.0942632471
32.75 32.7 32.8 0.09309670989
32.85 32.8 32.9 0.08966157844
32.95 32.9 33 0.09955822253
33.05 33 33.1 0.09087685511
33.15 33.1 33.2 0.0966525179
33.25 33.2 33.3 0.08555890312
33.35 33.3 33.4 0.09536881078
33.45 33.4 33.5 0.08504283475
33.55 33.5 33.6 0.09728506142
33.65 33.6 33.7 0.08902831605
33.75 33.7 33.8 0.08740340813
33.85 33.8 33.9 0.08767719854
33.95 33.9 34 0.09085808022
34.05 34 34.1 0.08082123208
34.15 34.1 34.2 0.08411711923
34.25 34.2 34.3 0.08159299995
34.35 34.3 34.4 0.08507075702
34.45 34.4 34.5 0.07538891397
34.55 34.5 34.6 0.08394182924
34.65 34.6 34.7 0.08438490078
34.75 34.7 34.8 0.076324073
34.85 34.8 34.9 0.07778679
34.95 34.9 35 0.08183717997
35.05 35 35.1 0.08416386425
35.15 35.1 35.2 0.07464709793
35.25 35.2 35.3 0.0732305835
35.35 35.3 35.4 0.085267196
35.45 35.4 35.5 0.08150553712
35.55 35.5 35.6 0.08234158858
35.65 35.6 35.7 0.07809085307
35.75 35.7 35.8 0.071651737
35.85 35.8 35.9 0.08108204124
35.95 35.9 36 0.07945102182
36.05 36 36.1 0.07277556672
36.15 36.1 36.2 0.07285569125
36.25 36.2 36.3 0.07301301721
36.35 36.3 36.4 0.06999634523
36.45 36.4 36.5 0.07480747416
36.55 36.5 36.6 0.0747156794
36.65 36.6 36.7 0.07259020551
36.75 36.7 36.8 0.07592724738
36.85 36.8 36.9 0.06894319712
36.95 36.9 37 0.06879731538
37.05 37 37.1 0.06901023992
37.15 37.1 37.2 0.0716117381
37.25 37.2 37.3 0.07610910723
37.35 37.3 37.4 0.06878099694
37.45 37.4 37.5 0.07482504532
37.55 37.5 37.6 0.07190085832
37.65 37.6 37.7 0.0670964342
37.75 37.7 37.8 0.06481316014
37.85 37.8 37.9 0.06387292811
37.95 37.9 38 0.0635806849
38.05 38 38.1 0.06600468245
38.15 38.1 38.2 0.06524923311
38.25 38.2 38.3 0.06272542562
38.35 38.3 38.4 0.0615762456
38.45 38.4 38.5 0.0607790404
38.55 38.5 38.6 0.06047147135
38.65 38.6 38.7 0.06401066176
38.75 38.7 38.8 0.05995872015
38.85 38.8 38.9 0.05801877187
38.95 38.9 39 0.05937769595
39.05 39 39.1 0.06359088774
39.15 39.1 39.2 0.05923927622
39.25 39.2 39.3 0.06011657803
39.35 39.3 39.4 0.05674260526
39.45 39.4 39.5 0.0567656041
39.55 39.5 39.6 0.05633790262
39.65 39.6 39.7 0.06360280932
39.75 39.7 39.8 0.05736449107
39.85 39.8 39.9 0.05721971556
39.95 39.9 40 0.04811320568
40.05 40 40.1 0.05646592259
40.15 40.1 40.2 0.05496420443
40.25 40.2 40.3 0.05486355735
40.35 40.3 40.4 0.05442962015
40.45 40.4 40.5 0.05696414665
40.55 40.5 40.6 0.05214475199
40.65 40.6 40.7 0.05714208225
40.75 40.7 40.8 0.05613047997
40.85 40.8 40.9 0.05575765963
40.95 40.9 41 0.05132255105
41.05 41 41.1 0.05371329769
41.15 41.1 41.2 0.05336074483
41.25 41.2 41.3 0.05722392121
41.35 41.3 41.4 0.05219226105
41.45 41.4 41.5 0.0471271132
41.55 41.5 41.6 0.05029566781
41.65 41.6 41.7 0.04666651329
41.75 41.7 41.8 0.0530409738
41.85 41.8 41.9 0.05570763973
41.95 41.9 42 0.04942049928
42.05 42 42.1 0.04988914086
42.15 42.1 42.2 0.04610542959
42.25 42.2 42.3 0.04916821403
42.35 42.3 42.4 0.05014680951
42.45 42.4 42.5 0.04877961812
42.55 42.5 42.6 0.04705132667
42.65 42.6 42.7 0.04264092814
42.75 42.7 42.8 0.04630150755
42.85 42.8 42.9 0.04316951141
42.95 42.9 43 0.0500316315
43.05 43 43.1 0.04840235993
43.15 43.1 43.2 0.04048546784
43.25 43.2 43.3 0.04375993591
43.35 43.3 43.4 0.03945680997
43.45 43.4 43.5 0.04927128194
43.55 43.5 43.6 0.04634780139
43.65 43.6 43.7 0.04372576691
43.75 43.7 43.8 0.04609242139
43.85 43.8 43.9 0.0463795618
43.95 43.9 44 0.04376231937
44.05 44 44.1 0.03660684066
44.15 44.1 44.2 0.04031684786
44.25 44.2 44.3 0.04162067183
44.35 44.3 44.4 0.04251316893
44.45 44.4 44.5 0.04514883525
44.55 44.5 44.6 0.04369085288
44.65 44.6 44.7 0.03831534728
44.75 44.7 44.8 0.04113952573
44.85 44.8 44.9 0.03535419619
44.95 44.9 45 0.04097287638
45.05 45 45.1 0.03851464628
45.15 45.1 45.2 0.04082145542
45.25 45.2 45.3 0.03723882885
45.35 45.3 45.4 0.04103738758
45.45 45.4 45.5 0.03846350175
45.55 45.5 45.6 0.04108071415
45.65 45.6 45.7 0.03780591985
45.75 45.7 45.8 0.03723245125
45.85 45.8 45.9 0.0391818935
45.95 45.9 46 0.03934425767
46.05 46 46.1 0.03680303499
46.15 46.1 46.2 0.04193133407
46.25 46.2 46.3 0.03669281864
46.35 46.3 46.4 0.04114446153
46.45 46.4 46.5 0.03533490686
46.55 46.5 46.6 0.02897354173
46.65 46.6 46.7 0.03770603574
46.75 46.7 46.8 0.03137405488
46.85 46.8 46.9 0.0360368113
46.95 46.9 47 0.03351233758
47.05 47 47.1 0.03420874678
47.15 47.1 47.2 0.033052405
47.25 47.2 47.3 0.03286480945
47.35 47.3 47.4 0.03455368813
47.45 47.4 47.5 0.03528757467
47.55 47.5 47.6 0.03563974109
47.65 47.6 47.7 0.03293550114
47.75 47.7 47.8 0.02916065709
47.85 47.8 47.9 0.03284081326
47.95 47.9 48 0.03028864624
48.05 48 48.1 0.03188750249
48.15 48.1 48.2 0.03095215222
48.25 48.2 48.3 0.02871211981
48.35 48.3 48.4 0.03407759905
48.45 48.4 48.5 0.02866374424
48.55 48.5 48.6 0.02774053508
48.65 48.6 48.7 0.03705975494
48.75 48.7 48.8 0.0359013756
48.85 48.8 48.9 0.02754730612
48.95 48.9 49 0.03083648876
49.05 49 49.1 0.03319815048
49.15 49.1 49.2 0.03093498181
49.25 49.2 49.3 0.02668490246
49.35 49.3 49.4 0.03141099284
49.45 49.4 49.5 0.03178327006
49.55 49.5 49.6 0.02963668083
49.65 49.6 49.7 0.02841325448
49.75 49.7 49.8 0.02718736443
49.85 49.8 49.9 0.03116215098
49.95 49.9 50 0.03420730397
50.05 50 50.1 0.02961854281
50.15 50.1 50.2 0.02642638763
50.25 50.2 50.3 0.0319257152
50.35 50.3 50.4 0.029044436
50.45 50.4 50.5 0.02855467229
50.55 50.5 50.6 0.0326010075
50.65 50.6 50.7 0.03018005892
50.75 50.7 50.8 0.02657892343
50.85 50.8 50.9 0.03045420444
50.95 50.9 51 0.02677021505
51.05 51 51.1 0.02787151325
51.15 51.1 51.2 0.02648612229
51.25 51.2 51.3 0.02515427713
51.35 51.3 51.4 0.02841164645
51.45 51.4 51.5 0.02511741756
51.55 51.5 51.6 0.02381379689
51.65 51.6 51.7 0.02713431297
51.75 51.7 51.8 0.02560937753
51.85 51.8 51.9 0.02648110013
51.95 51.9 52 0.02721462378
52.05 52 52.1 0.02386487112
52.15 52.1 52.2 0.02679122646
52.25 52.2 52.3 0.03101583928
52.35 52.3 52.4 0.02978070393
52.45 52.4 52.5 0.02772887097
52.55 52.5 52.6 0.02744144277
52.65 52.6 52.7 0.02595889603
52.75 52.7 52.8 0.02662197351
52.85 52.8 52.9 0.03007531356
52.95 52.9 53 0.02543037724
53.05 53 53.1 0.02553914096
53.15 53.1 53.2 0.03013655685
53.25 53.2 53.3 0.02211308987
53.35 53.3 53.4 0.02202608785
53.45 53.4 53.5 0.02968781336
53.55 53.5 53.6 0.02528960901
53.65 53.6 53.7 0.02515646705
53.75 53.7 53.8 0.0222030891
53.85 53.8 53.9 0.02350379363
53.95 53.9 54 0.02470802553
54.05 54 54.1 0.02423518508
54.15 54.1 54.2 0.01949587671
54.25 54.2 54.3 0.0224961704
54.35 54.3 54.4 0.02214900762
54.45 54.4 54.5 0.02395674045
54.55 54.5 54.6 0.01977165589
54.65 54.6 54.7 0.01929130583
54.75 54.7 54.8 0.02431786341
54.85 54.8 54.9 0.0249553115
54.95 54.9 55 0.02464570546
55.05 55 55.1 0.02950999641
55.15 55.1 55.2 0.02550491746
55.25 55.2 55.3 0.02164934369
55.35 55.3 55.4 0.0248428779
55.45 55.4 55.5 0.02193600669
55.55 55.5 55.6 0.02329625313
55.65 55.6 55.7 0.02044476987
55.75 55.7 55.8 0.02290157923
55.85 55.8 55.9 0.02163074922
55.95 55.9 56 0.02193916428
56.05 56 56.1 0.02351425311
56.15 56.1 56.2 0.01788602579
56.25 56.2 56.3 0.02131641479
56.35 56.3 56.4 0.02284070549
56.45 56.4 56.5 0.01719361053
56.55 56.5 56.6 0.02131125791
56.65 56.6 56.7 0.018417878
56.75 56.7 56.8 0.02416223715
56.85 56.8 56.9 0.01888682993
56.95 56.9 57 0.01748986646
57.05 57 57.1 0.01668665334
57.15 57.1 57.2 0.0218986261
57.25 57.2 57.3 0.02230803208
57.35 57.3 57.4 0.02122864355
57.45 57.4 57.5 0.01917665176
57.55 57.5 57.6 0.01769711214
57.65 57.6 57.7 0.01609567714
57.75 57.7 57.8 0.02019511855
57.85 57.8 57.9 0.01672638256
57.95 57.9 58 0.01719871928
58.05 58 58.1 0.02198344681
58.15 58.1 58.2 0.02205322177
58.25 58.2 58.3 0.01927691317
58.35 58.3 58.4 0.021903054
58.45 58.4 58.5 0.01639653924
58.55 58.5 58.6 0.01349356489
58.65 58.6 58.7 0.02105614696
58.75 58.7 58.8 0.02281723589
58.85 58.8 58.9 0.01585443931
58.95 58.9 59 0.01521357137
59.05 59 59.1 0.01803493634
59.15 59.1 59.2 0.01700046652
59.25 59.2 59.3 0.01780306877
59.35 59.3 59.4 0.01098955972
59.45 59.4 59.5 0.02011545773
59.55 59.5 59.6 0.01562422302
59.65 59.6 59.7 0.01729237495
59.75 59.7 59.8 0.01806922033
59.85 59.8 59.9 0.01749024222
59.95 59.9 60 0.01848894318
60.05 60 60.1 0.01747692335
60.15 60.1 60.2 0.01778630968
60.25 60.2 60.3 0.01810291197
60.35 60.3 60.4 0.01393740213
60.45 60.4 60.5 0.01584464968
60.55 60.5 60.6 0.01530724992
60.65 60.6 60.7 0.01746569478
60.75 60.7 60.8 0.02068084244
60.85 60.8 60.9 0.01527462759
60.95 60.9 61 0.01686302605
61.05 61 61.1 0.01727699477
61.15 61.1 61.2 0.01345285474
61.25 61.2 61.3 0.01721401509
61.35 61.3 61.4 0.01586146846
61.45 61.4 61.5 0.01210219091
61.55 61.5 61.6 0.01500336362
61.65 61.6 61.7 0.01733678034
61.75 61.7 61.8 0.01188258683
61.85 61.8 61.9 0.01477837201
61.95 61.9 62 0.01507905405
62.05 62 62.1 0.01458311317
62.15 62.1 62.2 0.009879987225
62.25 62.2 62.3 0.01460810535
62.35 62.3 62.4 0.01315921907
62.45 62.4 62.5 0.0123174806
62.55 62.5 62.6 0.01350466263
62.65 62.6 62.7 0.01471140626
62.75 62.7 62.8 0.0122487806
62.85 62.8 62.9 0.01121848263
62.95 62.9 63 0.01266844474
63.05 63 63.1 0.01184501111
63.15 63.1 63.2 0.01387109529
63.25 63.2 63.3 0.01396993065
63.35 63.3 63.4 0.01798048085
63.45 63.4 63.5 0.01556872166
63.55 63.5 63.6 0.01425072805
63.65 63.6 63.7 0.01160906177
63.75 63.7 63.8 0.01241534871
63.85 63.8 63.9 0.009397111325
63.95 63.9 64 0.01571701803
64.05 64 64.1 0.01608101363
64.15 64.1 64.2 0.01213982676
64.25 64.2 64.3 0.01517761885
64.35 64.3 64.4 0.01519458035
64.45 64.4 64.5 0.01210190425
64.55 64.5 64.6 0.01316575085
64.65 64.6 64.7 0.0169573985
64.75 64.7 64.8 0.006961996219
64.85 64.8 64.9 0.01376867221
64.95 64.9 65 0.01025706866
65.05 65 65.1 0.01063618954
65.15 65.1 65.2 0.01244988582
65.25 65.2 65.3 0.01455672254
65.35 65.3 65.4 0.01540157453
65.45 65.4 65.5 0.008023929675
65.55 65.5 65.6 0.009566648978
65.65 65.6 65.7 0.01339082252
65.75 65.7 65.8 0.01187245727
65.85 65.8 65.9 0.01340227025
65.95 65.9 66 0.01012827082
66.05 66 66.1 0.01353274977
66.15 66.1 66.2 0.01321048091
66.25 66.2 66.3 0.01046542666
66.35 66.3 66.4 0.01264895483
66.45 66.4 66.5 0.01294354265
66.55 66.5 66.6 0.01476366525
66.65 66.6 66.7 0.009061894436
66.75 66.7 66.8 0.0100866557
66.85 66.8 66.9 0.01322331674
66.95 66.9 67 0.007794571449
67.05 67 67.1 0.01582672768
67.15 67.1 67.2 0.01001138754
67.25 67.2 67.3 0.009513366037
67.35 67.3 67.4 0.0117229927
67.45 67.4 67.5 0.0135580782
67.55 67.5 67.6 0.01085831912
67.65 67.6 67.7 0.01105148469
67.75 67.7 67.8 0.01395144917
67.85 67.8 67.9 0.014849731
67.95 67.9 68 0.01319347194
68.05 68 68.1 0.01069704414
68.15 68.1 68.2 0.0123643995
68.25 68.2 68.3 0.01234192884
68.35 68.3 68.4 0.01196568214
68.45 68.4 68.5 0.009860926959
68.55 68.5 68.6 0.01064671525
68.65 68.6 68.7 0.005323414838
68.75 68.7 68.8 0.005731418829
68.85 68.8 68.9 0.007094222267
68.95 68.9 69 0.008634697783
69.05 69 69.1 0.008932313987
69.15 69.1 69.2 0.007874501274
69.25 69.2 69.3 0.008874714036
69.35 69.3 69.4 0.01133313812
69.45 69.4 69.5 0.01438645436
69.55 69.5 69.6 0.006452718998
69.65 69.6 69.7 0.009831330487
69.75 69.7 69.8 0.009773108568
69.85 69.8 69.9 0.01086976042
69.95 69.9 70 0.008730629885
70.05 70 70.1 0.00875968377
70.15 70.1 70.2 0.01216583649
70.25 70.2 70.3 0.006739113486
70.35 70.3 70.4 0.0100361579
70.45 70.4 70.5 0.008809314094
70.55 70.5 70.6 0.009190744318
70.65 70.6 70.7 0.008590707544
70.75 70.7 70.8 0.009605031108
70.85 70.8 70.9 0.009891454411
70.95 70.9 71 0.007039602853
71.05 71 71.1 0.007501720128
71.15 71.1 71.2 0.005542730743
71.25 71.2 71.3 0.01136862623
71.35 71.3 71.4 0.00888554363
71.45 71.4 71.5 0.008986854778
71.55 71.5 71.6 0.005169607348
71.65 71.6 71.7 0.007057602436
71.75 71.7 71.8 0.008879333197
71.85 71.8 71.9 0.009126585123
71.95 71.9 72 0.01090423264
72.05 72 72.1 0.009445269534
72.15 72.1 72.2 0.007822685304
72.25 72.2 72.3 0.009251817808
72.35 72.3 72.4 0.0105018857
72.45 72.4 72.5 0.005340484768
72.55 72.5 72.6 0.00829804261
72.65 72.6 72.7 0.007710578298
72.75 72.7 72.8 0.00965608357
72.85 72.8 72.9 0.0103638418
72.95 72.9 73 0.008779467586
73.05 73 73.1 0.005985684271
73.15 73.1 73.2 0.01111059976
73.25 73.2 73.3 0.007250617417
73.35 73.3 73.4 0.009359184646
73.45 73.4 73.5 0.008895489409
73.55 73.5 73.6 0.01121765259
73.65 73.6 73.7 0.01070775107
73.75 73.7 73.8 0.005712616576
73.85 73.8 73.9 0.008487646916
73.95 73.9 74 0.009144378477
74.05 74 74.1 0.003575588113
74.15 74.1 74.2 0.00667051154
74.25 74.2 74.3 0.008997929961
74.35 74.3 74.4 0.007963597873
74.45 74.4 74.5 0.005884653784
74.55 74.5 74.6 0.009365168776
74.65 74.6 74.7 0.007275605248
74.75 74.7 74.8 0.006650171126
74.85 74.8 74.9 0.008209377332
74.95 74.9 75 0.008927767495
75.05 75 75.1 0.0103915371
75.15 75.1 75.2 0.006036703133
75.25 75.2 75.3 0.007964507041
75.35 75.3 75.4 0.009557216725
75.45 75.4 75.5 0.005074927668
75.55 75.5 75.6 0.006580385559
75.65 75.6 75.7 0.006504068166
75.75 75.7 75.8 0.008280203181
75.85 75.8 75.9 0.009866067808
75.95 75.9 76 0.00676189461
76.05 76 76.1 0.008873736701
76.15 76.1 76.2 0.007255101694
76.25 76.2 76.3 0.003721301458
76.35 76.3 76.4 0.007408151016
76.45 76.4 76.5 0.006291976637
76.55 76.5 76.6 0.008703810229
76.65 76.6 76.7 0.01042078721
76.75 76.7 76.8 0.008521843212
76.85 76.8 76.9 0.004570164396
76.95 76.9 77 0.01069181635
77.05 77 77.1 0.006197656778
77.15 77.1 77.2 0.00661302989
77.25 77.2 77.3 0.00944762141
77.35 77.3 77.4 0.009101711672
77.45 77.4 77.5 0.006838825244
77.55 77.5 77.6 0.006378944557
77.65 77.6 77.7 0.004114625194
77.75 77.7 77.8 0.003624196487
77.85 77.8 77.9 0.008753784927
77.95 77.9 78 0.007163027204
78.05 78 78.1 0.007546070079
78.15 78.1 78.2 0.007937101383
78.25 78.2 78.3 0.003537968568
78.35 78.3 78.4 0.007202495026
78.45 78.4 78.5 0.009089960539
78.55 78.5 78.6 0.007140704214
78.65 78.6 78.7 0.01026162856
78.75 78.7 78.8 0.007155360033
78.85 78.8 78.9 0.006645649511
78.95 78.9 79 0.007192906512
79.05 79 79.1 0.009987108481
79.15 79.1 79.2 0.004786463309
79.25 79.2 79.3 0.004748190023
79.35 79.3 79.4 0.008828081548
79.45 79.4 79.5 0.00483376081
79.55 79.5 79.6 0.006198047471
79.65 79.6 79.7 0.008748792865
79.75 79.7 79.8 0.004766935395
79.85 79.8 79.9 0.007202898655
79.95 79.9 80 0.004214997536
80.05 80 80.1 0.003230384083
80.15 80.1 80.2 0.006276560747
80.25 80.2 80.3 0.00734811526
80.35 80.3 80.4 0.009052306524
80.45 80.4 80.5 0.006951231205
80.55 80.5 80.6 0.004065683692
80.65 80.6 80.7 0.006143328569
80.75 80.7 80.8 0.00647669342
80.85 80.8 80.9 0.00694174602
80.95 80.9 81 0.007422703837
81.05 81 81.1 0.003613677053
81.15 81.1 81.2 0.007566271437
81.25 81.2 81.3 0.006287696476
81.35 81.3 81.4 0.008932522594
81.45 81.4 81.5 0.005596448201
81.55 81.5 81.6 0.007254171141
81.65 81.6 81.7 0.004223279021
81.75 81.7 81.8 0.003889134785
81.85 81.8 81.9 0.008508774339
81.95 81.9 82 0.008274559429
82.05 82 82.1 0.00498874326
82.15 82.1 82.2 0.006196114784
82.25 82.2 82.3 0.004190036157
82.35 82.3 82.4 0.006507848752
82.45 82.4 82.5 0.008214473223
82.55 82.5 82.6 0.007575610716
82.65 82.6 82.7 0.006813959383
82.75 82.7 82.8 0.007578186379
82.85 82.8 82.9 0.005667954655
82.95 82.9 83 0.005642010944
83.05 83 83.1 0.006207006489
83.15 83.1 83.2 0.006860403805
83.25 83.2 83.3 0.00649331597
83.35 83.3 83.4 0.003508075905
83.45 83.4 83.5 0.005936282377
83.55 83.5 83.6 0.003953983778
83.65 83.6 83.7 0.007973089708
83.75 83.7 83.8 0.006663495146
83.85 83.8 83.9 0.006785345251
83.95 83.9 84 0.006800035495
84.05 84 84.1 0.008473149459
84.15 84.1 84.2 0.008754027393
84.25 84.2 84.3 0.005828548603
84.35 84.3 84.4 0.003537205043
84.45 84.4 84.5 0.002317089991
84.55 84.5 84.6 0.007724847302
84.65 84.6 84.7 0.00707724921
84.75 84.7 84.8 0.00690642309
84.85 84.8 84.9 0.007145296206
84.95 84.9 85 0.007736779696
85.05 85 85.1 0.004861394451
85.15 85.1 85.2 0.007466535386
85.25 85.2 85.3 0.004868475289
85.35 85.3 85.4 0.007261910127
85.45 85.4 85.5 0.004677048394
85.55 85.5 85.6 0.00749648826
85.65 85.6 85.7 0.006727564596
85.75 85.7 85.8 0.009781116264
85.85 85.8 85.9 0.002997887141
85.95 85.9 86 0.006845176425
86.05 86 86.1 0.004918180905
86.15 86.1 86.2 0.00773295168
86.25 86.2 86.3 0.005552769988
86.35 86.3 86.4 0.00715254387
86.45 86.4 86.5 0.003680230532
86.55 86.5 86.6 0.006819634417
86.65 86.6 86.7 0.00264801335
86.75 86.7 86.8 0.005320991375
86.85 86.8 86.9 0.00421437465
86.95 86.9 87 0.003043267827
87.05 87 87.1 0.006616613007
87.15 87.1 87.2 0.005817117733
87.25 87.2 87.3 0.006551631578
87.35 87.3 87.4 0.004310811499
87.45 87.4 87.5 0.007908472173
87.55 87.5 87.6 0.007051902793
87.65 87.6 87.7 0.007714395213
87.75 87.7 87.8 0.005971970133
87.85 87.8 87.9 0.008224136513
87.95 87.9 88 0.005987793424
88.05 88 88.1 0.001771316613
88.15 88.1 88.2 0.008159887594
88.25 88.2 88.3 0.005327014985
88.35 88.3 88.4 0.004712798625
88.45 88.4 88.5 0.006778523948
88.55 88.5 88.6 0.00507811362
88.65 88.6 88.7 0.004619422888
88.75 88.7 88.8 0.004975487225
88.85 88.8 88.9 0.007711924063
88.95 88.9 89 0.007788668035
89.05 89 89.1 0.007013048133
89.15 89.1 89.2 0.003396462872
89.25 89.2 89.3 0.00544651502
89.35 89.3 89.4 0.007374033176
89.45 89.4 89.5 0.004384837067
89.55 89.5 89.6 0.006069498677
89.65 89.6 89.7 0.006597686948
89.75 89.7 89.8 0.006565946666
89.85 89.8 89.9 0.00549134691
89.95 89.9 90 0.004044170658
90.05 90 90.1 0.003562496557
90.15 90.1 90.2 0.004753834228
90.25 90.2 90.3 0.005110897996
90.35 90.3 90.4 0.006955233717
90.45 90.4 90.5 0.008736949199
90.55 90.5 90.6 0.004589029937
90.65 90.6 90.7 0.008209953995
90.75 90.7 90.8 0.006398254316
90.85 90.8 90.9 0.006094421063
90.95 90.9 91 0.005223337318
91.05 91 91.1 0.005118690551
91.15 91.1 91.2 0.006235758405
91.25 91.2 91.3 0.005343292544
91.35 91.3 91.4 0.009141924202
91.45 91.4 91.5 0.006162356615
91.55 91.5 91.6 0.003188126336
91.65 91.6 91.7 0.008620064767
91.75 91.7 91.8 0.007508330011
91.85 91.8 91.9 0.00271402976
91.95 91.9 92 0.0003785941882
92.05 92 92.1 0.003142946674
92.15 92.1 92.2 0.00353296159
92.25 92.2 92.3 0.004973644913
92.35 92.3 92.4 0.006578559727
92.45 92.4 92.5 0.005195499532
92.55 92.5 92.6 0.005535559264
92.65 92.6 92.7 0.005216861068
92.75 92.7 92.8 0.00639164018
92.85 92.8 92.9 0.006025119967
92.95 92.9 93 0.005955268613
93.05 93 93.1 0.005238030207
93.15 93.1 93.2 0.004673150661
93.25 93.2 93.3 0.006812151034
93.35 93.3 93.4 0.004052071297
93.45 93.4 93.5 0.006460584272
93.55 93.5 93.6 0.004467938055
93.65 93.6 93.7 0.005091620615
93.75 93.7 93.8 0.006728304828
93.85 93.8 93.9 0.002967523859
93.95 93.9 94 0.005023940893
94.05 94 94.1 0.003292977378
94.15 94.1 94.2 0.003967981527
94.25 94.2 94.3 0.005816948617
94.35 94.3 94.4 0.004303642233
94.45 94.4 94.5 0.005683341914
94.55 94.5 94.6 0.005505360599
94.65 94.6 94.7 0.003912515611
94.75 94.7 94.8 0.005671925984
94.85 94.8 94.9 0.005832739634
94.95 94.9 95 0.004613659792
95.05 95 95.1 0.003888283861
95.15 95.1 95.2 0.005283701276
95.25 95.2 95.3 0.006712477614
95.35 95.3 95.4 0.003721795859
95.45 95.4 95.5 0.004770069704
95.55 95.5 95.6 0.00304109299
95.65 95.6 95.7 0.006543182771
95.75 95.7 95.8 0.007682131676
95.85 95.8 95.9 0.004532894468
95.95 95.9 96 0.007311430738
96.05 96 96.1 0.00771459733
96.15 96.1 96.2 0.006436313237
96.25 96.2 96.3 0.006950177642
96.35 96.3 96.4 0.006822238283
96.45 96.4 96.5 0.008475330335
96.55 96.5 96.6 0.005692585915
96.65 96.6 96.7 0.005255128817
96.75 96.7 96.8 0.007163565725
96.85 96.8 96.9 0.005839782235
96.95 96.9 97 0.007141172364
97.05 97 97.1 0.004668534395
97.15 97.1 97.2 0.006029153579
97.25 97.2 97.3 0.004398458407
97.35 97.3 97.4 0.00446148149
97.45 97.4 97.5 0.003386178353
97.55 97.5 97.6 0.006149061349
97.65 97.6 97.7 0.002988633463
97.75 97.7 97.8 0.004125002869
97.85 97.8 97.9 0.006239525333
97.95 97.9 98 0.003635466983
98.05 98 98.1 0.001693703951
98.15 98.1 98.2 0.004444348099
98.25 98.2 98.3 0.006205533751
98.35 98.3 98.4 0.004276197384
98.45 98.4 98.5 0.006300888933
98.55 98.5 98.6 0.003722402107
98.65 98.6 98.7 0.006235735652
98.75 98.7 98.8 0.005964170164
98.85 98.8 98.9 0.004867852117
98.95 98.9 99 0.006173579933
99.05 99 99.1 0.003913806579
99.15 99.1 99.2 0.005897228973
99.25 99.2 99.3 0.008605498678
99.35 99.3 99.4 0.003366222851
99.45 99.4 99.5 0.004576973791
99.55 99.5 99.6 0.00593620684
99.65 99.6 99.7 0.00464955458
99.75 99.7 99.8 0.004648110999
99.85 99.8 99.9 0.003867464044
99.95 99.9 100 0.003775348978
100.05 100 100.1 0.003117341094
100.15 100.1 100.2 0.00829382695
100.25 100.2 100.3 0.005646866979
100.35 100.3 100.4 0.009747211598
100.45 100.4 100.5 0.00360954478
100.55 100.5 100.6 0.006605343063
100.65 100.6 100.7 0.007623996341
100.75 100.7 100.8 0.004228178696
100.85 100.8 100.9 0.002236162715
100.95 100.9 101 0.001987858884
101.05 101 101.1 0.004014226233
101.15 101.1 101.2 0.005820609122
101.25 101.2 101.3 0.006076575899
101.35 101.3 101.4 0.006241545574
101.45 101.4 101.5 0.007663813375
101.55 101.5 101.6 0.004086772844
101.65 101.6 101.7 0.006039581325
101.75 101.7 101.8 0.002909559453
101.85 101.8 101.9 0.005316516685
101.95 101.9 102 0.004650968166
102.05 102 102.1 0.003319611228
102.15 102.1 102.2 0.006144293652
102.25 102.2 102.3 0.005581157035
102.35 102.3 102.4 0.005011394116
102.45 102.4 102.5 0.005606303789
102.55 102.5 102.6 0.004518109074
102.65 102.6 102.7 0.004748265212
102.75 102.7 102.8 0.004080928888
102.85 102.8 102.9 0.007110422877
102.95 102.9 103 0.007468938624
103.05 103 103.1 0.004489098849
103.15 103.1 103.2 0.004627908655
103.25 103.2 103.3 0.003377368659
103.35 103.3 103.4 0.006861030535
103.45 103.4 103.5 0.005303991714
103.55 103.5 103.6 0.004451759453
103.65 103.6 103.7 0.006806855171
103.75 103.7 103.8 0.004946176825
103.85 103.8 103.9 0.005109477015
103.95 103.9 104 0.005597611358
104.05 104 104.1 0.005369603507
104.15 104.1 104.2 0.004358561012
104.25 104.2 104.3 0.006919768437
104.35 104.3 104.4 0.005534465553
104.45 104.4 104.5 0.003120187393
104.55 104.5 104.6 0.0066119422
104.65 104.6 104.7 0.003470269333
104.75 104.7 104.8 0.005265205048
104.85 104.8 104.9 0.005588137673
104.95 104.9 105 0.0029551736
105.05 105 105.1 0.003881230997
105.15 105.1 105.2 0.005450551775
105.25 105.2 105.3 0.003715418045
105.35 105.3 105.4 0.005396596069
105.45 105.4 105.5 0.005076800619
105.55 105.5 105.6 0.002994899795
105.65 105.6 105.7 0.004207785934
105.75 105.7 105.8 0.00533559854
105.85 105.8 105.9 0.004835805737
105.95 105.9 106 0.006330615214
106.05 106 106.1 0.005270371344
106.15 106.1 106.2 0.004864358838
106.25 106.2 106.3 0.004796122843
106.35 106.3 106.4 0.002674544376
106.45 106.4 106.5 0.002905053216
106.55 106.5 106.6 0.004114078905
106.65 106.6 106.7 0.006667892148
106.75 106.7 106.8 0.005196680217
106.85 106.8 106.9 0.002945298688
106.95 106.9 107 0.00607675327
107.05 107 107.1 0.005334854554
107.15 107.1 107.2 0.005357152985
107.25 107.2 107.3 0.003841973962
107.35 107.3 107.4 0.005159941831
107.45 107.4 107.5 0.001765479046
107.55 107.5 107.6 0.002986649168
107.65 107.6 107.7 0.005289156717
107.75 107.7 107.8 0.0006443062037
107.85 107.8 107.9 0.00527416737
107.95 107.9 108 0.00321900634
108.05 108 108.1 0.005438141852
108.15 108.1 108.2 0.003135573859
108.25 108.2 108.3 0.003548828286
108.35 108.3 108.4 0.003330609835
108.45 108.4 108.5 0.00416356349
108.55 108.5 108.6 0.003210339984
108.65 108.6 108.7 0.005176468981
108.75 108.7 108.8 0.004258320468
108.85 108.8 108.9 0.003580362575
108.95 108.9 109 0.0028287665
109.05 109 109.1 0.005755560694
109.15 109.1 109.2 0.004378925553
109.25 109.2 109.3 0.003642005441
109.35 109.3 109.4 0.005645538609
109.45 109.4 109.5 0.005555047534
109.55 109.5 109.6 0.003725352779
109.65 109.6 109.7 0.004007391874
109.75 109.7 109.8 0.004046858257
109.85 109.8 109.9 0.005290166333
109.95 109.9 110 0.003629342664
110.05 110 110.1 0.004246218951
110.15 110.1 110.2 -0.0006524212012
110.25 110.2 110.3 0.00404613713
110.35 110.3 110.4 0.005056621671
110.45 110.4 110.5 0.00427367694
110.55 110.5 110.6 0.002879499661
110.65 110.6 110.7 0.002482738117
110.75 110.7 110.8 0.002868544165
110.85 110.8 110.9 0.007235749951
110.95 110.9 111 0.00454710926
111.05 111 111.1 0.003618202264
111.15 111.1 111.2 0.004186332607
111.25 111.2 111.3 0.005603427642
111.35 111.3 111.4 0.003130163143
111.45 111.4 111.5 0.0025573862
111.55 111.5 111.6 0.005246880082
111.65 111.6 111.7 0.00650234385
111.75 111.7 111.8 0.002353547433
111.85 111.8 111.9 0.005404402479
111.95 111.9 112 0.004718146621
112.05 112 112.1 0.003534566232
112.15 112.1 112.2 0.004384596043
112.25 112.2 112.3 0.002178339177
112.35 112.3 112.4 0.003964913734
112.45 112.4 112.5 0.003532242273
112.55 112.5 112.6 0.003331630064
112.65 112.6 112.7 0.005313859756
112.75 112.7 112.8 0.003995306738
112.85 112.8 112.9 0.003961030435
112.95 112.9 113 0.003346946298
113.05 113 113.1 0.004347817434
113.15 113.1 113.2 0.002505685024
113.25 113.2 113.3 0.00639384336
113.35 113.3 113.4 0.002774707583
113.45 113.4 113.5 0.002587009036
113.55 113.5 113.6 0.002269358664
113.65 113.6 113.7 0.001566278587
113.75 113.7 113.8 0.0004372987214
113.85 113.8 113.9 0.003947903002
113.95 113.9 114 0.00225740228
114.05 114 114.1 0.002312222467
114.15 114.1 114.2 0.001797522051
114.25 114.2 114.3 0.00199805841
114.35 114.3 114.4 0.001504606004
114.45 114.4 114.5 0.001585128193
114.55 114.5 114.6 0.004829599824
114.65 114.6 114.7 0.002051910516
114.75 114.7 114.8 0.0003546517859
114.85 114.8 114.9 0.0004925869565
114.95 114.9 115 0.001583314903
115.05 115 115.1 0.002546866635
115.15 115.1 115.2 0.001095087144
115.25 115.2 115.3 0.001864431481
115.35 115.3 115.4 0.003586266418
115.45 115.4 115.5 0.0007914074865
115.55 115.5 115.6 0.0006951806963
115.65 115.6 115.7 0.002850652367
115.75 115.7 115.8 0.001993353281
115.85 115.8 115.9 0.002980047639
115.95 115.9 116 0.002071163468
116.05 116 116.1 0.005306790376
116.15 116.1 116.2 0.002699563075
116.25 116.2 116.3 0.001768277912
116.35 116.3 116.4 0.002900875392
116.45 116.4 116.5 1.768585696e-05
116.55 116.5 116.6 0.001911569846
116.65 116.6 116.7 0.001311494393
116.75 116.7 116.8 0.00393913334
116.85 116.8 116.9 0.0002850614908
116.95 116.9 117 0.005060676035
117.05 117 117.1 0.005390788042
117.15 117.1 117.2 0.002701360031
117.25 117.2 117.3 0.001554154105
117.35 117.3 117.4 0.001212568359
117.45 117.4 117.5 0.002879331959
117.55 117.5 117.6 0.003180202817
117.65 117.6 117.7 0.002832790657
117.75 117.7 117.8 0.002528026058
117.85 117.8 117.9 -0.0004914321851
117.95 117.9 118 0.002011255852
118.05 118 118.1 0.0006155578358
118.15 118.1 118.2 -0.0004566218847
118.25 118.2 118.3 0.002754975957
118.35 118.3 118.4 0.000743181723
118.45 118.4 118.5 0.002771953219
118.55 118.5 118.6 0.001186264213
118.65 118.6 118.7 0.002473713324
118.75 118.7 118.8 -0.0005963361439
118.85 118.8 118.9 0.0008351288652
118.95 118.9 119 0.001937855717
119.05 119 119.1 0.001283827339
119.15 119.1 119.2 0.0005411752157
119.25 119.2 119.3 0.001691360654
119.35 119.3 119.4 0.001688426157
119.45 119.4 119.5 0.001692326792
119.55 119.5 119.6 0.0006576381915
119.65 119.6 119.7 0.0007407868239
119.75 119.7 119.8 0.0007423838209
119.85 119.8 119.9 -7.561060726e-05
119.95 119.9 120 -4.715294695e-05
120.05 120 120.1 0.002064888612
120.15 120.1 120.2 0.001347211214
120.25 120.2 120.3 0.0009238242448
120.35 120.3 120.4 4.962603779e-05
120.45 120.4 120.5 0.00101710162
120.55 120.5 120.6 -0.002339045075
120.65 120.6 120.7 0.000120767654
120.75 120.7 120.8 -0.0001964029694
120.85 120.8 120.9 -0.000355363494
120.95 120.9 121 0.0008504481338
121.05 121 121.1 0.0005923880875
121.15 121.1 121.2 0.001972617496
121.25 121.2 121.3 -0.0008006512794
121.35 121.3 121.4 0.0005692818721
121.45 121.4 121.5 0.00338364766
121.55 121.5 121.6 0.000626597914
121.65 121.6 121.7 9.433534613e-05
121.75 121.7 121.8 0.0002994241233
121.85 121.8 121.9 0.0006997727638
121.95 121.9 122 0.0006040900246
122.05 122 122.1 0.003036265258
122.15 122.1 122.2 -8.324504507e-06
122.25 122.2 122.3 0.002189433318
122.35 122.3 122.4 0.001168265828
122.45 122.4 122.5 0.001452996543
122.55 122.5 122.6 0.001710794304
122.65 122.6 122.7 0.001631274703
122.75 122.7 122.8 0.001300992542
122.85 122.8 122.9 0.0014538505
122.95 122.9 123 -0.0005947013037
123.05 123 123.1 -0.0003955685769
123.15 123.1 123.2 -0.001194720263
123.25 123.2 123.3 0.0007601792732
123.35 123.3 123.4 0.001556429767
123.45 123.4 123.5 0.001809828908
123.55 123.5 123.6 -0.0004743554111
123.65 123.6 123.7 -0.0008064228562
123.75 123.7 123.8 0.002897510576
123.85 123.8 123.9 -0.0004436902061
123.95 123.9 124 0.002872177852
124.05 124 124.1 -0.0004450577916
124.15 124.1 124.2 0.001430507908
124.25 124.2 124.3 0.0007712625134
124.35 124.3 124.4 0.0007323719002
124.45 124.4 124.5 0.0003188696571
124.55 124.5 124.6 -0.0008251296912
124.65 124.6 124.7 0.001820495233
124.75 124.7 124.8 0.0003506316097
124.85 124.8 124.9 -0.000894381019
124.95 124.9 125 0.0003731296712
125.05 125 125.1 0.0006473943174
125.15 125.1 125.2 -0.0007617776588
125.25 125.2 125.3 0.0003475368482
125.35 125.3 125.4 0.00224375382
125.45 125.4 125.5 0.002642859418
125.55 125.5 125.6 0.001096011998
125.65 125.6 125.7 -0.001673320508
125.75 125.7 125.8 0.001219287384
125.85 125.8 125.9 0.001882949918
125.95 125.9 126 0.0001380759757
126.05 126 126.1 -0.0001195225721
126.15 126.1 126.2 0.002209856291
126.25 126.2 126.3 0.0005622811659
126.35 126.3 126.4 0.0009761839449
126.45 126.4 126.5 0.002380074472
126.55 126.5 126.6 -0.0003938520683
126.65 126.6 126.7 -0.001267093147
126.75 126.7 126.8 0.0001892190708
126.85 126.8 126.9 -0.0008434436073
126.95 126.9 127 -0.001084506976
127.05 127 127.1 0.0005033076822
127.15 127.1 127.2 0.0001345515999
127.25 127.2 127.3 -0.0004129095251
127.35 127.3 127.4 -7.461464774e-05
127.45 127.4 127.5 0.001987495665
127.55 127.5 127.6 0.002008890328
127.65 127.6 127.7 0.002559989734
127.75 127.7 127.8 -0.0002880621149
127.85 127.8 127.9 0.0003075787888
127.95 127.9 128 -4.988840681e-05
128.05 128 128.1 0.001221138294
128.15 128.1 128.2 0.003954622168
128.25 128.2 128.3 -8.364029446e-05
128.35 128.3 128.4 0.0006079575269
128.45 128.4 128.5 -0.0007632015021
128.55 128.5 128.6 0.002001627098
128.65 128.6 128.7 -0.0003775141892
128.75 128.7 128.8 0.000926322762
128.85 128.8 128.9 -0.0008627996038
128.95 128.9 129 0.001747770143
129.05 129 129.1 0.001623277189
129.15 129.1 129.2 0.001297828585
129.25 129.2 129.3 0.001664227239
129.35 129.3 129.4 0.0005859289764
129.45 129.4 129.5 -0.0005519850499
129.55 129.5 129.6 0.001582917464
129.65 129.6 129.7 0.001812937208
129.75 129.7 129.8 0.001027148631
129.85 129.8 129.9 2.946898829e-05
129.95 129.9 130 6.006044924e-05
130.05 130 130.1 0.0003675133357
130.15 130.1 130.2 0.001761072517
130.25 130.2 130.3 0.001688432913
130.35 130.3 130.4 0.0003272409532
130.45 130.4 130.5 0.001012801791
130.55 130.5 130.6 0.0003690002553
130.65 130.6 130.7 -0.0001165462167
130.75 130.7 130.8 0.001593106149
130.85 130.8 130.9 0.0005862512434
130.95 130.9 131 -0.0006911050697
131.05 131 131.1 0.001571424467
131.15 131.1 131.2 0.0008458686854
131.25 131.2 131.3 0.001246732004
131.35 131.3 131.4 -9.418873337e-05
131.45 131.4 131.5 -0.0003235878933
131.55 131.5 131.6 0.0009789337883
131.65 131.6 131.7 0.0004851062637
131.75 131.7 131.8 0.001181894996
131.85 131.8 131.9 0.001450144032
131.95 131.9 132 0.0005579179739
132.05 132 132.1 -0.000804548028
132.15 132.1 132.2 0.0001386740579
132.25 132.2 132.3 0.0008552096753
132.35 132.3 132.4 0.001394025922
132.45 132.4 132.5 8.166111841e-05
132.55 132.5 132.6 0.0005740245807
132.65 132.6 132.7 0.0008954936307
132.75 132.7 132.8 0.00126718731
132.85 132.8 132.9 -0.0007675082619
132.95 132.9 133 6.944713979e-05
133.05 133 133.1 0.001153861781
133.15 133.1 133.2 0.0009777547024
133.25 133.2 133.3 -0.001359492478
133.35 133.3 133.4 0.001242317617
133.45 133.4 133.5 -0.00177600893
133.55 133.5 133.6 0.000331336873
133.65 133.6 133.7 -0.0007191756184
133.75 133.7 133.8 -0.0002105549323
133.85 133.8 133.9 0.0005880128233
133.95 133.9 134 -0.001816316816
134.05 134 134.1 0.001599791757
134.15 134.1 134.2 0.001039283002
134.25 134.2 134.3 -0.0002802580724
134.35 134.3 134.4 -0.0003803443683
134.45 134.4 134.5 -0.002194399791
134.55 134.5 134.6 0.001234502668
134.65 134.6 134.7 7.668939076e-05
134.75 134.7 134.8 -0.001281797141
134.85 134.8 134.9 -0.0007365693094
134.95 134.9 135 -0.0001624325732
135.05 135 135.1 -0.002126588516
135.15 135.1 135.2 -0.0005525109619
135.25 135.2 135.3 0.001121403068
135.35 135.3 135.4 -0.0001572053526
135.45 135.4 135.5 -0.001339071803
135.55 135.5 135.6 -0.001263900727
135.65 135.6 135.7 8.035552699e-05
135.75 135.7 135.8 -0.001142436114
135.85 135.8 135.9 -0.002448930327
135.95 135.9 136 0.0001069662076
136.05 136 136.1 -0.0007529150068
136.15 136.1 136.2 -0.0002348437458
136.25 136.2 136.3 -0.002155101504
136.35 136.3 136.4 0.0001552900996
136.45 136.4 136.5 -0.001015532321
136.55 136.5 136.6 -0.0001788058872
136.65 136.6 136.7 0.001167689766
136.75 136.7 136.8 -0.0006582514013
136.85 136.8 136.9 -0.0002335660104
136.95 136.9 137 -0.001540132733
137.05 137 137.1 -0.0001352058386
137.15 137.1 137.2 -0.001405229723
137.25 137.2 137.3 -0.0005596041932
137.35 137.3 137.4 -0.0009323915288
137.45 137.4 137.5 -0.002377469602
137.55 137.5 137.6 -0.0009951346778
137.65 137.6 137.7 0.0004166364293
137.75 137.7 137.8 7.735232453e-05
137.85 137.8 137.9 -0.002279897552
137.95 137.9 138 -0.002239673385
138.05 138 138.1 -0.0009176605572
138.15 138.1 138.2 -0.00130436668
138.25 138.2 138.3 0.0002181921082
138.35 138.3 138.4 -0.0006339163584
138.45 138.4 138.5 -0.001192908636
138.55 138.5 138.6 0.0004140377704
138.65 138.6 138.7 -0.001880179237
138.75 138.7 138.8 -0.001464174161
138.85 138.8 138.9 -0.000697324533
138.95 138.9 139 -0.001379891926
139.05 139 139.1 -0.00110034035
139.15 139.1 139.2 -0.0005498791423
139.25 139.2 139.3 -0.001898418849
139.35 139.3 139.4 -0.000768314672
139.45 139.4 139.5 -0.001195181925
139.55 139.5 139.6 -0.001208284175
139.65 139.6 139.7 8.217118928e-05
139.75 139.7 139.8 -0.001794283759
139.85 139.8 139.9 -0.0002160581412
139.95 139.9 140 -0.0001183766653
140.05 140 140.1 -0.0006522307775
140.15 140.1 140.2 -0.0008521642028
140.25 140.2 140.3 -0.0009678057862
140.35 140.3 140.4 -0.001048996627
140.45 140.4 140.5 0.001047368828
140.55 140.5 140.6 -0.001083979079
140.65 140.6 140.7 -0.001475139903
140.75 140.7 140.8 -0.0007011408949
140.85 140.8 140.9 -0.0002431531415
140.95 140.9 141 -0.001112457497
141.05 141 141.1 0.0002309810404
141.15 141.1 141.2 -0.001811070331
141.25 141.2 141.3 -0.0007648800802
141.35 141.3 141.4 0.001681525016
141.45 141.4 141.5 -0.001634658048
141.55 141.5 141.6 -2.614962744e-05
141.65 141.6 141.7 -0.001054208779
141.75 141.7 141.8 -0.0006577766546
141.85 141.8 141.9 0.0002573784424
141.95 141.9 142 -0.001698703139
142.05 142 142.1 0.0004402081533
142.15 142.1 142.2 -0.002266106691
142.25 142.2 142.3 0.0003919757924
142.35 142.3 142.4 -0.0001663813715
142.45 142.4 142.5 -0.0009364689923
142.55 142.5 142.6 -0.0009389381708
142.65 142.6 142.7 -0.001899242351
142.75 142.7 142.8 -0.001376206855
142.85 142.8 142.9 3.930805153e-05
142.95 142.9 143 0.0004930057092
143.05 143 143.1 -0.0004692576089
143.15 143.1 143.2 -0.0009392543386
143.25 143.2 143.3 0.0003709708914
143.35 143.3 143.4 0.001285938237
143.45 143.4 143.5 -0.0006760369485
143.55 143.5 143.6 -0.0002334605626
143.65 143.6 143.7 0.001159019914
143.75 143.7 143.8 -0.000316861726
143.85 143.8 143.9 -0.0006786090616
143.95 143.9 144 -0.0004352554442
144.05 144 144.1 0.0009812046203
144.15 144.1 144.2 -0.0002365119439
144.25 144.2 144.3 -2.739103798e-05
144.35 144.3 144.4 -0.0004789534176
144.45 144.4 144.5 -0.0005638071135
144.55 144.5 144.6 0.0006655390176
144.65 144.6 144.7 0.0008983880475
144.75 144.7 144.8 -0.0009558396249
144.85 144.8 144.9 -0.0008289860963
144.95 144.9 145 -0.0009539040782
145.05 145 145.1 0.0002510903755
145.15 145.1 145.2 -0.002696147524
145.25 145.2 145.3 -0.001362087235
145.35 145.3 145.4 -0.0002705139102
145.45 145.4 145.5 -0.001553935585
145.55 145.5 145.6 -0.001945207398
145.65 145.6 145.7 -0.002827934296
145.75 145.7 145.8 0.00111038774
145.85 145.8 145.9 0.0009524774431
145.95 145.9 146 -0.000474160798
146.05 146 146.1 0.0002682121176
146.15 146.1 146.2 -0.0009615259546
146.25 146.2 146.3 -0.001895343134
146.35 146.3 146.4 -0.0008775068068
146.45 146.4 146.5 -0.0008926351309
146.55 146.5 146.6 0.0001511659186
146.65 146.6 146.7 9.656710735e-05
146.75 146.7 146.8 0.0005917544731
146.85 146.8 146.9 0.0006800276105
146.95 146.9 147 -0.000412984961
147.05 147 147.1 -0.0002693560987
147.15 147.1 147.2 -0.0002310192478
147.25 147.2 147.3 0.0005591197922
147.35 147.3 147.4 -0.0004290187809
147.45 147.4 147.5 0.0007766219473
147.55 147.5 147.6 -0.001889294682
147.65 147.6 147.7 -9.269984518e-05
147.75 147.7 147.8 -0.0008266832443
147.85 147.8 147.9 0.0009138457912
147.95 147.9 148 0.000916276956
148.05 148 148.1 0.0004479125637
148.15 148.1 148.2 -0.0005432286823
148.25 148.2 148.3 0.001106434027
148.35 148.3 148.4 -0.001707494903
148.45 148.4 148.5 -0.0006094936676
148.55 148.5 148.6 -0.001018654283
148.65 148.6 148.7 -0.0001470707574
148.75 148.7 148.8 -0.001289333093
148.85 148.8 148.9 -0.0007986286005
148.95 148.9 149 -0.0009150884916
149.05 149 149.1 -0.002406020312
149.15 149.1 149.2 0.0001909954853
149.25 149.2 149.3 0.0001276700317
149.35 149.3 149.4 -0.00213003202
149.45 149.4 149.5 -0.001764861881
149.55 149.5 149.6 -0.0001431832603
149.65 149.6 149.7 0.00174977728
149.75 149.7 149.8 -0.0004605542868
149.85 149.8 149.9 -0.0005700303505
149.95 149.9 150 0.0003000916811
150.05 150 150.1 -0.0016997733
150.15 150.1 150.2 -0.002027253011
150.25 150.2 150.3 -0.0008358270221
150.35 150.3 150.4 -0.0007261864379
150.45 150.4 150.5 -0.0007742303374
150.55 150.5 150.6 -0.0006888122699
150.65 150.6 150.7 -0.001614768281
150.75 150.7 150.8 -0.0003702765362
150.85 150.8 150.9 0.000403498494
150.95 150.9 151 -0.002135586425
151.05 151 151.1 -0.001074933418
151.15 151.1 151.2 -0.0013655345
151.25 151.2 151.3 0.0006835988007
151.35 151.3 151.4 -0.001156473646
151.45 151.4 151.5 -0.0008669005262
151.55 151.5 151.6 -0.0006951487266
151.65 151.6 151.7 -0.0009505071997
151.75 151.7 151.8 -0.0004547579089
151.85 151.8 151.9 -0.001258229219
151.95 151.9 152 -0.001969841384
152.05 152 152.1 -0.001370339034
152.15 152.1 152.2 -0.002507165166
152.25 152.2 152.3 -0.0001819252175
152.35 152.3 152.4 -0.0008228175163
152.45 152.4 152.5 -0.0001980782229
152.55 152.5 152.6 -0.0005102934169
152.65 152.6 152.7 0.0004088565045
152.75 152.7 152.8 -0.002410592677
152.85 152.8 152.9 -0.0003190496976
152.95 152.9 153 -0.0003144293678
153.05 153 153.1 -0.0005929837799
153.15 153.1 153.2 -0.00122752996
153.25 153.2 153.3 -0.0002286273187
153.35 153.3 153.4 0.0001879165135
153.45 153.4 153.5 -0.0001538842629
153.55 153.5 153.6 0.0006528618108
153.65 153.6 153.7 -0.002376289416
153.75 153.7 153.8 0.000112252327
153.85 153.8 153.9 -0.001500874343
153.95 153.9 154 -0.001508993867
154.05 154 154.1 -0.001377842831
154.15 154.1 154.2 -0.002206980994
154.25 154.2 154.3 -0.0009256659425
154.35 154.3 154.4 -0.001226884182
154.45 154.4 154.5 -0.0002130284073
154.55 154.5 154.6 -0.0003768482059
154.65 154.6 154.7 -0.0006053023298
154.75 154.7 154.8 -0.001509222177
154.85 154.8 154.9 -0.0008774478401
154.95 154.9 155 -0.0008424018023
155.05 155 155.1 -0.001649326096
155.15 155.1 155.2 -0.0003027594214
155.25 155.2 155.3 -0.001212525282
155.35 155.3 155.4 -0.0004214864507
155.45 155.4 155.5 -0.001380484416
155.55 155.5 155.6 -0.00185235152
155.65 155.6 155.7 -0.00124060166
155.75 155.7 155.8 -6.412166809e-05
155.85 155.8 155.9 -0.0008812443964
155.95 155.9 156 -0.0006164868296
156.05 156 156.1 -0.0003995269778
156.15 156.1 156.2 -0.001072677091
156.25 156.2 156.3 -0.002039256009
156.35 156.3 156.4 -0.002097534948
156.45 156.4 156.5 0.0006712983463
156.55 156.5 156.6 -0.003090018703
156.65 156.6 156.7 -0.00106126732
156.75 156.7 156.8 -0.002436876978
156.85 156.8 156.9 -0.002021369573
156.95 156.9 157 -0.001154493324
157.05 157 157.1 -0.001269813946
157.15 157.1 157.2 -0.0004399296014
157.25 157.2 157.3 -0.00151883059
157.35 157.3 157.4 -0.001874426315
157.45 157.4 157.5 -0.0009645144172
157.55 157.5 157.6 0.0006449178947
157.65 157.6 157.7 -0.0007720389552
157.75 157.7 157.8 -0.001365952102
157.85 157.8 157.9 -0.001849594277
157.95 157.9 158 -0.0007487814391
158.05 158 158.1 -9.673218663e-05
158.15 158.1 158.2 -0.00116143864
158.25 158.2 158.3 -0.0006033875539
158.35 158.3 158.4 -0.0006161300307
158.45 158.4 158.5 -0.001168513587
158.55 158.5 158.6 -0.0001287324543
158.65 158.6 158.7 -0.000512365556
158.75 158.7 158.8 -0.001226609967
158.85 158.8 158.9 -0.001552981971
158.95 158.9 159 -0.001539159775
159.05 159 159.1 -0.0006864207663
159.15 159.1 159.2 -0.0006788782967
159.25 159.2 159.3 -0.0002163415492
159.35 159.3 159.4 -0.001851569859
159.45 159.4 159.5 -0.001917760768
159.55 159.5 159.6 0.0008363734649
159.65 159.6 159.7 -0.0009692139232
159.75 159.7 159.8 0.000172690638
159.85 159.8 159.9 0.0008913458184
159.95 159.9 160 -6.927718311e-05
160.05 160 160.1 0.0003671162804
160.15 160.1 160.2 -0.0003184238379
160.25 160.2 160.3 -0.0020975849
160.35 160.3 160.4 0.0009116662471
160.45 160.4 160.5 -0.0008466710393
160.55 160.5 160.6 -0.001340982792
160.65 160.6 160.7 -0.002781341627
160.75 160.7 160.8 0.001061350906
160.85 160.8 160.9 -0.0003175409839
160.95 160.9 161 -0.001117579669
161.05 161 161.1 -6.52803275e-05
161.15 161.1 161.2 -0.001469637884
161.25 161.2 161.3 -0.001476594671
161.35 161.3 161.4 -0.001209506177
161.45 161.4 161.5 -0.0004958140066
161.55 161.5 161.6 -0.001390525556
161.65 161.6 161.7 -0.001747028097
161.75 161.7 161.8 -0.00175076925
161.85 161.8 161.9 -0.001260567426
161.95 161.9 162 -0.00258973047
162.05 162 162.1 -0.001016153221
162.15 162.1 162.2 -0.0008209346587
162.25 162.2 162.3 -0.0006713400144
162.35 162.3 162.4 -0.0004122936609
162.45 162.4 162.5 -0.0006461043666
162.55 162.5 162.6 -0.0007133877583
162.65 162.6 162.7 -0.001212188263
162.75 162.7 162.8 -0.0007243132931
162.85 162.8 162.9 -0.000322522681
162.95 162.9 163 -0.0008682580269
163.05 163 163.1 -0.001590210758
163.15 163.1 163.2 -0.001995105642
163.25 163.2 163.3 0.0004163809123
163.35 163.3 163.4 -0.001639972604
163.45 163.4 163.5 -0.00108612276
163.55 163.5 163.6 -0.001341197744
163.65 163.6 163.7 -0.0009217677332
163.75 163.7 163.8 -0.002275602454
163.85 163.8 163.9 -0.002711151036
163.95 163.9 164 -0.0002350337056
164.05 164 164.1 -0.001549806127
164.15 164.1 164.2 -0.0004403033481
164.25 164.2 164.3 -0.0014266422
164.35 164.3 164.4 -0.0006885602601
164.45 164.4 164.5 -0.001280993974
164.55 164.5 164.6 -0.002027825174
164.65 164.6 164.7 -0.0013647153
164.75 164.7 164.8 -0.00132962328
164.85 164.8 164.9 -0.001262398602
164.95 164.9 165 -0.001319406824
165.05 165 165.1 -0.0016053909
165.15 165.1 165.2 -0.0002268777685
165.25 165.2 165.3 -0.000871099129
165.35 165.3 165.4 -0.00020171778
165.45 165.4 165.5 -0.001308238768
165.55 165.5 165.6 -0.001603539934
165.65 165.6 165.7 -0.001283366941
165.75 165.7 165.8 -0.001648453374
165.85 165.8 165.9 -0.0007259878536
165.95 165.9 166 -0.0006945673356
166.05 166 166.1 -0.001115777214
166.15 166.1 166.2 0.0001198191802
166.25 166.2 166.3 6.7885978e-05
166.35 166.3 166.4 -0.001035702393
166.45 166.4 166.5 -0.0010457783
166.55 166.5 166.6 -0.0004851767937
166.65 166.6 166.7 -0.0002850846459
166.75 166.7 166.8 -0.001699722677
166.85 166.8 166.9 -0.002619635802
166.95 166.9 167 -0.001014430837
167.05 167 167.1 -0.0009953547425
167.15 167.1 167.2 0.0003578104577
167.25 167.2 167.3 -0.00205074739
167.35 167.3 167.4 -0.000257249423
167.45 167.4 167.5 -0.00080309908
167.55 167.5 167.6 0.0006161094443
167.65 167.6 167.7 0.001249279893
167.75 167.7 167.8 -0.0003317190555
167.85 167.8 167.9 -9.332487786e-05
167.95 167.9 168 -0.001217843542
168.05 168 168.1 -7.568038448e-05
168.15 168.1 168.2 0.0004724588231
168.25 168.2 168.3 2.380866542e-05
168.35 168.3 168.4 0.000458777754
168.45 168.4 168.5 -0.0004652633509
168.55 168.5 168.6 -0.001119098459
168.65 168.6 168.7 -0.001169634052
168.75 168.7 168.8 -0.001224965939
168.85 168.8 168.9 -0.001325502598
168.95 168.9 169 -0.0003382043146
169.05 169 169.1 6.20302499e-05
169.15 169.1 169.2 -0.0001392633067
169.25 169.2 169.3 -0.0007596903512
169.35 169.3 169.4 -0.0008090982592
169.45 169.4 169.5 0.000778674371
169.55 169.5 169.6 -0.0006182157838
169.65 169.6 169.7 -0.002297113592
169.75 169.7 169.8 0.001793137831
169.85 169.8 169.9 -0.001026102693
169.95 169.9 170 0.0004506062564
170.05 170 170.1 -0.0006087006624
170.15 170.1 170.2 -0.000549064756
170.25 170.2 170.3 -0.0004117223767
170.35 170.3 170.4 2.878099618e-05
170.45 170.4 170.5 -0.0007431622943
170.55 170.5 170.6 -0.000332031917
170.65 170.6 170.7 -0.002057299604
170.75 170.7 170.8 -0.000712269257
170.85 170.8 170.9 -0.0003569407136
170.95 170.9 171 0.0006560888602
171.05 171 171.1 -0.001027283865
171.15 171.1 171.2 -6.488751487e-05
171.25 171.2 171.3 -0.00157616773
171.35 171.3 171.4 -0.001076693571
171.45 171.4 171.5 0.0003450064386
171.55 171.5 171.6 -0.0001844949792
171.65 171.6 171.7 0.0005817095138
171.75 171.7 171.8 -0.0008203784013
171.85 171.8 171.9 -0.001458642707
171.95 171.9 172 -0.001387415546
172.05 172 172.1 -0.0005909869229
172.15 172.1 172.2 -0.0007324709977
172.25 172.2 172.3 -0.0001053761975
172.35 172.3 172.4 0.0001207813789
172.45 172.4 172.5 -0.0005398325363
172.55 172.5 172.6 7.752555946e-05
172.65 172.6 172.7 -0.0001882238774
172.75 172.7 172.8 -0.001265471638
172.85 172.8 172.9 -0.0002725589796
172.95 172.9 173 -0.0001413996557
173.05 173 173.1 0.0004502677711
173.15 173.1 173.2 -0.0009376750665
173.25 173.2 173.3 -0.001568925882
173.35 173.3 173.4 -0.001146434791
173.45 173.4 173.5 -0.002031760177
173.55 173.5 173.6 -0.0009821143236
173.65 173.6 173.7 7.203650033e-05
173.75 173.7 173.8 6.36201597e-05
173.85 173.8 173.9 -6.676067541e-06
173.95 173.9 174 0.0006555949358
174.05 174 174.1 -0.001257857377
174.15 174.1 174.2 0.001010304576
174.25 174.2 174.3 -0.0007119832426
174.35 174.3 174.4 -0.0009924392042
174.45 174.4 174.5 -0.0001752102786
174.55 174.5 174.6 -0.0008649381931
174.65 174.6 174.7 -8.474291402e-06
174.75 174.7 174.8 -0.0003554727701
174.85 174.8 174.9 0.001148590486
174.95 174.9 175 0.00110649648
175.05 175 175.1 -0.001044780673
175.15 175.1 175.2 -0.000981318467
175.25 175.2 175.3 0.000537832121
175.35 175.3 175.4 0.001233666603
175.45 175.4 175.5 -0.001003376659
175.55 175.5 175.6 8.839309736e-05
175.65 175.6 175.7 -9.932509141e-05
175.75 175.7 175.8 -0.001319511222
175.85 175.8 175.9 0.0005616391796
175.95 175.9 176 -0.0007227114728
176.05 176 176.1 6.287728091e-05
176.15 176.1 176.2 -0.0002216329654
176.25 176.2 176.3 -0.000738628591
176.35 176.3 176.4 0.000269626177
176.45 176.4 176.5 -0.000961835903
176.55 176.5 176.6 -0.0007550595967
176.65 176.6 176.7 -0.001128234702
176.75 176.7 176.8 0.0001050215964
176.85 176.8 176.9 0.0006152254407
176.95 176.9 177 0.00130528175
177.05 177 177.1 -0.0006201261907
177.15 177.1 177.2 -0.0002074298385
177.25 177.2 177.3 -0.001654318906
177.35 177.3 177.4 -0.0004120964903
177.45 177.4 177.5 -0.0001133195403
177.55 177.5 177.6 -0.0004582330741
177.65 177.6 177.7 -0.0005119122183
177.75 177.7 177.8 0.000710183516
177.85 177.8 177.9 -0.0006771351448
177.95 177.9 178 -0.0007215285696
178.05 178 178.1 -0.0007228508468
178.15 178.1 178.2 0.001850034916
178.25 178.2 178.3 6.547129522e-05
178.35 178.3 178.4 0.0001623820529
178.45 178.4 178.5 -0.001027367611
178.55 178.5 178.6 -0.001128275287
178.65 178.6 178.7 -0.0009310408533
178.75 178.7 178.8 0.0002297428722
178.85 178.8 178.9 -0.0005742364038
178.95 178.9 179 -4.208037975e-05
179.05 179 179.1 -0.001566731289
179.15 179.1 179.2 -0.0009336265763
179.25 179.2 179.3 -0.0008518379249
179.35 179.3 179.4 -0.0007988100806
179.45 179.4 179.5 0.0001507472755
179.55 179.5 179.6 1.194820944e-05
179.65 179.6 179.7 -0.001095321624
179.75 179.7 179.8 -0.001349511512
179.85 179.8 179.9 -0.0009856248048
179.95 179.9 180 -0.0008379445879
180.05 180 180.1 -0.002302992102
180.15 180.1 180.2 -0.0001383567299
180.25 180.2 180.3 -0.002127879624
180.35 180.3 180.4 -3.810175357e-05
180.45 180.4 180.5 0.0007464936089
180.55 180.5 180.6 -0.0006917562875
180.65 180.6 180.7 0.001070022436
180.75 180.7 180.8 -0.0003834821809
180.85 180.8 180.9 0.0007957265545
180.95 180.9 181 -0.0008430370129
181.05 181 181.1 0.0001606346545
181.15 181.1 181.2 -0.0013044392
181.25 181.2 181.3 -0.001643928431
181.35 181.3 181.4 0.0004946553162
181.45 181.4 181.5 1.045795956e-05
181.55 181.5 181.6 0.0002092222928
181.65 181.6 181.7 -0.001076047032
181.75 181.7 181.8 -0.0005088930588
181.85 181.8 181.9 -0.00237736912
181.95 181.9 182 -0.0001554260368
182.05 182 182.1 -0.002213122487
182.15 182.1 182.2 3.48623015e-05
182.25 182.2 182.3 -0.0006372028232
182.35 182.3 182.4 -7.880331742e-06
182.45 182.4 182.5 -1.500934617e-05
182.55 182.5 182.6 -0.001920215341
182.65 182.6 182.7 -0.000251698042
182.75 182.7 182.8 -0.00119676424
182.85 182.8 182.9 -0.001600904065
182.95 182.9 183 -0.0002299031919
183.05 183 183.1 -0.0004068795766
183.15 183.1 183.2 0.0003652207748
183.25 183.2 183.3 -0.002247934518
183.35 183.3 183.4 -0.001765315298
183.45 183.4 183.5 -0.00112965257
183.55 183.5 183.6 -0.0008131019681
183.65 183.6 183.7 -9.834883641e-05
183.75 183.7 183.8 -0.002062819259
183.85 183.8 183.9 -0.001170425164
183.95 183.9 184 -0.0007618523448
184.05 184 184.1 0.0001883091792
184.15 184.1 184.2 -0.001511692228
184.25 184.2 184.3 0.0003776831724
184.35 184.3 184.4 -0.001495086912
184.45 184.4 184.5 -0.001704277784
184.55 184.5 184.6 -0.0004621923265
184.65 184.6 184.7 -0.001038135314
184.75 184.7 184.8 -0.0005815407963
184.85 184.8 184.9 -0.000785514397
184.95 184.9 185 -0.001429815483
185.05 185 185.1 0.0005064749357
185.15 185.1 185.2 -0.0003113125382
185.25 185.2 185.3 -0.001049234501
185.35 185.3 185.4 -0.0003941315228
185.45 185.4 185.5 -0.001567088048
185.55 185.5 185.6 -0.0008065944149
185.65 185.6 185.7 0.0007052303359
185.75 185.7 185.8 0.0004025291492
185.85 185.8 185.9 -0.0005206457894
185.95 185.9 186 -0.001101485138
186.05 186 186.1 0.0001095757782
186.15 186.1 186.2 0.0008435581151
186.25 186.2 186.3 -0.0001989689387
186.35 186.3 186.4 -0.001029943712
186.45 186.4 186.5 -0.0008625430127
186.55 186.5 186.6 0.0003641304541
186.65 186.6 186.7 -0.0001714353284
186.75 186.7 186.8 0.001922796667
186.85 186.8 186.9 -0.001089408012
186.95 186.9 187 -0.001730564436
187.05 187 187.1 0.0007098972075
187.15 187.1 187.2 -0.0008866224791
187.25 187.2 187.3 -0.0006970922904
187.35 187.3 187.4 -0.0005909279458
187.45 187.4 187.5 -0.0006846818293
187.55 187.5 187.6 -0.0004375395509
187.65 187.6 187.7 -0.00100816169
187.75 187.7 187.8 -0.001786650524
187.85 187.8 187.9 -0.0005159656028
187.95 187.9 188 -0.0006278970675
188.05 188 188.1 0.000513722074
188.15 188.1 188.2 4.552424182e-05
188.25 188.2 188.3 -0.001280138739
188.35 188.3 188.4 -0.0009639096562
188.45 188.4 188.5 -0.001381642837
188.55 188.5 188.6 -0.0007759576874
188.65 188.6 188.7 0.0009376034744
188.75 188.7 188.8 -0.0005849705387
188.85 188.8 188.9 -0.0006827645015
188.95 188.9 189 -0.0009360023262
189.05 189 189.1 -0.0001456867126
189.15 189.1 189.2 -0.001629583755
189.25 189.2 189.3 -0.001956800998
189.35 189.3 189.4 -0.002430890437
189.45 189.4 189.5 -0.001827605453
189.55 189.5 189.6 -0.002079164276
189.65 189.6 189.7 -0.0005168528637
189.75 189.7 189.8 -0.0009720816102
189.85 189.8 189.9 -0.00171477007
189.95 189.9 190 -0.0004214819727
190.05 190 190.1 -0.0003204897576
190.15 190.1 190.2 -0.001112947764
190.25 190.2 190.3 -0.002179499013
190.35 190.3 190.4 -0.0005385710476
190.45 190.4 190.5 0.0003275869179
190.55 190.5 190.6 -0.001039177198
190.65 190.6 190.7 -0.0004972747082
190.75 190.7 190.8 -0.002067025032
190.85 190.8 190.9 -0.0002515800679
190.95 190.9 191 -0.0004755696209
191.05 191 191.1 -0.001437482029
191.15 191.1 191.2 0.0002858457998
191.25 191.2 191.3 -0.0007245826103
191.35 191.3 191.4 -0.001310136575
191.45 191.4 191.5 0.0005181319965
191.55 191.5 191.6 -0.0005327143336
191.65 191.6 191.7 -0.0001409278479
191.75 191.7 191.8 -0.0007144943293
191.85 191.8 191.9 -0.000474624493
191.95 191.9 192 -0.001528107576
192.05 192 192.1 -0.0009052007689
192.15 192.1 192.2 -0.000327461407
192.25 192.2 192.3 -0.00116794172
192.35 192.3 192.4 -0.0008026511124
192.45 192.4 192.5 -0.001744937471
192.55 192.5 192.6 -0.001702109293
192.65 192.6 192.7 2.651754201e-05
192.75 192.7 192.8 -0.0003767750641
192.85 192.8 192.9 0.0005163790786
192.95 192.9 193 -0.001798254675
193.05 193 193.1 -0.001122416707
193.15 193.1 193.2 -0.001231944723
193.25 193.2 193.3 -0.001357715851
193.35 193.3 193.4 -0.0008256697686
193.45 193.4 193.5 -0.000131049064
193.55 193.5 193.6 -0.001487208235
193.65 193.6 193.7 0.000348645734
193.75 193.7 193.8 -0.0004969921077
193.85 193.8 193.9 9.336235674e-05
193.95 193.9 194 -0.001394884028
194.05 194 194.1 -0.002148634185
194.15 194.1 194.2 -0.0009851508017
194.25 194.2 194.3 -0.0002659744664
194.35 194.3 194.4 -0.0003665778489
194.45 194.4 194.5 -0.0008151247419
194.55 194.5 194.6 -0.001117578229
194.65 194.6 194.7 -0.0008068206327
194.75 194.7 194.8 -0.0007783645575
194.85 194.8 194.9 -0.001170266277
194.95 194.9 195 0.0005874081527
195.05 195 195.1 -0.0004742858415
195.15 195.1 195.2 -0.001128493058
195.25 195.2 195.3 -0.0007854302602
195.35 195.3 195.4 -0.001548849778
195.45 195.4 195.5 0.0002617571461
195.55 195.5 195.6 -0.001967226575
195.65 195.6 195.7 -3.799096562e-05
195.75 195.7 195.8 0.0009200174113
195.85 195.8 195.9 -0.002152245371
195.95 195.9 196 -0.0001084023412
196.05 196 196.1 0.000658725957
196.15 196.1 196.2 -0.001609598744
196.25 196.2 196.3 -0.001073988519
196.35 196.3 196.4 0.0008587714834
196.45 196.4 196.5 -0.000743421644
196.55 196.5 196.6 -0.001299395297
196.65 196.6 196.7 0.000997368957
196.75 196.7 196.8 -0.0004456225659
196.85 196.8 196.9 -0.0002925231962
196.95 196.9 197 7.265558087e-05
197.05 197 197.1 8.541859618e-05
197.15 197.1 197.2 -0.0009603138158
197.25 197.2 197.3 -0.0008094806354
197.35 197.3 197.4 0.0006337729424
197.45 197.4 197.5 6.635230287e-05
197.55 197.5 197.6 -0.000890471913
197.65 197.6 197.7 0.001121713293
197.75 197.7 197.8 0.0002279566973
197.85 197.8 197.9 -0.0003303143078
197.95 197.9 198 -0.0004577474247
198.05 198 198.1 0.0004738620565
198.15 198.1 198.2 0.0005493122569
198.25 198.2 198.3 -0.0003844211926
198.35 198.3 198.4 -8.987067676e-06
198.45 198.4 198.5 -0.0009299226785
198.55 198.5 198.6 0.0003866823609
198.65 198.6 198.7 0.0007078387451
198.75 198.7 198.8 -0.0006126122148
198.85 198.8 198.9 -0.0004393048859
198.95 198.9 199 0.0004100071758
199.05 199 199.1 0.0006254030714
199.15 199.1 199.2 -0.0007419468011
199.25 199.2 199.3 0.0006499208366
199.35 199.3 199.4 3.141494074e-05
199.45 199.4 199.5 0.0003464865789
199.55 199.5 199.6 -5.3624209e-05
199.65 199.6 199.7 -0.001529584095
199.75 199.7 199.8 0.001281880925
199.85 199.8 199.9 -0.000237444542
199.95 199.9 200 0.000828688376
