# Columns: s_cen(1) s_min(2) s_max(3) xi_iso(4)
0.05 0 0.1 14.23616891
0.15 0.1 0.2 12.43007219
0.25 0.2 0.3 20.66534945
0.35 0.3 0.4 22.53750168
0.45 0.4 0.5 19.01955055
0.55 0.5 0.6 18.42334666
0.65 0.6 0.7 23.07686225
0.75 0.7 0.8 23.07515216
0.85 0.8 0.9 21.7640727
0.95 0.9 1 21.46518016
1.05 1 1.1 20.52602712
1.15 1.1 1.2 19.19862336
1.25 1.2 1.3 18.78493413
1.35 1.3 1.4 18.46247109
1.45 1.4 1.5 17.74566779
1.55 1.5 1.6 15.26820993
1.65 1.6 1.7 14.45600566
1.75 1.7 1.8 14.45728214
1.85 1.8 1.9 12.8839708
1.95 1.9 2 12.21250534
2.05 2 2.1 11.92510034
2.15 2.1 2.2 11.29048363
2.25 2.2 2.3 10.3294276
2.35 2.3 2.4 10.03843857
2.45 2.4 2.5 9.159428608
2.55 2.5 2.6 8.848069817
2.65 2.6 2.7 7.670621892
2.75 2.7 2.8 7.564958585
2.85 2.8 2.9 7.218209532
2.95 2.9 3 6.786832056
3.05 3 3.1 6.657787282
3.15 3.1 3.2 6.438298566
3.25 3.2 3.3 6.213522374
3.35 3.3 3.4 6.161300224
3.45 3.4 3.5 5.629113555
3.55 3.5 3.6 5.582292224
3.65 3.6 3.7 5.198570461
3.75 3.7 3.8 4.88463167
3.85 3.8 3.9 4.732592671
3.95 3.9 4 4.435245552
4.05 4 4.1 4.533889146
4.15 4.1 4.2 4.560645622
4.25 4.2 4.3 4.077087423
4.35 4.3 4.4 4.291523275
4.45 4.4 4.5 3.987839673
4.55 4.5 4.6 4.068394577
4.65 4.6 4.7 3.567086361
4.75 4.7 4.8 3.526001065
4.85 4.8 4.9 3.612753429
4.95 4.9 5 3.360188026
5.05 5 5.1 3.358863339
5.15 5.1 5.2 3.091272895
5.25 5.2 5.3 3.174216148
5.35 5.3 5.4 3.016001183
5.45 5.4 5.5 2.95371013
5.55 5.5 5.6 2.90065246
5.65 5.6 5.7 2.738741846
5.75 5.7 5.8 2.755654996
5.85 5.8 5.9 2.756538608
5.95 5.9 6 2.759916829
6.05 6 6.1 2.675576479
6.15 6.1 6.2 2.449651107
6.25 6.2 6.3 2.421934387
6.35 6.3 6.4 2.404783699
6.45 6.4 6.5 2.251108265
6.55 6.5 6.6 2.286656355
6.65 6.6 6.7 2.199433617
6.75 6.7 6.8 2.153556321
6.85 6.8 6.9 2.099832247
6.95 6.9 7 2.059919854
7.05 7 7.1 1.944113003
7.15 7.1 7.2 1.94294867
7.25 7.2 7.3 1.935800562
7.35 7.3 7.4 1.845080303
7.45 7.4 7.5 1.882475351
7.55 7.5 7.6 1.79594657
7.65 7.6 7.7 1.732667642
7.75 7.7 7.8 1.714416207
7.85 7.8 7.9 1.638983644
7.95 7.9 8 1.668442737
8.05 8 8.1 1.56179833
8.15 8.1 8.2 1.539675806
8.25 8.2 8.3 1.561383584
8.35 8.3 8.4 1.509050664
8.45 8.4 8.5 1.493469105
8.55 8.5 8.6 1.46811009
8.65 8.6 8.7 1.389913305
8.75 8.7 8.8 1.409453844
8.85 8.8 8.9 1.359415082
8.95 8.9 9 1.326916647
9.05 9 9.1 1.253089138
9.15 9.1 9.2 1.305704617
9.25 9.2 9.3 1.243605333
9.35 9.3 9.4 1.273098888
9.45 9.4 9.5 1.271785627
9.55 9.5 9.6 1.233287547
9.65 9.6 9.7 1.171268008
9.75 9.7 9.8 1.175841896
9.85 9.8 9.9 1.155865333
9.95 9.9 10 1.148109907
10.05 10 10.1 1.073255431
10.15 10.1 10.2 1.086409831
10.25 10.2 10.3 1.076227405
10.35 10.3 10.4 1.035955785
10.45 10.4 10.5 0.9933800168
10.55 10.5 10.6 0.9940773499
10.65 10.6 10.7 0.9826742804
10.75 10.7 10.8 0.9459044245
10.85 10.8 10.9 0.9161050676
10.95 10.9 11 0.9450026153
11.05 11 11.1 0.8725939196
11.15 11.1 11.2 0.8988640953
11.25 11.2 11.3 0.9121191811
11.35 11.3 11.4 0.8420220707
11.45 11.4 11.5 0.8167123269
11.55 11.5 11.6 0.8381763535
11.65 11.6 11.7 0.8021075526
11.75 11.7 11.8 0.7824303039
11.85 11.8 11.9 0.8174115484
11.95 11.9 12 0.7811878131
12.05 12 12.1 0.7673272278
12.15 12.1 12.2 0.7827442591
12.25 12.2 12.3 0.7471152978
12.35 12.3 12.4 0.730368124
12.45 12.4 12.5 0.7492849256
12.55 12.5 12.6 0.7263131792
12.65 12.6 12.7 0.6868296044
12.75 12.7 12.8 0.6579449705
12.85 12.8 12.9 0.6818107736
12.95 12.9 13 0.6894741376
13.05 13 13.1 0.6503350759
13.15 13.1 13.2 0.6471370205
13.25 13.2 13.3 0.6479205428
13.35 13.3 13.4 0.6235161826
13.45 13.4 13.5 0.6401314722
13.55 13.5 13.6 0.6530779663
13.65 13.6 13.7 0.6220801601
13.75 13.7 13.8 0.6113643699
13.85 13.8 13.9 0.6068213741
13.95 13.9 14 0.5846890006
14.05 14 14.1 0.5932125651
14.15 14.1 14.2 0.5694653845
14.25 14.2 14.3 0.5676385888
14.35 14.3 14.4 0.5862228741
14.45 14.4 14.5 0.5821643768
14.55 14.5 14.6 0.5591021095
14.65 14.6 14.7 0.5282173579
14.75 14.7 14.8 0.5311909116
14.85 14.8 14.9 0.5224496499
14.95 14.9 15 0.5499877757
15.05 15 15.1 0.5186411542
15.15 15.1 15.2 0.5189567559
15.25 15.2 15.3 0.5124767716
15.35 15.3 15.4 0.5071947921
15.45 15.4 15.5 0.4868653435
15.55 15.5 15.6 0.4907558003
15.65 15.6 15.7 0.4698896046
15.75 15.7 15.8 0.4642469492
15.85 15.8 15.9 0.4694171842
15.95 15.9 16 0.4669793883
16.05 16 16.1 0.4550857992
16.15 16.1 16.2 0.4554385316
16.25 16.2 16.3 0.4345192572
16.35 16.3 16.4 0.4042340272
16.45 16.4 16.5 0.4420927261
16.55 16.5 16.6 0.4352126071
16.65 16.6 16.7 0.409644357
16.75 16.7 16.8 0.3870246913
16.85 16.8 16.9 0.4072867196
16.95 16.9 17 0.4067792619
17.05 17 17.1 0.4087320701
17.15 17.1 17.2 0.3681099969
17.25 17.2 17.3 0.3970979225
17.35 17.3 17.4 0.3907304691
17.45 17.4 17.5 0.3985369648
17.55 17.5 17.6 0.3612906652
17.65 17.6 17.7 0.3916379078
17.75 17.7 17.8 0.3756038033
17.85 17.8 17.9 0.368964165
17.95 17.9 18 0.3584087572
18.05 18 18.1 0.3392551995
18.15 18.1 18.2 0.3448123871
18.25 18.2 18.3 0.332061203
18.35 18.3 18.4 0.3290741708
18.45 18.4 18.5 0.3342198251
18.55 18.5 18.6 0.338904338
18.65 18.6 18.7 0.3508013948
18.75 18.7 18.8 0.2999189627
18.85 18.8 18.9 0.2861915189
18.95 18.9 19 0.318979196
19.05 19 19.1 0.3304453703
19.15 19.1 19.2 0.323345169
19.25 19.2 19.3 0.3225807152
19.35 19.3 19.4 0.3198085837
19.45 19.4 19.5 0.297356965
19.55 19.5 19.6 0.2993520494
19.65 19.6 19.7 0.3125076237
19.75 19.7 19.8 0.3050783339
19.85 19.8 19.9 0.2969655123
19.95 19.9 20 0.2861235378
20.05 20 20.1 0.2845708076
20.15 20.1 20.2 0.2852434048
20.25 20.2 20.3 0.2761303641
20.35 20.3 20.4 0.2741928986
20.45 20.4 20.5 0.2821312571
20.55 20.5 20.6 0.2573960867
20.65 20.6 20.7 0.2639387756
20.75 20.7 20.8 0.2677423984
20.85 20.8 20.9 0.2693633241
20.95 20.9 21 0.2618296185
21.05 21 21.1 0.2721562335
21.15 21.1 21.2 0.2483534972
21.25 21.2 21.3 0.2528184245
21.35 21.3 21.4 0.2551926388
21.45 21.4 21.5 0.264909481
21.55 21.5 21.6 0.2347569357
21.65 21.6 21.7 0.2381052055
21.75 21.7 21.8 0.2417605931
21.85 21.8 21.9 0.2247373929
21.95 21.9 22 0.226754297
22.05 22 22.1 0.2499969648
22.15 22.1 22.2 0.2340481294
22.25 22.2 22.3 0.2217500913
22.35 22.3 22.4 0.2258812807
22.45 22.4 22.5 0.2213238704
22.55 22.5 22.6 0.2284483391
22.65 22.6 22.7 0.2132733311
22.75 22.7 22.8 0.2148806762
22.85 22.8 22.9 0.204331611
22.95 22.9 23 0.2075338923
23.05 23 23.1 0.1963986752
23.15 23.1 23.2 0.2100239517
23.25 23.2 23.3 0.2033469205
23.35 23.3 23.4 0.2054707128
23.45 23.4 23.5 0.2014813741
23.55 23.5 23.6 0.2069125956
23.65 23.6 23.7 0.2071869339
23.75 23.7 23.8 0.1949517681
23.85 23.8 23.9 0.2080760583
23.95 23.9 24 0.2004898434
24.05 24 24.1 0.193295804
24.15 24.1 24.2 0.1861519968
24.25 24.2 24.3 0.1800362035
24.35 24.3 24.4 0.2022272419
24.45 24.4 24.5 0.1840670438
24.55 24.5 24.6 0.1795946078
24.65 24.6 24.7 0.1867604864
24.75 24.7 24.8 0.1650119919
24.85 24.8 24.9 0.1827139996
24.95 24.9 25 0.1745018995
25.05 25 25.1 0.1848478001
25.15 25.1 25.2 0.1682935596
25.25 25.2 25.3 0.1788429237
25.35 25.3 25.4 0.1635797754
25.45 25.4 25.5 0.1727797976
25.55 25.5 25.6 0.1644836302
25.65 25.6 25.7 0.164463464
25.75 25.7 25.8 0.1841999338
25.85 25.8 25.9 0.1652682995
25.95 25.9 26 0.1659049321
26.05 26 26.1 0.1477718246
26.15 26.1 26.2 0.1526154495
26.25 26.2 26.3 0.1775555724
26.35 26.3 26.4 0.1570761518
26.45 26.4 26.5 0.1620143159
26.55 26.5 26.6 0.17519583
26.65 26.6 26.7 0.1711441823
26.75 26.7 26.8 0.1451273272
26.85 26.8 26.9 0.1516985092
26.95 26.9 27 0.1367332718
27.05 27 27.1 0.1462833624
27.15 27.1 27.2 0.1394143346
27.25 27.2 27.3 0.1527922866
27.35 27.3 27.4 0.1489726385
27.45 27.4 27.5 0.1501615065
27.55 27.5 27.6 0.1463900858
27.65 27.6 27.7 0.1363478705
27.75 27.7 27.8 0.1238399079
27.85 27.8 27.9 0.1317424927
27.95 27.9 28 0.1335700425
28.05 28 28.1 0.1365472738
28.15 28.1 28.2 0.1358302222
28.25 28.2 28.3 0.1478206656
28.35 28.3 28.4 0.1259278282
28.45 28.4 28.5 0.1358442493
28.55 28.5 28.6 0.1204848463
28.65 28.6 28.7 0.1364912185
28.75 28.7 28.8 0.1330441618
28.85 28.8 28.9 0.129481324
28.95 28.9 29 0.1150226211
29.05 29 29.1 0.1433333507
29.15 29.1 29.2 0.1224670222
29.25 29.2 29.3 0.1305501344
29.35 29.3 29.4 0.1145398273
29.45 29.4 29.5 0.1278178302
29.55 29.5 29.6 0.1182187105
29.65 29.6 29.7 0.1175769574
29.75 29.7 29.8 0.1124956214
29.85 29.8 29.9 0.118875099
29.95 29.9 30 0.1119288331
30.05 30 30.1 0.1052101147
30.15 30.1 30.2 0.1159343719
30.25 30.2 30.3 0.1092409749
30.35 30.3 30.4 0.1094814998
30.45 30.4 30.5 0.1065512883
30.55 30.5 30.6 0.09944756407
30.65 30.6 30.7 0.1136474484
30.75 30.7 30.8 0.1096579705
30.85 30.8 30.9 0.1041298371
30.95 30.9 31 0.105635838
31.05 31 31.1 0.1101180586
31.15 31.1 31.2 0.09681952358
31.25 31.2 31.3 0.09952922806
31.35 31.3 31.4 0.1089205647
31.45 31.4 31.5 0.08026571226
31.55 31.5 31.6 0.09200474559
31.65 31.6 31.7 0.1109296888
31.75 31.7 31.8 0.1005368696
31.85 31.8 31.9 0.09801575827
31.95 31.9 32 0.08653041163
32.05 32 32.1 0.1022945846
32.15 32.1 32.2 0.09314587399
32.25 32.2 32.3 0.09915352074
32.35 32.3 32.4 0.09221108093
32.45 32.4 32.5 0.09898433356
32.55 32.5 32.6 0.1074687783
32.65 32.6 32.7 0.09513513364
32.75 32.7 32.8 0.08449264335
32.85 32.8 32.9 0.087952576
32.95 32.9 33 0.09027222368
33.05 33 33.1 0.08739204668
33.15 33.1 33.2 0.07498985454
33.25 33.2 33.3 0.07732001335
33.35 33.3 33.4 0.08579624196
33.45 33.4 33.5 0.08262537208
33.55 33.5 33.6 0.08825316952
33.65 33.6 33.7 0.08596678488
33.75 33.7 33.8 0.07790695093
33.85 33.8 33.9 0.08789377485
33.95 33.9 34 0.08326196611
34.05 34 34.1 0.08956863015
34.15 34.1 34.2 0.07925344492
34.25 34.2 34.3 0.06440087654
34.35 34.3 34.4 0.08252405029
34.45 34.4 34.5 0.09210713814
34.55 34.5 34.6 0.06870266916
34.65 34.6 34.7 0.07436964008
34.75 34.7 34.8 0.0747830034
34.85 34.8 34.9 0.07786591122
34.95 34.9 35 0.07295869796
35.05 35 35.1 0.07334235827
35.15 35.1 35.2 0.07195045507
35.25 35.2 35.3 0.06827331769
35.35 35.3 35.4 0.08411668637
35.45 35.4 35.5 0.06900099976
35.55 35.5 35.6 0.06681718427
35.65 35.6 35.7 0.0767147202
35.75 35.7 35.8 0.07792655528
35.85 35.8 35.9 0.06378719377
35.95 35.9 36 0.0589877359
36.05 36 36.1 0.07152316614
36.15 36.1 36.2 0.06836990487
36.25 36.2 36.3 0.0648414491
36.35 36.3 36.4 0.07216901898
36.45 36.4 36.5 0.05584287963
36.55 36.5 36.6 0.07284801898
36.65 36.6 36.7 0.06638304423
36.75 36.7 36.8 0.06481374632
36.85 36.8 36.9 0.07140112486
36.95 36.9 37 0.06885320034
37.05 37 37.1 0.06756564215
37.15 37.1 37.2 0.0672818082
37.25 37.2 37.3 0.07526503073
37.35 37.3 37.4 0.07193671235
37.45 37.4 37.5 0.06712195363
37.55 37.5 37.6 0.06174517744
37.65 37.6 37.7 0.05839223889
37.75 37.7 37.8 0.07602648023
37.85 37.8 37.9 0.06054306573
37.95 37.9 38 0.05989566752
38.05 38 38.1 0.07355330664
38.15 38.1 38.2 0.0604012113
38.25 38.2 38.3 0.05024505363
38.35 38.3 38.4 0.06571961002
38.45 38.4 38.5 0.06340605056
38.55 38.5 38.6 0.05366504621
38.65 38.6 38.7 0.06071598428
38.75 38.7 38.8 0.05078057892
38.85 38.8 38.9 0.05876790537
38.95 38.9 39 0.05641175944
39.05 39 39.1 0.058069426
39.15 39.1 39.2 0.05757430875
39.25 39.2 39.3 0.05217696786
39.35 39.3 39.4 0.05393997205
39.45 39.4 39.5 0.05977527229
39.55 39.5 39.6 0.05910987524
39.65 39.6 39.7 0.06851661208
39.75 39.7 39.8 0.05626076867
39.85 39.8 39.9 0.05264885717
39.95 39.9 40 0.05460542718
40.05 40 40.1 0.05395049088
40.15 40.1 40.2 0.05159606412
40.25 40.2 40.3 0.05633744454
40.35 40.3 40.4 0.05706955281
40.45 40.4 40.5 0.05835754813
40.55 40.5 40.6 0.05846255149
40.65 40.6 40.7 0.05588013623
40.75 40.7 40.8 0.05253913565
40.85 40.8 40.9 0.04518646659
40.95 40.9 41 0.05636848624
41.05 41 41.1 0.05006184656
41.15 41.1 41.2 0.05768081245
41.25 41.2 41.3 0.05060830383
41.35 41.3 41.4 0.04171812894
41.45 41.4 41.5 0.05491319902
41.55 41.5 41.6 0.04935800866
41.65 41.6 41.7 0.04631392655
41.75 41.7 41.8 0.05646595567
41.85 41.8 41.9 0.04452175234
41.95 41.9 42 0.05569113698
42.05 42 42.1 0.04476467335
42.15 42.1 42.2 0.03990863797
42.25 42.2 42.3 0.03602496512
42.35 42.3 42.4 0.04807588443
42.45 42.4 42.5 0.04567940625
42.55 42.5 42.6 0.04747989839
42.65 42.6 42.7 0.04742420965
42.75 42.7 42.8 0.05440632367
42.85 42.8 42.9 0.04452042238
42.95 42.9 43 0.05427441515
43.05 43 43.1 0.04571682475
43.15 43.1 43.2 0.04332742015
43.25 43.2 43.3 0.0410107843
43.35 43.3 43.4 0.04660573097
43.45 43.4 43.5 0.04652135647
43.55 43.5 43.6 0.03744895945
43.65 43.6 43.7 0.04762514154
43.75 43.7 43.8 0.05010752511
43.85 43.8 43.9 0.04413919295
43.95 43.9 44 0.04128673737
44.05 44 44.1 0.03929492776
44.15 44.1 44.2 0.03983976248
44.25 44.2 44.3 0.03273920089
44.35 44.3 44.4 0.04175270613
44.45 44.4 44.5 0.04872206739
44.55 44.5 44.6 0.05126715729
44.65 44.6 44.7 0.04628398368
44.75 44.7 44.8 0.03952126392
44.85 44.8 44.9 0.04946652798
44.95 44.9 45 0.03941385485
45.05 45 45.1 0.04418510213
45.15 45.1 45.2 0.03703891951
45.25 45.2 45.3 0.04217256307
45.35 45.3 45.4 0.04171230593
45.45 45.4 45.5 0.04316848733
45.55 45.5 45.6 0.03688037932
45.65 45.6 45.7 0.04443435606
45.75 45.7 45.8 0.0321995303
45.85 45.8 45.9 0.04243478647
45.95 45.9 46 0.04494118828
46.05 46 46.1 0.03980899901
46.15 46.1 46.2 0.0326581759
46.25 46.2 46.3 0.03786954706
46.35 46.3 46.4 0.03471807927
46.45 46.4 46.5 0.04162492473
46.55 46.5 46.6 0.0381061454
46.65 46.6 46.7 0.0344874085
46.75 46.7 46.8 0.0413143867
46.85 46.8 46.9 0.03818752408
46.95 46.9 47 0.040425954
47.05 47 47.1 0.03919611255
47.15 47.1 47.2 0.03359287341
47.25 47.2 47.3 0.0348950592
47.35 47.3 47.4 0.03635046489
47.45 47.4 47.5 0.03508723944
47.55 47.5 47.6 0.03978842139
47.65 47.6 47.7 0.03172908693
47.75 47.7 47.8 0.03752961943
47.85 47.8 47.9 0.02843865317
47.95 47.9 48 0.03472764039
48.05 48 48.1 0.0297638984
48.15 48.1 48.2 0.04283140236
48.25 48.2 48.3 0.03087834974
48.35 48.3 48.4 0.03115630014
48.45 48.4 48.5 0.03730731742
48.55 48.5 48.6 0.03484328275
48.65 48.6 48.7 0.03584386694
48.75 48.7 48.8 0.03888950823
48.85 48.8 48.9 0.03709703665
48.95 48.9 49 0.0357812784
49.05 49 49.1 0.02923057755
49.15 49.1 49.2 0.03530894642
49.25 49.2 49.3 0.03066110744
49.35 49.3 49.4 0.02986945069
49.45 49.4 49.5 0.02678987653
49.55 49.5 49.6 0.02840670615
49.65 49.6 49.7 0.03299184649
49.75 49.7 49.8 0.03277711295
49.85 49.8 49.9 0.02711281366
49.95 49.9 50 0.03048210062
50.05 50 50.1 0.03325545913
50.15 50.1 50.2 0.03092978114
50.25 50.2 50.3 0.02879379946
50.35 50.3 50.4 0.02956534858
50.45 50.4 50.5 0.0235222974
50.55 50.5 50.6 0.02671537945
50.65 50.6 50.7 0.02373491645
50.75 50.7 50.8 0.02991877568
50.85 50.8 50.9 0.02676239844
50.95 50.9 51 0.0238064534
51.05 51 51.1 0.02732794269
51.15 51.1 51.2 0.03852172916
51.25 51.2 51.3 0.02122692745
51.35 51.3 51.4 0.02498467662
51.45 51.4 51.5 0.0286760654
51.55 51.5 51.6 0.02442608319
51.65 51.6 51.7 0.02400364067
51.75 51.7 51.8 0.01887487964
51.85 51.8 51.9 0.01880778952
51.95 51.9 52 0.01815101919
52.05 52 52.1 0.03078852687
52.15 52.1 52.2 0.0316810883
52.25 52.2 52.3 0.03113107577
52.35 52.3 52.4 0.03038141913
52.45 52.4 52.5 0.02844333886
52.55 52.5 52.6 0.01829891083
52.65 52.6 52.7 0.02874977707
52.75 52.7 52.8 0.03003298789
52.85 52.8 52.9 0.02129181138
52.95 52.9 53 0.02610768787
53.05 53 53.1 0.02611379667
53.15 53.1 53.2 0.02957444084
53.25 53.2 53.3 0.02571346866
53.35 53.3 53.4 0.02785077375
53.45 53.4 53.5 0.02786859757
53.55 53.5 53.6 0.0261074459
53.65 53.6 53.7 0.02403167446
53.75 53.7 53.8 0.02422614936
53.85 53.8 53.9 0.01680382667
53.95 53.9 54 0.02472984577
54.05 54 54.1 0.02522402499
54.15 54.1 54.2 0.03082416212
54.25 54.2 54.3 0.02760729012
54.35 54.3 54.4 0.02430272274
54.45 54.4 54.5 0.01837859172
54.55 54.5 54.6 0.02127765167
54.65 54.6 54.7 0.02187301735
54.75 54.7 54.8 0.02772785336
54.85 54.8 54.9 0.02608778404
54.95 54.9 55 0.02245169968
55.05 55 55.1 0.01820896661
55.15 55.1 55.2 0.02247129653
55.25 55.2 55.3 0.01457843503
55.35 55.3 55.4 0.02999708994
55.45 55.4 55.5 0.02555832281
55.55 55.5 55.6 0.02771565059
55.65 55.6 55.7 0.02526876431
55.75 55.7 55.8 0.0171520664
55.85 55.8 55.9 0.02313614387
55.95 55.9 56 0.01561684402
56.05 56 56.1 0.02132283962
56.15 56.1 56.2 0.0195305899
56.25 56.2 56.3 0.01443247153
56.35 56.3 56.4 0.01634592104
56.45 56.4 56.5 0.01459463959
56.55 56.5 56.6 0.01225668084
56.65 56.6 56.7 0.02109433634
56.75 56.7 56.8 0.02416498737
56.85 56.8 56.9 0.02195439517
56.95 56.9 57 0.02844922162
57.05 57 57.1 0.02220074518
57.15 57.1 57.2 0.01815626967
57.25 57.2 57.3 0.01956526214
57.35 57.3 57.4 0.02131314411
57.45 57.4 57.5 0.02012375435
57.55 57.5 57.6 0.01544326587
57.65 57.6 57.7 0.01733504664
57.75 57.7 57.8 0.01533050257
57.85 57.8 57.9 0.02010192689
57.95 57.9 58 0.0188368312
58.05 58 58.1 0.02557022206
58.15 58.1 58.2 0.01572707668
58.25 58.2 58.3 0.01702694663
58.35 58.3 58.4 0.01397033519
58.45 58.4 58.5 0.01461700271
58.55 58.5 58.6 0.01980281369
58.65 58.6 58.7 0.01440371213
58.75 58.7 58.8 0.02108462993
58.85 58.8 58.9 0.01290561325
58.95 58.9 59 0.02304833156
59.05 59 59.1 0.008976687613
59.15 59.1 59.2 0.0209086523
59.25 59.2 59.3 0.01708470133
59.35 59.3 59.4 0.01592904468
59.45 59.4 59.5 0.01455786341
59.55 59.5 59.6 0.01710020498
59.65 59.6 59.7 0.01444880575
59.75 59.7 59.8 0.01899011718
59.85 59.8 59.9 0.02112988578
59.95 59.9 60 0.01499236432
60.05 60 60.1 0.008920737558
60.15 60.1 60.2 0.02094366541
60.25 60.2 60.3 0.01485469292
60.35 60.3 60.4 0.01304086573
60.45 60.4 60.5 0.01342648721
60.55 60.5 60.6 0.01445394924
60.65 60.6 60.7 0.01527983526
60.75 60.7 60.8 0.01172208338
60.85 60.8 60.9 0.01703801112
60.95 60.9 61 0.01838188727
61.05 61 61.1 0.01418806712
61.15 61.1 61.2 0.01879704485
61.25 61.2 61.3 0.005884826681
61.35 61.3 61.4 0.009930915223
61.45 61.4 61.5 0.01120372426
61.55 61.5 61.6 0.00985289935
61.65 61.6 61.7 0.01237442505
61.75 61.7 61.8 0.008202992668
61.85 61.8 61.9 0.01094968925
61.95 61.9 62 0.01340398153
62.05 62 62.1 0.01052810123
62.15 62.1 62.2 0.008799436234
62.25 62.2 62.3 0.0158296776
62.35 62.3 62.4 0.0111843531
62.45 62.4 62.5 0.01524993486
62.55 62.5 62.6 0.01023947487
62.65 62.6 62.7 0.009773713687
62.75 62.7 62.8 0.009196601272
62.85 62.8 62.9 0.0216646599
62.95 62.9 63 0.01513692061
63.05 63 63.1 0.01332279705
63.15 63.1 63.2 0.0102315607
63.25 63.2 63.3 0.006653941645
63.35 63.3 63.4 0.008921770185
63.45 63.4 63.5 0.01123779047
63.55 63.5 63.6 0.006875422247
63.65 63.6 63.7 0.01247153715
63.75 63.7 63.8 0.01204371745
63.85 63.8 63.9 0.006482006289
63.95 63.9 64 0.008133666303
64.05 64 64.1 0.008360760981
64.15 64.1 64.2 0.009633107574
64.25 64.2 64.3 0.007594192099
64.35 64.3 64.4 0.01322519408
64.45 64.4 64.5 0.008020561584
64.55 64.5 64.6 0.00831642335
64.65 64.6 64.7 0.01354109066
64.75 64.7 64.8 0.009677940329
64.85 64.8 64.9 0.009645085489
64.95 64.9 65 0.01565199078
65.05 65 65.1 0.004979437832
65.15 65.1 65.2 0.009568632973
65.25 65.2 65.3 0.008177479302
65.35 65.3 65.4 0.01089328447
65.45 65.4 65.5 0.008812710952
65.55 65.5 65.6 0.005319998619
65.65 65.6 65.7 0.01110642729
65.75 65.7 65.8 0.01074967173
65.85 65.8 65.9 0.008631334321
65.95 65.9 66 0.008600061276
66.05 66 66.1 0.008697135112
66.15 66.1 66.2 0.01089298775
66.25 66.2 66.3 0.00848455177
66.35 66.3 66.4 0.01037026923
66.45 66.4 66.5 0.005565353315
66.55 66.5 66.6 0.0106916153
66.65 66.6 66.7 0.008080883365
66.75 66.7 66.8 0.01322319015
66.85 66.8 66.9 0.01494964345
66.95 66.9 67 0.004843612648
67.05 67 67.1 0.01152751689
67.15 67.1 67.2 0.01080292604
67.25 67.2 67.3 0.009238461552
67.35 67.3 67.4 0.01186086172
67.45 67.4 67.5 0.006896629003
67.55 67.5 67.6 0.01132345243
67.65 67.6 67.7 0.01064483743
67.75 67.7 67.8 0.005135692931
67.85 67.8 67.9 0.01070105318
67.95 67.9 68 0.008397828219
68.05 68 68.1 0.01263928144
68.15 68.1 68.2 0.007165988948
68.25 68.2 68.3 0.01161483454
68.35 68.3 68.4 0.003095703942
68.45 68.4 68.5 0.01056654903
68.55 68.5 68.6 0.01234372587
68.65 68.6 68.7 0.001142605035
68.75 68.7 68.8 0.005651935595
68.85 68.8 68.9 0.009669645195
68.95 68.9 69 0.01012090802
69.05 69 69.1 0.01156172339
69.15 69.1 69.2 0.01222547038
69.25 69.2 69.3 0.01455403059
69.35 69.3 69.4 0.008625273568
69.45 69.4 69.5 0.01735813302
69.55 69.5 69.6 0.01161774856
69.65 69.6 69.7 0.004913305654
69.75 69.7 69.8 0.004626332721
69.85 69.8 69.9 0.009277758533
69.95 69.9 70 0.004590491201
70.05 70 70.1 0.0104602199
70.15 70.1 70.2 0.008462450858
70.25 70.2 70.3 0.009025811029
70.35 70.3 70.4 0.007707590178
70.45 70.4 70.5 0.008034184176
70.55 70.5 70.6 0.005662817218
70.65 70.6 70.7 0.008928451781
70.75 70.7 70.8 0.006471676528
70.85 70.8 70.9 0.001799681792
70.95 70.9 71 0.01196350922
71.05 71 71.1 0.00675865423
71.15 71.1 71.2 0.01008112035
71.25 71.2 71.3 0.007324423403
71.35 71.3 71.4 0.00634459959
71.45 71.4 71.5 0.009114243272
71.55 71.5 71.6 0.00760487626
71.65 71.6 71.7 0.002152963208
71.75 71.7 71.8 0.007450339198
71.85 71.8 71.9 0.007470912096
71.95 71.9 72 0.0007454999362
72.05 72 72.1 0.01061984698
72.15 72.1 72.2 0.003679020208
72.25 72.2 72.3 0.01282932488
72.35 72.3 72.4 0.01230148342
72.45 72.4 72.5 0.005203545632
72.55 72.5 72.6 0.01033222601
72.65 72.6 72.7 0.004823176199
72.75 72.7 72.8 0.008760000871
72.85 72.8 72.9 0.01001116787
72.95 72.9 73 0.0104074431
73.05 73 73.1 0.007779048637
73.15 73.1 73.2 0.01092320163
73.25 73.2 73.3 -0.001026398934
73.35 73.3 73.4 0.003058039254
73.45 73.4 73.5 0.002688675872
73.55 73.5 73.6 0.009579718962
73.65 73.6 73.7 0.005536445151
73.75 73.7 73.8 0.001170546767
73.85 73.8 73.9 0.004201155384
73.95 73.9 74 0.002639840074
74.05 74 74.1 0.005998010658
74.15 74.1 74.2 0.01020137482
74.25 74.2 74.3 0.009374002155
74.35 74.3 74.4 0.001627376373
74.45 74.4 74.5 0.009065135324
74.55 74.5 74.6 0.005690123645
74.65 74.6 74.7 0.008421807796
74.75 74.7 74.8 0.005386930738
74.85 74.8 74.9 0.005595538968
74.95 74.9 75 0.00981648302
75.05 75 75.1 0.005104561692
75.15 75.1 75.2 0.003966265513
75.25 75.2 75.3 0.0003407550277
75.35 75.3 75.4 0.004503216378
75.45 75.4 75.5 0.009562775072
75.55 75.5 75.6 0.004246886771
75.65 75.6 75.7 0.001692729196
75.75 75.7 75.8 0.008191352079
75.85 75.8 75.9 0.004561949485
75.95 75.9 76 0.005426231048
76.05 76 76.1 0.005602385126
76.15 76.1 76.2 0.004508560341
76.25 76.2 76.3 0.006161229877
76.35 76.3 76.4 0.005147777163
76.45 76.4 76.5 0.006400570624
76.55 76.5 76.6 0.005555801008
76.65 76.6 76.7 0.007890473754
76.75 76.7 76.8 0.001709173062
76.85 76.8 76.9 0.008182101546
76.95 76.9 77 0.01081532675
77.05 77 77.1 0.007081364594
77.15 77.1 77.2 0.002268013456
77.25 77.2 77.3 0.002790062457
77.35 77.3 77.4 0.009034193446
77.45 77.4 77.5 0.002646357674
77.55 77.5 77.6 0.007300569358
77.65 77.6 77.7 0.006475517693
77.75 77.7 77.8 0.007851974001
77.85 77.8 77.9 0.01063375473
77.95 77.9 78 0.006652779983
78.05 78 78.1 0.004792462307
78.15 78.1 78.2 0.002678857481
78.25 78.2 78.3 0.00687553136
78.35 78.3 78.4 0.008151994051
78.45 78.4 78.5 0.006276900462
78.55 78.5 78.6 0.0007306645417
78.65 78.6 78.7 0.003615848138
78.75 78.7 78.8 0.009648905737
78.85 78.8 78.9 0.001654968874
78.95 78.9 79 0.00798444126
79.05 79 79.1 0.009164009467
79.15 79.1 79.2 0.002908270153
79.25 79.2 79.3 0.009579264546
79.35 79.3 79.4 0.004550504846
79.45 79.4 79.5 0.008306588425
79.55 79.5 79.6 0.007824316747
79.65 79.6 79.7 0.004475085284
79.75 79.7 79.8 0.003308851703
79.85 79.8 79.9 0.01004632057
79.95 79.9 80 0.009218153998
80.05 80 80.1 0.007315511441
80.15 80.1 80.2 0.003342449911
80.25 80.2 80.3 0.005876568214
80.35 80.3 80.4 0.009072011959
80.45 80.4 80.5 0.00376154019
80.55 80.5 80.6 0.002026806757
80.65 80.6 80.7 0.005500611708
80.75 80.7 80.8 0.009910322169
80.85 80.8 80.9 0.004835047413
80.95 80.9 81 0.005691661707
81.05 81 81.1 0.01323109103
81.15 81.1 81.2 0.005476166698
81.25 81.2 81.3 0.006731667863
81.35 81.3 81.4 0.0004112680316
81.45 81.4 81.5 0.004257390575
81.55 81.5 81.6 0.001786735062
81.65 81.6 81.7 0.00096158408
81.75 81.7 81.8 0.003817432438
81.85 81.8 81.9 0.005269846741
81.95 81.9 82 0.009249360032
82.05 82 82.1 0.002821251422
82.15 82.1 82.2 0.001431286999
82.25 82.2 82.3 0.007503811795
82.35 82.3 82.4 0.003703045742
82.45 82.4 82.5 0.007772463999
82.55 82.5 82.6 0.006352452124
82.65 82.6 82.7 -0.001160774182
82.75 82.7 82.8 0.004253633714
82.85 82.8 82.9 0.01241730008
82.95 82.9 83 0.003697210564
83.05 83 83.1 0.007387920661
83.15 83.1 83.2 0.006973799188
83.25 83.2 83.3 0.007799377214
83.35 83.3 83.4 0.006145368421
83.45 83.4 83.5 0.004761854691
83.55 83.5 83.6 -0.003976418681
83.65 83.6 83.7 0.0007229180426
83.75 83.7 83.8 0.006516950625
83.85 83.8 83.9 0.004657948112
83.95 83.9 84 0.003233063442
84.05 84 84.1 0.002258774822
84.15 84.1 84.2 0.007242226292
84.25 84.2 84.3 0.004480506428
84.35 84.3 84.4 0.006669372631
84.45 84.4 84.5 0.005321238511
84.55 84.5 84.6 0.001696315401
84.65 84.6 84.7 0.004447067893
84.75 84.7 84.8 0.004210856215
84.85 84.8 84.9 0.007247623676
84.95 84.9 85 0.00674179779
85.05 85 85.1 0.00591719062
85.15 85.1 85.2 0.003992331932
85.25 85.2 85.3 0.003440466564
85.35 85.3 85.4 0.004142682917
85.45 85.4 85.5 0.006680852401
85.55 85.5 85.6 0.002911188045
85.65 85.6 85.7 0.002920089857
85.75 85.7 85.8 0.001487197775
85.85 85.8 85.9 0.008897139082
85.95 85.9 86 0.004535257055
86.05 86 86.1 0.006975145375
86.15 86.1 86.2 0.002377799704
86.25 86.2 86.3 0.007736599786
86.35 86.3 86.4 0.005116103849
86.45 86.4 86.5 0.006912403803
86.55 86.5 86.6 0.007815863135
86.65 86.6 86.7 0.004946453361
86.75 86.7 86.8 0.002600228336
86.85 86.8 86.9 0.004629453251
86.95 86.9 87 0.005902591492
87.05 87 87.1 0.006024633241
87.15 87.1 87.2 0.003727040512
87.25 87.2 87.3 0.005272472723
87.35 87.3 87.4 0.0007544413067
87.45 87.4 87.5 0.008382155409
87.55 87.5 87.6 -0.001610183111
87.65 87.6 87.7 0.002541530958
87.75 87.7 87.8 0.00330308094
87.85 87.8 87.9 0.00266522959
87.95 87.9 88 0.004999856348
88.05 88 88.1 0.008787572115
88.15 88.1 88.2 0.0009449935087
88.25 88.2 88.3 0.005930853062
88.35 88.3 88.4 0.002502784752
88.45 88.4 88.5 0.0043858825
88.55 88.5 88.6 0.001146230312
88.65 88.6 88.7 0.005016381362
88.75 88.7 88.8 0.004629295385
88.85 88.8 88.9 0.006812480557
88.95 88.9 89 0.002268820407
89.05 89 89.1 0.01076187942
89.15 89.1 89.2 0.006491036465
89.25 89.2 89.3 0.003559788218
89.35 89.3 89.4 0.003818357255
89.45 89.4 89.5 0.003366473733
89.55 89.5 89.6 0.008376297932
89.65 89.6 89.7 0.005184868688
89.75 89.7 89.8 0.004855551656
89.85 89.8 89.9 -0.003626307107
89.95 89.9 90 0.0008119415389
90.05 90 90.1 0.006645919768
90.15 90.1 90.2 0.003345233336
90.25 90.2 90.3 0.001316908175
90.35 90.3 90.4 0.004159021053
90.45 90.4 90.5 0.003554021465
90.55 90.5 90.6 0.00883343659
90.65 90.6 90.7 0.001497832582
90.75 90.7 90.8 0.0109811816
90.85 90.8 90.9 0.005740725654
90.95 90.9 91 0.007967777013
91.05 91 91.1 0.001782349251
91.15 91.1 91.2 -0.001323459264
91.25 91.2 91.3 0.003365696426
91.35 91.3 91.4 0.002343342491
91.45 91.4 91.5 0.004161753304
91.55 91.5 91.6 0.008606571876
91.65 91.6 91.7 0.009391158362
91.75 91.7 91.8 0.005613293732
91.85 91.8 91.9 0.006882692065
91.95 91.9 92 0.004068565027
92.05 92 92.1 0.008346610555
92.15 92.1 92.2 0.004948469234
92.25 92.2 92.3 0.004707298916
92.35 92.3 92.4 0.003508858713
92.45 92.4 92.5 0.005824029952
92.55 92.5 92.6 0.007761931944
92.65 92.6 92.7 0.007819736939
92.75 92.7 92.8 0.0007033339994
92.85 92.8 92.9 0.004089764338
92.95 92.9 93 0.001681852219
93.05 93 93.1 0.006313594846
93.15 93.1 93.2 0.002425011083
93.25 93.2 93.3 0.00222224617
93.35 93.3 93.4 0.003079595274
93.45 93.4 93.5 0.003967519165
93.55 93.5 93.6 0.002044739393
93.65 93.6 93.7 0.004298673105
93.75 93.7 93.8 0.003103230039
93.85 93.8 93.9 0.007351209982
93.95 93.9 94 0.003288959563
94.05 94 94.1 0.005810409986
94.15 94.1 94.2 0.003730359062
94.25 94.2 94.3 0.002984515872
94.35 94.3 94.4 0.004092149716
94.45 94.4 94.5 0.003488286978
94.55 94.5 94.6 0.008667833379
94.65 94.6 94.7 0.006852371173
94.75 94.7 94.8 0.005450986844
94.85 94.8 94.9 0.001531817906
94.95 94.9 95 0.005820594257
95.05 95 95.1 0.005650564026
95.15 95.1 95.2 0.007933360117
95.25 95.2 95.3 0.006243961927
95.35 95.3 95.4 0.01086903224
95.45 95.4 95.5 0.006714911396
95.55 95.5 95.6 0.004816333185
95.65 95.6 95.7 0.006274063473
95.75 95.7 95.8 0.007012964763
95.85 95.8 95.9 0.005004509985
95.95 95.9 96 0.004467568399
96.05 96 96.1 0.0009467724517
96.15 96.1 96.2 0.004142095458
96.25 96.2 96.3 0.005651397135
96.35 96.3 96.4 0.001207819076
96.45 96.4 96.5 0.004331780011
96.55 96.5 96.6 0.003403493989
96.65 96.6 96.7 0.002360581934
96.75 96.7 96.8 0.006040809992
96.85 96.8 96.9 0.004253032567
96.95 96.9 97 0.002250239898
97.05 97 97.1 0.003290424345
97.15 97.1 97.2 0.004210636566
97.25 97.2 97.3 0.003505840953
97.35 97.3 97.4 0.006073028892
97.45 97.4 97.5 0.005303487245
97.55 97.5 97.6 0.006812001888
97.65 97.6 97.7 0.008294206668
97.75 97.7 97.8 0.004779485574
97.85 97.8 97.9 0.004057382007
97.95 97.9 98 0.006459889703
98.05 98 98.1 0.004154456856
98.15 98.1 98.2 0.002481347003
98.25 98.2 98.3 0.007410130705
98.35 98.3 98.4 0.008258418634
98.45 98.4 98.5 0.005816414279
98.55 98.5 98.6 0.005521139676
98.65 98.6 98.7 0.003536641042
98.75 98.7 98.8 0.00641103743
98.85 98.8 98.9 0.005982251085
98.95 98.9 99 0.005095226213
99.05 99 99.1 0.00277809875
99.15 99.1 99.2 0.005179642649
99.25 99.2 99.3 0.007038114794
99.35 99.3 99.4 0.003205268795
99.45 99.4 99.5 0.008348852274
99.55 99.5 99.6 0.002759360488
99.65 99.6 99.7 0.004420472139
99.75 99.7 99.8 0.004734796252
99.85 99.8 99.9 0.004284351078
99.95 99.9 100 0.005770765854
100.05 100 100.1 0.00321899414
100.15 100.1 100.2 0.004292952471
100.25 100.2 100.3 0.003015701301
100.35 100.3 100.4 0.004606641097
100.45 100.4 100.5 0.007135642911
100.55 100.5 100.6 0.005201624281
100.65 100.6 100.7 0.002091210133
100.75 100.7 100.8 0.006773323579
100.85 100.8 100.9 0.005776547627
100.95 100.9 101 0.004873295861
101.05 101 101.1 0.00421596224
101.15 101.1 101.2 0.005371637283
101.25 101.2 101.3 0.002838492392
101.35 101.3 101.4 0.008961782047
101.45 101.4 101.5 0.004360248264
101.55 101.5 101.6 0.004253142189
101.65 101.6 101.7 0.008241301271
101.75 101.7 101.8 0.004667816427
101.85 101.8 101.9 0.002792527975
101.95 101.9 102 0.007451774849
102.05 102 102.1 0.0003712720498
102.15 102.1 102.2 0.00553286587
102.25 102.2 102.3 0.0009900228352
102.35 102.3 102.4 0.005252100064
102.45 102.4 102.5 0.007903951356
102.55 102.5 102.6 0.003213865179
102.65 102.6 102.7 0.002559729251
102.75 102.7 102.8 0.003479348874
102.85 102.8 102.9 0.005876938626
102.95 102.9 103 -0.0004276530159
103.05 103 103.1 0.005847713242
103.15 103.1 103.2 0.003482958834
103.25 103.2 103.3 0.005756823282
103.35 103.3 103.4 -0.002177391757
103.45 103.4 103.5 0.004312256636
103.55 103.5 103.6 0.005679609827
103.65 103.6 103.7 0.007735136227
103.75 103.7 103.8 0.005457528876
103.85 103.8 103.9 0.008497093123
103.95 103.9 104 0.005988464547
104.05 104 104.1 0.002641095274
104.15 104.1 104.2 0.001074568615
104.25 104.2 104.3 0.001071280099
104.35 104.3 104.4 0.005535288285
104.45 104.4 104.5 0.002373883883
104.55 104.5 104.6 0.003844636656
104.65 104.6 104.7 0.006591291355
104.75 104.7 104.8 0.003801085131
104.85 104.8 104.9 0.001422835042
104.95 104.9 105 -0.001541271302
105.05 105 105.1 0.0008556886393
105.15 105.1 105.2 0.00358021505
105.25 105.2 105.3 0.004551017717
105.35 105.3 105.4 0.003984108189
105.45 105.4 105.5 0.005792966952
105.55 105.5 105.6 0.005251714019
105.65 105.6 105.7 0.001768133287
105.75 105.7 105.8 0.001561070824
105.85 105.8 105.9 0.006156248509
105.95 105.9 106 0.002272281232
106.05 106 106.1 0.00285785397
106.15 106.1 106.2 0.0006418858875
106.25 106.2 106.3 0.005617000928
106.35 106.3 106.4 0.004228863205
106.45 106.4 106.5 0.003759185924
106.55 106.5 106.6 0.002376601834
106.65 106.6 106.7 0.004237588112
106.75 106.7 106.8 0.003133616772
106.85 106.8 106.9 0.006911201182
106.95 106.9 107 0.003693953358
107.05 107 107.1 0.001834468854
107.15 107.1 107.2 0.003588778716
107.25 107.2 107.3 0.003704915639
107.35 107.3 107.4 0.002456753563
107.45 107.4 107.5 0.002640566354
107.55 107.5 107.6 -0.0004169616634
107.65 107.6 107.7 0.005818351746
107.75 107.7 107.8 0.001298263051
107.85 107.8 107.9 0.004884067433
107.95 107.9 108 0.001572828324
108.05 108 108.1 0.003513678883
108.15 108.1 108.2 0.004061046349
108.25 108.2 108.3 0.003357190453
108.35 108.3 108.4 0.005817258075
108.45 108.4 108.5 0.001316977
108.55 108.5 108.6 -0.000299830589
108.65 108.6 108.7 0.00109726707
108.75 108.7 108.8 0.008777215996
108.85 108.8 108.9 0.00444517624
108.95 108.9 109 0.003842984862
109.05 109 109.1 0.002629663523
109.15 109.1 109.2 0.003805000649
109.25 109.2 109.3 0.004255646936
109.35 109.3 109.4 0.0002183647967
109.45 109.4 109.5 0.005944554332
109.55 109.5 109.6 -0.0004417899056
109.65 109.6 109.7 0.001805244665
109.75 109.7 109.8 0.001383642957
109.85 109.8 109.9 0.004652974607
109.95 109.9 110 0.001793365262
110.05 110 110.1 0.0007263762151
110.15 110.1 110.2 0.00255045411
110.25 110.2 110.3 0.00197657574
110.35 110.3 110.4 0.001862343668
110.45 110.4 110.5 0.003177037996
110.55 110.5 110.6 0.001983354659
110.65 110.6 110.7 0.00406941221
110.75 110.7 110.8 0.0030562135
110.85 110.8 110.9 0.001405328455
110.95 110.9 111 -0.001037507457
111.05 111 111.1 0.004562892778
111.15 111.1 111.2 0.004735096843
111.25 111.2 111.3 0.004002634329
111.35 111.3 111.4 0.003035301792
111.45 111.4 111.5 0.002359232685
111.55 111.5 111.6 0.00440230141
111.65 111.6 111.7 0.001389406084
111.75 111.7 111.8 0.0003868148531
111.85 111.8 111.9 -0.0002861585345
111.95 111.9 112 0.0007338199016
112.05 112 112.1 -0.0002337634902
112.15 112.1 112.2 0.002821985266
112.25 112.2 112.3 0.0006067205893
112.35 112.3 112.4 0.004577933138
112.45 112.4 112.5 0.002001455523
112.55 112.5 112.6 0.003627062453
112.65 112.6 112.7 0.001029346892
112.75 112.7 112.8 0.001668241712
112.85 112.8 112.9 0.003097707008
112.95 112.9 113 0.001861493475
113.05 113 113.1 0.001745338099
113.15 113.1 113.2 0.00482175181
113.25 113.2 113.3 -0.001989504375
113.35 113.3 113.4 0.004061698096
113.45 113.4 113.5 0.0008640310304
113.55 113.5 113.6 0.0004600481448
113.65 113.6 113.7 0.00122823705
113.75 113.7 113.8 0.002647014608
113.85 113.8 113.9 0.004580805932
113.95 113.9 114 0.002714733664
114.05 114 114.1 0.002157024554
114.15 114.1 114.2 0.002288256165
114.25 114.2 114.3 0.001606101282
114.35 114.3 114.4 0.004346062169
114.45 114.4 114.5 0.004426015421
114.55 114.5 114.6 0.002450591938
114.65 114.6 114.7 0.001255147941
114.75 114.7 114.8 0.005004387527
114.85 114.8 114.9 -0.0004394507573
114.95 114.9 115 0.002362596958
115.05 115 115.1 -0.0001713870259
115.15 115.1 115.2 -2.538439612e-05
115.25 115.2 115.3 -0.001601194996
115.35 115.3 115.4 0.00327671146
115.45 115.4 115.5 -0.004004821319
115.55 115.5 115.6 0.002537533041
115.65 115.6 115.7 0.005027997358
115.75 115.7 115.8 0.003966350647
115.85 115.8 115.9 0.003671827554
115.95 115.9 116 0.001427210472
116.05 116 116.1 -0.0005811308921
116.15 116.1 116.2 0.002324818939
116.25 116.2 116.3 0.002197170669
116.35 116.3 116.4 -0.00102351606
116.45 116.4 116.5 -0.0008263756453
116.55 116.5 116.6 0.003053732927
116.65 116.6 116.7 -5.206696087e-06
116.75 116.7 116.8 0.003048511281
116.85 116.8 116.9 0.001100912311
116.95 116.9 117 -0.000149806398
117.05 117 117.1 3.749964245e-05
117.15 117.1 117.2 0.004813210849
117.25 117.2 117.3 0.0003192259171
117.35 117.3 117.4 -0.0006810148263
117.45 117.4 117.5 -0.0001486087474
117.55 117.5 117.6 0.001048273
117.65 117.6 117.7 0.003675881314
117.75 117.7 117.8 0.0005496189195
117.85 117.8 117.9 0.001376617015
117.95 117.9 118 0.002887431628
118.05 118 118.1 0.001148320546
118.15 118.1 118.2 0.002930412693
118.25 118.2 118.3 0.00395413481
118.35 118.3 118.4 0.0008603615383
118.45 118.4 118.5 0.000467140999
118.55 118.5 118.6 0.0004247081293
118.65 118.6 118.7 0.002162278955
118.75 118.7 118.8 0.004606812958
118.85 118.8 118.9 0.002649377351
118.95 118.9 119 0.001216106337
119.05 119 119.1 0.000877136306
119.15 119.1 119.2 -0.0001952815077
119.25 119.2 119.3 0.0005885909122
119.35 119.3 119.4 -0.001960620164
119.45 119.4 119.5 0.003204378119
119.55 119.5 119.6 0.003024741009
119.65 119.6 119.7 0.0004111770603
119.75 119.7 119.8 0.0007006291625
119.85 119.8 119.9 0.003357355449
119.95 119.9 120 0.0002115586865
120.05 120 120.1 -0.00398645208
120.15 120.1 120.2 0.001480489194
120.25 120.2 120.3 -0.001582116249
120.35 120.3 120.4 0.000572568022
120.45 120.4 120.5 0.001093998372
120.55 120.5 120.6 0.00305742364
120.65 120.6 120.7 -0.0008948198621
120.75 120.7 120.8 -0.0006967536449
120.85 120.8 120.9 -9.068959726e-05
120.95 120.9 121 0.005742681004
121.05 121 121.1 0.004843969754
121.15 121.1 121.2 0.002808262257
121.25 121.2 121.3 0.002158282544
121.35 121.3 121.4 0.0002976645011
121.45 121.4 121.5 0.001117629229
121.55 121.5 121.6 0.003480927156
121.65 121.6 121.7 0.0007518472026
121.75 121.7 121.8 0.003149873579
121.85 121.8 121.9 0.0004933157564
121.95 121.9 122 0.002092450427
122.05 122 122.1 0.001163626736
122.15 122.1 122.2 0.0005521893996
122.25 122.2 122.3 -0.002200666172
122.35 122.3 122.4 -0.0004359945645
122.45 122.4 122.5 0.001720027856
122.55 122.5 122.6 -0.001618957198
122.65 122.6 122.7 0.002828812895
122.75 122.7 122.8 0.002351589914
122.85 122.8 122.9 0.005766025893
122.95 122.9 123 0.0003357668075
123.05 123 123.1 0.0002791922877
123.15 123.1 123.2 0.002709003408
123.25 123.2 123.3 -0.001601517245
123.35 123.3 123.4 -0.001235349749
123.45 123.4 123.5 -0.0002697646283
123.55 123.5 123.6 -0.001844101216
123.65 123.6 123.7 0.002327377638
123.75 123.7 123.8 0.001796005694
123.85 123.8 123.9 -0.003406602718
123.95 123.9 124 -0.0004319373654
124.05 124 124.1 0.001168009568
124.15 124.1 124.2 0.001336120972
124.25 124.2 124.3 0.001491884264
124.35 124.3 124.4 0.0001943766016
124.45 124.4 124.5 0.00104161001
124.55 124.5 124.6 0.0004402407051
124.65 124.6 124.7 -0.0003921112826
124.75 124.7 124.8 0.0001439107514
124.85 124.8 124.9 0.0009783171123
124.95 124.9 125 0.002397767218
125.05 125 125.1 -0.001902990698
125.15 125.1 125.2 -0.002868692234
125.25 125.2 125.3 0.0009024845922
125.35 125.3 125.4 0.002193694928
125.45 125.4 125.5 0.0002269635393
125.55 125.5 125.6 -0.001921467997
125.65 125.6 125.7 0.001270727928
125.75 125.7 125.8 -0.001080020226
125.85 125.8 125.9 -0.001155545423
125.95 125.9 126 -0.002231367335
126.05 126 126.1 -0.002871012125
126.15 126.1 126.2 -0.002392596833
126.25 126.2 126.3 -0.001022191064
126.35 126.3 126.4 -0.002582675647
126.45 126.4 126.5 -0.0009968945368
126.55 126.5 126.6 0.002592543385
126.65 126.6 126.7 -0.001214619111
126.75 126.7 126.8 -0.002687145936
126.85 126.8 126.9 0.00292768381
126.95 126.9 127 -0.002173039504
127.05 127 127.1 -0.002891397757
127.15 127.1 127.2 0.001725079289
127.25 127.2 127.3 -0.003776658427
127.35 127.3 127.4 -0.001105182066
127.45 127.4 127.5 -0.00619053181
127.55 127.5 127.6 0.00269250709
127.65 127.6 127.7 -0.000383960847
127.75 127.7 127.8 -3.462179937e-05
127.85 127.8 127.9 -0.0009416842106
127.95 127.9 128 0.001307959106
128.05 128 128.1 -0.001522972548
128.15 128.1 128.2 -0.005342739568
128.25 128.2 128.3 -0.004812210532
128.35 128.3 128.4 -0.003025375818
128.45 128.4 128.5 -0.002140531771
128.55 128.5 128.6 -0.001650811178
128.65 128.6 128.7 0.0006683314789
128.75 128.7 128.8 0.002644610216
128.85 128.8 128.9 -0.002697993454
128.95 128.9 129 0.001923421234
129.05 129 129.1 -0.0019171828
129.15 129.1 129.2 -0.0003069906211
129.25 129.2 129.3 0.001242077355
129.35 129.3 129.4 -0.003914756613
129.45 129.4 129.5 -0.001803284856
129.55 129.5 129.6 -0.0005037477715
129.65 129.6 129.7 -0.003284528641
129.75 129.7 129.8 -0.001366278255
129.85 129.8 129.9 -0.0003520721959
129.95 129.9 130 -0.0001849090794
130.05 130 130.1 0.001864813278
130.15 130.1 130.2 -0.002328213612
130.25 130.2 130.3 -0.004803658779
130.35 130.3 130.4 -0.0008176199428
130.45 130.4 130.5 -0.0001955915239
130.55 130.5 130.6 -0.0004105288912
130.65 130.6 130.7 -0.002137970459
130.75 130.7 130.8 -0.002614977267
130.85 130.8 130.9 -0.0003954620794
130.95 130.9 131 0.002802436899
131.05 131 131.1 -0.0001109238455
131.15 131.1 131.2 0.000630137065
131.25 131.2 131.3 -0.0008325060769
131.35 131.3 131.4 -7.316955503e-05
131.45 131.4 131.5 -0.001965913566
131.55 131.5 131.6 -0.003822310744
131.65 131.6 131.7 -0.001791996375
131.75 131.7 131.8 -9.371052798e-05
131.85 131.8 131.9 -0.003920303086
131.95 131.9 132 -0.004272463172
132.05 132 132.1 0.000318761797
132.15 132.1 132.2 -0.002491151596
132.25 132.2 132.3 -0.001750042921
132.35 132.3 132.4 -0.001956981396
132.45 132.4 132.5 -0.003757978089
132.55 132.5 132.6 0.001814528358
132.65 132.6 132.7 -0.003328616265
132.75 132.7 132.8 0.0001970331429
132.85 132.8 132.9 -0.003286017781
132.95 132.9 133 -0.004213941975
133.05 133 133.1 -0.004885244772
133.15 133.1 133.2 0.002087577136
133.25 133.2 133.3 -0.0003757825297
133.35 133.3 133.4 -0.002017485013
133.45 133.4 133.5 -0.003452543046
133.55 133.5 133.6 -0.001971136828
133.65 133.6 133.7 -0.001412343048
133.75 133.7 133.8 -0.00185720183
133.85 133.8 133.9 -0.004470054923
133.95 133.9 134 -0.003807848557
134.05 134 134.1 -0.002820318752
134.15 134.1 134.2 0.0008925352349
134.25 134.2 134.3 -0.003444696628
134.35 134.3 134.4 0.001934443485
134.45 134.4 134.5 -0.001294969334
134.55 134.5 134.6 -0.0009236819729
134.65 134.6 134.7 0.00115874754
134.75 134.7 134.8 0.0007363696288
134.85 134.8 134.9 0.0005273557904
134.95 134.9 135 0.001702749663
135.05 135 135.1 -0.00256768871
135.15 135.1 135.2 -0.002325453869
135.25 135.2 135.3 -0.003203944641
135.35 135.3 135.4 -0.002254383924
135.45 135.4 135.5 0.001241518942
135.55 135.5 135.6 -0.002547896197
135.65 135.6 135.7 -0.001847609575
135.75 135.7 135.8 -0.004894286912
135.85 135.8 135.9 -0.001108986902
135.95 135.9 136 -0.00401243108
136.05 136 136.1 -0.0009728983955
136.15 136.1 136.2 -0.0006223930215
136.25 136.2 136.3 0.001397374586
136.35 136.3 136.4 -0.002159018977
136.45 136.4 136.5 -0.003649878659
136.55 136.5 136.6 -0.001615700924
136.65 136.6 136.7 -0.002165036965
136.75 136.7 136.8 -0.002552127101
136.85 136.8 136.9 -0.0034227245
136.95 136.9 137 -0.004835581505
137.05 137 137.1 -0.004356438049
137.15 137.1 137.2 -0.002292036508
137.25 137.2 137.3 -0.005378394108
137.35 137.3 137.4 -0.002333361828
137.45 137.4 137.5 -0.002085960728
137.55 137.5 137.6 0.0003299391584
137.65 137.6 137.7 -0.0005792214772
137.75 137.7 137.8 -0.002498076681
137.85 137.8 137.9 0.001576322422
137.95 137.9 138 -0.003470377854
138.05 138 138.1 -0.004545459608
138.15 138.1 138.2 0.0001157439222
138.25 138.2 138.3 -0.0006633099299
138.35 138.3 138.4 -0.00275682378
138.45 138.4 138.5 -0.001902604013
138.55 138.5 138.6 -0.003265394394
138.65 138.6 138.7 -0.001840938108
138.75 138.7 138.8 -0.002802791801
138.85 138.8 138.9 -0.005427840178
138.95 138.9 139 -0.004504598139
139.05 139 139.1 -0.001473875614
139.15 139.1 139.2 -0.001877908535
139.25 139.2 139.3 -0.002254789135
139.35 139.3 139.4 -0.002349481151
139.45 139.4 139.5 -0.003352614622
139.55 139.5 139.6 -0.001389019236
139.65 139.6 139.7 -0.0004693536363
139.75 139.7 139.8 0.0008572460554
139.85 139.8 139.9 -0.0010186451
139.95 139.9 140 -0.0005182507595
140.05 140 140.1 -0.001215256724
140.15 140.1 140.2 -0.0007137831428
140.25 140.2 140.3 5.726619557e-05
140.35 140.3 140.4 -0.0009479363488
140.45 140.4 140.5 -0.001139542579
140.55 140.5 140.6 -0.002196115656
140.65 140.6 140.7 -0.0009523414986
140.75 140.7 140.8 -0.003836936641
140.85 140.8 140.9 -0.002333280361
140.95 140.9 141 0.002038520973
141.05 141 141.1 -0.004821055577
141.15 141.1 141.2 -0.001474317915
141.25 141.2 141.3 -0.0002702058607
141.35 141.3 141.4 -0.001257882758
141.45 141.4 141.5 -0.0007646358586
141.55 141.5 141.6 0.0009197577129
141.65 141.6 141.7 -0.004563323399
141.75 141.7 141.8 -0.003347160516
141.85 141.8 141.9 -0.003314437297
141.95 141.9 142 -0.0004186611588
142.05 142 142.1 -0.002261943866
142.15 142.1 142.2 -0.0005461454408
142.25 142.2 142.3 -0.00184076051
142.35 142.3 142.4 -0.002517103662
142.45 142.4 142.5 0.0004862984858
142.55 142.5 142.6 -0.00419353211
142.65 142.6 142.7 -0.002082696723
142.75 142.7 142.8 -0.004441251101
142.85 142.8 142.9 -0.001729659264
142.95 142.9 143 -0.0002811003055
143.05 143 143.1 -0.0004010582439
143.15 143.1 143.2 -0.003052654714
143.25 143.2 143.3 -0.002905602837
143.35 143.3 143.4 -0.003275908702
143.45 143.4 143.5 -0.001721143103
143.55 143.5 143.6 -0.001369534205
143.65 143.6 143.7 -0.0001421157821
143.75 143.7 143.8 -0.001545866788
143.85 143.8 143.9 -0.001351043866
143.95 143.9 144 4.040173346e-05
144.05 144 144.1 -0.0003265083261
144.15 144.1 144.2 -0.001083719163
144.25 144.2 144.3 0.001641469953
144.35 144.3 144.4 0.001184228441
144.45 144.4 144.5 -0.002631126748
144.55 144.5 144.6 -0.003124276763
144.65 144.6 144.7 -0.001902940418
144.75 144.7 144.8 -0.001698515089
144.85 144.8 144.9 -0.001823746184
144.95 144.9 145 -0.001297699681
145.05 145 145.1 -0.001740788127
145.15 145.1 145.2 -0.002631672403
145.25 145.2 145.3 0.000982672875
145.35 145.3 145.4 -0.002648126158
145.45 145.4 145.5 -0.001644416407
145.55 145.5 145.6 -0.0008615529999
145.65 145.6 145.7 -0.001407943275
145.75 145.7 145.8 6.801126907e-05
145.85 145.8 145.9 -0.003808799146
145.95 145.9 146 0.0009152826533
146.05 146 146.1 -0.00163944363
146.15 146.1 146.2 -3.023542902e-05
146.25 146.2 146.3 -0.0008897144045
146.35 146.3 146.4 -0.003392720699
146.45 146.4 146.5 0.001511596287
146.55 146.5 146.6 -0.0001905340305
146.65 146.6 146.7 -0.0008631223194
146.75 146.7 146.8 -0.0001257523974
146.85 146.8 146.9 -0.001416081427
146.95 146.9 147 -0.001386606512
147.05 147 147.1 -0.007182143504
147.15 147.1 147.2 -0.0007874129174
147.25 147.2 147.3 -0.002200009877
147.35 147.3 147.4 -0.001293262423
147.45 147.4 147.5 -0.002697863156
147.55 147.5 147.6 -8.71532358e-05
147.65 147.6 147.7 -0.003718696317
147.75 147.7 147.8 -0.002886390714
147.85 147.8 147.9 -0.002661770889
147.95 147.9 148 -0.001497976084
148.05 148 148.1 -0.0004017677833
148.15 148.1 148.2 -0.002675722921
148.25 148.2 148.3 -0.003642473517
148.35 148.3 148.4 -0.003312543036
148.45 148.4 148.5 0.000680955956
148.55 148.5 148.6 -0.001180078325
148.65 148.6 148.7 -0.002233833705
148.75 148.7 148.8 -0.002673956496
148.85 148.8 148.9 -0.001168292495
148.95 148.9 149 -0.00280969753
149.05 149 149.1 -0.002126537154
149.15 149.1 149.2 -0.001406700463
149.25 149.2 149.3 -0.001785578038
149.35 149.3 149.4 -0.002395519697
149.45 149.4 149.5 0.0007579137585
149.55 149.5 149.6 -0.0005141219359
149.65 149.6 149.7 -0.0005396620252
149.75 149.7 149.8 -0.001864459496
149.85 149.8 149.9 -0.000507577712
149.95 149.9 150 -0.003241667422
150.05 150 150.1 -0.003382958435
150.15 150.1 150.2 -0.0001087330683
150.25 150.2 150.3 -0.002943241409
150.35 150.3 150.4 0.0001842727235
150.45 150.4 150.5 -0.003098969762
150.55 150.5 150.6 -0.0007806765275
150.65 150.6 150.7 -0.0005869732384
150.75 150.7 150.8 -0.001180348621
150.85 150.8 150.9 -0.0007606449017
150.95 150.9 151 -0.005436249292
151.05 151 151.1 -0.001324651066
151.15 151.1 151.2 -0.001811943013
151.25 151.2 151.3 -0.001304002555
151.35 151.3 151.4 -0.002932291056
151.45 151.4 151.5 -0.0002367365418
151.55 151.5 151.6 -0.004398790838
151.65 151.6 151.7 -0.001614952513
151.75 151.7 151.8 -0.003182086825
151.85 151.8 151.9 -0.003865633769
151.95 151.9 152 -0.003237326788
152.05 152 152.1 -0.003632467638
152.15 152.1 152.2 -0.002898493984
152.25 152.2 152.3 -0.002051003564
152.35 152.3 152.4 -0.002514602478
152.45 152.4 152.5 -0.0006653431098
152.55 152.5 152.6 -0.0009127303227
152.65 152.6 152.7 -0.002187258296
152.75 152.7 152.8 -0.0009294554602
152.85 152.8 152.9 -0.00269366531
152.95 152.9 153 -0.003678566683
153.05 153 153.1 -0.003300757739
153.15 153.1 153.2 4.707410887e-06
153.25 153.2 153.3 -0.002196212973
153.35 153.3 153.4 -0.002954555836
153.45 153.4 153.5 -0.00236919125
153.55 153.5 153.6 -0.002636595345
153.65 153.6 153.7 -0.002314294945
153.75 153.7 153.8 -0.004994851179
153.85 153.8 153.9 -0.003639357873
153.95 153.9 154 -0.002831433348
154.05 154 154.1 -0.00343185226
154.15 154.1 154.2 -0.003026898249
154.25 154.2 154.3 -0.00229570874
154.35 154.3 154.4 -0.003345956285
154.45 154.4 154.5 0.001651844034
154.55 154.5 154.6 -0.0004355903738
154.65 154.6 154.7 -0.0003852895509
154.75 154.7 154.8 -0.002617980873
154.85 154.8 154.9 -0.003998162584
154.95 154.9 155 -0.001338861939
155.05 155 155.1 0.001647875889
155.15 155.1 155.2 -0.001304522096
155.25 155.2 155.3 0.001514047639
155.35 155.3 155.4 -0.004248572129
155.45 155.4 155.5 -0.001790335708
155.55 155.5 155.6 -0.002382888041
155.65 155.6 155.7 -0.002657087108
155.75 155.7 155.8 -0.002585261793
155.85 155.8 155.9 -0.003205350342
155.95 155.9 156 0.0007347548259
156.05 156 156.1 -0.002814274592
156.15 156.1 156.2 -0.001924252225
156.25 156.2 156.3 -0.003736419619
156.35 156.3 156.4 -0.003469358903
156.45 156.4 156.5 -0.001978782257
156.55 156.5 156.6 -0.002892198756
156.65 156.6 156.7 -0.0006596252578
156.75 156.7 156.8 -0.002834038586
156.85 156.8 156.9 -0.001375392819
156.95 156.9 157 -0.003522711477
157.05 157 157.1 -0.001340594334
157.15 157.1 157.2 -0.001189367729
157.25 157.2 157.3 -0.001228192796
157.35 157.3 157.4 -0.0002769287117
157.45 157.4 157.5 -0.003778670516
157.55 157.5 157.6 -0.0001983142217
157.65 157.6 157.7 -0.002936713323
157.75 157.7 157.8 -0.0006799193235
157.85 157.8 157.9 -0.003022516822
157.95 157.9 158 -0.003916485727
158.05 158 158.1 -0.001592241626
158.15 158.1 158.2 -0.002853049419
158.25 158.2 158.3 -0.001233549816
158.35 158.3 158.4 -0.001405482654
158.45 158.4 158.5 0.0004605082877
158.55 158.5 158.6 -0.0008482033226
158.65 158.6 158.7 -0.001614766069
158.75 158.7 158.8 -0.002085014751
158.85 158.8 158.9 -0.0007918744547
158.95 158.9 159 -0.0007470484171
159.05 159 159.1 -0.0004784307887
159.15 159.1 159.2 0.0007999312017
159.25 159.2 159.3 -0.001094407501
159.35 159.3 159.4 -0.001098963377
159.45 159.4 159.5 -0.002311865351
159.55 159.5 159.6 -0.005417208921
159.65 159.6 159.7 0.0001314199684
159.75 159.7 159.8 6.094207629e-05
159.85 159.8 159.9 0.001729515459
159.95 159.9 160 -0.001171234472
160.05 160 160.1 0.003931204076
160.15 160.1 160.2 -0.0001355693518
160.25 160.2 160.3 -0.003742549276
160.35 160.3 160.4 -0.002102445369
160.45 160.4 160.5 0.0003386597851
160.55 160.5 160.6 0.0008473094296
160.65 160.6 160.7 -0.001488924837
160.75 160.7 160.8 -0.002522168251
160.85 160.8 160.9 -0.0008840143457
160.95 160.9 161 0.0006186193958
161.05 161 161.1 -0.001028467553
161.15 161.1 161.2 -0.001649645454
161.25 161.2 161.3 -0.004403184811
161.35 161.3 161.4 -0.003338031586
161.45 161.4 161.5 -0.0002672962906
161.55 161.5 161.6 -0.0001659160679
161.65 161.6 161.7 -0.001828012468
161.75 161.7 161.8 -0.0004691141659
161.85 161.8 161.9 -0.0002055430233
161.95 161.9 162 0.0009847206844
162.05 162 162.1 -0.0019794859
162.15 162.1 162.2 -0.0002259152504
162.25 162.2 162.3 -0.001383151366
162.35 162.3 162.4 -0.0007276598225
162.45 162.4 162.5 -0.001129714278
162.55 162.5 162.6 -0.002193861334
162.65 162.6 162.7 -0.002733834925
162.75 162.7 162.8 -0.001073019641
162.85 162.8 162.9 -0.001424522341
162.95 162.9 163 -0.001279938731
163.05 163 163.1 -0.0009660573853
163.15 163.1 163.2 -0.001256712332
163.25 163.2 163.3 -0.003715817535
163.35 163.3 163.4 -0.000649093311
163.45 163.4 163.5 -0.00375630252
163.55 163.5 163.6 -0.001904825914
163.65 163.6 163.7 -0.000541172768
163.75 163.7 163.8 -0.001277344967
163.85 163.8 163.9 0.0002023135376
163.95 163.9 164 -0.001106828788
164.05 164 164.1 -0.001125574702
164.15 164.1 164.2 -0.0004153762095
164.25 164.2 164.3 -0.0009775616566
164.35 164.3 164.4 -0.001720465452
164.45 164.4 164.5 -0.0001261050533
164.55 164.5 164.6 -0.004608631033
164.65 164.6 164.7 -0.001135254235
164.75 164.7 164.8 -0.001152900049
164.85 164.8 164.9 0.0001493697375
164.95 164.9 165 -0.0006621639055
165.05 165 165.1 3.133271285e-05
165.15 165.1 165.2 -0.001239200822
165.25 165.2 165.3 -0.000768384638
165.35 165.3 165.4 -0.001221160585
165.45 165.4 165.5 -0.0007421268479
165.55 165.5 165.6 -0.001950782985
165.65 165.6 165.7 -0.00414003208
165.75 165.7 165.8 0.0009668151806
165.85 165.8 165.9 -0.003515130191
165.95 165.9 166 -0.003009948145
166.05 166 166.1 0.0005051598128
166.15 166.1 166.2 -6.784657224e-05
166.25 166.2 166.3 -0.0002015554713
166.35 166.3 166.4 0.002008310404
166.45 166.4 166.5 -0.003269140572
166.55 166.5 166.6 -0.0009240794615
166.65 166.6 166.7 -0.0005617044629
166.75 166.7 166.8 -0.00308574278
166.85 166.8 166.9 -0.00376044744
166.95 166.9 167 0.000269754856
167.05 167 167.1 0.0003986617184
167.15 167.1 167.2 -0.001674254545
167.25 167.2 167.3 -0.001870607319
167.35 167.3 167.4 -6.185136032e-05
167.45 167.4 167.5 -0.001519899264
167.55 167.5 167.6 -0.0002144907534
167.65 167.6 167.7 -0.002404227569
167.75 167.7 167.8 -0.002104148344
167.85 167.8 167.9 -0.000315592354
167.95 167.9 168 -0.002342799961
168.05 168 168.1 -0.000660190763
168.15 168.1 168.2 -0.002788355907
168.25 168.2 168.3 0.001109414129
168.35 168.3 168.4 -0.0009633299501
168.45 168.4 168.5 -0.002326408293
168.55 168.5 168.6 0.002542128328
168.65 168.6 168.7 -0.0002540095108
168.75 168.7 168.8 -0.000751527765
168.85 168.8 168.9 8.802736718e-06
168.95 168.9 169 -0.0003646326488
169.05 169 169.1 -0.003146890627
169.15 169.1 169.2 0.001754789305
169.25 169.2 169.3 -0.001535520998
169.35 169.3 169.4 -0.001119834168
169.45 169.4 169.5 0.0008616921742
169.55 169.5 169.6 -0.0001903919389
169.65 169.6 169.7 0.000312581461
169.75 169.7 169.8 -0.002488472758
169.85 169.8 169.9 -0.001352816798
169.95 169.9 170 -0.0008161085956
170.05 170 170.1 -0.0004539371863
170.15 170.1 170.2 -0.000373214771
170.25 170.2 170.3 0.0002795726759
170.35 170.3 170.4 -0.002146372685
170.45 170.4 170.5 -0.001137484184
170.55 170.5 170.6 -0.0008566878504
170.65 170.6 170.7 -0.0009667196271
170.75 170.7 170.8 -0.001047477501
170.85 170.8 170.9 -0.0003484867802
170.95 170.9 171 -0.002462173377
171.05 171 171.1 -0.001093600929
171.15 171.1 171.2 -0.0009792972906
171.25 171.2 171.3 -0.001015496318
171.35 171.3 171.4 -0.0001834285929
171.45 171.4 171.5 -0.002682423496
171.55 171.5 171.6 0.0003064181697
171.65 171.6 171.7 -0.002239121967
171.75 171.7 171.8 -0.002194918474
171.85 171.8 171.9 -0.001929619927
171.95 171.9 172 -0.0005478672995
172.05 172 172.1 -0.00169257604
172.15 172.1 172.2 -0.002286813894
172.25 172.2 172.3 -0.001657781182
172.35 172.3 172.4 -0.003458105835
172.45 172.4 172.5 3.250160845e-05
172.55 172.5 172.6 -0.001801421346
172.65 172.6 172.7 -0.000421044247
172.75 172.7 172.8 -0.005124255964
172.85 172.8 172.9 -0.0005125598901
172.95 172.9 173 0.0002040522913
173.05 173 173.1 0.002880979962
173.15 173.1 173.2 -0.001987705615
173.25 173.2 173.3 -0.004843886109
173.35 173.3 173.4 -0.00231703515
173.45 173.4 173.5 -0.002312513607
173.55 173.5 173.6 -0.0002878272073
173.65 173.6 173.7 -0.0004936090002
173.75 173.7 173.8 -0.00161595148
173.85 173.8 173.9 -0.002522279814
173.95 173.9 174 0.001865992985
174.05 174 174.1 -0.003290283512
174.15 174.1 174.2 -0.00131049103
174.25 174.2 174.3 -0.002896871594
174.35 174.3 174.4 -0.001794418639
174.45 174.4 174.5 -0.001386462359
174.55 174.5 174.6 0.001145528458
174.65 174.6 174.7 -0.001656534338
174.75 174.7 174.8 -0.001550284321
174.85 174.8 174.9 0.0001327236155
174.95 174.9 175 -0.003143072647
175.05 175 175.1 -0.003063236938
175.15 175.1 175.2 0.0004138313397
175.25 175.2 175.3 -0.0008518712817
175.35 175.3 175.4 -0.002171137504
175.45 175.4 175.5 -0.001504837061
175.55 175.5 175.6 -0.003750554411
175.65 175.6 175.7 -0.002239248191
175.75 175.7 175.8 -0.003218107289
175.85 175.8 175.9 -0.003159858424
175.95 175.9 176 -0.002601530379
176.05 176 176.1 -0.0001244231664
176.15 176.1 176.2 0.0004197990336
176.25 176.2 176.3 -0.002851365458
176.35 176.3 176.4 -0.001304128813
176.45 176.4 176.5 -0.002318460024
176.55 176.5 176.6 -0.003296823614
176.65 176.6 176.7 -0.002154116384
176.75 176.7 176.8 -0.0006761719436
176.85 176.8 176.9 0.002795965919
176.95 176.9 177 -0.0006873608964
177.05 177 177.1 -0.00132565516
177.15 177.1 177.2 -0.00396570223
177.25 177.2 177.3 -0.00200868968
177.35 177.3 177.4 -0.003009808692
177.45 177.4 177.5 -0.001295535071
177.55 177.5 177.6 -0.002672154383
177.65 177.6 177.7 -0.001258540934
177.75 177.7 177.8 -0.00253040398
177.85 177.8 177.9 -0.0009016798735
177.95 177.9 178 -0.002440931465
178.05 178 178.1 -0.001053945826
178.15 178.1 178.2 -0.002329840948
178.25 178.2 178.3 -0.00205914722
178.35 178.3 178.4 -0.002022618678
178.45 178.4 178.5 0.0002986565726
178.55 178.5 178.6 -0.001725493523
178.65 178.6 178.7 -0.004401033949
178.75 178.7 178.8 -0.004561746687
178.85 178.8 178.9 0.0004441952391
178.95 178.9 179 -0.002498078147
179.05 179 179.1 -0.00259336279
179.15 179.1 179.2 -0.0005860598362
179.25 179.2 179.3 -0.002970199033
179.35 179.3 179.4 -0.001433723729
179.45 179.4 179.5 -0.0007946816375
179.55 179.5 179.6 0.0001921213913
179.65 179.6 179.7 -0.001096954153
179.75 179.7 179.8 -5.452800783e-05
179.85 179.8 179.9 -0.0002759989435
179.95 179.9 180 -0.000451938953
180.05 180 180.1 -0.002919475588
180.15 180.1 180.2 -0.003551602685
180.25 180.2 180.3 -0.001750246986
180.35 180.3 180.4 -0.002332837218
180.45 180.4 180.5 -0.002772019768
180.55 180.5 180.6 -0.001102099029
180.65 180.6 180.7 -0.001642856378
180.75 180.7 180.8 -0.003611876595
180.85 180.8 180.9 -0.003394858993
180.95 180.9 181 -0.001597224024
181.05 181 181.1 -0.003929566492
181.15 181.1 181.2 -0.003493221915
181.25 181.2 181.3 -0.002582230986
181.35 181.3 181.4 -0.00279209115
181.45 181.4 181.5 -0.001929000015
181.55 181.5 181.6 -0.003837574631
181.65 181.6 181.7 -0.00599579109
181.75 181.7 181.8 -0.003571150724
181.85 181.8 181.9 -0.004121574055
181.95 181.9 182 -0.0003087679328
182.05 182 182.1 -0.004197149035
182.15 182.1 182.2 -0.005749890379
182.25 182.2 182.3 -0.004437222735
182.35 182.3 182.4 0.0004438692015
182.45 182.4 182.5 -0.002681727811
182.55 182.5 182.6 -0.003110086364
182.65 182.6 182.7 -0.0003313628515
182.75 182.7 182.8 -0.00240628389
182.85 182.8 182.9 -0.001087921897
182.95 182.9 183 -0.001942945654
183.05 183 183.1 -0.003327381756
183.15 183.1 183.2 -0.00177807265
183.25 183.2 183.3 -0.003128895811
183.35 183.3 183.4 -0.002187241635
183.45 183.4 183.5 -0.002062058292
183.55 183.5 183.6 -0.003416875716
183.65 183.6 183.7 -0.002353380472
183.75 183.7 183.8 -0.0006016387058
183.85 183.8 183.9 -0.001399600106
183.95 183.9 184 -0.003567173861
184.05 184 184.1 -0.003748898504
184.15 184.1 184.2 -0.002385203803
184.25 184.2 184.3 0.0009139316046
184.35 184.3 184.4 -0.003656204018
184.45 184.4 184.5 -0.003246202627
184.55 184.5 184.6 -0.002780061588
184.65 184.6 184.7 -0.002114202471
184.75 184.7 184.8 -0.005407272813
184.85 184.8 184.9 -0.003972574039
184.95 184.9 185 -0.002128654672
185.05 185 185.1 -0.001812762461
185.15 185.1 185.2 -0.001176167684
185.25 185.2 185.3 -0.005408747262
185.35 185.3 185.4 -0.002785000514
185.45 185.4 185.5 -0.002353984694
185.55 185.5 185.6 -0.004061420238
185.65 185.6 185.7 0.0003203824365
185.75 185.7 185.8 -0.001236156156
185.85 185.8 185.9 -0.004618244406
185.95 185.9 186 -0.003918490386
186.05 186 186.1 -0.002456867132
186.15 186.1 186.2 -0.001037694135
186.25 186.2 186.3 -0.003132185571
186.35 186.3 186.4 -0.0008126947132
186.45 186.4 186.5 -0.002719797225
186.55 186.5 186.6 -0.003566708579
186.65 186.6 186.7 -0.003636345044
186.75 186.7 186.8 -0.001731757324
186.85 186.8 186.9 -0.002895082517
186.95 186.9 187 -0.001641664276
187.05 187 187.1 -0.003422628518
187.15 187.1 187.2 -0.001538383545
187.25 187.2 187.3 -0.002408508613
187.35 187.3 187.4 -0.001066186862
187.45 187.4 187.5 -0.003012983471
187.55 187.5 187.6 -0.002475796001
187.65 187.6 187.7 -0.005452013324
187.75 187.7 187.8 -0.002303005356
187.85 187.8 187.9 0.00126269077
187.95 187.9 188 -0.004892802344
188.05 188 188.1 -0.002807339507
188.15 188.1 188.2 -0.002984060822
188.25 188.2 188.3 -0.0006352473382
188.35 188.3 188.4 0.001275186343
188.45 188.4 188.5 -0.001649267216
188.55 188.5 188.6 -0.003810325746
188.65 188.6 188.7 -0.0029758699
188.75 188.7 188.8 -0.001847630453
188.85 188.8 188.9 0.0002217174185
188.95 188.9 189 -0.001575047094
189.05 189 189.1 -0.004421391324
189.15 189.1 189.2 -0.002466085707
189.25 189.2 189.3 -0.00437139605
189.35 189.3 189.4 -0.001105614692
189.45 189.4 189.5 -0.002336935332
189.55 189.5 189.6 -0.001518647567
189.65 189.6 189.7 -0.004252673466
189.75 189.7 189.8 -0.003701790034
189.85 189.8 189.9 -0.002406829816
189.95 189.9 190 -0.002141158412
190.05 190 190.1 -0.002509557017
190.15 190.1 190.2 -0.002438561097
190.25 190.2 190.3 -0.002365810415
190.35 190.3 190.4 -0.001336892208
190.45 190.4 190.5 -0.002896254398
190.55 190.5 190.6 -0.000960804892
190.65 190.6 190.7 -0.00368380055
190.75 190.7 190.8 -0.001384431788
190.85 190.8 190.9 -0.0008855787329
190.95 190.9 191 -0.002321873631
191.05 191 191.1 -0.003137540564
191.15 191.1 191.2 -0.002865817328
191.25 191.2 191.3 -0.003617677975
191.35 191.3 191.4 -0.002670217548
191.45 191.4 191.5 -0.002273413951
191.55 191.5 191.6 -0.002853603309
191.65 191.6 191.7 -0.001363955474
191.75 191.7 191.8 -0.002386273636
191.85 191.8 191.9 -0.0005088332682
191.95 191.9 192 -0.001564948174
192.05 192 192.1 -0.002473350534
192.15 192.1 192.2 -0.003886926293
192.25 192.2 192.3 -0.003535188243
192.35 192.3 192.4 -0.00389771482
192.45 192.4 192.5 -0.001469308971
192.55 192.5 192.6 -0.004016993176
192.65 192.6 192.7 -0.003185641201
192.75 192.7 192.8 -0.005155133062
192.85 192.8 192.9 -0.002464972914
192.95 192.9 193 -0.001252142982
193.05 193 193.1 -0.002286663824
193.15 193.1 193.2 -0.005347109305
193.25 193.2 193.3 -0.001737029485
193.35 193.3 193.4 -0.0006502416869
193.45 193.4 193.5 -0.005083505455
193.55 193.5 193.6 -0.001891640185
193.65 193.6 193.7 0.000459821098
193.75 193.7 193.8 -0.003729509945
193.85 193.8 193.9 0.001218445662
193.95 193.9 194 -0.001664987153
194.05 194 194.1 -0.00384302491
194.15 194.1 194.2 -0.003471174283
194.25 194.2 194.3 -0.003293045359
194.35 194.3 194.4 -0.00229122365
194.45 194.4 194.5 -0.002153917069
194.55 194.5 194.6 -0.002236650471
194.65 194.6 194.7 -0.003593523959
194.75 194.7 194.8 -0.0003734387061
194.85 194.8 194.9 -0.002233691077
194.95 194.9 195 -6.900152312e-05
195.05 195 195.1 -0.00321851833
195.15 195.1 195.2 -0.002375993279
195.25 195.2 195.3 -0.001421650258
195.35 195.3 195.4 -0.005226260392
195.45 195.4 195.5 0.0008438864971
195.55 195.5 195.6 -0.002909315477
195.65 195.6 195.7 -0.0004468267025
195.75 195.7 195.8 -0.001026910712
195.85 195.8 195.9 -0.002333124868
195.95 195.9 196 -0.003433297818
196.05 196 196.1 -0.003003155425
196.15 196.1 196.2 -0.0008827636602
196.25 196.2 196.3 -0.004133102919
196.35 196.3 196.4 -0.002791393084
196.45 196.4 196.5 -0.001665752772
196.55 196.5 196.6 -0.00158444761
196.65 196.6 196.7 -0.00112040551
196.75 196.7 196.8 -0.0006323479455
196.85 196.8 196.9 -0.002539131663
196.95 196.9 197 -0.003446342759
197.05 197 197.1 -0.00178672329
197.15 197.1 197.2 0.0001423304063
197.25 197.2 197.3 -0.005142141964
197.35 197.3 197.4 -0.003284225745
197.45 197.4 197.5 -0.004052481406
197.55 197.5 197.6 -0.004255027811
197.65 197.6 197.7 -0.002227268334
197.75 197.7 197.8 -0.002252704528
197.85 197.8 197.9 -0.002199288711
197.95 197.9 198 -0.002117341634
198.05 198 198.1 0.0006989220864
198.15 198.1 198.2 -0.001987088918
198.25 198.2 198.3 -0.000654431837
198.35 198.3 198.4 -0.003356912904
198.45 198.4 198.5 -0.002595440701
198.55 198.5 198.6 -0.001194445067
198.65 198.6 198.7 -0.002233228609
198.75 198.7 198.8 -0.001475761524
198.85 198.8 198.9 -0.001889252258
198.95 198.9 199 -0.0009003261519
199.05 199 199.1 -0.003317455447
199.15 199.1 199.2 -0.003346071232
199.25 199.2 199.3 -0.0006963068471
199.35 199.3 199.4 -0.002406768624
199.45 199.4 199.5 -0.002506136606
199.55 199.5 199.6 -0.003371723036
199.65 199.6 199.7 -0.004524224325
199.75 199.7 199.8 -0.0005331220609
199.85 199.8 199.9 -0.00212050997
199.95 199.9 200 -0.001678109156
