# Columns: s_cen(1) s_min(2) s_max(3) xi_iso(4)
0.05 0 0.1 70.36286426
0.15 0.1 0.2 12.18858685
0.25 0.2 0.3 16.17144417
0.35 0.3 0.4 18.60240433
0.45 0.4 0.5 22.19638753
0.55 0.5 0.6 22.21026653
0.65 0.6 0.7 19.83809485
0.75 0.7 0.8 21.48059755
0.85 0.8 0.9 22.48677427
0.95 0.9 1 21.13771904
1.05 1 1.1 20.25656183
1.15 1.1 1.2 19.37434636
1.25 1.2 1.3 20.06115726
1.35 1.3 1.4 17.72655117
1.45 1.4 1.5 17.32855054
1.55 1.5 1.6 16.12694533
1.65 1.6 1.7 15.41158962
1.75 1.7 1.8 14.36877854
1.85 1.8 1.9 13.66554683
1.95 1.9 2 12.62571202
2.05 2 2.1 11.38364921
2.15 2.1 2.2 11.27573939
2.25 2.2 2.3 10.1930233
2.35 2.3 2.4 10.21190631
2.45 2.4 2.5 9.156070377
2.55 2.5 2.6 8.818167446
2.65 2.6 2.7 8.27672308
2.75 2.7 2.8 7.757858548
2.85 2.8 2.9 7.049045506
2.95 2.9 3 7.046124454
3.05 3 3.1 6.58042399
3.15 3.1 3.2 6.459307352
3.25 3.2 3.3 5.840141599
3.35 3.3 3.4 5.953263308
3.45 3.4 3.5 5.540727484
3.55 3.5 3.6 5.116944223
3.65 3.6 3.7 5.153123822
3.75 3.7 3.8 5.046850463
3.85 3.8 3.9 4.670325676
3.95 3.9 4 4.624389051
4.05 4 4.1 4.565367957
4.15 4.1 4.2 4.43694661
4.25 4.2 4.3 4.469402474
4.35 4.3 4.4 3.962903954
4.45 4.4 4.5 3.918379779
4.55 4.5 4.6 3.788412628
4.65 4.6 4.7 3.846887741
4.75 4.7 4.8 3.58103789
4.85 4.8 4.9 3.651528442
4.95 4.9 5 3.355508929
5.05 5 5.1 3.324850351
5.15 5.1 5.2 3.210056931
5.25 5.2 5.3 3.251791101
5.35 5.3 5.4 3.073119352
5.45 5.4 5.5 2.993479845
5.55 5.5 5.6 2.87606508
5.65 5.6 5.7 2.765152349
5.75 5.7 5.8 2.765699801
5.85 5.8 5.9 2.668320653
5.95 5.9 6 2.589365839
6.05 6 6.1 2.490685185
6.15 6.1 6.2 2.486604942
6.25 6.2 6.3 2.385144738
6.35 6.3 6.4 2.246244626
6.45 6.4 6.5 2.267905531
6.55 6.5 6.6 2.224934756
6.65 6.6 6.7 2.113099433
6.75 6.7 6.8 2.124559557
6.85 6.8 6.9 2.049860846
6.95 6.9 7 2.025392908
7.05 7 7.1 2.009141674
7.15 7.1 7.2 1.868012524
7.25 7.2 7.3 1.951079993
7.35 7.3 7.4 1.834546118
7.45 7.4 7.5 1.753890677
7.55 7.5 7.6 1.828195513
7.65 7.6 7.7 1.755368538
7.75 7.7 7.8 1.684371209
7.85 7.8 7.9 1.683688099
7.95 7.9 8 1.600585396
8.05 8 8.1 1.641164967
8.15 8.1 8.2 1.542358607
8.25 8.2 8.3 1.544236626
8.35 8.3 8.4 1.411747727
8.45 8.4 8.5 1.494322516
8.55 8.5 8.6 1.452738568
8.65 8.6 8.7 1.35797709
8.75 8.7 8.8 1.337002878
8.85 8.8 8.9 1.311017778
8.95 8.9 9 1.272031767
9.05 9 9.1 1.292999302
9.15 9.1 9.2 1.281902946
9.25 9.2 9.3 1.243155995
9.35 9.3 9.4 1.168596436
9.45 9.4 9.5 1.182174803
9.55 9.5 9.6 1.177650263
9.65 9.6 9.7 1.1337592
9.75 9.7 9.8 1.130179904
9.85 9.8 9.9 1.118955508
9.95 9.9 10 1.053327715
10.05 10 10.1 1.077290995
10.15 10.1 10.2 1.048420776
10.25 10.2 10.3 1.03659595
10.35 10.3 10.4 1.015680955
10.45 10.4 10.5 1.013849865
10.55 10.5 10.6 0.9169050611
10.65 10.6 10.7 0.9790736381
10.75 10.7 10.8 0.8962613143
10.85 10.8 10.9 0.9422004904
10.95 10.9 11 0.9533038386
11.05 11 11.1 0.9386989298
11.15 11.1 11.2 0.8760301137
11.25 11.2 11.3 0.8862397623
11.35 11.3 11.4 0.9476935872
11.45 11.4 11.5 0.8297660531
11.55 11.5 11.6 0.8220439274
11.65 11.6 11.7 0.8493753811
11.75 11.7 11.8 0.7790087848
11.85 11.8 11.9 0.7640730712
11.95 11.9 12 0.7987566442
12.05 12 12.1 0.7633739922
12.15 12.1 12.2 0.7471781146
12.25 12.2 12.3 0.7530804274
12.35 12.3 12.4 0.737195372
12.45 12.4 12.5 0.6873169432
12.55 12.5 12.6 0.7243084427
12.65 12.6 12.7 0.7093534331
12.75 12.7 12.8 0.6838894768
12.85 12.8 12.9 0.6583644698
12.95 12.9 13 0.6923777375
13.05 13 13.1 0.6881591153
13.15 13.1 13.2 0.6457884469
13.25 13.2 13.3 0.6436251792
13.35 13.3 13.4 0.6428959714
13.45 13.4 13.5 0.5949594428
13.55 13.5 13.6 0.6006215414
13.65 13.6 13.7 0.6068669622
13.75 13.7 13.8 0.6138952373
13.85 13.8 13.9 0.6176017616
13.95 13.9 14 0.5946567912
14.05 14 14.1 0.5682297512
14.15 14.1 14.2 0.5417539122
14.25 14.2 14.3 0.5424340035
14.35 14.3 14.4 0.5705740948
14.45 14.4 14.5 0.5499174146
14.55 14.5 14.6 0.5344205437
14.65 14.6 14.7 0.5365776795
14.75 14.7 14.8 0.5343220587
14.85 14.8 14.9 0.4998561688
14.95 14.9 15 0.5140834152
15.05 15 15.1 0.5200322625
15.15 15.1 15.2 0.4843599445
15.25 15.2 15.3 0.4969060552
15.35 15.3 15.4 0.4817110718
15.45 15.4 15.5 0.5015244831
15.55 15.5 15.6 0.4809289713
15.65 15.6 15.7 0.4756336843
15.75 15.7 15.8 0.4822930901
15.85 15.8 15.9 0.4801484265
15.95 15.9 16 0.4368947308
16.05 16 16.1 0.44100113
16.15 16.1 16.2 0.4709734598
16.25 16.2 16.3 0.4207760674
16.35 16.3 16.4 0.403691448
16.45 16.4 16.5 0.4359828458
16.55 16.5 16.6 0.4228957507
16.65 16.6 16.7 0.4145686577
16.75 16.7 16.8 0.4158868029
16.85 16.8 16.9 0.4059632197
16.95 16.9 17 0.4146473173
17.05 17 17.1 0.406171235
17.15 17.1 17.2 0.3857259752
17.25 17.2 17.3 0.4055255639
17.35 17.3 17.4 0.3880715673
17.45 17.4 17.5 0.3736062432
17.55 17.5 17.6 0.3774361165
17.65 17.6 17.7 0.377925555
17.75 17.7 17.8 0.3685286994
17.85 17.8 17.9 0.3607223841
17.95 17.9 18 0.3536797954
18.05 18 18.1 0.3562206353
18.15 18.1 18.2 0.3360431634
18.25 18.2 18.3 0.3337202501
18.35 18.3 18.4 0.3368215532
18.45 18.4 18.5 0.3629142822
18.55 18.5 18.6 0.3286070217
18.65 18.6 18.7 0.3339453616
18.75 18.7 18.8 0.3461107237
18.85 18.8 18.9 0.3301148404
18.95 18.9 19 0.3202621453
19.05 19 19.1 0.3363237869
19.15 19.1 19.2 0.3151795291
19.25 19.2 19.3 0.3167617125
19.35 19.3 19.4 0.3003486511
19.45 19.4 19.5 0.3132367596
19.55 19.5 19.6 0.3072090169
19.65 19.6 19.7 0.2800480419
19.75 19.7 19.8 0.3046331443
19.85 19.8 19.9 0.310045441
19.95 19.9 20 0.2672342933
20.05 20 20.1 0.2870732678
20.15 20.1 20.2 0.2734131791
20.25 20.2 20.3 0.2941298762
20.35 20.3 20.4 0.2793542644
20.45 20.4 20.5 0.2642270778
20.55 20.5 20.6 0.2482782821
20.65 20.6 20.7 0.2678300362
20.75 20.7 20.8 0.2527811975
20.85 20.8 20.9 0.2698697621
20.95 20.9 21 0.2578239547
21.05 21 21.1 0.2394402195
21.15 21.1 21.2 0.2581844051
21.25 21.2 21.3 0.2381268233
21.35 21.3 21.4 0.2368589785
21.45 21.4 21.5 0.2456144846
21.55 21.5 21.6 0.2445870218
21.65 21.6 21.7 0.2471529155
21.75 21.7 21.8 0.2486046222
21.85 21.8 21.9 0.2514535846
21.95 21.9 22 0.2384928248
22.05 22 22.1 0.2432882398
22.15 22.1 22.2 0.250902005
22.25 22.2 22.3 0.2267550933
22.35 22.3 22.4 0.2310061804
22.45 22.4 22.5 0.2263985013
22.55 22.5 22.6 0.2095984517
22.65 22.6 22.7 0.2210654322
22.75 22.7 22.8 0.2249919238
22.85 22.8 22.9 0.2203076002
22.95 22.9 23 0.1995000968
23.05 23 23.1 0.2229216641
23.15 23.1 23.2 0.2001179285
23.25 23.2 23.3 0.2239004836
23.35 23.3 23.4 0.1970517246
23.45 23.4 23.5 0.200072098
23.55 23.5 23.6 0.1980677093
23.65 23.6 23.7 0.2137201691
23.75 23.7 23.8 0.1954307302
23.85 23.8 23.9 0.1999962877
23.95 23.9 24 0.2074737354
24.05 24 24.1 0.2128316253
24.15 24.1 24.2 0.2023315368
24.25 24.2 24.3 0.192377253
24.35 24.3 24.4 0.1908103038
24.45 24.4 24.5 0.2193880249
24.55 24.5 24.6 0.1916386007
24.65 24.6 24.7 0.1703501375
24.75 24.7 24.8 0.1873134663
24.85 24.8 24.9 0.1811789914
24.95 24.9 25 0.1744739794
25.05 25 25.1 0.1770941348
25.15 25.1 25.2 0.178254552
25.25 25.2 25.3 0.1726966639
25.35 25.3 25.4 0.1723476246
25.45 25.4 25.5 0.1666115659
25.55 25.5 25.6 0.1725054332
25.65 25.6 25.7 0.1598102373
25.75 25.7 25.8 0.1628026487
25.85 25.8 25.9 0.1796752975
25.95 25.9 26 0.1641068737
26.05 26 26.1 0.1596088022
26.15 26.1 26.2 0.1499953847
26.25 26.2 26.3 0.1545107729
26.35 26.3 26.4 0.1636881848
26.45 26.4 26.5 0.1541293667
26.55 26.5 26.6 0.1597455266
26.65 26.6 26.7 0.1600965469
26.75 26.7 26.8 0.1396863746
26.85 26.8 26.9 0.1583362897
26.95 26.9 27 0.14905014
27.05 27 27.1 0.1578099855
27.15 27.1 27.2 0.1734958582
27.25 27.2 27.3 0.1433727874
27.35 27.3 27.4 0.1358792372
27.45 27.4 27.5 0.1432272003
27.55 27.5 27.6 0.143043723
27.65 27.6 27.7 0.1460958596
27.75 27.7 27.8 0.1489698529
27.85 27.8 27.9 0.126267065
27.95 27.9 28 0.1339946203
28.05 28 28.1 0.1319438577
28.15 28.1 28.2 0.131154356
28.25 28.2 28.3 0.1453850133
28.35 28.3 28.4 0.1310481905
28.45 28.4 28.5 0.1277148208
28.55 28.5 28.6 0.140725622
28.65 28.6 28.7 0.1253061958
28.75 28.7 28.8 0.1349655013
28.85 28.8 28.9 0.1278386645
28.95 28.9 29 0.1309724582
29.05 29 29.1 0.1272641381
29.15 29.1 29.2 0.1440768353
29.25 29.2 29.3 0.1202093054
29.35 29.3 29.4 0.122352056
29.45 29.4 29.5 0.1339521409
29.55 29.5 29.6 0.1218304691
29.65 29.6 29.7 0.1251487871
29.75 29.7 29.8 0.1199119675
29.85 29.8 29.9 0.1239409617
29.95 29.9 30 0.1156502889
30.05 30 30.1 0.1172466947
30.15 30.1 30.2 0.1091063874
30.25 30.2 30.3 0.1129052056
30.35 30.3 30.4 0.1231812217
30.45 30.4 30.5 0.114472269
30.55 30.5 30.6 0.1200910478
30.65 30.6 30.7 0.103788463
30.75 30.7 30.8 0.104375198
30.85 30.8 30.9 0.1167976221
30.95 30.9 31 0.1026737847
31.05 31 31.1 0.09611102714
31.15 31.1 31.2 0.1114910278
31.25 31.2 31.3 0.09543699784
31.35 31.3 31.4 0.09596123259
31.45 31.4 31.5 0.08766014757
31.55 31.5 31.6 0.09763074928
31.65 31.6 31.7 0.110264459
31.75 31.7 31.8 0.0973214335
31.85 31.8 31.9 0.09894500044
31.95 31.9 32 0.09639176893
32.05 32 32.1 0.101909495
32.15 32.1 32.2 0.08966842557
32.25 32.2 32.3 0.1005178603
32.35 32.3 32.4 0.09873775526
32.45 32.4 32.5 0.1003813366
32.55 32.5 32.6 0.104179313
32.65 32.6 32.7 0.08843622982
32.75 32.7 32.8 0.0745785837
32.85 32.8 32.9 0.09000468503
32.95 32.9 33 0.09562572904
33.05 33 33.1 0.09654202803
33.15 33.1 33.2 0.0897147272
33.25 33.2 33.3 0.08139154675
33.35 33.3 33.4 0.08583502746
33.45 33.4 33.5 0.08099060769
33.55 33.5 33.6 0.09008427555
33.65 33.6 33.7 0.07685044276
33.75 33.7 33.8 0.08525180436
33.85 33.8 33.9 0.08555216938
33.95 33.9 34 0.08507301305
34.05 34 34.1 0.08421690752
34.15 34.1 34.2 0.07656336432
34.25 34.2 34.3 0.08047541503
34.35 34.3 34.4 0.09670715734
34.45 34.4 34.5 0.06996709977
34.55 34.5 34.6 0.06797038615
34.65 34.6 34.7 0.07615481264
34.75 34.7 34.8 0.07592635046
34.85 34.8 34.9 0.05975194066
34.95 34.9 35 0.06550337584
35.05 35 35.1 0.08011377136
35.15 35.1 35.2 0.08244067109
35.25 35.2 35.3 0.07675203749
35.35 35.3 35.4 0.07982177617
35.45 35.4 35.5 0.06893953051
35.55 35.5 35.6 0.07989137792
35.65 35.6 35.7 0.07183714037
35.75 35.7 35.8 0.06179205041
35.85 35.8 35.9 0.07091261315
35.95 35.9 36 0.07520793992
36.05 36 36.1 0.06284086435
36.15 36.1 36.2 0.07274664189
36.25 36.2 36.3 0.0697187792
36.35 36.3 36.4 0.06809494279
36.45 36.4 36.5 0.06734644616
36.55 36.5 36.6 0.06597674988
36.65 36.6 36.7 0.05943708378
36.75 36.7 36.8 0.06696967786
36.85 36.8 36.9 0.05948044037
36.95 36.9 37 0.0710375344
37.05 37 37.1 0.06924992379
37.15 37.1 37.2 0.06603541585
37.25 37.2 37.3 0.05919487613
37.35 37.3 37.4 0.06109198445
37.45 37.4 37.5 0.06341916088
37.55 37.5 37.6 0.0531367063
37.65 37.6 37.7 0.0592294389
37.75 37.7 37.8 0.05773316956
37.85 37.8 37.9 0.06038813538
37.95 37.9 38 0.05322420726
38.05 38 38.1 0.04759527899
38.15 38.1 38.2 0.05691494161
38.25 38.2 38.3 0.05544564834
38.35 38.3 38.4 0.05801308468
38.45 38.4 38.5 0.05742338825
38.55 38.5 38.6 0.05827536317
38.65 38.6 38.7 0.06032339604
38.75 38.7 38.8 0.05669561426
38.85 38.8 38.9 0.05506503589
38.95 38.9 39 0.0526807111
39.05 39 39.1 0.04767446331
39.15 39.1 39.2 0.05347994066
39.25 39.2 39.3 0.06301863226
39.35 39.3 39.4 0.04873224899
39.45 39.4 39.5 0.0560158561
39.55 39.5 39.6 0.06002575052
39.65 39.6 39.7 0.04857279269
39.75 39.7 39.8 0.05943501548
39.85 39.8 39.9 0.04660643622
39.95 39.9 40 0.03196440425
40.05 40 40.1 0.04922387613
40.15 40.1 40.2 0.05440138313
40.25 40.2 40.3 0.05858506585
40.35 40.3 40.4 0.03915595767
40.45 40.4 40.5 0.0565270996
40.55 40.5 40.6 0.03867135811
40.65 40.6 40.7 0.04685223223
40.75 40.7 40.8 0.04962064313
40.85 40.8 40.9 0.05359375518
40.95 40.9 41 0.04446215451
41.05 41 41.1 0.0448056452
41.15 41.1 41.2 0.04419805037
41.25 41.2 41.3 0.05178093442
41.35 41.3 41.4 0.04191747224
41.45 41.4 41.5 0.04408797574
41.55 41.5 41.6 0.03758734432
41.65 41.6 41.7 0.04617795214
41.75 41.7 41.8 0.03933648787
41.85 41.8 41.9 0.04898707815
41.95 41.9 42 0.03272409762
42.05 42 42.1 0.05042451384
42.15 42.1 42.2 0.03782861248
42.25 42.2 42.3 0.04076260736
42.35 42.3 42.4 0.04024413036
42.45 42.4 42.5 0.04416600246
42.55 42.5 42.6 0.04081968247
42.65 42.6 42.7 0.04467031221
42.75 42.7 42.8 0.03902851002
42.85 42.8 42.9 0.03732645831
42.95 42.9 43 0.0437113163
43.05 43 43.1 0.03605254063
43.15 43.1 43.2 0.03633470366
43.25 43.2 43.3 0.04161547685
43.35 43.3 43.4 0.0315869369
43.45 43.4 43.5 0.04287513847
43.55 43.5 43.6 0.03657178115
43.65 43.6 43.7 0.03958404439
43.75 43.7 43.8 0.04241805414
43.85 43.8 43.9 0.03371818834
43.95 43.9 44 0.03428031606
44.05 44 44.1 0.03983619573
44.15 44.1 44.2 0.03512609874
44.25 44.2 44.3 0.03305132909
44.35 44.3 44.4 0.02838974887
44.45 44.4 44.5 0.03019437252
44.55 44.5 44.6 0.0352621662
44.65 44.6 44.7 0.02988713765
44.75 44.7 44.8 0.03464097301
44.85 44.8 44.9 0.02991770483
44.95 44.9 45 0.03847621685
45.05 45 45.1 0.03281204964
45.15 45.1 45.2 0.03995359888
45.25 45.2 45.3 0.02965588523
45.35 45.3 45.4 0.03274357336
45.45 45.4 45.5 0.03052655787
45.55 45.5 45.6 0.03680390185
45.65 45.6 45.7 0.03088919148
45.75 45.7 45.8 0.02735873444
45.85 45.8 45.9 0.03638250168
45.95 45.9 46 0.0294221233
46.05 46 46.1 0.04047653081
46.15 46.1 46.2 0.02804965822
46.25 46.2 46.3 0.03265053753
46.35 46.3 46.4 0.02873410798
46.45 46.4 46.5 0.02616006647
46.55 46.5 46.6 0.02730922726
46.65 46.6 46.7 0.02721663097
46.75 46.7 46.8 0.02839439677
46.85 46.8 46.9 0.03071503199
46.95 46.9 47 0.02461704311
47.05 47 47.1 0.03195079927
47.15 47.1 47.2 0.03162573965
47.25 47.2 47.3 0.0225590647
47.35 47.3 47.4 0.03116253749
47.45 47.4 47.5 0.0315189633
47.55 47.5 47.6 0.02180666748
47.65 47.6 47.7 0.02797824104
47.75 47.7 47.8 0.02857066201
47.85 47.8 47.9 0.03210830185
47.95 47.9 48 0.02541813199
48.05 48 48.1 0.02524923827
48.15 48.1 48.2 0.0233129906
48.25 48.2 48.3 0.03296294233
48.35 48.3 48.4 0.02286608162
48.45 48.4 48.5 0.03041481524
48.55 48.5 48.6 0.02340934022
48.65 48.6 48.7 0.0290480892
48.75 48.7 48.8 0.02838346965
48.85 48.8 48.9 0.02898675937
48.95 48.9 49 0.01792316962
49.05 49 49.1 0.01882557457
49.15 49.1 49.2 0.01482885738
49.25 49.2 49.3 0.02306664043
49.35 49.3 49.4 0.02861005961
49.45 49.4 49.5 0.02243034607
49.55 49.5 49.6 0.02677779955
49.65 49.6 49.7 0.01610892328
49.75 49.7 49.8 0.01377699536
49.85 49.8 49.9 0.0235094326
49.95 49.9 50 0.01733032316
50.05 50 50.1 0.01752904236
50.15 50.1 50.2 0.0221370304
50.25 50.2 50.3 0.01359203463
50.35 50.3 50.4 0.02167048108
50.45 50.4 50.5 0.02729027527
50.55 50.5 50.6 0.02511702639
50.65 50.6 50.7 0.02483852611
50.75 50.7 50.8 0.02635513731
50.85 50.8 50.9 0.01380903787
50.95 50.9 51 0.01993997755
51.05 51 51.1 0.01774364534
51.15 51.1 51.2 0.0205937103
51.25 51.2 51.3 0.02155132268
51.35 51.3 51.4 0.01831037663
51.45 51.4 51.5 0.01274165098
51.55 51.5 51.6 0.02050556213
51.65 51.6 51.7 0.02752214993
51.75 51.7 51.8 0.01764786548
51.85 51.8 51.9 0.02333543948
51.95 51.9 52 0.0176965864
52.05 52 52.1 0.01032536246
52.15 52.1 52.2 0.0141314508
52.25 52.2 52.3 0.02371835675
52.35 52.3 52.4 0.01502922923
52.45 52.4 52.5 0.02285609689
52.55 52.5 52.6 0.01174756937
52.65 52.6 52.7 0.01579395094
52.75 52.7 52.8 0.01730790438
52.85 52.8 52.9 0.01181041118
52.95 52.9 53 0.01714985818
53.05 53 53.1 0.01438127097
53.15 53.1 53.2 0.02097282053
53.25 53.2 53.3 0.02115994154
53.35 53.3 53.4 0.0145707178
53.45 53.4 53.5 0.02562480114
53.55 53.5 53.6 0.01678771306
53.65 53.6 53.7 0.02391218648
53.75 53.7 53.8 0.01650475841
53.85 53.8 53.9 0.01002758813
53.95 53.9 54 0.01092299803
54.05 54 54.1 0.0143409378
54.15 54.1 54.2 0.008004656696
54.25 54.2 54.3 0.02021588873
54.35 54.3 54.4 0.02580506187
54.45 54.4 54.5 0.01401275275
54.55 54.5 54.6 0.01445803088
54.65 54.6 54.7 0.01684059193
54.75 54.7 54.8 0.01700990491
54.85 54.8 54.9 0.004252747351
54.95 54.9 55 0.01542660831
55.05 55 55.1 0.01530476866
55.15 55.1 55.2 0.01264705889
55.25 55.2 55.3 0.0007673211302
55.35 55.3 55.4 0.01307652809
55.45 55.4 55.5 0.009823420153
55.55 55.5 55.6 0.01369163241
55.65 55.6 55.7 0.01183917637
55.75 55.7 55.8 0.008429221087
55.85 55.8 55.9 0.01238255304
55.95 55.9 56 0.01740114972
56.05 56 56.1 0.01370477052
56.15 56.1 56.2 0.01453411549
56.25 56.2 56.3 0.01786937986
56.35 56.3 56.4 0.01260602134
56.45 56.4 56.5 0.008234149263
56.55 56.5 56.6 0.009476903424
56.65 56.6 56.7 0.007281851165
56.75 56.7 56.8 0.01465013642
56.85 56.8 56.9 0.007686117036
56.95 56.9 57 0.01487827995
57.05 57 57.1 0.007425199191
57.15 57.1 57.2 0.006386668275
57.25 57.2 57.3 0.01142368828
57.35 57.3 57.4 0.0104143466
57.45 57.4 57.5 0.01331277792
57.55 57.5 57.6 0.01537812001
57.65 57.6 57.7 0.01880828611
57.75 57.7 57.8 0.01268526146
57.85 57.8 57.9 0.005777701418
57.95 57.9 58 0.01424034425
58.05 58 58.1 0.01540288346
58.15 58.1 58.2 0.006900062314
58.25 58.2 58.3 0.009478351364
58.35 58.3 58.4 0.01701249736
58.45 58.4 58.5 0.01385626077
58.55 58.5 58.6 0.008047498126
58.65 58.6 58.7 0.009513736017
58.75 58.7 58.8 0.008995327752
58.85 58.8 58.9 0.008516694973
58.95 58.9 59 0.00839961932
59.05 59 59.1 0.01076030043
59.15 59.1 59.2 0.02013917468
59.25 59.2 59.3 0.01138067544
59.35 59.3 59.4 0.010867147
59.45 59.4 59.5 0.01419063539
59.55 59.5 59.6 0.004195725403
59.65 59.6 59.7 0.004565528001
59.75 59.7 59.8 0.01636148367
59.85 59.8 59.9 0.009124658642
59.95 59.9 60 0.01349397215
60.05 60 60.1 0.002228448753
60.15 60.1 60.2 0.01007264511
60.25 60.2 60.3 0.0125583162
60.35 60.3 60.4 0.01679483819
60.45 60.4 60.5 0.006768205828
60.55 60.5 60.6 0.01348651473
60.65 60.6 60.7 0.009406407602
60.75 60.7 60.8 0.01118183737
60.85 60.8 60.9 0.009875895364
60.95 60.9 61 0.01048130792
61.05 61 61.1 0.008697275601
61.15 61.1 61.2 0.01325288038
61.25 61.2 61.3 0.004931831647
61.35 61.3 61.4 0.009554456769
61.45 61.4 61.5 0.005921957501
61.55 61.5 61.6 0.01249975019
61.65 61.6 61.7 0.004631789936
61.75 61.7 61.8 0.009430533775
61.85 61.8 61.9 0.007468096568
61.95 61.9 62 0.007182856103
62.05 62 62.1 0.00994226365
62.15 62.1 62.2 0.009902062336
62.25 62.2 62.3 0.003289382865
62.35 62.3 62.4 0.003730244997
62.45 62.4 62.5 0.007078875619
62.55 62.5 62.6 0.00540678719
62.65 62.6 62.7 0.01111023656
62.75 62.7 62.8 0.005786130802
62.85 62.8 62.9 0.003435742884
62.95 62.9 63 0.00721278072
63.05 63 63.1 0.005266545604
63.15 63.1 63.2 0.001725095929
63.25 63.2 63.3 0.01230522975
63.35 63.3 63.4 0.01315838936
63.45 63.4 63.5 0.01090358258
63.55 63.5 63.6 0.01313255805
63.65 63.6 63.7 0.005621577266
63.75 63.7 63.8 0.003314839828
63.85 63.8 63.9 0.003191207693
63.95 63.9 64 0.003088003293
64.05 64 64.1 0.004999628037
64.15 64.1 64.2 0.008640586648
64.25 64.2 64.3 0.002829502565
64.35 64.3 64.4 0.006057441543
64.45 64.4 64.5 0.008882527182
64.55 64.5 64.6 0.008607185087
64.65 64.6 64.7 0.005277732113
64.75 64.7 64.8 0.006690016882
64.85 64.8 64.9 0.001481513054
64.95 64.9 65 0.002863638533
65.05 65 65.1 0.008224635854
65.15 65.1 65.2 0.0044174329
65.25 65.2 65.3 0.008289468642
65.35 65.3 65.4 0.005136284308
65.45 65.4 65.5 0.004393667091
65.55 65.5 65.6 0.007243055276
65.65 65.6 65.7 0.007139708811
65.75 65.7 65.8 0.006686908788
65.85 65.8 65.9 0.005281558572
65.95 65.9 66 0.01254315227
66.05 66 66.1 0.007365168869
66.15 66.1 66.2 0.008766888704
66.25 66.2 66.3 0.005944215941
66.35 66.3 66.4 0.006773001806
66.45 66.4 66.5 0.002158547874
66.55 66.5 66.6 0.007335186213
66.65 66.6 66.7 0.004269468732
66.75 66.7 66.8 0.006165428562
66.85 66.8 66.9 0.006176697103
66.95 66.9 67 0.01004690043
67.05 67 67.1 0.005634237444
67.15 67.1 67.2 0.006261835454
67.25 67.2 67.3 0.006293607661
67.35 67.3 67.4 0.003131136226
67.45 67.4 67.5 0.003446095181
67.55 67.5 67.6 0.006734937374
67.65 67.6 67.7 0.003948128831
67.75 67.7 67.8 -0.001602631761
67.85 67.8 67.9 0.002030930757
67.95 67.9 68 0.004115635652
68.05 68 68.1 0.002515158741
68.15 68.1 68.2 0.005679949306
68.25 68.2 68.3 0.001981079172
68.35 68.3 68.4 0.004631326375
68.45 68.4 68.5 0.006155330073
68.55 68.5 68.6 0.004580505551
68.65 68.6 68.7 0.002534324703
68.75 68.7 68.8 0.00648999179
68.85 68.8 68.9 0.005524035225
68.95 68.9 69 0.005769544483
69.05 69 69.1 0.003082058154
69.15 69.1 69.2 0.004020097981
69.25 69.2 69.3 -0.000525112621
69.35 69.3 69.4 0.005976659907
69.45 69.4 69.5 0.006223142622
69.55 69.5 69.6 0.005971366777
69.65 69.6 69.7 0.01051722367
69.75 69.7 69.8 0.004141666819
69.85 69.8 69.9 -0.002142625158
69.95 69.9 70 0.005303250124
70.05 70 70.1 0.004241985946
70.15 70.1 70.2 0.00780767224
70.25 70.2 70.3 -0.000264308206
70.35 70.3 70.4 0.003484811168
70.45 70.4 70.5 0.009077422501
70.55 70.5 70.6 0.006942336661
70.65 70.6 70.7 0.001682637762
70.75 70.7 70.8 0.003177749913
70.85 70.8 70.9 -0.000760451347
70.95 70.9 71 0.008803447831
71.05 71 71.1 0.00444245048
71.15 71.1 71.2 -0.0004646147674
71.25 71.2 71.3 0.003435689827
71.35 71.3 71.4 0.006780464558
71.45 71.4 71.5 -0.001578714511
71.55 71.5 71.6 0.004730355123
71.65 71.6 71.7 -0.002263142647
71.75 71.7 71.8 0.003113665443
71.85 71.8 71.9 0.005187902634
71.95 71.9 72 0.005284613004
72.05 72 72.1 0.004368044255
72.15 72.1 72.2 -0.001452893007
72.25 72.2 72.3 0.003520730447
72.35 72.3 72.4 0.003912567549
72.45 72.4 72.5 0.003576387167
72.55 72.5 72.6 0.004823854081
72.65 72.6 72.7 0.003924028396
72.75 72.7 72.8 0.004802664633
72.85 72.8 72.9 0.003847483349
72.95 72.9 73 0.003996731924
73.05 73 73.1 0.003097511113
73.15 73.1 73.2 0.005426428977
73.25 73.2 73.3 0.006591738121
73.35 73.3 73.4 -0.0005622866887
73.45 73.4 73.5 0.004548320562
73.55 73.5 73.6 0.001017876442
73.65 73.6 73.7 0.006556833871
73.75 73.7 73.8 -0.0009430369803
73.85 73.8 73.9 0.001386713887
73.95 73.9 74 0.01033207262
74.05 74 74.1 0.0004810824699
74.15 74.1 74.2 0.001136642819
74.25 74.2 74.3 0.004333926744
74.35 74.3 74.4 0.005614811277
74.45 74.4 74.5 -0.002026896612
74.55 74.5 74.6 -0.001055307754
74.65 74.6 74.7 0.001673840478
74.75 74.7 74.8 0.005265153728
74.85 74.8 74.9 0.01039248017
74.95 74.9 75 4.601527304e-05
75.05 75 75.1 0.005307939549
75.15 75.1 75.2 -0.0005610537835
75.25 75.2 75.3 0.0007717647423
75.35 75.3 75.4 0.00533855296
75.45 75.4 75.5 -0.002970461781
75.55 75.5 75.6 -0.0002295733026
75.65 75.6 75.7 0.007034129201
75.75 75.7 75.8 0.004256459484
75.85 75.8 75.9 -0.00132506237
75.95 75.9 76 0.007031408655
76.05 76 76.1 0.004760949101
76.15 76.1 76.2 0.004350256301
76.25 76.2 76.3 0.0001606102339
76.35 76.3 76.4 0.0106274025
76.45 76.4 76.5 0.002564496858
76.55 76.5 76.6 0.005036305867
76.65 76.6 76.7 0.0006985201702
76.75 76.7 76.8 0.003710874133
76.85 76.8 76.9 0.002617993882
76.95 76.9 77 0.002369092028
77.05 77 77.1 0.00101148964
77.15 77.1 77.2 0.0006437099036
77.25 77.2 77.3 0.003794492202
77.35 77.3 77.4 0.002273211579
77.45 77.4 77.5 0.001472660159
77.55 77.5 77.6 0.005148986555
77.65 77.6 77.7 0.003813219915
77.75 77.7 77.8 0.006887060295
77.85 77.8 77.9 0.003010137875
77.95 77.9 78 0.001791520793
78.05 78 78.1 0.0007625048374
78.15 78.1 78.2 0.006140490813
78.25 78.2 78.3 0.002109166858
78.35 78.3 78.4 0.004200550606
78.45 78.4 78.5 0.006347668444
78.55 78.5 78.6 -0.0003620453616
78.65 78.6 78.7 0.002796040036
78.75 78.7 78.8 0.002354869444
78.85 78.8 78.9 -0.002622409741
78.95 78.9 79 0.003729059831
79.05 79 79.1 -0.002625390537
79.15 79.1 79.2 0.000562782527
79.25 79.2 79.3 0.003509779969
79.35 79.3 79.4 0.001997302104
79.45 79.4 79.5 0.0035889129
79.55 79.5 79.6 0.005371169035
79.65 79.6 79.7 0.001449979444
79.75 79.7 79.8 0.001160950322
79.85 79.8 79.9 5.435391036e-05
79.95 79.9 80 0.003000932469
80.05 80 80.1 -9.103487506e-06
80.15 80.1 80.2 0.004970810006
80.25 80.2 80.3 0.0004662927235
80.35 80.3 80.4 -0.001553748343
80.45 80.4 80.5 -0.0001918003789
80.55 80.5 80.6 0.005480989653
80.65 80.6 80.7 0.003987249752
80.75 80.7 80.8 -0.0002072859643
80.85 80.8 80.9 0.004198635495
80.95 80.9 81 0.001202791112
81.05 81 81.1 0.0003612377277
81.15 81.1 81.2 0.00100275397
81.25 81.2 81.3 0.001193899313
81.35 81.3 81.4 0.000965289638
81.45 81.4 81.5 0.0007071706814
81.55 81.5 81.6 0.004797246108
81.65 81.6 81.7 0.007806836013
81.75 81.7 81.8 -0.004878551903
81.85 81.8 81.9 -0.0002519704371
81.95 81.9 82 -0.0001869344065
82.05 82 82.1 -0.001077847258
82.15 82.1 82.2 0.001738804397
82.25 82.2 82.3 0.004224566681
82.35 82.3 82.4 0.001799938619
82.45 82.4 82.5 -0.0005401276341
82.55 82.5 82.6 0.001645280859
82.65 82.6 82.7 0.003918652184
82.75 82.7 82.8 0.003459425396
82.85 82.8 82.9 0.004657175485
82.95 82.9 83 -0.001566417482
83.05 83 83.1 0.00342568644
83.15 83.1 83.2 -0.0007013123288
83.25 83.2 83.3 0.001747418315
83.35 83.3 83.4 -0.0002474477289
83.45 83.4 83.5 -8.370121666e-06
83.55 83.5 83.6 0.001839736704
83.65 83.6 83.7 0.001490102835
83.75 83.7 83.8 0.002620066842
83.85 83.8 83.9 0.004604461347
83.95 83.9 84 0.004280102272
84.05 84 84.1 0.002095750862
84.15 84.1 84.2 -0.0005259707474
84.25 84.2 84.3 -0.001524784655
84.35 84.3 84.4 -0.0003581161863
84.45 84.4 84.5 0.0004199117801
84.55 84.5 84.6 -0.002563936572
84.65 84.6 84.7 0.001855230185
84.75 84.7 84.8 0.008874966529
84.85 84.8 84.9 0.004478390369
84.95 84.9 85 -0.0001247871076
85.05 85 85.1 0.003718251637
85.15 85.1 85.2 0.005513907077
85.25 85.2 85.3 -0.000148893184
85.35 85.3 85.4 0.001226802726
85.45 85.4 85.5 0.00579769389
85.55 85.5 85.6 -0.0001797009274
85.65 85.6 85.7 0.002514153135
85.75 85.7 85.8 0.004479086281
85.85 85.8 85.9 -0.001385896713
85.95 85.9 86 0.005526435646
86.05 86 86.1 0.004428539744
86.15 86.1 86.2 0.001068271277
86.25 86.2 86.3 0.002028739758
86.35 86.3 86.4 0.0008855303522
86.45 86.4 86.5 0.0005726083177
86.55 86.5 86.6 0.007128828843
86.65 86.6 86.7 0.002143934887
86.75 86.7 86.8 -0.002709054682
86.85 86.8 86.9 0.003056384946
86.95 86.9 87 0.00741225663
87.05 87 87.1 0.002825638542
87.15 87.1 87.2 0.003025140305
87.25 87.2 87.3 0.003156987892
87.35 87.3 87.4 0.003233971735
87.45 87.4 87.5 0.00386563811
87.55 87.5 87.6 0.0004852083203
87.65 87.6 87.7 0.003854119485
87.75 87.7 87.8 0.00404269517
87.85 87.8 87.9 -0.002916986861
87.95 87.9 88 0.00196502434
88.05 88 88.1 -0.001499981175
88.15 88.1 88.2 0.004175343069
88.25 88.2 88.3 0.007852655516
88.35 88.3 88.4 0.001143625958
88.45 88.4 88.5 0.001000394525
88.55 88.5 88.6 0.0006131967908
88.65 88.6 88.7 0.0006828567475
88.75 88.7 88.8 0.004112714094
88.85 88.8 88.9 0.001570415013
88.95 88.9 89 0.0019727127
89.05 89 89.1 0.003248631817
89.15 89.1 89.2 0.002779897187
89.25 89.2 89.3 0.002212861527
89.35 89.3 89.4 0.003575438601
89.45 89.4 89.5 0.002117790688
89.55 89.5 89.6 0.005159210206
89.65 89.6 89.7 0.004372834976
89.75 89.7 89.8 -0.004406444585
89.85 89.8 89.9 0.001189368365
89.95 89.9 90 0.004569748687
90.05 90 90.1 0.0009916330016
90.15 90.1 90.2 -0.0003567460522
90.25 90.2 90.3 -0.0008257145953
90.35 90.3 90.4 0.007399163179
90.45 90.4 90.5 0.0035991846
90.55 90.5 90.6 0.005334528387
90.65 90.6 90.7 0.004381382491
90.75 90.7 90.8 0.003636339099
90.85 90.8 90.9 0.000135642707
90.95 90.9 91 0.002898639509
91.05 91 91.1 0.000406123717
91.15 91.1 91.2 0.004604699403
91.25 91.2 91.3 -0.0001332003401
91.35 91.3 91.4 0.005574752739
91.45 91.4 91.5 0.001630068562
91.55 91.5 91.6 0.003954061154
91.65 91.6 91.7 0.003380131435
91.75 91.7 91.8 0.001040319387
91.85 91.8 91.9 0.001692084126
91.95 91.9 92 0.001687619076
92.05 92 92.1 0.003485308627
92.15 92.1 92.2 0.001113437884
92.25 92.2 92.3 0.003739934612
92.35 92.3 92.4 -0.003231768478
92.45 92.4 92.5 0.001043154986
92.55 92.5 92.6 0.00242711673
92.65 92.6 92.7 -2.258074196e-07
92.75 92.7 92.8 0.001327297293
92.85 92.8 92.9 0.0003053303681
92.95 92.9 93 0.003086275093
93.05 93 93.1 -0.0009575985087
93.15 93.1 93.2 0.00354268651
93.25 93.2 93.3 0.001445836153
93.35 93.3 93.4 0.006190475877
93.45 93.4 93.5 0.007701459506
93.55 93.5 93.6 0.002634832124
93.65 93.6 93.7 0.006852368818
93.75 93.7 93.8 0.0006786690212
93.85 93.8 93.9 0.005860799881
93.95 93.9 94 0.008857633194
94.05 94 94.1 0.007302909388
94.15 94.1 94.2 0.001645342033
94.25 94.2 94.3 0.002675610376
94.35 94.3 94.4 0.006476985643
94.45 94.4 94.5 0.002463483369
94.55 94.5 94.6 0.0001008035397
94.65 94.6 94.7 0.007990326795
94.75 94.7 94.8 0.00210087619
94.85 94.8 94.9 0.003618558517
94.95 94.9 95 0.004761635094
95.05 95 95.1 0.005456597089
95.15 95.1 95.2 -0.002537420068
95.25 95.2 95.3 0.004870890235
95.35 95.3 95.4 0.003495244438
95.45 95.4 95.5 0.006141538234
95.55 95.5 95.6 0.002467938046
95.65 95.6 95.7 0.005334709222
95.75 95.7 95.8 0.004783373542
95.85 95.8 95.9 0.005815519554
95.95 95.9 96 0.006109549165
96.05 96 96.1 0.002210130212
96.15 96.1 96.2 0.005737961418
96.25 96.2 96.3 0.006877079263
96.35 96.3 96.4 0.004820296523
96.45 96.4 96.5 0.002982623744
96.55 96.5 96.6 0.001427383993
96.65 96.6 96.7 0.002045891315
96.75 96.7 96.8 0.004896730477
96.85 96.8 96.9 0.0002345714717
96.95 96.9 97 0.00674625665
97.05 97 97.1 0.004409812897
97.15 97.1 97.2 0.005666013173
97.25 97.2 97.3 0.008603359291
97.35 97.3 97.4 0.003265949281
97.45 97.4 97.5 0.003583445014
97.55 97.5 97.6 0.007934779288
97.65 97.6 97.7 0.002169570314
97.75 97.7 97.8 0.002614216559
97.85 97.8 97.9 0.006833065484
97.95 97.9 98 0.002748022658
98.05 98 98.1 0.004076663651
98.15 98.1 98.2 0.009779177434
98.25 98.2 98.3 0.008055718978
98.35 98.3 98.4 0.005547797038
98.45 98.4 98.5 0.007065576576
98.55 98.5 98.6 0.004548056836
98.65 98.6 98.7 0.006449933932
98.75 98.7 98.8 0.005170218623
98.85 98.8 98.9 0.004658270663
98.95 98.9 99 0.006295918664
99.05 99 99.1 0.006427871168
99.15 99.1 99.2 0.004540237135
99.25 99.2 99.3 0.004039961816
99.35 99.3 99.4 0.001634153013
99.45 99.4 99.5 0.004571778288
99.55 99.5 99.6 0.001802222318
99.65 99.6 99.7 0.006409117396
99.75 99.7 99.8 0.007313332956
99.85 99.8 99.9 0.003198435475
99.95 99.9 100 0.00257913995
100.05 100 100.1 0.002622708978
100.15 100.1 100.2 0.00547135359
100.25 100.2 100.3 0.003283987201
100.35 100.3 100.4 0.005396727675
100.45 100.4 100.5 0.004310260622
100.55 100.5 100.6 0.004260758164
100.65 100.6 100.7 0.007659926535
100.75 100.7 100.8 0.0004431693605
100.85 100.8 100.9 0.005678270664
100.95 100.9 101 0.004463669795
101.05 101 101.1 0.005902679273
101.15 101.1 101.2 0.003891820031
101.25 101.2 101.3 0.004710295225
101.35 101.3 101.4 0.001011879085
101.45 101.4 101.5 0.002743834177
101.55 101.5 101.6 0.006950205983
101.65 101.6 101.7 -4.04299447e-05
101.75 101.7 101.8 0.008044912616
101.85 101.8 101.9 0.005165641014
101.95 101.9 102 0.006615696426
102.05 102 102.1 0.005531792288
102.15 102.1 102.2 0.007409189454
102.25 102.2 102.3 0.004680683311
102.35 102.3 102.4 0.002130405591
102.45 102.4 102.5 0.005421929931
102.55 102.5 102.6 0.007451608572
102.65 102.6 102.7 0.003649397705
102.75 102.7 102.8 0.0051214511
102.85 102.8 102.9 0.008242399755
102.95 102.9 103 0.002489280792
103.05 103 103.1 0.00254021715
103.15 103.1 103.2 0.006029826343
103.25 103.2 103.3 0.00459980376
103.35 103.3 103.4 0.00865309324
103.45 103.4 103.5 0.005933849237
103.55 103.5 103.6 0.001767181469
103.65 103.6 103.7 0.006311666796
103.75 103.7 103.8 0.004818632408
103.85 103.8 103.9 0.004888122291
103.95 103.9 104 0.005720445997
104.05 104 104.1 0.008312326669
104.15 104.1 104.2 0.004755958824
104.25 104.2 104.3 0.005452160101
104.35 104.3 104.4 0.006727827831
104.45 104.4 104.5 0.008299238707
104.55 104.5 104.6 0.004971339616
104.65 104.6 104.7 0.002617873837
104.75 104.7 104.8 0.007413458582
104.85 104.8 104.9 0.005878193102
104.95 104.9 105 0.003834626424
105.05 105 105.1 0.00365634275
105.15 105.1 105.2 0.007263294178
105.25 105.2 105.3 0.004449113134
105.35 105.3 105.4 0.005904956568
105.45 105.4 105.5 0.003157922126
105.55 105.5 105.6 0.002277505424
105.65 105.6 105.7 0.004053578325
105.75 105.7 105.8 0.004722968546
105.85 105.8 105.9 0.00628972171
105.95 105.9 106 0.003527768967
106.05 106 106.1 0.005056620129
106.15 106.1 106.2 0.003684706071
106.25 106.2 106.3 0.005092773205
106.35 106.3 106.4 0.006302844607
106.45 106.4 106.5 0.004684732552
106.55 106.5 106.6 0.00789062545
106.65 106.6 106.7 0.004263735613
106.75 106.7 106.8 0.001602388938
106.85 106.8 106.9 0.003280563789
106.95 106.9 107 0.004774463299
107.05 107 107.1 0.007931765403
107.15 107.1 107.2 0.003123817407
107.25 107.2 107.3 0.005031175853
107.35 107.3 107.4 0.007079306563
107.45 107.4 107.5 0.004694309608
107.55 107.5 107.6 0.001612287551
107.65 107.6 107.7 0.002068464917
107.75 107.7 107.8 0.006965387965
107.85 107.8 107.9 0.002080816856
107.95 107.9 108 0.0008444535855
108.05 108 108.1 0.001192075976
108.15 108.1 108.2 0.005402949687
108.25 108.2 108.3 0.002916974571
108.35 108.3 108.4 0.003911205463
108.45 108.4 108.5 0.003414725805
108.55 108.5 108.6 0.002426008235
108.65 108.6 108.7 0.001495473205
108.75 108.7 108.8 0.005407407092
108.85 108.8 108.9 0.006681771557
108.95 108.9 109 0.009100169911
109.05 109 109.1 0.002721883648
109.15 109.1 109.2 0.003597795666
109.25 109.2 109.3 0.003434885125
109.35 109.3 109.4 0.004674030658
109.45 109.4 109.5 0.003959367411
109.55 109.5 109.6 0.005971462337
109.65 109.6 109.7 0.005947557096
109.75 109.7 109.8 0.005396651189
109.85 109.8 109.9 0.00500198513
109.95 109.9 110 0.005191876912
110.05 110 110.1 0.006584573462
110.15 110.1 110.2 0.0008430617177
110.25 110.2 110.3 0.004281263086
110.35 110.3 110.4 0.006702686218
110.45 110.4 110.5 0.004400209592
110.55 110.5 110.6 0.002677830756
110.65 110.6 110.7 0.004841153724
110.75 110.7 110.8 -0.0004649568689
110.85 110.8 110.9 0.006413480395
110.95 110.9 111 0.001717624392
111.05 111 111.1 0.003159316117
111.15 111.1 111.2 0.003273275264
111.25 111.2 111.3 0.002387602077
111.35 111.3 111.4 0.007305881383
111.45 111.4 111.5 0.003426187604
111.55 111.5 111.6 0.002936798175
111.65 111.6 111.7 0.002764255933
111.75 111.7 111.8 0.003184600159
111.85 111.8 111.9 0.002026294496
111.95 111.9 112 0.001833245462
112.05 112 112.1 0.006691447041
112.15 112.1 112.2 0.00757534957
112.25 112.2 112.3 0.00133399029
112.35 112.3 112.4 0.003466438118
112.45 112.4 112.5 0.002545629713
112.55 112.5 112.6 0.003528163582
112.65 112.6 112.7 0.001961251987
112.75 112.7 112.8 0.0007531909388
112.85 112.8 112.9 0.006366393814
112.95 112.9 113 0.004881587678
113.05 113 113.1 0.004080252638
113.15 113.1 113.2 0.005153179159
113.25 113.2 113.3 -0.0003426239065
113.35 113.3 113.4 0.006096495406
113.45 113.4 113.5 0.001676120254
113.55 113.5 113.6 0.00497973696
113.65 113.6 113.7 0.0032636996
113.75 113.7 113.8 0.002210902244
113.85 113.8 113.9 0.004322545839
113.95 113.9 114 0.006974967292
114.05 114 114.1 0.005708811198
114.15 114.1 114.2 0.006115503761
114.25 114.2 114.3 0.001493147311
114.35 114.3 114.4 0.001382669153
114.45 114.4 114.5 0.002348984486
114.55 114.5 114.6 0.002766897231
114.65 114.6 114.7 0.001282014618
114.75 114.7 114.8 0.001222141422
114.85 114.8 114.9 0.001916887108
114.95 114.9 115 0.003900706477
115.05 115 115.1 0.0009743369155
115.15 115.1 115.2 0.004310177608
115.25 115.2 115.3 0.005470137868
115.35 115.3 115.4 0.003556298456
115.45 115.4 115.5 0.005442115193
115.55 115.5 115.6 0.005767913855
115.65 115.6 115.7 0.005193722303
115.75 115.7 115.8 0.001366818035
115.85 115.8 115.9 0.002413073708
115.95 115.9 116 0.003103095142
116.05 116 116.1 -0.0003153011597
116.15 116.1 116.2 0.001150771616
116.25 116.2 116.3 0.006643332541
116.35 116.3 116.4 0.001280070321
116.45 116.4 116.5 0.002754599303
116.55 116.5 116.6 0.005124969297
116.65 116.6 116.7 0.003396410425
116.75 116.7 116.8 0.001627434491
116.85 116.8 116.9 0.002471806196
116.95 116.9 117 0.002833749826
117.05 117 117.1 0.005799327606
117.15 117.1 117.2 0.001512013373
117.25 117.2 117.3 0.0041063274
117.35 117.3 117.4 0.004281599964
117.45 117.4 117.5 0.005568138728
117.55 117.5 117.6 0.003602079058
117.65 117.6 117.7 0.003895595509
117.75 117.7 117.8 0.002792010178
117.85 117.8 117.9 0.001193681013
117.95 117.9 118 0.0038833657
118.05 118 118.1 0.005972512624
118.15 118.1 118.2 0.005069679061
118.25 118.2 118.3 0.00186535763
118.35 118.3 118.4 0.0004006829124
118.45 118.4 118.5 0.004244844186
118.55 118.5 118.6 0.005971740427
118.65 118.6 118.7 -0.0002647426943
118.75 118.7 118.8 0.003155370049
118.85 118.8 118.9 0.003184534161
118.95 118.9 119 0.0007521302472
119.05 119 119.1 0.005583175482
119.15 119.1 119.2 0.003363680192
119.25 119.2 119.3 -0.0009129884705
119.35 119.3 119.4 0.002644535284
119.45 119.4 119.5 0.002023420064
119.55 119.5 119.6 0.00243846397
119.65 119.6 119.7 -0.0007951883693
119.75 119.7 119.8 0.002754793832
119.85 119.8 119.9 0.004555408336
119.95 119.9 120 -0.0009065986225
120.05 120 120.1 0.0009759712619
120.15 120.1 120.2 0.001639591902
120.25 120.2 120.3 0.00462654494
120.35 120.3 120.4 0.003283253181
120.45 120.4 120.5 0.0007610333411
120.55 120.5 120.6 0.004783279907
120.65 120.6 120.7 0.001808891898
120.75 120.7 120.8 0.003760815426
120.85 120.8 120.9 0.005181393184
120.95 120.9 121 0.002847634377
121.05 121 121.1 -0.002284222159
121.15 121.1 121.2 0.001378816088
121.25 121.2 121.3 0.002962148398
121.35 121.3 121.4 0.005015306698
121.45 121.4 121.5 0.003452968278
121.55 121.5 121.6 0.001068218595
121.65 121.6 121.7 0.003532195575
121.75 121.7 121.8 0.004394365836
121.85 121.8 121.9 0.003284466129
121.95 121.9 122 0.001900155252
122.05 122 122.1 0.002856172986
122.15 122.1 122.2 -0.0009726890485
122.25 122.2 122.3 0.002376468528
122.35 122.3 122.4 0.002296583649
122.45 122.4 122.5 0.001198243032
122.55 122.5 122.6 0.006898179367
122.65 122.6 122.7 0.005647317863
122.75 122.7 122.8 0.005370230778
122.85 122.8 122.9 0.0003436280537
122.95 122.9 123 0.002074494632
123.05 123 123.1 0.00572892516
123.15 123.1 123.2 0.000187938288
123.25 123.2 123.3 0.004752763328
123.35 123.3 123.4 0.003256129494
123.45 123.4 123.5 0.001766049693
123.55 123.5 123.6 0.001020705514
123.65 123.6 123.7 0.003558547347
123.75 123.7 123.8 -0.001633559753
123.85 123.8 123.9 0.001944600564
123.95 123.9 124 0.002422964279
124.05 124 124.1 0.001591279884
124.15 124.1 124.2 0.001164460109
124.25 124.2 124.3 0.002248162513
124.35 124.3 124.4 0.0048553599
124.45 124.4 124.5 0.003409433147
124.55 124.5 124.6 0.003342070085
124.65 124.6 124.7 0.001954771865
124.75 124.7 124.8 0.005513002792
124.85 124.8 124.9 0.002185932076
124.95 124.9 125 0.001638548168
125.05 125 125.1 0.002241858807
125.15 125.1 125.2 0.001731202587
125.25 125.2 125.3 0.002735692228
125.35 125.3 125.4 0.003606135924
125.45 125.4 125.5 0.001721374101
125.55 125.5 125.6 0.0007530813814
125.65 125.6 125.7 0.002329714753
125.75 125.7 125.8 0.004289266826
125.85 125.8 125.9 0.001626126845
125.95 125.9 126 0.001644282656
126.05 126 126.1 0.001972540384
126.15 126.1 126.2 0.001817900028
126.25 126.2 126.3 0.002040541796
126.35 126.3 126.4 -0.0007620330861
126.45 126.4 126.5 0.001730756658
126.55 126.5 126.6 0.0002103863693
126.65 126.6 126.7 0.0009045978555
126.75 126.7 126.8 0.00087789918
126.85 126.8 126.9 0.0004085689057
126.95 126.9 127 -0.001891625232
127.05 127 127.1 0.001252428526
127.15 127.1 127.2 0.001786297851
127.25 127.2 127.3 0.0009805271973
127.35 127.3 127.4 0.003693167889
127.45 127.4 127.5 0.003500224351
127.55 127.5 127.6 0.001216550896
127.65 127.6 127.7 0.001474705965
127.75 127.7 127.8 0.002774445405
127.85 127.8 127.9 0.003410527742
127.95 127.9 128 0.001323807665
128.05 128 128.1 0.001869446086
128.15 128.1 128.2 0.0003657080224
128.25 128.2 128.3 0.004073017085
128.35 128.3 128.4 0.002221727552
128.45 128.4 128.5 0.001073614177
128.55 128.5 128.6 0.001884073536
128.65 128.6 128.7 0.0001556317036
128.75 128.7 128.8 0.001673295442
128.85 128.8 128.9 0.001708908772
128.95 128.9 129 0.0003268739634
129.05 129 129.1 0.003204252378
129.15 129.1 129.2 0.002748521245
129.25 129.2 129.3 0.00159700753
129.35 129.3 129.4 -3.946826234e-05
129.45 129.4 129.5 -0.0004747372469
129.55 129.5 129.6 0.003035336654
129.65 129.6 129.7 0.001189654186
129.75 129.7 129.8 -0.001026842272
129.85 129.8 129.9 -0.0004641252882
129.95 129.9 130 -0.001309406495
130.05 130 130.1 0.0008418580409
130.15 130.1 130.2 0.002691084931
130.25 130.2 130.3 0.003731433524
130.35 130.3 130.4 0.0009157262561
130.45 130.4 130.5 0.00385242728
130.55 130.5 130.6 0.0008744806466
130.65 130.6 130.7 0.001013873734
130.75 130.7 130.8 0.002750952313
130.85 130.8 130.9 0.0006623951495
130.95 130.9 131 0.002044913431
131.05 131 131.1 -0.002192265584
131.15 131.1 131.2 0.001824594323
131.25 131.2 131.3 0.002927018686
131.35 131.3 131.4 0.002465120005
131.45 131.4 131.5 0.0004100509265
131.55 131.5 131.6 8.283524461e-05
131.65 131.6 131.7 9.726596878e-05
131.75 131.7 131.8 0.00117934938
131.85 131.8 131.9 -0.0003159375326
131.95 131.9 132 1.809256875e-05
132.05 132 132.1 0.0007082310799
132.15 132.1 132.2 0.00430335559
132.25 132.2 132.3 0.001522086814
132.35 132.3 132.4 0.00366683229
132.45 132.4 132.5 0.004634032792
132.55 132.5 132.6 0.002527069247
132.65 132.6 132.7 0.0003085635059
132.75 132.7 132.8 0.00172234771
132.85 132.8 132.9 0.001704969891
132.95 132.9 133 0.003746216941
133.05 133 133.1 0.0009153863433
133.15 133.1 133.2 0.0055837784
133.25 133.2 133.3 0.0003336937691
133.35 133.3 133.4 0.0004091876495
133.45 133.4 133.5 0.000428660223
133.55 133.5 133.6 -0.000453975098
133.65 133.6 133.7 -0.0006487406195
133.75 133.7 133.8 0.001785287602
133.85 133.8 133.9 -0.0002739730751
133.95 133.9 134 0.003700402184
134.05 134 134.1 -0.0008785839519
134.15 134.1 134.2 0.0004462098076
134.25 134.2 134.3 -0.0002652467757
134.35 134.3 134.4 0.002683591736
134.45 134.4 134.5 -0.0004566355048
134.55 134.5 134.6 0.0008497683938
134.65 134.6 134.7 0.001196874995
134.75 134.7 134.8 0.003248884237
134.85 134.8 134.9 0.0005205131741
134.95 134.9 135 -0.0003702938766
135.05 135 135.1 0.002268149034
135.15 135.1 135.2 0.0005133111591
135.25 135.2 135.3 -0.002375754662
135.35 135.3 135.4 0.001867785159
135.45 135.4 135.5 0.003107834712
135.55 135.5 135.6 -4.367961663e-05
135.65 135.6 135.7 -0.0004889920325
135.75 135.7 135.8 0.00252555185
135.85 135.8 135.9 0.002531057724
135.95 135.9 136 0.00105012402
136.05 136 136.1 0.0004236151782
136.15 136.1 136.2 0.002364783202
136.25 136.2 136.3 0.0003403521211
136.35 136.3 136.4 0.004660433581
136.45 136.4 136.5 7.623403292e-06
136.55 136.5 136.6 0.002750352522
136.65 136.6 136.7 0.003084506991
136.75 136.7 136.8 0.002106354888
136.85 136.8 136.9 0.0007038200952
136.95 136.9 137 0.0013519895
137.05 137 137.1 0.004913791031
137.15 137.1 137.2 -0.0002321808371
137.25 137.2 137.3 -0.0006250887871
137.35 137.3 137.4 0.0001435725297
137.45 137.4 137.5 0.001311695075
137.55 137.5 137.6 0.003200599295
137.65 137.6 137.7 0.0005796167954
137.75 137.7 137.8 -0.001345650361
137.85 137.8 137.9 0.0007810415316
137.95 137.9 138 0.0002262329203
138.05 138 138.1 0.0004340083777
138.15 138.1 138.2 0.0005683342016
138.25 138.2 138.3 -0.0004052330957
138.35 138.3 138.4 0.001680207401
138.45 138.4 138.5 0.00583868435
138.55 138.5 138.6 0.001914127723
138.65 138.6 138.7 0.0008838926814
138.75 138.7 138.8 -0.0002880312739
138.85 138.8 138.9 0.0001755051802
138.95 138.9 139 0.000680623979
139.05 139 139.1 0.001246743115
139.15 139.1 139.2 0.003510576655
139.25 139.2 139.3 0.002531709948
139.35 139.3 139.4 0.002841479213
139.45 139.4 139.5 0.002717293853
139.55 139.5 139.6 0.004612294402
139.65 139.6 139.7 0.001548863543
139.75 139.7 139.8 -0.0002202264706
139.85 139.8 139.9 -0.001658599368
139.95 139.9 140 0.002204195177
140.05 140 140.1 -0.0003340888079
140.15 140.1 140.2 0.0008621849536
140.25 140.2 140.3 -0.001514843523
140.35 140.3 140.4 -2.113733631e-05
140.45 140.4 140.5 -0.0007567228726
140.55 140.5 140.6 0.00116229428
140.65 140.6 140.7 -0.0005793293696
140.75 140.7 140.8 -0.001174829668
140.85 140.8 140.9 -0.002305489435
140.95 140.9 141 0.0009332042693
141.05 141 141.1 0.001252344598
141.15 141.1 141.2 -0.001083747553
141.25 141.2 141.3 -0.0007534663845
141.35 141.3 141.4 0.001430647769
141.45 141.4 141.5 0.003146779636
141.55 141.5 141.6 -0.001356613125
141.65 141.6 141.7 -0.000146700934
141.75 141.7 141.8 0.00216077633
141.85 141.8 141.9 0.0001674653059
141.95 141.9 142 -0.0004169639167
142.05 142 142.1 0.001650208743
142.15 142.1 142.2 0.003716803748
142.25 142.2 142.3 0.002118853232
142.35 142.3 142.4 -0.001478519528
142.45 142.4 142.5 0.001549699377
142.55 142.5 142.6 -0.0004671310781
142.65 142.6 142.7 -0.001352834432
142.75 142.7 142.8 0.001497710246
142.85 142.8 142.9 -0.0007430841876
142.95 142.9 143 0.00151844573
143.05 143 143.1 0.001037610174
143.15 143.1 143.2 0.001235538816
143.25 143.2 143.3 0.0005284379702
143.35 143.3 143.4 0.001005475981
143.45 143.4 143.5 0.00234663685
143.55 143.5 143.6 0.003197555017
143.65 143.6 143.7 -0.0002105218554
143.75 143.7 143.8 0.001344262798
143.85 143.8 143.9 -0.0005469858586
143.95 143.9 144 0.001380835956
144.05 144 144.1 0.001017186604
144.15 144.1 144.2 0.00180995323
144.25 144.2 144.3 0.001886039457
144.35 144.3 144.4 0.0002270748453
144.45 144.4 144.5 -0.0003874904017
144.55 144.5 144.6 -0.001412551769
144.65 144.6 144.7 0.0005413933196
144.75 144.7 144.8 4.678616356e-05
144.85 144.8 144.9 -0.0004731374068
144.95 144.9 145 -0.002608194408
145.05 145 145.1 0.002719452745
145.15 145.1 145.2 0.0001717113839
145.25 145.2 145.3 0.0003032273363
145.35 145.3 145.4 0.0002079323533
145.45 145.4 145.5 -0.001773080553
145.55 145.5 145.6 0.001276991153
145.65 145.6 145.7 0.0001489279466
145.75 145.7 145.8 -0.002489839159
145.85 145.8 145.9 -0.001848057644
145.95 145.9 146 -0.000384358579
146.05 146 146.1 0.001290950802
146.15 146.1 146.2 -0.001556419332
146.25 146.2 146.3 -0.001211533875
146.35 146.3 146.4 -0.001440240492
146.45 146.4 146.5 0.001048581933
146.55 146.5 146.6 -0.0005919011792
146.65 146.6 146.7 -4.412288741e-05
146.75 146.7 146.8 -0.0004263223013
146.85 146.8 146.9 -0.0005993698606
146.95 146.9 147 -0.003895536206
147.05 147 147.1 -0.001833357278
147.15 147.1 147.2 -0.002920639014
147.25 147.2 147.3 -0.0009517511139
147.35 147.3 147.4 0.003944686018
147.45 147.4 147.5 -0.001034759361
147.55 147.5 147.6 -0.0004158386995
147.65 147.6 147.7 -0.00299341608
147.75 147.7 147.8 -0.0005081650786
147.85 147.8 147.9 8.164981211e-06
147.95 147.9 148 -0.002057405135
148.05 148 148.1 -0.0007083069675
148.15 148.1 148.2 -0.0001000535563
148.25 148.2 148.3 -0.001179604537
148.35 148.3 148.4 -0.001679005915
148.45 148.4 148.5 0.0001108795747
148.55 148.5 148.6 0.0004947081777
148.65 148.6 148.7 0.0001521285739
148.75 148.7 148.8 -0.0017832682
148.85 148.8 148.9 0.0004003005425
148.95 148.9 149 6.01417718e-05
149.05 149 149.1 -0.001456692507
149.15 149.1 149.2 -0.003223472723
149.25 149.2 149.3 -0.0008269337354
149.35 149.3 149.4 -0.001003723447
149.45 149.4 149.5 -0.004426695058
149.55 149.5 149.6 -0.0002534031462
149.65 149.6 149.7 -0.001285790776
149.75 149.7 149.8 -0.001512084869
149.85 149.8 149.9 0.0007426668917
149.95 149.9 150 -0.0008046488069
150.05 150 150.1 -0.00404514156
150.15 150.1 150.2 9.362418348e-05
150.25 150.2 150.3 0.001556422053
150.35 150.3 150.4 -0.002465619527
150.45 150.4 150.5 -0.001342842458
150.55 150.5 150.6 -0.0005395848015
150.65 150.6 150.7 0.0005529176389
150.75 150.7 150.8 -9.248011322e-05
150.85 150.8 150.9 -0.001363569642
150.95 150.9 151 -0.00266259728
151.05 151 151.1 0.000541533342
151.15 151.1 151.2 -0.004856039706
151.25 151.2 151.3 0.0009651943774
151.35 151.3 151.4 0.001122198371
151.45 151.4 151.5 -0.001897713732
151.55 151.5 151.6 -0.0009333867374
151.65 151.6 151.7 -0.001020614588
151.75 151.7 151.8 -0.002211064454
151.85 151.8 151.9 -0.001081866949
151.95 151.9 152 -0.002908843427
152.05 152 152.1 0.0003490171037
152.15 152.1 152.2 0.0006690367457
152.25 152.2 152.3 0.001160864259
152.35 152.3 152.4 -0.005273340282
152.45 152.4 152.5 2.915642683e-05
152.55 152.5 152.6 -0.001097133225
152.65 152.6 152.7 -0.0004282030492
152.75 152.7 152.8 -0.002269092947
152.85 152.8 152.9 0.0008938163894
152.95 152.9 153 8.291414845e-05
153.05 153 153.1 0.0006951257266
153.15 153.1 153.2 -0.001224862319
153.25 153.2 153.3 0.002640686364
153.35 153.3 153.4 2.574540627e-05
153.45 153.4 153.5 -0.0006776675502
153.55 153.5 153.6 -0.0003372299733
153.65 153.6 153.7 -0.001474763634
153.75 153.7 153.8 0.0002380081913
153.85 153.8 153.9 -0.001607117036
153.95 153.9 154 -0.00471919021
154.05 154 154.1 -0.003220381913
154.15 154.1 154.2 4.30823815e-05
154.25 154.2 154.3 -0.002640724729
154.35 154.3 154.4 -0.002840897501
154.45 154.4 154.5 0.001058503626
154.55 154.5 154.6 -0.001997622181
154.65 154.6 154.7 0.0006702084485
154.75 154.7 154.8 0.0004442305521
154.85 154.8 154.9 -0.00107884142
154.95 154.9 155 0.0005894784762
155.05 155 155.1 -0.0007527179046
155.15 155.1 155.2 -8.994224155e-05
155.25 155.2 155.3 -0.001450794295
155.35 155.3 155.4 0.0005050675888
155.45 155.4 155.5 0.000442599748
155.55 155.5 155.6 -0.00140211305
155.65 155.6 155.7 -0.0004135817257
155.75 155.7 155.8 0.001878167216
155.85 155.8 155.9 0.00149890829
155.95 155.9 156 0.001379236904
156.05 156 156.1 0.0009222978331
156.15 156.1 156.2 0.0007807818163
156.25 156.2 156.3 -0.001275352188
156.35 156.3 156.4 -0.0009830622074
156.45 156.4 156.5 -0.001194014068
156.55 156.5 156.6 0.001344628628
156.65 156.6 156.7 -0.0004877472919
156.75 156.7 156.8 0.001275009156
156.85 156.8 156.9 -0.001347739956
156.95 156.9 157 -0.001691939971
157.05 157 157.1 0.0009276299884
157.15 157.1 157.2 -0.000348833998
157.25 157.2 157.3 -0.002816886396
157.35 157.3 157.4 -0.0002325334883
157.45 157.4 157.5 0.0006764530156
157.55 157.5 157.6 0.00330202875
157.65 157.6 157.7 -0.0005770014574
157.75 157.7 157.8 -0.002527943036
157.85 157.8 157.9 0.0007829358048
157.95 157.9 158 -9.197396026e-05
158.05 158 158.1 -0.0001905818254
158.15 158.1 158.2 0.0003194214658
158.25 158.2 158.3 0.001198514948
158.35 158.3 158.4 -0.0009704392535
158.45 158.4 158.5 -0.001083649551
158.55 158.5 158.6 -0.0003189426696
158.65 158.6 158.7 -0.0007206464718
158.75 158.7 158.8 0.001869711726
158.85 158.8 158.9 -0.0004578222592
158.95 158.9 159 -0.002614722427
159.05 159 159.1 -0.001288607217
159.15 159.1 159.2 0.002557822237
159.25 159.2 159.3 0.002996102341
159.35 159.3 159.4 -0.0002595835412
159.45 159.4 159.5 -0.0005877102097
159.55 159.5 159.6 -0.0009224352613
159.65 159.6 159.7 -0.002977836882
159.75 159.7 159.8 0.001037769315
159.85 159.8 159.9 -0.00154939687
159.95 159.9 160 0.0006091994599
160.05 160 160.1 0.0005088709892
160.15 160.1 160.2 -0.0008962654742
160.25 160.2 160.3 -0.0003827933979
160.35 160.3 160.4 0.001325351775
160.45 160.4 160.5 -0.001998239752
160.55 160.5 160.6 -0.0003948178632
160.65 160.6 160.7 0.001596691754
160.75 160.7 160.8 -0.003044777506
160.85 160.8 160.9 0.001384337572
160.95 160.9 161 0.0003259155008
161.05 161 161.1 -0.002777962114
161.15 161.1 161.2 -0.001664071857
161.25 161.2 161.3 -0.0009873942251
161.35 161.3 161.4 -0.001678776874
161.45 161.4 161.5 -0.0009178538551
161.55 161.5 161.6 0.0005574972631
161.65 161.6 161.7 -0.001621231265
161.75 161.7 161.8 0.0001193909204
161.85 161.8 161.9 -0.001677715957
161.95 161.9 162 -0.002450282411
162.05 162 162.1 -0.0002868233277
162.15 162.1 162.2 0.001555538503
162.25 162.2 162.3 -0.003257099897
162.35 162.3 162.4 -0.00288985985
162.45 162.4 162.5 -0.002106791613
162.55 162.5 162.6 -0.0004532674812
162.65 162.6 162.7 -0.0005591544004
162.75 162.7 162.8 -0.0007922147517
162.85 162.8 162.9 0.000370342748
162.95 162.9 163 -0.001621157327
163.05 163 163.1 -0.0001590724693
163.15 163.1 163.2 0.0001530547188
163.25 163.2 163.3 0.001353761759
163.35 163.3 163.4 -0.001733222507
163.45 163.4 163.5 -0.002022104446
163.55 163.5 163.6 0.0009202530722
163.65 163.6 163.7 -0.0001050867785
163.75 163.7 163.8 -0.00101196658
163.85 163.8 163.9 -0.002459467516
163.95 163.9 164 -0.003646469742
164.05 164 164.1 -0.002249961708
164.15 164.1 164.2 6.605820005e-05
164.25 164.2 164.3 -0.0004285678
164.35 164.3 164.4 -0.0008929638017
164.45 164.4 164.5 0.000409600444
164.55 164.5 164.6 -0.0008942591283
164.65 164.6 164.7 -0.002044078968
164.75 164.7 164.8 0.001888970054
164.85 164.8 164.9 -0.0006139397519
164.95 164.9 165 -0.001619093941
165.05 165 165.1 -0.0007579158842
165.15 165.1 165.2 0.001265018653
165.25 165.2 165.3 0.001157234379
165.35 165.3 165.4 0.0006949782762
165.45 165.4 165.5 -0.002424278284
165.55 165.5 165.6 0.000286175583
165.65 165.6 165.7 0.001249758894
165.75 165.7 165.8 -0.002334134638
165.85 165.8 165.9 -0.0003008546733
165.95 165.9 166 0.0005714941434
166.05 166 166.1 0.0002612536553
166.15 166.1 166.2 3.94025129e-05
166.25 166.2 166.3 -0.0006780960276
166.35 166.3 166.4 0.0020074419
166.45 166.4 166.5 -0.002499668538
166.55 166.5 166.6 0.001787652451
166.65 166.6 166.7 -0.001846019655
166.75 166.7 166.8 4.719981401e-05
166.85 166.8 166.9 -0.0005890499716
166.95 166.9 167 0.000178339347
167.05 167 167.1 -0.002993852262
167.15 167.1 167.2 0.0003065715363
167.25 167.2 167.3 0.0002889871712
167.35 167.3 167.4 5.95324085e-05
167.45 167.4 167.5 0.0007307115178
167.55 167.5 167.6 -0.0004150656546
167.65 167.6 167.7 -0.001876452844
167.75 167.7 167.8 0.001935696776
167.85 167.8 167.9 0.0007973561958
167.95 167.9 168 0.003511016553
168.05 168 168.1 -4.307253525e-05
168.15 168.1 168.2 0.00133219347
168.25 168.2 168.3 -0.0003807147306
168.35 168.3 168.4 0.001973670206
168.45 168.4 168.5 0.0003768292743
168.55 168.5 168.6 0.001382628199
168.65 168.6 168.7 0.0002159897154
168.75 168.7 168.8 0.0005155157155
168.85 168.8 168.9 -0.0004772391327
168.95 168.9 169 -0.001576680902
169.05 169 169.1 0.001823369964
169.15 169.1 169.2 0.001176833533
169.25 169.2 169.3 -0.0004106160805
169.35 169.3 169.4 0.0004283551519
169.45 169.4 169.5 -0.0007303806146
169.55 169.5 169.6 -0.002254617672
169.65 169.6 169.7 -0.000185438165
169.75 169.7 169.8 -0.0009725560085
169.85 169.8 169.9 0.0007285582989
169.95 169.9 170 -0.001188076983
170.05 170 170.1 0.002191284099
170.15 170.1 170.2 -0.0004824268334
170.25 170.2 170.3 -0.001447693015
170.35 170.3 170.4 0.001809057704
170.45 170.4 170.5 -0.001126370299
170.55 170.5 170.6 -0.00113832145
170.65 170.6 170.7 -0.0005761479918
170.75 170.7 170.8 -0.0008133001511
170.85 170.8 170.9 0.0006226933299
170.95 170.9 171 -0.004100921946
171.05 171 171.1 0.0009854629257
171.15 171.1 171.2 0.001056154248
171.25 171.2 171.3 0.0007424755287
171.35 171.3 171.4 0.0006314231584
171.45 171.4 171.5 -9.702874268e-05
171.55 171.5 171.6 0.0004112783002
171.65 171.6 171.7 -0.001081501806
171.75 171.7 171.8 -0.0003977943691
171.85 171.8 171.9 0.002913731039
171.95 171.9 172 0.0007750654581
172.05 172 172.1 -0.0006327942756
172.15 172.1 172.2 0.0009178990493
172.25 172.2 172.3 -0.002743086454
172.35 172.3 172.4 0.0002400525745
172.45 172.4 172.5 -0.0009756747751
172.55 172.5 172.6 -0.00102961321
172.65 172.6 172.7 -0.001214676271
172.75 172.7 172.8 -0.00111994845
172.85 172.8 172.9 0.0006969723611
172.95 172.9 173 -0.00390043329
173.05 173 173.1 0.0007374979191
173.15 173.1 173.2 -0.002366541229
173.25 173.2 173.3 0.000347531061
173.35 173.3 173.4 0.000339943145
173.45 173.4 173.5 -0.001737862451
173.55 173.5 173.6 0.001334337333
173.65 173.6 173.7 -0.0002870707495
173.75 173.7 173.8 -0.002237757416
173.85 173.8 173.9 -0.0006503609972
173.95 173.9 174 -0.001870446362
174.05 174 174.1 -0.0006869451359
174.15 174.1 174.2 -4.485962509e-05
174.25 174.2 174.3 -0.0004561659959
174.35 174.3 174.4 -0.001306568976
174.45 174.4 174.5 0.0005626068703
174.55 174.5 174.6 -0.0007421501817
174.65 174.6 174.7 -0.001611525018
174.75 174.7 174.8 0.001157554987
174.85 174.8 174.9 8.656696585e-05
174.95 174.9 175 -0.0009546942383
175.05 175 175.1 0.001049707118
175.15 175.1 175.2 -0.001417260958
175.25 175.2 175.3 -0.0003560797698
175.35 175.3 175.4 -0.001264408697
175.45 175.4 175.5 -0.002408692611
175.55 175.5 175.6 -0.001914617057
175.65 175.6 175.7 -0.001832636115
175.75 175.7 175.8 -0.0005957619866
175.85 175.8 175.9 0.0004903467828
175.95 175.9 176 -0.001278839673
176.05 176 176.1 -0.001174596259
176.15 176.1 176.2 0.000785725992
176.25 176.2 176.3 -0.002192045346
176.35 176.3 176.4 0.0001539356751
176.45 176.4 176.5 0.001294112345
176.55 176.5 176.6 -0.0008153263432
176.65 176.6 176.7 -0.001071972465
176.75 176.7 176.8 0.0007307095165
176.85 176.8 176.9 -0.0008078856131
176.95 176.9 177 -0.001726031627
177.05 177 177.1 -0.005333770869
177.15 177.1 177.2 0.0007343413728
177.25 177.2 177.3 -0.002055547184
177.35 177.3 177.4 -0.001273982067
177.45 177.4 177.5 0.0004236302136
177.55 177.5 177.6 -0.001246720958
177.65 177.6 177.7 -0.003764311628
177.75 177.7 177.8 -0.0007169867117
177.85 177.8 177.9 -0.0003753939128
177.95 177.9 178 -0.001060347787
178.05 178 178.1 -0.002955205166
178.15 178.1 178.2 -0.002344992347
178.25 178.2 178.3 -0.0003314266823
178.35 178.3 178.4 -0.002569206228
178.45 178.4 178.5 -0.002393446894
178.55 178.5 178.6 -0.002600023413
178.65 178.6 178.7 -0.002439411842
178.75 178.7 178.8 -0.0005754369161
178.85 178.8 178.9 -0.002336519156
178.95 178.9 179 -3.219911012e-05
179.05 179 179.1 -0.001099069113
179.15 179.1 179.2 -0.001049958242
179.25 179.2 179.3 -0.0003307796072
179.35 179.3 179.4 -0.002223781389
179.45 179.4 179.5 -0.0005392364059
179.55 179.5 179.6 -0.0007660633056
179.65 179.6 179.7 -0.0007321495486
179.75 179.7 179.8 0.0003710174865
179.85 179.8 179.9 -0.003133889135
179.95 179.9 180 -0.001311646912
180.05 180 180.1 -0.0003462458604
180.15 180.1 180.2 -0.001857919284
180.25 180.2 180.3 -0.0009124185517
180.35 180.3 180.4 0.0004009707176
180.45 180.4 180.5 -0.00190686113
180.55 180.5 180.6 -0.001113150324
180.65 180.6 180.7 -0.002161929846
180.75 180.7 180.8 -0.002119248825
180.85 180.8 180.9 -0.002849782973
180.95 180.9 181 -0.003875175798
181.05 181 181.1 -0.001501267796
181.15 181.1 181.2 0.001338785892
181.25 181.2 181.3 -0.001135187351
181.35 181.3 181.4 -0.003521393283
181.45 181.4 181.5 -0.002549364579
181.55 181.5 181.6 -0.001424965376
181.65 181.6 181.7 -0.003383418754
181.75 181.7 181.8 -0.00174816789
181.85 181.8 181.9 -0.001581196138
181.95 181.9 182 -0.001341110993
182.05 182 182.1 -0.003782842938
182.15 182.1 182.2 -0.002070854693
182.25 182.2 182.3 -0.002740549276
182.35 182.3 182.4 -0.002462462169
182.45 182.4 182.5 -0.001124279333
182.55 182.5 182.6 -0.004543891684
182.65 182.6 182.7 -0.003362275654
182.75 182.7 182.8 -0.002923710762
182.85 182.8 182.9 -0.003006691497
182.95 182.9 183 -0.0010608778
183.05 183 183.1 -0.001917047997
183.15 183.1 183.2 -0.00380181312
183.25 183.2 183.3 -0.002329022879
183.35 183.3 183.4 -0.001586757014
183.45 183.4 183.5 -0.002185006756
183.55 183.5 183.6 -0.004291511288
183.65 183.6 183.7 -0.001261058578
183.75 183.7 183.8 -0.002599591532
183.85 183.8 183.9 -0.003167102231
183.95 183.9 184 -0.003293424118
184.05 184 184.1 -0.002425203774
184.15 184.1 184.2 -0.002056990647
184.25 184.2 184.3 0.0005435117338
184.35 184.3 184.4 -0.004516608078
184.45 184.4 184.5 -0.001919020524
184.55 184.5 184.6 -0.001894685624
184.65 184.6 184.7 -0.000986874227
184.75 184.7 184.8 -0.003384988627
184.85 184.8 184.9 -0.0005822363343
184.95 184.9 185 -0.001316338944
185.05 185 185.1 -0.003271784229
185.15 185.1 185.2 -0.004133394526
185.25 185.2 185.3 -0.001258475463
185.35 185.3 185.4 -0.001818601856
185.45 185.4 185.5 -0.002816493968
185.55 185.5 185.6 0.002226057947
185.65 185.6 185.7 0.0002266197783
185.75 185.7 185.8 -0.002496973141
185.85 185.8 185.9 -0.003624062189
185.95 185.9 186 -0.002341945444
186.05 186 186.1 -0.002755519908
186.15 186.1 186.2 -0.001467313219
186.25 186.2 186.3 -0.004252194346
186.35 186.3 186.4 -0.001729126542
186.45 186.4 186.5 -0.003365856867
186.55 186.5 186.6 -0.001514692574
186.65 186.6 186.7 -0.00410351586
186.75 186.7 186.8 -0.003929128272
186.85 186.8 186.9 -0.002503027381
186.95 186.9 187 -0.001139786442
187.05 187 187.1 -0.003451017009
187.15 187.1 187.2 -0.001544265288
187.25 187.2 187.3 0.0008833826698
187.35 187.3 187.4 -0.004462068411
187.45 187.4 187.5 -0.003425365562
187.55 187.5 187.6 -0.00137943348
187.65 187.6 187.7 -0.004950033348
187.75 187.7 187.8 -0.001192184927
187.85 187.8 187.9 -0.003651266189
187.95 187.9 188 -0.003428393532
188.05 188 188.1 -0.004030438351
188.15 188.1 188.2 -0.002802099276
188.25 188.2 188.3 -0.00199800295
188.35 188.3 188.4 -0.00131992599
188.45 188.4 188.5 -0.0008671215179
188.55 188.5 188.6 -0.004385423058
188.65 188.6 188.7 -0.002895582434
188.75 188.7 188.8 0.001567726088
188.85 188.8 188.9 -0.00278957143
188.95 188.9 189 -0.002701415123
189.05 189 189.1 -0.00165197912
189.15 189.1 189.2 -0.002540304837
189.25 189.2 189.3 -0.003639762704
189.35 189.3 189.4 -0.003539037843
189.45 189.4 189.5 -0.004113957217
189.55 189.5 189.6 -0.003936514251
189.65 189.6 189.7 -0.001505082886
189.75 189.7 189.8 6.800296405e-05
189.85 189.8 189.9 -0.003600862464
189.95 189.9 190 -0.001235355879
190.05 190 190.1 -0.001197622937
190.15 190.1 190.2 -0.002002588591
190.25 190.2 190.3 -0.002925313089
190.35 190.3 190.4 -0.001084721665
190.45 190.4 190.5 -0.00104840648
190.55 190.5 190.6 -0.0004570364797
190.65 190.6 190.7 -0.001747945902
190.75 190.7 190.8 -0.003959964266
190.85 190.8 190.9 0.00016559907
190.95 190.9 191 -0.001840407695
191.05 191 191.1 0.000942386639
191.15 191.1 191.2 0.0003758711517
191.25 191.2 191.3 -0.00159180469
191.35 191.3 191.4 -0.0009571953052
191.45 191.4 191.5 -0.004145121874
191.55 191.5 191.6 -0.0001105931509
191.65 191.6 191.7 -0.001441519731
191.75 191.7 191.8 7.427389524e-05
191.85 191.8 191.9 -0.004547952621
191.95 191.9 192 -0.004267549191
192.05 192 192.1 -0.0005616433312
192.15 192.1 192.2 -0.002732969802
192.25 192.2 192.3 -0.004926754898
192.35 192.3 192.4 -0.0005560970802
192.45 192.4 192.5 -0.001220582901
192.55 192.5 192.6 -0.002282940526
192.65 192.6 192.7 -0.003271691726
192.75 192.7 192.8 -0.0007583117864
192.85 192.8 192.9 -0.001905543692
192.95 192.9 193 -0.002636194951
193.05 193 193.1 -0.004921441982
193.15 193.1 193.2 -0.004705997546
193.25 193.2 193.3 -0.002155238522
193.35 193.3 193.4 -0.003047614474
193.45 193.4 193.5 -0.005249340353
193.55 193.5 193.6 -0.005074947383
193.65 193.6 193.7 -0.004924904017
193.75 193.7 193.8 -0.002432940361
193.85 193.8 193.9 -0.001167615314
193.95 193.9 194 -0.001817244647
194.05 194 194.1 -0.003409306403
194.15 194.1 194.2 -0.00259550442
194.25 194.2 194.3 -0.002331493921
194.35 194.3 194.4 -0.0002453506057
194.45 194.4 194.5 -0.0009465171348
194.55 194.5 194.6 -0.002804450651
194.65 194.6 194.7 -0.00493271032
194.75 194.7 194.8 -0.004362406137
194.85 194.8 194.9 -0.00436169137
194.95 194.9 195 -0.0001420446362
195.05 195 195.1 -0.002441149803
195.15 195.1 195.2 -0.002745703501
195.25 195.2 195.3 -0.003886453957
195.35 195.3 195.4 -0.001690080519
195.45 195.4 195.5 -0.002484463157
195.55 195.5 195.6 -0.002425711202
195.65 195.6 195.7 -0.00184777541
195.75 195.7 195.8 -0.001211097944
195.85 195.8 195.9 -0.002932973915
195.95 195.9 196 -0.002520863253
196.05 196 196.1 -0.000708180719
196.15 196.1 196.2 -0.0005089011499
196.25 196.2 196.3 -0.005664633915
196.35 196.3 196.4 -0.002986030391
196.45 196.4 196.5 -0.001007386975
196.55 196.5 196.6 -0.002938679011
196.65 196.6 196.7 -0.0005796355545
196.75 196.7 196.8 -0.001529118578
196.85 196.8 196.9 -0.003291450252
196.95 196.9 197 0.000592885927
197.05 197 197.1 -0.00242124639
197.15 197.1 197.2 -0.003197397774
197.25 197.2 197.3 -0.002972196751
197.35 197.3 197.4 -0.001208601648
197.45 197.4 197.5 -0.004805089513
197.55 197.5 197.6 -0.002847790552
197.65 197.6 197.7 -0.0038195377
197.75 197.7 197.8 -0.004209281864
197.85 197.8 197.9 -0.003592991965
197.95 197.9 198 -0.004117636333
198.05 198 198.1 -0.003202610544
198.15 198.1 198.2 -0.001072710963
198.25 198.2 198.3 -0.001500779129
198.35 198.3 198.4 -0.002394256898
198.45 198.4 198.5 -0.003536843504
198.55 198.5 198.6 -0.002765482934
198.65 198.6 198.7 -0.001785899667
198.75 198.7 198.8 -0.00405392848
198.85 198.8 198.9 -0.001503330725
198.95 198.9 199 -0.002806907962
199.05 199 199.1 -0.002289048048
199.15 199.1 199.2 -0.001221784687
199.25 199.2 199.3 -0.004816749086
199.35 199.3 199.4 -0.001589331619
199.45 199.4 199.5 -0.001470968479
199.55 199.5 199.6 -0.0007560726834
199.65 199.6 199.7 -0.002000798615
199.75 199.7 199.8 0.0002245298069
199.85 199.8 199.9 -5.594787994e-05
199.95 199.9 200 -0.0004660667081
