# Columns: s_cen(1) s_min(2) s_max(3) xi_iso(4)
0.05 0 0.1 34.21387458
0.15 0.1 0.2 16.82276697
0.25 0.2 0.3 12.92716767
0.35 0.3 0.4 17.13611262
0.45 0.4 0.5 18.53697907
0.55 0.5 0.6 22.896566
0.65 0.6 0.7 21.78371343
0.75 0.7 0.8 20.75421328
0.85 0.8 0.9 21.61421765
0.95 0.9 1 21.01610013
1.05 1 1.1 20.0287847
1.15 1.1 1.2 19.99070391
1.25 1.2 1.3 18.43459371
1.35 1.3 1.4 17.71697201
1.45 1.4 1.5 16.25065498
1.55 1.5 1.6 16.14401098
1.65 1.6 1.7 14.95093195
1.75 1.7 1.8 14.25829542
1.85 1.8 1.9 12.90150126
1.95 1.9 2 12.27248441
2.05 2 2.1 11.78594336
2.15 2.1 2.2 11.09437824
2.25 2.2 2.3 10.44983429
2.35 2.3 2.4 9.536153257
2.45 2.4 2.5 9.101178688
2.55 2.5 2.6 8.754471618
2.65 2.6 2.7 8.347562534
2.75 2.7 2.8 7.878350197
2.85 2.8 2.9 7.260631699
2.95 2.9 3 6.810425699
3.05 3 3.1 6.784137081
3.15 3.1 3.2 6.429582377
3.25 3.2 3.3 6.079100191
3.35 3.3 3.4 6.008836353
3.45 3.4 3.5 5.529929582
3.55 3.5 3.6 5.442195773
3.65 3.6 3.7 5.207101348
3.75 3.7 3.8 5.036747151
3.85 3.8 3.9 4.778108272
3.95 3.9 4 4.702723627
4.05 4 4.1 4.387714174
4.15 4.1 4.2 4.377777548
4.25 4.2 4.3 4.191199743
4.35 4.3 4.4 4.087459328
4.45 4.4 4.5 3.8021178
4.55 4.5 4.6 3.743884632
4.65 4.6 4.7 3.764653731
4.75 4.7 4.8 3.602984438
4.85 4.8 4.9 3.503947735
4.95 4.9 5 3.409661525
5.05 5 5.1 3.326131129
5.15 5.1 5.2 3.24698527
5.25 5.2 5.3 3.094663776
5.35 5.3 5.4 3.101946017
5.45 5.4 5.5 2.973404527
5.55 5.5 5.6 2.939297079
5.65 5.6 5.7 2.790293042
5.75 5.7 5.8 2.779442942
5.85 5.8 5.9 2.659379357
5.95 5.9 6 2.579009383
6.05 6 6.1 2.522719694
6.15 6.1 6.2 2.385356773
6.25 6.2 6.3 2.431452327
6.35 6.3 6.4 2.369389091
6.45 6.4 6.5 2.30175332
6.55 6.5 6.6 2.256543032
6.65 6.6 6.7 2.199484115
6.75 6.7 6.8 2.169724631
6.85 6.8 6.9 2.044895767
6.95 6.9 7 1.991584485
7.05 7 7.1 1.990148597
7.15 7.1 7.2 1.962835075
7.25 7.2 7.3 1.891862316
7.35 7.3 7.4 1.883773688
7.45 7.4 7.5 1.885112859
7.55 7.5 7.6 1.785327745
7.65 7.6 7.7 1.73304019
7.75 7.7 7.8 1.670721597
7.85 7.8 7.9 1.612243624
7.95 7.9 8 1.629060007
8.05 8 8.1 1.614749185
8.15 8.1 8.2 1.579845882
8.25 8.2 8.3 1.520072934
8.35 8.3 8.4 1.545069619
8.45 8.4 8.5 1.476162234
8.55 8.5 8.6 1.417500463
8.65 8.6 8.7 1.419575811
8.75 8.7 8.8 1.430830575
8.85 8.8 8.9 1.356227339
8.95 8.9 9 1.293248232
9.05 9 9.1 1.313018307
9.15 9.1 9.2 1.30507084
9.25 9.2 9.3 1.230353611
9.35 9.3 9.4 1.237173835
9.45 9.4 9.5 1.200710426
9.55 9.5 9.6 1.211876219
9.65 9.6 9.7 1.192823631
9.75 9.7 9.8 1.104985961
9.85 9.8 9.9 1.125994999
9.95 9.9 10 1.097008009
10.05 10 10.1 1.083922604
10.15 10.1 10.2 1.072372215
10.25 10.2 10.3 1.046937996
10.35 10.3 10.4 1.037799757
10.45 10.4 10.5 1.02354326
10.55 10.5 10.6 0.975336442
10.65 10.6 10.7 0.9529857083
10.75 10.7 10.8 0.9574492641
10.85 10.8 10.9 0.9687146905
10.95 10.9 11 0.9272311871
11.05 11 11.1 0.8930134237
11.15 11.1 11.2 0.921071427
11.25 11.2 11.3 0.8761455982
11.35 11.3 11.4 0.8838608798
11.45 11.4 11.5 0.8386428919
11.55 11.5 11.6 0.8439436204
11.65 11.6 11.7 0.8368337348
11.75 11.7 11.8 0.8142847902
11.85 11.8 11.9 0.8131813308
11.95 11.9 12 0.8132088851
12.05 12 12.1 0.7854481762
12.15 12.1 12.2 0.7801604043
12.25 12.2 12.3 0.733209993
12.35 12.3 12.4 0.7597563377
12.45 12.4 12.5 0.7396000706
12.55 12.5 12.6 0.7308662335
12.65 12.6 12.7 0.7250891706
12.75 12.7 12.8 0.6948979097
12.85 12.8 12.9 0.6824782019
12.95 12.9 13 0.6783721573
13.05 13 13.1 0.6632526898
13.15 13.1 13.2 0.6718132504
13.25 13.2 13.3 0.6752566295
13.35 13.3 13.4 0.6530324551
13.45 13.4 13.5 0.651931845
13.55 13.5 13.6 0.6332574824
13.65 13.6 13.7 0.6197113332
13.75 13.7 13.8 0.6261798481
13.85 13.8 13.9 0.6054688355
13.95 13.9 14 0.5806775542
14.05 14 14.1 0.5723535681
14.15 14.1 14.2 0.5920638006
14.25 14.2 14.3 0.5762956183
14.35 14.3 14.4 0.5645732332
14.45 14.4 14.5 0.5612202524
14.55 14.5 14.6 0.5379323076
14.65 14.6 14.7 0.5261194774
14.75 14.7 14.8 0.5260574671
14.85 14.8 14.9 0.519072737
14.95 14.9 15 0.5289258661
15.05 15 15.1 0.5097037159
15.15 15.1 15.2 0.4778110128
15.25 15.2 15.3 0.4993229952
15.35 15.3 15.4 0.4850294276
15.45 15.4 15.5 0.5028928472
15.55 15.5 15.6 0.4631926109
15.65 15.6 15.7 0.4560038934
15.75 15.7 15.8 0.4581899863
15.85 15.8 15.9 0.4673864297
15.95 15.9 16 0.4368833994
16.05 16 16.1 0.4278973852
16.15 16.1 16.2 0.4247512409
16.25 16.2 16.3 0.438311381
16.35 16.3 16.4 0.4341176485
16.45 16.4 16.5 0.441808918
16.55 16.5 16.6 0.424073766
16.65 16.6 16.7 0.4059691074
16.75 16.7 16.8 0.4104131983
16.85 16.8 16.9 0.4092421479
16.95 16.9 17 0.3930305521
17.05 17 17.1 0.4021046319
17.15 17.1 17.2 0.3948285531
17.25 17.2 17.3 0.3951866097
17.35 17.3 17.4 0.3783535058
17.45 17.4 17.5 0.3592470275
17.55 17.5 17.6 0.3725549766
17.65 17.6 17.7 0.3755607204
17.75 17.7 17.8 0.3634282888
17.85 17.8 17.9 0.3658977954
17.95 17.9 18 0.3653837279
18.05 18 18.1 0.3472636215
18.15 18.1 18.2 0.347956726
18.25 18.2 18.3 0.3233603142
18.35 18.3 18.4 0.3427300351
18.45 18.4 18.5 0.3322959883
18.55 18.5 18.6 0.3298288882
18.65 18.6 18.7 0.3240056327
18.75 18.7 18.8 0.3161639888
18.85 18.8 18.9 0.3127619162
18.95 18.9 19 0.3167692128
19.05 19 19.1 0.318284384
19.15 19.1 19.2 0.2994157813
19.25 19.2 19.3 0.3106569259
19.35 19.3 19.4 0.3101051213
19.45 19.4 19.5 0.3040177061
19.55 19.5 19.6 0.2940041
19.65 19.6 19.7 0.2896986754
19.75 19.7 19.8 0.2902729739
19.85 19.8 19.9 0.2749201843
19.95 19.9 20 0.294928325
20.05 20 20.1 0.2839041458
20.15 20.1 20.2 0.2634490251
20.25 20.2 20.3 0.2763009214
20.35 20.3 20.4 0.2790858131
20.45 20.4 20.5 0.2701493605
20.55 20.5 20.6 0.2730345438
20.65 20.6 20.7 0.2552863861
20.75 20.7 20.8 0.2596557375
20.85 20.8 20.9 0.2563349359
20.95 20.9 21 0.2561338932
21.05 21 21.1 0.2518914382
21.15 21.1 21.2 0.2528730547
21.25 21.2 21.3 0.2505828716
21.35 21.3 21.4 0.2464724888
21.45 21.4 21.5 0.2446044259
21.55 21.5 21.6 0.2369047233
21.65 21.6 21.7 0.2450220957
21.75 21.7 21.8 0.2437590514
21.85 21.8 21.9 0.2335498656
21.95 21.9 22 0.2280206266
22.05 22 22.1 0.2376116966
22.15 22.1 22.2 0.2291284743
22.25 22.2 22.3 0.2236767831
22.35 22.3 22.4 0.2179986382
22.45 22.4 22.5 0.2298847254
22.55 22.5 22.6 0.2119397972
22.65 22.6 22.7 0.22330158
22.75 22.7 22.8 0.2204011884
22.85 22.8 22.9 0.2208553566
22.95 22.9 23 0.2096772356
23.05 23 23.1 0.2128785041
23.15 23.1 23.2 0.2070574062
23.25 23.2 23.3 0.2105589606
23.35 23.3 23.4 0.1982788889
23.45 23.4 23.5 0.1990920284
23.55 23.5 23.6 0.2067973345
23.65 23.6 23.7 0.1979610482
23.75 23.7 23.8 0.2015270188
23.85 23.8 23.9 0.2019279019
23.95 23.9 24 0.1995332051
24.05 24 24.1 0.1952131827
24.15 24.1 24.2 0.1966432994
24.25 24.2 24.3 0.1861929039
24.35 24.3 24.4 0.1818087931
24.45 24.4 24.5 0.1795701778
24.55 24.5 24.6 0.1868560932
24.65 24.6 24.7 0.1870645126
24.75 24.7 24.8 0.1785842004
24.85 24.8 24.9 0.1777832468
24.95 24.9 25 0.173801582
25.05 25 25.1 0.1723760366
25.15 25.1 25.2 0.1699352753
25.25 25.2 25.3 0.1711654806
25.35 25.3 25.4 0.1799545752
25.45 25.4 25.5 0.1707942171
25.55 25.5 25.6 0.1668447641
25.65 25.6 25.7 0.1695271366
25.75 25.7 25.8 0.1618953529
25.85 25.8 25.9 0.1593133651
25.95 25.9 26 0.1619955587
26.05 26 26.1 0.1638534056
26.15 26.1 26.2 0.1548387148
26.25 26.2 26.3 0.1575489453
26.35 26.3 26.4 0.1478050701
26.45 26.4 26.5 0.1487996213
26.55 26.5 26.6 0.1568941805
26.65 26.6 26.7 0.1510987705
26.75 26.7 26.8 0.1511989854
26.85 26.8 26.9 0.1473030467
26.95 26.9 27 0.1370314374
27.05 27 27.1 0.1510113753
27.15 27.1 27.2 0.1405612123
27.25 27.2 27.3 0.1402197759
27.35 27.3 27.4 0.1428814018
27.45 27.4 27.5 0.1471220091
27.55 27.5 27.6 0.1468747212
27.65 27.6 27.7 0.1437351981
27.75 27.7 27.8 0.1338039245
27.85 27.8 27.9 0.1324559859
27.95 27.9 28 0.1428838667
28.05 28 28.1 0.1416380651
28.15 28.1 28.2 0.1357444323
28.25 28.2 28.3 0.137175764
28.35 28.3 28.4 0.1378203602
28.45 28.4 28.5 0.1409189721
28.55 28.5 28.6 0.1327892422
28.65 28.6 28.7 0.1335359045
28.75 28.7 28.8 0.1288106162
28.85 28.8 28.9 0.1292951183
28.95 28.9 29 0.1165486551
29.05 29 29.1 0.120569531
29.15 29.1 29.2 0.1190548113
29.25 29.2 29.3 0.1246784181
29.35 29.3 29.4 0.1220102237
29.45 29.4 29.5 0.11835174
29.55 29.5 29.6 0.1133559299
29.65 29.6 29.7 0.1140728985
29.75 29.7 29.8 0.1198227888
29.85 29.8 29.9 0.1244402795
29.95 29.9 30 0.1220759828
30.05 30 30.1 0.1129325255
30.15 30.1 30.2 0.1072456343
30.25 30.2 30.3 0.110391595
30.35 30.3 30.4 0.1118277403
30.45 30.4 30.5 0.1198170034
30.55 30.5 30.6 0.1049817504
30.65 30.6 30.7 0.1108280627
30.75 30.7 30.8 0.104400953
30.85 30.8 30.9 0.1064367717
30.95 30.9 31 0.1043132538
31.05 31 31.1 0.1036250131
31.15 31.1 31.2 0.1057422593
31.25 31.2 31.3 0.1091273758
31.35 31.3 31.4 0.1016200777
31.45 31.4 31.5 0.09507450777
31.55 31.5 31.6 0.1052491216
31.65 31.6 31.7 0.1024260043
31.75 31.7 31.8 0.09669445814
31.85 31.8 31.9 0.1005813848
31.95 31.9 32 0.0943878537
32.05 32 32.1 0.09714704987
32.15 32.1 32.2 0.09799645191
32.25 32.2 32.3 0.1010041705
32.35 32.3 32.4 0.08615932359
32.45 32.4 32.5 0.09546667801
32.55 32.5 32.6 0.08404131577
32.65 32.6 32.7 0.09456305768
32.75 32.7 32.8 0.09085049569
32.85 32.8 32.9 0.08673049639
32.95 32.9 33 0.08881408253
33.05 33 33.1 0.08950468481
33.15 33.1 33.2 0.08820535338
33.25 33.2 33.3 0.08580928354
33.35 33.3 33.4 0.100242611
33.45 33.4 33.5 0.08982626576
33.55 33.5 33.6 0.08713676578
33.65 33.6 33.7 0.0853880885
33.75 33.7 33.8 0.08307523656
33.85 33.8 33.9 0.07982513087
33.95 33.9 34 0.07461385029
34.05 34 34.1 0.0837688775
34.15 34.1 34.2 0.07975326945
34.25 34.2 34.3 0.07485127613
34.35 34.3 34.4 0.07771151584
34.45 34.4 34.5 0.08244720137
34.55 34.5 34.6 0.08739385011
34.65 34.6 34.7 0.08165774219
34.75 34.7 34.8 0.07422772702
34.85 34.8 34.9 0.07983557234
34.95 34.9 35 0.07821116637
35.05 35 35.1 0.07056446549
35.15 35.1 35.2 0.07060969912
35.25 35.2 35.3 0.06880901871
35.35 35.3 35.4 0.0736016914
35.45 35.4 35.5 0.07453234028
35.55 35.5 35.6 0.07913340524
35.65 35.6 35.7 0.06669330992
35.75 35.7 35.8 0.07302993065
35.85 35.8 35.9 0.07531737154
35.95 35.9 36 0.07464756862
36.05 36 36.1 0.07321213283
36.15 36.1 36.2 0.07131233617
36.25 36.2 36.3 0.07111740253
36.35 36.3 36.4 0.06857060093
36.45 36.4 36.5 0.06179613689
36.55 36.5 36.6 0.07196450427
36.65 36.6 36.7 0.06774341548
36.75 36.7 36.8 0.06933527021
36.85 36.8 36.9 0.05824343931
36.95 36.9 37 0.06589675616
37.05 37 37.1 0.06573270267
37.15 37.1 37.2 0.06879944265
37.25 37.2 37.3 0.06900094158
37.35 37.3 37.4 0.05922097297
37.45 37.4 37.5 0.06797336909
37.55 37.5 37.6 0.06935703626
37.65 37.6 37.7 0.06176613936
37.75 37.7 37.8 0.06194293366
37.85 37.8 37.9 0.06421605902
37.95 37.9 38 0.0677547926
38.05 38 38.1 0.05737985202
38.15 38.1 38.2 0.0627579047
38.25 38.2 38.3 0.06551620134
38.35 38.3 38.4 0.05893132643
38.45 38.4 38.5 0.06201628451
38.55 38.5 38.6 0.05949809062
38.65 38.6 38.7 0.05286766295
38.75 38.7 38.8 0.05942814739
38.85 38.8 38.9 0.05197104585
38.95 38.9 39 0.0596205569
39.05 39 39.1 0.05602558099
39.15 39.1 39.2 0.05494148768
39.25 39.2 39.3 0.05474481607
39.35 39.3 39.4 0.05310300123
39.45 39.4 39.5 0.05409399287
39.55 39.5 39.6 0.05625134833
39.65 39.6 39.7 0.05374958508
39.75 39.7 39.8 0.06220201665
39.85 39.8 39.9 0.05031320557
39.95 39.9 40 0.05429850796
40.05 40 40.1 0.04974111909
40.15 40.1 40.2 0.05167720282
40.25 40.2 40.3 0.04983528506
40.35 40.3 40.4 0.05430354833
40.45 40.4 40.5 0.04786540526
40.55 40.5 40.6 0.04830979839
40.65 40.6 40.7 0.05283290621
40.75 40.7 40.8 0.05375451366
40.85 40.8 40.9 0.05154807862
40.95 40.9 41 0.04908276646
41.05 41 41.1 0.04641511001
41.15 41.1 41.2 0.04697504957
41.25 41.2 41.3 0.04390508043
41.35 41.3 41.4 0.05153003426
41.45 41.4 41.5 0.05023538513
41.55 41.5 41.6 0.04036395197
41.65 41.6 41.7 0.04568864142
41.75 41.7 41.8 0.04604565584
41.85 41.8 41.9 0.04898551529
41.95 41.9 42 0.04053867006
42.05 42 42.1 0.04586027016
42.15 42.1 42.2 0.05030736527
42.25 42.2 42.3 0.0401421336
42.35 42.3 42.4 0.04439057564
42.45 42.4 42.5 0.03798626164
42.55 42.5 42.6 0.04206831515
42.65 42.6 42.7 0.04629355545
42.75 42.7 42.8 0.03818385099
42.85 42.8 42.9 0.04712257569
42.95 42.9 43 0.04375345752
43.05 43 43.1 0.04080456352
43.15 43.1 43.2 0.0446204698
43.25 43.2 43.3 0.04236946431
43.35 43.3 43.4 0.03509889491
43.45 43.4 43.5 0.04060433004
43.55 43.5 43.6 0.03620145435
43.65 43.6 43.7 0.04119808605
43.75 43.7 43.8 0.03896495669
43.85 43.8 43.9 0.04002498383
43.95 43.9 44 0.03687034931
44.05 44 44.1 0.03775065866
44.15 44.1 44.2 0.03787100584
44.25 44.2 44.3 0.04263199763
44.35 44.3 44.4 0.03553135662
44.45 44.4 44.5 0.03596112239
44.55 44.5 44.6 0.03816057336
44.65 44.6 44.7 0.04089027595
44.75 44.7 44.8 0.03513231801
44.85 44.8 44.9 0.04189009573
44.95 44.9 45 0.03496569621
45.05 45 45.1 0.03795415699
45.15 45.1 45.2 0.03688779402
45.25 45.2 45.3 0.03066571739
45.35 45.3 45.4 0.03356306363
45.45 45.4 45.5 0.03420980814
45.55 45.5 45.6 0.03795562556
45.65 45.6 45.7 0.03091714246
45.75 45.7 45.8 0.03526197087
45.85 45.8 45.9 0.02750672327
45.95 45.9 46 0.03637865275
46.05 46 46.1 0.03344474705
46.15 46.1 46.2 0.03223019562
46.25 46.2 46.3 0.0325461704
46.35 46.3 46.4 0.03497344935
46.45 46.4 46.5 0.03474129027
46.55 46.5 46.6 0.03404400101
46.65 46.6 46.7 0.02619895448
46.75 46.7 46.8 0.03050409313
46.85 46.8 46.9 0.03092065024
46.95 46.9 47 0.03482136766
47.05 47 47.1 0.02959502685
47.15 47.1 47.2 0.03565757932
47.25 47.2 47.3 0.03224914556
47.35 47.3 47.4 0.0333416081
47.45 47.4 47.5 0.03088086295
47.55 47.5 47.6 0.03360003375
47.65 47.6 47.7 0.02942143025
47.75 47.7 47.8 0.03436751538
47.85 47.8 47.9 0.02469035645
47.95 47.9 48 0.03156365863
48.05 48 48.1 0.03213561542
48.15 48.1 48.2 0.02858987524
48.25 48.2 48.3 0.03019380018
48.35 48.3 48.4 0.02191934
48.45 48.4 48.5 0.02716906408
48.55 48.5 48.6 0.02865075903
48.65 48.6 48.7 0.0313774959
48.75 48.7 48.8 0.02776812982
48.85 48.8 48.9 0.02560641218
48.95 48.9 49 0.03316495402
49.05 49 49.1 0.03041247912
49.15 49.1 49.2 0.02618043679
49.25 49.2 49.3 0.02731843108
49.35 49.3 49.4 0.02998795065
49.45 49.4 49.5 0.02165732413
49.55 49.5 49.6 0.02620618272
49.65 49.6 49.7 0.02645969836
49.75 49.7 49.8 0.02171419236
49.85 49.8 49.9 0.03157347748
49.95 49.9 50 0.02498903849
50.05 50 50.1 0.02833850498
50.15 50.1 50.2 0.0277339676
50.25 50.2 50.3 0.02022413134
50.35 50.3 50.4 0.02179705898
50.45 50.4 50.5 0.02566807793
50.55 50.5 50.6 0.02313242854
50.65 50.6 50.7 0.02678330608
50.75 50.7 50.8 0.02650829636
50.85 50.8 50.9 0.02549165302
50.95 50.9 51 0.02673961039
51.05 51 51.1 0.02999290644
51.15 51.1 51.2 0.02496875757
51.25 51.2 51.3 0.02296039778
51.35 51.3 51.4 0.0231049929
51.45 51.4 51.5 0.01996200359
51.55 51.5 51.6 0.02249074936
51.65 51.6 51.7 0.02356508458
51.75 51.7 51.8 0.02650812682
51.85 51.8 51.9 0.02419690183
51.95 51.9 52 0.02279398884
52.05 52 52.1 0.02084118781
52.15 52.1 52.2 0.02298809046
52.25 52.2 52.3 0.02831473996
52.35 52.3 52.4 0.02341220935
52.45 52.4 52.5 0.02000858175
52.55 52.5 52.6 0.01830940928
52.65 52.6 52.7 0.020940885
52.75 52.7 52.8 0.0216751735
52.85 52.8 52.9 0.02464824149
52.95 52.9 53 0.02298269284
53.05 53 53.1 0.02108038522
53.15 53.1 53.2 0.02009609466
53.25 53.2 53.3 0.01896397545
53.35 53.3 53.4 0.02337631543
53.45 53.4 53.5 0.02147801956
53.55 53.5 53.6 0.02285943316
53.65 53.6 53.7 0.01895936851
53.75 53.7 53.8 0.02270525655
53.85 53.8 53.9 0.01861140314
53.95 53.9 54 0.01946981743
54.05 54 54.1 0.01668189118
54.15 54.1 54.2 0.02058485062
54.25 54.2 54.3 0.02408728689
54.35 54.3 54.4 0.01779236874
54.45 54.4 54.5 0.01741671976
54.55 54.5 54.6 0.0193896454
54.65 54.6 54.7 0.01990956145
54.75 54.7 54.8 0.0170592486
54.85 54.8 54.9 0.0186162627
54.95 54.9 55 0.02075870631
55.05 55 55.1 0.01507937159
55.15 55.1 55.2 0.01918709431
55.25 55.2 55.3 0.02062598016
55.35 55.3 55.4 0.01813993419
55.45 55.4 55.5 0.02101423488
55.55 55.5 55.6 0.02010128619
55.65 55.6 55.7 0.02156457442
55.75 55.7 55.8 0.0145898264
55.85 55.8 55.9 0.01709165512
55.95 55.9 56 0.01614892609
56.05 56 56.1 0.02071574548
56.15 56.1 56.2 0.02027283186
56.25 56.2 56.3 0.01424015599
56.35 56.3 56.4 0.01684327501
56.45 56.4 56.5 0.0199184594
56.55 56.5 56.6 0.01531081323
56.65 56.6 56.7 0.01795742382
56.75 56.7 56.8 0.01186780285
56.85 56.8 56.9 0.01726485608
56.95 56.9 57 0.01681114602
57.05 57 57.1 0.01859725233
57.15 57.1 57.2 0.01749738397
57.25 57.2 57.3 0.0140377054
57.35 57.3 57.4 0.01509225242
57.45 57.4 57.5 0.02141746145
57.55 57.5 57.6 0.01674208608
57.65 57.6 57.7 0.01743684292
57.75 57.7 57.8 0.02049082399
57.85 57.8 57.9 0.01626621406
57.95 57.9 58 0.02086263193
58.05 58 58.1 0.01626750739
58.15 58.1 58.2 0.01600405789
58.25 58.2 58.3 0.01461637406
58.35 58.3 58.4 0.01664075763
58.45 58.4 58.5 0.01469362273
58.55 58.5 58.6 0.01709040552
58.65 58.6 58.7 0.01486899069
58.75 58.7 58.8 0.01677321182
58.85 58.8 58.9 0.01631745742
58.95 58.9 59 0.01429423727
59.05 59 59.1 0.01577967469
59.15 59.1 59.2 0.01562222096
59.25 59.2 59.3 0.01939584875
59.35 59.3 59.4 0.01461351008
59.45 59.4 59.5 0.01256414583
59.55 59.5 59.6 0.01837204
59.65 59.6 59.7 0.0150660323
59.75 59.7 59.8 0.01174574256
59.85 59.8 59.9 0.0160937755
59.95 59.9 60 0.01397881582
60.05 60 60.1 0.01742572506
60.15 60.1 60.2 0.01497295347
60.25 60.2 60.3 0.01484803801
60.35 60.3 60.4 0.01466542324
60.45 60.4 60.5 0.01432282398
60.55 60.5 60.6 0.01473813196
60.65 60.6 60.7 0.01402798922
60.75 60.7 60.8 0.01384735549
60.85 60.8 60.9 0.01232992161
60.95 60.9 61 0.01321419631
61.05 61 61.1 0.0134830857
61.15 61.1 61.2 0.01357620542
61.25 61.2 61.3 0.0141705282
61.35 61.3 61.4 0.01654232173
61.45 61.4 61.5 0.01712281117
61.55 61.5 61.6 0.01645974971
61.65 61.6 61.7 0.0154881328
61.75 61.7 61.8 0.01285639336
61.85 61.8 61.9 0.01500311087
61.95 61.9 62 0.01196773
62.05 62 62.1 0.01002909707
62.15 62.1 62.2 0.01371206664
62.25 62.2 62.3 0.01216573077
62.35 62.3 62.4 0.01343277868
62.45 62.4 62.5 0.01593309527
62.55 62.5 62.6 0.01600380857
62.65 62.6 62.7 0.011514005
62.75 62.7 62.8 0.01437682644
62.85 62.8 62.9 0.01143019817
62.95 62.9 63 0.008801473814
63.05 63 63.1 0.01313456811
63.15 63.1 63.2 0.01136399047
63.25 63.2 63.3 0.01182739717
63.35 63.3 63.4 0.01384343244
63.45 63.4 63.5 0.0113715648
63.55 63.5 63.6 0.01179742148
63.65 63.6 63.7 0.008543333811
63.75 63.7 63.8 0.01294459551
63.85 63.8 63.9 0.007733187469
63.95 63.9 64 0.01141898165
64.05 64 64.1 0.01393816662
64.15 64.1 64.2 0.01468476
64.25 64.2 64.3 0.01343074323
64.35 64.3 64.4 0.009460513834
64.45 64.4 64.5 0.008757986988
64.55 64.5 64.6 0.01370190106
64.65 64.6 64.7 0.01355775709
64.75 64.7 64.8 0.01463355622
64.85 64.8 64.9 0.01481970081
64.95 64.9 65 0.01091560424
65.05 65 65.1 0.0109980544
65.15 65.1 65.2 0.00873604766
65.25 65.2 65.3 0.01117390771
65.35 65.3 65.4 0.01361403553
65.45 65.4 65.5 0.01126421597
65.55 65.5 65.6 0.01442208109
65.65 65.6 65.7 0.01204985065
65.75 65.7 65.8 0.01514842491
65.85 65.8 65.9 0.009895935572
65.95 65.9 66 0.010894132
66.05 66 66.1 0.007528224804
66.15 66.1 66.2 0.009475982917
66.25 66.2 66.3 0.01109453261
66.35 66.3 66.4 0.01169322385
66.45 66.4 66.5 0.01288648526
66.55 66.5 66.6 0.008902731328
66.65 66.6 66.7 0.007650312536
66.75 66.7 66.8 0.00871718895
66.85 66.8 66.9 0.01069513146
66.95 66.9 67 0.01102927181
67.05 67 67.1 0.01011698765
67.15 67.1 67.2 0.008664696223
67.25 67.2 67.3 0.01194904908
67.35 67.3 67.4 0.009924422672
67.45 67.4 67.5 0.0113000722
67.55 67.5 67.6 0.01219110143
67.65 67.6 67.7 0.01112256941
67.75 67.7 67.8 0.01304474152
67.85 67.8 67.9 0.007732847293
67.95 67.9 68 0.0101586312
68.05 68 68.1 0.007581523524
68.15 68.1 68.2 0.007732071941
68.25 68.2 68.3 0.009108603876
68.35 68.3 68.4 0.006089738965
68.45 68.4 68.5 0.01028642426
68.55 68.5 68.6 0.009131626688
68.65 68.6 68.7 0.00428994144
68.75 68.7 68.8 0.01059329446
68.85 68.8 68.9 0.01106951334
68.95 68.9 69 0.007878015699
69.05 69 69.1 0.01110277609
69.15 69.1 69.2 0.01029265864
69.25 69.2 69.3 0.008349774606
69.35 69.3 69.4 0.008965454346
69.45 69.4 69.5 0.007611144307
69.55 69.5 69.6 0.006869881867
69.65 69.6 69.7 0.00692737416
69.75 69.7 69.8 0.009138139348
69.85 69.8 69.9 0.008104366582
69.95 69.9 70 0.005866648048
70.05 70 70.1 0.006275431113
70.15 70.1 70.2 0.009327845461
70.25 70.2 70.3 0.01046113747
70.35 70.3 70.4 0.01124991069
70.45 70.4 70.5 0.009441046627
70.55 70.5 70.6 0.01016967753
70.65 70.6 70.7 0.008712210776
70.75 70.7 70.8 0.007508321231
70.85 70.8 70.9 0.007906831931
70.95 70.9 71 0.007118026968
71.05 71 71.1 0.009830550291
71.15 71.1 71.2 0.006386783443
71.25 71.2 71.3 0.007308791158
71.35 71.3 71.4 0.004639126516
71.45 71.4 71.5 0.006813885082
71.55 71.5 71.6 0.005967957927
71.65 71.6 71.7 0.01002709779
71.75 71.7 71.8 0.00653217832
71.85 71.8 71.9 0.008844043281
71.95 71.9 72 0.004124003766
72.05 72 72.1 0.007391243364
72.15 72.1 72.2 0.005717637918
72.25 72.2 72.3 0.01122546369
72.35 72.3 72.4 0.005460526037
72.45 72.4 72.5 0.00921635229
72.55 72.5 72.6 0.005624983148
72.65 72.6 72.7 0.005255266639
72.75 72.7 72.8 0.008079232822
72.85 72.8 72.9 0.009216056168
72.95 72.9 73 0.004530316983
73.05 73 73.1 0.007871581863
73.15 73.1 73.2 0.007691022019
73.25 73.2 73.3 0.0100698861
73.35 73.3 73.4 0.007173958895
73.45 73.4 73.5 0.00669199562
73.55 73.5 73.6 0.006779859366
73.65 73.6 73.7 0.00556925285
73.75 73.7 73.8 0.007770962075
73.85 73.8 73.9 0.01270465286
73.95 73.9 74 0.01074341004
74.05 74 74.1 0.01220347149
74.15 74.1 74.2 0.009757383903
74.25 74.2 74.3 0.008219991786
74.35 74.3 74.4 0.007024170193
74.45 74.4 74.5 0.004806909838
74.55 74.5 74.6 0.01168922186
74.65 74.6 74.7 0.005281599871
74.75 74.7 74.8 0.007685411146
74.85 74.8 74.9 0.009188924991
74.95 74.9 75 0.008336638079
75.05 75 75.1 0.009527257439
75.15 75.1 75.2 0.006061625628
75.25 75.2 75.3 0.002633649478
75.35 75.3 75.4 0.009754938761
75.45 75.4 75.5 0.008409122309
75.55 75.5 75.6 0.004751081965
75.65 75.6 75.7 0.002424875842
75.75 75.7 75.8 0.009308512986
75.85 75.8 75.9 0.008084668398
75.95 75.9 76 0.003694770238
76.05 76 76.1 0.005149253255
76.15 76.1 76.2 0.00408387207
76.25 76.2 76.3 0.00355088107
76.35 76.3 76.4 0.00594925361
76.45 76.4 76.5 0.006461225828
76.55 76.5 76.6 0.008663292614
76.65 76.6 76.7 0.007441838857
76.75 76.7 76.8 0.005703934644
76.85 76.8 76.9 0.00650249679
76.95 76.9 77 0.008152255952
77.05 77 77.1 0.004930693336
77.15 77.1 77.2 0.004548677535
77.25 77.2 77.3 0.006020221954
77.35 77.3 77.4 0.002190574727
77.45 77.4 77.5 0.004636503895
77.55 77.5 77.6 0.009379521775
77.65 77.6 77.7 0.005698229409
77.75 77.7 77.8 0.005828899449
77.85 77.8 77.9 0.006049449811
77.95 77.9 78 0.005338086528
78.05 78 78.1 0.00785107858
78.15 78.1 78.2 0.007278481412
78.25 78.2 78.3 0.005409879541
78.35 78.3 78.4 0.007031847984
78.45 78.4 78.5 0.005084862022
78.55 78.5 78.6 0.007871401623
78.65 78.6 78.7 0.005635938597
78.75 78.7 78.8 0.005979546097
78.85 78.8 78.9 0.003860751815
78.95 78.9 79 0.007493127659
79.05 79 79.1 0.004169498373
79.15 79.1 79.2 0.006093800824
79.25 79.2 79.3 0.005105368317
79.35 79.3 79.4 0.006616536532
79.45 79.4 79.5 0.004128392651
79.55 79.5 79.6 0.007847159298
79.65 79.6 79.7 0.006375563866
79.75 79.7 79.8 0.006984009512
79.85 79.8 79.9 0.006228993889
79.95 79.9 80 0.002917935413
80.05 80 80.1 0.008313782998
80.15 80.1 80.2 0.001550385626
80.25 80.2 80.3 0.008703182069
80.35 80.3 80.4 0.002079269795
80.45 80.4 80.5 0.004377321193
80.55 80.5 80.6 0.004977905156
80.65 80.6 80.7 0.007224612872
80.75 80.7 80.8 0.005322017459
80.85 80.8 80.9 0.005908744507
80.95 80.9 81 0.005737797647
81.05 81 81.1 0.007150534282
81.15 81.1 81.2 0.006161980822
81.25 81.2 81.3 0.006528071321
81.35 81.3 81.4 0.003926819187
81.45 81.4 81.5 0.004632471776
81.55 81.5 81.6 0.003615254546
81.65 81.6 81.7 0.002493042908
81.75 81.7 81.8 0.007883043683
81.85 81.8 81.9 0.004207124945
81.95 81.9 82 0.0041646053
82.05 82 82.1 0.005303957259
82.15 82.1 82.2 0.003603819234
82.25 82.2 82.3 0.001166537744
82.35 82.3 82.4 0.00530499909
82.45 82.4 82.5 0.005062702599
82.55 82.5 82.6 0.004349274549
82.65 82.6 82.7 0.00257292567
82.75 82.7 82.8 0.002158797306
82.85 82.8 82.9 0.004611693388
82.95 82.9 83 0.003112057208
83.05 83 83.1 4.270141334e-05
83.15 83.1 83.2 0.005524608035
83.25 83.2 83.3 0.004642225809
83.35 83.3 83.4 0.003674045722
83.45 83.4 83.5 0.003468919663
83.55 83.5 83.6 0.004864838931
83.65 83.6 83.7 0.004178010688
83.75 83.7 83.8 0.001958234332
83.85 83.8 83.9 0.003092132516
83.95 83.9 84 0.00495718902
84.05 84 84.1 0.005623818257
84.15 84.1 84.2 0.001777575002
84.25 84.2 84.3 0.005829539296
84.35 84.3 84.4 0.00509827913
84.45 84.4 84.5 0.003772625606
84.55 84.5 84.6 0.00567878174
84.65 84.6 84.7 0.003812763025
84.75 84.7 84.8 0.0024711146
84.85 84.8 84.9 0.0024341926
84.95 84.9 85 0.002778699642
85.05 85 85.1 -0.0004540607883
85.15 85.1 85.2 0.004004927377
85.25 85.2 85.3 0.006643123092
85.35 85.3 85.4 0.005042125707
85.45 85.4 85.5 0.005533869677
85.55 85.5 85.6 0.003859864598
85.65 85.6 85.7 0.004405497814
85.75 85.7 85.8 0.004925738288
85.85 85.8 85.9 0.0035646916
85.95 85.9 86 0.006079682459
86.05 86 86.1 0.002461683982
86.15 86.1 86.2 0.002045743634
86.25 86.2 86.3 0.00276216314
86.35 86.3 86.4 0.005568607071
86.45 86.4 86.5 0.005620565089
86.55 86.5 86.6 0.003406402032
86.65 86.6 86.7 0.004057083238
86.75 86.7 86.8 0.003128134252
86.85 86.8 86.9 0.002286211121
86.95 86.9 87 0.003266890501
87.05 87 87.1 0.003084577931
87.15 87.1 87.2 0.004774820086
87.25 87.2 87.3 0.003421035266
87.35 87.3 87.4 0.001189696847
87.45 87.4 87.5 0.00346650291
87.55 87.5 87.6 0.004156331579
87.65 87.6 87.7 0.004960000358
87.75 87.7 87.8 0.003790576174
87.85 87.8 87.9 0.001060220051
87.95 87.9 88 0.005469007683
88.05 88 88.1 0.005231842871
88.15 88.1 88.2 0.004162906687
88.25 88.2 88.3 0.003721857626
88.35 88.3 88.4 0.00466405959
88.45 88.4 88.5 0.004351596336
88.55 88.5 88.6 0.001917738079
88.65 88.6 88.7 0.003923194404
88.75 88.7 88.8 0.003348007432
88.85 88.8 88.9 -0.001404247036
88.95 88.9 89 0.0009013477902
89.05 89 89.1 0.004713305076
89.15 89.1 89.2 0.00479477877
89.25 89.2 89.3 0.003871418979
89.35 89.3 89.4 0.00545039183
89.45 89.4 89.5 0.005227482888
89.55 89.5 89.6 0.00459311368
89.65 89.6 89.7 0.006944717025
89.75 89.7 89.8 0.003718418292
89.85 89.8 89.9 0.005223711417
89.95 89.9 90 0.00300688977
90.05 90 90.1 0.002945162622
90.15 90.1 90.2 0.00255710969
90.25 90.2 90.3 0.004214769228
90.35 90.3 90.4 0.003343374226
90.45 90.4 90.5 0.001967047281
90.55 90.5 90.6 0.004530223492
90.65 90.6 90.7 0.002993889976
90.75 90.7 90.8 -5.206596584e-05
90.85 90.8 90.9 0.004097345138
90.95 90.9 91 0.004992339925
91.05 91 91.1 0.003962554189
91.15 91.1 91.2 0.005186322864
91.25 91.2 91.3 0.002641058938
91.35 91.3 91.4 0.002541770056
91.45 91.4 91.5 0.004856149619
91.55 91.5 91.6 0.001231612996
91.65 91.6 91.7 -0.000550783042
91.75 91.7 91.8 0.002319986419
91.85 91.8 91.9 0.002732385384
91.95 91.9 92 0.002163222377
92.05 92 92.1 0.007305702969
92.15 92.1 92.2 0.005402476304
92.25 92.2 92.3 0.00260147395
92.35 92.3 92.4 0.005312197946
92.45 92.4 92.5 0.005218144156
92.55 92.5 92.6 0.004609397465
92.65 92.6 92.7 0.001448577815
92.75 92.7 92.8 0.005206617984
92.85 92.8 92.9 0.004204374062
92.95 92.9 93 0.002723929356
93.05 93 93.1 0.001623531191
93.15 93.1 93.2 0.004007624431
93.25 93.2 93.3 0.00526825388
93.35 93.3 93.4 0.0041734062
93.45 93.4 93.5 0.00349208155
93.55 93.5 93.6 0.00339826777
93.65 93.6 93.7 0.001939032105
93.75 93.7 93.8 0.003039623645
93.85 93.8 93.9 0.004818351126
93.95 93.9 94 0.003922077717
94.05 94 94.1 0.00639510853
94.15 94.1 94.2 0.006200199049
94.25 94.2 94.3 0.00777982856
94.35 94.3 94.4 0.00541090708
94.45 94.4 94.5 0.002921467594
94.55 94.5 94.6 0.004209918282
94.65 94.6 94.7 0.003516346159
94.75 94.7 94.8 0.004781130042
94.85 94.8 94.9 0.003011415242
94.95 94.9 95 0.002486744766
95.05 95 95.1 0.0045133755
95.15 95.1 95.2 0.005200682833
95.25 95.2 95.3 0.004764391719
95.35 95.3 95.4 0.003969177219
95.45 95.4 95.5 0.006324977179
95.55 95.5 95.6 0.001445942474
95.65 95.6 95.7 0.003694931555
95.75 95.7 95.8 0.004250407619
95.85 95.8 95.9 0.002229880671
95.95 95.9 96 0.001359518794
96.05 96 96.1 0.001857755714
96.15 96.1 96.2 0.0005814981958
96.25 96.2 96.3 0.0006418781899
96.35 96.3 96.4 0.00306275677
96.45 96.4 96.5 0.002551333877
96.55 96.5 96.6 0.003276493918
96.65 96.6 96.7 0.005923579608
96.75 96.7 96.8 0.003287777726
96.85 96.8 96.9 0.003559611709
96.95 96.9 97 0.004806904981
97.05 97 97.1 0.004344197748
97.15 97.1 97.2 0.002785008261
97.25 97.2 97.3 0.004725425289
97.35 97.3 97.4 0.005124244784
97.45 97.4 97.5 0.005150588784
97.55 97.5 97.6 0.005278436101
97.65 97.6 97.7 0.002839436821
97.75 97.7 97.8 0.005244500829
97.85 97.8 97.9 0.004038763872
97.95 97.9 98 0.002095202026
98.05 98 98.1 0.001974660171
98.15 98.1 98.2 0.00370469325
98.25 98.2 98.3 0.003197191044
98.35 98.3 98.4 0.003249736614
98.45 98.4 98.5 0.003238850306
98.55 98.5 98.6 0.003597119908
98.65 98.6 98.7 0.004051802942
98.75 98.7 98.8 0.003755449185
98.85 98.8 98.9 0.003633474691
98.95 98.9 99 0.006148277189
99.05 99 99.1 0.001535375339
99.15 99.1 99.2 0.00229297088
99.25 99.2 99.3 0.002185900598
99.35 99.3 99.4 0.002854929529
99.45 99.4 99.5 0.003050421409
99.55 99.5 99.6 0.002962356477
99.65 99.6 99.7 0.002220195692
99.75 99.7 99.8 0.002893685759
99.85 99.8 99.9 0.002263237688
99.95 99.9 100 0.006987894755
100.05 100 100.1 0.004893213455
100.15 100.1 100.2 0.003244170244
100.25 100.2 100.3 0.005899153477
100.35 100.3 100.4 0.004740955133
100.45 100.4 100.5 0.003973981481
100.55 100.5 100.6 0.001873882337
100.65 100.6 100.7 0.003144377978
100.75 100.7 100.8 0.006539476238
100.85 100.8 100.9 0.00161074393
100.95 100.9 101 0.004695831367
101.05 101 101.1 0.002885974346
101.15 101.1 101.2 0.00396075425
101.25 101.2 101.3 0.00315607036
101.35 101.3 101.4 0.003336116666
101.45 101.4 101.5 0.005152386396
101.55 101.5 101.6 0.002231901617
101.65 101.6 101.7 0.00301349243
101.75 101.7 101.8 0.001573166303
101.85 101.8 101.9 0.002417348198
101.95 101.9 102 0.004663808075
102.05 102 102.1 0.004450693099
102.15 102.1 102.2 0.002816329547
102.25 102.2 102.3 0.003000110186
102.35 102.3 102.4 0.002722215494
102.45 102.4 102.5 0.004092665005
102.55 102.5 102.6 0.0008751704797
102.65 102.6 102.7 0.002877548622
102.75 102.7 102.8 0.0008898783942
102.85 102.8 102.9 0.002391422632
102.95 102.9 103 0.002620687199
103.05 103 103.1 0.005071738272
103.15 103.1 103.2 0.003686354463
103.25 103.2 103.3 0.005819648368
103.35 103.3 103.4 0.001806661753
103.45 103.4 103.5 0.002164652634
103.55 103.5 103.6 0.001934725889
103.65 103.6 103.7 0.004561764758
103.75 103.7 103.8 0.002575946041
103.85 103.8 103.9 0.001850189745
103.95 103.9 104 0.003419511359
104.05 104 104.1 0.004860870569
104.15 104.1 104.2 0.004351245205
104.25 104.2 104.3 0.00311162385
104.35 104.3 104.4 0.005354906821
104.45 104.4 104.5 0.002074305637
104.55 104.5 104.6 0.002125565852
104.65 104.6 104.7 0.003841823834
104.75 104.7 104.8 0.003047463639
104.85 104.8 104.9 0.003558533458
104.95 104.9 105 0.00260348238
105.05 105 105.1 0.003775522666
105.15 105.1 105.2 0.003724672868
105.25 105.2 105.3 0.002209354614
105.35 105.3 105.4 0.002902529266
105.45 105.4 105.5 0.004408851776
105.55 105.5 105.6 0.004517951128
105.65 105.6 105.7 0.004276935678
105.75 105.7 105.8 0.001404847786
105.85 105.8 105.9 0.002716492063
105.95 105.9 106 0.004144865082
106.05 106 106.1 0.004950455173
106.15 106.1 106.2 0.005063210716
106.25 106.2 106.3 0.001619526212
106.35 106.3 106.4 0.001138449804
106.45 106.4 106.5 0.002762445628
106.55 106.5 106.6 0.003743394124
106.65 106.6 106.7 0.002968477407
106.75 106.7 106.8 0.002693150841
106.85 106.8 106.9 0.003871923316
106.95 106.9 107 0.003447469471
107.05 107 107.1 0.003842700236
107.15 107.1 107.2 0.003754914645
107.25 107.2 107.3 0.001895917097
107.35 107.3 107.4 0.002727736308
107.45 107.4 107.5 0.002149799403
107.55 107.5 107.6 0.00562261451
107.65 107.6 107.7 0.005456361394
107.75 107.7 107.8 0.00180934945
107.85 107.8 107.9 0.0028159033
107.95 107.9 108 0.004157661824
108.05 108 108.1 0.001750620901
108.15 108.1 108.2 0.002368411173
108.25 108.2 108.3 0.002460154539
108.35 108.3 108.4 0.003997225108
108.45 108.4 108.5 0.00176728671
108.55 108.5 108.6 0.0006603021754
108.65 108.6 108.7 0.001482311321
108.75 108.7 108.8 0.001322713053
108.85 108.8 108.9 0.002448328216
108.95 108.9 109 0.004049350573
109.05 109 109.1 0.003261673211
109.15 109.1 109.2 0.003914253735
109.25 109.2 109.3 0.003186556595
109.35 109.3 109.4 0.002219911238
109.45 109.4 109.5 0.003163320627
109.55 109.5 109.6 0.003310549576
109.65 109.6 109.7 0.002769271107
109.75 109.7 109.8 0.001659939019
109.85 109.8 109.9 0.002710766078
109.95 109.9 110 0.002033979171
110.05 110 110.1 0.003666188263
110.15 110.1 110.2 0.001621203518
110.25 110.2 110.3 0.00392633893
110.35 110.3 110.4 0.00355813685
110.45 110.4 110.5 0.001460288418
110.55 110.5 110.6 0.003057994194
110.65 110.6 110.7 0.002085879986
110.75 110.7 110.8 -0.0005117443427
110.85 110.8 110.9 0.001342071946
110.95 110.9 111 0.002696027858
111.05 111 111.1 0.00143483403
111.15 111.1 111.2 0.002354945704
111.25 111.2 111.3 0.001646075543
111.35 111.3 111.4 0.002279944235
111.45 111.4 111.5 0.003239667654
111.55 111.5 111.6 0.003233413656
111.65 111.6 111.7 0.002602937697
111.75 111.7 111.8 0.003421436488
111.85 111.8 111.9 0.0009550591552
111.95 111.9 112 0.003033743687
112.05 112 112.1 0.003866564622
112.15 112.1 112.2 0.001795277507
112.25 112.2 112.3 0.00273218812
112.35 112.3 112.4 0.004316436851
112.45 112.4 112.5 0.004021030507
112.55 112.5 112.6 0.003174373911
112.65 112.6 112.7 0.0021538304
112.75 112.7 112.8 -0.001352839901
112.85 112.8 112.9 0.002454063069
112.95 112.9 113 0.001853406398
113.05 113 113.1 0.001564691561
113.15 113.1 113.2 0.00158064961
113.25 113.2 113.3 0.002125346413
113.35 113.3 113.4 0.001959811415
113.45 113.4 113.5 0.00264546677
113.55 113.5 113.6 0.0007830504474
113.65 113.6 113.7 0.0003895770932
113.75 113.7 113.8 0.002543742931
113.85 113.8 113.9 0.00242506111
113.95 113.9 114 -0.0005372149093
114.05 114 114.1 0.001969269648
114.15 114.1 114.2 0.002872491834
114.25 114.2 114.3 0.001047599146
114.35 114.3 114.4 -0.0001160211746
114.45 114.4 114.5 0.002801818907
114.55 114.5 114.6 0.0009206479385
114.65 114.6 114.7 0.003027356877
114.75 114.7 114.8 0.0004660965808
114.85 114.8 114.9 0.002085727407
114.95 114.9 115 0.002037126462
115.05 115 115.1 0.00262759442
115.15 115.1 115.2 0.002684719501
115.25 115.2 115.3 0.0008972540643
115.35 115.3 115.4 0.001899198988
115.45 115.4 115.5 8.494476015e-05
115.55 115.5 115.6 0.000387568225
115.65 115.6 115.7 0.001281728678
115.75 115.7 115.8 0.004678776048
115.85 115.8 115.9 0.001671488741
115.95 115.9 116 0.002924774961
116.05 116 116.1 0.001113338047
116.15 116.1 116.2 0.004172177066
116.25 116.2 116.3 0.002112709647
116.35 116.3 116.4 0.001837554789
116.45 116.4 116.5 0.003303816704
116.55 116.5 116.6 0.001013993703
116.65 116.6 116.7 0.00140632571
116.75 116.7 116.8 0.002399392063
116.85 116.8 116.9 0.001216927379
116.95 116.9 117 0.001047146783
117.05 117 117.1 0.003298923793
117.15 117.1 117.2 0.0003904776588
117.25 117.2 117.3 0.0006597669985
117.35 117.3 117.4 0.0007620667753
117.45 117.4 117.5 0.001039021883
117.55 117.5 117.6 0.002606636784
117.65 117.6 117.7 0.001464404565
117.75 117.7 117.8 0.002156613637
117.85 117.8 117.9 0.0004603540867
117.95 117.9 118 0.0002069474557
118.05 118 118.1 0.0001480676484
118.15 118.1 118.2 0.001229660446
118.25 118.2 118.3 0.003449254993
118.35 118.3 118.4 0.0007339295845
118.45 118.4 118.5 0.002939509164
118.55 118.5 118.6 0.0007823154987
118.65 118.6 118.7 0.001396428273
118.75 118.7 118.8 0.001441428568
118.85 118.8 118.9 0.002690529846
118.95 118.9 119 0.002686637437
119.05 119 119.1 0.0002750670676
119.15 119.1 119.2 0.0008218352428
119.25 119.2 119.3 0.002052554186
119.35 119.3 119.4 0.0007499932955
119.45 119.4 119.5 -0.0002104864833
119.55 119.5 119.6 0.002593931838
119.65 119.6 119.7 0.001203735374
119.75 119.7 119.8 0.002359970201
119.85 119.8 119.9 0.002049636138
119.95 119.9 120 0.00132949736
120.05 120 120.1 0.000902456941
120.15 120.1 120.2 0.002145423376
120.25 120.2 120.3 0.002150246698
120.35 120.3 120.4 -0.001088117995
120.45 120.4 120.5 0.001120163197
120.55 120.5 120.6 0.000352973221
120.65 120.6 120.7 7.106443426e-05
120.75 120.7 120.8 0.001595757889
120.85 120.8 120.9 0.002580706101
120.95 120.9 121 0.001831961997
121.05 121 121.1 -0.0005392514382
121.15 121.1 121.2 0.001404611551
121.25 121.2 121.3 0.002291385003
121.35 121.3 121.4 0.002881513537
121.45 121.4 121.5 -0.0003432960484
121.55 121.5 121.6 5.920604056e-05
121.65 121.6 121.7 0.0009520444113
121.75 121.7 121.8 -0.0004032354404
121.85 121.8 121.9 0.0009514028238
121.95 121.9 122 0.002874725941
122.05 122 122.1 0.001786657531
122.15 122.1 122.2 0.002604914168
122.25 122.2 122.3 0.00215415005
122.35 122.3 122.4 0.0002656213623
122.45 122.4 122.5 0.00101386949
122.55 122.5 122.6 0.002687583952
122.65 122.6 122.7 0.0003329169483
122.75 122.7 122.8 0.001066746826
122.85 122.8 122.9 0.001077503112
122.95 122.9 123 0.001158840146
123.05 123 123.1 0.0005682226882
123.15 123.1 123.2 0.001642128552
123.25 123.2 123.3 0.001344429123
123.35 123.3 123.4 0.0008995768312
123.45 123.4 123.5 0.002023769238
123.55 123.5 123.6 0.0009743222108
123.65 123.6 123.7 0.0008302728292
123.75 123.7 123.8 0.0004943457864
123.85 123.8 123.9 0.0009091676452
123.95 123.9 124 -0.0002714888131
124.05 124 124.1 0.0004284098542
124.15 124.1 124.2 -0.0002463907823
124.25 124.2 124.3 0.0005599054772
124.35 124.3 124.4 0.001506015216
124.45 124.4 124.5 -0.0001665709177
124.55 124.5 124.6 0.0004933260755
124.65 124.6 124.7 0.0003561723517
124.75 124.7 124.8 -0.001508534587
124.85 124.8 124.9 0.001129690018
124.95 124.9 125 0.0005753596576
125.05 125 125.1 0.002429492797
125.15 125.1 125.2 0.001449162202
125.25 125.2 125.3 -0.0002175712661
125.35 125.3 125.4 -0.0004590820286
125.45 125.4 125.5 0.00108890543
125.55 125.5 125.6 -0.0004596804841
125.65 125.6 125.7 -0.0007153597285
125.75 125.7 125.8 0.001392305261
125.85 125.8 125.9 0.0001127185339
125.95 125.9 126 -0.0001318368279
126.05 126 126.1 0.0009257104118
126.15 126.1 126.2 0.002439104967
126.25 126.2 126.3 -7.805164083e-05
126.35 126.3 126.4 -0.000745026895
126.45 126.4 126.5 0.0005305415131
126.55 126.5 126.6 -0.0007896065087
126.65 126.6 126.7 0.0003773155197
126.75 126.7 126.8 -0.001449808795
126.85 126.8 126.9 -0.001554598068
126.95 126.9 127 -0.0001579775625
127.05 127 127.1 -0.0006268050611
127.15 127.1 127.2 -0.0006197287251
127.25 127.2 127.3 -0.0005206361924
127.35 127.3 127.4 -4.867142095e-05
127.45 127.4 127.5 0.0004542712882
127.55 127.5 127.6 0.001443969353
127.65 127.6 127.7 -9.820420392e-05
127.75 127.7 127.8 -0.0004806942227
127.85 127.8 127.9 0.0002492004341
127.95 127.9 128 0.002858851502
128.05 128 128.1 -0.0008932996696
128.15 128.1 128.2 -0.0006995883071
128.25 128.2 128.3 -0.0003914405358
128.35 128.3 128.4 0.001411036326
128.45 128.4 128.5 0.00267866808
128.55 128.5 128.6 0.001626765975
128.65 128.6 128.7 0.001425004185
128.75 128.7 128.8 -0.001052841684
128.85 128.8 128.9 0.0001577279887
128.95 128.9 129 -0.0007731634212
129.05 129 129.1 -0.0008348454032
129.15 129.1 129.2 3.240654883e-05
129.25 129.2 129.3 -0.001416443693
129.35 129.3 129.4 0.0005275534651
129.45 129.4 129.5 0.001569231044
129.55 129.5 129.6 -0.0008487527892
129.65 129.6 129.7 0.0006183887451
129.75 129.7 129.8 -0.0001463425149
129.85 129.8 129.9 -0.0003561186029
129.95 129.9 130 0.001485677656
130.05 130 130.1 -0.000758428794
130.15 130.1 130.2 0.002526396659
130.25 130.2 130.3 0.0003593906533
130.35 130.3 130.4 -0.0005736087846
130.45 130.4 130.5 0.001499777961
130.55 130.5 130.6 9.010147155e-05
130.65 130.6 130.7 -0.001330421925
130.75 130.7 130.8 -0.0003199227747
130.85 130.8 130.9 0.002017578869
130.95 130.9 131 0.0003306982125
131.05 131 131.1 0.0008976620587
131.15 131.1 131.2 0.0006416944907
131.25 131.2 131.3 0.001954756885
131.35 131.3 131.4 -1.280981588e-05
131.45 131.4 131.5 0.001515543199
131.55 131.5 131.6 0.0009029281154
131.65 131.6 131.7 0.0007025500181
131.75 131.7 131.8 0.001096875233
131.85 131.8 131.9 0.0003250221168
131.95 131.9 132 0.001650780677
132.05 132 132.1 -0.0002536057587
132.15 132.1 132.2 0.0007954655016
132.25 132.2 132.3 0.00225645508
132.35 132.3 132.4 -7.113964254e-05
132.45 132.4 132.5 0.002185340744
132.55 132.5 132.6 -0.0009582366206
132.65 132.6 132.7 0.0005666941813
132.75 132.7 132.8 0.0005319758769
132.85 132.8 132.9 -0.0003191325098
132.95 132.9 133 -0.0002271582686
133.05 133 133.1 -0.0002158306779
133.15 133.1 133.2 0.001984717004
133.25 133.2 133.3 -0.0001164503815
133.35 133.3 133.4 0.0007072870032
133.45 133.4 133.5 0.0003399806606
133.55 133.5 133.6 0.0006846340014
133.65 133.6 133.7 0.001257164831
133.75 133.7 133.8 0.001415543988
133.85 133.8 133.9 0.000497025126
133.95 133.9 134 -0.001174596224
134.05 134 134.1 -0.001845556471
134.15 134.1 134.2 0.0006630210343
134.25 134.2 134.3 0.001499980145
134.35 134.3 134.4 0.001094757734
134.45 134.4 134.5 0.001232077035
134.55 134.5 134.6 -0.001757726969
134.65 134.6 134.7 0.000903252724
134.75 134.7 134.8 0.0009286008414
134.85 134.8 134.9 -1.850609777e-06
134.95 134.9 135 0.0005622312129
135.05 135 135.1 0.0004090609229
135.15 135.1 135.2 0.001718401558
135.25 135.2 135.3 0.001280485968
135.35 135.3 135.4 0.0005428881838
135.45 135.4 135.5 -0.0004251324932
135.55 135.5 135.6 0.00109777699
135.65 135.6 135.7 0.001280291737
135.75 135.7 135.8 4.3397113e-05
135.85 135.8 135.9 0.0008368968757
135.95 135.9 136 -0.000710581246
136.05 136 136.1 0.002000986978
136.15 136.1 136.2 -0.0004107461586
136.25 136.2 136.3 0.002218484589
136.35 136.3 136.4 0.0009536563973
136.45 136.4 136.5 0.0009714203685
136.55 136.5 136.6 0.002187784912
136.65 136.6 136.7 3.569720669e-06
136.75 136.7 136.8 0.002455453528
136.85 136.8 136.9 0.0009993079237
136.95 136.9 137 0.003101654667
137.05 137 137.1 -0.0003137931864
137.15 137.1 137.2 0.0003861526456
137.25 137.2 137.3 0.002755801827
137.35 137.3 137.4 -4.479914858e-06
137.45 137.4 137.5 -0.0003331568546
137.55 137.5 137.6 0.001171398216
137.65 137.6 137.7 0.001112904536
137.75 137.7 137.8 0.002910595841
137.85 137.8 137.9 0.001381429948
137.95 137.9 138 0.0006277727601
138.05 138 138.1 0.0008882020114
138.15 138.1 138.2 0.00128067265
138.25 138.2 138.3 -0.001121881344
138.35 138.3 138.4 0.0006957729586
138.45 138.4 138.5 0.0008787244957
138.55 138.5 138.6 -0.000211025097
138.65 138.6 138.7 0.0008841946884
138.75 138.7 138.8 0.001922054697
138.85 138.8 138.9 0.0005439876209
138.95 138.9 139 -0.0002942654592
139.05 139 139.1 -0.0004105521557
139.15 139.1 139.2 -0.0003707993678
139.25 139.2 139.3 -0.0003241451442
139.35 139.3 139.4 -0.002114864297
139.45 139.4 139.5 0.002473630993
139.55 139.5 139.6 -0.001078877986
139.65 139.6 139.7 0.0006345839883
139.75 139.7 139.8 0.0005926951547
139.85 139.8 139.9 -2.335040263e-05
139.95 139.9 140 0.0002668853059
140.05 140 140.1 0.001323042439
140.15 140.1 140.2 -0.0002006367074
140.25 140.2 140.3 -0.0007885041562
140.35 140.3 140.4 0.001602481788
140.45 140.4 140.5 -0.0002200001083
140.55 140.5 140.6 0.000152623875
140.65 140.6 140.7 0.0009143361267
140.75 140.7 140.8 0.001023888084
140.85 140.8 140.9 0.0004325260354
140.95 140.9 141 0.0005920779319
141.05 141 141.1 0.001632433151
141.15 141.1 141.2 -0.0005105270906
141.25 141.2 141.3 -0.001436664413
141.35 141.3 141.4 0.0007322261173
141.45 141.4 141.5 0.001126620491
141.55 141.5 141.6 0.0007451114515
141.65 141.6 141.7 0.0004023782259
141.75 141.7 141.8 0.002753504039
141.85 141.8 141.9 0.002784314648
141.95 141.9 142 0.001271047849
142.05 142 142.1 0.0008971525159
142.15 142.1 142.2 8.232367846e-05
142.25 142.2 142.3 0.001724499013
142.35 142.3 142.4 0.001393140418
142.45 142.4 142.5 0.0009685367196
142.55 142.5 142.6 -0.0004197460616
142.65 142.6 142.7 0.001315971854
142.75 142.7 142.8 -0.0004657642762
142.85 142.8 142.9 0.001484085068
142.95 142.9 143 0.0004300058946
143.05 143 143.1 -0.00175449182
143.15 143.1 143.2 -0.0005270755623
143.25 143.2 143.3 -0.001772474764
143.35 143.3 143.4 0.0002693981827
143.45 143.4 143.5 -0.0005996713944
143.55 143.5 143.6 -0.0009420206801
143.65 143.6 143.7 -0.002061903078
143.75 143.7 143.8 0.0006531343827
143.85 143.8 143.9 -0.0004784278606
143.95 143.9 144 -0.0009848409074
144.05 144 144.1 3.250652237e-05
144.15 144.1 144.2 -0.0005854283991
144.25 144.2 144.3 0.0008142433055
144.35 144.3 144.4 0.0008832202625
144.45 144.4 144.5 -0.001043986237
144.55 144.5 144.6 -1.883605236e-05
144.65 144.6 144.7 -0.0006791731733
144.75 144.7 144.8 0.0007713439741
144.85 144.8 144.9 0.001395443499
144.95 144.9 145 -0.001919801456
145.05 145 145.1 0.000608641062
145.15 145.1 145.2 0.001146905634
145.25 145.2 145.3 -0.0003320357865
145.35 145.3 145.4 0.000530669059
145.45 145.4 145.5 -0.001073573711
145.55 145.5 145.6 0.0008104616537
145.65 145.6 145.7 0.0004624212565
145.75 145.7 145.8 0.0003281389568
145.85 145.8 145.9 0.000581400624
145.95 145.9 146 -0.000966360498
146.05 146 146.1 0.001140502109
146.15 146.1 146.2 0.001308478959
146.25 146.2 146.3 0.00109422518
146.35 146.3 146.4 -0.000490999811
146.45 146.4 146.5 2.560665127e-05
146.55 146.5 146.6 0.001027846114
146.65 146.6 146.7 0.001746939692
146.75 146.7 146.8 0.0009300828453
146.85 146.8 146.9 0.0008509869425
146.95 146.9 147 0.0007903843515
147.05 147 147.1 0.0003605286325
147.15 147.1 147.2 0.0002679151708
147.25 147.2 147.3 0.001769694385
147.35 147.3 147.4 -0.001145542196
147.45 147.4 147.5 0.0006997614269
147.55 147.5 147.6 0.0005660030782
147.65 147.6 147.7 0.000576722571
147.75 147.7 147.8 -0.0004664838251
147.85 147.8 147.9 0.0006271665064
147.95 147.9 148 0.0005310607142
148.05 148 148.1 -7.447926137e-05
148.15 148.1 148.2 0.0007548623967
148.25 148.2 148.3 0.0004305170553
148.35 148.3 148.4 -0.001541453199
148.45 148.4 148.5 0.001118811545
148.55 148.5 148.6 2.072757454e-05
148.65 148.6 148.7 0.001464252418
148.75 148.7 148.8 0.0009521894614
148.85 148.8 148.9 0.001054769006
148.95 148.9 149 0.0004416338929
149.05 149 149.1 -7.404202623e-05
149.15 149.1 149.2 0.0009315770591
149.25 149.2 149.3 -0.0001495632112
149.35 149.3 149.4 -0.001038608355
149.45 149.4 149.5 0.0002141315185
149.55 149.5 149.6 0.0002736478713
149.65 149.6 149.7 1.299727611e-05
149.75 149.7 149.8 -3.135329648e-06
149.85 149.8 149.9 0.0002534936416
149.95 149.9 150 -0.001086564066
150.05 150 150.1 0.0003535987842
150.15 150.1 150.2 0.0003094439756
150.25 150.2 150.3 0.0002613889554
150.35 150.3 150.4 0.001321320821
150.45 150.4 150.5 0.001089949056
150.55 150.5 150.6 0.0001652438584
150.65 150.6 150.7 0.0007805494085
150.75 150.7 150.8 0.0008158267348
150.85 150.8 150.9 0.001766634489
150.95 150.9 151 0.0008026556123
151.05 151 151.1 0.001325913361
151.15 151.1 151.2 -0.0009413937148
151.25 151.2 151.3 6.961477323e-05
151.35 151.3 151.4 0.00109147815
151.45 151.4 151.5 0.0005782823176
151.55 151.5 151.6 -0.0004773814233
151.65 151.6 151.7 -0.001166031986
151.75 151.7 151.8 0.0004299370548
151.85 151.8 151.9 0.0007944084077
151.95 151.9 152 0.001119070423
152.05 152 152.1 0.002208092758
152.15 152.1 152.2 0.002196337306
152.25 152.2 152.3 -0.000302669214
152.35 152.3 152.4 -0.0008722953168
152.45 152.4 152.5 0.000370991825
152.55 152.5 152.6 0.001913665484
152.65 152.6 152.7 -1.877726425e-05
152.75 152.7 152.8 -0.0001521028424
152.85 152.8 152.9 -0.0001700139461
152.95 152.9 153 0.001173270645
153.05 153 153.1 0.0007493192731
153.15 153.1 153.2 0.0009822746927
153.25 153.2 153.3 0.0008194081266
153.35 153.3 153.4 0.001915039352
153.45 153.4 153.5 2.131961292e-05
153.55 153.5 153.6 0.0009368039687
153.65 153.6 153.7 -0.0007830569803
153.75 153.7 153.8 0.0006972570308
153.85 153.8 153.9 0.0009616379987
153.95 153.9 154 0.00121015101
154.05 154 154.1 0.000769941346
154.15 154.1 154.2 -7.496258026e-05
154.25 154.2 154.3 0.0004008503207
154.35 154.3 154.4 0.002218338684
154.45 154.4 154.5 -0.0002198393651
154.55 154.5 154.6 0.001541507907
154.65 154.6 154.7 0.0008176662054
154.75 154.7 154.8 0.001329054322
154.85 154.8 154.9 -0.0002360192014
154.95 154.9 155 0.0005643641993
155.05 155 155.1 0.001284662718
155.15 155.1 155.2 0.001300448407
155.25 155.2 155.3 0.001375172415
155.35 155.3 155.4 0.0002640857112
155.45 155.4 155.5 0.0006876978208
155.55 155.5 155.6 -0.001361613253
155.65 155.6 155.7 0.0008775536861
155.75 155.7 155.8 -0.001179965234
155.85 155.8 155.9 0.0003740567192
155.95 155.9 156 0.0006939204591
156.05 156 156.1 0.0006990898992
156.15 156.1 156.2 0.00139683236
156.25 156.2 156.3 0.0003087572631
156.35 156.3 156.4 0.0001641447492
156.45 156.4 156.5 -4.97987556e-05
156.55 156.5 156.6 -0.0008707835753
156.65 156.6 156.7 0.000743709198
156.75 156.7 156.8 -0.001045164639
156.85 156.8 156.9 -0.001028879161
156.95 156.9 157 -1.66014528e-05
157.05 157 157.1 0.0008957362278
157.15 157.1 157.2 -0.0001387080241
157.25 157.2 157.3 0.00120232648
157.35 157.3 157.4 0.0004240588649
157.45 157.4 157.5 -0.0002195683462
157.55 157.5 157.6 -0.001012965931
157.65 157.6 157.7 -0.0003964796279
157.75 157.7 157.8 -9.850973426e-05
157.85 157.8 157.9 -0.0003286523832
157.95 157.9 158 -0.0007406539803
158.05 158 158.1 -0.0004401841863
158.15 158.1 158.2 0.001570578695
158.25 158.2 158.3 0.0003731425325
158.35 158.3 158.4 0.001307968138
158.45 158.4 158.5 -0.0008021052942
158.55 158.5 158.6 -0.0008009010452
158.65 158.6 158.7 -0.001367577157
158.75 158.7 158.8 0.0003614798487
158.85 158.8 158.9 0.0007255357655
158.95 158.9 159 -0.0001144414949
159.05 159 159.1 -0.001271539231
159.15 159.1 159.2 6.327041554e-06
159.25 159.2 159.3 0.0001221717149
159.35 159.3 159.4 0.0003727963545
159.45 159.4 159.5 0.0004461737745
159.55 159.5 159.6 0.0002123596709
159.65 159.6 159.7 1.859171535e-05
159.75 159.7 159.8 0.001389894661
159.85 159.8 159.9 0.0004331129413
159.95 159.9 160 0.001999754899
160.05 160 160.1 0.0002271012364
160.15 160.1 160.2 -5.688063057e-05
160.25 160.2 160.3 0.001186854756
160.35 160.3 160.4 0.0004186630925
160.45 160.4 160.5 0.0006023713963
160.55 160.5 160.6 -0.001716928651
160.65 160.6 160.7 0.0005495333872
160.75 160.7 160.8 -8.084455196e-06
160.85 160.8 160.9 0.0005005435463
160.95 160.9 161 -0.0009487674574
161.05 161 161.1 -0.001703401139
161.15 161.1 161.2 0.001261993636
161.25 161.2 161.3 0.0006297987146
161.35 161.3 161.4 -0.000653786146
161.45 161.4 161.5 0.001738246987
161.55 161.5 161.6 -0.001738455435
161.65 161.6 161.7 0.001330366604
161.75 161.7 161.8 -0.0004447607776
161.85 161.8 161.9 0.001531718413
161.95 161.9 162 0.0002245473815
162.05 162 162.1 -0.0004912690117
162.15 162.1 162.2 0.0002288263741
162.25 162.2 162.3 0.0001594536805
162.35 162.3 162.4 0.00049229423
162.45 162.4 162.5 -0.001009727234
162.55 162.5 162.6 -0.0002479738544
162.65 162.6 162.7 -0.001388702017
162.75 162.7 162.8 -0.0006549673832
162.85 162.8 162.9 -0.0006932791876
162.95 162.9 163 -0.0009862139659
163.05 163 163.1 -0.001531819014
163.15 163.1 163.2 -0.0001708296164
163.25 163.2 163.3 -0.0002519100835
163.35 163.3 163.4 -5.341977444e-05
163.45 163.4 163.5 -0.000624210948
163.55 163.5 163.6 -0.0002822783422
163.65 163.6 163.7 0.001485707134
163.75 163.7 163.8 0.0006056929191
163.85 163.8 163.9 -0.000698834394
163.95 163.9 164 -0.001033715126
164.05 164 164.1 0.0004973788956
164.15 164.1 164.2 0.0003670334929
164.25 164.2 164.3 -7.540210514e-05
164.35 164.3 164.4 -0.0002563888554
164.45 164.4 164.5 0.000232353481
164.55 164.5 164.6 -0.0004975504282
164.65 164.6 164.7 0.0004448760299
164.75 164.7 164.8 0.0002450157653
164.85 164.8 164.9 -0.000461965439
164.95 164.9 165 0.0003995506892
165.05 165 165.1 -0.001411473573
165.15 165.1 165.2 0.0001089919235
165.25 165.2 165.3 -0.001050553371
165.35 165.3 165.4 0.0004187641797
165.45 165.4 165.5 0.001142311106
165.55 165.5 165.6 -0.000164965511
165.65 165.6 165.7 -0.0001532916667
165.75 165.7 165.8 0.001476591091
165.85 165.8 165.9 0.0004743020128
165.95 165.9 166 5.613909886e-05
166.05 166 166.1 0.0003680773841
166.15 166.1 166.2 0.0003159602135
166.25 166.2 166.3 -0.001236577897
166.35 166.3 166.4 0.0002830765285
166.45 166.4 166.5 -0.0008084453552
166.55 166.5 166.6 -0.0006751047435
166.65 166.6 166.7 -0.001170135329
166.75 166.7 166.8 -0.0001805580614
166.85 166.8 166.9 0.0005475444588
166.95 166.9 167 0.0001945283229
167.05 167 167.1 0.001683561457
167.15 167.1 167.2 0.000592727915
167.25 167.2 167.3 0.0006231716078
167.35 167.3 167.4 -0.0007279597481
167.45 167.4 167.5 0.002240385984
167.55 167.5 167.6 -0.0006444121227
167.65 167.6 167.7 0.0006408445799
167.75 167.7 167.8 -0.0004498926603
167.85 167.8 167.9 -0.0005688083849
167.95 167.9 168 -0.0008256963425
168.05 168 168.1 0.001361091139
168.15 168.1 168.2 -0.0007342657787
168.25 168.2 168.3 -0.0009030213042
168.35 168.3 168.4 1.512776692e-05
168.45 168.4 168.5 -0.000285799994
168.55 168.5 168.6 -0.0002101926222
168.65 168.6 168.7 0.0001010146305
168.75 168.7 168.8 0.0001162049794
168.85 168.8 168.9 0.001137939371
168.95 168.9 169 0.0002991470079
169.05 169 169.1 0.002067702929
169.15 169.1 169.2 0.0001476137674
169.25 169.2 169.3 0.0003856378681
169.35 169.3 169.4 -0.0005018040359
169.45 169.4 169.5 0.0002788261561
169.55 169.5 169.6 0.0001998086035
169.65 169.6 169.7 0.001026053956
169.75 169.7 169.8 0.0008465519866
169.85 169.8 169.9 0.0006181299222
169.95 169.9 170 0.001527685084
170.05 170 170.1 -0.001763600935
170.15 170.1 170.2 -0.0001830835375
170.25 170.2 170.3 0.0008395986493
170.35 170.3 170.4 -0.0001389481997
170.45 170.4 170.5 -0.0003246430419
170.55 170.5 170.6 0.0008636929206
170.65 170.6 170.7 -0.0004066080645
170.75 170.7 170.8 0.0002397994675
170.85 170.8 170.9 0.0008670033085
170.95 170.9 171 0.001027929022
171.05 171 171.1 0.0005082510865
171.15 171.1 171.2 0.0002695819999
171.25 171.2 171.3 0.0004562552114
171.35 171.3 171.4 -0.0001931742661
171.45 171.4 171.5 -0.0006537784704
171.55 171.5 171.6 -0.0008550934435
171.65 171.6 171.7 0.000933013428
171.75 171.7 171.8 -0.0003435398867
171.85 171.8 171.9 -0.0003309648439
171.95 171.9 172 0.0002674512851
172.05 172 172.1 -0.002301025569
172.15 172.1 172.2 0.0001186495357
172.25 172.2 172.3 -0.001095591405
172.35 172.3 172.4 0.0006695700829
172.45 172.4 172.5 -0.0004630382474
172.55 172.5 172.6 0.0001731589022
172.65 172.6 172.7 -0.0001626394936
172.75 172.7 172.8 -0.0003217276348
172.85 172.8 172.9 0.0001948017372
172.95 172.9 173 0.0005535633575
173.05 173 173.1 -0.0001485312574
173.15 173.1 173.2 -0.0005332962716
173.25 173.2 173.3 0.0007117342574
173.35 173.3 173.4 -0.0005009251283
173.45 173.4 173.5 0.0005824793843
173.55 173.5 173.6 -0.001063185042
173.65 173.6 173.7 0.0002639311786
173.75 173.7 173.8 -0.0003948537017
173.85 173.8 173.9 0.0007649562332
173.95 173.9 174 -0.0009837156157
174.05 174 174.1 -0.001038965017
174.15 174.1 174.2 0.0004201078815
174.25 174.2 174.3 0.0002320355027
174.35 174.3 174.4 0.0005715920251
174.45 174.4 174.5 -0.0002898322787
174.55 174.5 174.6 -0.0004452558494
174.65 174.6 174.7 -0.000626878693
174.75 174.7 174.8 0.0004334310844
174.85 174.8 174.9 -0.0005891095067
174.95 174.9 175 0.0002607613856
175.05 175 175.1 0.0002745163705
175.15 175.1 175.2 -8.868073638e-05
175.25 175.2 175.3 2.892683731e-05
175.35 175.3 175.4 -0.0007250467911
175.45 175.4 175.5 -0.0004559844303
175.55 175.5 175.6 -0.0001578829307
175.65 175.6 175.7 -0.0005776291248
175.75 175.7 175.8 0.000823228555
175.85 175.8 175.9 -0.0008514890328
175.95 175.9 176 -0.0001463237565
176.05 176 176.1 0.0006150347607
176.15 176.1 176.2 -0.0008422627376
176.25 176.2 176.3 0.001002531485
176.35 176.3 176.4 0.001293110791
176.45 176.4 176.5 -0.002123026155
176.55 176.5 176.6 -0.0007945923926
176.65 176.6 176.7 0.0003512154071
176.75 176.7 176.8 -0.0007367858333
176.85 176.8 176.9 -0.000554910684
176.95 176.9 177 -0.0003306529815
177.05 177 177.1 -0.00069698146
177.15 177.1 177.2 -0.001346489706
177.25 177.2 177.3 -0.0006872846414
177.35 177.3 177.4 -0.001535451023
177.45 177.4 177.5 0.000430398306
177.55 177.5 177.6 -0.000385280237
177.65 177.6 177.7 -0.001623343674
177.75 177.7 177.8 -0.0008364114109
177.85 177.8 177.9 0.0001477820023
177.95 177.9 178 -0.001627284079
178.05 178 178.1 0.0002887408783
178.15 178.1 178.2 0.0005059623288
178.25 178.2 178.3 -0.0001990364565
178.35 178.3 178.4 0.0004702038628
178.45 178.4 178.5 -0.0003178389409
178.55 178.5 178.6 -0.0005398777499
178.65 178.6 178.7 0.00113151474
178.75 178.7 178.8 0.0002210166551
178.85 178.8 178.9 -1.097729842e-05
178.95 178.9 179 8.46931558e-05
179.05 179 179.1 -0.002282393869
179.15 179.1 179.2 0.0003250110055
179.25 179.2 179.3 0.0002251985785
179.35 179.3 179.4 4.173848617e-05
179.45 179.4 179.5 0.0005037345182
179.55 179.5 179.6 0.0007727817486
179.65 179.6 179.7 8.058215912e-05
179.75 179.7 179.8 0.000542945537
179.85 179.8 179.9 -0.001271928344
179.95 179.9 180 0.001619116442
180.05 180 180.1 -0.00012709443
180.15 180.1 180.2 0.001438786901
180.25 180.2 180.3 -0.0007722962875
180.35 180.3 180.4 -0.0001909542296
180.45 180.4 180.5 0.001142135983
180.55 180.5 180.6 -0.0001368834985
180.65 180.6 180.7 -7.344581795e-05
180.75 180.7 180.8 0.001908106363
180.85 180.8 180.9 0.0001118348608
180.95 180.9 181 -3.513162162e-05
181.05 181 181.1 -0.0001449053673
181.15 181.1 181.2 0.0001872683279
181.25 181.2 181.3 0.0007569834763
181.35 181.3 181.4 -0.001403389355
181.45 181.4 181.5 0.0007270722634
181.55 181.5 181.6 -0.001215518978
181.65 181.6 181.7 0.0006537261587
181.75 181.7 181.8 -0.0005447271679
181.85 181.8 181.9 3.652682734e-05
181.95 181.9 182 -0.0004003860304
182.05 182 182.1 -0.001296842456
182.15 182.1 182.2 0.001168376939
182.25 182.2 182.3 0.0006231233338
182.35 182.3 182.4 0.0009931702644
182.45 182.4 182.5 0.00120189119
182.55 182.5 182.6 -0.0001885418796
182.65 182.6 182.7 -0.0007611252948
182.75 182.7 182.8 -0.0005156708652
182.85 182.8 182.9 -0.0004616799272
182.95 182.9 183 0.0002246299951
183.05 183 183.1 -0.0002489379764
183.15 183.1 183.2 0.0009498123401
183.25 183.2 183.3 0.001218889617
183.35 183.3 183.4 0.001958704615
183.45 183.4 183.5 -0.0003702336432
183.55 183.5 183.6 -3.712262333e-05
183.65 183.6 183.7 0.000396149294
183.75 183.7 183.8 -0.001215797648
183.85 183.8 183.9 0.00113028303
183.95 183.9 184 -0.0007102451112
184.05 184 184.1 -0.001215435899
184.15 184.1 184.2 -0.0002616505024
184.25 184.2 184.3 0.0009397150362
184.35 184.3 184.4 0.001760931662
184.45 184.4 184.5 0.0002767558319
184.55 184.5 184.6 0.0003560040474
184.65 184.6 184.7 0.0007160777727
184.75 184.7 184.8 0.0007310380702
184.85 184.8 184.9 -0.0001974904441
184.95 184.9 185 0.0006984146049
185.05 185 185.1 0.0002677631238
185.15 185.1 185.2 0.0002281466965
185.25 185.2 185.3 0.001370944807
185.35 185.3 185.4 0.001538604172
185.45 185.4 185.5 0.001156318916
185.55 185.5 185.6 -0.0001979188244
185.65 185.6 185.7 0.0003406946054
185.75 185.7 185.8 0.0009951826589
185.85 185.8 185.9 -0.0001874849658
185.95 185.9 186 0.0003444397951
186.05 186 186.1 0.001031540596
186.15 186.1 186.2 -0.0003650972791
186.25 186.2 186.3 0.0007581976586
186.35 186.3 186.4 -0.0001093460281
186.45 186.4 186.5 0.0006121431709
186.55 186.5 186.6 0.001280421135
186.65 186.6 186.7 0.001845549922
186.75 186.7 186.8 -0.0006651245561
186.85 186.8 186.9 0.000303372595
186.95 186.9 187 -0.0005740892776
187.05 187 187.1 0.0001890596426
187.15 187.1 187.2 -0.0002130141857
187.25 187.2 187.3 0.0005143816391
187.35 187.3 187.4 -0.0009874573925
187.45 187.4 187.5 0.0003300848841
187.55 187.5 187.6 6.735650085e-05
187.65 187.6 187.7 0.0005809914629
187.75 187.7 187.8 -0.0005872966791
187.85 187.8 187.9 -0.0007924657842
187.95 187.9 188 0.001612593798
188.05 188 188.1 -0.000162790265
188.15 188.1 188.2 0.0001539781459
188.25 188.2 188.3 -0.0006478581273
188.35 188.3 188.4 -0.0008969579505
188.45 188.4 188.5 0.0006334534865
188.55 188.5 188.6 -0.001002213772
188.65 188.6 188.7 0.0005657017708
188.75 188.7 188.8 0.0009575662542
188.85 188.8 188.9 -5.47187734e-05
188.95 188.9 189 0.001391231073
189.05 189 189.1 0.001283939802
189.15 189.1 189.2 -0.0001475849071
189.25 189.2 189.3 0.0009016129661
189.35 189.3 189.4 0.001514572131
189.45 189.4 189.5 0.0003424897227
189.55 189.5 189.6 5.17086719e-05
189.65 189.6 189.7 0.0003329582389
189.75 189.7 189.8 0.000396471188
189.85 189.8 189.9 0.001201039323
189.95 189.9 190 -7.255050621e-07
190.05 190 190.1 -0.0004278100835
190.15 190.1 190.2 0.001016080182
190.25 190.2 190.3 0.0005007579191
190.35 190.3 190.4 0.0004331859907
190.45 190.4 190.5 0.0002557722799
190.55 190.5 190.6 0.0006180820833
190.65 190.6 190.7 0.0005353169571
190.75 190.7 190.8 0.0008952846984
190.85 190.8 190.9 0.0006906868282
190.95 190.9 191 0.0008293175072
191.05 191 191.1 -9.496432459e-05
191.15 191.1 191.2 0.0007204887421
191.25 191.2 191.3 0.001195027704
191.35 191.3 191.4 -0.000462454919
191.45 191.4 191.5 -0.0003453835957
191.55 191.5 191.6 0.0002821300328
191.65 191.6 191.7 -0.0002160466289
191.75 191.7 191.8 -0.0007069133512
191.85 191.8 191.9 -0.0002333241695
191.95 191.9 192 0.001209839793
192.05 192 192.1 0.0009941851857
192.15 192.1 192.2 0.0009048098853
192.25 192.2 192.3 0.001022426605
192.35 192.3 192.4 -0.0004051224704
192.45 192.4 192.5 0.0006201420253
192.55 192.5 192.6 0.001874882574
192.65 192.6 192.7 -0.001419196958
192.75 192.7 192.8 -0.0006721858287
192.85 192.8 192.9 -0.0003518038751
192.95 192.9 193 0.001350892306
193.05 193 193.1 -0.0005516451339
193.15 193.1 193.2 -0.0009773598384
193.25 193.2 193.3 0.001005808473
193.35 193.3 193.4 -0.001352561286
193.45 193.4 193.5 0.0005759343333
193.55 193.5 193.6 0.0008021280099
193.65 193.6 193.7 -0.0003980473883
193.75 193.7 193.8 0.0005501990396
193.85 193.8 193.9 0.000965875111
193.95 193.9 194 0.0009045517403
194.05 194 194.1 -0.0008446476423
194.15 194.1 194.2 -9.066883875e-05
194.25 194.2 194.3 -0.0004179418346
194.35 194.3 194.4 -0.0005423613047
194.45 194.4 194.5 -0.0005481989247
194.55 194.5 194.6 0.0008191579534
194.65 194.6 194.7 -8.481399044e-05
194.75 194.7 194.8 0.0001125691861
194.85 194.8 194.9 0.0004693587861
194.95 194.9 195 -0.0002560181859
195.05 195 195.1 0.000132281241
195.15 195.1 195.2 0.0009186096209
195.25 195.2 195.3 -0.0006858486239
195.35 195.3 195.4 0.001210957695
195.45 195.4 195.5 0.001142211685
195.55 195.5 195.6 -0.0004951619252
195.65 195.6 195.7 0.001107187319
195.75 195.7 195.8 -0.0002380737574
195.85 195.8 195.9 0.0006701452113
195.95 195.9 196 -0.0007065068201
196.05 196 196.1 0.001876539193
196.15 196.1 196.2 0.0004978669136
196.25 196.2 196.3 -0.0007632587596
196.35 196.3 196.4 0.000311343413
196.45 196.4 196.5 0.00142080142
196.55 196.5 196.6 -0.0002078269437
196.65 196.6 196.7 0.0001655512855
196.75 196.7 196.8 0.0002352883625
196.85 196.8 196.9 -0.0005415996662
196.95 196.9 197 0.001796263344
197.05 197 197.1 0.00155559307
197.15 197.1 197.2 0.001010698593
197.25 197.2 197.3 0.0002351936405
197.35 197.3 197.4 5.250157772e-05
197.45 197.4 197.5 -0.0009699916909
197.55 197.5 197.6 -0.0008195965897
197.65 197.6 197.7 0.0002213716703
197.75 197.7 197.8 -0.0007394783481
197.85 197.8 197.9 -0.0004341210514
197.95 197.9 198 0.0008870840727
198.05 198 198.1 0.001553804418
198.15 198.1 198.2 0.001094718461
198.25 198.2 198.3 -0.0001729520222
198.35 198.3 198.4 -0.0005334953961
198.45 198.4 198.5 0.001232413649
198.55 198.5 198.6 -0.0003304032615
198.65 198.6 198.7 0.00151635728
198.75 198.7 198.8 0.001107709952
198.85 198.8 198.9 -4.00658371e-05
198.95 198.9 199 0.0009300946645
199.05 199 199.1 0.000317983276
199.15 199.1 199.2 -0.000204999563
199.25 199.2 199.3 0.0008174600722
199.35 199.3 199.4 0.001821742522
199.45 199.4 199.5 0.001109689555
199.55 199.5 199.6 7.687613256e-05
199.65 199.6 199.7 0.0008126827404
199.75 199.7 199.8 0.0007104958523
199.85 199.8 199.9 0.0005226282119
199.95 199.9 200 -4.393553081e-05
