# Columns: s_cen(1) s_min(2) s_max(3) xi_iso(4)
0.05 0 0.1 29.11007318
0.15 0.1 0.2 21.97854895
0.25 0.2 0.3 17.47735719
0.35 0.3 0.4 21.34018121
0.45 0.4 0.5 22.18458971
0.55 0.5 0.6 23.00460098
0.65 0.6 0.7 21.07252907
0.75 0.7 0.8 20.62158912
0.85 0.8 0.9 21.16212352
0.95 0.9 1 20.74506326
1.05 1 1.1 19.4989722
1.15 1.1 1.2 19.53931079
1.25 1.2 1.3 19.22102002
1.35 1.3 1.4 17.9949517
1.45 1.4 1.5 17.25030028
1.55 1.5 1.6 15.53604129
1.65 1.6 1.7 15.40044288
1.75 1.7 1.8 14.08584378
1.85 1.8 1.9 13.11552378
1.95 1.9 2 12.22493925
2.05 2 2.1 12.32803439
2.15 2.1 2.2 10.86411907
2.25 2.2 2.3 10.70861722
2.35 2.3 2.4 9.968237774
2.45 2.4 2.5 8.821753188
2.55 2.5 2.6 9.014334293
2.65 2.6 2.7 8.045797842
2.75 2.7 2.8 7.657948134
2.85 2.8 2.9 7.295775542
2.95 2.9 3 7.278490561
3.05 3 3.1 6.630169126
3.15 3.1 3.2 6.186274297
3.25 3.2 3.3 6.135563951
3.35 3.3 3.4 5.770285473
3.45 3.4 3.5 5.662411559
3.55 3.5 3.6 5.14561413
3.65 3.6 3.7 5.653683783
3.75 3.7 3.8 5.152263602
3.85 3.8 3.9 4.696086229
3.95 3.9 4 4.639260312
4.05 4 4.1 4.541156528
4.15 4.1 4.2 4.289042673
4.25 4.2 4.3 4.077808604
4.35 4.3 4.4 4.117081608
4.45 4.4 4.5 4.164564558
4.55 4.5 4.6 3.770622059
4.65 4.6 4.7 3.725889563
4.75 4.7 4.8 3.590371602
4.85 4.8 4.9 3.414275012
4.95 4.9 5 3.436983858
5.05 5 5.1 3.367149055
5.15 5.1 5.2 3.248765062
5.25 5.2 5.3 3.149868043
5.35 5.3 5.4 2.916249637
5.45 5.4 5.5 2.978599752
5.55 5.5 5.6 2.816771154
5.65 5.6 5.7 2.820157976
5.75 5.7 5.8 2.741345387
5.85 5.8 5.9 2.682276048
5.95 5.9 6 2.60698414
6.05 6 6.1 2.51390044
6.15 6.1 6.2 2.517596154
6.25 6.2 6.3 2.340253085
6.35 6.3 6.4 2.298969256
6.45 6.4 6.5 2.283318029
6.55 6.5 6.6 2.256174402
6.65 6.6 6.7 2.127439667
6.75 6.7 6.8 2.12807727
6.85 6.8 6.9 2.039086814
6.95 6.9 7 2.032037953
7.05 7 7.1 1.87890676
7.15 7.1 7.2 1.919483195
7.25 7.2 7.3 1.904999511
7.35 7.3 7.4 1.858262796
7.45 7.4 7.5 1.747719532
7.55 7.5 7.6 1.822810703
7.65 7.6 7.7 1.720841133
7.75 7.7 7.8 1.684108838
7.85 7.8 7.9 1.645512204
7.95 7.9 8 1.596860243
8.05 8 8.1 1.585389058
8.15 8.1 8.2 1.627782092
8.25 8.2 8.3 1.530665942
8.35 8.3 8.4 1.505770675
8.45 8.4 8.5 1.483125454
8.55 8.5 8.6 1.460164383
8.65 8.6 8.7 1.376343841
8.75 8.7 8.8 1.438592338
8.85 8.8 8.9 1.357930112
8.95 8.9 9 1.290903647
9.05 9 9.1 1.281825825
9.15 9.1 9.2 1.295288337
9.25 9.2 9.3 1.246748957
9.35 9.3 9.4 1.228091814
9.45 9.4 9.5 1.168882729
9.55 9.5 9.6 1.175716572
9.65 9.6 9.7 1.116760409
9.75 9.7 9.8 1.13497909
9.85 9.8 9.9 1.072319318
9.95 9.9 10 1.094817665
10.05 10 10.1 1.023829813
10.15 10.1 10.2 1.071059576
10.25 10.2 10.3 0.972965906
10.35 10.3 10.4 1.021430671
10.45 10.4 10.5 0.9634063203
10.55 10.5 10.6 0.9642904746
10.65 10.6 10.7 0.9587063174
10.75 10.7 10.8 0.9400997733
10.85 10.8 10.9 0.9614110072
10.95 10.9 11 0.9401371804
11.05 11 11.1 0.9033876738
11.15 11.1 11.2 0.8671111641
11.25 11.2 11.3 0.899161896
11.35 11.3 11.4 0.8541073736
11.45 11.4 11.5 0.8616114779
11.55 11.5 11.6 0.8598387053
11.65 11.6 11.7 0.819125389
11.75 11.7 11.8 0.8291372011
11.85 11.8 11.9 0.7934086271
11.95 11.9 12 0.7697679158
12.05 12 12.1 0.7632144741
12.15 12.1 12.2 0.7555574264
12.25 12.2 12.3 0.7512592597
12.35 12.3 12.4 0.7431768038
12.45 12.4 12.5 0.7417896681
12.55 12.5 12.6 0.7086643356
12.65 12.6 12.7 0.7148365778
12.75 12.7 12.8 0.7206834453
12.85 12.8 12.9 0.6802382457
12.95 12.9 13 0.6929936427
13.05 13 13.1 0.662311326
13.15 13.1 13.2 0.6738981766
13.25 13.2 13.3 0.6774893692
13.35 13.3 13.4 0.6478067794
13.45 13.4 13.5 0.6453613345
13.55 13.5 13.6 0.5929245309
13.65 13.6 13.7 0.6179495562
13.75 13.7 13.8 0.5879272926
13.85 13.8 13.9 0.5980507403
13.95 13.9 14 0.6006560796
14.05 14 14.1 0.5857999649
14.15 14.1 14.2 0.5508026604
14.25 14.2 14.3 0.5765007263
14.35 14.3 14.4 0.5312011895
14.45 14.4 14.5 0.5588265333
14.55 14.5 14.6 0.5191493977
14.65 14.6 14.7 0.5016537409
14.75 14.7 14.8 0.5346652281
14.85 14.8 14.9 0.5266210104
14.95 14.9 15 0.4984610961
15.05 15 15.1 0.5196475446
15.15 15.1 15.2 0.4899640814
15.25 15.2 15.3 0.4718902624
15.35 15.3 15.4 0.479226809
15.45 15.4 15.5 0.4612415673
15.55 15.5 15.6 0.461345248
15.65 15.6 15.7 0.4769447534
15.75 15.7 15.8 0.4768926007
15.85 15.8 15.9 0.4496489962
15.95 15.9 16 0.4608749736
16.05 16 16.1 0.4464346264
16.15 16.1 16.2 0.4356704953
16.25 16.2 16.3 0.4196408138
16.35 16.3 16.4 0.4410371394
16.45 16.4 16.5 0.4453193947
16.55 16.5 16.6 0.4251531585
16.65 16.6 16.7 0.4253137217
16.75 16.7 16.8 0.4120824908
16.85 16.8 16.9 0.3976308284
16.95 16.9 17 0.3979306931
17.05 17 17.1 0.3954690413
17.15 17.1 17.2 0.4022612264
17.25 17.2 17.3 0.3929816994
17.35 17.3 17.4 0.3559017143
17.45 17.4 17.5 0.4035606045
17.55 17.5 17.6 0.3613064084
17.65 17.6 17.7 0.3563832181
17.75 17.7 17.8 0.3776466354
17.85 17.8 17.9 0.3538463229
17.95 17.9 18 0.3523712867
18.05 18 18.1 0.3683588548
18.15 18.1 18.2 0.3414444719
18.25 18.2 18.3 0.3523840491
18.35 18.3 18.4 0.3508786004
18.45 18.4 18.5 0.3334831811
18.55 18.5 18.6 0.3293513508
18.65 18.6 18.7 0.3213673519
18.75 18.7 18.8 0.3228625872
18.85 18.8 18.9 0.3087608376
18.95 18.9 19 0.3280735966
19.05 19 19.1 0.3156996863
19.15 19.1 19.2 0.3373891239
19.25 19.2 19.3 0.2887832746
19.35 19.3 19.4 0.3027393637
19.45 19.4 19.5 0.3302789949
19.55 19.5 19.6 0.2985197271
19.65 19.6 19.7 0.2953695513
19.75 19.7 19.8 0.2912100408
19.85 19.8 19.9 0.2777177915
19.95 19.9 20 0.2716865542
20.05 20 20.1 0.2719517052
20.15 20.1 20.2 0.2813238673
20.25 20.2 20.3 0.2873861511
20.35 20.3 20.4 0.2934792033
20.45 20.4 20.5 0.2807755932
20.55 20.5 20.6 0.269651964
20.65 20.6 20.7 0.2527934757
20.75 20.7 20.8 0.2584016216
20.85 20.8 20.9 0.2355360276
20.95 20.9 21 0.257985955
21.05 21 21.1 0.2434552059
21.15 21.1 21.2 0.2466487603
21.25 21.2 21.3 0.2702163605
21.35 21.3 21.4 0.2484663314
21.45 21.4 21.5 0.2346211974
21.55 21.5 21.6 0.2397482772
21.65 21.6 21.7 0.2428006336
21.75 21.7 21.8 0.2315845028
21.85 21.8 21.9 0.2348377294
21.95 21.9 22 0.2069287861
22.05 22 22.1 0.2525444532
22.15 22.1 22.2 0.2063899002
22.25 22.2 22.3 0.2188200154
22.35 22.3 22.4 0.2235949623
22.45 22.4 22.5 0.2165348421
22.55 22.5 22.6 0.1930946975
22.65 22.6 22.7 0.2079615262
22.75 22.7 22.8 0.2079732271
22.85 22.8 22.9 0.1889158148
22.95 22.9 23 0.2017842279
23.05 23 23.1 0.1997485232
23.15 23.1 23.2 0.1966849227
23.25 23.2 23.3 0.2129778903
23.35 23.3 23.4 0.1826311601
23.45 23.4 23.5 0.2054743573
23.55 23.5 23.6 0.1869672248
23.65 23.6 23.7 0.1953495251
23.75 23.7 23.8 0.208364952
23.85 23.8 23.9 0.1948609484
23.95 23.9 24 0.1741924343
24.05 24 24.1 0.1896613978
24.15 24.1 24.2 0.184172807
24.25 24.2 24.3 0.2026131425
24.35 24.3 24.4 0.1762784673
24.45 24.4 24.5 0.1871988545
24.55 24.5 24.6 0.176762358
24.65 24.6 24.7 0.1610846623
24.75 24.7 24.8 0.1537502626
24.85 24.8 24.9 0.1691876363
24.95 24.9 25 0.1657705504
25.05 25 25.1 0.1641711035
25.15 25.1 25.2 0.1670475558
25.25 25.2 25.3 0.1605555178
25.35 25.3 25.4 0.1576625357
25.45 25.4 25.5 0.1513176748
25.55 25.5 25.6 0.1535536335
25.65 25.6 25.7 0.1585992536
25.75 25.7 25.8 0.158471526
25.85 25.8 25.9 0.1505515279
25.95 25.9 26 0.1561582634
26.05 26 26.1 0.1534822388
26.15 26.1 26.2 0.1405004197
26.25 26.2 26.3 0.1396028475
26.35 26.3 26.4 0.1535396777
26.45 26.4 26.5 0.14018599
26.55 26.5 26.6 0.1526391817
26.65 26.6 26.7 0.1398224723
26.75 26.7 26.8 0.1373741282
26.85 26.8 26.9 0.1366128397
26.95 26.9 27 0.1633743561
27.05 27 27.1 0.1165311212
27.15 27.1 27.2 0.1337755934
27.25 27.2 27.3 0.1457691846
27.35 27.3 27.4 0.1327886503
27.45 27.4 27.5 0.1273056757
27.55 27.5 27.6 0.1320574378
27.65 27.6 27.7 0.1332545709
27.75 27.7 27.8 0.1271097055
27.85 27.8 27.9 0.1323271273
27.95 27.9 28 0.1228054334
28.05 28 28.1 0.1280944051
28.15 28.1 28.2 0.1298393183
28.25 28.2 28.3 0.1377156372
28.35 28.3 28.4 0.1124460257
28.45 28.4 28.5 0.1029504453
28.55 28.5 28.6 0.1309259239
28.65 28.6 28.7 0.1191971497
28.75 28.7 28.8 0.1187257747
28.85 28.8 28.9 0.1273895467
28.95 28.9 29 0.1135100767
29.05 29 29.1 0.1130891596
29.15 29.1 29.2 0.1184517722
29.25 29.2 29.3 0.1159461075
29.35 29.3 29.4 0.1241223193
29.45 29.4 29.5 0.1267887191
29.55 29.5 29.6 0.1224199628
29.65 29.6 29.7 0.1056624691
29.75 29.7 29.8 0.1116822037
29.85 29.8 29.9 0.1192220073
29.95 29.9 30 0.1131218158
30.05 30 30.1 0.1268840318
30.15 30.1 30.2 0.1073601296
30.25 30.2 30.3 0.09967677374
30.35 30.3 30.4 0.1070723258
30.45 30.4 30.5 0.1000726648
30.55 30.5 30.6 0.1020836393
30.65 30.6 30.7 0.1060102667
30.75 30.7 30.8 0.105447577
30.85 30.8 30.9 0.1063940593
30.95 30.9 31 0.1029302798
31.05 31 31.1 0.1007124835
31.15 31.1 31.2 0.1031399197
31.25 31.2 31.3 0.09742082773
31.35 31.3 31.4 0.1004204068
31.45 31.4 31.5 0.1044757626
31.55 31.5 31.6 0.09874823367
31.65 31.6 31.7 0.09590116784
31.75 31.7 31.8 0.09746847194
31.85 31.8 31.9 0.1018820788
31.95 31.9 32 0.08598664147
32.05 32 32.1 0.09366011248
32.15 32.1 32.2 0.09245374942
32.25 32.2 32.3 0.08117707085
32.35 32.3 32.4 0.0902348695
32.45 32.4 32.5 0.09893185933
32.55 32.5 32.6 0.0850855861
32.65 32.6 32.7 0.08404647561
32.75 32.7 32.8 0.1002246749
32.85 32.8 32.9 0.08168253744
32.95 32.9 33 0.0902686304
33.05 33 33.1 0.08711732258
33.15 33.1 33.2 0.08404935169
33.25 33.2 33.3 0.08367640192
33.35 33.3 33.4 0.08060871729
33.45 33.4 33.5 0.07946121154
33.55 33.5 33.6 0.08756393959
33.65 33.6 33.7 0.08816142108
33.75 33.7 33.8 0.08640241742
33.85 33.8 33.9 0.08269567297
33.95 33.9 34 0.07370851073
34.05 34 34.1 0.09001712001
34.15 34.1 34.2 0.0823900009
34.25 34.2 34.3 0.0752725535
34.35 34.3 34.4 0.08266307409
34.45 34.4 34.5 0.08566910325
34.55 34.5 34.6 0.07430523174
34.65 34.6 34.7 0.07292626441
34.75 34.7 34.8 0.07713522809
34.85 34.8 34.9 0.08453600618
34.95 34.9 35 0.06940039083
35.05 35 35.1 0.06201040292
35.15 35.1 35.2 0.06885286778
35.25 35.2 35.3 0.07223571146
35.35 35.3 35.4 0.07196236793
35.45 35.4 35.5 0.07473586357
35.55 35.5 35.6 0.07286154277
35.65 35.6 35.7 0.07688130805
35.75 35.7 35.8 0.06071143516
35.85 35.8 35.9 0.0634970754
35.95 35.9 36 0.06665846564
36.05 36 36.1 0.06841728189
36.15 36.1 36.2 0.06760599602
36.25 36.2 36.3 0.0676056336
36.35 36.3 36.4 0.05628951119
36.45 36.4 36.5 0.06291272153
36.55 36.5 36.6 0.07565998448
36.65 36.6 36.7 0.06651681615
36.75 36.7 36.8 0.05934018809
36.85 36.8 36.9 0.06494526966
36.95 36.9 37 0.06841389402
37.05 37 37.1 0.06840945718
37.15 37.1 37.2 0.06211407149
37.25 37.2 37.3 0.05632835835
37.35 37.3 37.4 0.05686047434
37.45 37.4 37.5 0.06342554047
37.55 37.5 37.6 0.06010909889
37.65 37.6 37.7 0.06372352051
37.75 37.7 37.8 0.0587246231
37.85 37.8 37.9 0.06604564574
37.95 37.9 38 0.06437647797
38.05 38 38.1 0.06545429114
38.15 38.1 38.2 0.05348760457
38.25 38.2 38.3 0.05949234548
38.35 38.3 38.4 0.05764549005
38.45 38.4 38.5 0.05743878272
38.55 38.5 38.6 0.05160566469
38.65 38.6 38.7 0.05318310658
38.75 38.7 38.8 0.05321154289
38.85 38.8 38.9 0.05498335966
38.95 38.9 39 0.04825629474
39.05 39 39.1 0.04951718532
39.15 39.1 39.2 0.05533485266
39.25 39.2 39.3 0.04381932712
39.35 39.3 39.4 0.05091594589
39.45 39.4 39.5 0.05064170891
39.55 39.5 39.6 0.05230648626
39.65 39.6 39.7 0.05085688841
39.75 39.7 39.8 0.06507936573
39.85 39.8 39.9 0.05263070989
39.95 39.9 40 0.04860751985
40.05 40 40.1 0.04934278769
40.15 40.1 40.2 0.04836869676
40.25 40.2 40.3 0.05132995436
40.35 40.3 40.4 0.04649562666
40.45 40.4 40.5 0.0394289469
40.55 40.5 40.6 0.05629517155
40.65 40.6 40.7 0.04386828572
40.75 40.7 40.8 0.04753484022
40.85 40.8 40.9 0.04619664585
40.95 40.9 41 0.05064596931
41.05 41 41.1 0.0470423855
41.15 41.1 41.2 0.04851488441
41.25 41.2 41.3 0.04876374218
41.35 41.3 41.4 0.047227774
41.45 41.4 41.5 0.04508635261
41.55 41.5 41.6 0.04758405307
41.65 41.6 41.7 0.05248067798
41.75 41.7 41.8 0.03830121405
41.85 41.8 41.9 0.04141705573
41.95 41.9 42 0.04734619938
42.05 42 42.1 0.04353929611
42.15 42.1 42.2 0.04966963426
42.25 42.2 42.3 0.04145159761
42.35 42.3 42.4 0.05219374073
42.45 42.4 42.5 0.04211941387
42.55 42.5 42.6 0.04334683871
42.65 42.6 42.7 0.05502504502
42.75 42.7 42.8 0.04795730774
42.85 42.8 42.9 0.04449407109
42.95 42.9 43 0.03714004472
43.05 43 43.1 0.03733326347
43.15 43.1 43.2 0.04381879496
43.25 43.2 43.3 0.03886316533
43.35 43.3 43.4 0.03778921557
43.45 43.4 43.5 0.04603022783
43.55 43.5 43.6 0.03920465791
43.65 43.6 43.7 0.04689890846
43.75 43.7 43.8 0.03581747184
43.85 43.8 43.9 0.04482929715
43.95 43.9 44 0.03633414778
44.05 44 44.1 0.03818170709
44.15 44.1 44.2 0.03770145432
44.25 44.2 44.3 0.04341922495
44.35 44.3 44.4 0.03624334198
44.45 44.4 44.5 0.03732779566
44.55 44.5 44.6 0.04197538178
44.65 44.6 44.7 0.0295963664
44.75 44.7 44.8 0.0366800499
44.85 44.8 44.9 0.04152554614
44.95 44.9 45 0.04605461853
45.05 45 45.1 0.03880953684
45.15 45.1 45.2 0.03345606593
45.25 45.2 45.3 0.03778746095
45.35 45.3 45.4 0.03569407835
45.45 45.4 45.5 0.03509671894
45.55 45.5 45.6 0.03488387718
45.65 45.6 45.7 0.02819382773
45.75 45.7 45.8 0.04085799202
45.85 45.8 45.9 0.03685877739
45.95 45.9 46 0.03025871377
46.05 46 46.1 0.03317863387
46.15 46.1 46.2 0.03670622763
46.25 46.2 46.3 0.025159688
46.35 46.3 46.4 0.02946094895
46.45 46.4 46.5 0.03663823189
46.55 46.5 46.6 0.03281380293
46.65 46.6 46.7 0.03913869237
46.75 46.7 46.8 0.02879821473
46.85 46.8 46.9 0.0349004652
46.95 46.9 47 0.03251418845
47.05 47 47.1 0.0353707369
47.15 47.1 47.2 0.03152076641
47.25 47.2 47.3 0.04097791979
47.35 47.3 47.4 0.03669804464
47.45 47.4 47.5 0.03259969655
47.55 47.5 47.6 0.03258847173
47.65 47.6 47.7 0.02966297157
47.75 47.7 47.8 0.02777715396
47.85 47.8 47.9 0.03097659896
47.95 47.9 48 0.03653660062
48.05 48 48.1 0.03597059182
48.15 48.1 48.2 0.02789546011
48.25 48.2 48.3 0.03181302346
48.35 48.3 48.4 0.03062663736
48.45 48.4 48.5 0.02590847119
48.55 48.5 48.6 0.03141620418
48.65 48.6 48.7 0.02494553258
48.75 48.7 48.8 0.02822840436
48.85 48.8 48.9 0.02903184434
48.95 48.9 49 0.02495156461
49.05 49 49.1 0.02352818134
49.15 49.1 49.2 0.02262871081
49.25 49.2 49.3 0.0307116982
49.35 49.3 49.4 0.0295477629
49.45 49.4 49.5 0.02592292615
49.55 49.5 49.6 0.02521096626
49.65 49.6 49.7 0.03055311808
49.75 49.7 49.8 0.02263566521
49.85 49.8 49.9 0.02466424206
49.95 49.9 50 0.02841492339
50.05 50 50.1 0.0267443422
50.15 50.1 50.2 0.03404819964
50.25 50.2 50.3 0.02086102338
50.35 50.3 50.4 0.02374131949
50.45 50.4 50.5 0.0298237096
50.55 50.5 50.6 0.03266838127
50.65 50.6 50.7 0.01983300093
50.75 50.7 50.8 0.01756801607
50.85 50.8 50.9 0.02138311129
50.95 50.9 51 0.02272852756
51.05 51 51.1 0.02580427426
51.15 51.1 51.2 0.02571329036
51.25 51.2 51.3 0.01492890623
51.35 51.3 51.4 0.0355492129
51.45 51.4 51.5 0.02063526637
51.55 51.5 51.6 0.0222108891
51.65 51.6 51.7 0.03278337185
51.75 51.7 51.8 0.0222006419
51.85 51.8 51.9 0.01997803958
51.95 51.9 52 0.02111942026
52.05 52 52.1 0.02911349487
52.15 52.1 52.2 0.02266031836
52.25 52.2 52.3 0.0301379052
52.35 52.3 52.4 0.02601011162
52.45 52.4 52.5 0.02740531961
52.55 52.5 52.6 0.0170700608
52.65 52.6 52.7 0.02439751176
52.75 52.7 52.8 0.02410415923
52.85 52.8 52.9 0.02231599434
52.95 52.9 53 0.02082892904
53.05 53 53.1 0.02564315133
53.15 53.1 53.2 0.01977504621
53.25 53.2 53.3 0.02230399284
53.35 53.3 53.4 0.01408088601
53.45 53.4 53.5 0.02014948205
53.55 53.5 53.6 0.02177407565
53.65 53.6 53.7 0.01911070208
53.75 53.7 53.8 0.02339817414
53.85 53.8 53.9 0.01936028627
53.95 53.9 54 0.02054280493
54.05 54 54.1 0.02257738011
54.15 54.1 54.2 0.0187998956
54.25 54.2 54.3 0.01713155504
54.35 54.3 54.4 0.02042833262
54.45 54.4 54.5 0.02276344363
54.55 54.5 54.6 0.01840012705
54.65 54.6 54.7 0.01008983714
54.75 54.7 54.8 0.01623255722
54.85 54.8 54.9 0.01829710229
54.95 54.9 55 0.01728016124
55.05 55 55.1 0.02544381213
55.15 55.1 55.2 0.01834988898
55.25 55.2 55.3 0.01951004045
55.35 55.3 55.4 0.01655907433
55.45 55.4 55.5 0.0123174818
55.55 55.5 55.6 0.01270115172
55.65 55.6 55.7 0.02145577129
55.75 55.7 55.8 0.0159436897
55.85 55.8 55.9 0.02074619255
55.95 55.9 56 0.02236313544
56.05 56 56.1 0.02102360068
56.15 56.1 56.2 0.01822654246
56.25 56.2 56.3 0.02395302994
56.35 56.3 56.4 0.01831173727
56.45 56.4 56.5 0.01804915004
56.55 56.5 56.6 0.02094125966
56.65 56.6 56.7 0.01552870725
56.75 56.7 56.8 0.01487441025
56.85 56.8 56.9 0.01765779842
56.95 56.9 57 0.01807826415
57.05 57 57.1 0.02254304319
57.15 57.1 57.2 0.0181124591
57.25 57.2 57.3 0.01431757792
57.35 57.3 57.4 0.02011321844
57.45 57.4 57.5 0.0175920272
57.55 57.5 57.6 0.0168115065
57.65 57.6 57.7 0.02031234179
57.75 57.7 57.8 0.02517337745
57.85 57.8 57.9 0.02017495865
57.95 57.9 58 0.01578157113
58.05 58 58.1 0.01531227897
58.15 58.1 58.2 0.01199622008
58.25 58.2 58.3 0.0202738111
58.35 58.3 58.4 0.01749246314
58.45 58.4 58.5 0.01501931018
58.55 58.5 58.6 0.0189633205
58.65 58.6 58.7 0.01960166808
58.75 58.7 58.8 0.01699643087
58.85 58.8 58.9 0.01639937588
58.95 58.9 59 0.01316625694
59.05 59 59.1 0.01387776913
59.15 59.1 59.2 0.01431444356
59.25 59.2 59.3 0.0187985942
59.35 59.3 59.4 0.01555642638
59.45 59.4 59.5 0.008510846317
59.55 59.5 59.6 0.01593399463
59.65 59.6 59.7 0.0116360895
59.75 59.7 59.8 0.01888307535
59.85 59.8 59.9 0.01177000933
59.95 59.9 60 0.01087616483
60.05 60 60.1 0.01505691379
60.15 60.1 60.2 0.01664606357
60.25 60.2 60.3 0.01793876014
60.35 60.3 60.4 0.01143304867
60.45 60.4 60.5 0.01722794431
60.55 60.5 60.6 0.02384637926
60.65 60.6 60.7 0.01314709613
60.75 60.7 60.8 0.01466285512
60.85 60.8 60.9 0.01483010467
60.95 60.9 61 0.0160818723
61.05 61 61.1 0.0155364308
61.15 61.1 61.2 0.01212349492
61.25 61.2 61.3 0.01798192402
61.35 61.3 61.4 0.009987247535
61.45 61.4 61.5 0.01606792383
61.55 61.5 61.6 0.01037868573
61.65 61.6 61.7 0.01350523573
61.75 61.7 61.8 0.01319875466
61.85 61.8 61.9 0.01302133124
61.95 61.9 62 0.01376269211
62.05 62 62.1 0.01077417614
62.15 62.1 62.2 0.01645560399
62.25 62.2 62.3 0.01570334051
62.35 62.3 62.4 0.01822690804
62.45 62.4 62.5 0.004231342078
62.55 62.5 62.6 0.004753025837
62.65 62.6 62.7 0.01783304707
62.75 62.7 62.8 0.01579436508
62.85 62.8 62.9 0.01449315154
62.95 62.9 63 0.01346130116
63.05 63 63.1 0.009781067055
63.15 63.1 63.2 0.01271637051
63.25 63.2 63.3 0.004652921988
63.35 63.3 63.4 0.01054139091
63.45 63.4 63.5 0.007688248169
63.55 63.5 63.6 0.0166290073
63.65 63.6 63.7 0.01448805983
63.75 63.7 63.8 0.01649861789
63.85 63.8 63.9 0.02099922427
63.95 63.9 64 0.01239967204
64.05 64 64.1 0.01538350097
64.15 64.1 64.2 0.0107158413
64.25 64.2 64.3 0.01111360446
64.35 64.3 64.4 0.01780393379
64.45 64.4 64.5 0.008576972927
64.55 64.5 64.6 0.0114757181
64.65 64.6 64.7 0.01383627321
64.75 64.7 64.8 0.01815195812
64.85 64.8 64.9 0.01963455576
64.95 64.9 65 0.008607971632
65.05 65 65.1 0.01123135767
65.15 65.1 65.2 0.01445160557
65.25 65.2 65.3 0.009141703638
65.35 65.3 65.4 0.01108349507
65.45 65.4 65.5 0.007868264748
65.55 65.5 65.6 0.01197647971
65.65 65.6 65.7 0.01686639785
65.75 65.7 65.8 0.01037880321
65.85 65.8 65.9 0.01692988086
65.95 65.9 66 0.0138964127
66.05 66 66.1 0.01330389673
66.15 66.1 66.2 0.01089724281
66.25 66.2 66.3 0.008627138263
66.35 66.3 66.4 0.01121664004
66.45 66.4 66.5 0.0146812113
66.55 66.5 66.6 0.01094809184
66.65 66.6 66.7 0.01016935629
66.75 66.7 66.8 0.01332325859
66.85 66.8 66.9 0.008085392706
66.95 66.9 67 0.0106087166
67.05 67 67.1 0.01268232326
67.15 67.1 67.2 0.01429691989
67.25 67.2 67.3 0.0119550805
67.35 67.3 67.4 0.0195053721
67.45 67.4 67.5 0.008233824351
67.55 67.5 67.6 0.01394748889
67.65 67.6 67.7 0.0128587998
67.75 67.7 67.8 0.0108352015
67.85 67.8 67.9 0.01496236276
67.95 67.9 68 0.009205924514
68.05 68 68.1 0.01214820607
68.15 68.1 68.2 0.006532390391
68.25 68.2 68.3 0.01231434399
68.35 68.3 68.4 0.009091414149
68.45 68.4 68.5 0.006984498614
68.55 68.5 68.6 0.01486283015
68.65 68.6 68.7 0.007515385192
68.75 68.7 68.8 0.01661704051
68.85 68.8 68.9 0.01222740508
68.95 68.9 69 0.005373526013
69.05 69 69.1 0.008643122969
69.15 69.1 69.2 0.01263779952
69.25 69.2 69.3 0.005710216717
69.35 69.3 69.4 0.01355148934
69.45 69.4 69.5 0.006311299397
69.55 69.5 69.6 0.007473832563
69.65 69.6 69.7 0.009107035786
69.75 69.7 69.8 0.008536477758
69.85 69.8 69.9 0.004550397388
69.95 69.9 70 0.00729420157
70.05 70 70.1 0.004217490356
70.15 70.1 70.2 0.01016838761
70.25 70.2 70.3 0.005380543337
70.35 70.3 70.4 0.007263185241
70.45 70.4 70.5 0.002505805139
70.55 70.5 70.6 0.006288201269
70.65 70.6 70.7 0.0105427284
70.75 70.7 70.8 0.01472023951
70.85 70.8 70.9 0.0125619784
70.95 70.9 71 0.005122809588
71.05 71 71.1 0.01460933146
71.15 71.1 71.2 0.008758027355
71.25 71.2 71.3 0.009197720795
71.35 71.3 71.4 0.01087125969
71.45 71.4 71.5 0.01016679328
71.55 71.5 71.6 0.000691747312
71.65 71.6 71.7 0.01229372433
71.75 71.7 71.8 0.01022023748
71.85 71.8 71.9 0.00921241581
71.95 71.9 72 0.01296637928
72.05 72 72.1 0.01315701127
72.15 72.1 72.2 0.008811297312
72.25 72.2 72.3 0.006789267171
72.35 72.3 72.4 0.01133854027
72.45 72.4 72.5 0.004679745582
72.55 72.5 72.6 0.005445354924
72.65 72.6 72.7 0.01296343798
72.75 72.7 72.8 0.005583680103
72.85 72.8 72.9 0.01337491943
72.95 72.9 73 0.009814673993
73.05 73 73.1 0.009033651846
73.15 73.1 73.2 0.01097958814
73.25 73.2 73.3 0.01046599853
73.35 73.3 73.4 0.004863989034
73.45 73.4 73.5 0.0134952692
73.55 73.5 73.6 0.01310621607
73.65 73.6 73.7 0.009226184489
73.75 73.7 73.8 0.0108180354
73.85 73.8 73.9 0.003726472043
73.95 73.9 74 0.01519476548
74.05 74 74.1 0.01008193197
74.15 74.1 74.2 0.01004809151
74.25 74.2 74.3 0.003872795878
74.35 74.3 74.4 0.006948648812
74.45 74.4 74.5 0.005311769002
74.55 74.5 74.6 0.008030839892
74.65 74.6 74.7 0.002761787864
74.75 74.7 74.8 0.008647446895
74.85 74.8 74.9 0.009072475667
74.95 74.9 75 0.01068395214
75.05 75 75.1 0.009779075011
75.15 75.1 75.2 0.0097449925
75.25 75.2 75.3 0.009312131327
75.35 75.3 75.4 0.00697484091
75.45 75.4 75.5 0.006966034139
75.55 75.5 75.6 0.01194477884
75.65 75.6 75.7 0.01024844051
75.75 75.7 75.8 0.006455881494
75.85 75.8 75.9 0.009354657594
75.95 75.9 76 0.01393329312
76.05 76 76.1 0.01118063162
76.15 76.1 76.2 0.00722641051
76.25 76.2 76.3 0.01186546577
76.35 76.3 76.4 0.007119713993
76.45 76.4 76.5 0.008713106673
76.55 76.5 76.6 0.007369286153
76.65 76.6 76.7 0.01296946944
76.75 76.7 76.8 0.003695631457
76.85 76.8 76.9 0.007069072581
76.95 76.9 77 0.006915858263
77.05 77 77.1 0.01011969666
77.15 77.1 77.2 0.009330143
77.25 77.2 77.3 0.006288470666
77.35 77.3 77.4 0.00856501525
77.45 77.4 77.5 0.008944646429
77.55 77.5 77.6 0.006459626653
77.65 77.6 77.7 0.01461284585
77.75 77.7 77.8 0.01080252771
77.85 77.8 77.9 0.005854663636
77.95 77.9 78 0.005657739024
78.05 78 78.1 0.01205458769
78.15 78.1 78.2 0.008881269758
78.25 78.2 78.3 0.009631565554
78.35 78.3 78.4 0.00709355172
78.45 78.4 78.5 0.004022180638
78.55 78.5 78.6 0.0101382157
78.65 78.6 78.7 0.00461433774
78.75 78.7 78.8 0.01432775909
78.85 78.8 78.9 0.01712222546
78.95 78.9 79 0.002284666718
79.05 79 79.1 0.005450382732
79.15 79.1 79.2 0.007456191099
79.25 79.2 79.3 0.005068790909
79.35 79.3 79.4 0.01044769842
79.45 79.4 79.5 0.006029533789
79.55 79.5 79.6 0.01062056445
79.65 79.6 79.7 0.01463269675
79.75 79.7 79.8 0.00455404322
79.85 79.8 79.9 0.00717660099
79.95 79.9 80 0.004609584235
80.05 80 80.1 0.008111218083
80.15 80.1 80.2 0.007737519693
80.25 80.2 80.3 -0.001115214909
80.35 80.3 80.4 0.01023040679
80.45 80.4 80.5 0.004630016287
80.55 80.5 80.6 0.008087910184
80.65 80.6 80.7 0.006215270144
80.75 80.7 80.8 0.01078091619
80.85 80.8 80.9 0.002211242307
80.95 80.9 81 0.009300997101
81.05 81 81.1 0.007169308506
81.15 81.1 81.2 0.006363861813
81.25 81.2 81.3 0.005726269855
81.35 81.3 81.4 0.006939388485
81.45 81.4 81.5 0.007407549368
81.55 81.5 81.6 0.01159581892
81.65 81.6 81.7 0.01005327696
81.75 81.7 81.8 0.0108020233
81.85 81.8 81.9 0.007039479423
81.95 81.9 82 0.008252369628
82.05 82 82.1 0.008253673312
82.15 82.1 82.2 0.007519161342
82.25 82.2 82.3 0.006701217859
82.35 82.3 82.4 0.006520901677
82.45 82.4 82.5 0.004865680285
82.55 82.5 82.6 0.014248996
82.65 82.6 82.7 0.009410549216
82.75 82.7 82.8 0.004108508106
82.85 82.8 82.9 0.01118423685
82.95 82.9 83 0.006377143582
83.05 83 83.1 0.00752307159
83.15 83.1 83.2 0.007541658057
83.25 83.2 83.3 0.006342975225
83.35 83.3 83.4 0.009900556927
83.45 83.4 83.5 0.006212630679
83.55 83.5 83.6 0.002591237127
83.65 83.6 83.7 0.003733875386
83.75 83.7 83.8 0.005908905232
83.85 83.8 83.9 0.004065988935
83.95 83.9 84 0.008249802766
84.05 84 84.1 0.008737742163
84.15 84.1 84.2 0.006570130746
84.25 84.2 84.3 0.007800133218
84.35 84.3 84.4 0.008422175274
84.45 84.4 84.5 0.01157152588
84.55 84.5 84.6 0.0092345414
84.65 84.6 84.7 0.007503492697
84.75 84.7 84.8 0.008170886799
84.85 84.8 84.9 0.006682592835
84.95 84.9 85 0.007143233071
85.05 85 85.1 0.009228626324
85.15 85.1 85.2 0.004937275363
85.25 85.2 85.3 0.005114957962
85.35 85.3 85.4 0.008700132598
85.45 85.4 85.5 0.00952204342
85.55 85.5 85.6 0.009887331889
85.65 85.6 85.7 0.007458189573
85.75 85.7 85.8 0.007437863755
85.85 85.8 85.9 0.008796754146
85.95 85.9 86 0.008869858555
86.05 86 86.1 0.005365505136
86.15 86.1 86.2 0.006126044671
86.25 86.2 86.3 0.005207578559
86.35 86.3 86.4 0.007941985379
86.45 86.4 86.5 0.008630792567
86.55 86.5 86.6 0.003446797935
86.65 86.6 86.7 0.00748823032
86.75 86.7 86.8 0.00622702057
86.85 86.8 86.9 0.005690561477
86.95 86.9 87 0.01048330906
87.05 87 87.1 0.004457499588
87.15 87.1 87.2 0.008871105918
87.25 87.2 87.3 0.007134817864
87.35 87.3 87.4 0.009150892018
87.45 87.4 87.5 0.008026098236
87.55 87.5 87.6 0.009629135287
87.65 87.6 87.7 0.009304088497
87.75 87.7 87.8 0.005686670276
87.85 87.8 87.9 0.01261176813
87.95 87.9 88 0.00530542153
88.05 88 88.1 0.007257985359
88.15 88.1 88.2 0.008778719395
88.25 88.2 88.3 0.007795674745
88.35 88.3 88.4 0.006931147428
88.45 88.4 88.5 0.005971422298
88.55 88.5 88.6 0.01242673641
88.65 88.6 88.7 0.004831209099
88.75 88.7 88.8 0.009507366783
88.85 88.8 88.9 0.01053048233
88.95 88.9 89 0.007058333829
89.05 89 89.1 0.009556111385
89.15 89.1 89.2 0.00445752185
89.25 89.2 89.3 0.005800162421
89.35 89.3 89.4 0.009142337109
89.45 89.4 89.5 0.001762000814
89.55 89.5 89.6 0.005741045649
89.65 89.6 89.7 0.01016087814
89.75 89.7 89.8 0.005026217444
89.85 89.8 89.9 0.004994022937
89.95 89.9 90 0.01064066327
90.05 90 90.1 0.005107215636
90.15 90.1 90.2 0.005746521428
90.25 90.2 90.3 0.005498427919
90.35 90.3 90.4 0.008006351802
90.45 90.4 90.5 0.009287639601
90.55 90.5 90.6 0.005877027148
90.65 90.6 90.7 0.006000535681
90.75 90.7 90.8 0.006252306
90.85 90.8 90.9 0.005219786787
90.95 90.9 91 0.01036308588
91.05 91 91.1 0.006368118328
91.15 91.1 91.2 0.006025971676
91.25 91.2 91.3 0.007160649395
91.35 91.3 91.4 0.005579704368
91.45 91.4 91.5 0.006804430037
91.55 91.5 91.6 0.00463135607
91.65 91.6 91.7 0.006845959143
91.75 91.7 91.8 0.00490228913
91.85 91.8 91.9 0.003672715096
91.95 91.9 92 0.005207160289
92.05 92 92.1 0.009422553515
92.15 92.1 92.2 0.006547211075
92.25 92.2 92.3 0.007168267718
92.35 92.3 92.4 0.00942017602
92.45 92.4 92.5 0.0103323219
92.55 92.5 92.6 0.01154388172
92.65 92.6 92.7 0.007852185622
92.75 92.7 92.8 0.005241037795
92.85 92.8 92.9 0.002872827582
92.95 92.9 93 0.00537285167
93.05 93 93.1 0.01126131817
93.15 93.1 93.2 0.009472379807
93.25 93.2 93.3 0.01035319784
93.35 93.3 93.4 0.004590976377
93.45 93.4 93.5 0.004166310369
93.55 93.5 93.6 0.007226834967
93.65 93.6 93.7 0.005703301343
93.75 93.7 93.8 0.008987652596
93.85 93.8 93.9 0.007451357654
93.95 93.9 94 0.007189765939
94.05 94 94.1 0.009365890433
94.15 94.1 94.2 0.008888549318
94.25 94.2 94.3 0.00863463785
94.35 94.3 94.4 0.005732594017
94.45 94.4 94.5 0.004361843513
94.55 94.5 94.6 0.005572977803
94.65 94.6 94.7 0.006998138505
94.75 94.7 94.8 0.008394564833
94.85 94.8 94.9 0.007985732044
94.95 94.9 95 0.008816614939
95.05 95 95.1 0.004281360785
95.15 95.1 95.2 0.004182932787
95.25 95.2 95.3 0.009589466053
95.35 95.3 95.4 0.006376771911
95.45 95.4 95.5 0.004840686937
95.55 95.5 95.6 0.005999237319
95.65 95.6 95.7 0.006563900167
95.75 95.7 95.8 0.004571846351
95.85 95.8 95.9 0.001268697686
95.95 95.9 96 0.005315681491
96.05 96 96.1 0.01011447524
96.15 96.1 96.2 0.005295499755
96.25 96.2 96.3 0.005562551188
96.35 96.3 96.4 0.00742217538
96.45 96.4 96.5 0.004002929065
96.55 96.5 96.6 0.006190336846
96.65 96.6 96.7 0.004639448923
96.75 96.7 96.8 0.00466615808
96.85 96.8 96.9 0.004894773075
96.95 96.9 97 0.00211411578
97.05 97 97.1 0.004054769792
97.15 97.1 97.2 0.00613298095
97.25 97.2 97.3 0.008639448459
97.35 97.3 97.4 0.003323098313
97.45 97.4 97.5 0.005465436665
97.55 97.5 97.6 0.00210545888
97.65 97.6 97.7 0.007800496533
97.75 97.7 97.8 0.005163049998
97.85 97.8 97.9 0.006938079264
97.95 97.9 98 0.004635197711
98.05 98 98.1 0.01114244107
98.15 98.1 98.2 0.005269022358
98.25 98.2 98.3 0.005585430394
98.35 98.3 98.4 0.01047281417
98.45 98.4 98.5 0.00178936946
98.55 98.5 98.6 0.003945584343
98.65 98.6 98.7 0.005318680024
98.75 98.7 98.8 0.009908578372
98.85 98.8 98.9 0.007595461695
98.95 98.9 99 0.004549476355
99.05 99 99.1 0.003918356531
99.15 99.1 99.2 0.004450838027
99.25 99.2 99.3 0.006552559923
99.35 99.3 99.4 0.009792936988
99.45 99.4 99.5 0.005013784766
99.55 99.5 99.6 0.008890614599
99.65 99.6 99.7 0.005419087425
99.75 99.7 99.8 0.008581642495
99.85 99.8 99.9 0.005462409437
99.95 99.9 100 0.005917519822
100.05 100 100.1 0.003813814036
100.15 100.1 100.2 0.00514269655
100.25 100.2 100.3 0.009508222378
100.35 100.3 100.4 0.001618900313
100.45 100.4 100.5 0.005809302969
100.55 100.5 100.6 0.003952248321
100.65 100.6 100.7 0.008914382348
100.75 100.7 100.8 0.006347613003
100.85 100.8 100.9 0.008300519061
100.95 100.9 101 0.006329253596
101.05 101 101.1 0.003796076759
101.15 101.1 101.2 0.002551761682
101.25 101.2 101.3 0.006715956019
101.35 101.3 101.4 0.000884339649
101.45 101.4 101.5 0.0003570052946
101.55 101.5 101.6 0.006741350354
101.65 101.6 101.7 0.009715857245
101.75 101.7 101.8 0.005327456014
101.85 101.8 101.9 0.008480196753
101.95 101.9 102 0.004464627239
102.05 102 102.1 0.009193851551
102.15 102.1 102.2 0.005569354942
102.25 102.2 102.3 0.004938081065
102.35 102.3 102.4 0.006814342463
102.45 102.4 102.5 0.005250504037
102.55 102.5 102.6 0.004846214045
102.65 102.6 102.7 -0.002954937228
102.75 102.7 102.8 0.00790629872
102.85 102.8 102.9 0.003604877742
102.95 102.9 103 0.00282148626
103.05 103 103.1 0.005757022236
103.15 103.1 103.2 0.005774902883
103.25 103.2 103.3 0.008071872257
103.35 103.3 103.4 0.003223975123
103.45 103.4 103.5 0.003421510339
103.55 103.5 103.6 0.007247363334
103.65 103.6 103.7 0.001867483759
103.75 103.7 103.8 0.007482795322
103.85 103.8 103.9 0.005577407141
103.95 103.9 104 0.005824656601
104.05 104 104.1 0.005242364272
104.15 104.1 104.2 0.002611887526
104.25 104.2 104.3 0.005928566448
104.35 104.3 104.4 0.004805563071
104.45 104.4 104.5 0.004287941882
104.55 104.5 104.6 0.005821397782
104.65 104.6 104.7 0.0028849256
104.75 104.7 104.8 0.004431242881
104.85 104.8 104.9 0.005999960621
104.95 104.9 105 0.007766944931
105.05 105 105.1 0.008422776624
105.15 105.1 105.2 0.004559543924
105.25 105.2 105.3 0.0008941879729
105.35 105.3 105.4 0.004203549881
105.45 105.4 105.5 0.004184325882
105.55 105.5 105.6 0.007596008841
105.65 105.6 105.7 0.005377499495
105.75 105.7 105.8 0.002896413639
105.85 105.8 105.9 0.0007666419975
105.95 105.9 106 0.006717441326
106.05 106 106.1 0.003840146545
106.15 106.1 106.2 0.005792329352
106.25 106.2 106.3 0.001336236136
106.35 106.3 106.4 0.004721644353
106.45 106.4 106.5 0.008549073771
106.55 106.5 106.6 0.008249889414
106.65 106.6 106.7 0.004527253435
106.75 106.7 106.8 0.004548050495
106.85 106.8 106.9 0.004991789944
106.95 106.9 107 0.003607772521
107.05 107 107.1 0.006733655603
107.15 107.1 107.2 0.006049036374
107.25 107.2 107.3 0.005106878176
107.35 107.3 107.4 0.005680074218
107.45 107.4 107.5 0.002473834988
107.55 107.5 107.6 0.005354808856
107.65 107.6 107.7 0.005133194279
107.75 107.7 107.8 0.005111422011
107.85 107.8 107.9 0.006836952557
107.95 107.9 108 0.006245873068
108.05 108 108.1 0.002048991036
108.15 108.1 108.2 0.005689921217
108.25 108.2 108.3 0.003630060541
108.35 108.3 108.4 0.006553466075
108.45 108.4 108.5 0.007953706301
108.55 108.5 108.6 0.002041956687
108.65 108.6 108.7 0.003608939001
108.75 108.7 108.8 0.00549766703
108.85 108.8 108.9 0.003396848992
108.95 108.9 109 0.005270874733
109.05 109 109.1 0.008751884046
109.15 109.1 109.2 0.003204692264
109.25 109.2 109.3 0.005949959795
109.35 109.3 109.4 0.004001151001
109.45 109.4 109.5 0.002776692267
109.55 109.5 109.6 0.006208014739
109.65 109.6 109.7 0.006120827091
109.75 109.7 109.8 0.003122996211
109.85 109.8 109.9 0.006231351302
109.95 109.9 110 0.001742211808
110.05 110 110.1 0.005615852965
110.15 110.1 110.2 0.001964489118
110.25 110.2 110.3 0.003312577803
110.35 110.3 110.4 0.003919764347
110.45 110.4 110.5 0.004508808612
110.55 110.5 110.6 0.004597801961
110.65 110.6 110.7 0.00200327655
110.75 110.7 110.8 0.001588734344
110.85 110.8 110.9 0.002659436617
110.95 110.9 111 0.005574894016
111.05 111 111.1 0.005886721018
111.15 111.1 111.2 0.003113037312
111.25 111.2 111.3 0.0003274553706
111.35 111.3 111.4 0.0009788262838
111.45 111.4 111.5 0.002939957856
111.55 111.5 111.6 0.003710217869
111.65 111.6 111.7 0.003801098626
111.75 111.7 111.8 0.003122011726
111.85 111.8 111.9 0.002151039257
111.95 111.9 112 0.002236256597
112.05 112 112.1 0.007588438427
112.15 112.1 112.2 0.004640039301
112.25 112.2 112.3 0.008592006684
112.35 112.3 112.4 0.003363602335
112.45 112.4 112.5 0.006544396602
112.55 112.5 112.6 0.001742860227
112.65 112.6 112.7 0.00331947463
112.75 112.7 112.8 0.002756663101
112.85 112.8 112.9 0.005550239802
112.95 112.9 113 0.005088288407
113.05 113 113.1 0.006831010792
113.15 113.1 113.2 0.004975365036
113.25 113.2 113.3 0.002991561466
113.35 113.3 113.4 0.0005522780627
113.45 113.4 113.5 0.001837674002
113.55 113.5 113.6 0.003940531525
113.65 113.6 113.7 0.00315449829
113.75 113.7 113.8 0.004663712632
113.85 113.8 113.9 0.001711198434
113.95 113.9 114 0.002563226219
114.05 114 114.1 0.001239402871
114.15 114.1 114.2 0.007108931361
114.25 114.2 114.3 0.005749857545
114.35 114.3 114.4 0.0003528226052
114.45 114.4 114.5 0.001844526613
114.55 114.5 114.6 0.005561837358
114.65 114.6 114.7 0.00288045942
114.75 114.7 114.8 0.002970216365
114.85 114.8 114.9 0.004554093164
114.95 114.9 115 0.005055220463
115.05 115 115.1 -0.001470277724
115.15 115.1 115.2 0.004724377518
115.25 115.2 115.3 0.005419953932
115.35 115.3 115.4 0.004272832156
115.45 115.4 115.5 0.0009363809201
115.55 115.5 115.6 0.006498212006
115.65 115.6 115.7 0.00564826032
115.75 115.7 115.8 0.00567161631
115.85 115.8 115.9 0.0009496629295
115.95 115.9 116 0.0005430006034
116.05 116 116.1 0.00224161072
116.15 116.1 116.2 0.001800729174
116.25 116.2 116.3 0.003811001145
116.35 116.3 116.4 0.004832029541
116.45 116.4 116.5 0.003494201884
116.55 116.5 116.6 0.004220238887
116.65 116.6 116.7 -0.001735346366
116.75 116.7 116.8 0.004786267164
116.85 116.8 116.9 0.0006788930524
116.95 116.9 117 0.003195523888
117.05 117 117.1 0.002089065318
117.15 117.1 117.2 0.0003495566434
117.25 117.2 117.3 0.004356312046
117.35 117.3 117.4 0.003574193887
117.45 117.4 117.5 0.006330817879
117.55 117.5 117.6 0.003762583943
117.65 117.6 117.7 0.005437160517
117.75 117.7 117.8 0.0008145464598
117.85 117.8 117.9 0.002840328948
117.95 117.9 118 0.004553075173
118.05 118 118.1 0.0003853188046
118.15 118.1 118.2 0.004552848072
118.25 118.2 118.3 0.006554429696
118.35 118.3 118.4 0.001191355256
118.45 118.4 118.5 0.005148975464
118.55 118.5 118.6 0.008273293184
118.65 118.6 118.7 0.0005317148156
118.75 118.7 118.8 0.004492401663
118.85 118.8 118.9 0.003652295366
118.95 118.9 119 0.002432813225
119.05 119 119.1 0.003879193748
119.15 119.1 119.2 0.0004181177432
119.25 119.2 119.3 0.0007506240521
119.35 119.3 119.4 0.0008214989764
119.45 119.4 119.5 0.001653751192
119.55 119.5 119.6 0.003258107339
119.65 119.6 119.7 0.00383336907
119.75 119.7 119.8 0.001933250881
119.85 119.8 119.9 0.00240316746
119.95 119.9 120 0.003817004689
120.05 120 120.1 0.004455499616
120.15 120.1 120.2 0.0004645293348
120.25 120.2 120.3 0.004708431252
120.35 120.3 120.4 -0.0004862109266
120.45 120.4 120.5 0.005256028888
120.55 120.5 120.6 0.002681836627
120.65 120.6 120.7 0.002701110217
120.75 120.7 120.8 0.001250040043
120.85 120.8 120.9 0.004488676093
120.95 120.9 121 0.00132425448
121.05 121 121.1 0.001138909017
121.15 121.1 121.2 0.004291688255
121.25 121.2 121.3 0.002215917534
121.35 121.3 121.4 0.000202274248
121.45 121.4 121.5 0.0007550468566
121.55 121.5 121.6 0.0001438691363
121.65 121.6 121.7 0.006538374759
121.75 121.7 121.8 -0.00166363278
121.85 121.8 121.9 -0.0004263423489
121.95 121.9 122 -0.001103009525
122.05 122 122.1 0.00345597982
122.15 122.1 122.2 0.003178528347
122.25 122.2 122.3 0.00368197609
122.35 122.3 122.4 0.003409986864
122.45 122.4 122.5 0.002955400798
122.55 122.5 122.6 0.002999224584
122.65 122.6 122.7 0.003427942015
122.75 122.7 122.8 0.0002049393337
122.85 122.8 122.9 0.003154218898
122.95 122.9 123 0.002316653394
123.05 123 123.1 0.001894772431
123.15 123.1 123.2 0.004498586438
123.25 123.2 123.3 0.002014267823
123.35 123.3 123.4 0.008299097103
123.45 123.4 123.5 0.004395038797
123.55 123.5 123.6 0.003688312515
123.65 123.6 123.7 0.002944904281
123.75 123.7 123.8 0.002349197198
123.85 123.8 123.9 0.002391517957
123.95 123.9 124 0.00496622831
124.05 124 124.1 0.002468462819
124.15 124.1 124.2 0.001728327395
124.25 124.2 124.3 0.002583314462
124.35 124.3 124.4 0.002233225639
124.45 124.4 124.5 0.001103199936
124.55 124.5 124.6 0.004268535619
124.65 124.6 124.7 0.0005561718681
124.75 124.7 124.8 0.0007858729614
124.85 124.8 124.9 0.004101205869
124.95 124.9 125 0.002715252046
125.05 125 125.1 0.0004797496536
125.15 125.1 125.2 0.002774063792
125.25 125.2 125.3 -7.384943959e-06
125.35 125.3 125.4 0.001741004477
125.45 125.4 125.5 -4.575153887e-05
125.55 125.5 125.6 0.0008365517205
125.65 125.6 125.7 0.0007507372653
125.75 125.7 125.8 0.002907449048
125.85 125.8 125.9 0.001287001212
125.95 125.9 126 0.003216054271
126.05 126 126.1 0.0004519780013
126.15 126.1 126.2 0.002435421898
126.25 126.2 126.3 0.0005986007559
126.35 126.3 126.4 0.001418092331
126.45 126.4 126.5 -9.310095659e-05
126.55 126.5 126.6 0.004410975327
126.65 126.6 126.7 0.002049574974
126.75 126.7 126.8 0.002758813464
126.85 126.8 126.9 0.004445010728
126.95 126.9 127 0.003460079386
127.05 127 127.1 0.0006591081224
127.15 127.1 127.2 0.002990668923
127.25 127.2 127.3 0.001626824834
127.35 127.3 127.4 0.002228859742
127.45 127.4 127.5 0.002932426942
127.55 127.5 127.6 -0.0004039946692
127.65 127.6 127.7 0.001426299989
127.75 127.7 127.8 0.002843964868
127.85 127.8 127.9 0.00263792006
127.95 127.9 128 0.001814122755
128.05 128 128.1 0.001403276621
128.15 128.1 128.2 0.004007582026
128.25 128.2 128.3 0.002521977213
128.35 128.3 128.4 0.0007978302403
128.45 128.4 128.5 0.004790282993
128.55 128.5 128.6 0.00300670691
128.65 128.6 128.7 0.003357993393
128.75 128.7 128.8 0.001829679801
128.85 128.8 128.9 0.000485347421
128.95 128.9 129 0.003608884841
129.05 129 129.1 -0.003802030869
129.15 129.1 129.2 -0.0002972592196
129.25 129.2 129.3 0.00267945153
129.35 129.3 129.4 0.003918146453
129.45 129.4 129.5 0.002347625831
129.55 129.5 129.6 0.001626127082
129.65 129.6 129.7 0.001960077186
129.75 129.7 129.8 0.003700603631
129.85 129.8 129.9 0.00128251463
129.95 129.9 130 0.002221244127
130.05 130 130.1 0.00420911112
130.15 130.1 130.2 0.005816324807
130.25 130.2 130.3 0.003404917497
130.35 130.3 130.4 -0.0003583735186
130.45 130.4 130.5 -0.0008628189215
130.55 130.5 130.6 0.003027962321
130.65 130.6 130.7 0.001347829191
130.75 130.7 130.8 -0.0007016880304
130.85 130.8 130.9 -0.003025196693
130.95 130.9 131 0.003476696015
131.05 131 131.1 0.003876728569
131.15 131.1 131.2 -0.001264442853
131.25 131.2 131.3 0.00124140315
131.35 131.3 131.4 0.001217041918
131.45 131.4 131.5 0.002064426559
131.55 131.5 131.6 0.001948774229
131.65 131.6 131.7 0.002964318564
131.75 131.7 131.8 -0.001115117995
131.85 131.8 131.9 -0.00251856304
131.95 131.9 132 -0.0004599529209
132.05 132 132.1 0.001473234357
132.15 132.1 132.2 -0.0009900892974
132.25 132.2 132.3 0.001479134022
132.35 132.3 132.4 0.0002004969222
132.45 132.4 132.5 0.001306817477
132.55 132.5 132.6 0.001325857858
132.65 132.6 132.7 0.004204698485
132.75 132.7 132.8 -0.002346448718
132.85 132.8 132.9 0.001479467905
132.95 132.9 133 0.002553508324
133.05 133 133.1 0.0003979181481
133.15 133.1 133.2 0.002561348644
133.25 133.2 133.3 -8.594633068e-05
133.35 133.3 133.4 0.0007313052936
133.45 133.4 133.5 -0.001634961596
133.55 133.5 133.6 0.003809020657
133.65 133.6 133.7 0.001440808291
133.75 133.7 133.8 0.0051958615
133.85 133.8 133.9 -0.00153137449
133.95 133.9 134 -0.0003876721108
134.05 134 134.1 0.002207384942
134.15 134.1 134.2 0.001670728142
134.25 134.2 134.3 0.0002757346646
134.35 134.3 134.4 0.000761795626
134.45 134.4 134.5 0.0008255625795
134.55 134.5 134.6 0.0009492685214
134.65 134.6 134.7 -0.003502522771
134.75 134.7 134.8 0.001397031581
134.85 134.8 134.9 0.001261633741
134.95 134.9 135 0.002317279633
135.05 135 135.1 0.003883750407
135.15 135.1 135.2 -0.000429180399
135.25 135.2 135.3 0.0005632998452
135.35 135.3 135.4 0.0004564536178
135.45 135.4 135.5 0.0007316483797
135.55 135.5 135.6 -0.0006077273079
135.65 135.6 135.7 -2.411534106e-05
135.75 135.7 135.8 0.003730522846
135.85 135.8 135.9 -0.001089002491
135.95 135.9 136 -0.001157247463
136.05 136 136.1 -8.942330696e-05
136.15 136.1 136.2 -0.002501274002
136.25 136.2 136.3 0.002005126511
136.35 136.3 136.4 0.001097937578
136.45 136.4 136.5 -0.0008773601455
136.55 136.5 136.6 -0.001846747268
136.65 136.6 136.7 -0.003485948658
136.75 136.7 136.8 -0.001231184305
136.85 136.8 136.9 -0.001294809134
136.95 136.9 137 -0.0009418589582
137.05 137 137.1 -0.0008521372382
137.15 137.1 137.2 -0.0006634779311
137.25 137.2 137.3 0.0007568069925
137.35 137.3 137.4 -0.001248697469
137.45 137.4 137.5 -0.003028532319
137.55 137.5 137.6 0.002067377185
137.65 137.6 137.7 0.002205399932
137.75 137.7 137.8 0.0002454781673
137.85 137.8 137.9 -0.0009917806838
137.95 137.9 138 0.0003399210518
138.05 138 138.1 -0.001402178607
138.15 138.1 138.2 0.002343282947
138.25 138.2 138.3 0.001062747331
138.35 138.3 138.4 0.0003408046721
138.45 138.4 138.5 0.0004913095571
138.55 138.5 138.6 0.001244758683
138.65 138.6 138.7 0.0001209125661
138.75 138.7 138.8 -0.001360304844
138.85 138.8 138.9 -0.0004673704596
138.95 138.9 139 0.002201260194
139.05 139 139.1 0.0008335904976
139.15 139.1 139.2 0.001574942683
139.25 139.2 139.3 -0.001364139405
139.35 139.3 139.4 -0.00011490854
139.45 139.4 139.5 -0.003573142597
139.55 139.5 139.6 -0.002211120353
139.65 139.6 139.7 0.000614622764
139.75 139.7 139.8 0.001314381487
139.85 139.8 139.9 -0.002343053326
139.95 139.9 140 0.001735866168
140.05 140 140.1 0.001027447173
140.15 140.1 140.2 0.0009257005218
140.25 140.2 140.3 -0.004151664276
140.35 140.3 140.4 -0.000842696977
140.45 140.4 140.5 0.0003241309208
140.55 140.5 140.6 -0.0003562949309
140.65 140.6 140.7 0.0007314355193
140.75 140.7 140.8 0.0003219873127
140.85 140.8 140.9 0.001944044498
140.95 140.9 141 -0.003727407704
141.05 141 141.1 0.0009067521285
141.15 141.1 141.2 -0.001280472329
141.25 141.2 141.3 -0.0004449571109
141.35 141.3 141.4 0.002009421148
141.45 141.4 141.5 -0.0002935157984
141.55 141.5 141.6 0.0004151231843
141.65 141.6 141.7 -0.0003716637656
141.75 141.7 141.8 -0.00197058752
141.85 141.8 141.9 -4.833938626e-05
141.95 141.9 142 0.0007488478812
142.05 142 142.1 -0.0004170033766
142.15 142.1 142.2 -0.001738621781
142.25 142.2 142.3 0.002320524432
142.35 142.3 142.4 0.001417732448
142.45 142.4 142.5 0.0007596031296
142.55 142.5 142.6 0.0008090474744
142.65 142.6 142.7 0.001764185122
142.75 142.7 142.8 0.001440092484
142.85 142.8 142.9 0.0007284476916
142.95 142.9 143 -0.0008808928175
143.05 143 143.1 0.002043099999
143.15 143.1 143.2 0.001768636572
143.25 143.2 143.3 -0.001837618991
143.35 143.3 143.4 -0.000390564389
143.45 143.4 143.5 0.001036558757
143.55 143.5 143.6 0.002587261151
143.65 143.6 143.7 0.001408122012
143.75 143.7 143.8 0.002075749107
143.85 143.8 143.9 0.000432675652
143.95 143.9 144 0.002000162046
144.05 144 144.1 -0.0001179041245
144.15 144.1 144.2 0.001718509305
144.25 144.2 144.3 0.001769558548
144.35 144.3 144.4 0.001532000816
144.45 144.4 144.5 0.000764058003
144.55 144.5 144.6 0.004739764595
144.65 144.6 144.7 0.001169615427
144.75 144.7 144.8 9.509418439e-05
144.85 144.8 144.9 0.003206883619
144.95 144.9 145 0.000612419464
145.05 145 145.1 -0.0001763821935
145.15 145.1 145.2 0.001152130504
145.25 145.2 145.3 0.0003470319066
145.35 145.3 145.4 0.001655682277
145.45 145.4 145.5 -0.0009991393685
145.55 145.5 145.6 -0.0006541643634
145.65 145.6 145.7 0.001445246653
145.75 145.7 145.8 0.001315824778
145.85 145.8 145.9 -0.0001856769211
145.95 145.9 146 0.002144696861
146.05 146 146.1 0.0006465395409
146.15 146.1 146.2 0.001100339989
146.25 146.2 146.3 0.001904171407
146.35 146.3 146.4 -0.001570233011
146.45 146.4 146.5 0.002878891654
146.55 146.5 146.6 0.001585528397
146.65 146.6 146.7 -0.002344064705
146.75 146.7 146.8 0.001656451477
146.85 146.8 146.9 0.002999515443
146.95 146.9 147 -0.002453014124
147.05 147 147.1 0.0009121168107
147.15 147.1 147.2 0.0002385295953
147.25 147.2 147.3 -5.669416966e-05
147.35 147.3 147.4 -0.00106755682
147.45 147.4 147.5 -0.003606608391
147.55 147.5 147.6 -0.0008139573288
147.65 147.6 147.7 -0.001117596237
147.75 147.7 147.8 -0.002398057884
147.85 147.8 147.9 -0.001251208542
147.95 147.9 148 -0.0009940119501
148.05 148 148.1 0.003280297985
148.15 148.1 148.2 -0.002175461626
148.25 148.2 148.3 -0.00175280265
148.35 148.3 148.4 -0.001076727523
148.45 148.4 148.5 0.0002741331098
148.55 148.5 148.6 -0.0006613495882
148.65 148.6 148.7 -0.001218885008
148.75 148.7 148.8 0.001912025605
148.85 148.8 148.9 0.002167120888
148.95 148.9 149 0.001560517688
149.05 149 149.1 0.001448939156
149.15 149.1 149.2 -0.002060377843
149.25 149.2 149.3 -0.003491503976
149.35 149.3 149.4 -0.001553484015
149.45 149.4 149.5 -0.002205003855
149.55 149.5 149.6 0.002050495236
149.65 149.6 149.7 -0.003926473805
149.75 149.7 149.8 0.004387025113
149.85 149.8 149.9 -0.002280662824
149.95 149.9 150 -0.0008595753758
150.05 150 150.1 -0.004308011338
150.15 150.1 150.2 -0.002025058273
150.25 150.2 150.3 0.001055574007
150.35 150.3 150.4 0.0007988029302
150.45 150.4 150.5 -0.002214628306
150.55 150.5 150.6 -0.002099299496
150.65 150.6 150.7 -0.004668591947
150.75 150.7 150.8 -0.0008054972273
150.85 150.8 150.9 -0.0002215991339
150.95 150.9 151 0.0006804714063
151.05 151 151.1 -0.003808107215
151.15 151.1 151.2 -0.002641516555
151.25 151.2 151.3 -0.002484536161
151.35 151.3 151.4 0.000902980193
151.45 151.4 151.5 0.002217474365
151.55 151.5 151.6 0.000747522867
151.65 151.6 151.7 -0.002179529354
151.75 151.7 151.8 -0.0001536943445
151.85 151.8 151.9 -0.0006839376586
151.95 151.9 152 -0.001311750049
152.05 152 152.1 -0.002183238854
152.15 152.1 152.2 -0.003372768945
152.25 152.2 152.3 0.001170568651
152.35 152.3 152.4 -0.002411278961
152.45 152.4 152.5 -0.00084145589
152.55 152.5 152.6 0.0002154643132
152.65 152.6 152.7 -0.000494870297
152.75 152.7 152.8 0.000852863701
152.85 152.8 152.9 -0.002111843928
152.95 152.9 153 0.0005589873977
153.05 153 153.1 -0.00172678407
153.15 153.1 153.2 0.001043999688
153.25 153.2 153.3 -0.0009763946526
153.35 153.3 153.4 -0.00281327067
153.45 153.4 153.5 -0.001033843082
153.55 153.5 153.6 -0.0005236862883
153.65 153.6 153.7 -0.003211144864
153.75 153.7 153.8 -0.0002522035473
153.85 153.8 153.9 -0.002211911019
153.95 153.9 154 -0.001303282434
154.05 154 154.1 0.0008978197123
154.15 154.1 154.2 0.001633535476
154.25 154.2 154.3 -0.001170892787
154.35 154.3 154.4 0.0005714899036
154.45 154.4 154.5 0.000352674961
154.55 154.5 154.6 0.001278899408
154.65 154.6 154.7 -0.0003700328936
154.75 154.7 154.8 -7.774468489e-05
154.85 154.8 154.9 0.001225772559
154.95 154.9 155 0.0001736780528
155.05 155 155.1 -0.001109678278
155.15 155.1 155.2 -0.00334972444
155.25 155.2 155.3 -0.004846574044
155.35 155.3 155.4 0.0002064924008
155.45 155.4 155.5 -0.0007529900593
155.55 155.5 155.6 9.838909009e-05
155.65 155.6 155.7 0.001054777938
155.75 155.7 155.8 0.0009314047831
155.85 155.8 155.9 -5.222862459e-05
155.95 155.9 156 -0.001473030623
156.05 156 156.1 -0.0008559862222
156.15 156.1 156.2 -0.001765799422
156.25 156.2 156.3 -0.0005118379806
156.35 156.3 156.4 -0.001789988425
156.45 156.4 156.5 -0.0008923593618
156.55 156.5 156.6 -0.0009738878533
156.65 156.6 156.7 -0.0003982741959
156.75 156.7 156.8 0.0004716065959
156.85 156.8 156.9 -0.0001708095624
156.95 156.9 157 0.001997100382
157.05 157 157.1 0.003303773267
157.15 157.1 157.2 -0.001197251775
157.25 157.2 157.3 9.615457183e-05
157.35 157.3 157.4 -0.001863885984
157.45 157.4 157.5 0.00157969729
157.55 157.5 157.6 -0.0007764547312
157.65 157.6 157.7 -0.0014095629
157.75 157.7 157.8 -0.001030072736
157.85 157.8 157.9 -0.0005574630365
157.95 157.9 158 -0.0007611481997
158.05 158 158.1 0.0003614514058
158.15 158.1 158.2 0.0006871631671
158.25 158.2 158.3 -0.0009186189837
158.35 158.3 158.4 -0.0004101779152
158.45 158.4 158.5 0.000126636013
158.55 158.5 158.6 -0.0001526507086
158.65 158.6 158.7 -0.001128300965
158.75 158.7 158.8 -0.001884358562
158.85 158.8 158.9 0.0003002790665
158.95 158.9 159 0.0006836854132
159.05 159 159.1 -0.00181792436
159.15 159.1 159.2 0.001079139956
159.25 159.2 159.3 -0.001937493804
159.35 159.3 159.4 -0.001471501243
159.45 159.4 159.5 0.0001102068392
159.55 159.5 159.6 -0.002220298685
159.65 159.6 159.7 -0.001699956726
159.75 159.7 159.8 -0.001354513138
159.85 159.8 159.9 -0.002282996941
159.95 159.9 160 -0.0006870468814
160.05 160 160.1 -0.0002133254984
160.15 160.1 160.2 0.001950963025
160.25 160.2 160.3 0.00161586431
160.35 160.3 160.4 0.001164595708
160.45 160.4 160.5 -0.001810697355
160.55 160.5 160.6 -0.0008673681592
160.65 160.6 160.7 -0.0006191085111
160.75 160.7 160.8 2.707512808e-05
160.85 160.8 160.9 -0.001714365991
160.95 160.9 161 -0.0001499844234
161.05 161 161.1 0.002310091786
161.15 161.1 161.2 0.002213333444
161.25 161.2 161.3 3.990854125e-05
161.35 161.3 161.4 -0.00238867321
161.45 161.4 161.5 -0.0007773075449
161.55 161.5 161.6 0.0006798882133
161.65 161.6 161.7 0.0008941756632
161.75 161.7 161.8 -0.001102643581
161.85 161.8 161.9 9.612290885e-05
161.95 161.9 162 -9.395074294e-05
162.05 162 162.1 -0.001158048478
162.15 162.1 162.2 2.065250145e-05
162.25 162.2 162.3 0.002370055437
162.35 162.3 162.4 -0.0002711628885
162.45 162.4 162.5 -0.001834976624
162.55 162.5 162.6 0.001026546946
162.65 162.6 162.7 -0.000428463297
162.75 162.7 162.8 0.001281729515
162.85 162.8 162.9 0.0004134022814
162.95 162.9 163 -0.001250911993
163.05 163 163.1 0.0002340665648
163.15 163.1 163.2 -0.003189203044
163.25 163.2 163.3 0.002009900979
163.35 163.3 163.4 -0.0002525085777
163.45 163.4 163.5 0.0001994721777
163.55 163.5 163.6 -0.00156897485
163.65 163.6 163.7 0.0002002005672
163.75 163.7 163.8 -0.001471685555
163.85 163.8 163.9 -0.001935940049
163.95 163.9 164 0.0006306967364
164.05 164 164.1 -0.001935357448
164.15 164.1 164.2 -0.0003851612154
164.25 164.2 164.3 -2.568606891e-05
164.35 164.3 164.4 0.0005595301563
164.45 164.4 164.5 0.0007631465305
164.55 164.5 164.6 -9.96116136e-05
164.65 164.6 164.7 0.0001115669556
164.75 164.7 164.8 0.0005523537755
164.85 164.8 164.9 -0.001075042714
164.95 164.9 165 0.001272291459
165.05 165 165.1 -0.001283642016
165.15 165.1 165.2 -0.000105317112
165.25 165.2 165.3 -0.0004007880216
165.35 165.3 165.4 0.000325966127
165.45 165.4 165.5 -0.00129335857
165.55 165.5 165.6 0.0006158960653
165.65 165.6 165.7 0.001026704903
165.75 165.7 165.8 -0.0007982977017
165.85 165.8 165.9 0.0003780416196
165.95 165.9 166 6.143873906e-05
166.05 166 166.1 -0.0009547702465
166.15 166.1 166.2 -0.001329743692
166.25 166.2 166.3 -0.001059192183
166.35 166.3 166.4 0.0008975974441
166.45 166.4 166.5 -0.001369115748
166.55 166.5 166.6 -0.001713922317
166.65 166.6 166.7 -0.001445136999
166.75 166.7 166.8 -2.00440977e-05
166.85 166.8 166.9 0.0003190956805
166.95 166.9 167 -0.001565680419
167.05 167 167.1 0.001144407566
167.15 167.1 167.2 -0.0004736617637
167.25 167.2 167.3 0.002635949471
167.35 167.3 167.4 -0.003720337839
167.45 167.4 167.5 -0.001926059161
167.55 167.5 167.6 -0.002992404425
167.65 167.6 167.7 0.0004673905346
167.75 167.7 167.8 0.0007020367202
167.85 167.8 167.9 0.0007618198007
167.95 167.9 168 0.0007661154462
168.05 168 168.1 -0.0008072004587
168.15 168.1 168.2 0.0001209909256
168.25 168.2 168.3 0.0001198253892
168.35 168.3 168.4 0.0002025397621
168.45 168.4 168.5 -0.001823124998
168.55 168.5 168.6 -0.001174730559
168.65 168.6 168.7 0.001617503057
168.75 168.7 168.8 -8.811126133e-05
168.85 168.8 168.9 4.182757661e-05
168.95 168.9 169 0.0009510781796
169.05 169 169.1 0.0004051381775
169.15 169.1 169.2 0.00106095977
169.25 169.2 169.3 -0.0008317225917
169.35 169.3 169.4 -9.223036976e-05
169.45 169.4 169.5 -0.0004098323594
169.55 169.5 169.6 0.001877759123
169.65 169.6 169.7 -0.0009543263188
169.75 169.7 169.8 -0.003040216348
169.85 169.8 169.9 0.0001877272474
169.95 169.9 170 0.0002114135073
170.05 170 170.1 0.001920202081
170.15 170.1 170.2 -0.001008705614
170.25 170.2 170.3 0.0006565796828
170.35 170.3 170.4 -0.000595689034
170.45 170.4 170.5 -0.0007092823814
170.55 170.5 170.6 0.001294849786
170.65 170.6 170.7 0.002057255831
170.75 170.7 170.8 -0.001248485543
170.85 170.8 170.9 -0.0003251831276
170.95 170.9 171 -0.001180509544
171.05 171 171.1 0.001054341019
171.15 171.1 171.2 -0.00200558583
171.25 171.2 171.3 0.003420542145
171.35 171.3 171.4 -0.001224262777
171.45 171.4 171.5 0.001020493762
171.55 171.5 171.6 0.0006214253514
171.65 171.6 171.7 -0.002982667747
171.75 171.7 171.8 -0.0009153669529
171.85 171.8 171.9 -0.002396588474
171.95 171.9 172 -0.0006446358474
172.05 172 172.1 -0.001457159108
172.15 172.1 172.2 -0.0005867202758
172.25 172.2 172.3 0.001152133207
172.35 172.3 172.4 -0.00173714134
172.45 172.4 172.5 3.614079865e-05
172.55 172.5 172.6 0.0007735033518
172.65 172.6 172.7 -0.003178565835
172.75 172.7 172.8 0.0011009605
172.85 172.8 172.9 0.001675692578
172.95 172.9 173 0.00283698704
173.05 173 173.1 -0.001753630382
173.15 173.1 173.2 -0.0009155561791
173.25 173.2 173.3 0.0006022240039
173.35 173.3 173.4 -0.002096144626
173.45 173.4 173.5 -0.001825925814
173.55 173.5 173.6 -0.0002841608408
173.65 173.6 173.7 -0.0008207907286
173.75 173.7 173.8 -0.001591710365
173.85 173.8 173.9 -0.0004404330431
173.95 173.9 174 0.001055163357
174.05 174 174.1 -0.001549019241
174.15 174.1 174.2 -0.00167720242
174.25 174.2 174.3 0.0005206301674
174.35 174.3 174.4 -0.001591490472
174.45 174.4 174.5 -0.002173943366
174.55 174.5 174.6 -0.0001478058697
174.65 174.6 174.7 -3.81786362e-05
174.75 174.7 174.8 -0.0007765338611
174.85 174.8 174.9 -0.00083248012
174.95 174.9 175 -0.002533378205
175.05 175 175.1 -0.00279609278
175.15 175.1 175.2 0.0001938411761
175.25 175.2 175.3 -0.0008994573082
175.35 175.3 175.4 -0.001262402503
175.45 175.4 175.5 -0.003112458476
175.55 175.5 175.6 0.000958298895
175.65 175.6 175.7 -0.001872059954
175.75 175.7 175.8 -0.001946506409
175.85 175.8 175.9 -0.003606965913
175.95 175.9 176 -0.002460097057
176.05 176 176.1 -0.001076636396
176.15 176.1 176.2 -0.001704820122
176.25 176.2 176.3 0.0007804791673
176.35 176.3 176.4 -0.002345082996
176.45 176.4 176.5 -0.003211128854
176.55 176.5 176.6 -0.001767623062
176.65 176.6 176.7 -0.001996891758
176.75 176.7 176.8 -0.001613798528
176.85 176.8 176.9 -0.00168898734
176.95 176.9 177 0.0006687894746
177.05 177 177.1 -0.0006838698093
177.15 177.1 177.2 -0.001266808166
177.25 177.2 177.3 -0.002816083423
177.35 177.3 177.4 -0.001017529732
177.45 177.4 177.5 -0.002251215554
177.55 177.5 177.6 1.617061296e-05
177.65 177.6 177.7 -0.001707543018
177.75 177.7 177.8 -0.0007291392066
177.85 177.8 177.9 -0.004843611298
177.95 177.9 178 0.001059400429
178.05 178 178.1 -0.004109986046
178.15 178.1 178.2 -0.001333649664
178.25 178.2 178.3 -0.004139946232
178.35 178.3 178.4 -0.0001975214701
178.45 178.4 178.5 -0.005949879917
178.55 178.5 178.6 0.001472993078
178.65 178.6 178.7 -0.001626067898
178.75 178.7 178.8 -0.001718376621
178.85 178.8 178.9 -0.001184557811
178.95 178.9 179 -0.001067249739
179.05 179 179.1 -0.001905382361
179.15 179.1 179.2 -0.0009263851292
179.25 179.2 179.3 -0.001834561138
179.35 179.3 179.4 -0.002075127571
179.45 179.4 179.5 -0.0003532956673
179.55 179.5 179.6 0.0002477971864
179.65 179.6 179.7 -0.002620545685
179.75 179.7 179.8 -0.001309885263
179.85 179.8 179.9 -0.0009073569114
179.95 179.9 180 -0.001158809363
180.05 180 180.1 5.377407861e-05
180.15 180.1 180.2 -0.001158013374
180.25 180.2 180.3 -0.0001039903635
180.35 180.3 180.4 -0.001484594876
180.45 180.4 180.5 -0.003995685423
180.55 180.5 180.6 -0.002626904572
180.65 180.6 180.7 0.0003443485317
180.75 180.7 180.8 -0.000242817959
180.85 180.8 180.9 0.0006424638536
180.95 180.9 181 -0.00131125861
181.05 181 181.1 -0.0005489060912
181.15 181.1 181.2 0.000679850774
181.25 181.2 181.3 -0.004050961261
181.35 181.3 181.4 -0.001840952725
181.45 181.4 181.5 -0.001968830317
181.55 181.5 181.6 -0.001788791877
181.65 181.6 181.7 0.0008795077997
181.75 181.7 181.8 -2.417355399e-05
181.85 181.8 181.9 -0.0007273646311
181.95 181.9 182 -0.001229994132
182.05 182 182.1 -0.0005594380526
182.15 182.1 182.2 -0.002849275999
182.25 182.2 182.3 -0.0003417538193
182.35 182.3 182.4 -0.00193054265
182.45 182.4 182.5 -0.0007866933052
182.55 182.5 182.6 -0.0009836885168
182.65 182.6 182.7 5.352077775e-05
182.75 182.7 182.8 -0.001605322498
182.85 182.8 182.9 0.002199170126
182.95 182.9 183 -0.001332486564
183.05 183 183.1 -0.001392152529
183.15 183.1 183.2 -0.0004493476509
183.25 183.2 183.3 -0.001642238148
183.35 183.3 183.4 -0.001247457474
183.45 183.4 183.5 -0.0007603814634
183.55 183.5 183.6 -0.002656956709
183.65 183.6 183.7 0.0002748357158
183.75 183.7 183.8 -0.001693827536
183.85 183.8 183.9 -0.002731071811
183.95 183.9 184 -0.0008449572727
184.05 184 184.1 -0.0006039006432
184.15 184.1 184.2 0.001063080889
184.25 184.2 184.3 -0.002572261191
184.35 184.3 184.4 -0.001519712223
184.45 184.4 184.5 -0.001410758094
184.55 184.5 184.6 -0.00135272812
184.65 184.6 184.7 -0.001992365382
184.75 184.7 184.8 -0.0001521075084
184.85 184.8 184.9 -0.002296329489
184.95 184.9 185 -0.002108328099
185.05 185 185.1 -0.0002210791453
185.15 185.1 185.2 -0.00212041183
185.25 185.2 185.3 -0.001535460065
185.35 185.3 185.4 -0.003819383176
185.45 185.4 185.5 -0.001986944685
185.55 185.5 185.6 0.001089690459
185.65 185.6 185.7 -0.001193670266
185.75 185.7 185.8 -0.001017846394
185.85 185.8 185.9 -0.0005180292263
185.95 185.9 186 -0.001865568478
186.05 186 186.1 0.0007636634899
186.15 186.1 186.2 -0.0008177635463
186.25 186.2 186.3 0.0009459394103
186.35 186.3 186.4 -0.0009725277322
186.45 186.4 186.5 -0.001001942662
186.55 186.5 186.6 -0.001530304218
186.65 186.6 186.7 -0.001540827304
186.75 186.7 186.8 -0.003099195568
186.85 186.8 186.9 0.0001258930616
186.95 186.9 187 8.10327376e-06
187.05 187 187.1 0.0006429403753
187.15 187.1 187.2 -0.001210038007
187.25 187.2 187.3 -0.002795929396
187.35 187.3 187.4 -0.001431915342
187.45 187.4 187.5 -0.002347251868
187.55 187.5 187.6 -0.001171085
187.65 187.6 187.7 0.001717717351
187.75 187.7 187.8 -0.0005271727402
187.85 187.8 187.9 0.0004568562819
187.95 187.9 188 -0.0004918341618
188.05 188 188.1 -0.000742603449
188.15 188.1 188.2 -0.002724340953
188.25 188.2 188.3 -0.00115078712
188.35 188.3 188.4 -0.00308219105
188.45 188.4 188.5 -9.163759877e-05
188.55 188.5 188.6 -0.001310089361
188.65 188.6 188.7 -0.002923982147
188.75 188.7 188.8 -0.001852065646
188.85 188.8 188.9 -0.00087205177
188.95 188.9 189 0.0005644796515
189.05 189 189.1 -0.00208893555
189.15 189.1 189.2 0.000339125122
189.25 189.2 189.3 -0.001891713338
189.35 189.3 189.4 -0.0006127451126
189.45 189.4 189.5 0.000189205993
189.55 189.5 189.6 -0.001042857832
189.65 189.6 189.7 -0.001159717697
189.75 189.7 189.8 -0.00162448017
189.85 189.8 189.9 0.00119261585
189.95 189.9 190 -0.0009783009372
190.05 190 190.1 -0.001035088035
190.15 190.1 190.2 0.0008942432525
190.25 190.2 190.3 -0.0002626905374
190.35 190.3 190.4 -0.0002985708683
190.45 190.4 190.5 0.0001061729582
190.55 190.5 190.6 0.0004894030471
190.65 190.6 190.7 -0.001987504114
190.75 190.7 190.8 -0.002716614033
190.85 190.8 190.9 0.0009947639171
190.95 190.9 191 0.0008488508271
191.05 191 191.1 -0.002179501821
191.15 191.1 191.2 0.001354276992
191.25 191.2 191.3 0.0007308473783
191.35 191.3 191.4 -0.0001808010202
191.45 191.4 191.5 0.0003597589939
191.55 191.5 191.6 0.001013021973
191.65 191.6 191.7 -0.0007521431613
191.75 191.7 191.8 -0.0006032797668
191.85 191.8 191.9 -2.915105342e-05
191.95 191.9 192 0.0004873337407
192.05 192 192.1 -6.326154121e-05
192.15 192.1 192.2 0.0007629519838
192.25 192.2 192.3 0.001335316439
192.35 192.3 192.4 -0.0007463465784
192.45 192.4 192.5 -0.002768393768
192.55 192.5 192.6 -0.0002621299093
192.65 192.6 192.7 -0.002958429386
192.75 192.7 192.8 -0.0001144218676
192.85 192.8 192.9 -0.0009973449939
192.95 192.9 193 0.0005879656227
193.05 193 193.1 -0.0009114637214
193.15 193.1 193.2 0.001325577789
193.25 193.2 193.3 -0.001312964718
193.35 193.3 193.4 -0.00113776536
193.45 193.4 193.5 0.000153112022
193.55 193.5 193.6 -0.0005939400455
193.65 193.6 193.7 -0.002488843097
193.75 193.7 193.8 -0.0005969528971
193.85 193.8 193.9 0.001259487877
193.95 193.9 194 0.0006465299287
194.05 194 194.1 -0.0003009009579
194.15 194.1 194.2 -0.0005398405669
194.25 194.2 194.3 0.001521172038
194.35 194.3 194.4 -0.0006354948939
194.45 194.4 194.5 -0.002134317298
194.55 194.5 194.6 -0.0008447748791
194.65 194.6 194.7 -0.001929175121
194.75 194.7 194.8 -0.001439187748
194.85 194.8 194.9 -0.001468876222
194.95 194.9 195 -0.001668996726
195.05 195 195.1 -0.0007294712373
195.15 195.1 195.2 -0.001238205235
195.25 195.2 195.3 -0.00139109939
195.35 195.3 195.4 -0.0002198779407
195.45 195.4 195.5 -0.0006161548149
195.55 195.5 195.6 -0.001971113569
195.65 195.6 195.7 -0.001547898379
195.75 195.7 195.8 0.0002042881644
195.85 195.8 195.9 0.0002945818584
195.95 195.9 196 -0.002989726953
196.05 196 196.1 -0.0009849691964
196.15 196.1 196.2 0.002486630838
196.25 196.2 196.3 0.0007006848301
196.35 196.3 196.4 -0.0005997960337
196.45 196.4 196.5 -0.001423800251
196.55 196.5 196.6 0.001115399123
196.65 196.6 196.7 -0.0006040620089
196.75 196.7 196.8 -0.0005497493778
196.85 196.8 196.9 -0.001813184791
196.95 196.9 197 0.001719335081
197.05 197 197.1 -0.001394034631
197.15 197.1 197.2 -0.001663758034
197.25 197.2 197.3 0.001508135875
197.35 197.3 197.4 -0.00383011767
197.45 197.4 197.5 -0.0003165522303
197.55 197.5 197.6 -0.0002399601029
197.65 197.6 197.7 0.001449891595
197.75 197.7 197.8 -0.0009960891559
197.85 197.8 197.9 0.0005714048401
197.95 197.9 198 0.000217455237
198.05 198 198.1 0.001273420355
198.15 198.1 198.2 0.0007885202135
198.25 198.2 198.3 -0.001172286709
198.35 198.3 198.4 0.0003694223051
198.45 198.4 198.5 -0.000620707458
198.55 198.5 198.6 -0.003002064912
198.65 198.6 198.7 -0.000727608026
198.75 198.7 198.8 -0.0009442902541
198.85 198.8 198.9 -0.002509901179
198.95 198.9 199 -0.001748041436
199.05 199 199.1 0.0009103651959
199.15 199.1 199.2 0.0005509648767
199.25 199.2 199.3 -0.0009542293729
199.35 199.3 199.4 -0.0007470128048
199.45 199.4 199.5 -0.000360055867
199.55 199.5 199.6 -0.004426812147
199.65 199.6 199.7 0.0001204602951
199.75 199.7 199.8 -0.002050267844
199.85 199.8 199.9 -0.0002473396846
199.95 199.9 200 -0.001158531769
