# Columns: s_cen(1) s_min(2) s_max(3) xi_iso(4)
0.05 0 0.1 37.00038255
0.15 0.1 0.2 11.78144374
0.25 0.2 0.3 15.8235019
0.35 0.3 0.4 16.70282633
0.45 0.4 0.5 21.15439109
0.55 0.5 0.6 22.56302414
0.65 0.6 0.7 21.65462975
0.75 0.7 0.8 21.71233143
0.85 0.8 0.9 20.71159151
0.95 0.9 1 21.58786776
1.05 1 1.1 19.87991296
1.15 1.1 1.2 18.66816684
1.25 1.2 1.3 18.99986997
1.35 1.3 1.4 17.46529905
1.45 1.4 1.5 16.64236979
1.55 1.5 1.6 15.61972518
1.65 1.6 1.7 15.0347469
1.75 1.7 1.8 14.23115616
1.85 1.8 1.9 13.75229209
1.95 1.9 2 12.7241614
2.05 2 2.1 11.59389096
2.15 2.1 2.2 11.16660105
2.25 2.2 2.3 10.61820206
2.35 2.3 2.4 9.52311822
2.45 2.4 2.5 9.305612748
2.55 2.5 2.6 8.709745236
2.65 2.6 2.7 8.257603908
2.75 2.7 2.8 8.156505388
2.85 2.8 2.9 7.335853646
2.95 2.9 3 6.80066829
3.05 3 3.1 6.61265613
3.15 3.1 3.2 6.43251701
3.25 3.2 3.3 6.001986946
3.35 3.3 3.4 5.87487543
3.45 3.4 3.5 5.607736052
3.55 3.5 3.6 5.34014863
3.65 3.6 3.7 5.162810722
3.75 3.7 3.8 5.094035765
3.85 3.8 3.9 4.75942254
3.95 3.9 4 4.678182255
4.05 4 4.1 4.282566546
4.15 4.1 4.2 4.305207392
4.25 4.2 4.3 4.281175343
4.35 4.3 4.4 4.051914241
4.45 4.4 4.5 3.829971723
4.55 4.5 4.6 3.768339751
4.65 4.6 4.7 3.719448107
4.75 4.7 4.8 3.631794853
4.85 4.8 4.9 3.541086464
4.95 4.9 5 3.487709495
5.05 5 5.1 3.316680458
5.15 5.1 5.2 3.191744568
5.25 5.2 5.3 3.087165486
5.35 5.3 5.4 3.036033758
5.45 5.4 5.5 2.94674201
5.55 5.5 5.6 2.858975979
5.65 5.6 5.7 2.728439487
5.75 5.7 5.8 2.750461634
5.85 5.8 5.9 2.662962817
5.95 5.9 6 2.545775195
6.05 6 6.1 2.444914319
6.15 6.1 6.2 2.423903842
6.25 6.2 6.3 2.335274341
6.35 6.3 6.4 2.319318316
6.45 6.4 6.5 2.226093219
6.55 6.5 6.6 2.237729261
6.65 6.6 6.7 2.113258749
6.75 6.7 6.8 2.127525297
6.85 6.8 6.9 2.027547611
6.95 6.9 7 2.025340618
7.05 7 7.1 1.933205666
7.15 7.1 7.2 1.963963128
7.25 7.2 7.3 1.920781824
7.35 7.3 7.4 1.855764254
7.45 7.4 7.5 1.86724287
7.55 7.5 7.6 1.777452299
7.65 7.6 7.7 1.728547604
7.75 7.7 7.8 1.717304911
7.85 7.8 7.9 1.714016478
7.95 7.9 8 1.612882341
8.05 8 8.1 1.658796378
8.15 8.1 8.2 1.586536176
8.25 8.2 8.3 1.48378357
8.35 8.3 8.4 1.506816589
8.45 8.4 8.5 1.445588148
8.55 8.5 8.6 1.422951287
8.65 8.6 8.7 1.429156795
8.75 8.7 8.8 1.398718146
8.85 8.8 8.9 1.330926952
8.95 8.9 9 1.343246949
9.05 9 9.1 1.323986122
9.15 9.1 9.2 1.26917421
9.25 9.2 9.3 1.252626364
9.35 9.3 9.4 1.21742778
9.45 9.4 9.5 1.166033822
9.55 9.5 9.6 1.182562487
9.65 9.6 9.7 1.16337719
9.75 9.7 9.8 1.167379843
9.85 9.8 9.9 1.122568427
9.95 9.9 10 1.065152205
10.05 10 10.1 1.0927303
10.15 10.1 10.2 1.048394473
10.25 10.2 10.3 1.009679179
10.35 10.3 10.4 1.005731409
10.45 10.4 10.5 1.00366221
10.55 10.5 10.6 0.9931389725
10.65 10.6 10.7 0.9794943185
10.75 10.7 10.8 0.9563398183
10.85 10.8 10.9 0.9169669445
10.95 10.9 11 0.9270288364
11.05 11 11.1 0.9112405481
11.15 11.1 11.2 0.9080338938
11.25 11.2 11.3 0.9005593091
11.35 11.3 11.4 0.868389711
11.45 11.4 11.5 0.8453704146
11.55 11.5 11.6 0.8420737805
11.65 11.6 11.7 0.8210466886
11.75 11.7 11.8 0.8042203763
11.85 11.8 11.9 0.7823123573
11.95 11.9 12 0.7882735864
12.05 12 12.1 0.7841686901
12.15 12.1 12.2 0.7643807402
12.25 12.2 12.3 0.7656709287
12.35 12.3 12.4 0.714962677
12.45 12.4 12.5 0.711061792
12.55 12.5 12.6 0.7195371907
12.65 12.6 12.7 0.6899973006
12.75 12.7 12.8 0.6982493504
12.85 12.8 12.9 0.6905712443
12.95 12.9 13 0.6722500784
13.05 13 13.1 0.6772171439
13.15 13.1 13.2 0.6551241869
13.25 13.2 13.3 0.6447766397
13.35 13.3 13.4 0.6222746661
13.45 13.4 13.5 0.6260830926
13.55 13.5 13.6 0.6229329655
13.65 13.6 13.7 0.619653303
13.75 13.7 13.8 0.6013864077
13.85 13.8 13.9 0.5845200219
13.95 13.9 14 0.5888376692
14.05 14 14.1 0.5658511338
14.15 14.1 14.2 0.570054166
14.25 14.2 14.3 0.5512381389
14.35 14.3 14.4 0.5585241848
14.45 14.4 14.5 0.5765128086
14.55 14.5 14.6 0.5312421748
14.65 14.6 14.7 0.546208878
14.75 14.7 14.8 0.5120082099
14.85 14.8 14.9 0.5260802569
14.95 14.9 15 0.5089671403
15.05 15 15.1 0.5115430402
15.15 15.1 15.2 0.5015168314
15.25 15.2 15.3 0.4919120162
15.35 15.3 15.4 0.4913521045
15.45 15.4 15.5 0.484099637
15.55 15.5 15.6 0.4738184613
15.65 15.6 15.7 0.4585928804
15.75 15.7 15.8 0.4624381437
15.85 15.8 15.9 0.4633573294
15.95 15.9 16 0.4518984925
16.05 16 16.1 0.4425517978
16.15 16.1 16.2 0.4379773123
16.25 16.2 16.3 0.4315855654
16.35 16.3 16.4 0.4261383601
16.45 16.4 16.5 0.4290046427
16.55 16.5 16.6 0.4149585078
16.65 16.6 16.7 0.4384871219
16.75 16.7 16.8 0.4255565715
16.85 16.8 16.9 0.4146520212
16.95 16.9 17 0.3942426686
17.05 17 17.1 0.39707058
17.15 17.1 17.2 0.3937945304
17.25 17.2 17.3 0.373336252
17.35 17.3 17.4 0.3768003406
17.45 17.4 17.5 0.3799755427
17.55 17.5 17.6 0.3789654889
17.65 17.6 17.7 0.3710576193
17.75 17.7 17.8 0.3763131894
17.85 17.8 17.9 0.3684085459
17.95 17.9 18 0.3551767111
18.05 18 18.1 0.3568941904
18.15 18.1 18.2 0.3630461328
18.25 18.2 18.3 0.3521414725
18.35 18.3 18.4 0.3314699807
18.45 18.4 18.5 0.3525119934
18.55 18.5 18.6 0.3515245999
18.65 18.6 18.7 0.3415450218
18.75 18.7 18.8 0.313554778
18.85 18.8 18.9 0.3279255291
18.95 18.9 19 0.3199336261
19.05 19 19.1 0.3077119234
19.15 19.1 19.2 0.3161309651
19.25 19.2 19.3 0.3143214751
19.35 19.3 19.4 0.3139762713
19.45 19.4 19.5 0.3003008062
19.55 19.5 19.6 0.2908978897
19.65 19.6 19.7 0.2901994191
19.75 19.7 19.8 0.3019630315
19.85 19.8 19.9 0.2895642271
19.95 19.9 20 0.2905664141
20.05 20 20.1 0.2892844683
20.15 20.1 20.2 0.2875785028
20.25 20.2 20.3 0.2724109985
20.35 20.3 20.4 0.2699335414
20.45 20.4 20.5 0.2809484665
20.55 20.5 20.6 0.2437663648
20.65 20.6 20.7 0.2556525408
20.75 20.7 20.8 0.2602714108
20.85 20.8 20.9 0.2680521955
20.95 20.9 21 0.2469604297
21.05 21 21.1 0.2595501493
21.15 21.1 21.2 0.245232829
21.25 21.2 21.3 0.2366867685
21.35 21.3 21.4 0.2493071668
21.45 21.4 21.5 0.2521013155
21.55 21.5 21.6 0.2441090641
21.65 21.6 21.7 0.242520537
21.75 21.7 21.8 0.246055917
21.85 21.8 21.9 0.2414041012
21.95 21.9 22 0.2277147017
22.05 22 22.1 0.2371008518
22.15 22.1 22.2 0.2263384851
22.25 22.2 22.3 0.2240821628
22.35 22.3 22.4 0.2154518041
22.45 22.4 22.5 0.2230506535
22.55 22.5 22.6 0.2226795556
22.65 22.6 22.7 0.219816609
22.75 22.7 22.8 0.2273754162
22.85 22.8 22.9 0.2195634824
22.95 22.9 23 0.2142083046
23.05 23 23.1 0.2076805647
23.15 23.1 23.2 0.2214935348
23.25 23.2 23.3 0.1996701099
23.35 23.3 23.4 0.2102806607
23.45 23.4 23.5 0.198471603
23.55 23.5 23.6 0.205517615
23.65 23.6 23.7 0.1994535006
23.75 23.7 23.8 0.1885640705
23.85 23.8 23.9 0.1958944659
23.95 23.9 24 0.1982216104
24.05 24 24.1 0.1919607426
24.15 24.1 24.2 0.1848719642
24.25 24.2 24.3 0.1790640193
24.35 24.3 24.4 0.1864642485
24.45 24.4 24.5 0.1884137128
24.55 24.5 24.6 0.1864558539
24.65 24.6 24.7 0.1878753158
24.75 24.7 24.8 0.1743796878
24.85 24.8 24.9 0.1788366854
24.95 24.9 25 0.1794496239
25.05 25 25.1 0.1775421885
25.15 25.1 25.2 0.1770635622
25.25 25.2 25.3 0.1757647978
25.35 25.3 25.4 0.162685102
25.45 25.4 25.5 0.1632929446
25.55 25.5 25.6 0.1681903546
25.65 25.6 25.7 0.164878752
25.75 25.7 25.8 0.1574296697
25.85 25.8 25.9 0.1664410768
25.95 25.9 26 0.1554609981
26.05 26 26.1 0.1624114007
26.15 26.1 26.2 0.1621099318
26.25 26.2 26.3 0.1614051739
26.35 26.3 26.4 0.1526595986
26.45 26.4 26.5 0.1517395612
26.55 26.5 26.6 0.1475798547
26.65 26.6 26.7 0.1543156359
26.75 26.7 26.8 0.1525504896
26.85 26.8 26.9 0.1414307821
26.95 26.9 27 0.1479346338
27.05 27 27.1 0.1476954724
27.15 27.1 27.2 0.1469701513
27.25 27.2 27.3 0.1386581957
27.35 27.3 27.4 0.147238171
27.45 27.4 27.5 0.1364061103
27.55 27.5 27.6 0.1379938424
27.65 27.6 27.7 0.1358532895
27.75 27.7 27.8 0.1452839646
27.85 27.8 27.9 0.1426842395
27.95 27.9 28 0.137853888
28.05 28 28.1 0.132329068
28.15 28.1 28.2 0.1397969384
28.25 28.2 28.3 0.1329483414
28.35 28.3 28.4 0.1311832157
28.45 28.4 28.5 0.1371450098
28.55 28.5 28.6 0.133415891
28.65 28.6 28.7 0.1261971713
28.75 28.7 28.8 0.1236233734
28.85 28.8 28.9 0.1268326796
28.95 28.9 29 0.1253473786
29.05 29 29.1 0.121135042
29.15 29.1 29.2 0.1259683439
29.25 29.2 29.3 0.1170397373
29.35 29.3 29.4 0.1191159593
29.45 29.4 29.5 0.1229139349
29.55 29.5 29.6 0.11794585
29.65 29.6 29.7 0.1189491848
29.75 29.7 29.8 0.116635906
29.85 29.8 29.9 0.1160157119
29.95 29.9 30 0.1157421204
30.05 30 30.1 0.1168600784
30.15 30.1 30.2 0.1148235342
30.25 30.2 30.3 0.1186655228
30.35 30.3 30.4 0.1118512369
30.45 30.4 30.5 0.1046100798
30.55 30.5 30.6 0.1118183415
30.65 30.6 30.7 0.1048535939
30.75 30.7 30.8 0.1081488865
30.85 30.8 30.9 0.1075817457
30.95 30.9 31 0.09380588057
31.05 31 31.1 0.1087685894
31.15 31.1 31.2 0.1083970726
31.25 31.2 31.3 0.1122810327
31.35 31.3 31.4 0.1029674826
31.45 31.4 31.5 0.100750811
31.55 31.5 31.6 0.09761923506
31.65 31.6 31.7 0.09040703353
31.75 31.7 31.8 0.1030898138
31.85 31.8 31.9 0.09731586916
31.95 31.9 32 0.09100988445
32.05 32 32.1 0.0952484889
32.15 32.1 32.2 0.09894015882
32.25 32.2 32.3 0.09959457152
32.35 32.3 32.4 0.102020073
32.45 32.4 32.5 0.09218073572
32.55 32.5 32.6 0.09348809849
32.65 32.6 32.7 0.08420410223
32.75 32.7 32.8 0.09071706642
32.85 32.8 32.9 0.09347763297
32.95 32.9 33 0.08748350206
33.05 33 33.1 0.09167647434
33.15 33.1 33.2 0.0892728933
33.25 33.2 33.3 0.0998320122
33.35 33.3 33.4 0.08237933811
33.45 33.4 33.5 0.08108087881
33.55 33.5 33.6 0.08631584723
33.65 33.6 33.7 0.0871290223
33.75 33.7 33.8 0.08197500215
33.85 33.8 33.9 0.07578581527
33.95 33.9 34 0.0870243701
34.05 34 34.1 0.08569295344
34.15 34.1 34.2 0.08421357033
34.25 34.2 34.3 0.07850135844
34.35 34.3 34.4 0.08957047481
34.45 34.4 34.5 0.08007669703
34.55 34.5 34.6 0.07241293504
34.65 34.6 34.7 0.07739535549
34.75 34.7 34.8 0.07691904715
34.85 34.8 34.9 0.07712094
34.95 34.9 35 0.08592429728
35.05 35 35.1 0.06972495821
35.15 35.1 35.2 0.06842671648
35.25 35.2 35.3 0.0710230544
35.35 35.3 35.4 0.073260482
35.45 35.4 35.5 0.06989937272
35.55 35.5 35.6 0.06954314293
35.65 35.6 35.7 0.07475146062
35.75 35.7 35.8 0.0657987712
35.85 35.8 35.9 0.06938225254
35.95 35.9 36 0.07104278184
36.05 36 36.1 0.06622273031
36.15 36.1 36.2 0.06620133113
36.25 36.2 36.3 0.07403197968
36.35 36.3 36.4 0.07056212904
36.45 36.4 36.5 0.07247448982
36.55 36.5 36.6 0.06829878071
36.65 36.6 36.7 0.06039105022
36.75 36.7 36.8 0.07173603838
36.85 36.8 36.9 0.06825204306
36.95 36.9 37 0.06538766705
37.05 37 37.1 0.06387026913
37.15 37.1 37.2 0.06929454173
37.25 37.2 37.3 0.06486021451
37.35 37.3 37.4 0.06295704567
37.45 37.4 37.5 0.06347843241
37.55 37.5 37.6 0.05882756478
37.65 37.6 37.7 0.05866308252
37.75 37.7 37.8 0.06073970593
37.85 37.8 37.9 0.06431096725
37.95 37.9 38 0.06009614552
38.05 38 38.1 0.06050887203
38.15 38.1 38.2 0.06172136585
38.25 38.2 38.3 0.06225254379
38.35 38.3 38.4 0.06302396317
38.45 38.4 38.5 0.06449998273
38.55 38.5 38.6 0.05982085161
38.65 38.6 38.7 0.0567931371
38.75 38.7 38.8 0.05689871368
38.85 38.8 38.9 0.06031301324
38.95 38.9 39 0.05496558125
39.05 39 39.1 0.05682461617
39.15 39.1 39.2 0.05689056885
39.25 39.2 39.3 0.05783305982
39.35 39.3 39.4 0.05611026599
39.45 39.4 39.5 0.05194464654
39.55 39.5 39.6 0.05176072447
39.65 39.6 39.7 0.05685269871
39.75 39.7 39.8 0.05438816525
39.85 39.8 39.9 0.05299204495
39.95 39.9 40 0.04728434957
40.05 40 40.1 0.05040890412
40.15 40.1 40.2 0.05042731325
40.25 40.2 40.3 0.05078661763
40.35 40.3 40.4 0.04839742593
40.45 40.4 40.5 0.05346160623
40.55 40.5 40.6 0.05043943407
40.65 40.6 40.7 0.05217161731
40.75 40.7 40.8 0.04586968674
40.85 40.8 40.9 0.0450940688
40.95 40.9 41 0.0476875946
41.05 41 41.1 0.05678965113
41.15 41.1 41.2 0.04994002553
41.25 41.2 41.3 0.04979187531
41.35 41.3 41.4 0.04591408028
41.45 41.4 41.5 0.04549579309
41.55 41.5 41.6 0.04265517706
41.65 41.6 41.7 0.04040573132
41.75 41.7 41.8 0.04879384514
41.85 41.8 41.9 0.04827058863
41.95 41.9 42 0.03762721277
42.05 42 42.1 0.045313089
42.15 42.1 42.2 0.04234498243
42.25 42.2 42.3 0.05143009545
42.35 42.3 42.4 0.04175480243
42.45 42.4 42.5 0.0428486804
42.55 42.5 42.6 0.03787006856
42.65 42.6 42.7 0.04225164559
42.75 42.7 42.8 0.04024858326
42.85 42.8 42.9 0.04021803901
42.95 42.9 43 0.04646368754
43.05 43 43.1 0.04168451484
43.15 43.1 43.2 0.03538487552
43.25 43.2 43.3 0.04504517949
43.35 43.3 43.4 0.04131609191
43.45 43.4 43.5 0.03634694271
43.55 43.5 43.6 0.04110533375
43.65 43.6 43.7 0.04091677806
43.75 43.7 43.8 0.03836370041
43.85 43.8 43.9 0.03462039972
43.95 43.9 44 0.03553230347
44.05 44 44.1 0.03234085574
44.15 44.1 44.2 0.03896190511
44.25 44.2 44.3 0.03780487342
44.35 44.3 44.4 0.03540988666
44.45 44.4 44.5 0.031006822
44.55 44.5 44.6 0.03998877829
44.65 44.6 44.7 0.03721761832
44.75 44.7 44.8 0.03666687788
44.85 44.8 44.9 0.04120852082
44.95 44.9 45 0.03869076021
45.05 45 45.1 0.030052222
45.15 45.1 45.2 0.03366043743
45.25 45.2 45.3 0.03472917351
45.35 45.3 45.4 0.03423867575
45.45 45.4 45.5 0.03229702582
45.55 45.5 45.6 0.03109965446
45.65 45.6 45.7 0.03129200026
45.75 45.7 45.8 0.03275950459
45.85 45.8 45.9 0.03676513967
45.95 45.9 46 0.03095566992
46.05 46 46.1 0.03536102429
46.15 46.1 46.2 0.03188233832
46.25 46.2 46.3 0.03158212108
46.35 46.3 46.4 0.0299119626
46.45 46.4 46.5 0.03506306012
46.55 46.5 46.6 0.03246115422
46.65 46.6 46.7 0.02982456634
46.75 46.7 46.8 0.03122715903
46.85 46.8 46.9 0.03190766974
46.95 46.9 47 0.02551384049
47.05 47 47.1 0.03184236172
47.15 47.1 47.2 0.02983799253
47.25 47.2 47.3 0.0316982153
47.35 47.3 47.4 0.03244907525
47.45 47.4 47.5 0.02669417862
47.55 47.5 47.6 0.03529676522
47.65 47.6 47.7 0.03021075435
47.75 47.7 47.8 0.03237878969
47.85 47.8 47.9 0.02401470371
47.95 47.9 48 0.0279015598
48.05 48 48.1 0.03271555213
48.15 48.1 48.2 0.03203863121
48.25 48.2 48.3 0.0232847617
48.35 48.3 48.4 0.02620658166
48.45 48.4 48.5 0.02527286084
48.55 48.5 48.6 0.02093260854
48.65 48.6 48.7 0.02417100839
48.75 48.7 48.8 0.03002515071
48.85 48.8 48.9 0.02509000703
48.95 48.9 49 0.02730694359
49.05 49 49.1 0.02657645525
49.15 49.1 49.2 0.02891694873
49.25 49.2 49.3 0.0238080249
49.35 49.3 49.4 0.02571262589
49.45 49.4 49.5 0.02641801032
49.55 49.5 49.6 0.02204414686
49.65 49.6 49.7 0.02567394841
49.75 49.7 49.8 0.02640265829
49.85 49.8 49.9 0.01998714481
49.95 49.9 50 0.02004021916
50.05 50 50.1 0.02438256321
50.15 50.1 50.2 0.0220940593
50.25 50.2 50.3 0.02189291654
50.35 50.3 50.4 0.02067614043
50.45 50.4 50.5 0.02507852312
50.55 50.5 50.6 0.01860243156
50.65 50.6 50.7 0.022753872
50.75 50.7 50.8 0.02123417591
50.85 50.8 50.9 0.01829557777
50.95 50.9 51 0.02050341633
51.05 51 51.1 0.02349354003
51.15 51.1 51.2 0.02248175467
51.25 51.2 51.3 0.02066065964
51.35 51.3 51.4 0.01944657632
51.45 51.4 51.5 0.01705190474
51.55 51.5 51.6 0.01739368381
51.65 51.6 51.7 0.02445445404
51.75 51.7 51.8 0.0199876394
51.85 51.8 51.9 0.02276585143
51.95 51.9 52 0.02039130965
52.05 52 52.1 0.02288764498
52.15 52.1 52.2 0.01989034368
52.25 52.2 52.3 0.0235304574
52.35 52.3 52.4 0.01721785098
52.45 52.4 52.5 0.01648777214
52.55 52.5 52.6 0.02416509701
52.65 52.6 52.7 0.01960016616
52.75 52.7 52.8 0.01762498589
52.85 52.8 52.9 0.0171699635
52.95 52.9 53 0.02638619552
53.05 53 53.1 0.02478962611
53.15 53.1 53.2 0.02165137211
53.25 53.2 53.3 0.02044676729
53.35 53.3 53.4 0.02318663042
53.45 53.4 53.5 0.01999829954
53.55 53.5 53.6 0.01968738897
53.65 53.6 53.7 0.01634492799
53.75 53.7 53.8 0.01982684107
53.85 53.8 53.9 0.01722572209
53.95 53.9 54 0.02023491251
54.05 54 54.1 0.02559083666
54.15 54.1 54.2 0.01497010623
54.25 54.2 54.3 0.02287113074
54.35 54.3 54.4 0.02148373258
54.45 54.4 54.5 0.01721530765
54.55 54.5 54.6 0.02166414597
54.65 54.6 54.7 0.01776038391
54.75 54.7 54.8 0.0198640398
54.85 54.8 54.9 0.01789687861
54.95 54.9 55 0.02045639281
55.05 55 55.1 0.0165091041
55.15 55.1 55.2 0.01796335242
55.25 55.2 55.3 0.01283842364
55.35 55.3 55.4 0.01108652937
55.45 55.4 55.5 0.01753773547
55.55 55.5 55.6 0.01191022671
55.65 55.6 55.7 0.01978735163
55.75 55.7 55.8 0.01502183784
55.85 55.8 55.9 0.01870919048
55.95 55.9 56 0.0140497976
56.05 56 56.1 0.01353285293
56.15 56.1 56.2 0.01652022395
56.25 56.2 56.3 0.01357405895
56.35 56.3 56.4 0.018046799
56.45 56.4 56.5 0.01556109023
56.55 56.5 56.6 0.01400741948
56.65 56.6 56.7 0.01656049711
56.75 56.7 56.8 0.01438590542
56.85 56.8 56.9 0.02085459226
56.95 56.9 57 0.01815608143
57.05 57 57.1 0.01360721246
57.15 57.1 57.2 0.01488658903
57.25 57.2 57.3 0.01370927725
57.35 57.3 57.4 0.01917111888
57.45 57.4 57.5 0.0167197779
57.55 57.5 57.6 0.01825047359
57.65 57.6 57.7 0.01221227356
57.75 57.7 57.8 0.01448521701
57.85 57.8 57.9 0.01644223171
57.95 57.9 58 0.01607333995
58.05 58 58.1 0.01268008807
58.15 58.1 58.2 0.01243505946
58.25 58.2 58.3 0.01313109667
58.35 58.3 58.4 0.01415494316
58.45 58.4 58.5 0.01217936215
58.55 58.5 58.6 0.01052729759
58.65 58.6 58.7 0.01228037915
58.75 58.7 58.8 0.01056796369
58.85 58.8 58.9 0.01457388178
58.95 58.9 59 0.009702149918
59.05 59 59.1 0.01470108725
59.15 59.1 59.2 0.01336256866
59.25 59.2 59.3 0.01160080664
59.35 59.3 59.4 0.01698878504
59.45 59.4 59.5 0.01215231303
59.55 59.5 59.6 0.01202915909
59.65 59.6 59.7 0.01124667007
59.75 59.7 59.8 0.01167022927
59.85 59.8 59.9 0.01630011092
59.95 59.9 60 0.01296670534
60.05 60 60.1 0.01479870806
60.15 60.1 60.2 0.008181726673
60.25 60.2 60.3 0.01235660205
60.35 60.3 60.4 0.01526482216
60.45 60.4 60.5 0.01165755239
60.55 60.5 60.6 0.01368693077
60.65 60.6 60.7 0.01502965264
60.75 60.7 60.8 0.01248963936
60.85 60.8 60.9 0.01142145501
60.95 60.9 61 0.01137666609
61.05 61 61.1 0.00912150416
61.15 61.1 61.2 0.01219022457
61.25 61.2 61.3 0.009637925364
61.35 61.3 61.4 0.007100983273
61.45 61.4 61.5 0.01101529001
61.55 61.5 61.6 0.0137135875
61.65 61.6 61.7 0.009340142628
61.75 61.7 61.8 0.009271812813
61.85 61.8 61.9 0.008938136997
61.95 61.9 62 0.01010122259
62.05 62 62.1 0.007907427076
62.15 62.1 62.2 0.008629651356
62.25 62.2 62.3 0.01283061009
62.35 62.3 62.4 0.01044476853
62.45 62.4 62.5 0.01243181294
62.55 62.5 62.6 0.01033123151
62.65 62.6 62.7 0.01171950863
62.75 62.7 62.8 0.01115823274
62.85 62.8 62.9 0.009037267729
62.95 62.9 63 0.008560451093
63.05 63 63.1 0.01055601019
63.15 63.1 63.2 0.01047385751
63.25 63.2 63.3 0.0107084993
63.35 63.3 63.4 0.007574146243
63.45 63.4 63.5 0.008388121169
63.55 63.5 63.6 0.01063279755
63.65 63.6 63.7 0.008515025734
63.75 63.7 63.8 0.008954093953
63.85 63.8 63.9 0.007201931633
63.95 63.9 64 0.007668368
64.05 64 64.1 0.01162135372
64.15 64.1 64.2 0.009077341268
64.25 64.2 64.3 0.009648669787
64.35 64.3 64.4 0.009812710921
64.45 64.4 64.5 0.01130046347
64.55 64.5 64.6 0.009184138383
64.65 64.6 64.7 0.009173574749
64.75 64.7 64.8 0.009691438714
64.85 64.8 64.9 0.005340786971
64.95 64.9 65 0.01061150837
65.05 65 65.1 0.009833407099
65.15 65.1 65.2 0.008808441829
65.25 65.2 65.3 0.005819498414
65.35 65.3 65.4 0.01022691043
65.45 65.4 65.5 0.006418185021
65.55 65.5 65.6 0.006859999877
65.65 65.6 65.7 0.008591862962
65.75 65.7 65.8 0.008977329292
65.85 65.8 65.9 0.0100299508
65.95 65.9 66 0.0105555409
66.05 66 66.1 0.007933608135
66.15 66.1 66.2 0.0096924778
66.25 66.2 66.3 0.006916691918
66.35 66.3 66.4 0.01243827414
66.45 66.4 66.5 0.0111107057
66.55 66.5 66.6 0.006795615955
66.65 66.6 66.7 0.01086649098
66.75 66.7 66.8 0.008738511534
66.85 66.8 66.9 0.006892639094
66.95 66.9 67 0.009259491824
67.05 67 67.1 0.01003781794
67.15 67.1 67.2 0.008775768353
67.25 67.2 67.3 0.005602800715
67.35 67.3 67.4 0.00863423479
67.45 67.4 67.5 0.006800713014
67.55 67.5 67.6 0.006035245586
67.65 67.6 67.7 0.008051819222
67.75 67.7 67.8 0.007578424787
67.85 67.8 67.9 0.01148585031
67.95 67.9 68 0.005949674247
68.05 68 68.1 0.01524985613
68.15 68.1 68.2 0.008400574949
68.25 68.2 68.3 0.007616248406
68.35 68.3 68.4 0.004795025805
68.45 68.4 68.5 0.007028558989
68.55 68.5 68.6 0.007810892408
68.65 68.6 68.7 0.009632138427
68.75 68.7 68.8 0.00565663781
68.85 68.8 68.9 0.003386389368
68.95 68.9 69 0.00587699168
69.05 69 69.1 0.007237808982
69.15 69.1 69.2 0.007832327893
69.25 69.2 69.3 0.005894024293
69.35 69.3 69.4 0.008203932721
69.45 69.4 69.5 0.004360191957
69.55 69.5 69.6 0.003717323486
69.65 69.6 69.7 0.00979696418
69.75 69.7 69.8 0.01105962976
69.85 69.8 69.9 0.01042517987
69.95 69.9 70 0.004334536028
70.05 70 70.1 0.002995289928
70.15 70.1 70.2 0.005121974228
70.25 70.2 70.3 0.007080890819
70.35 70.3 70.4 0.005737206466
70.45 70.4 70.5 0.005761062506
70.55 70.5 70.6 0.007863122669
70.65 70.6 70.7 0.002826713932
70.75 70.7 70.8 0.005408975075
70.85 70.8 70.9 0.003593373666
70.95 70.9 71 0.006104049674
71.05 71 71.1 0.005245060196
71.15 71.1 71.2 0.005347523751
71.25 71.2 71.3 0.002657489772
71.35 71.3 71.4 0.007469090609
71.45 71.4 71.5 0.006569177074
71.55 71.5 71.6 0.004793399629
71.65 71.6 71.7 0.006716857312
71.75 71.7 71.8 0.004511475138
71.85 71.8 71.9 0.009497457541
71.95 71.9 72 0.004835253735
72.05 72 72.1 0.002555752038
72.15 72.1 72.2 0.007977507363
72.25 72.2 72.3 0.003852479222
72.35 72.3 72.4 0.004703759622
72.45 72.4 72.5 0.006461494992
72.55 72.5 72.6 0.007465790071
72.65 72.6 72.7 0.003672627005
72.75 72.7 72.8 0.004991650004
72.85 72.8 72.9 0.006547878074
72.95 72.9 73 0.006919722087
73.05 73 73.1 0.006670472231
73.15 73.1 73.2 0.006394336569
73.25 73.2 73.3 0.006240199694
73.35 73.3 73.4 0.004662771911
73.45 73.4 73.5 0.007517652541
73.55 73.5 73.6 0.003664768176
73.65 73.6 73.7 0.006048784568
73.75 73.7 73.8 0.007127707462
73.85 73.8 73.9 0.001544823131
73.95 73.9 74 0.006235444318
74.05 74 74.1 0.005002328487
74.15 74.1 74.2 0.004381522888
74.25 74.2 74.3 0.004305796489
74.35 74.3 74.4 0.00269804176
74.45 74.4 74.5 0.006022461564
74.55 74.5 74.6 0.004052560723
74.65 74.6 74.7 0.004400637782
74.75 74.7 74.8 0.00411584077
74.85 74.8 74.9 0.003806345867
74.95 74.9 75 0.003296449573
75.05 75 75.1 0.00372334539
75.15 75.1 75.2 0.003752703841
75.25 75.2 75.3 0.003018688785
75.35 75.3 75.4 0.003567670651
75.45 75.4 75.5 0.002939435331
75.55 75.5 75.6 0.001646106371
75.65 75.6 75.7 0.002980741763
75.75 75.7 75.8 -0.00222576807
75.85 75.8 75.9 0.004431512337
75.95 75.9 76 0.005115639327
76.05 76 76.1 0.004108163578
76.15 76.1 76.2 0.003646432345
76.25 76.2 76.3 0.004424205836
76.35 76.3 76.4 0.002329176492
76.45 76.4 76.5 0.002601299862
76.55 76.5 76.6 0.0007203931092
76.65 76.6 76.7 0.003666761617
76.75 76.7 76.8 0.006862776377
76.85 76.8 76.9 0.003858907541
76.95 76.9 77 0.0009625128459
77.05 77 77.1 0.002994470846
77.15 77.1 77.2 0.0005696874209
77.25 77.2 77.3 0.0006007300504
77.35 77.3 77.4 -1.371545857e-06
77.45 77.4 77.5 0.003853879062
77.55 77.5 77.6 0.007036791158
77.65 77.6 77.7 0.001682532912
77.75 77.7 77.8 0.003641676281
77.85 77.8 77.9 0.0009997516177
77.95 77.9 78 0.002198585051
78.05 78 78.1 0.003760204933
78.15 78.1 78.2 0.004155509179
78.25 78.2 78.3 0.001868726028
78.35 78.3 78.4 0.003040751485
78.45 78.4 78.5 0.002986204984
78.55 78.5 78.6 0.002561088363
78.65 78.6 78.7 0.003001785481
78.75 78.7 78.8 0.005522304027
78.85 78.8 78.9 0.004131048658
78.95 78.9 79 0.003426227217
79.05 79 79.1 0.004462857645
79.15 79.1 79.2 0.003732450719
79.25 79.2 79.3 0.001227260471
79.35 79.3 79.4 0.003722861203
79.45 79.4 79.5 0.004787771089
79.55 79.5 79.6 0.00474236846
79.65 79.6 79.7 0.0009894725351
79.75 79.7 79.8 0.003274721082
79.85 79.8 79.9 0.0006419672714
79.95 79.9 80 0.004478578076
80.05 80 80.1 0.0008907124908
80.15 80.1 80.2 0.004707788702
80.25 80.2 80.3 0.0008386221339
80.35 80.3 80.4 0.002776428001
80.45 80.4 80.5 0.003476930076
80.55 80.5 80.6 0.005652953129
80.65 80.6 80.7 0.002827805098
80.75 80.7 80.8 0.00384683267
80.85 80.8 80.9 0.00208893795
80.95 80.9 81 0.003497500109
81.05 81 81.1 0.002336461311
81.15 81.1 81.2 0.0006389371242
81.25 81.2 81.3 0.001417642855
81.35 81.3 81.4 0.0004589664421
81.45 81.4 81.5 0.002945335151
81.55 81.5 81.6 0.004475354261
81.65 81.6 81.7 0.003072613072
81.75 81.7 81.8 0.001007546455
81.85 81.8 81.9 0.003993460496
81.95 81.9 82 -0.0002149110579
82.05 82 82.1 0.00222948704
82.15 82.1 82.2 0.001223008364
82.25 82.2 82.3 0.003200446665
82.35 82.3 82.4 0.003609781447
82.45 82.4 82.5 0.002647617831
82.55 82.5 82.6 0.004011399655
82.65 82.6 82.7 0.001929681348
82.75 82.7 82.8 -0.0002512630556
82.85 82.8 82.9 0.001483542378
82.95 82.9 83 0.0007017486835
83.05 83 83.1 0.001008896827
83.15 83.1 83.2 0.004357712626
83.25 83.2 83.3 0.001118575726
83.35 83.3 83.4 0.001703358702
83.45 83.4 83.5 0.0033551925
83.55 83.5 83.6 0.001285187378
83.65 83.6 83.7 0.004454749341
83.75 83.7 83.8 0.002105753307
83.85 83.8 83.9 0.002918563283
83.95 83.9 84 0.004395354227
84.05 84 84.1 0.005143735421
84.15 84.1 84.2 0.003282795401
84.25 84.2 84.3 0.00249861825
84.35 84.3 84.4 0.004430172245
84.45 84.4 84.5 -0.0004530521802
84.55 84.5 84.6 0.003455853046
84.65 84.6 84.7 0.002158462682
84.75 84.7 84.8 0.004439613693
84.85 84.8 84.9 0.003574518415
84.95 84.9 85 -0.001828561114
85.05 85 85.1 0.0006391408313
85.15 85.1 85.2 0.003246188415
85.25 85.2 85.3 -0.001835146947
85.35 85.3 85.4 0.003886287374
85.45 85.4 85.5 0.001385006397
85.55 85.5 85.6 0.001027231987
85.65 85.6 85.7 0.002237953141
85.75 85.7 85.8 0.0007341707326
85.85 85.8 85.9 0.0004754986476
85.95 85.9 86 0.0002557321494
86.05 86 86.1 -0.0001967619537
86.15 86.1 86.2 0.0021405779
86.25 86.2 86.3 0.003405888536
86.35 86.3 86.4 -0.001114079997
86.45 86.4 86.5 0.0005996807749
86.55 86.5 86.6 0.001083003225
86.65 86.6 86.7 0.002108753281
86.75 86.7 86.8 0.001872515761
86.85 86.8 86.9 0.001114533043
86.95 86.9 87 0.001669565707
87.05 87 87.1 0.001743291717
87.15 87.1 87.2 0.002448760425
87.25 87.2 87.3 0.0005138150639
87.35 87.3 87.4 0.001919284543
87.45 87.4 87.5 0.004081007957
87.55 87.5 87.6 0.0001942556895
87.65 87.6 87.7 0.00179545459
87.75 87.7 87.8 0.00249057861
87.85 87.8 87.9 0.002305827578
87.95 87.9 88 0.00061058437
88.05 88 88.1 -0.0007319517041
88.15 88.1 88.2 -0.003389679774
88.25 88.2 88.3 0.003944341243
88.35 88.3 88.4 0.002668166766
88.45 88.4 88.5 0.00157018342
88.55 88.5 88.6 -0.0003120807696
88.65 88.6 88.7 0.00219736364
88.75 88.7 88.8 -0.001592721349
88.85 88.8 88.9 0.002510304207
88.95 88.9 89 0.003118174196
89.05 89 89.1 0.003064696748
89.15 89.1 89.2 -0.000865303378
89.25 89.2 89.3 0.0003401163044
89.35 89.3 89.4 -0.0008642676533
89.45 89.4 89.5 0.003208205742
89.55 89.5 89.6 0.0001819696472
89.65 89.6 89.7 -0.001829487335
89.75 89.7 89.8 0.001216413926
89.85 89.8 89.9 -0.002803940998
89.95 89.9 90 0.004029067526
90.05 90 90.1 0.002240440825
90.15 90.1 90.2 0.0005545083426
90.25 90.2 90.3 0.002357612364
90.35 90.3 90.4 -0.0011512545
90.45 90.4 90.5 -0.001255397799
90.55 90.5 90.6 0.001111222552
90.65 90.6 90.7 0.0001094205765
90.75 90.7 90.8 0.0014315277
90.85 90.8 90.9 0.0009040289055
90.95 90.9 91 0.001367292205
91.05 91 91.1 0.001837398645
91.15 91.1 91.2 0.00057948416
91.25 91.2 91.3 0.002322809503
91.35 91.3 91.4 0.0004181928308
91.45 91.4 91.5 0.001300637057
91.55 91.5 91.6 0.0001207031367
91.65 91.6 91.7 0.0006031685544
91.75 91.7 91.8 0.003057870408
91.85 91.8 91.9 0.0009428549864
91.95 91.9 92 0.0002403208817
92.05 92 92.1 -0.0002815374182
92.15 92.1 92.2 0.001295638726
92.25 92.2 92.3 0.001027635965
92.35 92.3 92.4 3.498824175e-05
92.45 92.4 92.5 0.002593197722
92.55 92.5 92.6 0.002316978146
92.65 92.6 92.7 0.0001044014839
92.75 92.7 92.8 0.002414344511
92.85 92.8 92.9 -2.319670788e-05
92.95 92.9 93 0.001379672182
93.05 93 93.1 0.001001231541
93.15 93.1 93.2 0.002104071547
93.25 93.2 93.3 0.00194909063
93.35 93.3 93.4 0.002023829374
93.45 93.4 93.5 0.001909168071
93.55 93.5 93.6 0.001550594529
93.65 93.6 93.7 0.002267101295
93.75 93.7 93.8 0.001278085166
93.85 93.8 93.9 0.001457689587
93.95 93.9 94 0.0005788498985
94.05 94 94.1 0.002382218252
94.15 94.1 94.2 0.001170271801
94.25 94.2 94.3 0.0003403296531
94.35 94.3 94.4 0.0009124447457
94.45 94.4 94.5 0.002233812899
94.55 94.5 94.6 0.002504000472
94.65 94.6 94.7 0.0003503764976
94.75 94.7 94.8 0.004359175719
94.85 94.8 94.9 0.001112231693
94.95 94.9 95 0.004698756147
95.05 95 95.1 0.001454731383
95.15 95.1 95.2 0.0004625208651
95.25 95.2 95.3 0.004078107344
95.35 95.3 95.4 0.0009299025624
95.45 95.4 95.5 0.002027425328
95.55 95.5 95.6 0.001883180117
95.65 95.6 95.7 0.001456142727
95.75 95.7 95.8 0.001713425451
95.85 95.8 95.9 0.001347051429
95.95 95.9 96 0.0004792616932
96.05 96 96.1 0.003138069972
96.15 96.1 96.2 0.002746460214
96.25 96.2 96.3 0.00155056924
96.35 96.3 96.4 0.003228902746
96.45 96.4 96.5 7.527486448e-05
96.55 96.5 96.6 0.002010242111
96.65 96.6 96.7 0.0007186355289
96.75 96.7 96.8 0.001835701243
96.85 96.8 96.9 0.0002132083781
96.95 96.9 97 0.001025504868
97.05 97 97.1 0.002279800915
97.15 97.1 97.2 0.001677011018
97.25 97.2 97.3 -0.0009036334116
97.35 97.3 97.4 0.0006665373183
97.45 97.4 97.5 0.002667667218
97.55 97.5 97.6 0.002128683812
97.65 97.6 97.7 0.005084827425
97.75 97.7 97.8 -0.0002130567296
97.85 97.8 97.9 0.001536421329
97.95 97.9 98 0.002516778962
98.05 98 98.1 0.002430400804
98.15 98.1 98.2 0.003135186889
98.25 98.2 98.3 0.0005122890892
98.35 98.3 98.4 0.002465363673
98.45 98.4 98.5 0.003134251152
98.55 98.5 98.6 0.001977517042
98.65 98.6 98.7 0.001265756742
98.75 98.7 98.8 0.0001814541614
98.85 98.8 98.9 0.0008274844833
98.95 98.9 99 0.003210892554
99.05 99 99.1 0.002348295209
99.15 99.1 99.2 0.0007532598902
99.25 99.2 99.3 0.002062373523
99.35 99.3 99.4 0.002801386613
99.45 99.4 99.5 0.0009860337754
99.55 99.5 99.6 0.001492662927
99.65 99.6 99.7 0.003677118496
99.75 99.7 99.8 -0.0003808709332
99.85 99.8 99.9 0.00243140081
99.95 99.9 100 0.0002890046797
100.05 100 100.1 0.002516078096
100.15 100.1 100.2 0.0008811604992
100.25 100.2 100.3 0.0005924854904
100.35 100.3 100.4 0.001307945846
100.45 100.4 100.5 0.001893948726
100.55 100.5 100.6 0.005905567125
100.65 100.6 100.7 0.00159010637
100.75 100.7 100.8 0.003161628337
100.85 100.8 100.9 0.002213994424
100.95 100.9 101 0.001885629366
101.05 101 101.1 0.001823583783
101.15 101.1 101.2 0.0007562571639
101.25 101.2 101.3 0.001945514785
101.35 101.3 101.4 0.0009705963497
101.45 101.4 101.5 0.002284364772
101.55 101.5 101.6 0.00228539586
101.65 101.6 101.7 0.003429444025
101.75 101.7 101.8 -0.00124871845
101.85 101.8 101.9 0.001335895459
101.95 101.9 102 -0.0001067426915
102.05 102 102.1 0.00258991465
102.15 102.1 102.2 0.001722540664
102.25 102.2 102.3 0.001683602896
102.35 102.3 102.4 0.0005900314154
102.45 102.4 102.5 0.000430867886
102.55 102.5 102.6 0.001280385348
102.65 102.6 102.7 0.001420158373
102.75 102.7 102.8 0.001440113863
102.85 102.8 102.9 0.003489403732
102.95 102.9 103 0.002415194893
103.05 103 103.1 0.001549562709
103.15 103.1 103.2 0.001438708843
103.25 103.2 103.3 0.0009137143723
103.35 103.3 103.4 0.0007920693206
103.45 103.4 103.5 0.001622685638
103.55 103.5 103.6 0.003112188146
103.65 103.6 103.7 0.001936525937
103.75 103.7 103.8 0.001800459769
103.85 103.8 103.9 0.001841156627
103.95 103.9 104 0.0007353443543
104.05 104 104.1 -0.0003783613161
104.15 104.1 104.2 0.003513644399
104.25 104.2 104.3 0.001721611325
104.35 104.3 104.4 0.001251016509
104.45 104.4 104.5 0.003340205538
104.55 104.5 104.6 0.00479300655
104.65 104.6 104.7 0.002963736233
104.75 104.7 104.8 0.002167108347
104.85 104.8 104.9 0.002406019678
104.95 104.9 105 -0.001376554802
105.05 105 105.1 0.0009199743368
105.15 105.1 105.2 0.001194650129
105.25 105.2 105.3 0.002770863588
105.35 105.3 105.4 0.0008740828957
105.45 105.4 105.5 0.0002971298457
105.55 105.5 105.6 0.0001856411197
105.65 105.6 105.7 0.00196774507
105.75 105.7 105.8 0.001701917927
105.85 105.8 105.9 0.00227958491
105.95 105.9 106 -0.0008528337576
106.05 106 106.1 0.001291999823
106.15 106.1 106.2 0.0005147281556
106.25 106.2 106.3 0.002253376186
106.35 106.3 106.4 0.0006940840511
106.45 106.4 106.5 -0.001191788131
106.55 106.5 106.6 0.003098853215
106.65 106.6 106.7 0.00227418143
106.75 106.7 106.8 0.0008260969608
106.85 106.8 106.9 -0.0004169827084
106.95 106.9 107 0.001870428857
107.05 107 107.1 0.001212861867
107.15 107.1 107.2 -0.0007475176607
107.25 107.2 107.3 -0.0002315132814
107.35 107.3 107.4 0.004289938205
107.45 107.4 107.5 -6.2139124e-05
107.55 107.5 107.6 0.002274057973
107.65 107.6 107.7 0.004174790447
107.75 107.7 107.8 0.0006364852224
107.85 107.8 107.9 0.0002485093374
107.95 107.9 108 0.001416660667
108.05 108 108.1 0.001754497572
108.15 108.1 108.2 0.001529211965
108.25 108.2 108.3 0.001772004086
108.35 108.3 108.4 0.0008125510059
108.45 108.4 108.5 0.0004313243087
108.55 108.5 108.6 0.001611996406
108.65 108.6 108.7 0.002177643104
108.75 108.7 108.8 0.000819820113
108.85 108.8 108.9 0.0005913903143
108.95 108.9 109 -0.0004324332721
109.05 109 109.1 -0.0001061160876
109.15 109.1 109.2 -0.001449711297
109.25 109.2 109.3 -0.0009509087058
109.35 109.3 109.4 0.003268495289
109.45 109.4 109.5 0.001427774225
109.55 109.5 109.6 0.003051126094
109.65 109.6 109.7 0.001036543284
109.75 109.7 109.8 0.0005451647619
109.85 109.8 109.9 -0.000165273278
109.95 109.9 110 -0.0007289766473
110.05 110 110.1 0.002345260624
110.15 110.1 110.2 0.002015526564
110.25 110.2 110.3 -0.0002168467014
110.35 110.3 110.4 0.002175417911
110.45 110.4 110.5 0.00025163785
110.55 110.5 110.6 -0.002756139829
110.65 110.6 110.7 0.0006659931343
110.75 110.7 110.8 -0.0001072140669
110.85 110.8 110.9 0.002504640307
110.95 110.9 111 0.001108812913
111.05 111 111.1 -0.0003006920278
111.15 111.1 111.2 0.002093939762
111.25 111.2 111.3 0.001264073959
111.35 111.3 111.4 -0.001412042074
111.45 111.4 111.5 0.000201814319
111.55 111.5 111.6 -0.001050360103
111.65 111.6 111.7 -0.0007235303177
111.75 111.7 111.8 -0.002754013739
111.85 111.8 111.9 0.001536988475
111.95 111.9 112 0.0004584209876
112.05 112 112.1 -0.0005656152525
112.15 112.1 112.2 0.0003827690635
112.25 112.2 112.3 0.0003377065265
112.35 112.3 112.4 0.0001800039865
112.45 112.4 112.5 0.0009192831617
112.55 112.5 112.6 0.000682736815
112.65 112.6 112.7 0.0008686463258
112.75 112.7 112.8 0.001462433535
112.85 112.8 112.9 -0.0004011159256
112.95 112.9 113 0.00175020911
113.05 113 113.1 -0.0002166001074
113.15 113.1 113.2 0.001159728048
113.25 113.2 113.3 0.002517641859
113.35 113.3 113.4 0.0006712438465
113.45 113.4 113.5 -0.001453331501
113.55 113.5 113.6 0.0004161274975
113.65 113.6 113.7 0.0004356823838
113.75 113.7 113.8 -0.0006129783658
113.85 113.8 113.9 0.0004973158452
113.95 113.9 114 0.00153885685
114.05 114 114.1 -0.0007379689097
114.15 114.1 114.2 -0.000857928284
114.25 114.2 114.3 0.0005097349608
114.35 114.3 114.4 0.003321221666
114.45 114.4 114.5 -0.0003886613642
114.55 114.5 114.6 -0.0001070430222
114.65 114.6 114.7 -0.001653012836
114.75 114.7 114.8 -3.049436144e-05
114.85 114.8 114.9 -0.002977494753
114.95 114.9 115 -0.001439872916
115.05 115 115.1 0.0007488728613
115.15 115.1 115.2 -0.0006879026912
115.25 115.2 115.3 -0.000135586876
115.35 115.3 115.4 -0.0007231540132
115.45 115.4 115.5 -0.0002946148961
115.55 115.5 115.6 -0.0008651997996
115.65 115.6 115.7 -0.001038147873
115.75 115.7 115.8 -0.0001828621572
115.85 115.8 115.9 0.001232154426
115.95 115.9 116 0.001195856776
116.05 116 116.1 -0.001048387751
116.15 116.1 116.2 -0.0004514178344
116.25 116.2 116.3 0.0001901295419
116.35 116.3 116.4 -0.0001045896748
116.45 116.4 116.5 0.001172236347
116.55 116.5 116.6 0.0007909776624
116.65 116.6 116.7 0.0005780086764
116.75 116.7 116.8 0.001647036166
116.85 116.8 116.9 0.0009669444441
116.95 116.9 117 0.0008326815447
117.05 117 117.1 0.0007265663509
117.15 117.1 117.2 5.347058727e-05
117.25 117.2 117.3 -0.002561175278
117.35 117.3 117.4 -0.0008014997061
117.45 117.4 117.5 -0.0009329391875
117.55 117.5 117.6 0.001015144083
117.65 117.6 117.7 0.001308959991
117.75 117.7 117.8 -0.0009866294305
117.85 117.8 117.9 -0.002113627114
117.95 117.9 118 -0.001488162514
118.05 118 118.1 -0.0001748442613
118.15 118.1 118.2 -0.0001130621308
118.25 118.2 118.3 0.001460067586
118.35 118.3 118.4 -0.0009636723117
118.45 118.4 118.5 -0.0002737489011
118.55 118.5 118.6 0.0007513336092
118.65 118.6 118.7 -0.001622303595
118.75 118.7 118.8 0.0003163205517
118.85 118.8 118.9 -0.002846795358
118.95 118.9 119 -0.002609044796
119.05 119 119.1 -0.0003551202358
119.15 119.1 119.2 -0.002425070436
119.25 119.2 119.3 -0.0005266673037
119.35 119.3 119.4 -0.002594963444
119.45 119.4 119.5 -0.0005708862461
119.55 119.5 119.6 -0.0006620892444
119.65 119.6 119.7 -0.002957579215
119.75 119.7 119.8 -0.001457346148
119.85 119.8 119.9 -0.001451504813
119.95 119.9 120 -0.003916464014
120.05 120 120.1 -0.0009347969192
120.15 120.1 120.2 -0.0006656908156
120.25 120.2 120.3 -0.002914856623
120.35 120.3 120.4 -0.001753912771
120.45 120.4 120.5 -0.002734141162
120.55 120.5 120.6 -0.001783028422
120.65 120.6 120.7 -0.002023141731
120.75 120.7 120.8 6.724806365e-05
120.85 120.8 120.9 -0.0004246572945
120.95 120.9 121 -0.0001172655595
121.05 121 121.1 -0.001576228274
121.15 121.1 121.2 -0.001595800859
121.25 121.2 121.3 -0.001517764386
121.35 121.3 121.4 0.0006826661645
121.45 121.4 121.5 -0.003145192963
121.55 121.5 121.6 -0.002458468632
121.65 121.6 121.7 -0.001898000742
121.75 121.7 121.8 -0.00255737605
121.85 121.8 121.9 -0.003301696684
121.95 121.9 122 -0.002313353836
122.05 122 122.1 -0.002949704053
122.15 122.1 122.2 -0.001878737639
122.25 122.2 122.3 -0.001899193049
122.35 122.3 122.4 -0.001152573202
122.45 122.4 122.5 -0.001130134994
122.55 122.5 122.6 -0.001155218582
122.65 122.6 122.7 -0.003078146368
122.75 122.7 122.8 -0.001511651322
122.85 122.8 122.9 -0.001728749085
122.95 122.9 123 -0.003354526233
123.05 123 123.1 -0.0005018218045
123.15 123.1 123.2 -0.003531212985
123.25 123.2 123.3 -0.001863530227
123.35 123.3 123.4 -0.001842191177
123.45 123.4 123.5 -0.002507648915
123.55 123.5 123.6 -0.001289739154
123.65 123.6 123.7 0.0001241066246
123.75 123.7 123.8 -0.001848352338
123.85 123.8 123.9 -0.002281391691
123.95 123.9 124 -0.002660799008
124.05 124 124.1 -0.002707647181
124.15 124.1 124.2 -0.00266185944
124.25 124.2 124.3 -0.003047146597
124.35 124.3 124.4 -0.002544801863
124.45 124.4 124.5 -0.004107374294
124.55 124.5 124.6 -0.002143405232
124.65 124.6 124.7 -0.002912194728
124.75 124.7 124.8 -0.002665928902
124.85 124.8 124.9 -0.001830961852
124.95 124.9 125 -0.0008910916923
125.05 125 125.1 -0.0005900869242
125.15 125.1 125.2 -0.003523157351
125.25 125.2 125.3 -0.002701999291
125.35 125.3 125.4 -0.00180735764
125.45 125.4 125.5 -0.004172000448
125.55 125.5 125.6 -0.0007003736464
125.65 125.6 125.7 -0.002820592306
125.75 125.7 125.8 -0.003515872962
125.85 125.8 125.9 -0.003032257633
125.95 125.9 126 -0.003192979617
126.05 126 126.1 -0.00322392576
126.15 126.1 126.2 -0.001327244067
126.25 126.2 126.3 -0.002899076756
126.35 126.3 126.4 -0.001534686102
126.45 126.4 126.5 -0.003490927747
126.55 126.5 126.6 -0.005038092923
126.65 126.6 126.7 -0.004901867796
126.75 126.7 126.8 -0.002957342885
126.85 126.8 126.9 -0.002648472482
126.95 126.9 127 -0.0009790050729
127.05 127 127.1 -0.001338833242
127.15 127.1 127.2 -0.002234141927
127.25 127.2 127.3 -0.004719731841
127.35 127.3 127.4 -0.004297926128
127.45 127.4 127.5 -0.002174233158
127.55 127.5 127.6 -0.002516851563
127.65 127.6 127.7 -0.002954370539
127.75 127.7 127.8 -0.001093280975
127.85 127.8 127.9 -0.001885542636
127.95 127.9 128 -0.003299274981
128.05 128 128.1 -0.0008135825387
128.15 128.1 128.2 -0.002185342822
128.25 128.2 128.3 -0.003242841023
128.35 128.3 128.4 -0.0009304609155
128.45 128.4 128.5 -0.002226676799
128.55 128.5 128.6 -0.002947033197
128.65 128.6 128.7 -0.001968781985
128.75 128.7 128.8 -0.004353076222
128.85 128.8 128.9 -0.004557870915
128.95 128.9 129 -0.004310803454
129.05 129 129.1 -0.002080856488
129.15 129.1 129.2 -0.002013076187
129.25 129.2 129.3 -0.002584501915
129.35 129.3 129.4 -0.003524031872
129.45 129.4 129.5 -0.003298200118
129.55 129.5 129.6 -0.003607079003
129.65 129.6 129.7 -0.001080583153
129.75 129.7 129.8 -0.001581603145
129.85 129.8 129.9 -0.001517777326
129.95 129.9 130 -0.002326584394
130.05 130 130.1 -0.001815108716
130.15 130.1 130.2 -0.0004160305025
130.25 130.2 130.3 -0.002089920382
130.35 130.3 130.4 -0.002345510047
130.45 130.4 130.5 -0.001503691968
130.55 130.5 130.6 -0.004224379968
130.65 130.6 130.7 9.653280887e-05
130.75 130.7 130.8 -0.002525861914
130.85 130.8 130.9 -0.001533824689
130.95 130.9 131 -0.002875836982
131.05 131 131.1 -0.002914900358
131.15 131.1 131.2 -0.001140433235
131.25 131.2 131.3 -0.0008777669063
131.35 131.3 131.4 -0.003819694005
131.45 131.4 131.5 -0.003383708355
131.55 131.5 131.6 -0.00297621371
131.65 131.6 131.7 -0.004231212599
131.75 131.7 131.8 -0.002439526373
131.85 131.8 131.9 -0.002511022597
131.95 131.9 132 -0.002843555714
132.05 132 132.1 -0.001290283558
132.15 132.1 132.2 -0.0004788175352
132.25 132.2 132.3 -0.0007516582067
132.35 132.3 132.4 -0.001823583844
132.45 132.4 132.5 -0.002247925897
132.55 132.5 132.6 -0.002287650511
132.65 132.6 132.7 -0.001734590046
132.75 132.7 132.8 -0.002470392948
132.85 132.8 132.9 -0.001236326938
132.95 132.9 133 -0.002413319255
133.05 133 133.1 -0.00380130923
133.15 133.1 133.2 -0.0001993100873
133.25 133.2 133.3 -0.003011241402
133.35 133.3 133.4 -0.002398182975
133.45 133.4 133.5 -0.001153853016
133.55 133.5 133.6 -0.003358745767
133.65 133.6 133.7 -0.003997090426
133.75 133.7 133.8 -0.003077077246
133.85 133.8 133.9 -0.001707100309
133.95 133.9 134 -0.002015267111
134.05 134 134.1 -0.0009410848367
134.15 134.1 134.2 -0.00221482744
134.25 134.2 134.3 -0.0004377615148
134.35 134.3 134.4 -0.003908725795
134.45 134.4 134.5 -0.003125571159
134.55 134.5 134.6 0.0003660453301
134.65 134.6 134.7 -0.004246502451
134.75 134.7 134.8 3.973453426e-05
134.85 134.8 134.9 -0.001984627713
134.95 134.9 135 -0.003329233011
135.05 135 135.1 -0.002880710071
135.15 135.1 135.2 -0.003248759736
135.25 135.2 135.3 -0.003784392
135.35 135.3 135.4 -0.003178087887
135.45 135.4 135.5 -0.002366391016
135.55 135.5 135.6 5.828625854e-05
135.65 135.6 135.7 -0.001730960164
135.75 135.7 135.8 -0.00237444726
135.85 135.8 135.9 -0.001973563455
135.95 135.9 136 -0.002410787811
136.05 136 136.1 -0.004796616535
136.15 136.1 136.2 -0.001224333195
136.25 136.2 136.3 -0.0036971821
136.35 136.3 136.4 -0.002417665085
136.45 136.4 136.5 -0.002787086991
136.55 136.5 136.6 -0.002887971957
136.65 136.6 136.7 -0.001876040297
136.75 136.7 136.8 -0.002447337225
136.85 136.8 136.9 -0.002981800437
136.95 136.9 137 -0.002357294802
137.05 137 137.1 -0.001702963315
137.15 137.1 137.2 -0.004435145857
137.25 137.2 137.3 -0.003299216886
137.35 137.3 137.4 -0.00236137722
137.45 137.4 137.5 -0.0025823505
137.55 137.5 137.6 -0.0005368266667
137.65 137.6 137.7 -0.001692168532
137.75 137.7 137.8 -8.312140433e-05
137.85 137.8 137.9 7.819756697e-05
137.95 137.9 138 -0.000999966226
138.05 138 138.1 -0.002066511355
138.15 138.1 138.2 -0.002337632841
138.25 138.2 138.3 -0.002452865434
138.35 138.3 138.4 -0.001339195792
138.45 138.4 138.5 -0.002728140922
138.55 138.5 138.6 -0.001296939471
138.65 138.6 138.7 -0.002168684598
138.75 138.7 138.8 -0.001642478699
138.85 138.8 138.9 -0.002540215259
138.95 138.9 139 -0.001826086844
139.05 139 139.1 0.0005167812673
139.15 139.1 139.2 -0.002053400548
139.25 139.2 139.3 -0.001476562936
139.35 139.3 139.4 -0.003351018536
139.45 139.4 139.5 -0.003096841543
139.55 139.5 139.6 -0.003037485579
139.65 139.6 139.7 -0.0001102530439
139.75 139.7 139.8 -0.002143356467
139.85 139.8 139.9 -0.002367989601
139.95 139.9 140 -0.002568837408
140.05 140 140.1 -0.000373403005
140.15 140.1 140.2 -0.002962044782
140.25 140.2 140.3 -0.002282688266
140.35 140.3 140.4 -0.0009474257181
140.45 140.4 140.5 -0.002817437822
140.55 140.5 140.6 -0.002893814818
140.65 140.6 140.7 -0.001676853772
140.75 140.7 140.8 -0.001768316489
140.85 140.8 140.9 -0.002410798296
140.95 140.9 141 -2.57489907e-05
141.05 141 141.1 -0.001145868832
141.15 141.1 141.2 -9.76707532e-05
141.25 141.2 141.3 -0.003529253955
141.35 141.3 141.4 -0.002760638789
141.45 141.4 141.5 -0.001718774124
141.55 141.5 141.6 -0.001990212614
141.65 141.6 141.7 -0.001548187224
141.75 141.7 141.8 -0.003388278072
141.85 141.8 141.9 -0.002325484315
141.95 141.9 142 -0.002854704349
142.05 142 142.1 -0.001944497706
142.15 142.1 142.2 -0.0004056590074
142.25 142.2 142.3 -0.002911212455
142.35 142.3 142.4 -0.0001836371504
142.45 142.4 142.5 -0.002227339918
142.55 142.5 142.6 -0.001528101634
142.65 142.6 142.7 -0.002127529649
142.75 142.7 142.8 -0.002632875154
142.85 142.8 142.9 -0.004304363381
142.95 142.9 143 -0.003641843805
143.05 143 143.1 -0.004732363661
143.15 143.1 143.2 -0.001928967956
143.25 143.2 143.3 -0.002801746783
143.35 143.3 143.4 -0.001080036791
143.45 143.4 143.5 -0.001573312794
143.55 143.5 143.6 -0.001722149459
143.65 143.6 143.7 -0.001727895747
143.75 143.7 143.8 -0.001112786665
143.85 143.8 143.9 -0.002329983584
143.95 143.9 144 -0.0002268067616
144.05 144 144.1 -0.002307760989
144.15 144.1 144.2 -0.003730396095
144.25 144.2 144.3 -0.001379573946
144.35 144.3 144.4 -0.002388248098
144.45 144.4 144.5 -0.001818938162
144.55 144.5 144.6 -0.002813466942
144.65 144.6 144.7 -0.0007487099156
144.75 144.7 144.8 -0.00266725952
144.85 144.8 144.9 -2.459013889e-05
144.95 144.9 145 -0.004046422832
145.05 145 145.1 -0.002025845007
145.15 145.1 145.2 -0.001547562939
145.25 145.2 145.3 -0.0009921291002
145.35 145.3 145.4 -0.001776115515
145.45 145.4 145.5 -0.001703813961
145.55 145.5 145.6 0.0003053929365
145.65 145.6 145.7 -0.003111335063
145.75 145.7 145.8 -0.002529379087
145.85 145.8 145.9 -0.000865139981
145.95 145.9 146 -0.0003155996844
146.05 146 146.1 -0.00103308897
146.15 146.1 146.2 -0.0007964475595
146.25 146.2 146.3 -0.0006523767079
146.35 146.3 146.4 -0.002616284977
146.45 146.4 146.5 -0.002411830239
146.55 146.5 146.6 -0.002422875618
146.65 146.6 146.7 -0.001196101298
146.75 146.7 146.8 0.0009003880534
146.85 146.8 146.9 -0.001077161557
146.95 146.9 147 -0.001371303674
147.05 147 147.1 0.0007300829028
147.15 147.1 147.2 -0.001501325477
147.25 147.2 147.3 -0.0004430787413
147.35 147.3 147.4 0.0004772633643
147.45 147.4 147.5 -0.0003465718524
147.55 147.5 147.6 -0.001836478622
147.65 147.6 147.7 -0.0006976803928
147.75 147.7 147.8 -0.002074685893
147.85 147.8 147.9 -0.002038967102
147.95 147.9 148 -0.001109254815
148.05 148 148.1 -0.003645973683
148.15 148.1 148.2 -0.0004839275132
148.25 148.2 148.3 0.0003717190215
148.35 148.3 148.4 -0.0003330268743
148.45 148.4 148.5 -0.001583950768
148.55 148.5 148.6 -0.0006890021373
148.65 148.6 148.7 -0.002134117047
148.75 148.7 148.8 -0.001021204824
148.85 148.8 148.9 -0.0003288432296
148.95 148.9 149 -0.0001913530901
149.05 149 149.1 -0.002339352904
149.15 149.1 149.2 -0.001934430596
149.25 149.2 149.3 -0.000935168308
149.35 149.3 149.4 -0.001997022763
149.45 149.4 149.5 -0.002044108586
149.55 149.5 149.6 -0.002145731874
149.65 149.6 149.7 -0.0007996260601
149.75 149.7 149.8 0.0008764023913
149.85 149.8 149.9 -0.001169145795
149.95 149.9 150 0.0004929823641
150.05 150 150.1 -0.003074043163
150.15 150.1 150.2 -0.0005139070082
150.25 150.2 150.3 -0.001342142663
150.35 150.3 150.4 0.001848281207
150.45 150.4 150.5 0.0007511725299
150.55 150.5 150.6 -0.0009283623498
150.65 150.6 150.7 -0.001290753866
150.75 150.7 150.8 -0.000903497166
150.85 150.8 150.9 0.0006807865542
150.95 150.9 151 -0.0005679137572
151.05 151 151.1 -0.001100472078
151.15 151.1 151.2 0.0002175075298
151.25 151.2 151.3 -0.0009701565833
151.35 151.3 151.4 0.000434741594
151.45 151.4 151.5 0.0009940452473
151.55 151.5 151.6 -0.0006489031354
151.65 151.6 151.7 -0.0003551762572
151.75 151.7 151.8 -0.0004392795685
151.85 151.8 151.9 -0.001316786403
151.95 151.9 152 -0.001783463894
152.05 152 152.1 -0.000461118108
152.15 152.1 152.2 0.001498332926
152.25 152.2 152.3 -0.0006954279721
152.35 152.3 152.4 -0.0001932820922
152.45 152.4 152.5 -0.001577918596
152.55 152.5 152.6 -0.001967617975
152.65 152.6 152.7 -0.0002426592202
152.75 152.7 152.8 -0.001614097011
152.85 152.8 152.9 -0.0001162355643
152.95 152.9 153 -0.0001971870572
153.05 153 153.1 -0.0007044292933
153.15 153.1 153.2 -0.001188790764
153.25 153.2 153.3 -2.215371771e-05
153.35 153.3 153.4 -0.001753461108
153.45 153.4 153.5 -0.0004398717235
153.55 153.5 153.6 -0.001533803579
153.65 153.6 153.7 -0.0001423163769
153.75 153.7 153.8 -0.0006221569428
153.85 153.8 153.9 -0.0009104834799
153.95 153.9 154 -0.001300017754
154.05 154 154.1 -0.0002795061701
154.15 154.1 154.2 -0.0005663537575
154.25 154.2 154.3 6.322626435e-05
154.35 154.3 154.4 0.00056343634
154.45 154.4 154.5 -0.001496378585
154.55 154.5 154.6 -0.0002109695077
154.65 154.6 154.7 0.0006990067372
154.75 154.7 154.8 0.001766412125
154.85 154.8 154.9 -0.002582585796
154.95 154.9 155 -0.001533177154
155.05 155 155.1 0.0001005836715
155.15 155.1 155.2 5.271582372e-06
155.25 155.2 155.3 -0.0006032526669
155.35 155.3 155.4 0.0005230924783
155.45 155.4 155.5 5.03629902e-05
155.55 155.5 155.6 0.0003769644154
155.65 155.6 155.7 -0.00110418128
155.75 155.7 155.8 0.0007541376665
155.85 155.8 155.9 -0.0006411898748
155.95 155.9 156 0.0003889092521
156.05 156 156.1 0.00155669363
156.15 156.1 156.2 -0.001339347109
156.25 156.2 156.3 -0.001194220863
156.35 156.3 156.4 0.0004493311142
156.45 156.4 156.5 0.000318338047
156.55 156.5 156.6 0.0005854752309
156.65 156.6 156.7 -0.0007470979298
156.75 156.7 156.8 9.128662635e-06
156.85 156.8 156.9 -0.001843314928
156.95 156.9 157 0.0002409764649
157.05 157 157.1 0.001351324435
157.15 157.1 157.2 -1.734363571e-05
157.25 157.2 157.3 0.0001461610574
157.35 157.3 157.4 0.002558326515
157.45 157.4 157.5 -0.0004860540273
157.55 157.5 157.6 -0.000107997997
157.65 157.6 157.7 0.0006161427658
157.75 157.7 157.8 -0.001958622652
157.85 157.8 157.9 0.0005948034445
157.95 157.9 158 -0.0002391710134
158.05 158 158.1 -0.0004845985422
158.15 158.1 158.2 -0.0002364636312
158.25 158.2 158.3 -0.0001781510773
158.35 158.3 158.4 -0.001573591892
158.45 158.4 158.5 0.0007824008861
158.55 158.5 158.6 -0.001165971743
158.65 158.6 158.7 0.00154620998
158.75 158.7 158.8 -0.0003839355617
158.85 158.8 158.9 0.0007627216856
158.95 158.9 159 0.0002698061966
159.05 159 159.1 0.0005720073667
159.15 159.1 159.2 0.0004463579062
159.25 159.2 159.3 0.001300142545
159.35 159.3 159.4 -0.0001723402565
159.45 159.4 159.5 -0.001242457215
159.55 159.5 159.6 -0.001945814195
159.65 159.6 159.7 -0.0004250827573
159.75 159.7 159.8 0.002121619681
159.85 159.8 159.9 -0.0003154121714
159.95 159.9 160 -0.0002633056968
160.05 160 160.1 0.001048252201
160.15 160.1 160.2 0.0006830525008
160.25 160.2 160.3 0.0008565265961
160.35 160.3 160.4 8.913393718e-05
160.45 160.4 160.5 -0.0007099071743
160.55 160.5 160.6 -0.0008719029432
160.65 160.6 160.7 0.0008047381648
160.75 160.7 160.8 -6.997666032e-05
160.85 160.8 160.9 -0.001354277735
160.95 160.9 161 -0.001680612705
161.05 161 161.1 0.0006246374399
161.15 161.1 161.2 -0.0001818799962
161.25 161.2 161.3 -0.00139661685
161.35 161.3 161.4 0.0008211645375
161.45 161.4 161.5 -0.0004400332986
161.55 161.5 161.6 -0.00131335473
161.65 161.6 161.7 0.0002162499177
161.75 161.7 161.8 -0.001424105709
161.85 161.8 161.9 -0.0001966715013
161.95 161.9 162 3.496973108e-05
162.05 162 162.1 0.0006492284484
162.15 162.1 162.2 5.496624677e-05
162.25 162.2 162.3 -0.0006579980455
162.35 162.3 162.4 0.001071868611
162.45 162.4 162.5 0.0009128208932
162.55 162.5 162.6 0.0004083911288
162.65 162.6 162.7 -0.0002987250103
162.75 162.7 162.8 0.0008248675868
162.85 162.8 162.9 -0.0007373017008
162.95 162.9 163 -4.928607075e-06
163.05 163 163.1 0.0005959145249
163.15 163.1 163.2 -0.001155033894
163.25 163.2 163.3 0.0002919394378
163.35 163.3 163.4 0.0009177553979
163.45 163.4 163.5 0.001022976592
163.55 163.5 163.6 0.001142433163
163.65 163.6 163.7 -0.001876717926
163.75 163.7 163.8 0.0009997846303
163.85 163.8 163.9 0.001387768951
163.95 163.9 164 -0.001396300848
164.05 164 164.1 -0.0003932241876
164.15 164.1 164.2 -8.468725667e-05
164.25 164.2 164.3 0.0004859626826
164.35 164.3 164.4 -0.0009339880307
164.45 164.4 164.5 -0.0003217209042
164.55 164.5 164.6 0.0004736635511
164.65 164.6 164.7 -0.0004270221889
164.75 164.7 164.8 0.0006445255966
164.85 164.8 164.9 0.00121650168
164.95 164.9 165 0.00102233699
165.05 165 165.1 -0.000635297705
165.15 165.1 165.2 -8.766987504e-06
165.25 165.2 165.3 0.0003171236481
165.35 165.3 165.4 -9.193194108e-05
165.45 165.4 165.5 0.0005125214341
165.55 165.5 165.6 0.001160154736
165.65 165.6 165.7 9.109832437e-05
165.75 165.7 165.8 -0.0003961631136
165.85 165.8 165.9 0.000343813525
165.95 165.9 166 0.0008302142681
166.05 166 166.1 -0.0005126037815
166.15 166.1 166.2 0.000690243832
166.25 166.2 166.3 0.00103372853
166.35 166.3 166.4 0.0002478942787
166.45 166.4 166.5 0.0003432492465
166.55 166.5 166.6 -0.0003047642119
166.65 166.6 166.7 0.0008267340543
166.75 166.7 166.8 0.0007764488582
166.85 166.8 166.9 0.001868929003
166.95 166.9 167 0.0001938165652
167.05 167 167.1 0.0006378977229
167.15 167.1 167.2 0.0005288063356
167.25 167.2 167.3 0.001246566735
167.35 167.3 167.4 -0.000134415796
167.45 167.4 167.5 0.0001759718034
167.55 167.5 167.6 0.0005585571015
167.65 167.6 167.7 0.0006092945335
167.75 167.7 167.8 0.0004308234471
167.85 167.8 167.9 0.0003805764737
167.95 167.9 168 0.002695838627
168.05 168 168.1 -0.0005742433645
168.15 168.1 168.2 0.0007322844678
168.25 168.2 168.3 0.001577189888
168.35 168.3 168.4 -0.0003462775427
168.45 168.4 168.5 0.0007792771005
168.55 168.5 168.6 0.0003512050014
168.65 168.6 168.7 -0.0005184754474
168.75 168.7 168.8 0.001178637875
168.85 168.8 168.9 -0.0003700819838
168.95 168.9 169 0.0005915280617
169.05 169 169.1 0.0004959859027
169.15 169.1 169.2 0.0002189098101
169.25 169.2 169.3 0.0005127809754
169.35 169.3 169.4 -0.0004317371693
169.45 169.4 169.5 -0.001467995216
169.55 169.5 169.6 0.001128573193
169.65 169.6 169.7 3.30936039e-05
169.75 169.7 169.8 0.0003901110658
169.85 169.8 169.9 -0.001160567477
169.95 169.9 170 0.001385324196
170.05 170 170.1 0.001462704927
170.15 170.1 170.2 0.0001686137176
170.25 170.2 170.3 0.001044059747
170.35 170.3 170.4 0.0004198222607
170.45 170.4 170.5 0.0006123163662
170.55 170.5 170.6 -0.0007407751729
170.65 170.6 170.7 -0.0002100174621
170.75 170.7 170.8 0.0003261376165
170.85 170.8 170.9 0.0003445858662
170.95 170.9 171 0.001897966334
171.05 171 171.1 0.001101058625
171.15 171.1 171.2 0.0006053681335
171.25 171.2 171.3 -0.0004886258453
171.35 171.3 171.4 -0.0004727524181
171.45 171.4 171.5 -0.00093188643
171.55 171.5 171.6 -0.001451479583
171.65 171.6 171.7 0.001101329144
171.75 171.7 171.8 0.0005600582207
171.85 171.8 171.9 0.0005892846689
171.95 171.9 172 -0.0007159748739
172.05 172 172.1 0.0006976940523
172.15 172.1 172.2 -0.0001244958819
172.25 172.2 172.3 0.0006255386478
172.35 172.3 172.4 5.958865252e-05
172.45 172.4 172.5 0.002205125252
172.55 172.5 172.6 -0.0002462873829
172.65 172.6 172.7 0.0004205034556
172.75 172.7 172.8 0.0005236180838
172.85 172.8 172.9 0.001141935573
172.95 172.9 173 0.0001664715834
173.05 173 173.1 9.574285824e-05
173.15 173.1 173.2 -0.0003975177666
173.25 173.2 173.3 0.001180293937
173.35 173.3 173.4 0.0004328016777
173.45 173.4 173.5 -0.001019393042
173.55 173.5 173.6 -0.0009334809
173.65 173.6 173.7 -0.001008385172
173.75 173.7 173.8 0.0001061125233
173.85 173.8 173.9 0.00125357561
173.95 173.9 174 -0.0004429157701
174.05 174 174.1 0.0002030006649
174.15 174.1 174.2 0.001069951281
174.25 174.2 174.3 0.0004548601192
174.35 174.3 174.4 0.0001285826701
174.45 174.4 174.5 4.86909498e-05
174.55 174.5 174.6 6.181321624e-06
174.65 174.6 174.7 -0.0003263950075
174.75 174.7 174.8 -0.0004537029045
174.85 174.8 174.9 0.001078443274
174.95 174.9 175 0.0007525469748
175.05 175 175.1 -0.0002764248898
175.15 175.1 175.2 -0.001513997388
175.25 175.2 175.3 0.0001077279125
175.35 175.3 175.4 0.002083190816
175.45 175.4 175.5 0.0001455176669
175.55 175.5 175.6 -0.001019538694
175.65 175.6 175.7 5.366891084e-05
175.75 175.7 175.8 0.0005776093013
175.85 175.8 175.9 0.0008096291096
175.95 175.9 176 0.0004646580719
176.05 176 176.1 0.001784217342
176.15 176.1 176.2 0.0005694574385
176.25 176.2 176.3 -0.0004893372593
176.35 176.3 176.4 -9.007161433e-05
176.45 176.4 176.5 0.0004882415397
176.55 176.5 176.6 -0.0008708792288
176.65 176.6 176.7 0.0003494909588
176.75 176.7 176.8 0.0007698460555
176.85 176.8 176.9 0.000217101406
176.95 176.9 177 -0.0006366643256
177.05 177 177.1 -4.894309819e-05
177.15 177.1 177.2 -0.0004406474673
177.25 177.2 177.3 -0.0002950832538
177.35 177.3 177.4 0.0001200171047
177.45 177.4 177.5 3.171153027e-05
177.55 177.5 177.6 0.0009892309561
177.65 177.6 177.7 -0.0002638202478
177.75 177.7 177.8 0.0003964256721
177.85 177.8 177.9 0.001732475931
177.95 177.9 178 -0.0005273376209
178.05 178 178.1 -0.001169679203
178.15 178.1 178.2 0.0003807932286
178.25 178.2 178.3 0.00137097267
178.35 178.3 178.4 0.0003259824529
178.45 178.4 178.5 0.0004473867849
178.55 178.5 178.6 4.30035654e-05
178.65 178.6 178.7 -0.0003507710433
178.75 178.7 178.8 5.417365727e-05
178.85 178.8 178.9 -0.0003086522332
178.95 178.9 179 -0.0007815659309
179.05 179 179.1 -0.002058790685
179.15 179.1 179.2 -0.0005086467633
179.25 179.2 179.3 0.0002542451527
179.35 179.3 179.4 -0.001757542236
179.45 179.4 179.5 -0.0003805166142
179.55 179.5 179.6 -0.0003560463877
179.65 179.6 179.7 -0.0006564917397
179.75 179.7 179.8 0.0004421977056
179.85 179.8 179.9 -0.0002593037843
179.95 179.9 180 0.0004623634904
180.05 180 180.1 0.001282755171
180.15 180.1 180.2 0.002099066981
180.25 180.2 180.3 0.0002843280669
180.35 180.3 180.4 0.0001809376465
180.45 180.4 180.5 -0.00143883998
180.55 180.5 180.6 -0.0004530440972
180.65 180.6 180.7 0.001006737085
180.75 180.7 180.8 -0.0003802392677
180.85 180.8 180.9 -1.274622829e-06
180.95 180.9 181 0.0005804559859
181.05 181 181.1 -0.0002258462231
181.15 181.1 181.2 -0.000640403588
181.25 181.2 181.3 -0.0001223782791
181.35 181.3 181.4 -0.0008140653881
181.45 181.4 181.5 -0.0004550034122
181.55 181.5 181.6 0.0003525327398
181.65 181.6 181.7 0.0002089057258
181.75 181.7 181.8 -0.0008992595715
181.85 181.8 181.9 -0.0004345536026
181.95 181.9 182 -0.0001168227288
182.05 182 182.1 -0.001345198199
182.15 182.1 182.2 0.0006709793457
182.25 182.2 182.3 0.0007269585921
182.35 182.3 182.4 -0.0007238075737
182.45 182.4 182.5 -0.0004689321407
182.55 182.5 182.6 -0.001180988237
182.65 182.6 182.7 -0.0002497224008
182.75 182.7 182.8 -0.0004090662373
182.85 182.8 182.9 -0.0006842633899
182.95 182.9 183 0.001180231713
183.05 183 183.1 -0.0001861984562
183.15 183.1 183.2 -0.0003090849021
183.25 183.2 183.3 -0.0008696343471
183.35 183.3 183.4 0.002118548789
183.45 183.4 183.5 -0.0006994677417
183.55 183.5 183.6 -0.0003354977524
183.65 183.6 183.7 -0.0001928237164
183.75 183.7 183.8 -0.0008388967656
183.85 183.8 183.9 -0.001062479467
183.95 183.9 184 -3.94978209e-06
184.05 184 184.1 -0.0001315663884
184.15 184.1 184.2 -0.0002963598642
184.25 184.2 184.3 0.0007171653583
184.35 184.3 184.4 -0.0006008878154
184.45 184.4 184.5 0.0004825954438
184.55 184.5 184.6 -0.000584864582
184.65 184.6 184.7 -0.0002930172373
184.75 184.7 184.8 -0.0004028172768
184.85 184.8 184.9 0.0001946998736
184.95 184.9 185 -0.0008679946103
185.05 185 185.1 -0.0003668581045
185.15 185.1 185.2 0.0002636053201
185.25 185.2 185.3 -4.002034682e-05
185.35 185.3 185.4 0.000459251497
185.45 185.4 185.5 -0.001172914894
185.55 185.5 185.6 -0.0009789981015
185.65 185.6 185.7 -0.0005455849149
185.75 185.7 185.8 -0.0005938045552
185.85 185.8 185.9 -0.00249162585
185.95 185.9 186 -0.0002474565263
186.05 186 186.1 -0.001151812962
186.15 186.1 186.2 -0.0007970802029
186.25 186.2 186.3 -0.0009867206076
186.35 186.3 186.4 -0.0002925628192
186.45 186.4 186.5 0.0003261094018
186.55 186.5 186.6 -0.0007385375389
186.65 186.6 186.7 0.00038788095
186.75 186.7 186.8 0.0006560282097
186.85 186.8 186.9 -0.001321949936
186.95 186.9 187 0.0001935519795
187.05 187 187.1 -0.0004814761475
187.15 187.1 187.2 -0.001767770464
187.25 187.2 187.3 0.000292208689
187.35 187.3 187.4 -0.0006367682953
187.45 187.4 187.5 0.000222082115
187.55 187.5 187.6 -0.001362467186
187.65 187.6 187.7 -0.0009134125119
187.75 187.7 187.8 -0.001308629254
187.85 187.8 187.9 -0.0001554083831
187.95 187.9 188 -0.0001163432399
188.05 188 188.1 -0.001002746526
188.15 188.1 188.2 -0.001134942913
188.25 188.2 188.3 -0.001629322273
188.35 188.3 188.4 -0.0009068728233
188.45 188.4 188.5 -0.0009202908121
188.55 188.5 188.6 0.0002121139454
188.65 188.6 188.7 0.000281597967
188.75 188.7 188.8 0.0002197518536
188.85 188.8 188.9 0.0006787281616
188.95 188.9 189 0.0006720369819
189.05 189 189.1 -0.0004637723635
189.15 189.1 189.2 0.0007383802422
189.25 189.2 189.3 -0.0005696453746
189.35 189.3 189.4 0.0001097531421
189.45 189.4 189.5 -0.0006992592712
189.55 189.5 189.6 0.0003651544827
189.65 189.6 189.7 -0.0009572887703
189.75 189.7 189.8 -0.0006202660549
189.85 189.8 189.9 0.0003164006873
189.95 189.9 190 -0.0009640625602
190.05 190 190.1 -0.0009300507347
190.15 190.1 190.2 -0.000751894184
190.25 190.2 190.3 -0.0007887119941
190.35 190.3 190.4 -0.0005233253806
190.45 190.4 190.5 -1.372774623e-05
190.55 190.5 190.6 0.0009912047368
190.65 190.6 190.7 -0.001461931963
190.75 190.7 190.8 0.0003091961385
190.85 190.8 190.9 -0.0008328196704
190.95 190.9 191 0.000401745336
191.05 191 191.1 -0.001200086545
191.15 191.1 191.2 -0.0003722268464
191.25 191.2 191.3 0.0007425366149
191.35 191.3 191.4 -3.050030559e-05
191.45 191.4 191.5 -0.0002185068293
191.55 191.5 191.6 -0.0002154028517
191.65 191.6 191.7 -0.0001342581024
191.75 191.7 191.8 -0.0001318342249
191.85 191.8 191.9 -0.0008547199359
191.95 191.9 192 -0.0001639083828
192.05 192 192.1 0.0002050177726
192.15 192.1 192.2 -0.00110924743
192.25 192.2 192.3 -0.000315962895
192.35 192.3 192.4 -0.0003565971012
192.45 192.4 192.5 -0.0002530380685
192.55 192.5 192.6 -0.001905460185
192.65 192.6 192.7 -0.0003828806554
192.75 192.7 192.8 -0.0001195161083
192.85 192.8 192.9 -0.001413818488
192.95 192.9 193 -0.001147462473
193.05 193 193.1 -0.001032960876
193.15 193.1 193.2 -0.0003016741504
193.25 193.2 193.3 -0.001040535784
193.35 193.3 193.4 -0.0008257529559
193.45 193.4 193.5 -0.0004892942248
193.55 193.5 193.6 -0.001353696179
193.65 193.6 193.7 -0.0009992152454
193.75 193.7 193.8 -0.0003938438569
193.85 193.8 193.9 -0.0005031801205
193.95 193.9 194 0.0004611009984
194.05 194 194.1 -0.001261154372
194.15 194.1 194.2 0.0007441127579
194.25 194.2 194.3 0.0005314781362
194.35 194.3 194.4 -0.0005708538767
194.45 194.4 194.5 -0.001261173797
194.55 194.5 194.6 0.0004359697212
194.65 194.6 194.7 0.0003660569078
194.75 194.7 194.8 -0.0004126790431
194.85 194.8 194.9 0.0005277197805
194.95 194.9 195 -0.0001321238651
195.05 195 195.1 -0.0004844769367
195.15 195.1 195.2 -0.0005681032728
195.25 195.2 195.3 -0.001599059558
195.35 195.3 195.4 -0.0002780787828
195.45 195.4 195.5 -0.001097861605
195.55 195.5 195.6 0.0007214359951
195.65 195.6 195.7 0.0002111327685
195.75 195.7 195.8 0.001047977443
195.85 195.8 195.9 -0.0005884405133
195.95 195.9 196 -0.0003629146088
196.05 196 196.1 -0.0008562831845
196.15 196.1 196.2 0.0003221444874
196.25 196.2 196.3 -0.0001475420636
196.35 196.3 196.4 -0.0009392111674
196.45 196.4 196.5 -0.0005890874743
196.55 196.5 196.6 -0.0005017766139
196.65 196.6 196.7 0.0001246199912
196.75 196.7 196.8 -0.0006535146599
196.85 196.8 196.9 -0.0004870598338
196.95 196.9 197 -0.0003800259793
197.05 197 197.1 0.0006707047711
197.15 197.1 197.2 0.0004099554133
197.25 197.2 197.3 -0.001169609721
197.35 197.3 197.4 -0.000730720742
197.45 197.4 197.5 0.0003869289094
197.55 197.5 197.6 -0.0008302012151
197.65 197.6 197.7 -0.001373575086
197.75 197.7 197.8 -0.0005126075016
197.85 197.8 197.9 0.001528746178
197.95 197.9 198 0.001346491272
198.05 198 198.1 0.0004259817672
198.15 198.1 198.2 0.0002418506791
198.25 198.2 198.3 0.0002253166867
198.35 198.3 198.4 -0.001617771936
198.45 198.4 198.5 -0.0001903541322
198.55 198.5 198.6 -0.0006795653126
198.65 198.6 198.7 2.128501552e-05
198.75 198.7 198.8 0.0004624314811
198.85 198.8 198.9 -0.0005109930641
198.95 198.9 199 -0.0008047282258
199.05 199 199.1 -0.0005090255922
199.15 199.1 199.2 0.0004758288342
199.25 199.2 199.3 -0.001962021596
199.35 199.3 199.4 0.000135740373
199.45 199.4 199.5 -0.0009870907119
199.55 199.5 199.6 -0.0007511950905
199.65 199.6 199.7 -4.300709496e-05
199.75 199.7 199.8 -0.00122442797
199.85 199.8 199.9 0.0004341467134
199.95 199.9 200 -0.0006795047498
