# Columns: s_cen(1) s_min(2) s_max(3) xi_iso(4)
0.05 0 0.1 89.92999459
0.15 0.1 0.2 4.156285058
0.25 0.2 0.3 17.14517098
0.35 0.3 0.4 21.66405401
0.45 0.4 0.5 21.39149775
0.55 0.5 0.6 24.55304936
0.65 0.6 0.7 20.5826348
0.75 0.7 0.8 23.78959279
0.85 0.8 0.9 23.14867299
0.95 0.9 1 21.51414372
1.05 1 1.1 20.1519841
1.15 1.1 1.2 19.05314209
1.25 1.2 1.3 18.22038835
1.35 1.3 1.4 17.80562471
1.45 1.4 1.5 16.32560517
1.55 1.5 1.6 16.0879127
1.65 1.6 1.7 15.54723657
1.75 1.7 1.8 14.19555709
1.85 1.8 1.9 13.32697231
1.95 1.9 2 12.26735888
2.05 2 2.1 11.95364119
2.15 2.1 2.2 11.63203153
2.25 2.2 2.3 10.93695642
2.35 2.3 2.4 9.489879157
2.45 2.4 2.5 9.238274039
2.55 2.5 2.6 8.568181156
2.65 2.6 2.7 8.023525656
2.75 2.7 2.8 7.598719192
2.85 2.8 2.9 7.592279115
2.95 2.9 3 6.641214617
3.05 3 3.1 6.587514136
3.15 3.1 3.2 6.655222352
3.25 3.2 3.3 5.899133423
3.35 3.3 3.4 5.816790784
3.45 3.4 3.5 5.539641503
3.55 3.5 3.6 5.379645315
3.65 3.6 3.7 5.299380027
3.75 3.7 3.8 4.902383743
3.85 3.8 3.9 4.823165337
3.95 3.9 4 4.737476389
4.05 4 4.1 4.553046468
4.15 4.1 4.2 4.490069602
4.25 4.2 4.3 4.225059209
4.35 4.3 4.4 4.095054695
4.45 4.4 4.5 3.989508348
4.55 4.5 4.6 3.844917686
4.65 4.6 4.7 3.761840959
4.75 4.7 4.8 3.651525608
4.85 4.8 4.9 3.488119136
4.95 4.9 5 3.438296717
5.05 5 5.1 3.346655596
5.15 5.1 5.2 3.205802325
5.25 5.2 5.3 3.17252689
5.35 5.3 5.4 3.026733068
5.45 5.4 5.5 2.919494086
5.55 5.5 5.6 2.80107716
5.65 5.6 5.7 2.85869113
5.75 5.7 5.8 2.639842828
5.85 5.8 5.9 2.648680072
5.95 5.9 6 2.618298437
6.05 6 6.1 2.508754695
6.15 6.1 6.2 2.434787267
6.25 6.2 6.3 2.4447247
6.35 6.3 6.4 2.361381693
6.45 6.4 6.5 2.283585959
6.55 6.5 6.6 2.257458854
6.65 6.6 6.7 2.158255906
6.75 6.7 6.8 2.186016452
6.85 6.8 6.9 2.118656328
6.95 6.9 7 1.931825955
7.05 7 7.1 1.970642443
7.15 7.1 7.2 1.885539077
7.25 7.2 7.3 1.927905243
7.35 7.3 7.4 1.823850801
7.45 7.4 7.5 1.783165357
7.55 7.5 7.6 1.742450872
7.65 7.6 7.7 1.759678468
7.75 7.7 7.8 1.732321725
7.85 7.8 7.9 1.618959811
7.95 7.9 8 1.619503339
8.05 8 8.1 1.5298782
8.15 8.1 8.2 1.528518963
8.25 8.2 8.3 1.468872243
8.35 8.3 8.4 1.497699248
8.45 8.4 8.5 1.441377176
8.55 8.5 8.6 1.462174385
8.65 8.6 8.7 1.440944945
8.75 8.7 8.8 1.344546893
8.85 8.8 8.9 1.356188036
8.95 8.9 9 1.316399109
9.05 9 9.1 1.262817931
9.15 9.1 9.2 1.261505049
9.25 9.2 9.3 1.253776675
9.35 9.3 9.4 1.233551845
9.45 9.4 9.5 1.206891672
9.55 9.5 9.6 1.158545171
9.65 9.6 9.7 1.142465534
9.75 9.7 9.8 1.109619578
9.85 9.8 9.9 1.148005077
9.95 9.9 10 1.098291424
10.05 10 10.1 1.080218185
10.15 10.1 10.2 1.026888087
10.25 10.2 10.3 0.9792898659
10.35 10.3 10.4 1.039238499
10.45 10.4 10.5 0.943701085
10.55 10.5 10.6 1.003725123
10.65 10.6 10.7 0.9455176953
10.75 10.7 10.8 0.90955679
10.85 10.8 10.9 0.9200990496
10.95 10.9 11 0.8791648876
11.05 11 11.1 0.9474484709
11.15 11.1 11.2 0.8982991719
11.25 11.2 11.3 0.8178952515
11.35 11.3 11.4 0.8577108185
11.45 11.4 11.5 0.8482234223
11.55 11.5 11.6 0.8256329677
11.65 11.6 11.7 0.8254810547
11.75 11.7 11.8 0.8144889197
11.85 11.8 11.9 0.8084778938
11.95 11.9 12 0.7475450742
12.05 12 12.1 0.8180039257
12.15 12.1 12.2 0.7682150672
12.25 12.2 12.3 0.7351939102
12.35 12.3 12.4 0.7172683398
12.45 12.4 12.5 0.7660285103
12.55 12.5 12.6 0.715348507
12.65 12.6 12.7 0.7172270517
12.75 12.7 12.8 0.6934572532
12.85 12.8 12.9 0.6412325395
12.95 12.9 13 0.6695602731
13.05 13 13.1 0.6745161422
13.15 13.1 13.2 0.6579831731
13.25 13.2 13.3 0.6525850585
13.35 13.3 13.4 0.6416198454
13.45 13.4 13.5 0.5985068064
13.55 13.5 13.6 0.6288798838
13.65 13.6 13.7 0.6272233046
13.75 13.7 13.8 0.6170215096
13.85 13.8 13.9 0.5983140784
13.95 13.9 14 0.6087344075
14.05 14 14.1 0.5907876798
14.15 14.1 14.2 0.5724679062
14.25 14.2 14.3 0.5561126725
14.35 14.3 14.4 0.5422042304
14.45 14.4 14.5 0.5414183933
14.55 14.5 14.6 0.5169454311
14.65 14.6 14.7 0.5133097594
14.75 14.7 14.8 0.5220068782
14.85 14.8 14.9 0.4971180436
14.95 14.9 15 0.506283974
15.05 15 15.1 0.4857996318
15.15 15.1 15.2 0.5159003215
15.25 15.2 15.3 0.4982572412
15.35 15.3 15.4 0.489255827
15.45 15.4 15.5 0.5061938145
15.55 15.5 15.6 0.5001465256
15.65 15.6 15.7 0.4663429425
15.75 15.7 15.8 0.451480757
15.85 15.8 15.9 0.4560475654
15.95 15.9 16 0.4682275775
16.05 16 16.1 0.4428094949
16.15 16.1 16.2 0.4570099055
16.25 16.2 16.3 0.4482510311
16.35 16.3 16.4 0.4226540199
16.45 16.4 16.5 0.4227540377
16.55 16.5 16.6 0.4159678612
16.65 16.6 16.7 0.4248563314
16.75 16.7 16.8 0.3937286246
16.85 16.8 16.9 0.4278243501
16.95 16.9 17 0.3873479524
17.05 17 17.1 0.4113551841
17.15 17.1 17.2 0.3905547276
17.25 17.2 17.3 0.4194444148
17.35 17.3 17.4 0.3612643386
17.45 17.4 17.5 0.3467741365
17.55 17.5 17.6 0.3615322672
17.65 17.6 17.7 0.3720272791
17.75 17.7 17.8 0.364407718
17.85 17.8 17.9 0.3514628851
17.95 17.9 18 0.3353484358
18.05 18 18.1 0.3446322584
18.15 18.1 18.2 0.3456412462
18.25 18.2 18.3 0.3636468449
18.35 18.3 18.4 0.3542109052
18.45 18.4 18.5 0.3210667216
18.55 18.5 18.6 0.3362592362
18.65 18.6 18.7 0.3246268734
18.75 18.7 18.8 0.3291312617
18.85 18.8 18.9 0.3266844768
18.95 18.9 19 0.3037854258
19.05 19 19.1 0.313502455
19.15 19.1 19.2 0.296257939
19.25 19.2 19.3 0.2837714883
19.35 19.3 19.4 0.3004112063
19.45 19.4 19.5 0.3126128713
19.55 19.5 19.6 0.3002763526
19.65 19.6 19.7 0.2764677111
19.75 19.7 19.8 0.2964610171
19.85 19.8 19.9 0.2785356991
19.95 19.9 20 0.2780620467
20.05 20 20.1 0.2710374061
20.15 20.1 20.2 0.2790621071
20.25 20.2 20.3 0.2787235668
20.35 20.3 20.4 0.2876968737
20.45 20.4 20.5 0.2878751481
20.55 20.5 20.6 0.2561930405
20.65 20.6 20.7 0.2710551541
20.75 20.7 20.8 0.269096656
20.85 20.8 20.9 0.2712273813
20.95 20.9 21 0.2424655168
21.05 21 21.1 0.2609716306
21.15 21.1 21.2 0.2370991561
21.25 21.2 21.3 0.247124686
21.35 21.3 21.4 0.2344189162
21.45 21.4 21.5 0.2334962975
21.55 21.5 21.6 0.2515159873
21.65 21.6 21.7 0.2219695871
21.75 21.7 21.8 0.2362037994
21.85 21.8 21.9 0.2408257521
21.95 21.9 22 0.2312598569
22.05 22 22.1 0.2450156387
22.15 22.1 22.2 0.2168775103
22.25 22.2 22.3 0.2226046101
22.35 22.3 22.4 0.2301822914
22.45 22.4 22.5 0.21748727
22.55 22.5 22.6 0.1990989244
22.65 22.6 22.7 0.2240243347
22.75 22.7 22.8 0.2021184431
22.85 22.8 22.9 0.2057852433
22.95 22.9 23 0.2189966847
23.05 23 23.1 0.2116647407
23.15 23.1 23.2 0.1971546641
23.25 23.2 23.3 0.2000519426
23.35 23.3 23.4 0.1926306844
23.45 23.4 23.5 0.1836553761
23.55 23.5 23.6 0.2069894725
23.65 23.6 23.7 0.1877608112
23.75 23.7 23.8 0.1841163754
23.85 23.8 23.9 0.1860603912
23.95 23.9 24 0.1848076564
24.05 24 24.1 0.1695144525
24.15 24.1 24.2 0.1653909384
24.25 24.2 24.3 0.1689462779
24.35 24.3 24.4 0.1838456388
24.45 24.4 24.5 0.1715748546
24.55 24.5 24.6 0.1918572344
24.65 24.6 24.7 0.1956408999
24.75 24.7 24.8 0.1799497841
24.85 24.8 24.9 0.187736776
24.95 24.9 25 0.1772286353
25.05 25 25.1 0.1613930313
25.15 25.1 25.2 0.169115284
25.25 25.2 25.3 0.1574806401
25.35 25.3 25.4 0.1623991726
25.45 25.4 25.5 0.1716090458
25.55 25.5 25.6 0.1833932824
25.65 25.6 25.7 0.1612393935
25.75 25.7 25.8 0.1580514425
25.85 25.8 25.9 0.1463680727
25.95 25.9 26 0.165257393
26.05 26 26.1 0.1738514431
26.15 26.1 26.2 0.1585196043
26.25 26.2 26.3 0.1780761661
26.35 26.3 26.4 0.1651869294
26.45 26.4 26.5 0.1552493555
26.55 26.5 26.6 0.1552758153
26.65 26.6 26.7 0.1326766676
26.75 26.7 26.8 0.1517888322
26.85 26.8 26.9 0.1434911468
26.95 26.9 27 0.1465502328
27.05 27 27.1 0.1347818753
27.15 27.1 27.2 0.1495864618
27.25 27.2 27.3 0.1463966025
27.35 27.3 27.4 0.1452560655
27.45 27.4 27.5 0.1474540296
27.55 27.5 27.6 0.1329901653
27.65 27.6 27.7 0.1275449341
27.75 27.7 27.8 0.1312307557
27.85 27.8 27.9 0.132427548
27.95 27.9 28 0.1363327984
28.05 28 28.1 0.1339083974
28.15 28.1 28.2 0.1250726635
28.25 28.2 28.3 0.1260737867
28.35 28.3 28.4 0.132824334
28.45 28.4 28.5 0.1339077721
28.55 28.5 28.6 0.1284655948
28.65 28.6 28.7 0.1324337717
28.75 28.7 28.8 0.1303269194
28.85 28.8 28.9 0.1290711506
28.95 28.9 29 0.1255548724
29.05 29 29.1 0.1214660486
29.15 29.1 29.2 0.1224933982
29.25 29.2 29.3 0.1183066118
29.35 29.3 29.4 0.1118613329
29.45 29.4 29.5 0.1219524008
29.55 29.5 29.6 0.1288999861
29.65 29.6 29.7 0.1277954246
29.75 29.7 29.8 0.1168358766
29.85 29.8 29.9 0.1167154637
29.95 29.9 30 0.1127906205
30.05 30 30.1 0.1072889121
30.15 30.1 30.2 0.1024065512
30.25 30.2 30.3 0.1247861626
30.35 30.3 30.4 0.09449017553
30.45 30.4 30.5 0.1056029265
30.55 30.5 30.6 0.1110776568
30.65 30.6 30.7 0.1056618567
30.75 30.7 30.8 0.1082143725
30.85 30.8 30.9 0.1120677402
30.95 30.9 31 0.1049797641
31.05 31 31.1 0.1078360477
31.15 31.1 31.2 0.1029437065
31.25 31.2 31.3 0.1077149434
31.35 31.3 31.4 0.1082511689
31.45 31.4 31.5 0.1042487714
31.55 31.5 31.6 0.097098083
31.65 31.6 31.7 0.09132617483
31.75 31.7 31.8 0.09102317851
31.85 31.8 31.9 0.09588148665
31.95 31.9 32 0.09982845285
32.05 32 32.1 0.103129064
32.15 32.1 32.2 0.09145749313
32.25 32.2 32.3 0.09580286363
32.35 32.3 32.4 0.09331334904
32.45 32.4 32.5 0.09758763881
32.55 32.5 32.6 0.09077291564
32.65 32.6 32.7 0.1026617832
32.75 32.7 32.8 0.08648507568
32.85 32.8 32.9 0.09409023194
32.95 32.9 33 0.08132071359
33.05 33 33.1 0.06943348167
33.15 33.1 33.2 0.08942647038
33.25 33.2 33.3 0.09446826005
33.35 33.3 33.4 0.09401657993
33.45 33.4 33.5 0.09689241459
33.55 33.5 33.6 0.08641998231
33.65 33.6 33.7 0.08070241712
33.75 33.7 33.8 0.09411063196
33.85 33.8 33.9 0.08613323123
33.95 33.9 34 0.07621778993
34.05 34 34.1 0.09293619248
34.15 34.1 34.2 0.08685392447
34.25 34.2 34.3 0.0795478555
34.35 34.3 34.4 0.07662742841
34.45 34.4 34.5 0.07722486054
34.55 34.5 34.6 0.07869071456
34.65 34.6 34.7 0.08107856792
34.75 34.7 34.8 0.08232157228
34.85 34.8 34.9 0.07886124519
34.95 34.9 35 0.07922802138
35.05 35 35.1 0.08060963561
35.15 35.1 35.2 0.08031532596
35.25 35.2 35.3 0.08036457382
35.35 35.3 35.4 0.09158681435
35.45 35.4 35.5 0.08458169701
35.55 35.5 35.6 0.07989848535
35.65 35.6 35.7 0.07467145109
35.75 35.7 35.8 0.07318034634
35.85 35.8 35.9 0.06839625861
35.95 35.9 36 0.06625289314
36.05 36 36.1 0.0723280127
36.15 36.1 36.2 0.06696686425
36.25 36.2 36.3 0.06940672494
36.35 36.3 36.4 0.07785205307
36.45 36.4 36.5 0.07527684752
36.55 36.5 36.6 0.06913238259
36.65 36.6 36.7 0.07545020171
36.75 36.7 36.8 0.0670534017
36.85 36.8 36.9 0.07580679894
36.95 36.9 37 0.07107147269
37.05 37 37.1 0.07107752073
37.15 37.1 37.2 0.06686266478
37.25 37.2 37.3 0.07684767049
37.35 37.3 37.4 0.06306131213
37.45 37.4 37.5 0.07227159721
37.55 37.5 37.6 0.05927127729
37.65 37.6 37.7 0.07609416356
37.75 37.7 37.8 0.07040121157
37.85 37.8 37.9 0.06204983468
37.95 37.9 38 0.06470657474
38.05 38 38.1 0.06824668694
38.15 38.1 38.2 0.06583299239
38.25 38.2 38.3 0.05214398739
38.35 38.3 38.4 0.07216662482
38.45 38.4 38.5 0.05956075433
38.55 38.5 38.6 0.0580955624
38.65 38.6 38.7 0.06890615814
38.75 38.7 38.8 0.0546197853
38.85 38.8 38.9 0.05248902601
38.95 38.9 39 0.05845500063
39.05 39 39.1 0.05967071315
39.15 39.1 39.2 0.06476272062
39.25 39.2 39.3 0.05448417091
39.35 39.3 39.4 0.063571581
39.45 39.4 39.5 0.05525767086
39.55 39.5 39.6 0.06273256164
39.65 39.6 39.7 0.05719631648
39.75 39.7 39.8 0.0629590539
39.85 39.8 39.9 0.05449589898
39.95 39.9 40 0.06071167525
40.05 40 40.1 0.06143366672
40.15 40.1 40.2 0.05657447651
40.25 40.2 40.3 0.06562109315
40.35 40.3 40.4 0.06074435674
40.45 40.4 40.5 0.05746703548
40.55 40.5 40.6 0.0606090269
40.65 40.6 40.7 0.06164440618
40.75 40.7 40.8 0.05953136585
40.85 40.8 40.9 0.06050548624
40.95 40.9 41 0.05488404176
41.05 41 41.1 0.06880208988
41.15 41.1 41.2 0.05679748481
41.25 41.2 41.3 0.05066778908
41.35 41.3 41.4 0.04769714433
41.45 41.4 41.5 0.05839826668
41.55 41.5 41.6 0.05506237676
41.65 41.6 41.7 0.05355861033
41.75 41.7 41.8 0.06216606389
41.85 41.8 41.9 0.05084311762
41.95 41.9 42 0.05138854116
42.05 42 42.1 0.05509510428
42.15 42.1 42.2 0.04646760979
42.25 42.2 42.3 0.05172475362
42.35 42.3 42.4 0.04983995304
42.45 42.4 42.5 0.04940610296
42.55 42.5 42.6 0.04712239944
42.65 42.6 42.7 0.05835614221
42.75 42.7 42.8 0.05380262256
42.85 42.8 42.9 0.05806404928
42.95 42.9 43 0.04847382451
43.05 43 43.1 0.04997184676
43.15 43.1 43.2 0.04613489307
43.25 43.2 43.3 0.05164990519
43.35 43.3 43.4 0.04752766385
43.45 43.4 43.5 0.05032605332
43.55 43.5 43.6 0.04175036105
43.65 43.6 43.7 0.05225782348
43.75 43.7 43.8 0.05132927913
43.85 43.8 43.9 0.04858396984
43.95 43.9 44 0.03855730748
44.05 44 44.1 0.05258708332
44.15 44.1 44.2 0.04977126896
44.25 44.2 44.3 0.04114621072
44.35 44.3 44.4 0.05280510137
44.45 44.4 44.5 0.04074203721
44.55 44.5 44.6 0.05087112296
44.65 44.6 44.7 0.04344186838
44.75 44.7 44.8 0.04043291124
44.85 44.8 44.9 0.0502292626
44.95 44.9 45 0.05029189236
45.05 45 45.1 0.03895533665
45.15 45.1 45.2 0.04865830513
45.25 45.2 45.3 0.04223489979
45.35 45.3 45.4 0.04675230183
45.45 45.4 45.5 0.03755775724
45.55 45.5 45.6 0.04368335141
45.65 45.6 45.7 0.04486354269
45.75 45.7 45.8 0.04749903504
45.85 45.8 45.9 0.04565322149
45.95 45.9 46 0.04841481963
46.05 46 46.1 0.04060219259
46.15 46.1 46.2 0.0391100464
46.25 46.2 46.3 0.03742665233
46.35 46.3 46.4 0.04809276118
46.45 46.4 46.5 0.03776675121
46.55 46.5 46.6 0.05046336274
46.65 46.6 46.7 0.04741492198
46.75 46.7 46.8 0.03990457622
46.85 46.8 46.9 0.03670458728
46.95 46.9 47 0.04262745854
47.05 47 47.1 0.04348040505
47.15 47.1 47.2 0.03987145004
47.25 47.2 47.3 0.03828143777
47.35 47.3 47.4 0.03888450256
47.45 47.4 47.5 0.04208351681
47.55 47.5 47.6 0.03490524802
47.65 47.6 47.7 0.0403271397
47.75 47.7 47.8 0.03944867071
47.85 47.8 47.9 0.03780920353
47.95 47.9 48 0.04201748431
48.05 48 48.1 0.03694656407
48.15 48.1 48.2 0.03709076125
48.25 48.2 48.3 0.04297970628
48.35 48.3 48.4 0.0426463365
48.45 48.4 48.5 0.03305520205
48.55 48.5 48.6 0.0394827749
48.65 48.6 48.7 0.03545499891
48.75 48.7 48.8 0.04202092876
48.85 48.8 48.9 0.03660255338
48.95 48.9 49 0.03225347192
49.05 49 49.1 0.0432791066
49.15 49.1 49.2 0.03268880138
49.25 49.2 49.3 0.02904234392
49.35 49.3 49.4 0.03536222523
49.45 49.4 49.5 0.03777761328
49.55 49.5 49.6 0.03127064131
49.65 49.6 49.7 0.03474354095
49.75 49.7 49.8 0.03062651314
49.85 49.8 49.9 0.03188014993
49.95 49.9 50 0.04077595776
50.05 50 50.1 0.03083453567
50.15 50.1 50.2 0.0268503127
50.25 50.2 50.3 0.03421636778
50.35 50.3 50.4 0.04084410976
50.45 50.4 50.5 0.02879971215
50.55 50.5 50.6 0.03453677532
50.65 50.6 50.7 0.03349144052
50.75 50.7 50.8 0.03306369428
50.85 50.8 50.9 0.02904483228
50.95 50.9 51 0.03347093869
51.05 51 51.1 0.03540336295
51.15 51.1 51.2 0.03544234564
51.25 51.2 51.3 0.02685751626
51.35 51.3 51.4 0.02835609229
51.45 51.4 51.5 0.02554360146
51.55 51.5 51.6 0.03246387537
51.65 51.6 51.7 0.03577007749
51.75 51.7 51.8 0.03081046775
51.85 51.8 51.9 0.02725825851
51.95 51.9 52 0.03391713662
52.05 52 52.1 0.03497318727
52.15 52.1 52.2 0.02223279202
52.25 52.2 52.3 0.03630786256
52.35 52.3 52.4 0.02861283937
52.45 52.4 52.5 0.0274838076
52.55 52.5 52.6 0.02193225648
52.65 52.6 52.7 0.02949371856
52.75 52.7 52.8 0.02661788067
52.85 52.8 52.9 0.03228552232
52.95 52.9 53 0.02580480961
53.05 53 53.1 0.03167714296
53.15 53.1 53.2 0.02445153847
53.25 53.2 53.3 0.02922369486
53.35 53.3 53.4 0.02054450042
53.45 53.4 53.5 0.02806592689
53.55 53.5 53.6 0.02465724569
53.65 53.6 53.7 0.02905183782
53.75 53.7 53.8 0.03211700064
53.85 53.8 53.9 0.0324272705
53.95 53.9 54 0.03212570979
54.05 54 54.1 0.02430084576
54.15 54.1 54.2 0.02781953986
54.25 54.2 54.3 0.01903168712
54.35 54.3 54.4 0.02726635542
54.45 54.4 54.5 0.02161464495
54.55 54.5 54.6 0.02768846575
54.65 54.6 54.7 0.02845330318
54.75 54.7 54.8 0.02412752105
54.85 54.8 54.9 0.023447828
54.95 54.9 55 0.02121021085
55.05 55 55.1 0.01542735442
55.15 55.1 55.2 0.0241042821
55.25 55.2 55.3 0.01944364366
55.35 55.3 55.4 0.02516227846
55.45 55.4 55.5 0.02378279941
55.55 55.5 55.6 0.02199545134
55.65 55.6 55.7 0.02670225258
55.75 55.7 55.8 0.02421114446
55.85 55.8 55.9 0.02437061731
55.95 55.9 56 0.02891795858
56.05 56 56.1 0.02194801732
56.15 56.1 56.2 0.03010699834
56.25 56.2 56.3 0.02431855055
56.35 56.3 56.4 0.01679902623
56.45 56.4 56.5 0.02524072391
56.55 56.5 56.6 0.02398192182
56.65 56.6 56.7 0.0219592391
56.75 56.7 56.8 0.02048820353
56.85 56.8 56.9 0.01789917361
56.95 56.9 57 0.02747331813
57.05 57 57.1 0.02374598741
57.15 57.1 57.2 0.02713073738
57.25 57.2 57.3 0.01327200124
57.35 57.3 57.4 0.0162939494
57.45 57.4 57.5 0.0235166688
57.55 57.5 57.6 0.02593865389
57.65 57.6 57.7 0.02168473913
57.75 57.7 57.8 0.0242292454
57.85 57.8 57.9 0.02388786677
57.95 57.9 58 0.02534663176
58.05 58 58.1 0.01789371818
58.15 58.1 58.2 0.02144655117
58.25 58.2 58.3 0.01803635007
58.35 58.3 58.4 0.01891538343
58.45 58.4 58.5 0.01688968029
58.55 58.5 58.6 0.02121170614
58.65 58.6 58.7 0.02078025843
58.75 58.7 58.8 0.01917113442
58.85 58.8 58.9 0.02727955671
58.95 58.9 59 0.02915693779
59.05 59 59.1 0.02176592446
59.15 59.1 59.2 0.01442786089
59.25 59.2 59.3 0.01584730033
59.35 59.3 59.4 0.01509919572
59.45 59.4 59.5 0.02489219639
59.55 59.5 59.6 0.01528590907
59.65 59.6 59.7 0.0160532093
59.75 59.7 59.8 0.01269000177
59.85 59.8 59.9 0.0153950128
59.95 59.9 60 0.01627855903
60.05 60 60.1 0.01923179125
60.15 60.1 60.2 0.009650207589
60.25 60.2 60.3 0.01814628868
60.35 60.3 60.4 0.02243818914
60.45 60.4 60.5 0.01977201592
60.55 60.5 60.6 0.01793785041
60.65 60.6 60.7 0.02278041157
60.75 60.7 60.8 0.01475515333
60.85 60.8 60.9 0.01417392191
60.95 60.9 61 0.01526017897
61.05 61 61.1 0.02181020192
61.15 61.1 61.2 0.01827273918
61.25 61.2 61.3 0.01621751274
61.35 61.3 61.4 0.01884189125
61.45 61.4 61.5 0.01991339541
61.55 61.5 61.6 0.01582736926
61.65 61.6 61.7 0.01626361016
61.75 61.7 61.8 0.01235859118
61.85 61.8 61.9 0.01625178076
61.95 61.9 62 0.00700358307
62.05 62 62.1 0.01252607597
62.15 62.1 62.2 0.01934456163
62.25 62.2 62.3 0.00990096373
62.35 62.3 62.4 0.01652719559
62.45 62.4 62.5 0.01438061064
62.55 62.5 62.6 0.01457344061
62.65 62.6 62.7 0.01472993463
62.75 62.7 62.8 0.02320126078
62.85 62.8 62.9 0.01336471782
62.95 62.9 63 0.01336565776
63.05 63 63.1 0.01160588488
63.15 63.1 63.2 0.01755596859
63.25 63.2 63.3 0.02021053815
63.35 63.3 63.4 0.01163605812
63.45 63.4 63.5 0.01369320013
63.55 63.5 63.6 0.01023989951
63.65 63.6 63.7 0.009642787857
63.75 63.7 63.8 0.0106013303
63.85 63.8 63.9 0.01692337871
63.95 63.9 64 0.01649878881
64.05 64 64.1 0.01025783698
64.15 64.1 64.2 0.01374880519
64.25 64.2 64.3 0.01661826782
64.35 64.3 64.4 0.0176909856
64.45 64.4 64.5 0.009831042635
64.55 64.5 64.6 0.01013224626
64.65 64.6 64.7 0.01638381949
64.75 64.7 64.8 0.008405926463
64.85 64.8 64.9 0.01592220629
64.95 64.9 65 0.01472709331
65.05 65 65.1 0.008251719004
65.15 65.1 65.2 0.01530650931
65.25 65.2 65.3 0.01237504311
65.35 65.3 65.4 0.01669735246
65.45 65.4 65.5 0.01483191697
65.55 65.5 65.6 0.01554898711
65.65 65.6 65.7 0.01477740829
65.75 65.7 65.8 0.02095089368
65.85 65.8 65.9 0.01213302742
65.95 65.9 66 0.007277461093
66.05 66 66.1 0.01467289164
66.15 66.1 66.2 0.01240697331
66.25 66.2 66.3 0.01172200315
66.35 66.3 66.4 0.01431544201
66.45 66.4 66.5 0.01630369817
66.55 66.5 66.6 0.01371272664
66.65 66.6 66.7 0.01130449276
66.75 66.7 66.8 0.00990693495
66.85 66.8 66.9 0.01092062607
66.95 66.9 67 0.0115992593
67.05 67 67.1 0.01329621094
67.15 67.1 67.2 0.01179770549
67.25 67.2 67.3 0.01031695238
67.35 67.3 67.4 0.01037524393
67.45 67.4 67.5 0.006606101312
67.55 67.5 67.6 0.01211578624
67.65 67.6 67.7 0.01424234325
67.75 67.7 67.8 0.00794394738
67.85 67.8 67.9 0.01197229679
67.95 67.9 68 0.007185847729
68.05 68 68.1 0.01803816823
68.15 68.1 68.2 0.01033875554
68.25 68.2 68.3 0.008021592555
68.35 68.3 68.4 0.01291389624
68.45 68.4 68.5 0.01239628497
68.55 68.5 68.6 0.005696571515
68.65 68.6 68.7 0.01015247426
68.75 68.7 68.8 0.01216459929
68.85 68.8 68.9 0.01277427295
68.95 68.9 69 0.01171525952
69.05 69 69.1 0.005566056233
69.15 69.1 69.2 0.007577370019
69.25 69.2 69.3 0.01367916212
69.35 69.3 69.4 0.01756810725
69.45 69.4 69.5 0.01192678377
69.55 69.5 69.6 0.01062236117
69.65 69.6 69.7 0.009374895467
69.75 69.7 69.8 0.006536307562
69.85 69.8 69.9 0.006819446048
69.95 69.9 70 0.01224491568
70.05 70 70.1 0.00839238838
70.15 70.1 70.2 0.01024714962
70.25 70.2 70.3 0.008139359
70.35 70.3 70.4 0.01354111816
70.45 70.4 70.5 0.01219340786
70.55 70.5 70.6 0.01249292256
70.65 70.6 70.7 0.003722882572
70.75 70.7 70.8 0.009410430989
70.85 70.8 70.9 0.005281999227
70.95 70.9 71 0.006563726196
71.05 71 71.1 0.007977522984
71.15 71.1 71.2 0.006493303362
71.25 71.2 71.3 0.01362855475
71.35 71.3 71.4 0.0066246408
71.45 71.4 71.5 0.009891465812
71.55 71.5 71.6 0.01202872394
71.65 71.6 71.7 0.009581216107
71.75 71.7 71.8 -0.000178052651
71.85 71.8 71.9 0.01315694194
71.95 71.9 72 0.007712234079
72.05 72 72.1 0.006685677723
72.15 72.1 72.2 0.01039163509
72.25 72.2 72.3 0.005748232936
72.35 72.3 72.4 0.001839865581
72.45 72.4 72.5 0.009770175013
72.55 72.5 72.6 0.01098185248
72.65 72.6 72.7 0.006225491413
72.75 72.7 72.8 0.01228383633
72.85 72.8 72.9 0.0108255995
72.95 72.9 73 0.008496677722
73.05 73 73.1 0.00621452669
73.15 73.1 73.2 0.01740869932
73.25 73.2 73.3 0.008726007317
73.35 73.3 73.4 0.005121739441
73.45 73.4 73.5 0.009822284115
73.55 73.5 73.6 0.009294220947
73.65 73.6 73.7 0.01084721295
73.75 73.7 73.8 0.01216802472
73.85 73.8 73.9 0.006875072076
73.95 73.9 74 0.00918265943
74.05 74 74.1 0.007950953077
74.15 74.1 74.2 0.01311846325
74.25 74.2 74.3 0.00943323647
74.35 74.3 74.4 0.006088092931
74.45 74.4 74.5 0.01247035287
74.55 74.5 74.6 0.00682303097
74.65 74.6 74.7 0.01059758629
74.75 74.7 74.8 0.009418388604
74.85 74.8 74.9 0.01101617298
74.95 74.9 75 0.00581743104
75.05 75 75.1 0.007618525559
75.15 75.1 75.2 0.006866722025
75.25 75.2 75.3 0.006580492281
75.35 75.3 75.4 0.003855067829
75.45 75.4 75.5 0.004053112167
75.55 75.5 75.6 0.00338275759
75.65 75.6 75.7 0.006851391817
75.75 75.7 75.8 0.008756836638
75.85 75.8 75.9 0.009712292298
75.95 75.9 76 0.008714358919
76.05 76 76.1 0.005701066449
76.15 76.1 76.2 0.006798404285
76.25 76.2 76.3 0.008458166385
76.35 76.3 76.4 0.006257336237
76.45 76.4 76.5 0.002451593519
76.55 76.5 76.6 0.008551691004
76.65 76.6 76.7 0.008159484283
76.75 76.7 76.8 0.00714821038
76.85 76.8 76.9 0.0006098062603
76.95 76.9 77 0.009328590983
77.05 77 77.1 0.008485823075
77.15 77.1 77.2 0.006426435281
77.25 77.2 77.3 0.01093611513
77.35 77.3 77.4 0.005504541057
77.45 77.4 77.5 0.007023350562
77.55 77.5 77.6 0.008552051751
77.65 77.6 77.7 0.007317811811
77.75 77.7 77.8 0.01162109985
77.85 77.8 77.9 0.006951795301
77.95 77.9 78 0.009308890134
78.05 78 78.1 0.005789931563
78.15 78.1 78.2 0.009082617344
78.25 78.2 78.3 0.007899758949
78.35 78.3 78.4 0.005902431664
78.45 78.4 78.5 0.005931765654
78.55 78.5 78.6 0.006984401074
78.65 78.6 78.7 0.01314599593
78.75 78.7 78.8 0.008951075355
78.85 78.8 78.9 0.006095580047
78.95 78.9 79 0.007135117236
79.05 79 79.1 0.005307283671
79.15 79.1 79.2 0.004039758006
79.25 79.2 79.3 0.007740637257
79.35 79.3 79.4 0.005521549025
79.45 79.4 79.5 0.007152505574
79.55 79.5 79.6 0.005343859208
79.65 79.6 79.7 0.004183428075
79.75 79.7 79.8 0.009863377724
79.85 79.8 79.9 0.00591943501
79.95 79.9 80 0.007716092483
80.05 80 80.1 0.01291954096
80.15 80.1 80.2 0.01069561936
80.25 80.2 80.3 0.004863840079
80.35 80.3 80.4 0.006060722553
80.45 80.4 80.5 0.00695699601
80.55 80.5 80.6 0.004677456385
80.65 80.6 80.7 0.001018893259
80.75 80.7 80.8 0.008153715204
80.85 80.8 80.9 0.004408086751
80.95 80.9 81 0.003526485271
81.05 81 81.1 0.01177491012
81.15 81.1 81.2 0.008184351719
81.25 81.2 81.3 0.005600651159
81.35 81.3 81.4 0.01082204543
81.45 81.4 81.5 0.007413253284
81.55 81.5 81.6 0.006980585338
81.65 81.6 81.7 0.004497305477
81.75 81.7 81.8 0.006317362697
81.85 81.8 81.9 0.005329842895
81.95 81.9 82 0.005423097932
82.05 82 82.1 0.005499769623
82.15 82.1 82.2 0.006341263265
82.25 82.2 82.3 0.006655210643
82.35 82.3 82.4 0.00843576271
82.45 82.4 82.5 0.00619037486
82.55 82.5 82.6 0.00649841761
82.65 82.6 82.7 0.003328744362
82.75 82.7 82.8 0.002262298694
82.85 82.8 82.9 0.007345390782
82.95 82.9 83 0.00608176349
83.05 83 83.1 0.006252148011
83.15 83.1 83.2 0.005525301083
83.25 83.2 83.3 0.003681420022
83.35 83.3 83.4 0.00812107783
83.45 83.4 83.5 0.007317580253
83.55 83.5 83.6 0.004241061622
83.65 83.6 83.7 0.004073767895
83.75 83.7 83.8 0.004550741431
83.85 83.8 83.9 0.004005347615
83.95 83.9 84 0.00101279191
84.05 84 84.1 0.007143565469
84.15 84.1 84.2 0.007886143396
84.25 84.2 84.3 0.00829883805
84.35 84.3 84.4 0.00427347177
84.45 84.4 84.5 0.00351635595
84.55 84.5 84.6 0.004140153385
84.65 84.6 84.7 0.002952161734
84.75 84.7 84.8 0.01043832374
84.85 84.8 84.9 0.006875330115
84.95 84.9 85 0.009498384513
85.05 85 85.1 0.0123661725
85.15 85.1 85.2 0.004474425231
85.25 85.2 85.3 0.005928019078
85.35 85.3 85.4 0.007477799075
85.45 85.4 85.5 0.006299454802
85.55 85.5 85.6 0.00970977735
85.65 85.6 85.7 0.01160180896
85.75 85.7 85.8 0.006232073938
85.85 85.8 85.9 0.005946679161
85.95 85.9 86 0.007201161691
86.05 86 86.1 0.008631773724
86.15 86.1 86.2 0.001725946105
86.25 86.2 86.3 0.007755283508
86.35 86.3 86.4 0.006427390302
86.45 86.4 86.5 0.006605086669
86.55 86.5 86.6 0.005296890064
86.65 86.6 86.7 0.010322173
86.75 86.7 86.8 0.005271194726
86.85 86.8 86.9 0.002885273435
86.95 86.9 87 0.009003663415
87.05 87 87.1 0.004245198655
87.15 87.1 87.2 0.007734130959
87.25 87.2 87.3 0.008607818763
87.35 87.3 87.4 0.00606213329
87.45 87.4 87.5 0.0112775961
87.55 87.5 87.6 0.01213117576
87.65 87.6 87.7 0.003824069845
87.75 87.7 87.8 0.005668897542
87.85 87.8 87.9 0.007974763234
87.95 87.9 88 0.003894035243
88.05 88 88.1 0.005894392119
88.15 88.1 88.2 0.004088016972
88.25 88.2 88.3 0.013336791
88.35 88.3 88.4 0.007607245258
88.45 88.4 88.5 0.004424599957
88.55 88.5 88.6 0.006395547672
88.65 88.6 88.7 0.009493029452
88.75 88.7 88.8 0.008038493745
88.85 88.8 88.9 0.008359845481
88.95 88.9 89 0.008406257062
89.05 89 89.1 0.005690850235
89.15 89.1 89.2 0.00908461117
89.25 89.2 89.3 0.01336093193
89.35 89.3 89.4 0.009046883635
89.45 89.4 89.5 0.00190523725
89.55 89.5 89.6 0.01132319288
89.65 89.6 89.7 0.0006013634746
89.75 89.7 89.8 0.008943430177
89.85 89.8 89.9 0.005361626893
89.95 89.9 90 0.006271660279
90.05 90 90.1 0.002693860151
90.15 90.1 90.2 0.008962248058
90.25 90.2 90.3 0.006310840009
90.35 90.3 90.4 0.005151654281
90.45 90.4 90.5 0.01280088553
90.55 90.5 90.6 0.008431431142
90.65 90.6 90.7 0.007586296249
90.75 90.7 90.8 0.01112972328
90.85 90.8 90.9 0.005666236144
90.95 90.9 91 0.0106383669
91.05 91 91.1 0.007991092101
91.15 91.1 91.2 0.002488229868
91.25 91.2 91.3 0.004780557946
91.35 91.3 91.4 0.008725012083
91.45 91.4 91.5 0.007165532232
91.55 91.5 91.6 0.004214899467
91.65 91.6 91.7 0.009215848027
91.75 91.7 91.8 0.005912193405
91.85 91.8 91.9 0.008657288138
91.95 91.9 92 0.01010128261
92.05 92 92.1 0.002416873804
92.15 92.1 92.2 0.009079150926
92.25 92.2 92.3 0.007717475481
92.35 92.3 92.4 0.01057766392
92.45 92.4 92.5 0.009067706427
92.55 92.5 92.6 0.006873597539
92.65 92.6 92.7 0.008847071978
92.75 92.7 92.8 0.00274919394
92.85 92.8 92.9 0.005901669738
92.95 92.9 93 0.008359461549
93.05 93 93.1 0.01186750506
93.15 93.1 93.2 -0.001472711728
93.25 93.2 93.3 0.002247007319
93.35 93.3 93.4 0.003513406288
93.45 93.4 93.5 0.007792610685
93.55 93.5 93.6 0.006394338009
93.65 93.6 93.7 0.009046951352
93.75 93.7 93.8 0.01162896154
93.85 93.8 93.9 0.006929860971
93.95 93.9 94 0.003244515353
94.05 94 94.1 0.004379710477
94.15 94.1 94.2 0.006003143418
94.25 94.2 94.3 0.005701701544
94.35 94.3 94.4 0.007795403936
94.45 94.4 94.5 0.01010667973
94.55 94.5 94.6 0.005018514864
94.65 94.6 94.7 0.006283167188
94.75 94.7 94.8 0.005592878174
94.85 94.8 94.9 0.002453370403
94.95 94.9 95 0.0105240761
95.05 95 95.1 0.004851160809
95.15 95.1 95.2 0.007206864101
95.25 95.2 95.3 0.009635460306
95.35 95.3 95.4 0.007829001994
95.45 95.4 95.5 0.004850330035
95.55 95.5 95.6 0.005846961803
95.65 95.6 95.7 0.008930766487
95.75 95.7 95.8 0.008281100312
95.85 95.8 95.9 0.01178681268
95.95 95.9 96 0.005728631565
96.05 96 96.1 0.003423501927
96.15 96.1 96.2 0.005219533258
96.25 96.2 96.3 0.004772112952
96.35 96.3 96.4 0.006898948546
96.45 96.4 96.5 0.009048644317
96.55 96.5 96.6 0.009575671201
96.65 96.6 96.7 0.008927976771
96.75 96.7 96.8 0.004067370378
96.85 96.8 96.9 0.003306640289
96.95 96.9 97 0.005234521239
97.05 97 97.1 0.008361171318
97.15 97.1 97.2 0.006825037097
97.25 97.2 97.3 0.008796238125
97.35 97.3 97.4 0.00794671179
97.45 97.4 97.5 0.009664036688
97.55 97.5 97.6 0.005339252973
97.65 97.6 97.7 0.01154574176
97.75 97.7 97.8 0.006917346142
97.85 97.8 97.9 0.01021760863
97.95 97.9 98 0.004458081429
98.05 98 98.1 0.007771453061
98.15 98.1 98.2 0.008915604142
98.25 98.2 98.3 0.006955396315
98.35 98.3 98.4 0.007806281366
98.45 98.4 98.5 0.007649348764
98.55 98.5 98.6 0.00693083895
98.65 98.6 98.7 0.005103756382
98.75 98.7 98.8 0.005697343194
98.85 98.8 98.9 0.007296151985
98.95 98.9 99 0.006824656883
99.05 99 99.1 0.009310435405
99.15 99.1 99.2 0.006717666616
99.25 99.2 99.3 0.00832729032
99.35 99.3 99.4 0.008222900151
99.45 99.4 99.5 0.006239854858
99.55 99.5 99.6 0.01154731474
99.65 99.6 99.7 0.01108731039
99.75 99.7 99.8 0.003078747516
99.85 99.8 99.9 0.00773696109
99.95 99.9 100 0.005563499046
100.05 100 100.1 0.006277663125
100.15 100.1 100.2 0.008784133123
100.25 100.2 100.3 0.01008243491
100.35 100.3 100.4 0.00485157667
100.45 100.4 100.5 0.008714248993
100.55 100.5 100.6 0.006591470737
100.65 100.6 100.7 0.009683193792
100.75 100.7 100.8 0.004800343942
100.85 100.8 100.9 0.004956426196
100.95 100.9 101 0.003565498089
101.05 101 101.1 0.008106663221
101.15 101.1 101.2 0.001849365121
101.25 101.2 101.3 0.0009310529558
101.35 101.3 101.4 0.0044196588
101.45 101.4 101.5 0.006384912178
101.55 101.5 101.6 0.003953301825
101.65 101.6 101.7 0.002523659836
101.75 101.7 101.8 0.008133621895
101.85 101.8 101.9 0.006064464647
101.95 101.9 102 0.006115323228
102.05 102 102.1 0.00956630434
102.15 102.1 102.2 0.002672668212
102.25 102.2 102.3 0.007713101198
102.35 102.3 102.4 0.008082799288
102.45 102.4 102.5 0.0001873965393
102.55 102.5 102.6 0.00690095118
102.65 102.6 102.7 0.005158433381
102.75 102.7 102.8 0.007034321754
102.85 102.8 102.9 0.006357784143
102.95 102.9 103 0.005041693845
103.05 103 103.1 0.004398148906
103.15 103.1 103.2 0.004103754472
103.25 103.2 103.3 0.008073784524
103.35 103.3 103.4 0.004787226207
103.45 103.4 103.5 0.007541266475
103.55 103.5 103.6 0.005445051019
103.65 103.6 103.7 0.003371986398
103.75 103.7 103.8 0.004859639059
103.85 103.8 103.9 0.005342284531
103.95 103.9 104 0.006160315857
104.05 104 104.1 0.007827484178
104.15 104.1 104.2 0.003250581052
104.25 104.2 104.3 0.003057723101
104.35 104.3 104.4 0.007050860969
104.45 104.4 104.5 0.006495653759
104.55 104.5 104.6 0.006763735083
104.65 104.6 104.7 0.006526701551
104.75 104.7 104.8 0.006411921747
104.85 104.8 104.9 0.006528560616
104.95 104.9 105 0.003126812934
105.05 105 105.1 0.003885303063
105.15 105.1 105.2 0.002671768028
105.25 105.2 105.3 0.003824589203
105.35 105.3 105.4 0.003782330679
105.45 105.4 105.5 0.006077328949
105.55 105.5 105.6 0.006832601649
105.65 105.6 105.7 0.003603565674
105.75 105.7 105.8 0.008149546951
105.85 105.8 105.9 0.005733282865
105.95 105.9 106 0.002290774177
106.05 106 106.1 0.00933479698
106.15 106.1 106.2 0.006835449735
106.25 106.2 106.3 0.001987814079
106.35 106.3 106.4 0.002076841026
106.45 106.4 106.5 0.004234534579
106.55 106.5 106.6 0.008354566247
106.65 106.6 106.7 0.006444610544
106.75 106.7 106.8 0.009321093214
106.85 106.8 106.9 0.005000125723
106.95 106.9 107 0.003466278881
107.05 107 107.1 0.00692895269
107.15 107.1 107.2 0.007258555511
107.25 107.2 107.3 0.004343305265
107.35 107.3 107.4 0.003367601691
107.45 107.4 107.5 0.002503965587
107.55 107.5 107.6 0.004889182027
107.65 107.6 107.7 0.005828855359
107.75 107.7 107.8 0.001142029266
107.85 107.8 107.9 0.003139374453
107.95 107.9 108 0.003162129199
108.05 108 108.1 0.005001190772
108.15 108.1 108.2 0.00497428612
108.25 108.2 108.3 0.005276543674
108.35 108.3 108.4 0.004309700996
108.45 108.4 108.5 0.007292885898
108.55 108.5 108.6 0.00241331211
108.65 108.6 108.7 0.006384682235
108.75 108.7 108.8 0.00557306891
108.85 108.8 108.9 0.008541455922
108.95 108.9 109 0.00183188774
109.05 109 109.1 0.004041507339
109.15 109.1 109.2 0.006020575397
109.25 109.2 109.3 0.002065191937
109.35 109.3 109.4 0.005212808572
109.45 109.4 109.5 0.0007745810255
109.55 109.5 109.6 0.006579504853
109.65 109.6 109.7 0.006321060711
109.75 109.7 109.8 0.002355827738
109.85 109.8 109.9 0.003135014902
109.95 109.9 110 0.001936176923
110.05 110 110.1 0.001336566765
110.15 110.1 110.2 0.0007810947644
110.25 110.2 110.3 0.006338935539
110.35 110.3 110.4 0.00486833954
110.45 110.4 110.5 0.00340456914
110.55 110.5 110.6 0.004883922313
110.65 110.6 110.7 0.001221205091
110.75 110.7 110.8 0.006038228993
110.85 110.8 110.9 0.004506657177
110.95 110.9 111 0.008198679517
111.05 111 111.1 0.001589661967
111.15 111.1 111.2 0.001061690055
111.25 111.2 111.3 0.007073557913
111.35 111.3 111.4 0.004799285628
111.45 111.4 111.5 0.001020052923
111.55 111.5 111.6 -0.0004379287287
111.65 111.6 111.7 0.001926218188
111.75 111.7 111.8 0.002443819729
111.85 111.8 111.9 0.003447314775
111.95 111.9 112 0.002707889036
112.05 112 112.1 0.005505350582
112.15 112.1 112.2 0.001825191772
112.25 112.2 112.3 0.003572521206
112.35 112.3 112.4 0.005469502774
112.45 112.4 112.5 0.007094286391
112.55 112.5 112.6 0.006126594587
112.65 112.6 112.7 0.004138182163
112.75 112.7 112.8 0.001404957883
112.85 112.8 112.9 -0.0005296783348
112.95 112.9 113 0.001763003379
113.05 113 113.1 0.003493948807
113.15 113.1 113.2 0.0005280841303
113.25 113.2 113.3 5.287283949e-05
113.35 113.3 113.4 -0.0004414156721
113.45 113.4 113.5 0.004991329704
113.55 113.5 113.6 -0.0002308646677
113.65 113.6 113.7 0.002696569276
113.75 113.7 113.8 0.002484575671
113.85 113.8 113.9 0.005830931234
113.95 113.9 114 0.002077325499
114.05 114 114.1 -0.00173385989
114.15 114.1 114.2 0.002361014441
114.25 114.2 114.3 0.00431035264
114.35 114.3 114.4 0.004015216786
114.45 114.4 114.5 0.0001583861503
114.55 114.5 114.6 0.001508593743
114.65 114.6 114.7 0.002886455652
114.75 114.7 114.8 0.0006248785539
114.85 114.8 114.9 -0.001766778851
114.95 114.9 115 0.002595840099
115.05 115 115.1 0.001311614244
115.15 115.1 115.2 -0.001428502552
115.25 115.2 115.3 0.005583841959
115.35 115.3 115.4 0.003582312432
115.45 115.4 115.5 0.003882329775
115.55 115.5 115.6 -0.0008453416269
115.65 115.6 115.7 0.002896884442
115.75 115.7 115.8 0.002349422755
115.85 115.8 115.9 0.002364226132
115.95 115.9 116 0.003077586983
116.05 116 116.1 0.002699846636
116.15 116.1 116.2 0.0009664397885
116.25 116.2 116.3 0.003326883488
116.35 116.3 116.4 0.001800283034
116.45 116.4 116.5 0.002757115696
116.55 116.5 116.6 0.002066766944
116.65 116.6 116.7 0.002253838496
116.75 116.7 116.8 0.004904686524
116.85 116.8 116.9 0.0003096371072
116.95 116.9 117 0.0009851894776
117.05 117 117.1 0.002972535081
117.15 117.1 117.2 0.002224872169
117.25 117.2 117.3 0.001568913999
117.35 117.3 117.4 -0.00165425385
117.45 117.4 117.5 -0.003806618054
117.55 117.5 117.6 0.0006286315037
117.65 117.6 117.7 -0.0005385326577
117.75 117.7 117.8 0.003045001424
117.85 117.8 117.9 0.001577093577
117.95 117.9 118 0.0006410875531
118.05 118 118.1 0.002485657816
118.15 118.1 118.2 -0.001273766949
118.25 118.2 118.3 -0.0008226455893
118.35 118.3 118.4 0.00289959998
118.45 118.4 118.5 -0.00177222692
118.55 118.5 118.6 -0.0003864661242
118.65 118.6 118.7 0.000631958653
118.75 118.7 118.8 0.00216731902
118.85 118.8 118.9 -0.001909205766
118.95 118.9 119 -9.496101785e-05
119.05 119 119.1 0.003710616311
119.15 119.1 119.2 2.272212496e-06
119.25 119.2 119.3 -0.0008777928288
119.35 119.3 119.4 -0.004380432047
119.45 119.4 119.5 -0.003450098118
119.55 119.5 119.6 0.004322045475
119.65 119.6 119.7 0.003539168248
119.75 119.7 119.8 -0.001441876726
119.85 119.8 119.9 -0.002511791808
119.95 119.9 120 0.0008156668051
120.05 120 120.1 0.0004196338666
120.15 120.1 120.2 -0.0002833099802
120.25 120.2 120.3 -0.002595711876
120.35 120.3 120.4 0.003483504606
120.45 120.4 120.5 0.0001727287946
120.55 120.5 120.6 0.001524316861
120.65 120.6 120.7 -0.001700546419
120.75 120.7 120.8 0.0008310863697
120.85 120.8 120.9 -0.0008685182431
120.95 120.9 121 0.002024738267
121.05 121 121.1 0.0009228531856
121.15 121.1 121.2 -0.003263391684
121.25 121.2 121.3 0.001922362595
121.35 121.3 121.4 -0.0009515176999
121.45 121.4 121.5 0.000547853911
121.55 121.5 121.6 0.000242684128
121.65 121.6 121.7 -0.0006763774845
121.75 121.7 121.8 -0.004293805598
121.85 121.8 121.9 -0.00031984013
121.95 121.9 122 -0.001846532689
122.05 122 122.1 0.001107039482
122.15 122.1 122.2 -0.004665457289
122.25 122.2 122.3 -0.001303568102
122.35 122.3 122.4 5.925215946e-05
122.45 122.4 122.5 0.002642999118
122.55 122.5 122.6 0.001907906055
122.65 122.6 122.7 -0.003058651009
122.75 122.7 122.8 -0.002437845123
122.85 122.8 122.9 -0.000729184284
122.95 122.9 123 0.001793009028
123.05 123 123.1 -0.0001785371325
123.15 123.1 123.2 0.004647685981
123.25 123.2 123.3 -0.004395463987
123.35 123.3 123.4 -0.0004433428251
123.45 123.4 123.5 -0.004308392414
123.55 123.5 123.6 -0.003395569511
123.65 123.6 123.7 -0.0001744377907
123.75 123.7 123.8 -0.002782295778
123.85 123.8 123.9 -0.004335126313
123.95 123.9 124 0.0006157092181
124.05 124 124.1 -0.003951067545
124.15 124.1 124.2 0.0002564574404
124.25 124.2 124.3 -0.001104756273
124.35 124.3 124.4 -0.004209546658
124.45 124.4 124.5 -0.001478350429
124.55 124.5 124.6 0.001122046803
124.65 124.6 124.7 -0.001962944366
124.75 124.7 124.8 -0.001187602774
124.85 124.8 124.9 -0.002133576176
124.95 124.9 125 -0.002244917317
125.05 125 125.1 -0.0006379371453
125.15 125.1 125.2 -0.001966151581
125.25 125.2 125.3 -0.001166919822
125.35 125.3 125.4 -0.000682404944
125.45 125.4 125.5 -0.001802865265
125.55 125.5 125.6 -0.0003779704148
125.65 125.6 125.7 -0.0001398152488
125.75 125.7 125.8 -0.001990518078
125.85 125.8 125.9 -0.002779997432
125.95 125.9 126 0.001340779634
126.05 126 126.1 -0.0007820151657
126.15 126.1 126.2 -0.0007234968808
126.25 126.2 126.3 -8.160530824e-05
126.35 126.3 126.4 -0.003303045785
126.45 126.4 126.5 -0.001897538161
126.55 126.5 126.6 0.0009165235013
126.65 126.6 126.7 -0.002662468705
126.75 126.7 126.8 -5.000322268e-05
126.85 126.8 126.9 0.003848959092
126.95 126.9 127 -0.002086196179
127.05 127 127.1 -7.674599265e-06
127.15 127.1 127.2 -0.002242207567
127.25 127.2 127.3 -0.001836252635
127.35 127.3 127.4 0.001215487707
127.45 127.4 127.5 -0.003666254183
127.55 127.5 127.6 0.0004330112926
127.65 127.6 127.7 9.853964799e-06
127.75 127.7 127.8 -0.00261202425
127.85 127.8 127.9 -0.002163046938
127.95 127.9 128 -0.0002142662257
128.05 128 128.1 -0.003781619075
128.15 128.1 128.2 0.003319743252
128.25 128.2 128.3 -0.002566570892
128.35 128.3 128.4 0.0004173629399
128.45 128.4 128.5 0.0005582810369
128.55 128.5 128.6 -0.00285541414
128.65 128.6 128.7 0.00187085007
128.75 128.7 128.8 -0.002506902216
128.85 128.8 128.9 0.0002873716604
128.95 128.9 129 -0.002071273868
129.05 129 129.1 -0.001384162024
129.15 129.1 129.2 -0.0007559098625
129.25 129.2 129.3 0.0006699162973
129.35 129.3 129.4 -0.00317561171
129.45 129.4 129.5 -0.0001167094403
129.55 129.5 129.6 -0.001813087245
129.65 129.6 129.7 -0.0008047696651
129.75 129.7 129.8 -8.167975756e-05
129.85 129.8 129.9 0.001571172406
129.95 129.9 130 0.001171010823
130.05 130 130.1 0.0003356544645
130.15 130.1 130.2 -0.003000724562
130.25 130.2 130.3 -0.002071314482
130.35 130.3 130.4 -0.002129036802
130.45 130.4 130.5 0.0001459310566
130.55 130.5 130.6 -0.002815891615
130.65 130.6 130.7 -0.00190147711
130.75 130.7 130.8 0.0005892627629
130.85 130.8 130.9 -0.0007741900166
130.95 130.9 131 -0.0002597862186
131.05 131 131.1 -0.001011261004
131.15 131.1 131.2 -0.0005939441208
131.25 131.2 131.3 -0.002442191637
131.35 131.3 131.4 0.002652715133
131.45 131.4 131.5 -0.002230062745
131.55 131.5 131.6 -0.002469007398
131.65 131.6 131.7 -0.001473588152
131.75 131.7 131.8 -4.421280662e-05
131.85 131.8 131.9 -0.002291795522
131.95 131.9 132 -0.0005820206675
132.05 132 132.1 -0.001093598629
132.15 132.1 132.2 -0.003527150944
132.25 132.2 132.3 0.0009044857062
132.35 132.3 132.4 4.549344052e-05
132.45 132.4 132.5 0.0003543081703
132.55 132.5 132.6 -0.003331216684
132.65 132.6 132.7 -0.002792847453
132.75 132.7 132.8 -0.005864132604
132.85 132.8 132.9 -0.002564008765
132.95 132.9 133 -0.0004373817868
133.05 133 133.1 -0.002324345819
133.15 133.1 133.2 -0.0009617591062
133.25 133.2 133.3 -0.0002606312258
133.35 133.3 133.4 -0.002417880945
133.45 133.4 133.5 -0.005510873056
133.55 133.5 133.6 -0.003217440335
133.65 133.6 133.7 -0.001328557418
133.75 133.7 133.8 0.0007955337589
133.85 133.8 133.9 0.001230194067
133.95 133.9 134 -0.002075768173
134.05 134 134.1 -0.0008793444206
134.15 134.1 134.2 0.0008814432266
134.25 134.2 134.3 -0.0002466664273
134.35 134.3 134.4 -0.001115341485
134.45 134.4 134.5 -0.0009695110673
134.55 134.5 134.6 -0.001022125635
134.65 134.6 134.7 -0.001400678328
134.75 134.7 134.8 0.0002647564167
134.85 134.8 134.9 -0.004697546547
134.95 134.9 135 -0.0005926376054
135.05 135 135.1 -0.0002206737749
135.15 135.1 135.2 -0.001404781236
135.25 135.2 135.3 0.001785664787
135.35 135.3 135.4 -0.001459692048
135.45 135.4 135.5 -0.001190684207
135.55 135.5 135.6 -0.002298464807
135.65 135.6 135.7 -0.003066846425
135.75 135.7 135.8 -0.002802776948
135.85 135.8 135.9 -0.0001094303744
135.95 135.9 136 -0.001143661035
136.05 136 136.1 -0.0006199469801
136.15 136.1 136.2 -0.003089543913
136.25 136.2 136.3 -0.001153542377
136.35 136.3 136.4 -0.00213062047
136.45 136.4 136.5 -0.003867335412
136.55 136.5 136.6 -7.450593335e-05
136.65 136.6 136.7 -0.0006672539429
136.75 136.7 136.8 -0.003753846507
136.85 136.8 136.9 0.003329117303
136.95 136.9 137 0.0004904633688
137.05 137 137.1 -0.0003248021183
137.15 137.1 137.2 -0.003349458512
137.25 137.2 137.3 -0.001948584989
137.35 137.3 137.4 -0.000806945052
137.45 137.4 137.5 -0.001321346785
137.55 137.5 137.6 -0.0005789308036
137.65 137.6 137.7 -0.005190707192
137.75 137.7 137.8 -0.003553658039
137.85 137.8 137.9 -0.001262197558
137.95 137.9 138 -0.005058738716
138.05 138 138.1 -0.002200670692
138.15 138.1 138.2 -0.005337076805
138.25 138.2 138.3 0.0003500413034
138.35 138.3 138.4 -7.860629393e-05
138.45 138.4 138.5 -0.002047135395
138.55 138.5 138.6 0.001055398948
138.65 138.6 138.7 -0.001560045031
138.75 138.7 138.8 -0.005327599855
138.85 138.8 138.9 0.0001755619129
138.95 138.9 139 -0.002830143377
139.05 139 139.1 -0.0005414264997
139.15 139.1 139.2 -0.001311750065
139.25 139.2 139.3 -0.001486647265
139.35 139.3 139.4 -0.002437997672
139.45 139.4 139.5 -0.002848579302
139.55 139.5 139.6 -0.002038677896
139.65 139.6 139.7 -0.002554936773
139.75 139.7 139.8 -0.003416205861
139.85 139.8 139.9 -0.002538105751
139.95 139.9 140 -0.002905575917
140.05 140 140.1 -0.001232012221
140.15 140.1 140.2 -0.003746990823
140.25 140.2 140.3 -0.003291327107
140.35 140.3 140.4 -0.002480854486
140.45 140.4 140.5 -0.003759904702
140.55 140.5 140.6 0.001442864097
140.65 140.6 140.7 -0.004950316294
140.75 140.7 140.8 0.0001850306377
140.85 140.8 140.9 -0.004530454599
140.95 140.9 141 -0.002809729175
141.05 141 141.1 -0.002698931543
141.15 141.1 141.2 0.0004547864285
141.25 141.2 141.3 0.0005288812045
141.35 141.3 141.4 -0.004118322047
141.45 141.4 141.5 -0.005186414681
141.55 141.5 141.6 -0.003925976063
141.65 141.6 141.7 -6.716721241e-05
141.75 141.7 141.8 -0.00200630506
141.85 141.8 141.9 -0.001564064017
141.95 141.9 142 0.0007084929972
142.05 142 142.1 -0.003310872158
142.15 142.1 142.2 0.0008048823387
142.25 142.2 142.3 -0.005953091498
142.35 142.3 142.4 -0.002323104923
142.45 142.4 142.5 -0.001379322392
142.55 142.5 142.6 0.0002584701854
142.65 142.6 142.7 -0.003445105701
142.75 142.7 142.8 -0.003280235988
142.85 142.8 142.9 -0.0007377478646
142.95 142.9 143 -0.0009843237375
143.05 143 143.1 0.001361849908
143.15 143.1 143.2 -0.002066992695
143.25 143.2 143.3 -0.001519790805
143.35 143.3 143.4 0.0006533132906
143.45 143.4 143.5 -0.003182844625
143.55 143.5 143.6 -0.003754910521
143.65 143.6 143.7 -0.001271431225
143.75 143.7 143.8 -0.003248032246
143.85 143.8 143.9 -0.0006210880144
143.95 143.9 144 -0.001370865454
144.05 144 144.1 -0.005985852106
144.15 144.1 144.2 -0.001544665057
144.25 144.2 144.3 0.001066281899
144.35 144.3 144.4 -0.00195655629
144.45 144.4 144.5 0.0006228398988
144.55 144.5 144.6 -0.004893597702
144.65 144.6 144.7 -0.0007095306193
144.75 144.7 144.8 -0.002288411895
144.85 144.8 144.9 -9.629273954e-06
144.95 144.9 145 -0.0008822856573
145.05 145 145.1 -0.001688290552
145.15 145.1 145.2 -0.001636957404
145.25 145.2 145.3 -0.002650329641
145.35 145.3 145.4 -0.005164447241
145.45 145.4 145.5 -0.0037383136
145.55 145.5 145.6 -0.003552454189
145.65 145.6 145.7 -0.0008681119854
145.75 145.7 145.8 -0.000699396847
145.85 145.8 145.9 -0.003545600689
145.95 145.9 146 0.0004171607721
146.05 146 146.1 -0.003789929326
146.15 146.1 146.2 0.00098848044
146.25 146.2 146.3 -0.003842392845
146.35 146.3 146.4 -0.003253899869
146.45 146.4 146.5 -0.002180734266
146.55 146.5 146.6 -0.001579384146
146.65 146.6 146.7 -0.003157532454
146.75 146.7 146.8 -0.001855593179
146.85 146.8 146.9 -0.002608455824
146.95 146.9 147 -0.003936649061
147.05 147 147.1 -0.00183615605
147.15 147.1 147.2 -0.005042134372
147.25 147.2 147.3 0.0004088757544
147.35 147.3 147.4 -0.002229160083
147.45 147.4 147.5 -0.001916231946
147.55 147.5 147.6 -0.001168593857
147.65 147.6 147.7 -0.007607968732
147.75 147.7 147.8 -0.001208681457
147.85 147.8 147.9 -0.002479281767
147.95 147.9 148 -0.001011848943
148.05 148 148.1 -0.003476956682
148.15 148.1 148.2 -0.003358721443
148.25 148.2 148.3 -0.004140447865
148.35 148.3 148.4 -0.0033288416
148.45 148.4 148.5 -0.00449665501
148.55 148.5 148.6 -0.002056707441
148.65 148.6 148.7 -0.003902554841
148.75 148.7 148.8 -0.002613053919
148.85 148.8 148.9 0.0002549850859
148.95 148.9 149 -0.00312163138
149.05 149 149.1 -0.002204305013
149.15 149.1 149.2 -0.0003006742082
149.25 149.2 149.3 -0.001193488257
149.35 149.3 149.4 0.002118154894
149.45 149.4 149.5 -0.003760630563
149.55 149.5 149.6 -0.001600612533
149.65 149.6 149.7 -0.003081307984
149.75 149.7 149.8 -4.598368254e-05
149.85 149.8 149.9 -0.003764454417
149.95 149.9 150 -0.001668053725
150.05 150 150.1 -0.0002860053187
150.15 150.1 150.2 -0.004757352215
150.25 150.2 150.3 -0.003308833671
150.35 150.3 150.4 -0.002041441973
150.45 150.4 150.5 -0.004222337234
150.55 150.5 150.6 -0.0001296348553
150.65 150.6 150.7 -0.002769474856
150.75 150.7 150.8 -0.001125989085
150.85 150.8 150.9 -0.001053375903
150.95 150.9 151 -0.00402308081
151.05 151 151.1 -0.00428083847
151.15 151.1 151.2 -0.002549151204
151.25 151.2 151.3 -0.001609853264
151.35 151.3 151.4 -0.002415521499
151.45 151.4 151.5 -0.003154396922
151.55 151.5 151.6 -0.001846843804
151.65 151.6 151.7 -0.001207064309
151.75 151.7 151.8 -0.00473590164
151.85 151.8 151.9 -0.004259751557
151.95 151.9 152 -0.001351953643
152.05 152 152.1 -0.001757002018
152.15 152.1 152.2 -0.00216384494
152.25 152.2 152.3 -0.003822306835
152.35 152.3 152.4 -0.002669007122
152.45 152.4 152.5 -0.002233161613
152.55 152.5 152.6 -0.0006335703044
152.65 152.6 152.7 -0.003667173806
152.75 152.7 152.8 -0.002650929573
152.85 152.8 152.9 -0.004610096544
152.95 152.9 153 -0.002652909565
153.05 153 153.1 -0.002120881709
153.15 153.1 153.2 -0.003807719183
153.25 153.2 153.3 -0.0002649082163
153.35 153.3 153.4 -0.001324662047
153.45 153.4 153.5 -0.001910010524
153.55 153.5 153.6 -0.001063927719
153.65 153.6 153.7 0.0007030850778
153.75 153.7 153.8 -0.001699035136
153.85 153.8 153.9 -0.00241113502
153.95 153.9 154 -0.001962253948
154.05 154 154.1 -0.001910061084
154.15 154.1 154.2 -0.004534000247
154.25 154.2 154.3 -0.0006830700549
154.35 154.3 154.4 -0.001471455369
154.45 154.4 154.5 -0.002011481445
154.55 154.5 154.6 0.001854839203
154.65 154.6 154.7 -0.002133975957
154.75 154.7 154.8 0.001896260046
154.85 154.8 154.9 -0.005968489066
154.95 154.9 155 -0.0006050439851
155.05 155 155.1 0.0007512433152
155.15 155.1 155.2 -0.0005373191499
155.25 155.2 155.3 -0.001198861825
155.35 155.3 155.4 -0.001740851915
155.45 155.4 155.5 -0.004073481078
155.55 155.5 155.6 -0.002670202404
155.65 155.6 155.7 0.001788590556
155.75 155.7 155.8 -0.003052467568
155.85 155.8 155.9 0.0005188222284
155.95 155.9 156 -0.002895561976
156.05 156 156.1 -0.002068959441
156.15 156.1 156.2 -0.002544055688
156.25 156.2 156.3 0.0004282564069
156.35 156.3 156.4 0.0002738459449
156.45 156.4 156.5 0.001486294735
156.55 156.5 156.6 -0.003357354084
156.65 156.6 156.7 -0.0008130302245
156.75 156.7 156.8 0.0009978889347
156.85 156.8 156.9 -0.001841876177
156.95 156.9 157 -0.002945011878
157.05 157 157.1 0.001142216752
157.15 157.1 157.2 0.0002745705064
157.25 157.2 157.3 0.0009618758713
157.35 157.3 157.4 -0.0009207946505
157.45 157.4 157.5 -0.003484994313
157.55 157.5 157.6 -0.000429707805
157.65 157.6 157.7 0.0002530376435
157.75 157.7 157.8 -0.0003706009532
157.85 157.8 157.9 0.0003444958833
157.95 157.9 158 -0.001900422533
158.05 158 158.1 -0.00294560528
158.15 158.1 158.2 -0.001682713998
158.25 158.2 158.3 -0.0006639874107
158.35 158.3 158.4 0.0001209996253
158.45 158.4 158.5 0.001141360561
158.55 158.5 158.6 0.0002686315589
158.65 158.6 158.7 0.0001332748581
158.75 158.7 158.8 -0.002965906441
158.85 158.8 158.9 -0.001154264982
158.95 158.9 159 0.001470492283
159.05 159 159.1 0.0003236053406
159.15 159.1 159.2 0.003059580833
159.25 159.2 159.3 0.0009579793912
159.35 159.3 159.4 -0.0008991581023
159.45 159.4 159.5 0.0002066180545
159.55 159.5 159.6 -0.002168617378
159.65 159.6 159.7 0.0001899506726
159.75 159.7 159.8 0.00201736617
159.85 159.8 159.9 0.0006651325881
159.95 159.9 160 -7.103558121e-05
160.05 160 160.1 -0.001486205337
160.15 160.1 160.2 -0.0002195763547
160.25 160.2 160.3 -0.001222248603
160.35 160.3 160.4 -0.002228478668
160.45 160.4 160.5 -0.0004633220565
160.55 160.5 160.6 -0.003134577492
160.65 160.6 160.7 -0.001819067245
160.75 160.7 160.8 -0.003119741577
160.85 160.8 160.9 0.0009163486002
160.95 160.9 161 0.0009365666533
161.05 161 161.1 0.001150277805
161.15 161.1 161.2 0.0005605908457
161.25 161.2 161.3 0.0017212972
161.35 161.3 161.4 -0.0006555281987
161.45 161.4 161.5 0.001649786908
161.55 161.5 161.6 0.00153757834
161.65 161.6 161.7 0.000693402429
161.75 161.7 161.8 -0.001811005589
161.85 161.8 161.9 -0.0009689193821
161.95 161.9 162 -0.002940094957
162.05 162 162.1 -0.003278265975
162.15 162.1 162.2 0.00254858192
162.25 162.2 162.3 -0.003175794648
162.35 162.3 162.4 0.0002663140201
162.45 162.4 162.5 -0.000421999317
162.55 162.5 162.6 -0.001787720978
162.65 162.6 162.7 0.0008384732336
162.75 162.7 162.8 -0.001091468365
162.85 162.8 162.9 -0.001080163705
162.95 162.9 163 0.0001715396191
163.05 163 163.1 0.0002047226187
163.15 163.1 163.2 0.001872943868
163.25 163.2 163.3 -0.0002504980884
163.35 163.3 163.4 0.0005528240154
163.45 163.4 163.5 -0.0007180872335
163.55 163.5 163.6 -0.0005850925867
163.65 163.6 163.7 -0.0003809754643
163.75 163.7 163.8 0.003764299877
163.85 163.8 163.9 4.809027369e-05
163.95 163.9 164 -0.0002540761685
164.05 164 164.1 -1.597496001e-05
164.15 164.1 164.2 0.001562557306
164.25 164.2 164.3 -0.0004859468543
164.35 164.3 164.4 0.0003519967197
164.45 164.4 164.5 -0.000848609752
164.55 164.5 164.6 0.001554725534
164.65 164.6 164.7 0.0009017196198
164.75 164.7 164.8 0.002456564014
164.85 164.8 164.9 0.0009397943555
164.95 164.9 165 -0.001268030308
165.05 165 165.1 0.002454991053
165.15 165.1 165.2 4.344705826e-05
165.25 165.2 165.3 0.0008621046174
165.35 165.3 165.4 -0.0006933733884
165.45 165.4 165.5 -0.001307819204
165.55 165.5 165.6 0.0006619358035
165.65 165.6 165.7 0.001744174749
165.75 165.7 165.8 0.0006925316519
165.85 165.8 165.9 -0.001511531477
165.95 165.9 166 -0.00289827071
166.05 166 166.1 -0.001567567407
166.15 166.1 166.2 -0.0007398880585
166.25 166.2 166.3 -8.882701768e-05
166.35 166.3 166.4 0.0004888940172
166.45 166.4 166.5 6.525671256e-05
166.55 166.5 166.6 -0.0002230790961
166.65 166.6 166.7 -0.003258865314
166.75 166.7 166.8 0.001408665355
166.85 166.8 166.9 -0.0004686127172
166.95 166.9 167 0.000615088508
167.05 167 167.1 0.002191134376
167.15 167.1 167.2 0.001865399711
167.25 167.2 167.3 0.001229455356
167.35 167.3 167.4 0.0001708499866
167.45 167.4 167.5 0.0008945437498
167.55 167.5 167.6 0.004545044733
167.65 167.6 167.7 0.0001808374596
167.75 167.7 167.8 0.002393987883
167.85 167.8 167.9 0.0008474409346
167.95 167.9 168 0.001131146852
168.05 168 168.1 0.000159015337
168.15 168.1 168.2 0.003944958434
168.25 168.2 168.3 0.002012254726
168.35 168.3 168.4 0.002687699203
168.45 168.4 168.5 -0.0005947791607
168.55 168.5 168.6 -0.002315796447
168.65 168.6 168.7 -0.000552551737
168.75 168.7 168.8 -0.0002421759635
168.85 168.8 168.9 -0.0009441110713
168.95 168.9 169 -0.00239545845
169.05 169 169.1 0.000759571206
169.15 169.1 169.2 -0.001021623956
169.25 169.2 169.3 0.0006371776229
169.35 169.3 169.4 0.00140322292
169.45 169.4 169.5 -0.003726207817
169.55 169.5 169.6 -0.0001239175212
169.65 169.6 169.7 -0.0001241495392
169.75 169.7 169.8 -0.003841293072
169.85 169.8 169.9 0.003432912668
169.95 169.9 170 -5.215743562e-05
170.05 170 170.1 -0.0007458462346
170.15 170.1 170.2 0.0001161534823
170.25 170.2 170.3 0.0008061645808
170.35 170.3 170.4 -3.542330876e-05
170.45 170.4 170.5 -0.0006083293426
170.55 170.5 170.6 0.0003468917104
170.65 170.6 170.7 -0.0005202336373
170.75 170.7 170.8 0.0004303463158
170.85 170.8 170.9 -0.001551255601
170.95 170.9 171 0.0009292506174
171.05 171 171.1 -0.0002171924121
171.15 171.1 171.2 -0.001695709127
171.25 171.2 171.3 0.0008908730489
171.35 171.3 171.4 0.00011673824
171.45 171.4 171.5 0.0009859749122
171.55 171.5 171.6 0.0007915797865
171.65 171.6 171.7 -0.000518820883
171.75 171.7 171.8 0.002914336691
171.85 171.8 171.9 0.000715921584
171.95 171.9 172 8.132602333e-07
172.05 172 172.1 0.0007706999348
172.15 172.1 172.2 -0.0005944282438
172.25 172.2 172.3 -0.0008023298712
172.35 172.3 172.4 0.001983538858
172.45 172.4 172.5 0.001251495267
172.55 172.5 172.6 0.00166766999
172.65 172.6 172.7 -0.00128358814
172.75 172.7 172.8 0.001904450445
172.85 172.8 172.9 0.0008169906342
172.95 172.9 173 0.0004084455511
173.05 173 173.1 0.0005263361767
173.15 173.1 173.2 0.0003623578387
173.25 173.2 173.3 0.0002802187362
173.35 173.3 173.4 0.0003248393254
173.45 173.4 173.5 1.086265121e-05
173.55 173.5 173.6 0.0005821085175
173.65 173.6 173.7 -0.000234067905
173.75 173.7 173.8 -0.0001209273572
173.85 173.8 173.9 -0.0001287518314
173.95 173.9 174 -0.0005381228844
174.05 174 174.1 -0.000435132775
174.15 174.1 174.2 0.0004307397648
174.25 174.2 174.3 -0.002158401554
174.35 174.3 174.4 0.001148814439
174.45 174.4 174.5 0.0009877773692
174.55 174.5 174.6 0.0009488384031
174.65 174.6 174.7 -0.0005276854544
174.75 174.7 174.8 0.0009577690092
174.85 174.8 174.9 0.001258062077
174.95 174.9 175 -0.0008833271004
175.05 175 175.1 0.002429100481
175.15 175.1 175.2 -0.001883228716
175.25 175.2 175.3 0.00135863273
175.35 175.3 175.4 0.0005696921287
175.45 175.4 175.5 -0.001267107446
175.55 175.5 175.6 -0.0006610242425
175.65 175.6 175.7 0.001154937953
175.75 175.7 175.8 0.0005888202326
175.85 175.8 175.9 -0.0003906044799
175.95 175.9 176 3.691657542e-05
176.05 176 176.1 -0.0001773632599
176.15 176.1 176.2 0.0004157693141
176.25 176.2 176.3 0.001182437674
176.35 176.3 176.4 -0.001340922016
176.45 176.4 176.5 -0.0007795667773
176.55 176.5 176.6 -0.00178969528
176.65 176.6 176.7 -0.0006808314924
176.75 176.7 176.8 0.001608918609
176.85 176.8 176.9 0.001659747763
176.95 176.9 177 0.0005822925699
177.05 177 177.1 0.001193288425
177.15 177.1 177.2 -0.001553142753
177.25 177.2 177.3 0.0006033648078
177.35 177.3 177.4 0.001181569766
177.45 177.4 177.5 0.001901240664
177.55 177.5 177.6 0.0002805313512
177.65 177.6 177.7 -0.001121648594
177.75 177.7 177.8 0.000538893964
177.85 177.8 177.9 0.0001760887543
177.95 177.9 178 0.001149859443
178.05 178 178.1 -0.0005434089011
178.15 178.1 178.2 0.0008870980554
178.25 178.2 178.3 0.0008787960161
178.35 178.3 178.4 -0.001087142116
178.45 178.4 178.5 0.001157865009
178.55 178.5 178.6 -0.001452940087
178.65 178.6 178.7 0.0001805077785
178.75 178.7 178.8 0.0006899368211
178.85 178.8 178.9 0.0004069631106
178.95 178.9 179 0.0003664172774
179.05 179 179.1 -0.000747804252
179.15 179.1 179.2 0.0008016773145
179.25 179.2 179.3 -0.001827638721
179.35 179.3 179.4 -0.0001139300845
179.45 179.4 179.5 -0.0002451824652
179.55 179.5 179.6 0.001357111082
179.65 179.6 179.7 0.0006796850815
179.75 179.7 179.8 0.001056655785
179.85 179.8 179.9 -0.00139205958
179.95 179.9 180 -0.001553844193
180.05 180 180.1 -0.0001295960201
180.15 180.1 180.2 -0.0003495174399
180.25 180.2 180.3 -0.0009142434905
180.35 180.3 180.4 -0.0006193118325
180.45 180.4 180.5 -0.0003179326197
180.55 180.5 180.6 -0.0005862030089
180.65 180.6 180.7 -0.001321382635
180.75 180.7 180.8 -0.00153592994
180.85 180.8 180.9 -0.001519781432
180.95 180.9 181 -0.002714297142
181.05 181 181.1 -0.00101340439
181.15 181.1 181.2 -0.000544695019
181.25 181.2 181.3 -0.001128677207
181.35 181.3 181.4 -0.001635873752
181.45 181.4 181.5 0.001674488206
181.55 181.5 181.6 0.0002410378502
181.65 181.6 181.7 0.001567435147
181.75 181.7 181.8 -0.0002873879338
181.85 181.8 181.9 -0.0001250477965
181.95 181.9 182 0.001733721273
182.05 182 182.1 -0.002984726147
182.15 182.1 182.2 -0.001025510956
182.25 182.2 182.3 0.001850165526
182.35 182.3 182.4 0.0008182304214
182.45 182.4 182.5 -0.002119724183
182.55 182.5 182.6 -0.001623682219
182.65 182.6 182.7 -0.0004705648308
182.75 182.7 182.8 -0.003598238855
182.85 182.8 182.9 -7.884527677e-05
182.95 182.9 183 -0.002048594791
183.05 183 183.1 -0.003487089235
183.15 183.1 183.2 0.0004277829895
183.25 183.2 183.3 -0.001471899927
183.35 183.3 183.4 -0.001679574292
183.45 183.4 183.5 -0.002123490705
183.55 183.5 183.6 0.0003008448178
183.65 183.6 183.7 0.001128526234
183.75 183.7 183.8 -0.001517405711
183.85 183.8 183.9 0.001726402934
183.95 183.9 184 -0.0004323009805
184.05 184 184.1 0.003400344005
184.15 184.1 184.2 -0.00144247094
184.25 184.2 184.3 0.0002971784635
184.35 184.3 184.4 -0.002272828663
184.45 184.4 184.5 -0.002013168438
184.55 184.5 184.6 0.001808189971
184.65 184.6 184.7 0.001611435782
184.75 184.7 184.8 -0.002114712081
184.85 184.8 184.9 -0.002694461173
184.95 184.9 185 -0.001156375926
185.05 185 185.1 0.001178232114
185.15 185.1 185.2 -2.99053813e-05
185.25 185.2 185.3 -0.000797290722
185.35 185.3 185.4 -0.004080786027
185.45 185.4 185.5 -0.0003070855884
185.55 185.5 185.6 -0.002274244789
185.65 185.6 185.7 -0.001495505713
185.75 185.7 185.8 0.001094246629
185.85 185.8 185.9 0.001295612982
185.95 185.9 186 -0.0009103529769
186.05 186 186.1 -0.003059257857
186.15 186.1 186.2 -0.001716320632
186.25 186.2 186.3 -0.0007851781234
186.35 186.3 186.4 -0.001234502448
186.45 186.4 186.5 -0.003439738335
186.55 186.5 186.6 0.0008885030913
186.65 186.6 186.7 -0.0001039613988
186.75 186.7 186.8 -0.000988220734
186.85 186.8 186.9 0.0004233943342
186.95 186.9 187 -0.0002649789619
187.05 187 187.1 -0.0006235382153
187.15 187.1 187.2 -0.00386669762
187.25 187.2 187.3 -0.001139317064
187.35 187.3 187.4 -0.001341300964
187.45 187.4 187.5 -0.001698956667
187.55 187.5 187.6 -0.00169447113
187.65 187.6 187.7 -0.00119974759
187.75 187.7 187.8 -0.001055386631
187.85 187.8 187.9 -0.001129032519
187.95 187.9 188 -0.002746148275
188.05 188 188.1 -0.001728447791
188.15 188.1 188.2 -0.00259045745
188.25 188.2 188.3 -0.0008598842719
188.35 188.3 188.4 -0.001864611906
188.45 188.4 188.5 -0.001174520297
188.55 188.5 188.6 -0.002953904551
188.65 188.6 188.7 -0.0005845174058
188.75 188.7 188.8 -0.0008479903551
188.85 188.8 188.9 -0.001686665188
188.95 188.9 189 0.0001457096831
189.05 189 189.1 -0.000428807169
189.15 189.1 189.2 -0.002688857054
189.25 189.2 189.3 -0.00131250816
189.35 189.3 189.4 -0.001361164955
189.45 189.4 189.5 -0.0002795224816
189.55 189.5 189.6 -0.0009274848135
189.65 189.6 189.7 -0.0006547209903
189.75 189.7 189.8 0.0005370493922
189.85 189.8 189.9 -0.001899813541
189.95 189.9 190 -0.0003138229543
190.05 190 190.1 -0.0006379061982
190.15 190.1 190.2 0.0003293084382
190.25 190.2 190.3 -0.000803227296
190.35 190.3 190.4 -0.002078918241
190.45 190.4 190.5 -0.001638890176
190.55 190.5 190.6 -0.001575564311
190.65 190.6 190.7 -0.002269355571
190.75 190.7 190.8 0.0002063252459
190.85 190.8 190.9 -0.002416569938
190.95 190.9 191 0.0007835340968
191.05 191 191.1 -0.001661502966
191.15 191.1 191.2 -0.002427647486
191.25 191.2 191.3 8.844295451e-05
191.35 191.3 191.4 -0.0007073279131
191.45 191.4 191.5 -0.0001747676361
191.55 191.5 191.6 -0.001742524442
191.65 191.6 191.7 -0.0009274184562
191.75 191.7 191.8 0.0005388397239
191.85 191.8 191.9 -0.0006294593413
191.95 191.9 192 -0.001724469316
192.05 192 192.1 -0.00125921342
192.15 192.1 192.2 -0.002111856197
192.25 192.2 192.3 -0.001108839287
192.35 192.3 192.4 -0.00247184539
192.45 192.4 192.5 -0.002282767688
192.55 192.5 192.6 -3.679895316e-06
192.65 192.6 192.7 0.0009434814252
192.75 192.7 192.8 -0.00211734163
192.85 192.8 192.9 -0.002036075668
192.95 192.9 193 -0.004071283988
193.05 193 193.1 -0.002371887312
193.15 193.1 193.2 -0.002132378233
193.25 193.2 193.3 0.0003417196172
193.35 193.3 193.4 -0.001057414111
193.45 193.4 193.5 -0.00259054643
193.55 193.5 193.6 -0.001743806547
193.65 193.6 193.7 -0.001264880365
193.75 193.7 193.8 -0.001533037953
193.85 193.8 193.9 -0.003486724219
193.95 193.9 194 -0.001668382617
194.05 194 194.1 -0.003163963818
194.15 194.1 194.2 -0.001474122374
194.25 194.2 194.3 -0.004138273801
194.35 194.3 194.4 -0.001862112243
194.45 194.4 194.5 -0.0007643448189
194.55 194.5 194.6 -0.001026303266
194.65 194.6 194.7 -0.001779187756
194.75 194.7 194.8 -0.002934184665
194.85 194.8 194.9 -0.0007950702484
194.95 194.9 195 -0.00156868048
195.05 195 195.1 -3.430237448e-06
195.15 195.1 195.2 -0.002015532467
195.25 195.2 195.3 -0.001505034992
195.35 195.3 195.4 -0.002132697434
195.45 195.4 195.5 -0.002899429297
195.55 195.5 195.6 -0.001490898327
195.65 195.6 195.7 -0.004160116752
195.75 195.7 195.8 -0.001428488576
195.85 195.8 195.9 -0.001781143009
195.95 195.9 196 -0.001708133093
196.05 196 196.1 -0.001278242633
196.15 196.1 196.2 -0.002203185973
196.25 196.2 196.3 -0.002517579693
196.35 196.3 196.4 -0.0002735283512
196.45 196.4 196.5 -0.001713728676
196.55 196.5 196.6 0.0004932186278
196.65 196.6 196.7 -0.003650322281
196.75 196.7 196.8 -0.00226115798
196.85 196.8 196.9 -0.001678689689
196.95 196.9 197 -0.002910986052
197.05 197 197.1 -0.001965570276
197.15 197.1 197.2 -0.001393454401
197.25 197.2 197.3 -0.001308195347
197.35 197.3 197.4 -0.00170277475
197.45 197.4 197.5 -0.003768024372
197.55 197.5 197.6 -0.002132232372
197.65 197.6 197.7 -0.003811006418
197.75 197.7 197.8 -0.002015136943
197.85 197.8 197.9 -0.0008678530008
197.95 197.9 198 -0.0005137811989
198.05 198 198.1 -0.001100807482
198.15 198.1 198.2 -0.004115259149
198.25 198.2 198.3 -0.0001061700947
198.35 198.3 198.4 -3.829731355e-05
198.45 198.4 198.5 -0.002665741079
198.55 198.5 198.6 -0.001126705619
198.65 198.6 198.7 -0.00240345584
198.75 198.7 198.8 -0.003945819262
198.85 198.8 198.9 -0.001562712674
198.95 198.9 199 -0.00201290671
199.05 199 199.1 0.0001494933948
199.15 199.1 199.2 -0.00445632326
199.25 199.2 199.3 -0.002567040751
199.35 199.3 199.4 0.0004261110308
199.45 199.4 199.5 -0.003512957534
199.55 199.5 199.6 -0.002266987653
199.65 199.6 199.7 -0.004038484498
199.75 199.7 199.8 -0.002687257513
199.85 199.8 199.9 -0.001338690482
199.95 199.9 200 -0.0002644328624
