# Columns: s_cen(1) s_min(2) s_max(3) xi_iso(4)
0.05 0 0.1 24.35108158
0.15 0.1 0.2 13.82354083
0.25 0.2 0.3 15.76423225
0.35 0.3 0.4 19.54039287
0.45 0.4 0.5 18.95449713
0.55 0.5 0.6 20.64597325
0.65 0.6 0.7 22.63017429
0.75 0.7 0.8 20.95838176
0.85 0.8 0.9 20.73007998
0.95 0.9 1 21.17652366
1.05 1 1.1 18.92741057
1.15 1.1 1.2 19.96361502
1.25 1.2 1.3 19.05833448
1.35 1.3 1.4 17.62875823
1.45 1.4 1.5 16.32033285
1.55 1.5 1.6 15.06222908
1.65 1.6 1.7 14.96780181
1.75 1.7 1.8 14.15138577
1.85 1.8 1.9 13.11599333
1.95 1.9 2 12.6207098
2.05 2 2.1 11.51017716
2.15 2.1 2.2 11.04593095
2.25 2.2 2.3 10.56033938
2.35 2.3 2.4 9.925843803
2.45 2.4 2.5 8.86231416
2.55 2.5 2.6 8.624541433
2.65 2.6 2.7 8.21709902
2.75 2.7 2.8 7.583718747
2.85 2.8 2.9 7.336096948
2.95 2.9 3 7.228528751
3.05 3 3.1 6.604574265
3.15 3.1 3.2 6.277502995
3.25 3.2 3.3 6.151270441
3.35 3.3 3.4 5.643504053
3.45 3.4 3.5 5.66231592
3.55 3.5 3.6 5.389680339
3.65 3.6 3.7 5.165403431
3.75 3.7 3.8 4.973845002
3.85 3.8 3.9 4.848623396
3.95 3.9 4 4.712188905
4.05 4 4.1 4.522525818
4.15 4.1 4.2 4.31076254
4.25 4.2 4.3 4.286188554
4.35 4.3 4.4 4.090642277
4.45 4.4 4.5 3.984844244
4.55 4.5 4.6 3.810497227
4.65 4.6 4.7 3.692499613
4.75 4.7 4.8 3.579762752
4.85 4.8 4.9 3.460155547
4.95 4.9 5 3.390239485
5.05 5 5.1 3.303851058
5.15 5.1 5.2 3.239340801
5.25 5.2 5.3 3.14645824
5.35 5.3 5.4 3.039845005
5.45 5.4 5.5 2.971046739
5.55 5.5 5.6 2.908204694
5.65 5.6 5.7 2.751853917
5.75 5.7 5.8 2.72094642
5.85 5.8 5.9 2.615595959
5.95 5.9 6 2.56890042
6.05 6 6.1 2.573948285
6.15 6.1 6.2 2.462741667
6.25 6.2 6.3 2.393558291
6.35 6.3 6.4 2.406830654
6.45 6.4 6.5 2.265854994
6.55 6.5 6.6 2.21766358
6.65 6.6 6.7 2.217790692
6.75 6.7 6.8 2.221096352
6.85 6.8 6.9 2.101569352
6.95 6.9 7 2.017071961
7.05 7 7.1 2.007345082
7.15 7.1 7.2 1.944673996
7.25 7.2 7.3 1.942049176
7.35 7.3 7.4 1.853756501
7.45 7.4 7.5 1.841878857
7.55 7.5 7.6 1.712917001
7.65 7.6 7.7 1.731448781
7.75 7.7 7.8 1.740178639
7.85 7.8 7.9 1.688342009
7.95 7.9 8 1.661939756
8.05 8 8.1 1.579207193
8.15 8.1 8.2 1.546571004
8.25 8.2 8.3 1.585635142
8.35 8.3 8.4 1.492094763
8.45 8.4 8.5 1.450749466
8.55 8.5 8.6 1.449884809
8.65 8.6 8.7 1.380375652
8.75 8.7 8.8 1.429796885
8.85 8.8 8.9 1.361045288
8.95 8.9 9 1.373177278
9.05 9 9.1 1.297970057
9.15 9.1 9.2 1.272223766
9.25 9.2 9.3 1.278272789
9.35 9.3 9.4 1.257865669
9.45 9.4 9.5 1.191518278
9.55 9.5 9.6 1.184298179
9.65 9.6 9.7 1.185440646
9.75 9.7 9.8 1.148470753
9.85 9.8 9.9 1.145227136
9.95 9.9 10 1.109494652
10.05 10 10.1 1.073934816
10.15 10.1 10.2 1.05252485
10.25 10.2 10.3 1.048300546
10.35 10.3 10.4 1.040526325
10.45 10.4 10.5 0.9767233293
10.55 10.5 10.6 1.001134348
10.65 10.6 10.7 0.9758211187
10.75 10.7 10.8 0.9662097614
10.85 10.8 10.9 0.9383944452
10.95 10.9 11 0.8963351144
11.05 11 11.1 0.9307912214
11.15 11.1 11.2 0.9056371986
11.25 11.2 11.3 0.8733466175
11.35 11.3 11.4 0.85899932
11.45 11.4 11.5 0.8674914091
11.55 11.5 11.6 0.8658961326
11.65 11.6 11.7 0.836429124
11.75 11.7 11.8 0.8057048418
11.85 11.8 11.9 0.8254894235
11.95 11.9 12 0.78104105
12.05 12 12.1 0.762115573
12.15 12.1 12.2 0.7365100207
12.25 12.2 12.3 0.7441039389
12.35 12.3 12.4 0.7571358866
12.45 12.4 12.5 0.7306442327
12.55 12.5 12.6 0.7112227753
12.65 12.6 12.7 0.7087377051
12.75 12.7 12.8 0.6961645275
12.85 12.8 12.9 0.6875287373
12.95 12.9 13 0.6729697395
13.05 13 13.1 0.6684676033
13.15 13.1 13.2 0.6457430012
13.25 13.2 13.3 0.6474208341
13.35 13.3 13.4 0.6232381933
13.45 13.4 13.5 0.6422904218
13.55 13.5 13.6 0.6313413312
13.65 13.6 13.7 0.622768727
13.75 13.7 13.8 0.6198036029
13.85 13.8 13.9 0.5962282191
13.95 13.9 14 0.5822049009
14.05 14 14.1 0.5642942412
14.15 14.1 14.2 0.5562026295
14.25 14.2 14.3 0.558118166
14.35 14.3 14.4 0.5490255875
14.45 14.4 14.5 0.5364815336
14.55 14.5 14.6 0.5632779166
14.65 14.6 14.7 0.538608378
14.75 14.7 14.8 0.5184844094
14.85 14.8 14.9 0.5212894874
14.95 14.9 15 0.5195461208
15.05 15 15.1 0.4843273335
15.15 15.1 15.2 0.5082292145
15.25 15.2 15.3 0.4913201889
15.35 15.3 15.4 0.4913232894
15.45 15.4 15.5 0.4931697249
15.55 15.5 15.6 0.4714219567
15.65 15.6 15.7 0.4716928935
15.75 15.7 15.8 0.4697973365
15.85 15.8 15.9 0.4594426713
15.95 15.9 16 0.4655108514
16.05 16 16.1 0.4512093577
16.15 16.1 16.2 0.4588104976
16.25 16.2 16.3 0.436726955
16.35 16.3 16.4 0.4385420766
16.45 16.4 16.5 0.4312821839
16.55 16.5 16.6 0.4252900482
16.65 16.6 16.7 0.4287926801
16.75 16.7 16.8 0.4175235294
16.85 16.8 16.9 0.4037916347
16.95 16.9 17 0.4113858729
17.05 17 17.1 0.408055401
17.15 17.1 17.2 0.3932908223
17.25 17.2 17.3 0.3878579863
17.35 17.3 17.4 0.3976801446
17.45 17.4 17.5 0.3866774944
17.55 17.5 17.6 0.3840679844
17.65 17.6 17.7 0.3833332977
17.75 17.7 17.8 0.3773118446
17.85 17.8 17.9 0.3482218148
17.95 17.9 18 0.3662004733
18.05 18 18.1 0.3664938599
18.15 18.1 18.2 0.3694325934
18.25 18.2 18.3 0.3561558165
18.35 18.3 18.4 0.3607878911
18.45 18.4 18.5 0.3477302587
18.55 18.5 18.6 0.3360872279
18.65 18.6 18.7 0.3342653848
18.75 18.7 18.8 0.3318688177
18.85 18.8 18.9 0.3215359371
18.95 18.9 19 0.3200480037
19.05 19 19.1 0.3326344605
19.15 19.1 19.2 0.3335259678
19.25 19.2 19.3 0.3066423528
19.35 19.3 19.4 0.2924736741
19.45 19.4 19.5 0.3081332413
19.55 19.5 19.6 0.2953630725
19.65 19.6 19.7 0.2979349306
19.75 19.7 19.8 0.2804207169
19.85 19.8 19.9 0.2926542596
19.95 19.9 20 0.2870275859
20.05 20 20.1 0.2782622876
20.15 20.1 20.2 0.2921477663
20.25 20.2 20.3 0.2754564691
20.35 20.3 20.4 0.281073543
20.45 20.4 20.5 0.272495112
20.55 20.5 20.6 0.272914092
20.65 20.6 20.7 0.276226303
20.75 20.7 20.8 0.2652115016
20.85 20.8 20.9 0.2695759431
20.95 20.9 21 0.2563247873
21.05 21 21.1 0.2599519556
21.15 21.1 21.2 0.2613240216
21.25 21.2 21.3 0.2481596389
21.35 21.3 21.4 0.2594047266
21.45 21.4 21.5 0.2439667104
21.55 21.5 21.6 0.2463263094
21.65 21.6 21.7 0.2448524145
21.75 21.7 21.8 0.2396739193
21.85 21.8 21.9 0.235409325
21.95 21.9 22 0.2416561174
22.05 22 22.1 0.2302951817
22.15 22.1 22.2 0.234356319
22.25 22.2 22.3 0.23793521
22.35 22.3 22.4 0.2310697395
22.45 22.4 22.5 0.2256451097
22.55 22.5 22.6 0.2264942554
22.65 22.6 22.7 0.2246354309
22.75 22.7 22.8 0.2160727472
22.85 22.8 22.9 0.2142105592
22.95 22.9 23 0.2192808075
23.05 23 23.1 0.20456019
23.15 23.1 23.2 0.2211281928
23.25 23.2 23.3 0.2078180865
23.35 23.3 23.4 0.1959743584
23.45 23.4 23.5 0.1993880014
23.55 23.5 23.6 0.2044552413
23.65 23.6 23.7 0.2064315418
23.75 23.7 23.8 0.1969387186
23.85 23.8 23.9 0.2042373503
23.95 23.9 24 0.1960723538
24.05 24 24.1 0.1941338606
24.15 24.1 24.2 0.1956516808
24.25 24.2 24.3 0.1917606805
24.35 24.3 24.4 0.1873761518
24.45 24.4 24.5 0.1903718397
24.55 24.5 24.6 0.1863702015
24.65 24.6 24.7 0.1868602538
24.75 24.7 24.8 0.1857027023
24.85 24.8 24.9 0.178353346
24.95 24.9 25 0.1739869476
25.05 25 25.1 0.1833847841
25.15 25.1 25.2 0.1726617525
25.25 25.2 25.3 0.1836749154
25.35 25.3 25.4 0.1768489592
25.45 25.4 25.5 0.1794476762
25.55 25.5 25.6 0.1786552691
25.65 25.6 25.7 0.1592726878
25.75 25.7 25.8 0.162760696
25.85 25.8 25.9 0.1670124775
25.95 25.9 26 0.1530669522
26.05 26 26.1 0.1600711416
26.15 26.1 26.2 0.1612713152
26.25 26.2 26.3 0.1633909645
26.35 26.3 26.4 0.1549680513
26.45 26.4 26.5 0.158214569
26.55 26.5 26.6 0.1616977003
26.65 26.6 26.7 0.1475036652
26.75 26.7 26.8 0.1622412206
26.85 26.8 26.9 0.1431972486
26.95 26.9 27 0.1542332744
27.05 27 27.1 0.1533569368
27.15 27.1 27.2 0.1575398998
27.25 27.2 27.3 0.1490989321
27.35 27.3 27.4 0.1430632944
27.45 27.4 27.5 0.1468229331
27.55 27.5 27.6 0.1394645746
27.65 27.6 27.7 0.1451994664
27.75 27.7 27.8 0.1503478455
27.85 27.8 27.9 0.1402961928
27.95 27.9 28 0.141776579
28.05 28 28.1 0.1431311877
28.15 28.1 28.2 0.1356352776
28.25 28.2 28.3 0.1353747023
28.35 28.3 28.4 0.1371722396
28.45 28.4 28.5 0.132983465
28.55 28.5 28.6 0.1326819408
28.65 28.6 28.7 0.1305726383
28.75 28.7 28.8 0.129175433
28.85 28.8 28.9 0.1311942283
28.95 28.9 29 0.1291096855
29.05 29 29.1 0.1191358125
29.15 29.1 29.2 0.1212082767
29.25 29.2 29.3 0.1281026272
29.35 29.3 29.4 0.1256046759
29.45 29.4 29.5 0.1328611137
29.55 29.5 29.6 0.1225984452
29.65 29.6 29.7 0.1199105492
29.75 29.7 29.8 0.1254176933
29.85 29.8 29.9 0.1118804631
29.95 29.9 30 0.1232534962
30.05 30 30.1 0.1096704057
30.15 30.1 30.2 0.121176889
30.25 30.2 30.3 0.1156322982
30.35 30.3 30.4 0.1127600543
30.45 30.4 30.5 0.1195338085
30.55 30.5 30.6 0.1180656088
30.65 30.6 30.7 0.1070464792
30.75 30.7 30.8 0.1099724439
30.85 30.8 30.9 0.1160830394
30.95 30.9 31 0.1175240209
31.05 31 31.1 0.1114037697
31.15 31.1 31.2 0.1128593134
31.25 31.2 31.3 0.1042566942
31.35 31.3 31.4 0.1099948456
31.45 31.4 31.5 0.1055157043
31.55 31.5 31.6 0.09924431125
31.65 31.6 31.7 0.1102990902
31.75 31.7 31.8 0.09956136698
31.85 31.8 31.9 0.1072239811
31.95 31.9 32 0.09793309433
32.05 32 32.1 0.1043527733
32.15 32.1 32.2 0.1068987086
32.25 32.2 32.3 0.1014473932
32.35 32.3 32.4 0.0965600011
32.45 32.4 32.5 0.1004953323
32.55 32.5 32.6 0.09893802129
32.65 32.6 32.7 0.09103968745
32.75 32.7 32.8 0.09689739046
32.85 32.8 32.9 0.1004287099
32.95 32.9 33 0.1033249327
33.05 33 33.1 0.094582764
33.15 33.1 33.2 0.09718734007
33.25 33.2 33.3 0.09652569642
33.35 33.3 33.4 0.09978411059
33.45 33.4 33.5 0.09049985443
33.55 33.5 33.6 0.08909573491
33.65 33.6 33.7 0.09414418567
33.75 33.7 33.8 0.08034318817
33.85 33.8 33.9 0.08954428028
33.95 33.9 34 0.08906316532
34.05 34 34.1 0.08781924213
34.15 34.1 34.2 0.08485591011
34.25 34.2 34.3 0.08971803639
34.35 34.3 34.4 0.08898407751
34.45 34.4 34.5 0.08662198839
34.55 34.5 34.6 0.08613443764
34.65 34.6 34.7 0.08927428993
34.75 34.7 34.8 0.08066874381
34.85 34.8 34.9 0.07640643587
34.95 34.9 35 0.08649285252
35.05 35 35.1 0.08335583945
35.15 35.1 35.2 0.08314995521
35.25 35.2 35.3 0.07307702284
35.35 35.3 35.4 0.0747745809
35.45 35.4 35.5 0.07478501377
35.55 35.5 35.6 0.083437238
35.65 35.6 35.7 0.07789216241
35.75 35.7 35.8 0.07297105271
35.85 35.8 35.9 0.0651753371
35.95 35.9 36 0.07753824713
36.05 36 36.1 0.07960759697
36.15 36.1 36.2 0.08110763564
36.25 36.2 36.3 0.06830353169
36.35 36.3 36.4 0.07586350885
36.45 36.4 36.5 0.07155441068
36.55 36.5 36.6 0.07192049266
36.65 36.6 36.7 0.06977272127
36.75 36.7 36.8 0.07644657664
36.85 36.8 36.9 0.07347396518
36.95 36.9 37 0.06968659628
37.05 37 37.1 0.08248196523
37.15 37.1 37.2 0.06890275228
37.25 37.2 37.3 0.07117831508
37.35 37.3 37.4 0.06929585616
37.45 37.4 37.5 0.07089026518
37.55 37.5 37.6 0.06816842761
37.65 37.6 37.7 0.06828004653
37.75 37.7 37.8 0.06812082406
37.85 37.8 37.9 0.06912055651
37.95 37.9 38 0.07042594152
38.05 38 38.1 0.06514708267
38.15 38.1 38.2 0.0618917423
38.25 38.2 38.3 0.0634977936
38.35 38.3 38.4 0.05949675682
38.45 38.4 38.5 0.0670342547
38.55 38.5 38.6 0.05636848526
38.65 38.6 38.7 0.0621519342
38.75 38.7 38.8 0.06024189712
38.85 38.8 38.9 0.06045066665
38.95 38.9 39 0.05714239534
39.05 39 39.1 0.0689516872
39.15 39.1 39.2 0.06432813981
39.25 39.2 39.3 0.05643132764
39.35 39.3 39.4 0.06028271889
39.45 39.4 39.5 0.05650620512
39.55 39.5 39.6 0.05861295686
39.65 39.6 39.7 0.05820400973
39.75 39.7 39.8 0.06099403073
39.85 39.8 39.9 0.05464179343
39.95 39.9 40 0.0577094642
40.05 40 40.1 0.05917254377
40.15 40.1 40.2 0.05840737919
40.25 40.2 40.3 0.06008562228
40.35 40.3 40.4 0.0610190399
40.45 40.4 40.5 0.05442444658
40.55 40.5 40.6 0.05400873635
40.65 40.6 40.7 0.05687614146
40.75 40.7 40.8 0.05640565875
40.85 40.8 40.9 0.05628923918
40.95 40.9 41 0.05213226905
41.05 41 41.1 0.05390614549
41.15 41.1 41.2 0.05555991304
41.25 41.2 41.3 0.05520399554
41.35 41.3 41.4 0.05655984961
41.45 41.4 41.5 0.05515688096
41.55 41.5 41.6 0.05400063676
41.65 41.6 41.7 0.05338564109
41.75 41.7 41.8 0.04952028763
41.85 41.8 41.9 0.04931802845
41.95 41.9 42 0.04773579448
42.05 42 42.1 0.05415353216
42.15 42.1 42.2 0.05550683457
42.25 42.2 42.3 0.05350962796
42.35 42.3 42.4 0.04994424315
42.45 42.4 42.5 0.05204933297
42.55 42.5 42.6 0.04944121279
42.65 42.6 42.7 0.04698058867
42.75 42.7 42.8 0.04570209601
42.85 42.8 42.9 0.0470964267
42.95 42.9 43 0.04661783133
43.05 43 43.1 0.04474724034
43.15 43.1 43.2 0.04025364071
43.25 43.2 43.3 0.04219706263
43.35 43.3 43.4 0.04703431696
43.45 43.4 43.5 0.0463154946
43.55 43.5 43.6 0.05199148385
43.65 43.6 43.7 0.04518919705
43.75 43.7 43.8 0.04525545682
43.85 43.8 43.9 0.04149191575
43.95 43.9 44 0.04062695168
44.05 44 44.1 0.044588414
44.15 44.1 44.2 0.04493794349
44.25 44.2 44.3 0.04036738749
44.35 44.3 44.4 0.04611777954
44.45 44.4 44.5 0.04140724246
44.55 44.5 44.6 0.04453212735
44.65 44.6 44.7 0.04643253159
44.75 44.7 44.8 0.0415894356
44.85 44.8 44.9 0.04448613116
44.95 44.9 45 0.03942742689
45.05 45 45.1 0.03506620739
45.15 45.1 45.2 0.04115914593
45.25 45.2 45.3 0.0349177008
45.35 45.3 45.4 0.0377561351
45.45 45.4 45.5 0.03878150949
45.55 45.5 45.6 0.03620915154
45.65 45.6 45.7 0.03723833255
45.75 45.7 45.8 0.03695879283
45.85 45.8 45.9 0.04005313217
45.95 45.9 46 0.0359949744
46.05 46 46.1 0.03629228977
46.15 46.1 46.2 0.03387530514
46.25 46.2 46.3 0.03832872346
46.35 46.3 46.4 0.038790957
46.45 46.4 46.5 0.0338946404
46.55 46.5 46.6 0.0415015836
46.65 46.6 46.7 0.03567341401
46.75 46.7 46.8 0.03543879011
46.85 46.8 46.9 0.03747236248
46.95 46.9 47 0.03601558719
47.05 47 47.1 0.03320428656
47.15 47.1 47.2 0.03334738832
47.25 47.2 47.3 0.03379134014
47.35 47.3 47.4 0.03177356146
47.45 47.4 47.5 0.0361474128
47.55 47.5 47.6 0.03444757982
47.65 47.6 47.7 0.03156379417
47.75 47.7 47.8 0.02599406182
47.85 47.8 47.9 0.04020764177
47.95 47.9 48 0.03583443857
48.05 48 48.1 0.03051833864
48.15 48.1 48.2 0.03457240036
48.25 48.2 48.3 0.03106327483
48.35 48.3 48.4 0.03122395731
48.45 48.4 48.5 0.02937656386
48.55 48.5 48.6 0.03432787227
48.65 48.6 48.7 0.03194793513
48.75 48.7 48.8 0.03008091013
48.85 48.8 48.9 0.03048530465
48.95 48.9 49 0.03400202163
49.05 49 49.1 0.03193161054
49.15 49.1 49.2 0.03287323407
49.25 49.2 49.3 0.03321366641
49.35 49.3 49.4 0.02920551689
49.45 49.4 49.5 0.02698825069
49.55 49.5 49.6 0.03075175198
49.65 49.6 49.7 0.03276663565
49.75 49.7 49.8 0.03636829665
49.85 49.8 49.9 0.02913381191
49.95 49.9 50 0.03557452556
50.05 50 50.1 0.03122388926
50.15 50.1 50.2 0.03193609974
50.25 50.2 50.3 0.03158748782
50.35 50.3 50.4 0.02805099615
50.45 50.4 50.5 0.03338031973
50.55 50.5 50.6 0.02600065393
50.65 50.6 50.7 0.02531576678
50.75 50.7 50.8 0.02804962918
50.85 50.8 50.9 0.03326512882
50.95 50.9 51 0.02328727744
51.05 51 51.1 0.02660089224
51.15 51.1 51.2 0.02556981161
51.25 51.2 51.3 0.02918927263
51.35 51.3 51.4 0.02654877571
51.45 51.4 51.5 0.03048148813
51.55 51.5 51.6 0.02580557004
51.65 51.6 51.7 0.02621222599
51.75 51.7 51.8 0.02633691773
51.85 51.8 51.9 0.02734090089
51.95 51.9 52 0.02929133395
52.05 52 52.1 0.02571960473
52.15 52.1 52.2 0.02328935415
52.25 52.2 52.3 0.02204125692
52.35 52.3 52.4 0.02572105228
52.45 52.4 52.5 0.03009966973
52.55 52.5 52.6 0.0260900415
52.65 52.6 52.7 0.02963946696
52.75 52.7 52.8 0.02837999058
52.85 52.8 52.9 0.02446660636
52.95 52.9 53 0.0277886058
53.05 53 53.1 0.02184817935
53.15 53.1 53.2 0.02331632104
53.25 53.2 53.3 0.02122982284
53.35 53.3 53.4 0.02608129068
53.45 53.4 53.5 0.02820833235
53.55 53.5 53.6 0.02553680254
53.65 53.6 53.7 0.02285206763
53.75 53.7 53.8 0.02177042996
53.85 53.8 53.9 0.02577608784
53.95 53.9 54 0.02717164305
54.05 54 54.1 0.01948129663
54.15 54.1 54.2 0.01966578582
54.25 54.2 54.3 0.02260211278
54.35 54.3 54.4 0.0188994563
54.45 54.4 54.5 0.02102232765
54.55 54.5 54.6 0.02239255964
54.65 54.6 54.7 0.0246017624
54.75 54.7 54.8 0.0154259521
54.85 54.8 54.9 0.02282005833
54.95 54.9 55 0.02313045617
55.05 55 55.1 0.01901406984
55.15 55.1 55.2 0.02189996507
55.25 55.2 55.3 0.02629754185
55.35 55.3 55.4 0.01745739975
55.45 55.4 55.5 0.01833624944
55.55 55.5 55.6 0.01642971082
55.65 55.6 55.7 0.02389749798
55.75 55.7 55.8 0.0199047719
55.85 55.8 55.9 0.0210743982
55.95 55.9 56 0.01857533929
56.05 56 56.1 0.01636370555
56.15 56.1 56.2 0.01742661438
56.25 56.2 56.3 0.01829478644
56.35 56.3 56.4 0.02399731955
56.45 56.4 56.5 0.01894208883
56.55 56.5 56.6 0.01481653097
56.65 56.6 56.7 0.01912837846
56.75 56.7 56.8 0.01917361945
56.85 56.8 56.9 0.01555116571
56.95 56.9 57 0.02028862754
57.05 57 57.1 0.01766166876
57.15 57.1 57.2 0.01571454167
57.25 57.2 57.3 0.01282850436
57.35 57.3 57.4 0.01313993327
57.45 57.4 57.5 0.01989449445
57.55 57.5 57.6 0.01501988371
57.65 57.6 57.7 0.01755184468
57.75 57.7 57.8 0.01582583832
57.85 57.8 57.9 0.02516208699
57.95 57.9 58 0.01797938523
58.05 58 58.1 0.02137712503
58.15 58.1 58.2 0.01634232184
58.25 58.2 58.3 0.01847030837
58.35 58.3 58.4 0.01890378811
58.45 58.4 58.5 0.01319190417
58.55 58.5 58.6 0.01711600449
58.65 58.6 58.7 0.01475735283
58.75 58.7 58.8 0.01713250628
58.85 58.8 58.9 0.01534824209
58.95 58.9 59 0.01541657382
59.05 59 59.1 0.01455921768
59.15 59.1 59.2 0.01557625801
59.25 59.2 59.3 0.01558287612
59.35 59.3 59.4 0.01242912458
59.45 59.4 59.5 0.01747505566
59.55 59.5 59.6 0.01394743981
59.65 59.6 59.7 0.01496193057
59.75 59.7 59.8 0.01588077282
59.85 59.8 59.9 0.01828297321
59.95 59.9 60 0.01552951294
60.05 60 60.1 0.01490584811
60.15 60.1 60.2 0.01833813384
60.25 60.2 60.3 0.01289173156
60.35 60.3 60.4 0.009977508968
60.45 60.4 60.5 0.01123900988
60.55 60.5 60.6 0.01544038965
60.65 60.6 60.7 0.01323710998
60.75 60.7 60.8 0.01021078777
60.85 60.8 60.9 0.01561873466
60.95 60.9 61 0.01427735687
61.05 61 61.1 0.01592968872
61.15 61.1 61.2 0.01573205716
61.25 61.2 61.3 0.01404243744
61.35 61.3 61.4 0.01105542625
61.45 61.4 61.5 0.01214006301
61.55 61.5 61.6 0.0148678991
61.65 61.6 61.7 0.009382615049
61.75 61.7 61.8 0.01120000266
61.85 61.8 61.9 0.01356420532
61.95 61.9 62 0.01082433534
62.05 62 62.1 0.01421452333
62.15 62.1 62.2 0.009569493053
62.25 62.2 62.3 0.01138629726
62.35 62.3 62.4 0.01110328356
62.45 62.4 62.5 0.01336395903
62.55 62.5 62.6 0.008274030774
62.65 62.6 62.7 0.01303002453
62.75 62.7 62.8 0.01282105319
62.85 62.8 62.9 0.01216279671
62.95 62.9 63 0.01288142226
63.05 63 63.1 0.009240596817
63.15 63.1 63.2 0.01112721474
63.25 63.2 63.3 0.01544352613
63.35 63.3 63.4 0.01142096912
63.45 63.4 63.5 0.01027405278
63.55 63.5 63.6 0.01204008756
63.65 63.6 63.7 0.01153230467
63.75 63.7 63.8 0.008915914731
63.85 63.8 63.9 0.01470538025
63.95 63.9 64 0.007210522329
64.05 64 64.1 0.01615105312
64.15 64.1 64.2 0.0117190246
64.25 64.2 64.3 0.01332627165
64.35 64.3 64.4 0.004680933789
64.45 64.4 64.5 0.01041620178
64.55 64.5 64.6 0.008737925947
64.65 64.6 64.7 0.01024933849
64.75 64.7 64.8 0.009639525098
64.85 64.8 64.9 0.01137136215
64.95 64.9 65 0.00984325513
65.05 65 65.1 0.006653390982
65.15 65.1 65.2 0.01258670753
65.25 65.2 65.3 0.01162555815
65.35 65.3 65.4 0.006898504486
65.45 65.4 65.5 0.01011783877
65.55 65.5 65.6 0.005990648479
65.65 65.6 65.7 0.006889244271
65.75 65.7 65.8 0.009449988049
65.85 65.8 65.9 0.008314019591
65.95 65.9 66 0.009737201333
66.05 66 66.1 0.01147107539
66.15 66.1 66.2 0.006680075645
66.25 66.2 66.3 0.006919573989
66.35 66.3 66.4 0.007967774883
66.45 66.4 66.5 0.01013817853
66.55 66.5 66.6 0.01476521728
66.65 66.6 66.7 0.006340595972
66.75 66.7 66.8 0.006649982437
66.85 66.8 66.9 0.00509671374
66.95 66.9 67 0.007196761756
67.05 67 67.1 0.004828229078
67.15 67.1 67.2 0.002380302718
67.25 67.2 67.3 0.007321173057
67.35 67.3 67.4 0.006693260444
67.45 67.4 67.5 0.004400793052
67.55 67.5 67.6 0.007314313129
67.65 67.6 67.7 0.01105479779
67.75 67.7 67.8 0.01019932073
67.85 67.8 67.9 0.007731961701
67.95 67.9 68 0.007118378549
68.05 68 68.1 0.01053047222
68.15 68.1 68.2 0.003338003681
68.25 68.2 68.3 0.008438448862
68.35 68.3 68.4 0.00425894056
68.45 68.4 68.5 0.008975718177
68.55 68.5 68.6 0.007226507214
68.65 68.6 68.7 0.006295441584
68.75 68.7 68.8 0.009432889242
68.85 68.8 68.9 0.008642687111
68.95 68.9 69 0.006285776873
69.05 69 69.1 0.006731860807
69.15 69.1 69.2 0.00345319316
69.25 69.2 69.3 0.008008380098
69.35 69.3 69.4 0.007200577555
69.45 69.4 69.5 0.01007927738
69.55 69.5 69.6 0.007738156317
69.65 69.6 69.7 0.007253947842
69.75 69.7 69.8 0.00609748773
69.85 69.8 69.9 0.005860345373
69.95 69.9 70 0.002270706816
70.05 70 70.1 0.007463401806
70.15 70.1 70.2 0.006192911705
70.25 70.2 70.3 0.005471499697
70.35 70.3 70.4 0.007811336194
70.45 70.4 70.5 0.007203223914
70.55 70.5 70.6 0.007132203447
70.65 70.6 70.7 0.005819107569
70.75 70.7 70.8 0.006341307755
70.85 70.8 70.9 0.005751366296
70.95 70.9 71 0.009269668757
71.05 71 71.1 0.006558010344
71.15 71.1 71.2 0.006142330003
71.25 71.2 71.3 0.006846386125
71.35 71.3 71.4 0.005746564307
71.45 71.4 71.5 0.008385787241
71.55 71.5 71.6 0.006254030337
71.65 71.6 71.7 0.008619518777
71.75 71.7 71.8 0.005525214155
71.85 71.8 71.9 0.003421988302
71.95 71.9 72 0.00528112829
72.05 72 72.1 0.01151278254
72.15 72.1 72.2 0.006957697255
72.25 72.2 72.3 0.003128924554
72.35 72.3 72.4 0.005679402085
72.45 72.4 72.5 0.00822430422
72.55 72.5 72.6 0.004972517104
72.65 72.6 72.7 0.009317420445
72.75 72.7 72.8 0.007520707582
72.85 72.8 72.9 0.006679718124
72.95 72.9 73 0.004651480916
73.05 73 73.1 0.006636802377
73.15 73.1 73.2 0.008135759409
73.25 73.2 73.3 0.004465222909
73.35 73.3 73.4 0.007665292657
73.45 73.4 73.5 0.006218842845
73.55 73.5 73.6 0.006964866774
73.65 73.6 73.7 0.01086010034
73.75 73.7 73.8 0.008896706431
73.85 73.8 73.9 0.008190587476
73.95 73.9 74 0.009329564306
74.05 74 74.1 0.006791201546
74.15 74.1 74.2 0.004779664959
74.25 74.2 74.3 0.007583083131
74.35 74.3 74.4 0.006027602233
74.45 74.4 74.5 0.008660311333
74.55 74.5 74.6 0.00646430595
74.65 74.6 74.7 0.00642028131
74.75 74.7 74.8 0.00836000341
74.85 74.8 74.9 0.004043321538
74.95 74.9 75 0.002171735341
75.05 75 75.1 0.008248122902
75.15 75.1 75.2 0.006524180613
75.25 75.2 75.3 0.008251781934
75.35 75.3 75.4 0.004014338976
75.45 75.4 75.5 0.007716793515
75.55 75.5 75.6 0.008084327381
75.65 75.6 75.7 0.007416601765
75.75 75.7 75.8 0.009249872423
75.85 75.8 75.9 0.006305009463
75.95 75.9 76 0.005961568942
76.05 76 76.1 0.006870845264
76.15 76.1 76.2 0.005397613175
76.25 76.2 76.3 0.003290631506
76.35 76.3 76.4 0.006287057805
76.45 76.4 76.5 0.01013113525
76.55 76.5 76.6 0.0036223474
76.65 76.6 76.7 0.006645709998
76.75 76.7 76.8 0.007372042745
76.85 76.8 76.9 0.006513907873
76.95 76.9 77 0.005914716808
77.05 77 77.1 0.006023642554
77.15 77.1 77.2 0.007237414953
77.25 77.2 77.3 0.006641419108
77.35 77.3 77.4 0.003344546018
77.45 77.4 77.5 0.002803716609
77.55 77.5 77.6 0.004741999111
77.65 77.6 77.7 0.004644129245
77.75 77.7 77.8 0.006433106943
77.85 77.8 77.9 0.005012362442
77.95 77.9 78 0.01012589838
78.05 78 78.1 0.004621616708
78.15 78.1 78.2 0.006801195273
78.25 78.2 78.3 0.004044390293
78.35 78.3 78.4 0.007796818988
78.45 78.4 78.5 0.006509759379
78.55 78.5 78.6 0.002076264737
78.65 78.6 78.7 0.005637251
78.75 78.7 78.8 0.005875577033
78.85 78.8 78.9 0.005852273615
78.95 78.9 79 0.005918276623
79.05 79 79.1 0.004523669822
79.15 79.1 79.2 0.005957482797
79.25 79.2 79.3 0.00739793591
79.35 79.3 79.4 0.003657629026
79.45 79.4 79.5 0.005586627976
79.55 79.5 79.6 0.002632828026
79.65 79.6 79.7 0.008681033765
79.75 79.7 79.8 0.004689941743
79.85 79.8 79.9 0.003676110347
79.95 79.9 80 0.003999829225
80.05 80 80.1 0.003529441982
80.15 80.1 80.2 0.00534639697
80.25 80.2 80.3 0.005389961725
80.35 80.3 80.4 0.004367353344
80.45 80.4 80.5 0.004101516845
80.55 80.5 80.6 0.005664339498
80.65 80.6 80.7 0.003580634206
80.75 80.7 80.8 0.003324754521
80.85 80.8 80.9 0.006226178918
80.95 80.9 81 0.005393746928
81.05 81 81.1 0.005809643278
81.15 81.1 81.2 0.005086913749
81.25 81.2 81.3 0.007181843997
81.35 81.3 81.4 0.006792702244
81.45 81.4 81.5 0.008415796293
81.55 81.5 81.6 0.004638324487
81.65 81.6 81.7 0.005077087599
81.75 81.7 81.8 0.004987551882
81.85 81.8 81.9 -0.0007840941042
81.95 81.9 82 0.008369953229
82.05 82 82.1 0.006580143193
82.15 82.1 82.2 0.002163551567
82.25 82.2 82.3 0.006015791378
82.35 82.3 82.4 0.003349258634
82.45 82.4 82.5 0.004090107376
82.55 82.5 82.6 0.004137416836
82.65 82.6 82.7 0.003603801317
82.75 82.7 82.8 0.001868447805
82.85 82.8 82.9 0.002674086307
82.95 82.9 83 0.004327301426
83.05 83 83.1 0.004846674049
83.15 83.1 83.2 0.002992155171
83.25 83.2 83.3 0.003397992151
83.35 83.3 83.4 0.005810124557
83.45 83.4 83.5 0.005054666982
83.55 83.5 83.6 0.005611659127
83.65 83.6 83.7 0.004599381209
83.75 83.7 83.8 0.003970039564
83.85 83.8 83.9 0.004676643342
83.95 83.9 84 0.004059053294
84.05 84 84.1 0.002603709417
84.15 84.1 84.2 0.004076908853
84.25 84.2 84.3 0.007280732874
84.35 84.3 84.4 0.00653304128
84.45 84.4 84.5 0.005082686493
84.55 84.5 84.6 0.004052723788
84.65 84.6 84.7 0.002263935904
84.75 84.7 84.8 0.006153410028
84.85 84.8 84.9 0.005685205429
84.95 84.9 85 0.00131991466
85.05 85 85.1 0.001479971266
85.15 85.1 85.2 0.002433542994
85.25 85.2 85.3 0.003418807351
85.35 85.3 85.4 0.00282618839
85.45 85.4 85.5 0.002647929984
85.55 85.5 85.6 0.004667523331
85.65 85.6 85.7 0.005737065156
85.75 85.7 85.8 0.005040470628
85.85 85.8 85.9 0.002777925353
85.95 85.9 86 0.003215196045
86.05 86 86.1 0.002872790895
86.15 86.1 86.2 0.004683334076
86.25 86.2 86.3 0.004211435543
86.35 86.3 86.4 0.006235103832
86.45 86.4 86.5 0.002291946445
86.55 86.5 86.6 0.005257534164
86.65 86.6 86.7 0.001678812745
86.75 86.7 86.8 0.004218380407
86.85 86.8 86.9 0.004077669828
86.95 86.9 87 0.003478605105
87.05 87 87.1 0.005281909019
87.15 87.1 87.2 0.004776818241
87.25 87.2 87.3 0.003426700047
87.35 87.3 87.4 0.006525365403
87.45 87.4 87.5 0.00121810224
87.55 87.5 87.6 0.005817035523
87.65 87.6 87.7 0.004447782154
87.75 87.7 87.8 0.002226283037
87.85 87.8 87.9 0.002303323177
87.95 87.9 88 0.002809706413
88.05 88 88.1 0.006084747011
88.15 88.1 88.2 0.006823795319
88.25 88.2 88.3 0.003839944528
88.35 88.3 88.4 0.005933139722
88.45 88.4 88.5 0.003302430582
88.55 88.5 88.6 0.003199808664
88.65 88.6 88.7 0.003284527776
88.75 88.7 88.8 0.003000488682
88.85 88.8 88.9 0.00448873959
88.95 88.9 89 -0.0002354611303
89.05 89 89.1 0.003434947587
89.15 89.1 89.2 0.001475403836
89.25 89.2 89.3 0.001877073912
89.35 89.3 89.4 0.004140418225
89.45 89.4 89.5 7.822857887e-05
89.55 89.5 89.6 0.002033801234
89.65 89.6 89.7 0.00297863528
89.75 89.7 89.8 0.003783628362
89.85 89.8 89.9 0.005718002303
89.95 89.9 90 0.005929636275
90.05 90 90.1 0.006033866896
90.15 90.1 90.2 0.0008138242449
90.25 90.2 90.3 0.002223400079
90.35 90.3 90.4 0.006632867438
90.45 90.4 90.5 0.005927224407
90.55 90.5 90.6 0.00619040569
90.65 90.6 90.7 0.005537238831
90.75 90.7 90.8 0.004114239073
90.85 90.8 90.9 0.002239843274
90.95 90.9 91 0.003457907479
91.05 91 91.1 0.004400830912
91.15 91.1 91.2 0.002472305747
91.25 91.2 91.3 0.006133160951
91.35 91.3 91.4 0.0004609025362
91.45 91.4 91.5 0.003661714553
91.55 91.5 91.6 0.002108963422
91.65 91.6 91.7 0.003049889488
91.75 91.7 91.8 0.004485833936
91.85 91.8 91.9 0.001309816678
91.95 91.9 92 0.003298228444
92.05 92 92.1 0.002241845646
92.15 92.1 92.2 0.004238754384
92.25 92.2 92.3 0.0009364372375
92.35 92.3 92.4 0.002278387329
92.45 92.4 92.5 0.002449008625
92.55 92.5 92.6 0.004590395716
92.65 92.6 92.7 0.004067122416
92.75 92.7 92.8 0.004651280408
92.85 92.8 92.9 0.002859063737
92.95 92.9 93 0.002469717834
93.05 93 93.1 0.005443133117
93.15 93.1 93.2 0.001050540713
93.25 93.2 93.3 0.005881605086
93.35 93.3 93.4 0.005773198846
93.45 93.4 93.5 0.002444787719
93.55 93.5 93.6 -6.196014864e-05
93.65 93.6 93.7 0.003149626142
93.75 93.7 93.8 0.002749369057
93.85 93.8 93.9 0.002209785569
93.95 93.9 94 0.003847382804
94.05 94 94.1 0.003864179033
94.15 94.1 94.2 -9.313914209e-06
94.25 94.2 94.3 0.003718952345
94.35 94.3 94.4 0.005013282697
94.45 94.4 94.5 0.002464566709
94.55 94.5 94.6 0.004127282898
94.65 94.6 94.7 0.003803142212
94.75 94.7 94.8 0.001906660528
94.85 94.8 94.9 0.001946669766
94.95 94.9 95 0.004413922629
95.05 95 95.1 0.001334995784
95.15 95.1 95.2 0.002476625357
95.25 95.2 95.3 0.003524126618
95.35 95.3 95.4 0.000313788321
95.45 95.4 95.5 0.003253645391
95.55 95.5 95.6 0.0006842156092
95.65 95.6 95.7 0.004199436927
95.75 95.7 95.8 0.002884005694
95.85 95.8 95.9 0.001215305331
95.95 95.9 96 0.003507313138
96.05 96 96.1 0.003922298681
96.15 96.1 96.2 0.00358726465
96.25 96.2 96.3 0.003106041284
96.35 96.3 96.4 0.003539042172
96.45 96.4 96.5 0.004240975906
96.55 96.5 96.6 0.005064015897
96.65 96.6 96.7 0.004548915452
96.75 96.7 96.8 0.002700069457
96.85 96.8 96.9 0.004155624234
96.95 96.9 97 0.0009523456773
97.05 97 97.1 0.004474486943
97.15 97.1 97.2 0.003175685712
97.25 97.2 97.3 0.001777178653
97.35 97.3 97.4 0.00310389851
97.45 97.4 97.5 0.001881422318
97.55 97.5 97.6 0.00489497752
97.65 97.6 97.7 0.003672777203
97.75 97.7 97.8 0.003662081678
97.85 97.8 97.9 0.005825254663
97.95 97.9 98 0.003516489638
98.05 98 98.1 0.002949200892
98.15 98.1 98.2 0.003961474208
98.25 98.2 98.3 0.004237211792
98.35 98.3 98.4 0.003609354816
98.45 98.4 98.5 0.001926119723
98.55 98.5 98.6 0.003279793987
98.65 98.6 98.7 0.005750392589
98.75 98.7 98.8 0.002104465778
98.85 98.8 98.9 0.0009623115281
98.95 98.9 99 0.005220461661
99.05 99 99.1 0.002494498309
99.15 99.1 99.2 0.005486924886
99.25 99.2 99.3 0.003271612857
99.35 99.3 99.4 0.004736180542
99.45 99.4 99.5 0.003848476204
99.55 99.5 99.6 0.004143084169
99.65 99.6 99.7 0.003971045654
99.75 99.7 99.8 0.004078566083
99.85 99.8 99.9 0.004821601973
99.95 99.9 100 0.002910750004
100.05 100 100.1 0.003175869662
100.15 100.1 100.2 0.003869330001
100.25 100.2 100.3 0.003705850509
100.35 100.3 100.4 0.003899978894
100.45 100.4 100.5 0.003843141441
100.55 100.5 100.6 0.002289933402
100.65 100.6 100.7 0.0004962704873
100.75 100.7 100.8 0.006474639425
100.85 100.8 100.9 0.003935947
100.95 100.9 101 0.003850920965
101.05 101 101.1 0.002284053103
101.15 101.1 101.2 0.004422395624
101.25 101.2 101.3 0.002218514405
101.35 101.3 101.4 0.003256480492
101.45 101.4 101.5 0.002414393695
101.55 101.5 101.6 0.002286915214
101.65 101.6 101.7 0.006815843774
101.75 101.7 101.8 0.003962918154
101.85 101.8 101.9 0.006999489224
101.95 101.9 102 0.003818786088
102.05 102 102.1 0.002361113545
102.15 102.1 102.2 0.003450353983
102.25 102.2 102.3 0.004864898609
102.35 102.3 102.4 0.004502743487
102.45 102.4 102.5 0.004584283922
102.55 102.5 102.6 0.00616429957
102.65 102.6 102.7 0.004350929398
102.75 102.7 102.8 0.001590483322
102.85 102.8 102.9 0.004794566997
102.95 102.9 103 0.003642694074
103.05 103 103.1 0.003690663418
103.15 103.1 103.2 0.005156331772
103.25 103.2 103.3 0.00302274038
103.35 103.3 103.4 0.003381543916
103.45 103.4 103.5 0.003397409803
103.55 103.5 103.6 0.005654956655
103.65 103.6 103.7 0.003679150697
103.75 103.7 103.8 0.003796294059
103.85 103.8 103.9 0.003741516959
103.95 103.9 104 0.004301185969
104.05 104 104.1 0.004899409444
104.15 104.1 104.2 0.00371537944
104.25 104.2 104.3 0.004427848391
104.35 104.3 104.4 0.00458470401
104.45 104.4 104.5 0.002209673654
104.55 104.5 104.6 0.0009961952084
104.65 104.6 104.7 0.0001994561233
104.75 104.7 104.8 0.003924489456
104.85 104.8 104.9 0.002686636401
104.95 104.9 105 0.001717774387
105.05 105 105.1 0.004618504653
105.15 105.1 105.2 0.004518650635
105.25 105.2 105.3 0.002692035683
105.35 105.3 105.4 0.005130499033
105.45 105.4 105.5 0.004657359254
105.55 105.5 105.6 0.00368617897
105.65 105.6 105.7 0.002284043252
105.75 105.7 105.8 0.001968886463
105.85 105.8 105.9 0.003463407616
105.95 105.9 106 0.002603080619
106.05 106 106.1 0.002847346427
106.15 106.1 106.2 0.004353258483
106.25 106.2 106.3 0.002101802959
106.35 106.3 106.4 0.0004382102777
106.45 106.4 106.5 0.002483478284
106.55 106.5 106.6 0.003221427854
106.65 106.6 106.7 0.002476867205
106.75 106.7 106.8 0.002887677845
106.85 106.8 106.9 0.002123029078
106.95 106.9 107 0.005242890522
107.05 107 107.1 0.002114691549
107.15 107.1 107.2 0.004881667615
107.25 107.2 107.3 0.005765014317
107.35 107.3 107.4 0.002244008479
107.45 107.4 107.5 0.001531818306
107.55 107.5 107.6 0.00328211797
107.65 107.6 107.7 0.002101578656
107.75 107.7 107.8 0.0007787589263
107.85 107.8 107.9 0.001229881933
107.95 107.9 108 0.00374589735
108.05 108 108.1 0.003062132803
108.15 108.1 108.2 0.00287522373
108.25 108.2 108.3 0.003484155046
108.35 108.3 108.4 0.003025551794
108.45 108.4 108.5 0.001750099328
108.55 108.5 108.6 0.002613071838
108.65 108.6 108.7 0.00376679883
108.75 108.7 108.8 0.00133257883
108.85 108.8 108.9 0.002505424979
108.95 108.9 109 0.002267797166
109.05 109 109.1 0.004283425615
109.15 109.1 109.2 0.002838485264
109.25 109.2 109.3 0.002824635995
109.35 109.3 109.4 0.002385738259
109.45 109.4 109.5 0.002817222743
109.55 109.5 109.6 0.001966534849
109.65 109.6 109.7 0.004713599308
109.75 109.7 109.8 0.00260714307
109.85 109.8 109.9 0.001991177691
109.95 109.9 110 0.001613719083
110.05 110 110.1 0.00269758398
110.15 110.1 110.2 0.002545522959
110.25 110.2 110.3 0.002720539674
110.35 110.3 110.4 -3.214283045e-05
110.45 110.4 110.5 0.005082390145
110.55 110.5 110.6 0.001872187977
110.65 110.6 110.7 0.0001125919456
110.75 110.7 110.8 0.003580014552
110.85 110.8 110.9 0.002667199186
110.95 110.9 111 0.002317292019
111.05 111 111.1 0.001837491545
111.15 111.1 111.2 0.00225365821
111.25 111.2 111.3 0.002378491315
111.35 111.3 111.4 0.0004152776113
111.45 111.4 111.5 0.003084716659
111.55 111.5 111.6 0.003483587959
111.65 111.6 111.7 0.001849360456
111.75 111.7 111.8 0.001824352682
111.85 111.8 111.9 0.001568366023
111.95 111.9 112 0.002533696141
112.05 112 112.1 0.001270701529
112.15 112.1 112.2 0.002764284421
112.25 112.2 112.3 0.002963516431
112.35 112.3 112.4 0.004286771889
112.45 112.4 112.5 0.002220999543
112.55 112.5 112.6 0.004360666563
112.65 112.6 112.7 0.002821998367
112.75 112.7 112.8 0.002019583609
112.85 112.8 112.9 0.002059550051
112.95 112.9 113 0.002678583805
113.05 113 113.1 0.003062871027
113.15 113.1 113.2 0.001872830141
113.25 113.2 113.3 0.001836678966
113.35 113.3 113.4 0.0009532522251
113.45 113.4 113.5 0.0001449978822
113.55 113.5 113.6 0.004651681307
113.65 113.6 113.7 0.001890032594
113.75 113.7 113.8 0.002905397096
113.85 113.8 113.9 0.0002503270036
113.95 113.9 114 0.002237418763
114.05 114 114.1 0.0009369808151
114.15 114.1 114.2 0.003831941682
114.25 114.2 114.3 0.00261133871
114.35 114.3 114.4 0.002200396373
114.45 114.4 114.5 0.002883114012
114.55 114.5 114.6 0.0005730398337
114.65 114.6 114.7 0.001908184152
114.75 114.7 114.8 0.001282536935
114.85 114.8 114.9 0.002855088244
114.95 114.9 115 0.004795147554
115.05 115 115.1 0.001866808534
115.15 115.1 115.2 0.001040902573
115.25 115.2 115.3 0.002045315161
115.35 115.3 115.4 0.001346178193
115.45 115.4 115.5 0.002960670135
115.55 115.5 115.6 0.003065808447
115.65 115.6 115.7 0.0009671210182
115.75 115.7 115.8 0.004382565733
115.85 115.8 115.9 0.001442970688
115.95 115.9 116 0.001452065451
116.05 116 116.1 0.001588130387
116.15 116.1 116.2 0.0007463901796
116.25 116.2 116.3 0.002180101935
116.35 116.3 116.4 0.002438422672
116.45 116.4 116.5 0.001845520278
116.55 116.5 116.6 -0.001190284702
116.65 116.6 116.7 0.002039749447
116.75 116.7 116.8 0.001782799334
116.85 116.8 116.9 -0.0005985922964
116.95 116.9 117 0.003089508888
117.05 117 117.1 0.001348633666
117.15 117.1 117.2 5.322530378e-05
117.25 117.2 117.3 0.002825606591
117.35 117.3 117.4 0.002787559095
117.45 117.4 117.5 0.00133986554
117.55 117.5 117.6 0.001382286857
117.65 117.6 117.7 0.0001272416413
117.75 117.7 117.8 0.0002806680968
117.85 117.8 117.9 6.94568113e-05
117.95 117.9 118 0.002964390805
118.05 118 118.1 0.0009508214011
118.15 118.1 118.2 0.002221147133
118.25 118.2 118.3 0.002025680788
118.35 118.3 118.4 0.001623807734
118.45 118.4 118.5 0.001145569655
118.55 118.5 118.6 0.002137625919
118.65 118.6 118.7 -0.0007606342732
118.75 118.7 118.8 0.00169892478
118.85 118.8 118.9 0.002017556207
118.95 118.9 119 0.001253883326
119.05 119 119.1 0.001405930831
119.15 119.1 119.2 0.003595534483
119.25 119.2 119.3 0.001568782855
119.35 119.3 119.4 -0.001261850342
119.45 119.4 119.5 0.001080795147
119.55 119.5 119.6 -0.001150508924
119.65 119.6 119.7 0.002105367037
119.75 119.7 119.8 -0.002258250453
119.85 119.8 119.9 -0.0009124121278
119.95 119.9 120 0.0002023650721
120.05 120 120.1 0.0006902524252
120.15 120.1 120.2 0.00142702979
120.25 120.2 120.3 0.001431683086
120.35 120.3 120.4 0.0022210345
120.45 120.4 120.5 0.001071571691
120.55 120.5 120.6 0.001196870096
120.65 120.6 120.7 0.002660361345
120.75 120.7 120.8 0.0006094303421
120.85 120.8 120.9 0.002677220722
120.95 120.9 121 -0.0003978831581
121.05 121 121.1 -1.440823049e-06
121.15 121.1 121.2 0.001759031818
121.25 121.2 121.3 0.002298399649
121.35 121.3 121.4 0.002246731287
121.45 121.4 121.5 -0.0001939306641
121.55 121.5 121.6 0.0004891188786
121.65 121.6 121.7 0.002097253581
121.75 121.7 121.8 0.000405224567
121.85 121.8 121.9 0.0009160401097
121.95 121.9 122 0.0002403839432
122.05 122 122.1 0.001881458129
122.15 122.1 122.2 0.0008374996563
122.25 122.2 122.3 -0.00089635006
122.35 122.3 122.4 -0.0001352325094
122.45 122.4 122.5 -0.0006105625152
122.55 122.5 122.6 -0.0009501878012
122.65 122.6 122.7 -0.0001454126625
122.75 122.7 122.8 0.001830241096
122.85 122.8 122.9 3.93456737e-05
122.95 122.9 123 0.0006153738897
123.05 123 123.1 0.0009127580036
123.15 123.1 123.2 0.001573030504
123.25 123.2 123.3 6.987124875e-05
123.35 123.3 123.4 0.001724909827
123.45 123.4 123.5 7.095983919e-05
123.55 123.5 123.6 0.002022879295
123.65 123.6 123.7 -0.0003457637902
123.75 123.7 123.8 -0.0007336238786
123.85 123.8 123.9 0.001695639538
123.95 123.9 124 0.00134618048
124.05 124 124.1 0.0005629498584
124.15 124.1 124.2 0.0006766658429
124.25 124.2 124.3 0.0005947583052
124.35 124.3 124.4 0.002365480886
124.45 124.4 124.5 0.000779191934
124.55 124.5 124.6 -0.001604995479
124.65 124.6 124.7 -0.0007148373717
124.75 124.7 124.8 -0.0007804839936
124.85 124.8 124.9 0.0002032917751
124.95 124.9 125 0.001082010298
125.05 125 125.1 0.001816809103
125.15 125.1 125.2 0.0009183291886
125.25 125.2 125.3 0.001555420988
125.35 125.3 125.4 0.0004941227265
125.45 125.4 125.5 0.001508189836
125.55 125.5 125.6 0.002746997273
125.65 125.6 125.7 0.001086161771
125.75 125.7 125.8 -0.001844908044
125.85 125.8 125.9 -0.0002952583528
125.95 125.9 126 0.00301137613
126.05 126 126.1 -4.43478944e-05
126.15 126.1 126.2 0.0005903893711
126.25 126.2 126.3 0.00201622559
126.35 126.3 126.4 0.0001313237947
126.45 126.4 126.5 -0.0009418380651
126.55 126.5 126.6 0.001664928502
126.65 126.6 126.7 -0.001367489088
126.75 126.7 126.8 0.0006787111163
126.85 126.8 126.9 0.0004065497461
126.95 126.9 127 0.0002470344877
127.05 127 127.1 0.0007276294319
127.15 127.1 127.2 0.001159038318
127.25 127.2 127.3 -0.0003325516488
127.35 127.3 127.4 -0.0002629184582
127.45 127.4 127.5 3.146483523e-05
127.55 127.5 127.6 -0.0009742130524
127.65 127.6 127.7 -0.0007337215989
127.75 127.7 127.8 0.002680906004
127.85 127.8 127.9 0.002162348698
127.95 127.9 128 0.0001915948774
128.05 128 128.1 0.002185626377
128.15 128.1 128.2 -7.40267424e-06
128.25 128.2 128.3 -0.001969959062
128.35 128.3 128.4 -0.0002444618728
128.45 128.4 128.5 0.001277800778
128.55 128.5 128.6 -0.001021019224
128.65 128.6 128.7 0.0005800854574
128.75 128.7 128.8 0.0006391946712
128.85 128.8 128.9 2.052394748e-05
128.95 128.9 129 -0.0001241681002
129.05 129 129.1 0.001833184096
129.15 129.1 129.2 0.0002707877994
129.25 129.2 129.3 -0.001559272625
129.35 129.3 129.4 0.001121571859
129.45 129.4 129.5 0.0007989622985
129.55 129.5 129.6 -0.0001335627196
129.65 129.6 129.7 -0.001149392832
129.75 129.7 129.8 0.0007811409175
129.85 129.8 129.9 -0.0007474047671
129.95 129.9 130 -0.0001093522002
130.05 130 130.1 -0.0004749459595
130.15 130.1 130.2 -0.0006014614746
130.25 130.2 130.3 0.001220322041
130.35 130.3 130.4 -0.001034740451
130.45 130.4 130.5 0.001079914234
130.55 130.5 130.6 0.001312838688
130.65 130.6 130.7 0.002036893072
130.75 130.7 130.8 0.001061488221
130.85 130.8 130.9 -0.0002448467051
130.95 130.9 131 -0.001425813333
131.05 131 131.1 0.0004591216692
131.15 131.1 131.2 0.0004575070106
131.25 131.2 131.3 -9.115455236e-05
131.35 131.3 131.4 0.0005488804648
131.45 131.4 131.5 -0.002024678609
131.55 131.5 131.6 0.0001604067024
131.65 131.6 131.7 0.000345473844
131.75 131.7 131.8 0.001634896497
131.85 131.8 131.9 -0.001479885828
131.95 131.9 132 -0.001842842679
132.05 132 132.1 0.001015873993
132.15 132.1 132.2 -0.0005650179501
132.25 132.2 132.3 -0.001589384942
132.35 132.3 132.4 -0.0006036341266
132.45 132.4 132.5 -0.0006195105879
132.55 132.5 132.6 -0.0004493285848
132.65 132.6 132.7 -3.708516687e-05
132.75 132.7 132.8 -0.0002628501776
132.85 132.8 132.9 8.244308152e-05
132.95 132.9 133 -0.0002951213271
133.05 133 133.1 -0.0008045753585
133.15 133.1 133.2 -0.0002840053989
133.25 133.2 133.3 -0.0004955536162
133.35 133.3 133.4 -0.001126988276
133.45 133.4 133.5 -0.001319309561
133.55 133.5 133.6 -0.002534824271
133.65 133.6 133.7 -0.0007528707698
133.75 133.7 133.8 0.0001276869162
133.85 133.8 133.9 -0.0008126082863
133.95 133.9 134 -0.001112626814
134.05 134 134.1 -1.901367772e-06
134.15 134.1 134.2 0.0005523972622
134.25 134.2 134.3 -0.0001392972982
134.35 134.3 134.4 -0.003221028914
134.45 134.4 134.5 -0.0002691366685
134.55 134.5 134.6 -0.0009793662008
134.65 134.6 134.7 -0.002041727915
134.75 134.7 134.8 -0.001457646728
134.85 134.8 134.9 -0.001171989661
134.95 134.9 135 -0.001770266863
135.05 135 135.1 -0.0005908467015
135.15 135.1 135.2 -0.000767827405
135.25 135.2 135.3 -0.00252392667
135.35 135.3 135.4 -0.0005785559857
135.45 135.4 135.5 -0.0004704715374
135.55 135.5 135.6 -0.000787809276
135.65 135.6 135.7 -0.00158883618
135.75 135.7 135.8 -0.0007159537748
135.85 135.8 135.9 0.0007630941772
135.95 135.9 136 -0.0004378183245
136.05 136 136.1 -0.001481493116
136.15 136.1 136.2 0.0005983062419
136.25 136.2 136.3 0.001399265191
136.35 136.3 136.4 -0.00115664169
136.45 136.4 136.5 -0.001566753169
136.55 136.5 136.6 0.0005804021147
136.65 136.6 136.7 -0.0006354144001
136.75 136.7 136.8 -0.001536001194
136.85 136.8 136.9 -0.00201672259
136.95 136.9 137 0.0001654795918
137.05 137 137.1 -0.0009577783187
137.15 137.1 137.2 -0.001857771758
137.25 137.2 137.3 -0.002329759147
137.35 137.3 137.4 -0.0005535393399
137.45 137.4 137.5 -0.001340932717
137.55 137.5 137.6 0.001348065639
137.65 137.6 137.7 0.0006308629056
137.75 137.7 137.8 -0.002476733575
137.85 137.8 137.9 -0.001616198742
137.95 137.9 138 0.0007311733206
138.05 138 138.1 -0.001357464454
138.15 138.1 138.2 0.0006885091189
138.25 138.2 138.3 0.0003485721574
138.35 138.3 138.4 -0.0007348707207
138.45 138.4 138.5 -0.002302973703
138.55 138.5 138.6 -0.0008858485084
138.65 138.6 138.7 -0.001392282151
138.75 138.7 138.8 -0.0007035236915
138.85 138.8 138.9 -0.001279808673
138.95 138.9 139 -0.001237705361
139.05 139 139.1 -0.0005150151498
139.15 139.1 139.2 0.0002332887308
139.25 139.2 139.3 -0.0003240165139
139.35 139.3 139.4 -0.0003942217389
139.45 139.4 139.5 -2.13105301e-05
139.55 139.5 139.6 9.990021736e-05
139.65 139.6 139.7 -0.001526371919
139.75 139.7 139.8 -0.0005265524609
139.85 139.8 139.9 0.000123344059
139.95 139.9 140 -0.002039231217
140.05 140 140.1 0.0008253329689
140.15 140.1 140.2 -0.001123164548
140.25 140.2 140.3 0.001198997387
140.35 140.3 140.4 -0.0002758907794
140.45 140.4 140.5 0.001749108603
140.55 140.5 140.6 -0.0005472266892
140.65 140.6 140.7 -0.001468017592
140.75 140.7 140.8 -0.0007364925333
140.85 140.8 140.9 0.000342834435
140.95 140.9 141 -0.0003516909881
141.05 141 141.1 0.001114783005
141.15 141.1 141.2 -0.0002869720874
141.25 141.2 141.3 0.0001919012134
141.35 141.3 141.4 -0.0004913567062
141.45 141.4 141.5 -0.0002203038008
141.55 141.5 141.6 -0.0001698471445
141.65 141.6 141.7 -0.001889986792
141.75 141.7 141.8 -0.001191139897
141.85 141.8 141.9 -0.0007200810663
141.95 141.9 142 -0.00195284284
142.05 142 142.1 0.001045553832
142.15 142.1 142.2 -0.001935054501
142.25 142.2 142.3 -0.0002449442678
142.35 142.3 142.4 -0.00145347216
142.45 142.4 142.5 -0.0005454015587
142.55 142.5 142.6 0.001276977787
142.65 142.6 142.7 -0.0005122550493
142.75 142.7 142.8 -0.001184643729
142.85 142.8 142.9 0.001824024765
142.95 142.9 143 0.000491709031
143.05 143 143.1 0.0006264568105
143.15 143.1 143.2 0.0003342129065
143.25 143.2 143.3 -0.0009061733089
143.35 143.3 143.4 0.0007371426262
143.45 143.4 143.5 -0.0004629206355
143.55 143.5 143.6 -0.0007528452587
143.65 143.6 143.7 -0.002301366624
143.75 143.7 143.8 -0.002372776978
143.85 143.8 143.9 0.0005268745992
143.95 143.9 144 0.0007561794511
144.05 144 144.1 0.0001616020301
144.15 144.1 144.2 -0.0001715926819
144.25 144.2 144.3 -0.001049203687
144.35 144.3 144.4 -0.002485755539
144.45 144.4 144.5 3.264178139e-05
144.55 144.5 144.6 0.0006245571255
144.65 144.6 144.7 -0.0009344326478
144.75 144.7 144.8 -0.000782292648
144.85 144.8 144.9 -0.001455210948
144.95 144.9 145 -0.001589652136
145.05 145 145.1 5.046350095e-05
145.15 145.1 145.2 -0.001163428802
145.25 145.2 145.3 -0.0002378672563
145.35 145.3 145.4 -0.00124464496
145.45 145.4 145.5 -0.001697773988
145.55 145.5 145.6 -0.0009446696471
145.65 145.6 145.7 -0.001661482237
145.75 145.7 145.8 -0.001649157911
145.85 145.8 145.9 -0.0003784219571
145.95 145.9 146 -0.001431424583
146.05 146 146.1 -0.0006871381967
146.15 146.1 146.2 -0.0009102188235
146.25 146.2 146.3 9.208484239e-05
146.35 146.3 146.4 0.0007489001258
146.45 146.4 146.5 0.0008246372524
146.55 146.5 146.6 -0.001333008197
146.65 146.6 146.7 -7.697416475e-05
146.75 146.7 146.8 -0.001481679099
146.85 146.8 146.9 -0.001410553139
146.95 146.9 147 -0.0007061817997
147.05 147 147.1 0.0003368443391
147.15 147.1 147.2 -0.0008488963473
147.25 147.2 147.3 -0.001417656145
147.35 147.3 147.4 -0.0005589704086
147.45 147.4 147.5 -0.001273646682
147.55 147.5 147.6 -0.0004904149663
147.65 147.6 147.7 -0.0001047613286
147.75 147.7 147.8 0.0006047736113
147.85 147.8 147.9 -0.0006541209402
147.95 147.9 148 -0.000831870743
148.05 148 148.1 -0.001757306533
148.15 148.1 148.2 4.711722354e-05
148.25 148.2 148.3 -0.000993245724
148.35 148.3 148.4 0.0001173729696
148.45 148.4 148.5 -0.0001138915576
148.55 148.5 148.6 -0.002222700392
148.65 148.6 148.7 -0.001088051532
148.75 148.7 148.8 -0.000689087078
148.85 148.8 148.9 -0.0009483093016
148.95 148.9 149 -0.0007202925855
149.05 149 149.1 0.0001789731557
149.15 149.1 149.2 -0.0008305181962
149.25 149.2 149.3 -0.0002139149403
149.35 149.3 149.4 0.0002789423234
149.45 149.4 149.5 -0.0003880664268
149.55 149.5 149.6 -0.0006245007301
149.65 149.6 149.7 -0.002241846915
149.75 149.7 149.8 -9.178931845e-05
149.85 149.8 149.9 -0.002821226691
149.95 149.9 150 -0.001066022935
150.05 150 150.1 -0.001614384711
150.15 150.1 150.2 -0.001909952224
150.25 150.2 150.3 -0.001748624281
150.35 150.3 150.4 -0.001277989455
150.45 150.4 150.5 0.0009867038287
150.55 150.5 150.6 -0.0006487348013
150.65 150.6 150.7 -0.00105912166
150.75 150.7 150.8 0.0001865361408
150.85 150.8 150.9 -0.002289496091
150.95 150.9 151 -0.001153003364
151.05 151 151.1 -0.002368902041
151.15 151.1 151.2 -0.0006957694263
151.25 151.2 151.3 -0.001420928009
151.35 151.3 151.4 0.0004542547091
151.45 151.4 151.5 -7.757609339e-05
151.55 151.5 151.6 -0.001417341775
151.65 151.6 151.7 -0.001434432342
151.75 151.7 151.8 -0.0003461017472
151.85 151.8 151.9 -0.001112020273
151.95 151.9 152 0.0003937453337
152.05 152 152.1 -0.002530036071
152.15 152.1 152.2 -0.001429557016
152.25 152.2 152.3 0.0003909257965
152.35 152.3 152.4 5.685303137e-05
152.45 152.4 152.5 4.302950234e-05
152.55 152.5 152.6 -0.001656754331
152.65 152.6 152.7 0.0004001051304
152.75 152.7 152.8 -0.001602873686
152.85 152.8 152.9 0.0003441423948
152.95 152.9 153 -0.001462030492
153.05 153 153.1 -0.0007945383292
153.15 153.1 153.2 -0.001546722012
153.25 153.2 153.3 0.0006691427485
153.35 153.3 153.4 -0.0007925355563
153.45 153.4 153.5 -0.001527054652
153.55 153.5 153.6 0.0004466390275
153.65 153.6 153.7 -0.0007176322168
153.75 153.7 153.8 0.0004869218941
153.85 153.8 153.9 0.001581334079
153.95 153.9 154 -0.0003233010668
154.05 154 154.1 0.001037220622
154.15 154.1 154.2 0.0003449599434
154.25 154.2 154.3 -0.0009095609952
154.35 154.3 154.4 -0.0006841421881
154.45 154.4 154.5 0.0003103640039
154.55 154.5 154.6 6.700229963e-05
154.65 154.6 154.7 0.0009189274221
154.75 154.7 154.8 0.0019401921
154.85 154.8 154.9 -0.0007523886595
154.95 154.9 155 -7.998573859e-05
155.05 155 155.1 -0.0008170446073
155.15 155.1 155.2 3.517131288e-06
155.25 155.2 155.3 -0.0008457340974
155.35 155.3 155.4 -0.001730957343
155.45 155.4 155.5 1.73477537e-05
155.55 155.5 155.6 -0.0004863242104
155.65 155.6 155.7 0.0006839492138
155.75 155.7 155.8 -0.0004285451995
155.85 155.8 155.9 0.0004723979219
155.95 155.9 156 -4.630954468e-05
156.05 156 156.1 -0.0003835456517
156.15 156.1 156.2 -0.0006668645954
156.25 156.2 156.3 0.0002000577246
156.35 156.3 156.4 -0.000620315124
156.45 156.4 156.5 -0.001153871945
156.55 156.5 156.6 -0.0001578194864
156.65 156.6 156.7 -0.0002203124177
156.75 156.7 156.8 -0.0005847926318
156.85 156.8 156.9 -0.0007328391921
156.95 156.9 157 0.00153056445
157.05 157 157.1 -0.000705585775
157.15 157.1 157.2 -0.0007295514515
157.25 157.2 157.3 -0.001461055013
157.35 157.3 157.4 -0.0008728885104
157.45 157.4 157.5 -0.000635177155
157.55 157.5 157.6 -0.001016887869
157.65 157.6 157.7 -0.0003020220335
157.75 157.7 157.8 -9.624959155e-05
157.85 157.8 157.9 -0.0001841868572
157.95 157.9 158 -0.001820995717
158.05 158 158.1 8.573414427e-05
158.15 158.1 158.2 0.001329859893
158.25 158.2 158.3 -0.000715918706
158.35 158.3 158.4 -0.0009431476825
158.45 158.4 158.5 -0.001434097687
158.55 158.5 158.6 -0.0007236779786
158.65 158.6 158.7 0.000221767212
158.75 158.7 158.8 -0.0005533889486
158.85 158.8 158.9 0.0004393170025
158.95 158.9 159 0.001193371719
159.05 159 159.1 0.001196445774
159.15 159.1 159.2 -0.0008948682839
159.25 159.2 159.3 0.0002870080181
159.35 159.3 159.4 0.001112315132
159.45 159.4 159.5 -0.0004213698457
159.55 159.5 159.6 -0.0009356570839
159.65 159.6 159.7 0.001164951488
159.75 159.7 159.8 0.001452514201
159.85 159.8 159.9 -0.0003786428009
159.95 159.9 160 0.0008388000156
160.05 160 160.1 -0.0009987835962
160.15 160.1 160.2 -0.001267053249
160.25 160.2 160.3 0.0005305374721
160.35 160.3 160.4 -0.001456011114
160.45 160.4 160.5 -0.0017997339
160.55 160.5 160.6 0.0007879713229
160.65 160.6 160.7 -0.001126180574
160.75 160.7 160.8 0.000978649693
160.85 160.8 160.9 -3.411454301e-05
160.95 160.9 161 -1.909217813e-05
161.05 161 161.1 0.0005182160263
161.15 161.1 161.2 0.00040317634
161.25 161.2 161.3 0.0009585581985
161.35 161.3 161.4 -0.001106306201
161.45 161.4 161.5 2.662386617e-05
161.55 161.5 161.6 0.001201522283
161.65 161.6 161.7 -0.002029907294
161.75 161.7 161.8 0.0001572495592
161.85 161.8 161.9 0.0004459854177
161.95 161.9 162 0.0004172005637
162.05 162 162.1 0.0008312190874
162.15 162.1 162.2 -0.0009484514758
162.25 162.2 162.3 -0.0009175078792
162.35 162.3 162.4 0.0001444316921
162.45 162.4 162.5 -0.0001730703419
162.55 162.5 162.6 -0.000882464443
162.65 162.6 162.7 -0.001459826815
162.75 162.7 162.8 0.0004886878655
162.85 162.8 162.9 1.767507743e-06
162.95 162.9 163 -0.0006824409975
163.05 163 163.1 -0.000379494849
163.15 163.1 163.2 -0.0003222548169
163.25 163.2 163.3 7.359280345e-06
163.35 163.3 163.4 -0.001386867888
163.45 163.4 163.5 -0.00131944957
163.55 163.5 163.6 -0.0008177993994
163.65 163.6 163.7 0.0003543012965
163.75 163.7 163.8 -0.001038627016
163.85 163.8 163.9 -0.001303434224
163.95 163.9 164 0.001099712173
164.05 164 164.1 0.001296168999
164.15 164.1 164.2 -0.0009453002327
164.25 164.2 164.3 -0.0004348288052
164.35 164.3 164.4 0.0008993090295
164.45 164.4 164.5 -0.001667153036
164.55 164.5 164.6 0.0007294355607
164.65 164.6 164.7 0.0006567464593
164.75 164.7 164.8 0.001032839521
164.85 164.8 164.9 -0.0006566422754
164.95 164.9 165 0.0001336725395
165.05 165 165.1 -0.0002485344077
165.15 165.1 165.2 4.50309361e-05
165.25 165.2 165.3 -0.000135351437
165.35 165.3 165.4 -0.00141083709
165.45 165.4 165.5 8.710783447e-05
165.55 165.5 165.6 0.001076503384
165.65 165.6 165.7 -0.001042198943
165.75 165.7 165.8 0.0009143583918
165.85 165.8 165.9 0.0005116251765
165.95 165.9 166 -0.001185577172
166.05 166 166.1 -0.0005650589296
166.15 166.1 166.2 0.0002592204477
166.25 166.2 166.3 -0.001747019826
166.35 166.3 166.4 0.001296030745
166.45 166.4 166.5 -0.001450564777
166.55 166.5 166.6 0.001661946444
166.65 166.6 166.7 -0.001003940549
166.75 166.7 166.8 5.011105583e-05
166.85 166.8 166.9 -0.001022027536
166.95 166.9 167 0.0003413936951
167.05 167 167.1 -0.0009262057589
167.15 167.1 167.2 -0.0005864403077
167.25 167.2 167.3 0.0007385167807
167.35 167.3 167.4 -4.247817942e-05
167.45 167.4 167.5 0.001165323328
167.55 167.5 167.6 -0.001047858488
167.65 167.6 167.7 -0.0001360659746
167.75 167.7 167.8 -0.0005913507565
167.85 167.8 167.9 -0.002186984666
167.95 167.9 168 -0.0009847034665
168.05 168 168.1 -0.0004450380256
168.15 168.1 168.2 -8.482463697e-05
168.25 168.2 168.3 -0.001664996508
168.35 168.3 168.4 -0.0008241823144
168.45 168.4 168.5 0.0009746879553
168.55 168.5 168.6 -0.0004577724392
168.65 168.6 168.7 -0.00103788649
168.75 168.7 168.8 0.0002476575413
168.85 168.8 168.9 -0.0009056998388
168.95 168.9 169 -0.001012912023
169.05 169 169.1 -0.0003118247193
169.15 169.1 169.2 -0.0007513586281
169.25 169.2 169.3 -0.000239432027
169.35 169.3 169.4 -0.0004419099047
169.45 169.4 169.5 1.383601904e-05
169.55 169.5 169.6 -0.0004280460175
169.65 169.6 169.7 -0.0006324783455
169.75 169.7 169.8 -0.0009385631503
169.85 169.8 169.9 -0.001994232211
169.95 169.9 170 0.001952067396
170.05 170 170.1 -0.0008886068003
170.15 170.1 170.2 -0.0004951052403
170.25 170.2 170.3 0.0003551311084
170.35 170.3 170.4 -0.0007140968666
170.45 170.4 170.5 -0.001074747229
170.55 170.5 170.6 -0.001173519503
170.65 170.6 170.7 0.000994217918
170.75 170.7 170.8 -0.0009482748091
170.85 170.8 170.9 0.0007556898414
170.95 170.9 171 -0.0002809692833
171.05 171 171.1 -0.002332800109
171.15 171.1 171.2 -0.0001836624585
171.25 171.2 171.3 -0.001760815234
171.35 171.3 171.4 -0.0003630967499
171.45 171.4 171.5 -0.001320069847
171.55 171.5 171.6 -5.481380467e-05
171.65 171.6 171.7 -0.001773006182
171.75 171.7 171.8 -0.0006759391528
171.85 171.8 171.9 -0.001713880006
171.95 171.9 172 0.0002001312532
172.05 172 172.1 -0.000367159597
172.15 172.1 172.2 -0.001344956824
172.25 172.2 172.3 -0.001695775065
172.35 172.3 172.4 -0.0001784657397
172.45 172.4 172.5 -0.0008104913155
172.55 172.5 172.6 -0.0012850279
172.65 172.6 172.7 -0.0006167210174
172.75 172.7 172.8 0.0002505446768
172.85 172.8 172.9 -0.0003549270357
172.95 172.9 173 0.0007018661252
173.05 173 173.1 -0.000844014304
173.15 173.1 173.2 -5.271072142e-05
173.25 173.2 173.3 -0.001105484342
173.35 173.3 173.4 -0.0004237854209
173.45 173.4 173.5 0.000296571084
173.55 173.5 173.6 7.940607989e-05
173.65 173.6 173.7 -0.001921318056
173.75 173.7 173.8 -0.002064744145
173.85 173.8 173.9 -0.001276673696
173.95 173.9 174 -0.00186085815
174.05 174 174.1 -0.0001906547571
174.15 174.1 174.2 -0.001736413008
174.25 174.2 174.3 -0.001262792015
174.35 174.3 174.4 -0.001486323605
174.45 174.4 174.5 -0.001625102187
174.55 174.5 174.6 9.149774609e-05
174.65 174.6 174.7 -0.001291814039
174.75 174.7 174.8 -0.00231192721
174.85 174.8 174.9 -0.002468772882
174.95 174.9 175 -0.0008492284245
175.05 175 175.1 -0.001203871421
175.15 175.1 175.2 -0.002400914113
175.25 175.2 175.3 -0.000916280371
175.35 175.3 175.4 -7.239544189e-05
175.45 175.4 175.5 -0.001900241929
175.55 175.5 175.6 -0.002919583406
175.65 175.6 175.7 -0.001911237158
175.75 175.7 175.8 -0.001572596921
175.85 175.8 175.9 -0.002396808283
175.95 175.9 176 -0.0004571406964
176.05 176 176.1 -0.00133463484
176.15 176.1 176.2 -0.000846998343
176.25 176.2 176.3 -0.002877809862
176.35 176.3 176.4 -0.0005933495692
176.45 176.4 176.5 -0.002910841215
176.55 176.5 176.6 -0.001393503544
176.65 176.6 176.7 -0.001733106288
176.75 176.7 176.8 -0.0009347421959
176.85 176.8 176.9 -0.0004790970848
176.95 176.9 177 -0.0008948197187
177.05 177 177.1 -0.0008146847447
177.15 177.1 177.2 -0.0006002818967
177.25 177.2 177.3 -0.002247375685
177.35 177.3 177.4 -0.0008190186403
177.45 177.4 177.5 -0.0006150430126
177.55 177.5 177.6 -0.000216159107
177.65 177.6 177.7 -0.002701297913
177.75 177.7 177.8 -0.0009313921329
177.85 177.8 177.9 -0.001498312417
177.95 177.9 178 -0.001352769904
178.05 178 178.1 -0.002190914412
178.15 178.1 178.2 -0.0006102965532
178.25 178.2 178.3 -0.0008491440226
178.35 178.3 178.4 -0.001047735436
178.45 178.4 178.5 -0.0005086819629
178.55 178.5 178.6 -0.001464113426
178.65 178.6 178.7 -0.002269008154
178.75 178.7 178.8 -0.002041776604
178.85 178.8 178.9 -0.0008748731806
178.95 178.9 179 -0.001308619998
179.05 179 179.1 -0.001257300561
179.15 179.1 179.2 -0.002180067751
179.25 179.2 179.3 -0.00170268718
179.35 179.3 179.4 -0.0008838556512
179.45 179.4 179.5 0.0005137209251
179.55 179.5 179.6 -0.001292453451
179.65 179.6 179.7 -0.001524583218
179.75 179.7 179.8 -2.374440569e-05
179.85 179.8 179.9 -0.001021100849
179.95 179.9 180 -0.00255495393
180.05 180 180.1 -0.001654911004
180.15 180.1 180.2 -0.001271283106
180.25 180.2 180.3 -0.002357329586
180.35 180.3 180.4 -0.0006605188462
180.45 180.4 180.5 -0.0003868003835
180.55 180.5 180.6 5.240855704e-05
180.65 180.6 180.7 -0.001111519561
180.75 180.7 180.8 -0.001171606392
180.85 180.8 180.9 -0.001454217953
180.95 180.9 181 -0.0004814611895
181.05 181 181.1 -0.001777456034
181.15 181.1 181.2 -0.0009366119477
181.25 181.2 181.3 -0.0002740981464
181.35 181.3 181.4 -0.0007255262859
181.45 181.4 181.5 -0.001319341621
181.55 181.5 181.6 -0.0009910190691
181.65 181.6 181.7 4.456144546e-05
181.75 181.7 181.8 -0.002204898185
181.85 181.8 181.9 -0.00176867558
181.95 181.9 182 -3.712991484e-06
182.05 182 182.1 -0.001703753348
182.15 182.1 182.2 -0.001157681422
182.25 182.2 182.3 -0.0005497278581
182.35 182.3 182.4 -0.00210240951
182.45 182.4 182.5 -0.0004973014851
182.55 182.5 182.6 -7.657350812e-06
182.65 182.6 182.7 -0.0005884879946
182.75 182.7 182.8 -0.0009692661333
182.85 182.8 182.9 0.0005111574345
182.95 182.9 183 -0.001842137455
183.05 183 183.1 0.0001758484872
183.15 183.1 183.2 -0.001516036053
183.25 183.2 183.3 -0.001218409985
183.35 183.3 183.4 -0.001957208742
183.45 183.4 183.5 -0.003331526159
183.55 183.5 183.6 0.0003214336662
183.65 183.6 183.7 -0.002123204982
183.75 183.7 183.8 -0.0006385860357
183.85 183.8 183.9 -0.0009888998352
183.95 183.9 184 0.0002908483719
184.05 184 184.1 -0.0006042327514
184.15 184.1 184.2 -0.001979947046
184.25 184.2 184.3 -0.0002415579773
184.35 184.3 184.4 -0.001468858158
184.45 184.4 184.5 -0.0009816240825
184.55 184.5 184.6 -0.0007477205482
184.65 184.6 184.7 -0.0008250992033
184.75 184.7 184.8 -0.002544975509
184.85 184.8 184.9 -0.002498165536
184.95 184.9 185 -0.001469596922
185.05 185 185.1 -7.998447729e-07
185.15 185.1 185.2 -0.001406056236
185.25 185.2 185.3 -0.002721320181
185.35 185.3 185.4 -0.00145056741
185.45 185.4 185.5 -0.002307350487
185.55 185.5 185.6 -0.00198431291
185.65 185.6 185.7 -0.001435413738
185.75 185.7 185.8 -0.000547102896
185.85 185.8 185.9 -0.001241972133
185.95 185.9 186 -0.001025185826
186.05 186 186.1 -0.001905115199
186.15 186.1 186.2 -0.001745635055
186.25 186.2 186.3 -0.001714415775
186.35 186.3 186.4 -0.001496676161
186.45 186.4 186.5 -0.0008064759522
186.55 186.5 186.6 -0.0007750495906
186.65 186.6 186.7 0.0009203372484
186.75 186.7 186.8 -0.001632486612
186.85 186.8 186.9 -0.001172673143
186.95 186.9 187 -0.0009485770266
187.05 187 187.1 -0.00105221367
187.15 187.1 187.2 -0.001201238054
187.25 187.2 187.3 -0.002191781357
187.35 187.3 187.4 0.001055313666
187.45 187.4 187.5 -0.001328159328
187.55 187.5 187.6 -0.0009566605133
187.65 187.6 187.7 -0.002191763176
187.75 187.7 187.8 -0.00102799251
187.85 187.8 187.9 -6.062783802e-05
187.95 187.9 188 -0.002269428947
188.05 188 188.1 -0.001132251611
188.15 188.1 188.2 -0.001059417337
188.25 188.2 188.3 -0.0004821125044
188.35 188.3 188.4 -0.0007538138514
188.45 188.4 188.5 -0.001979140792
188.55 188.5 188.6 -0.0009100140234
188.65 188.6 188.7 -0.00024511772
188.75 188.7 188.8 -8.322457213e-05
188.85 188.8 188.9 0.0001855463685
188.95 188.9 189 0.0008160130253
189.05 189 189.1 -0.002214840297
189.15 189.1 189.2 -0.0004487628056
189.25 189.2 189.3 -0.001728848994
189.35 189.3 189.4 0.001315230401
189.45 189.4 189.5 -0.001620757511
189.55 189.5 189.6 -0.001583527915
189.65 189.6 189.7 -2.572301424e-05
189.75 189.7 189.8 -0.001791310221
189.85 189.8 189.9 -0.001763196646
189.95 189.9 190 -0.001257950506
190.05 190 190.1 -0.0008505094914
190.15 190.1 190.2 -0.0006725984928
190.25 190.2 190.3 -0.0003152985134
190.35 190.3 190.4 -0.00105949978
190.45 190.4 190.5 -0.002371887184
190.55 190.5 190.6 -0.001468479171
190.65 190.6 190.7 -0.001449639283
190.75 190.7 190.8 -0.001786719334
190.85 190.8 190.9 -0.0001337561008
190.95 190.9 191 -0.001236774303
191.05 191 191.1 -0.001439986801
191.15 191.1 191.2 -0.001180803804
191.25 191.2 191.3 -0.001158446031
191.35 191.3 191.4 -0.001464274877
191.45 191.4 191.5 -0.0009037733341
191.55 191.5 191.6 -0.001759085542
191.65 191.6 191.7 -0.00172340684
191.75 191.7 191.8 -0.0003976670356
191.85 191.8 191.9 -0.002064845746
191.95 191.9 192 -0.0006495588269
192.05 192 192.1 4.728677357e-05
192.15 192.1 192.2 -0.001071843242
192.25 192.2 192.3 -0.001623913245
192.35 192.3 192.4 1.438128742e-05
192.45 192.4 192.5 -7.767180865e-05
192.55 192.5 192.6 -0.002006083523
192.65 192.6 192.7 -0.001226118375
192.75 192.7 192.8 -0.001868163478
192.85 192.8 192.9 -0.0007531957702
192.95 192.9 193 -0.001136592709
193.05 193 193.1 0.0004119214686
193.15 193.1 193.2 0.001122559231
193.25 193.2 193.3 -0.0002173308
193.35 193.3 193.4 -0.0003044822086
193.45 193.4 193.5 -0.0009387046656
193.55 193.5 193.6 -0.0007729716592
193.65 193.6 193.7 -0.0004299706765
193.75 193.7 193.8 -0.0009565282579
193.85 193.8 193.9 -0.0005181303835
193.95 193.9 194 -0.001293638545
194.05 194 194.1 -0.002168439692
194.15 194.1 194.2 0.0001376977669
194.25 194.2 194.3 -1.114802656e-05
194.35 194.3 194.4 -0.0006712937533
194.45 194.4 194.5 -0.001288232968
194.55 194.5 194.6 -0.001278619327
194.65 194.6 194.7 -0.001314215441
194.75 194.7 194.8 -0.0007395732709
194.85 194.8 194.9 -0.0001737594037
194.95 194.9 195 -0.0009851148538
195.05 195 195.1 -0.001038218976
195.15 195.1 195.2 -0.001671026896
195.25 195.2 195.3 -0.0005027828938
195.35 195.3 195.4 -0.001026831237
195.45 195.4 195.5 -0.0001645071439
195.55 195.5 195.6 -0.000926959732
195.65 195.6 195.7 -0.0001152955361
195.75 195.7 195.8 -0.001107417423
195.85 195.8 195.9 -0.001152278489
195.95 195.9 196 3.112976163e-05
196.05 196 196.1 -0.0003663207391
196.15 196.1 196.2 -0.00119999961
196.25 196.2 196.3 -0.001134638005
196.35 196.3 196.4 -0.0003339942982
196.45 196.4 196.5 -0.0002942492592
196.55 196.5 196.6 -0.001603157704
196.65 196.6 196.7 -0.001556057733
196.75 196.7 196.8 -0.001752453233
196.85 196.8 196.9 2.578415539e-06
196.95 196.9 197 -0.002219027859
197.05 197 197.1 -0.001051065076
197.15 197.1 197.2 -0.000367986542
197.25 197.2 197.3 0.001145827663
197.35 197.3 197.4 -0.001517588632
197.45 197.4 197.5 8.367143109e-05
197.55 197.5 197.6 -0.001338075132
197.65 197.6 197.7 0.0002700313069
197.75 197.7 197.8 -0.0008866839804
197.85 197.8 197.9 -0.0006888797757
197.95 197.9 198 -0.0003564610203
198.05 198 198.1 -0.0003001837345
198.15 198.1 198.2 -0.001762749143
198.25 198.2 198.3 -0.0001943940607
198.35 198.3 198.4 -0.001314248418
198.45 198.4 198.5 -0.0010176042
198.55 198.5 198.6 -0.0005848303327
198.65 198.6 198.7 -0.001353611705
198.75 198.7 198.8 -0.002384077456
198.85 198.8 198.9 -0.001802288374
198.95 198.9 199 -0.0008681000333
199.05 199 199.1 -9.748487532e-05
199.15 199.1 199.2 -0.001757127018
199.25 199.2 199.3 -0.001023330101
199.35 199.3 199.4 -0.001525434204
199.45 199.4 199.5 0.0002048290922
199.55 199.5 199.6 -0.001480816997
199.65 199.6 199.7 -0.002481610375
199.75 199.7 199.8 -0.0003501008151
199.85 199.8 199.9 -0.0005309297017
199.95 199.9 200 -0.0006026265227
