# Columns: s_cen(1) s_min(2) s_max(3) xi_iso(4)
0.05 0 0.1 16.67435998
0.15 0.1 0.2 12.18114148
0.25 0.2 0.3 15.13317691
0.35 0.3 0.4 18.07038625
0.45 0.4 0.5 20.22319015
0.55 0.5 0.6 23.68441624
0.65 0.6 0.7 20.94899714
0.75 0.7 0.8 21.37049021
0.85 0.8 0.9 22.00936917
0.95 0.9 1 20.58887411
1.05 1 1.1 19.92367492
1.15 1.1 1.2 19.00924115
1.25 1.2 1.3 18.71670502
1.35 1.3 1.4 17.32979958
1.45 1.4 1.5 16.13018747
1.55 1.5 1.6 16.52576067
1.65 1.6 1.7 14.81457692
1.75 1.7 1.8 13.97362677
1.85 1.8 1.9 13.09600601
1.95 1.9 2 12.28181095
2.05 2 2.1 11.53063575
2.15 2.1 2.2 11.12126427
2.25 2.2 2.3 10.25625305
2.35 2.3 2.4 9.622122839
2.45 2.4 2.5 9.164847549
2.55 2.5 2.6 8.901500704
2.65 2.6 2.7 7.880196816
2.75 2.7 2.8 7.788744483
2.85 2.8 2.9 7.541411114
2.95 2.9 3 6.752338369
3.05 3 3.1 6.61736699
3.15 3.1 3.2 6.254260135
3.25 3.2 3.3 6.014002412
3.35 3.3 3.4 5.76090463
3.45 3.4 3.5 5.365531811
3.55 3.5 3.6 5.34813931
3.65 3.6 3.7 5.281914952
3.75 3.7 3.8 4.924491204
3.85 3.8 3.9 4.719602257
3.95 3.9 4 4.561006065
4.05 4 4.1 4.469420787
4.15 4.1 4.2 4.418506287
4.25 4.2 4.3 4.19020567
4.35 4.3 4.4 4.0037253
4.45 4.4 4.5 3.904506912
4.55 4.5 4.6 3.717180855
4.65 4.6 4.7 3.723576157
4.75 4.7 4.8 3.541744686
4.85 4.8 4.9 3.480657221
4.95 4.9 5 3.290430671
5.05 5 5.1 3.255124716
5.15 5.1 5.2 3.230679705
5.25 5.2 5.3 3.078507361
5.35 5.3 5.4 2.991227796
5.45 5.4 5.5 2.93143715
5.55 5.5 5.6 2.781716881
5.65 5.6 5.7 2.795062056
5.75 5.7 5.8 2.671431322
5.85 5.8 5.9 2.586775435
5.95 5.9 6 2.561814502
6.05 6 6.1 2.533840128
6.15 6.1 6.2 2.453678233
6.25 6.2 6.3 2.413423862
6.35 6.3 6.4 2.344950821
6.45 6.4 6.5 2.309146133
6.55 6.5 6.6 2.268204072
6.65 6.6 6.7 2.155624299
6.75 6.7 6.8 2.097325226
6.85 6.8 6.9 2.057533955
6.95 6.9 7 2.056090024
7.05 7 7.1 1.982786408
7.15 7.1 7.2 1.935814321
7.25 7.2 7.3 1.871515823
7.35 7.3 7.4 1.838737899
7.45 7.4 7.5 1.781273593
7.55 7.5 7.6 1.755724141
7.65 7.6 7.7 1.70700509
7.75 7.7 7.8 1.656698979
7.85 7.8 7.9 1.62714394
7.95 7.9 8 1.588404811
8.05 8 8.1 1.614917801
8.15 8.1 8.2 1.538801538
8.25 8.2 8.3 1.535896715
8.35 8.3 8.4 1.4859916
8.45 8.4 8.5 1.461136164
8.55 8.5 8.6 1.43495846
8.65 8.6 8.7 1.360871361
8.75 8.7 8.8 1.368053404
8.85 8.8 8.9 1.335509354
8.95 8.9 9 1.384145591
9.05 9 9.1 1.238156771
9.15 9.1 9.2 1.260349238
9.25 9.2 9.3 1.292375296
9.35 9.3 9.4 1.228335774
9.45 9.4 9.5 1.19927598
9.55 9.5 9.6 1.163169808
9.65 9.6 9.7 1.154915173
9.75 9.7 9.8 1.107903373
9.85 9.8 9.9 1.108356849
9.95 9.9 10 1.079844034
10.05 10 10.1 1.083425631
10.15 10.1 10.2 1.048464271
10.25 10.2 10.3 1.008978289
10.35 10.3 10.4 1.035433747
10.45 10.4 10.5 1.002826947
10.55 10.5 10.6 0.9638638312
10.65 10.6 10.7 0.9808954626
10.75 10.7 10.8 0.9138818823
10.85 10.8 10.9 0.9171726803
10.95 10.9 11 0.9094353479
11.05 11 11.1 0.919396497
11.15 11.1 11.2 0.9141985518
11.25 11.2 11.3 0.8812758791
11.35 11.3 11.4 0.8669434468
11.45 11.4 11.5 0.8284225791
11.55 11.5 11.6 0.8227874608
11.65 11.6 11.7 0.8275645455
11.75 11.7 11.8 0.8036841992
11.85 11.8 11.9 0.8014464844
11.95 11.9 12 0.7882740878
12.05 12 12.1 0.7563940719
12.15 12.1 12.2 0.7637256246
12.25 12.2 12.3 0.7495169219
12.35 12.3 12.4 0.7169092214
12.45 12.4 12.5 0.7164950033
12.55 12.5 12.6 0.7129512034
12.65 12.6 12.7 0.6887368613
12.75 12.7 12.8 0.6722640817
12.85 12.8 12.9 0.6809899284
12.95 12.9 13 0.6835284474
13.05 13 13.1 0.6726184777
13.15 13.1 13.2 0.640433804
13.25 13.2 13.3 0.6433375215
13.35 13.3 13.4 0.6498900057
13.45 13.4 13.5 0.6251278625
13.55 13.5 13.6 0.6174197882
13.65 13.6 13.7 0.599676678
13.75 13.7 13.8 0.6208149885
13.85 13.8 13.9 0.6091163887
13.95 13.9 14 0.5939873444
14.05 14 14.1 0.5747087444
14.15 14.1 14.2 0.5531018306
14.25 14.2 14.3 0.5678394043
14.35 14.3 14.4 0.5511219683
14.45 14.4 14.5 0.5422059374
14.55 14.5 14.6 0.5288813789
14.65 14.6 14.7 0.5534552801
14.75 14.7 14.8 0.5199071889
14.85 14.8 14.9 0.5218583917
14.95 14.9 15 0.508036113
15.05 15 15.1 0.50602591
15.15 15.1 15.2 0.5065905813
15.25 15.2 15.3 0.4921824329
15.35 15.3 15.4 0.4941913
15.45 15.4 15.5 0.4745870427
15.55 15.5 15.6 0.48224557
15.65 15.6 15.7 0.4728819589
15.75 15.7 15.8 0.4680949087
15.85 15.8 15.9 0.4533659156
15.95 15.9 16 0.4370708129
16.05 16 16.1 0.44084065
16.15 16.1 16.2 0.4423153035
16.25 16.2 16.3 0.4423451001
16.35 16.3 16.4 0.4412737842
16.45 16.4 16.5 0.4150759982
16.55 16.5 16.6 0.4199381548
16.65 16.6 16.7 0.4059025442
16.75 16.7 16.8 0.4065747137
16.85 16.8 16.9 0.409763335
16.95 16.9 17 0.3989360492
17.05 17 17.1 0.3972113119
17.15 17.1 17.2 0.4002266882
17.25 17.2 17.3 0.3748964708
17.35 17.3 17.4 0.3898283327
17.45 17.4 17.5 0.3534168418
17.55 17.5 17.6 0.3676990252
17.65 17.6 17.7 0.3764792455
17.75 17.7 17.8 0.3564605732
17.85 17.8 17.9 0.3673696451
17.95 17.9 18 0.3479980633
18.05 18 18.1 0.3529491314
18.15 18.1 18.2 0.3636415229
18.25 18.2 18.3 0.3538518744
18.35 18.3 18.4 0.3501864148
18.45 18.4 18.5 0.3289823453
18.55 18.5 18.6 0.3351188684
18.65 18.6 18.7 0.3307502986
18.75 18.7 18.8 0.3140572541
18.85 18.8 18.9 0.3218089634
18.95 18.9 19 0.2991143797
19.05 19 19.1 0.308917811
19.15 19.1 19.2 0.3053856325
19.25 19.2 19.3 0.3082870114
19.35 19.3 19.4 0.3077150102
19.45 19.4 19.5 0.3020422204
19.55 19.5 19.6 0.299970431
19.65 19.6 19.7 0.2925161392
19.75 19.7 19.8 0.2829356319
19.85 19.8 19.9 0.2842959051
19.95 19.9 20 0.2940241108
20.05 20 20.1 0.2904629932
20.15 20.1 20.2 0.2895649879
20.25 20.2 20.3 0.2766504167
20.35 20.3 20.4 0.2789294407
20.45 20.4 20.5 0.2783923652
20.55 20.5 20.6 0.2701241313
20.65 20.6 20.7 0.2588681443
20.75 20.7 20.8 0.2673798162
20.85 20.8 20.9 0.2721442896
20.95 20.9 21 0.26479272
21.05 21 21.1 0.2516876636
21.15 21.1 21.2 0.2570386736
21.25 21.2 21.3 0.2500644579
21.35 21.3 21.4 0.2524416389
21.45 21.4 21.5 0.2472856191
21.55 21.5 21.6 0.2546722768
21.65 21.6 21.7 0.2428312352
21.75 21.7 21.8 0.2317114228
21.85 21.8 21.9 0.24004498
21.95 21.9 22 0.2237671135
22.05 22 22.1 0.2263209331
22.15 22.1 22.2 0.2324714891
22.25 22.2 22.3 0.2308924066
22.35 22.3 22.4 0.2248856431
22.45 22.4 22.5 0.2177491126
22.55 22.5 22.6 0.2270535963
22.65 22.6 22.7 0.2211355912
22.75 22.7 22.8 0.2241077815
22.85 22.8 22.9 0.2112971954
22.95 22.9 23 0.2072805987
23.05 23 23.1 0.219545374
23.15 23.1 23.2 0.2151235876
23.25 23.2 23.3 0.2039031309
23.35 23.3 23.4 0.206203105
23.45 23.4 23.5 0.2103481227
23.55 23.5 23.6 0.1955200582
23.65 23.6 23.7 0.1951502698
23.75 23.7 23.8 0.1928108688
23.85 23.8 23.9 0.1955853277
23.95 23.9 24 0.1933324426
24.05 24 24.1 0.1979186036
24.15 24.1 24.2 0.1869853137
24.25 24.2 24.3 0.1858425878
24.35 24.3 24.4 0.1721160049
24.45 24.4 24.5 0.1920375794
24.55 24.5 24.6 0.1844327446
24.65 24.6 24.7 0.1865549845
24.75 24.7 24.8 0.1847262039
24.85 24.8 24.9 0.186971455
24.95 24.9 25 0.1728386735
25.05 25 25.1 0.1723369432
25.15 25.1 25.2 0.1787657436
25.25 25.2 25.3 0.17228282
25.35 25.3 25.4 0.1707996457
25.45 25.4 25.5 0.1591273462
25.55 25.5 25.6 0.1514456327
25.65 25.6 25.7 0.1638870266
25.75 25.7 25.8 0.1576983392
25.85 25.8 25.9 0.1558722409
25.95 25.9 26 0.1526162033
26.05 26 26.1 0.160580691
26.15 26.1 26.2 0.163183006
26.25 26.2 26.3 0.1514306678
26.35 26.3 26.4 0.1551472828
26.45 26.4 26.5 0.1460847126
26.55 26.5 26.6 0.1479270134
26.65 26.6 26.7 0.1536079403
26.75 26.7 26.8 0.1541583873
26.85 26.8 26.9 0.148886205
26.95 26.9 27 0.1424605455
27.05 27 27.1 0.1414803572
27.15 27.1 27.2 0.1444854553
27.25 27.2 27.3 0.141585278
27.35 27.3 27.4 0.1334404288
27.45 27.4 27.5 0.1471245629
27.55 27.5 27.6 0.1317014069
27.65 27.6 27.7 0.1375750791
27.75 27.7 27.8 0.1322731902
27.85 27.8 27.9 0.1363981946
27.95 27.9 28 0.1378709001
28.05 28 28.1 0.1360240379
28.15 28.1 28.2 0.1327985261
28.25 28.2 28.3 0.1268472148
28.35 28.3 28.4 0.132832903
28.45 28.4 28.5 0.1378071206
28.55 28.5 28.6 0.1280426091
28.65 28.6 28.7 0.1259115227
28.75 28.7 28.8 0.1180070574
28.85 28.8 28.9 0.1223600722
28.95 28.9 29 0.126750768
29.05 29 29.1 0.1216478684
29.15 29.1 29.2 0.1236534712
29.25 29.2 29.3 0.1248695431
29.35 29.3 29.4 0.1196327572
29.45 29.4 29.5 0.1200597974
29.55 29.5 29.6 0.114266691
29.65 29.6 29.7 0.1126080016
29.75 29.7 29.8 0.1229863207
29.85 29.8 29.9 0.1179002966
29.95 29.9 30 0.1234548774
30.05 30 30.1 0.1131902465
30.15 30.1 30.2 0.1152824107
30.25 30.2 30.3 0.1147777376
30.35 30.3 30.4 0.1077490565
30.45 30.4 30.5 0.1106488846
30.55 30.5 30.6 0.1125399847
30.65 30.6 30.7 0.1125512199
30.75 30.7 30.8 0.1120056092
30.85 30.8 30.9 0.1147721724
30.95 30.9 31 0.1053751806
31.05 31 31.1 0.106045711
31.15 31.1 31.2 0.1032140541
31.25 31.2 31.3 0.1013726471
31.35 31.3 31.4 0.1020110608
31.45 31.4 31.5 0.1010400455
31.55 31.5 31.6 0.1097200927
31.65 31.6 31.7 0.1028530286
31.75 31.7 31.8 0.1020627533
31.85 31.8 31.9 0.09004378319
31.95 31.9 32 0.09459256415
32.05 32 32.1 0.09486526421
32.15 32.1 32.2 0.09228219085
32.25 32.2 32.3 0.1078015559
32.35 32.3 32.4 0.09652010016
32.45 32.4 32.5 0.09362772143
32.55 32.5 32.6 0.09954430236
32.65 32.6 32.7 0.09204773292
32.75 32.7 32.8 0.09340550882
32.85 32.8 32.9 0.08810377294
32.95 32.9 33 0.09414474299
33.05 33 33.1 0.0831805379
33.15 33.1 33.2 0.08950439491
33.25 33.2 33.3 0.0771556152
33.35 33.3 33.4 0.0932666015
33.45 33.4 33.5 0.08557723855
33.55 33.5 33.6 0.08671552674
33.65 33.6 33.7 0.08009065399
33.75 33.7 33.8 0.0832870972
33.85 33.8 33.9 0.08989175656
33.95 33.9 34 0.08194093452
34.05 34 34.1 0.08243696037
34.15 34.1 34.2 0.08107975469
34.25 34.2 34.3 0.07448877152
34.35 34.3 34.4 0.08786599135
34.45 34.4 34.5 0.08119837847
34.55 34.5 34.6 0.07919647918
34.65 34.6 34.7 0.07495075984
34.75 34.7 34.8 0.08161632421
34.85 34.8 34.9 0.07640396825
34.95 34.9 35 0.08444309574
35.05 35 35.1 0.0725204338
35.15 35.1 35.2 0.06997488392
35.25 35.2 35.3 0.07804291788
35.35 35.3 35.4 0.07413764664
35.45 35.4 35.5 0.07292499733
35.55 35.5 35.6 0.07324273084
35.65 35.6 35.7 0.06713017921
35.75 35.7 35.8 0.07397342888
35.85 35.8 35.9 0.07332365219
35.95 35.9 36 0.067354755
36.05 36 36.1 0.06834310041
36.15 36.1 36.2 0.07219493673
36.25 36.2 36.3 0.07322465801
36.35 36.3 36.4 0.06240962485
36.45 36.4 36.5 0.0689109887
36.55 36.5 36.6 0.06912535772
36.65 36.6 36.7 0.07492154411
36.75 36.7 36.8 0.06079930917
36.85 36.8 36.9 0.05746763154
36.95 36.9 37 0.06355252333
37.05 37 37.1 0.06584779811
37.15 37.1 37.2 0.06086745206
37.25 37.2 37.3 0.06577567328
37.35 37.3 37.4 0.05927507853
37.45 37.4 37.5 0.05758043118
37.55 37.5 37.6 0.06098573622
37.65 37.6 37.7 0.06614139259
37.75 37.7 37.8 0.06656821866
37.85 37.8 37.9 0.06107114586
37.95 37.9 38 0.06414799131
38.05 38 38.1 0.05597512658
38.15 38.1 38.2 0.06606842781
38.25 38.2 38.3 0.05338652148
38.35 38.3 38.4 0.06170067476
38.45 38.4 38.5 0.05539335246
38.55 38.5 38.6 0.05333361948
38.65 38.6 38.7 0.06367174979
38.75 38.7 38.8 0.06508683331
38.85 38.8 38.9 0.05271025983
38.95 38.9 39 0.05571078626
39.05 39 39.1 0.05307003624
39.15 39.1 39.2 0.05433721805
39.25 39.2 39.3 0.05827369659
39.35 39.3 39.4 0.05959036701
39.45 39.4 39.5 0.05738742564
39.55 39.5 39.6 0.05883471071
39.65 39.6 39.7 0.05587715234
39.75 39.7 39.8 0.05672428552
39.85 39.8 39.9 0.04780612019
39.95 39.9 40 0.05281864259
40.05 40 40.1 0.05416263743
40.15 40.1 40.2 0.04727539768
40.25 40.2 40.3 0.05528815743
40.35 40.3 40.4 0.06381445613
40.45 40.4 40.5 0.05329172854
40.55 40.5 40.6 0.05525512824
40.65 40.6 40.7 0.04713348933
40.75 40.7 40.8 0.04975570011
40.85 40.8 40.9 0.0485951791
40.95 40.9 41 0.04735955322
41.05 41 41.1 0.04424282581
41.15 41.1 41.2 0.04317519424
41.25 41.2 41.3 0.04886725327
41.35 41.3 41.4 0.04396420098
41.45 41.4 41.5 0.04479300394
41.55 41.5 41.6 0.04144422456
41.65 41.6 41.7 0.04650858109
41.75 41.7 41.8 0.04691675757
41.85 41.8 41.9 0.04503997873
41.95 41.9 42 0.04015914255
42.05 42 42.1 0.039983586
42.15 42.1 42.2 0.04377095715
42.25 42.2 42.3 0.03982320695
42.35 42.3 42.4 0.0422848792
42.45 42.4 42.5 0.03997082521
42.55 42.5 42.6 0.04286346989
42.65 42.6 42.7 0.04296032496
42.75 42.7 42.8 0.03991579435
42.85 42.8 42.9 0.03719699947
42.95 42.9 43 0.04138339826
43.05 43 43.1 0.04305915389
43.15 43.1 43.2 0.04374213838
43.25 43.2 43.3 0.0395054733
43.35 43.3 43.4 0.04434546598
43.45 43.4 43.5 0.04221099506
43.55 43.5 43.6 0.03798902844
43.65 43.6 43.7 0.04117571253
43.75 43.7 43.8 0.04107854781
43.85 43.8 43.9 0.04168953736
43.95 43.9 44 0.04304971763
44.05 44 44.1 0.04243379017
44.15 44.1 44.2 0.03537050466
44.25 44.2 44.3 0.0391323868
44.35 44.3 44.4 0.03918337546
44.45 44.4 44.5 0.03974040883
44.55 44.5 44.6 0.03703163716
44.65 44.6 44.7 0.03796432301
44.75 44.7 44.8 0.03849917291
44.85 44.8 44.9 0.03471088176
44.95 44.9 45 0.03560874136
45.05 45 45.1 0.03715165765
45.15 45.1 45.2 0.0406921665
45.25 45.2 45.3 0.03238591925
45.35 45.3 45.4 0.02971278445
45.45 45.4 45.5 0.03135637563
45.55 45.5 45.6 0.03234276756
45.65 45.6 45.7 0.03628677293
45.75 45.7 45.8 0.03892021498
45.85 45.8 45.9 0.03642634394
45.95 45.9 46 0.04027521284
46.05 46 46.1 0.0307426036
46.15 46.1 46.2 0.0307649803
46.25 46.2 46.3 0.03303354808
46.35 46.3 46.4 0.03554088668
46.45 46.4 46.5 0.03026288737
46.55 46.5 46.6 0.03192603405
46.65 46.6 46.7 0.03195612908
46.75 46.7 46.8 0.03175547197
46.85 46.8 46.9 0.03199605219
46.95 46.9 47 0.02700426714
47.05 47 47.1 0.03251993276
47.15 47.1 47.2 0.03418704976
47.25 47.2 47.3 0.02719184938
47.35 47.3 47.4 0.02743943207
47.45 47.4 47.5 0.03180152729
47.55 47.5 47.6 0.02847695222
47.65 47.6 47.7 0.03043330598
47.75 47.7 47.8 0.02793261744
47.85 47.8 47.9 0.02861795228
47.95 47.9 48 0.02997943007
48.05 48 48.1 0.02765471667
48.15 48.1 48.2 0.03093227112
48.25 48.2 48.3 0.03322934795
48.35 48.3 48.4 0.02851820045
48.45 48.4 48.5 0.02700492074
48.55 48.5 48.6 0.02519082816
48.65 48.6 48.7 0.02288811147
48.75 48.7 48.8 0.02834343734
48.85 48.8 48.9 0.02427029829
48.95 48.9 49 0.02395815556
49.05 49 49.1 0.03174494704
49.15 49.1 49.2 0.02867891366
49.25 49.2 49.3 0.02968280518
49.35 49.3 49.4 0.02750920293
49.45 49.4 49.5 0.02346170867
49.55 49.5 49.6 0.0231213497
49.65 49.6 49.7 0.02868294603
49.75 49.7 49.8 0.02530490558
49.85 49.8 49.9 0.02729122553
49.95 49.9 50 0.02584212345
50.05 50 50.1 0.0286757397
50.15 50.1 50.2 0.02564887125
50.25 50.2 50.3 0.02531317269
50.35 50.3 50.4 0.02662372781
50.45 50.4 50.5 0.02758718166
50.55 50.5 50.6 0.03033060344
50.65 50.6 50.7 0.02153872902
50.75 50.7 50.8 0.02482463138
50.85 50.8 50.9 0.02721228572
50.95 50.9 51 0.02439761337
51.05 51 51.1 0.02402640023
51.15 51.1 51.2 0.02599796207
51.25 51.2 51.3 0.02425962166
51.35 51.3 51.4 0.02170362828
51.45 51.4 51.5 0.02255315537
51.55 51.5 51.6 0.02714923757
51.65 51.6 51.7 0.02541340066
51.75 51.7 51.8 0.02324054441
51.85 51.8 51.9 0.01944378256
51.95 51.9 52 0.01785392895
52.05 52 52.1 0.02258436002
52.15 52.1 52.2 0.02350197837
52.25 52.2 52.3 0.01756366747
52.35 52.3 52.4 0.02409438551
52.45 52.4 52.5 0.01824382606
52.55 52.5 52.6 0.02392905985
52.65 52.6 52.7 0.02348952204
52.75 52.7 52.8 0.02273790545
52.85 52.8 52.9 0.02094153352
52.95 52.9 53 0.022089666
53.05 53 53.1 0.01669617033
53.15 53.1 53.2 0.02110476572
53.25 53.2 53.3 0.02398108863
53.35 53.3 53.4 0.01947922016
53.45 53.4 53.5 0.02022174481
53.55 53.5 53.6 0.02077769661
53.65 53.6 53.7 0.01911121112
53.75 53.7 53.8 0.01982094152
53.85 53.8 53.9 0.02032609918
53.95 53.9 54 0.01822875307
54.05 54 54.1 0.02032874523
54.15 54.1 54.2 0.02210802976
54.25 54.2 54.3 0.01892238981
54.35 54.3 54.4 0.01867774106
54.45 54.4 54.5 0.02188454476
54.55 54.5 54.6 0.02514406189
54.65 54.6 54.7 0.02365659201
54.75 54.7 54.8 0.02241476568
54.85 54.8 54.9 0.02120201584
54.95 54.9 55 0.01980446713
55.05 55 55.1 0.0208147366
55.15 55.1 55.2 0.01711240895
55.25 55.2 55.3 0.02094272038
55.35 55.3 55.4 0.01971277834
55.45 55.4 55.5 0.01724199808
55.55 55.5 55.6 0.01726431935
55.65 55.6 55.7 0.01480057314
55.75 55.7 55.8 0.01755642168
55.85 55.8 55.9 0.01859441634
55.95 55.9 56 0.02282898149
56.05 56 56.1 0.01804936961
56.15 56.1 56.2 0.01409424957
56.25 56.2 56.3 0.01515532961
56.35 56.3 56.4 0.0198236256
56.45 56.4 56.5 0.01575156134
56.55 56.5 56.6 0.01925642221
56.65 56.6 56.7 0.02232798789
56.75 56.7 56.8 0.01628396817
56.85 56.8 56.9 0.01623548191
56.95 56.9 57 0.01750222018
57.05 57 57.1 0.01861606912
57.15 57.1 57.2 0.02181598342
57.25 57.2 57.3 0.01563133318
57.35 57.3 57.4 0.01531374878
57.45 57.4 57.5 0.01238723309
57.55 57.5 57.6 0.01780370905
57.65 57.6 57.7 0.01925655149
57.75 57.7 57.8 0.01698797123
57.85 57.8 57.9 0.01794908659
57.95 57.9 58 0.01454068314
58.05 58 58.1 0.01601475125
58.15 58.1 58.2 0.01478828861
58.25 58.2 58.3 0.01897081098
58.35 58.3 58.4 0.01330776338
58.45 58.4 58.5 0.01392113921
58.55 58.5 58.6 0.01381648649
58.65 58.6 58.7 0.01297429723
58.75 58.7 58.8 0.01686382781
58.85 58.8 58.9 0.01521283305
58.95 58.9 59 0.01149008296
59.05 59 59.1 0.01745249793
59.15 59.1 59.2 0.01508677577
59.25 59.2 59.3 0.01725996022
59.35 59.3 59.4 0.0144649908
59.45 59.4 59.5 0.01478035342
59.55 59.5 59.6 0.01641704762
59.65 59.6 59.7 0.01267759121
59.75 59.7 59.8 0.01034829944
59.85 59.8 59.9 0.009536214461
59.95 59.9 60 0.01421724966
60.05 60 60.1 0.01321838647
60.15 60.1 60.2 0.008398186709
60.25 60.2 60.3 0.01307496016
60.35 60.3 60.4 0.01625959851
60.45 60.4 60.5 0.01446897888
60.55 60.5 60.6 0.01635117382
60.65 60.6 60.7 0.01432483692
60.75 60.7 60.8 0.01608256694
60.85 60.8 60.9 0.01320856874
60.95 60.9 61 0.01144869355
61.05 61 61.1 0.01502812181
61.15 61.1 61.2 0.01347951938
61.25 61.2 61.3 0.01401352082
61.35 61.3 61.4 0.01055272158
61.45 61.4 61.5 0.01498454096
61.55 61.5 61.6 0.01228494219
61.65 61.6 61.7 0.01066701208
61.75 61.7 61.8 0.01098303047
61.85 61.8 61.9 0.009176138828
61.95 61.9 62 0.01059726316
62.05 62 62.1 0.01315206072
62.15 62.1 62.2 0.01257888031
62.25 62.2 62.3 0.01240947297
62.35 62.3 62.4 0.01526287388
62.45 62.4 62.5 0.009648128655
62.55 62.5 62.6 0.01003322462
62.65 62.6 62.7 0.01048188654
62.75 62.7 62.8 0.01238718285
62.85 62.8 62.9 0.01404377772
62.95 62.9 63 0.009844948923
63.05 63 63.1 0.008320908417
63.15 63.1 63.2 0.01203883694
63.25 63.2 63.3 0.01155855869
63.35 63.3 63.4 0.01202984165
63.45 63.4 63.5 0.008875224706
63.55 63.5 63.6 0.009519672908
63.65 63.6 63.7 0.009274778953
63.75 63.7 63.8 0.009435736171
63.85 63.8 63.9 0.01280412986
63.95 63.9 64 0.009867477032
64.05 64 64.1 0.01380307896
64.15 64.1 64.2 0.00999175035
64.25 64.2 64.3 0.01363913801
64.35 64.3 64.4 0.01527410658
64.45 64.4 64.5 0.01179515312
64.55 64.5 64.6 0.01035960291
64.65 64.6 64.7 0.01112552254
64.75 64.7 64.8 0.009492729292
64.85 64.8 64.9 0.01047057261
64.95 64.9 65 0.01160523901
65.05 65 65.1 0.008621747209
65.15 65.1 65.2 0.007754055772
65.25 65.2 65.3 0.006503853849
65.35 65.3 65.4 0.0124620461
65.45 65.4 65.5 0.0143756488
65.55 65.5 65.6 0.01016321185
65.65 65.6 65.7 0.0124954272
65.75 65.7 65.8 0.008980239055
65.85 65.8 65.9 0.01137281546
65.95 65.9 66 0.009713776795
66.05 66 66.1 0.008422529743
66.15 66.1 66.2 0.008628928928
66.25 66.2 66.3 0.01094734836
66.35 66.3 66.4 0.01272373033
66.45 66.4 66.5 0.01009191514
66.55 66.5 66.6 0.007181761183
66.65 66.6 66.7 0.007383307204
66.75 66.7 66.8 0.007215242875
66.85 66.8 66.9 0.01054819585
66.95 66.9 67 0.008237510368
67.05 67 67.1 0.009260505544
67.15 67.1 67.2 0.0127077659
67.25 67.2 67.3 0.0109242186
67.35 67.3 67.4 0.01207967193
67.45 67.4 67.5 0.008244601206
67.55 67.5 67.6 0.007209000332
67.65 67.6 67.7 0.01128051459
67.75 67.7 67.8 0.007123159146
67.85 67.8 67.9 0.008965800116
67.95 67.9 68 0.01033211936
68.05 68 68.1 0.008106600497
68.15 68.1 68.2 0.005745254833
68.25 68.2 68.3 0.003401929369
68.35 68.3 68.4 0.009653857271
68.45 68.4 68.5 0.007673547101
68.55 68.5 68.6 0.0058180321
68.65 68.6 68.7 0.00686185776
68.75 68.7 68.8 0.01204778988
68.85 68.8 68.9 0.008139249507
68.95 68.9 69 0.01064668233
69.05 69 69.1 0.006684970844
69.15 69.1 69.2 0.006077354374
69.25 69.2 69.3 0.005705774982
69.35 69.3 69.4 0.007403991761
69.45 69.4 69.5 0.006153763767
69.55 69.5 69.6 0.005693163416
69.65 69.6 69.7 0.005183131666
69.75 69.7 69.8 0.01011824936
69.85 69.8 69.9 0.008787922389
69.95 69.9 70 0.008410191927
70.05 70 70.1 0.005074221805
70.15 70.1 70.2 0.01032171995
70.25 70.2 70.3 0.008139033663
70.35 70.3 70.4 0.006558855447
70.45 70.4 70.5 0.009529831359
70.55 70.5 70.6 0.00554868615
70.65 70.6 70.7 0.007637660828
70.75 70.7 70.8 0.01169269213
70.85 70.8 70.9 0.008328688041
70.95 70.9 71 0.00997609792
71.05 71 71.1 0.01098740084
71.15 71.1 71.2 0.006264922122
71.25 71.2 71.3 0.009586488409
71.35 71.3 71.4 0.006027933917
71.45 71.4 71.5 0.00429217197
71.55 71.5 71.6 0.007958586528
71.65 71.6 71.7 0.009231811214
71.75 71.7 71.8 0.005518933508
71.85 71.8 71.9 0.006546673203
71.95 71.9 72 0.004535766262
72.05 72 72.1 0.008921974321
72.15 72.1 72.2 0.008692261383
72.25 72.2 72.3 0.005518636835
72.35 72.3 72.4 0.00587096675
72.45 72.4 72.5 0.008615813738
72.55 72.5 72.6 0.008961281132
72.65 72.6 72.7 0.006914853231
72.75 72.7 72.8 0.00438945679
72.85 72.8 72.9 0.008665391426
72.95 72.9 73 0.003006751752
73.05 73 73.1 0.007051699553
73.15 73.1 73.2 0.007249589464
73.25 73.2 73.3 0.005816722049
73.35 73.3 73.4 0.009448430872
73.45 73.4 73.5 0.003769257711
73.55 73.5 73.6 0.005803891863
73.65 73.6 73.7 0.006824085669
73.75 73.7 73.8 0.004711396781
73.85 73.8 73.9 0.00495383363
73.95 73.9 74 0.007464824319
74.05 74 74.1 0.005459000208
74.15 74.1 74.2 0.005421124343
74.25 74.2 74.3 0.008262062563
74.35 74.3 74.4 0.005495718677
74.45 74.4 74.5 0.009126788525
74.55 74.5 74.6 0.006630516874
74.65 74.6 74.7 0.009819322745
74.75 74.7 74.8 0.005100350039
74.85 74.8 74.9 0.006387997579
74.95 74.9 75 0.003570804393
75.05 75 75.1 0.006543043442
75.15 75.1 75.2 0.00533780265
75.25 75.2 75.3 0.004051726236
75.35 75.3 75.4 0.007830389682
75.45 75.4 75.5 0.005152503487
75.55 75.5 75.6 0.005223790351
75.65 75.6 75.7 0.008189929793
75.75 75.7 75.8 0.008105587374
75.85 75.8 75.9 0.006321128817
75.95 75.9 76 0.008989219461
76.05 76 76.1 0.006961265645
76.15 76.1 76.2 0.008214689735
76.25 76.2 76.3 0.004834650757
76.35 76.3 76.4 0.004143017683
76.45 76.4 76.5 0.007560412202
76.55 76.5 76.6 0.00555459644
76.65 76.6 76.7 0.004192737569
76.75 76.7 76.8 0.005527352177
76.85 76.8 76.9 0.00430427022
76.95 76.9 77 0.004428581917
77.05 77 77.1 0.00436212206
77.15 77.1 77.2 0.00850446593
77.25 77.2 77.3 0.001932576872
77.35 77.3 77.4 0.005789972604
77.45 77.4 77.5 0.00449551945
77.55 77.5 77.6 0.004922286831
77.65 77.6 77.7 0.00702149015
77.75 77.7 77.8 0.006678925083
77.85 77.8 77.9 0.005580379886
77.95 77.9 78 0.003158307441
78.05 78 78.1 0.006878343904
78.15 78.1 78.2 0.004028411307
78.25 78.2 78.3 0.005381274735
78.35 78.3 78.4 0.007389686778
78.45 78.4 78.5 0.003570476525
78.55 78.5 78.6 0.006464527499
78.65 78.6 78.7 0.003093830291
78.75 78.7 78.8 0.002366779248
78.85 78.8 78.9 0.005909490114
78.95 78.9 79 0.006387499583
79.05 79 79.1 0.00386643341
79.15 79.1 79.2 0.006233445775
79.25 79.2 79.3 0.007865634045
79.35 79.3 79.4 0.006138775339
79.45 79.4 79.5 0.006245821218
79.55 79.5 79.6 0.007298794918
79.65 79.6 79.7 0.004070255559
79.75 79.7 79.8 0.004701166861
79.85 79.8 79.9 0.002118438217
79.95 79.9 80 0.000368547733
80.05 80 80.1 0.004795865009
80.15 80.1 80.2 0.006661725616
80.25 80.2 80.3 0.004373100483
80.35 80.3 80.4 -4.3398085e-05
80.45 80.4 80.5 0.006075634219
80.55 80.5 80.6 0.004588258552
80.65 80.6 80.7 0.005960509647
80.75 80.7 80.8 0.008158005946
80.85 80.8 80.9 0.004939963124
80.95 80.9 81 0.004053509005
81.05 81 81.1 0.002189562292
81.15 81.1 81.2 0.003714844446
81.25 81.2 81.3 0.002274926618
81.35 81.3 81.4 0.00452338435
81.45 81.4 81.5 0.006149484223
81.55 81.5 81.6 0.005435554546
81.65 81.6 81.7 0.00235453824
81.75 81.7 81.8 0.008280991704
81.85 81.8 81.9 0.004444438862
81.95 81.9 82 0.006374086833
82.05 82 82.1 0.007574748931
82.15 82.1 82.2 0.00432685071
82.25 82.2 82.3 0.006281335251
82.35 82.3 82.4 0.004616712592
82.45 82.4 82.5 0.004503817838
82.55 82.5 82.6 0.00589088544
82.65 82.6 82.7 0.002251113102
82.75 82.7 82.8 0.004979821225
82.85 82.8 82.9 0.003648363443
82.95 82.9 83 0.001762614535
83.05 83 83.1 0.002969006222
83.15 83.1 83.2 0.001370712015
83.25 83.2 83.3 0.002596625207
83.35 83.3 83.4 0.00406138115
83.45 83.4 83.5 0.003136274505
83.55 83.5 83.6 0.003514494212
83.65 83.6 83.7 0.003524866855
83.75 83.7 83.8 0.004404122819
83.85 83.8 83.9 0.001808178694
83.95 83.9 84 0.00375622857
84.05 84 84.1 0.007176581299
84.15 84.1 84.2 0.003767891501
84.25 84.2 84.3 0.004317662425
84.35 84.3 84.4 0.005193427436
84.45 84.4 84.5 0.004735265307
84.55 84.5 84.6 0.003061672398
84.65 84.6 84.7 0.004932891387
84.75 84.7 84.8 0.006395428581
84.85 84.8 84.9 0.000207031826
84.95 84.9 85 0.004396546154
85.05 85 85.1 0.003171859744
85.15 85.1 85.2 0.005984395981
85.25 85.2 85.3 0.003235159533
85.35 85.3 85.4 0.004447565952
85.45 85.4 85.5 0.004087552789
85.55 85.5 85.6 0.004471343168
85.65 85.6 85.7 0.002871296324
85.75 85.7 85.8 0.005803247229
85.85 85.8 85.9 0.001765594378
85.95 85.9 86 0.003962342667
86.05 86 86.1 0.003719356545
86.15 86.1 86.2 0.006452798283
86.25 86.2 86.3 0.004597024407
86.35 86.3 86.4 0.005315401913
86.45 86.4 86.5 0.007171287592
86.55 86.5 86.6 0.001070398391
86.65 86.6 86.7 0.004228734333
86.75 86.7 86.8 0.007649715054
86.85 86.8 86.9 0.002988547136
86.95 86.9 87 0.006160881014
87.05 87 87.1 0.005546388123
87.15 87.1 87.2 0.001853400658
87.25 87.2 87.3 0.00661987419
87.35 87.3 87.4 0.004467652263
87.45 87.4 87.5 0.004525416909
87.55 87.5 87.6 0.002387460641
87.65 87.6 87.7 0.003513898438
87.75 87.7 87.8 0.002453319014
87.85 87.8 87.9 0.005445838097
87.95 87.9 88 0.00489586824
88.05 88 88.1 0.003466571267
88.15 88.1 88.2 0.003780653659
88.25 88.2 88.3 0.002360253731
88.35 88.3 88.4 0.003777823727
88.45 88.4 88.5 -0.00076794576
88.55 88.5 88.6 0.005943793255
88.65 88.6 88.7 0.004414756198
88.75 88.7 88.8 0.004803630639
88.85 88.8 88.9 0.00124567551
88.95 88.9 89 0.002694469144
89.05 89 89.1 0.004695291543
89.15 89.1 89.2 0.003811508502
89.25 89.2 89.3 0.007786503453
89.35 89.3 89.4 0.002018438398
89.45 89.4 89.5 0.002335667486
89.55 89.5 89.6 0.006131499843
89.65 89.6 89.7 0.001342175012
89.75 89.7 89.8 0.006088413751
89.85 89.8 89.9 0.00385745047
89.95 89.9 90 0.002526985223
90.05 90 90.1 0.002510863797
90.15 90.1 90.2 0.002440509128
90.25 90.2 90.3 0.00331358441
90.35 90.3 90.4 0.002832358518
90.45 90.4 90.5 0.003049408624
90.55 90.5 90.6 0.007130915137
90.65 90.6 90.7 0.003339872324
90.75 90.7 90.8 0.00276570883
90.85 90.8 90.9 0.00415268943
90.95 90.9 91 0.004000891104
91.05 91 91.1 0.003279223005
91.15 91.1 91.2 0.004887087029
91.25 91.2 91.3 0.002557310068
91.35 91.3 91.4 0.00515143962
91.45 91.4 91.5 0.00237386445
91.55 91.5 91.6 0.003689730982
91.65 91.6 91.7 0.002323907698
91.75 91.7 91.8 0.0009210450045
91.85 91.8 91.9 0.005963482458
91.95 91.9 92 0.001056813852
92.05 92 92.1 0.001627672953
92.15 92.1 92.2 0.002591092202
92.25 92.2 92.3 0.004420153431
92.35 92.3 92.4 0.005406933289
92.45 92.4 92.5 0.004437649046
92.55 92.5 92.6 0.003843626763
92.65 92.6 92.7 0.001966240892
92.75 92.7 92.8 0.001630457933
92.85 92.8 92.9 0.002107709893
92.95 92.9 93 0.004050277996
93.05 93 93.1 0.002638218593
93.15 93.1 93.2 0.004009387723
93.25 93.2 93.3 0.00344568529
93.35 93.3 93.4 0.004292492732
93.45 93.4 93.5 0.002852699663
93.55 93.5 93.6 0.003780191932
93.65 93.6 93.7 0.003807892825
93.75 93.7 93.8 0.003449093536
93.85 93.8 93.9 0.003440680223
93.95 93.9 94 0.004704522128
94.05 94 94.1 0.001793523933
94.15 94.1 94.2 0.004550964566
94.25 94.2 94.3 0.002612446313
94.35 94.3 94.4 0.003790645575
94.45 94.4 94.5 0.002130503009
94.55 94.5 94.6 0.004373397098
94.65 94.6 94.7 0.005461360624
94.75 94.7 94.8 0.003368429828
94.85 94.8 94.9 0.002133402058
94.95 94.9 95 0.003383449614
95.05 95 95.1 0.004268827695
95.15 95.1 95.2 0.002667741629
95.25 95.2 95.3 0.003034669641
95.35 95.3 95.4 0.00186667439
95.45 95.4 95.5 0.002731158408
95.55 95.5 95.6 0.003385678148
95.65 95.6 95.7 0.003612115905
95.75 95.7 95.8 0.0032771106
95.85 95.8 95.9 0.00464707665
95.95 95.9 96 0.005364752036
96.05 96 96.1 0.004545699668
96.15 96.1 96.2 0.006291223475
96.25 96.2 96.3 0.005411381886
96.35 96.3 96.4 0.003063260582
96.45 96.4 96.5 0.003104502374
96.55 96.5 96.6 0.005280562881
96.65 96.6 96.7 0.006831716897
96.75 96.7 96.8 0.002407101964
96.85 96.8 96.9 0.005015533238
96.95 96.9 97 0.003605499942
97.05 97 97.1 0.002986548031
97.15 97.1 97.2 0.003064132728
97.25 97.2 97.3 0.001952455748
97.35 97.3 97.4 0.001672811517
97.45 97.4 97.5 0.00329998983
97.55 97.5 97.6 0.004583544142
97.65 97.6 97.7 0.00400588976
97.75 97.7 97.8 0.002692191886
97.85 97.8 97.9 0.003349394665
97.95 97.9 98 0.00189071586
98.05 98 98.1 0.00343539334
98.15 98.1 98.2 0.00524461964
98.25 98.2 98.3 0.004278058727
98.35 98.3 98.4 0.004248253496
98.45 98.4 98.5 0.001010651059
98.55 98.5 98.6 0.003503244176
98.65 98.6 98.7 0.003484507895
98.75 98.7 98.8 0.001053956304
98.85 98.8 98.9 0.003686189382
98.95 98.9 99 0.003800619908
99.05 99 99.1 0.00245164898
99.15 99.1 99.2 0.0008241980958
99.25 99.2 99.3 0.00529048488
99.35 99.3 99.4 0.003572231767
99.45 99.4 99.5 0.004229237798
99.55 99.5 99.6 0.004426669435
99.65 99.6 99.7 0.001855960029
99.75 99.7 99.8 0.002944694756
99.85 99.8 99.9 0.002758608031
99.95 99.9 100 0.002714171845
100.05 100 100.1 0.002870421689
100.15 100.1 100.2 0.004004918517
100.25 100.2 100.3 0.004437576149
100.35 100.3 100.4 0.004414749503
100.45 100.4 100.5 0.004061955382
100.55 100.5 100.6 0.0009713136892
100.65 100.6 100.7 0.001236131302
100.75 100.7 100.8 0.002418790062
100.85 100.8 100.9 0.005366646419
100.95 100.9 101 0.003945679198
101.05 101 101.1 0.004780044395
101.15 101.1 101.2 0.002190438484
101.25 101.2 101.3 0.002354013252
101.35 101.3 101.4 0.004059957215
101.45 101.4 101.5 0.002672100679
101.55 101.5 101.6 0.003574042546
101.65 101.6 101.7 0.003402966288
101.75 101.7 101.8 0.003349660371
101.85 101.8 101.9 0.004287417423
101.95 101.9 102 0.005308788635
102.05 102 102.1 0.001675241719
102.15 102.1 102.2 0.005472108751
102.25 102.2 102.3 0.0006081627838
102.35 102.3 102.4 0.004890261081
102.45 102.4 102.5 0.002150912884
102.55 102.5 102.6 0.002557521968
102.65 102.6 102.7 0.003473965927
102.75 102.7 102.8 5.270828901e-05
102.85 102.8 102.9 0.004832406844
102.95 102.9 103 0.004801608227
103.05 103 103.1 0.004641025944
103.15 103.1 103.2 0.004768222301
103.25 103.2 103.3 0.006047255824
103.35 103.3 103.4 0.002195824095
103.45 103.4 103.5 0.0040280199
103.55 103.5 103.6 0.002227986833
103.65 103.6 103.7 0.00308248967
103.75 103.7 103.8 0.00242071617
103.85 103.8 103.9 0.002729808487
103.95 103.9 104 0.006387320341
104.05 104 104.1 0.0005426789153
104.15 104.1 104.2 0.004106443658
104.25 104.2 104.3 0.001759866779
104.35 104.3 104.4 0.001367095645
104.45 104.4 104.5 0.005474672524
104.55 104.5 104.6 0.001657373798
104.65 104.6 104.7 0.0008682478372
104.75 104.7 104.8 0.002891936585
104.85 104.8 104.9 0.0007664513489
104.95 104.9 105 0.004960203019
105.05 105 105.1 0.003791549687
105.15 105.1 105.2 0.001363986136
105.25 105.2 105.3 0.0004737377467
105.35 105.3 105.4 0.003817999543
105.45 105.4 105.5 0.0005067749634
105.55 105.5 105.6 0.004464539773
105.65 105.6 105.7 0.002480504387
105.75 105.7 105.8 0.001700401544
105.85 105.8 105.9 0.001123265742
105.95 105.9 106 0.00528379369
106.05 106 106.1 0.00214837329
106.15 106.1 106.2 0.00339396999
106.25 106.2 106.3 0.003414314383
106.35 106.3 106.4 0.0001377937176
106.45 106.4 106.5 9.25101821e-05
106.55 106.5 106.6 0.001830186791
106.65 106.6 106.7 0.004852977314
106.75 106.7 106.8 0.002748236284
106.85 106.8 106.9 0.0008388678356
106.95 106.9 107 -0.0004802506457
107.05 107 107.1 0.003667043575
107.15 107.1 107.2 -0.002208014947
107.25 107.2 107.3 0.00322193467
107.35 107.3 107.4 0.003369671592
107.45 107.4 107.5 0.003063919807
107.55 107.5 107.6 0.002995917518
107.65 107.6 107.7 0.00177059629
107.75 107.7 107.8 0.004139096864
107.85 107.8 107.9 0.004206955472
107.95 107.9 108 0.001390944469
108.05 108 108.1 0.002964780725
108.15 108.1 108.2 0.001759055234
108.25 108.2 108.3 0.002957496521
108.35 108.3 108.4 0.002805176294
108.45 108.4 108.5 0.003662701103
108.55 108.5 108.6 0.002217244799
108.65 108.6 108.7 -3.142618159e-05
108.75 108.7 108.8 0.001040858637
108.85 108.8 108.9 0.004093900712
108.95 108.9 109 -0.0005325903033
109.05 109 109.1 0.002345376786
109.15 109.1 109.2 0.002313163212
109.25 109.2 109.3 0.002425510223
109.35 109.3 109.4 0.004429617709
109.45 109.4 109.5 0.004828008519
109.55 109.5 109.6 0.003754201317
109.65 109.6 109.7 0.00198610722
109.75 109.7 109.8 0.001615731305
109.85 109.8 109.9 0.002859041431
109.95 109.9 110 0.004942973159
110.05 110 110.1 0.001397056926
110.15 110.1 110.2 0.002516090028
110.25 110.2 110.3 0.00160996574
110.35 110.3 110.4 0.00284189718
110.45 110.4 110.5 -0.000262627968
110.55 110.5 110.6 4.172632388e-05
110.65 110.6 110.7 0.001653304899
110.75 110.7 110.8 0.003731251384
110.85 110.8 110.9 0.002713868495
110.95 110.9 111 0.001424547771
111.05 111 111.1 0.002567339839
111.15 111.1 111.2 0.0008450927269
111.25 111.2 111.3 0.002745908902
111.35 111.3 111.4 0.00230041413
111.45 111.4 111.5 0.002618497214
111.55 111.5 111.6 0.002305065127
111.65 111.6 111.7 -0.001978798393
111.75 111.7 111.8 0.00187478206
111.85 111.8 111.9 0.002999237577
111.95 111.9 112 0.003341427587
112.05 112 112.1 0.002935045924
112.15 112.1 112.2 0.00179637461
112.25 112.2 112.3 0.004294301234
112.35 112.3 112.4 0.00303987797
112.45 112.4 112.5 0.002111825551
112.55 112.5 112.6 0.0008083831458
112.65 112.6 112.7 0.004613332034
112.75 112.7 112.8 0.002676023027
112.85 112.8 112.9 0.003042515034
112.95 112.9 113 0.001394240928
113.05 113 113.1 0.002710265609
113.15 113.1 113.2 0.0003310763869
113.25 113.2 113.3 -0.0006653799252
113.35 113.3 113.4 0.002263372607
113.45 113.4 113.5 0.001080523724
113.55 113.5 113.6 0.003091994578
113.65 113.6 113.7 0.002127627121
113.75 113.7 113.8 0.002403797415
113.85 113.8 113.9 0.001592785904
113.95 113.9 114 0.001869216051
114.05 114 114.1 7.135472955e-06
114.15 114.1 114.2 0.001682239129
114.25 114.2 114.3 0.001402489042
114.35 114.3 114.4 0.002319744977
114.45 114.4 114.5 0.001452773574
114.55 114.5 114.6 0.003182552049
114.65 114.6 114.7 0.001523525478
114.75 114.7 114.8 0.0004239266087
114.85 114.8 114.9 0.0002640342635
114.95 114.9 115 -0.001297174064
115.05 115 115.1 0.001074470393
115.15 115.1 115.2 0.0007684730174
115.25 115.2 115.3 0.001320374987
115.35 115.3 115.4 0.001944443962
115.45 115.4 115.5 0.002267263593
115.55 115.5 115.6 0.002274763571
115.65 115.6 115.7 -5.69426885e-05
115.75 115.7 115.8 0.001091663142
115.85 115.8 115.9 0.001020368609
115.95 115.9 116 0.001669247452
116.05 116 116.1 0.001659635469
116.15 116.1 116.2 0.002073168319
116.25 116.2 116.3 0.002023973135
116.35 116.3 116.4 0.0009830972695
116.45 116.4 116.5 0.001886937022
116.55 116.5 116.6 -7.704436857e-05
116.65 116.6 116.7 0.001618679548
116.75 116.7 116.8 0.002682351842
116.85 116.8 116.9 0.004023726274
116.95 116.9 117 0.001308897381
117.05 117 117.1 6.558302532e-06
117.15 117.1 117.2 0.00214246292
117.25 117.2 117.3 0.001408468318
117.35 117.3 117.4 0.001238473942
117.45 117.4 117.5 0.001306955021
117.55 117.5 117.6 -0.001113254833
117.65 117.6 117.7 0.0003642213563
117.75 117.7 117.8 3.545799327e-05
117.85 117.8 117.9 0.001538165823
117.95 117.9 118 0.0008516560207
118.05 118 118.1 -0.001620313265
118.15 118.1 118.2 0.002261166255
118.25 118.2 118.3 -0.0009492990828
118.35 118.3 118.4 0.002209655027
118.45 118.4 118.5 0.0006168038259
118.55 118.5 118.6 0.002725425949
118.65 118.6 118.7 0.001453134551
118.75 118.7 118.8 0.0003744686062
118.85 118.8 118.9 -0.001609889094
118.95 118.9 119 0.001048665666
119.05 119 119.1 -0.0008712208118
119.15 119.1 119.2 0.001017061225
119.25 119.2 119.3 0.001227985327
119.35 119.3 119.4 0.00141075776
119.45 119.4 119.5 0.001871693455
119.55 119.5 119.6 0.003774641213
119.65 119.6 119.7 -0.001589868011
119.75 119.7 119.8 0.002621525666
119.85 119.8 119.9 0.0008792692767
119.95 119.9 120 -0.001017892626
120.05 120 120.1 0.001331620047
120.15 120.1 120.2 0.0009859717788
120.25 120.2 120.3 0.0003937980665
120.35 120.3 120.4 0.0008005452522
120.45 120.4 120.5 0.001189020593
120.55 120.5 120.6 0.001961393374
120.65 120.6 120.7 -0.0007522339787
120.75 120.7 120.8 -0.0001844515044
120.85 120.8 120.9 0.000379391813
120.95 120.9 121 0.001091450646
121.05 121 121.1 -0.001271262041
121.15 121.1 121.2 0.0008909191149
121.25 121.2 121.3 -0.001093157128
121.35 121.3 121.4 8.82010504e-05
121.45 121.4 121.5 -0.001059532242
121.55 121.5 121.6 0.001471843059
121.65 121.6 121.7 -3.091712232e-05
121.75 121.7 121.8 -0.001944192106
121.85 121.8 121.9 0.0005162948507
121.95 121.9 122 0.0006154146272
122.05 122 122.1 0.00127014729
122.15 122.1 122.2 0.0003469827064
122.25 122.2 122.3 -0.0004953359625
122.35 122.3 122.4 -0.0006193515089
122.45 122.4 122.5 -0.0001235516422
122.55 122.5 122.6 -0.0003863134906
122.65 122.6 122.7 -7.426766762e-05
122.75 122.7 122.8 0.000321384289
122.85 122.8 122.9 -0.0006462240694
122.95 122.9 123 0.001280884285
123.05 123 123.1 0.0003615556423
123.15 123.1 123.2 0.0001846079418
123.25 123.2 123.3 0.001052456156
123.35 123.3 123.4 0.000290974089
123.45 123.4 123.5 0.001989869695
123.55 123.5 123.6 0.002331996282
123.65 123.6 123.7 -0.0001309976919
123.75 123.7 123.8 -0.002910248895
123.85 123.8 123.9 0.001548740773
123.95 123.9 124 -0.0006762993082
124.05 124 124.1 -0.0004187333124
124.15 124.1 124.2 -0.001382492584
124.25 124.2 124.3 0.000701397202
124.35 124.3 124.4 -0.0007414536601
124.45 124.4 124.5 -0.000893430979
124.55 124.5 124.6 0.0009444797671
124.65 124.6 124.7 0.002380830929
124.75 124.7 124.8 -0.0007031225914
124.85 124.8 124.9 0.0001050838858
124.95 124.9 125 -0.0009727387483
125.05 125 125.1 -0.0006045275875
125.15 125.1 125.2 -0.0004083235054
125.25 125.2 125.3 -0.001340027463
125.35 125.3 125.4 0.0001284028304
125.45 125.4 125.5 -0.0004296244522
125.55 125.5 125.6 5.374891105e-05
125.65 125.6 125.7 0.0007458341659
125.75 125.7 125.8 -0.001330241802
125.85 125.8 125.9 -0.0001801552162
125.95 125.9 126 -2.36036538e-05
126.05 126 126.1 -0.0001409860109
126.15 126.1 126.2 -0.0007478655416
126.25 126.2 126.3 -0.0001513059571
126.35 126.3 126.4 -0.001218332153
126.45 126.4 126.5 0.000549687557
126.55 126.5 126.6 -0.002554390918
126.65 126.6 126.7 -0.001609103312
126.75 126.7 126.8 -0.001065303852
126.85 126.8 126.9 0.0006263686201
126.95 126.9 127 0.00198700897
127.05 127 127.1 -0.001155142133
127.15 127.1 127.2 -0.0006611112827
127.25 127.2 127.3 -0.000337196499
127.35 127.3 127.4 -0.001519464611
127.45 127.4 127.5 1.444422768e-06
127.55 127.5 127.6 -0.001454940248
127.65 127.6 127.7 -0.000417165066
127.75 127.7 127.8 0.0007082226292
127.85 127.8 127.9 -0.0009827684453
127.95 127.9 128 0.001085347507
128.05 128 128.1 -0.0004007291683
128.15 128.1 128.2 -0.001054466257
128.25 128.2 128.3 -0.000946773747
128.35 128.3 128.4 -0.001801843156
128.45 128.4 128.5 -0.0003064905899
128.55 128.5 128.6 -0.003439159068
128.65 128.6 128.7 -0.0007236222376
128.75 128.7 128.8 -0.002216702912
128.85 128.8 128.9 -0.0006341882139
128.95 128.9 129 -0.0008186878395
129.05 129 129.1 -1.63541563e-05
129.15 129.1 129.2 6.409173363e-05
129.25 129.2 129.3 -0.001843891339
129.35 129.3 129.4 -0.0002626685535
129.45 129.4 129.5 -6.055530847e-05
129.55 129.5 129.6 -4.718252496e-05
129.65 129.6 129.7 -0.0008462394032
129.75 129.7 129.8 -0.0002759332701
129.85 129.8 129.9 -0.001232970026
129.95 129.9 130 0.0008051494842
130.05 130 130.1 -0.00161738667
130.15 130.1 130.2 7.872453217e-05
130.25 130.2 130.3 -0.00177914935
130.35 130.3 130.4 -0.002085063305
130.45 130.4 130.5 -0.0005343140605
130.55 130.5 130.6 -0.001220425573
130.65 130.6 130.7 -0.0003804695562
130.75 130.7 130.8 0.0002118154282
130.85 130.8 130.9 0.000383329455
130.95 130.9 131 -0.001211553129
131.05 131 131.1 -0.002392680238
131.15 131.1 131.2 -0.002815489841
131.25 131.2 131.3 0.0003186389679
131.35 131.3 131.4 -0.001596440782
131.45 131.4 131.5 -0.001034231931
131.55 131.5 131.6 -0.001471251175
131.65 131.6 131.7 -0.0009987030378
131.75 131.7 131.8 0.0009962884533
131.85 131.8 131.9 -0.001250398347
131.95 131.9 132 -0.000208123997
132.05 132 132.1 -0.0007203020873
132.15 132.1 132.2 -0.001009981342
132.25 132.2 132.3 -0.0005857834286
132.35 132.3 132.4 -0.00175295547
132.45 132.4 132.5 -0.0004659212897
132.55 132.5 132.6 0.0004004588302
132.65 132.6 132.7 0.000759951585
132.75 132.7 132.8 -0.001358721843
132.85 132.8 132.9 -0.001065763666
132.95 132.9 133 -0.0007600965773
133.05 133 133.1 -0.00057004842
133.15 133.1 133.2 -0.000581799827
133.25 133.2 133.3 -0.00203699149
133.35 133.3 133.4 -0.002132582072
133.45 133.4 133.5 -0.0001505699168
133.55 133.5 133.6 -0.001180121638
133.65 133.6 133.7 -0.001732284376
133.75 133.7 133.8 -0.0007789687831
133.85 133.8 133.9 -0.00240637052
133.95 133.9 134 -0.000610140747
134.05 134 134.1 -0.0007597529486
134.15 134.1 134.2 -0.0004647938461
134.25 134.2 134.3 -0.001412899187
134.35 134.3 134.4 -0.001530216448
134.45 134.4 134.5 -0.0004303899172
134.55 134.5 134.6 0.0002835035023
134.65 134.6 134.7 -0.0007053729058
134.75 134.7 134.8 -0.001712978703
134.85 134.8 134.9 -0.0004294109728
134.95 134.9 135 -0.0004623521368
135.05 135 135.1 -0.0009531016161
135.15 135.1 135.2 -0.002339725364
135.25 135.2 135.3 -0.001020355656
135.35 135.3 135.4 0.001006911282
135.45 135.4 135.5 -0.001905456079
135.55 135.5 135.6 -0.00151773135
135.65 135.6 135.7 0.0005235782659
135.75 135.7 135.8 0.0004880879142
135.85 135.8 135.9 0.0006251803881
135.95 135.9 136 -0.0001733322109
136.05 136 136.1 0.00223280457
136.15 136.1 136.2 -0.001186600273
136.25 136.2 136.3 7.858804485e-05
136.35 136.3 136.4 -0.0004990357132
136.45 136.4 136.5 -0.00138213444
136.55 136.5 136.6 0.0004115490681
136.65 136.6 136.7 -0.002316938761
136.75 136.7 136.8 0.0006414362872
136.85 136.8 136.9 7.932777663e-06
136.95 136.9 137 0.0009835071728
137.05 137 137.1 -0.001046909015
137.15 137.1 137.2 -0.002285100303
137.25 137.2 137.3 -0.0004305160393
137.35 137.3 137.4 -0.0002685815201
137.45 137.4 137.5 -0.000811444444
137.55 137.5 137.6 -0.001482211586
137.65 137.6 137.7 -0.0005027272285
137.75 137.7 137.8 0.0007248062833
137.85 137.8 137.9 -0.0005043800601
137.95 137.9 138 0.0001670476753
138.05 138 138.1 0.0003952899849
138.15 138.1 138.2 -0.001524932518
138.25 138.2 138.3 6.744274131e-06
138.35 138.3 138.4 -0.001038640533
138.45 138.4 138.5 -0.0007113365162
138.55 138.5 138.6 -0.001301416829
138.65 138.6 138.7 -0.001540420233
138.75 138.7 138.8 -0.002327093338
138.85 138.8 138.9 -0.000523938278
138.95 138.9 139 0.001232157655
139.05 139 139.1 0.0001694867946
139.15 139.1 139.2 -0.002785941081
139.25 139.2 139.3 -0.001346863261
139.35 139.3 139.4 -0.00069758074
139.45 139.4 139.5 0.0009186625192
139.55 139.5 139.6 -0.0006895080227
139.65 139.6 139.7 -0.001928670659
139.75 139.7 139.8 -0.00106590698
139.85 139.8 139.9 -0.0005796954597
139.95 139.9 140 -0.0003383507516
140.05 140 140.1 0.001124087271
140.15 140.1 140.2 -0.001755157585
140.25 140.2 140.3 -0.0006969332662
140.35 140.3 140.4 -0.002099361711
140.45 140.4 140.5 -0.001204641249
140.55 140.5 140.6 0.001099977844
140.65 140.6 140.7 -0.0005478503026
140.75 140.7 140.8 -0.001567060674
140.85 140.8 140.9 -7.672745146e-05
140.95 140.9 141 -0.0001930463357
141.05 141 141.1 -0.001503330075
141.15 141.1 141.2 -0.0003266000882
141.25 141.2 141.3 0.0004138388505
141.35 141.3 141.4 -0.001206163574
141.45 141.4 141.5 -0.00146562717
141.55 141.5 141.6 0.0004789850655
141.65 141.6 141.7 -0.001099391089
141.75 141.7 141.8 -0.00181234385
141.85 141.8 141.9 5.458072059e-05
141.95 141.9 142 -0.0008198589636
142.05 142 142.1 0.0004422546045
142.15 142.1 142.2 0.0005918992954
142.25 142.2 142.3 -0.001847370512
142.35 142.3 142.4 -0.0001011230066
142.45 142.4 142.5 -0.002423344961
142.55 142.5 142.6 2.327487286e-05
142.65 142.6 142.7 3.489402614e-05
142.75 142.7 142.8 -0.00044949223
142.85 142.8 142.9 0.0002954321195
142.95 142.9 143 0.001403699109
143.05 143 143.1 -0.001647310322
143.15 143.1 143.2 -0.001913035499
143.25 143.2 143.3 7.522764605e-05
143.35 143.3 143.4 -0.0005466581195
143.45 143.4 143.5 0.0003631601701
143.55 143.5 143.6 -0.001359749306
143.65 143.6 143.7 -0.0005009053458
143.75 143.7 143.8 -0.0008722988821
143.85 143.8 143.9 -0.002440397713
143.95 143.9 144 -0.0006542333148
144.05 144 144.1 0.0006584117055
144.15 144.1 144.2 -0.002444330221
144.25 144.2 144.3 -0.0005828449394
144.35 144.3 144.4 0.000975931494
144.45 144.4 144.5 -0.0003027336398
144.55 144.5 144.6 -0.002019320269
144.65 144.6 144.7 2.594264532e-05
144.75 144.7 144.8 0.0005183975531
144.85 144.8 144.9 -0.001406897676
144.95 144.9 145 0.0006725198323
145.05 145 145.1 0.0002093436097
145.15 145.1 145.2 4.343303603e-05
145.25 145.2 145.3 0.001361618171
145.35 145.3 145.4 -0.0003828402135
145.45 145.4 145.5 -0.0001994624124
145.55 145.5 145.6 -0.0003338542924
145.65 145.6 145.7 -0.0007315806134
145.75 145.7 145.8 0.0007092285143
145.85 145.8 145.9 -0.00098772619
145.95 145.9 146 0.001222828045
146.05 146 146.1 -0.001346675906
146.15 146.1 146.2 -0.001352801491
146.25 146.2 146.3 -0.00170130682
146.35 146.3 146.4 -1.669261118e-05
146.45 146.4 146.5 -0.0001971738642
146.55 146.5 146.6 -0.0005334447251
146.65 146.6 146.7 -0.0007038215384
146.75 146.7 146.8 -0.0005526861946
146.85 146.8 146.9 -0.0005894976771
146.95 146.9 147 -0.0002632124236
147.05 147 147.1 0.0004879651908
147.15 147.1 147.2 -0.0001607495512
147.25 147.2 147.3 -0.001121760775
147.35 147.3 147.4 -0.0005721344835
147.45 147.4 147.5 -0.0007822863186
147.55 147.5 147.6 -0.0005377716533
147.65 147.6 147.7 -1.055470805e-05
147.75 147.7 147.8 0.000409520827
147.85 147.8 147.9 -0.00173540959
147.95 147.9 148 -0.002172907615
148.05 148 148.1 -2.203707016e-06
148.15 148.1 148.2 -0.001428980895
148.25 148.2 148.3 -0.0006053461044
148.35 148.3 148.4 0.0003125365499
148.45 148.4 148.5 0.0009140610688
148.55 148.5 148.6 -0.001407332788
148.65 148.6 148.7 -0.001482409748
148.75 148.7 148.8 -0.00142900934
148.85 148.8 148.9 -0.0006969175755
148.95 148.9 149 -6.649557986e-05
149.05 149 149.1 -0.001965038273
149.15 149.1 149.2 -0.0003490300738
149.25 149.2 149.3 0.0005970591101
149.35 149.3 149.4 -0.0001038440343
149.45 149.4 149.5 -0.0007046740003
149.55 149.5 149.6 0.00038957605
149.65 149.6 149.7 0.0001150297173
149.75 149.7 149.8 -0.002054539016
149.85 149.8 149.9 -0.0003250430449
149.95 149.9 150 -0.0002715577881
150.05 150 150.1 -0.000430686645
150.15 150.1 150.2 -0.002812087005
150.25 150.2 150.3 -0.0009191556224
150.35 150.3 150.4 -0.003592326072
150.45 150.4 150.5 -0.001593678138
150.55 150.5 150.6 -0.001248080898
150.65 150.6 150.7 4.418615301e-05
150.75 150.7 150.8 0.002151874013
150.85 150.8 150.9 -0.0001346191996
150.95 150.9 151 -0.000315148544
151.05 151 151.1 -0.0002966095708
151.15 151.1 151.2 -0.0007591663529
151.25 151.2 151.3 -0.002303923305
151.35 151.3 151.4 0.0003695098938
151.45 151.4 151.5 -0.0006186563622
151.55 151.5 151.6 0.0001575772
151.65 151.6 151.7 -0.001869065534
151.75 151.7 151.8 -0.001179198966
151.85 151.8 151.9 -0.0006092199659
151.95 151.9 152 0.0001013829753
152.05 152 152.1 -0.001327467682
152.15 152.1 152.2 -0.001204359606
152.25 152.2 152.3 -0.0005801634392
152.35 152.3 152.4 -0.001340093816
152.45 152.4 152.5 -0.001233696069
152.55 152.5 152.6 -0.002028092108
152.65 152.6 152.7 -0.00134811112
152.75 152.7 152.8 -0.0003159007231
152.85 152.8 152.9 -0.001151646897
152.95 152.9 153 0.0005102526047
153.05 153 153.1 -0.00113387163
153.15 153.1 153.2 -0.0005961624382
153.25 153.2 153.3 0.0001025751895
153.35 153.3 153.4 -0.001549992746
153.45 153.4 153.5 0.0001357139286
153.55 153.5 153.6 0.0006802844498
153.65 153.6 153.7 -5.23325877e-05
153.75 153.7 153.8 -0.002110468565
153.85 153.8 153.9 -0.001792656726
153.95 153.9 154 -0.00126875377
154.05 154 154.1 -0.0009721568982
154.15 154.1 154.2 -0.001215869593
154.25 154.2 154.3 -0.0005591448132
154.35 154.3 154.4 -0.0001349969838
154.45 154.4 154.5 -0.000849094182
154.55 154.5 154.6 -0.0009649372168
154.65 154.6 154.7 -0.00251186021
154.75 154.7 154.8 -0.001390542853
154.85 154.8 154.9 9.500195124e-05
154.95 154.9 155 -0.0004688553485
155.05 155 155.1 -0.001126524428
155.15 155.1 155.2 -0.0007104015594
155.25 155.2 155.3 3.91177638e-05
155.35 155.3 155.4 -0.001091728411
155.45 155.4 155.5 -0.0009956349208
155.55 155.5 155.6 -0.000532003496
155.65 155.6 155.7 -0.002013115469
155.75 155.7 155.8 -0.0004951322571
155.85 155.8 155.9 -0.0005761558704
155.95 155.9 156 0.0001737418366
156.05 156 156.1 -0.001229324933
156.15 156.1 156.2 -0.001456748264
156.25 156.2 156.3 -0.0007953356187
156.35 156.3 156.4 -0.002493872459
156.45 156.4 156.5 -0.002385954642
156.55 156.5 156.6 -0.001517350009
156.65 156.6 156.7 -0.001396165873
156.75 156.7 156.8 -0.002044713854
156.85 156.8 156.9 -0.0009435819462
156.95 156.9 157 -0.0003233351339
157.05 157 157.1 -0.001541408158
157.15 157.1 157.2 -0.0006040047681
157.25 157.2 157.3 0.0002091307065
157.35 157.3 157.4 -0.001539588256
157.45 157.4 157.5 -0.001410882547
157.55 157.5 157.6 -1.949293123e-05
157.65 157.6 157.7 -0.0005897496928
157.75 157.7 157.8 -0.0001405192328
157.85 157.8 157.9 -0.001236099839
157.95 157.9 158 -0.002285300542
158.05 158 158.1 -0.001122194574
158.15 158.1 158.2 -0.00222069537
158.25 158.2 158.3 -0.001897856369
158.35 158.3 158.4 -0.002766486034
158.45 158.4 158.5 -0.00197303607
158.55 158.5 158.6 -0.001060083218
158.65 158.6 158.7 -0.002287817264
158.75 158.7 158.8 -0.002462159625
158.85 158.8 158.9 6.936670576e-05
158.95 158.9 159 -0.0009931551206
159.05 159 159.1 -0.0005904553498
159.15 159.1 159.2 -0.002026156629
159.25 159.2 159.3 -0.001897883478
159.35 159.3 159.4 0.0007421850043
159.45 159.4 159.5 -0.0007883069098
159.55 159.5 159.6 -0.001120143291
159.65 159.6 159.7 -0.0003178011519
159.75 159.7 159.8 -0.001539514481
159.85 159.8 159.9 -0.001222881521
159.95 159.9 160 -0.001026568591
160.05 160 160.1 -0.002032191987
160.15 160.1 160.2 -0.001303050484
160.25 160.2 160.3 0.0005523630904
160.35 160.3 160.4 0.0005125969622
160.45 160.4 160.5 -0.002328202275
160.55 160.5 160.6 -0.001089491366
160.65 160.6 160.7 -0.0004307001575
160.75 160.7 160.8 -0.001385689894
160.85 160.8 160.9 -0.002491591326
160.95 160.9 161 -0.002668185419
161.05 161 161.1 -0.001137977906
161.15 161.1 161.2 0.0002215417751
161.25 161.2 161.3 -0.002769704656
161.35 161.3 161.4 -0.0007924136811
161.45 161.4 161.5 -0.000442429248
161.55 161.5 161.6 -0.001185175161
161.65 161.6 161.7 -0.0003148022237
161.75 161.7 161.8 -0.0008534665405
161.85 161.8 161.9 -7.097205422e-06
161.95 161.9 162 -0.0007291922403
162.05 162 162.1 0.0007440398307
162.15 162.1 162.2 -0.001564784043
162.25 162.2 162.3 -0.0006485046268
162.35 162.3 162.4 -0.001647005991
162.45 162.4 162.5 -0.001494206275
162.55 162.5 162.6 -0.001273122263
162.65 162.6 162.7 -0.001397238459
162.75 162.7 162.8 -0.001269467802
162.85 162.8 162.9 -0.001228008257
162.95 162.9 163 -0.0002658746281
163.05 163 163.1 -0.00127816622
163.15 163.1 163.2 -0.001479286031
163.25 163.2 163.3 -0.001369799506
163.35 163.3 163.4 -0.0008842060669
163.45 163.4 163.5 -0.002697627416
163.55 163.5 163.6 -0.001324005191
163.65 163.6 163.7 -0.00220031643
163.75 163.7 163.8 -0.00332922288
163.85 163.8 163.9 -0.00149027246
163.95 163.9 164 -0.00269265113
164.05 164 164.1 -0.001419353153
164.15 164.1 164.2 -0.001418377998
164.25 164.2 164.3 -0.001221316386
164.35 164.3 164.4 -0.0006257515222
164.45 164.4 164.5 -0.001640232472
164.55 164.5 164.6 -0.002307833453
164.65 164.6 164.7 -0.002534910349
164.75 164.7 164.8 -9.406909141e-05
164.85 164.8 164.9 -0.0022605565
164.95 164.9 165 -0.002485636002
165.05 165 165.1 -0.0003702348113
165.15 165.1 165.2 -0.001698358583
165.25 165.2 165.3 -0.001027194755
165.35 165.3 165.4 -0.0007870588117
165.45 165.4 165.5 -0.001607714841
165.55 165.5 165.6 -0.0009375287839
165.65 165.6 165.7 -0.002774793523
165.75 165.7 165.8 -0.001899627363
165.85 165.8 165.9 -0.002666706992
165.95 165.9 166 -0.001498899329
166.05 166 166.1 -0.001371682983
166.15 166.1 166.2 -0.001884334933
166.25 166.2 166.3 -0.0006333996745
166.35 166.3 166.4 -0.001284658634
166.45 166.4 166.5 0.0005084363728
166.55 166.5 166.6 -0.001460399656
166.65 166.6 166.7 -0.0004434964967
166.75 166.7 166.8 -0.001416198865
166.85 166.8 166.9 -0.0009638874238
166.95 166.9 167 -0.001857671849
167.05 167 167.1 0.0002135867583
167.15 167.1 167.2 -0.0003412210404
167.25 167.2 167.3 -0.001581704529
167.35 167.3 167.4 -0.003482057558
167.45 167.4 167.5 -0.002377378295
167.55 167.5 167.6 -0.001322555222
167.65 167.6 167.7 0.0002098279898
167.75 167.7 167.8 -0.003251879897
167.85 167.8 167.9 -0.0004505319335
167.95 167.9 168 -0.0009338576391
168.05 168 168.1 -0.001799795296
168.15 168.1 168.2 -0.002943389615
168.25 168.2 168.3 -0.002038234629
168.35 168.3 168.4 -0.001964420633
168.45 168.4 168.5 -7.789169482e-05
168.55 168.5 168.6 -0.002585758587
168.65 168.6 168.7 -0.002289354998
168.75 168.7 168.8 -0.001133277849
168.85 168.8 168.9 -0.001060551277
168.95 168.9 169 -0.002558202093
169.05 169 169.1 5.418749356e-05
169.15 169.1 169.2 -0.001211359741
169.25 169.2 169.3 -0.002226514146
169.35 169.3 169.4 -0.0009032593923
169.45 169.4 169.5 -0.001306210088
169.55 169.5 169.6 -0.001949185933
169.65 169.6 169.7 -0.001372720281
169.75 169.7 169.8 -0.001289840961
169.85 169.8 169.9 -0.002092728931
169.95 169.9 170 -0.0007632622471
170.05 170 170.1 -0.001140923748
170.15 170.1 170.2 -0.001302059124
170.25 170.2 170.3 -0.002239297365
170.35 170.3 170.4 -0.001865388019
170.45 170.4 170.5 -0.002415848199
170.55 170.5 170.6 -0.003353290908
170.65 170.6 170.7 -0.001230841402
170.75 170.7 170.8 -0.0009952057298
170.85 170.8 170.9 -0.000968606119
170.95 170.9 171 -0.001041015004
171.05 171 171.1 -0.001539900162
171.15 171.1 171.2 -0.002349961847
171.25 171.2 171.3 -0.0002900124036
171.35 171.3 171.4 -9.490748779e-05
171.45 171.4 171.5 -0.001100537339
171.55 171.5 171.6 -0.001010071585
171.65 171.6 171.7 -0.0007720350581
171.75 171.7 171.8 -0.0004951073419
171.85 171.8 171.9 -0.000744545143
171.95 171.9 172 -0.001155477713
172.05 172 172.1 -0.001044185957
172.15 172.1 172.2 -0.0016790649
172.25 172.2 172.3 -0.001593693126
172.35 172.3 172.4 -0.001131991963
172.45 172.4 172.5 -0.0006345312693
172.55 172.5 172.6 -0.001191915433
172.65 172.6 172.7 0.0004260372016
172.75 172.7 172.8 -0.000896579637
172.85 172.8 172.9 -0.0007082298811
172.95 172.9 173 -0.001597104519
173.05 173 173.1 -0.001048364342
173.15 173.1 173.2 -0.00204865908
173.25 173.2 173.3 -0.001176571712
173.35 173.3 173.4 -0.001058175188
173.45 173.4 173.5 -0.0001475675987
173.55 173.5 173.6 -0.002639421016
173.65 173.6 173.7 -0.001978896592
173.75 173.7 173.8 -0.001277780241
173.85 173.8 173.9 -0.001809385094
173.95 173.9 174 -0.0006558914216
174.05 174 174.1 -0.000387542816
174.15 174.1 174.2 -0.000189767154
174.25 174.2 174.3 -0.001372431452
174.35 174.3 174.4 -0.001691961675
174.45 174.4 174.5 -0.001374546874
174.55 174.5 174.6 -0.001227980718
174.65 174.6 174.7 -0.00036865752
174.75 174.7 174.8 -0.001367019311
174.85 174.8 174.9 -0.0006080241676
174.95 174.9 175 -0.000518737824
175.05 175 175.1 -0.00102645475
175.15 175.1 175.2 -0.002071398484
175.25 175.2 175.3 -0.00166854178
175.35 175.3 175.4 -0.0009915243986
175.45 175.4 175.5 -0.001004260331
175.55 175.5 175.6 -0.001649486319
175.65 175.6 175.7 -0.0009308574099
175.75 175.7 175.8 -0.002191526439
175.85 175.8 175.9 -0.000377200842
175.95 175.9 176 -0.001252135538
176.05 176 176.1 -0.002850847873
176.15 176.1 176.2 -0.000855759202
176.25 176.2 176.3 -0.0008600822407
176.35 176.3 176.4 -0.0007643631352
176.45 176.4 176.5 -0.001413865383
176.55 176.5 176.6 -0.001816332578
176.65 176.6 176.7 -0.0002954549765
176.75 176.7 176.8 -0.001591803428
176.85 176.8 176.9 -0.001053888801
176.95 176.9 177 -0.0003138883644
177.05 177 177.1 -0.00138875099
177.15 177.1 177.2 0.0001456406388
177.25 177.2 177.3 0.0002412360881
177.35 177.3 177.4 -0.002156389863
177.45 177.4 177.5 -0.001987026553
177.55 177.5 177.6 0.0001974341277
177.65 177.6 177.7 -0.001159470078
177.75 177.7 177.8 -0.001603608539
177.85 177.8 177.9 -0.002263775048
177.95 177.9 178 -0.002355419783
178.05 178 178.1 -0.001530108709
178.15 178.1 178.2 -0.0007686735433
178.25 178.2 178.3 -0.001196127177
178.35 178.3 178.4 -0.002349355645
178.45 178.4 178.5 -0.0005793311773
178.55 178.5 178.6 -0.0007058922067
178.65 178.6 178.7 -0.003495748476
178.75 178.7 178.8 -0.001081181188
178.85 178.8 178.9 -0.001068376549
178.95 178.9 179 -0.00153731603
179.05 179 179.1 -0.001010206695
179.15 179.1 179.2 -0.001336528201
179.25 179.2 179.3 0.0004536107686
179.35 179.3 179.4 -0.0009220970175
179.45 179.4 179.5 -0.001211051488
179.55 179.5 179.6 -0.001446738743
179.65 179.6 179.7 -0.001062163252
179.75 179.7 179.8 -0.0009801030953
179.85 179.8 179.9 -0.0006332024722
179.95 179.9 180 -3.564154503e-05
180.05 180 180.1 -0.001880490566
180.15 180.1 180.2 -0.0004573269895
180.25 180.2 180.3 -0.0008511824865
180.35 180.3 180.4 -0.001984507533
180.45 180.4 180.5 0.0003956902197
180.55 180.5 180.6 -6.473738018e-05
180.65 180.6 180.7 -0.0002228277603
180.75 180.7 180.8 -0.002413968672
180.85 180.8 180.9 -0.001398219933
180.95 180.9 181 -0.0009690655417
181.05 181 181.1 0.0005008813124
181.15 181.1 181.2 -0.000322401239
181.25 181.2 181.3 -0.0002818991319
181.35 181.3 181.4 -0.000967619012
181.45 181.4 181.5 -0.002126281716
181.55 181.5 181.6 -0.001410851054
181.65 181.6 181.7 -0.002428439606
181.75 181.7 181.8 0.0004640747564
181.85 181.8 181.9 -0.0009773728605
181.95 181.9 182 -0.0006370635261
182.05 182 182.1 -0.00125722461
182.15 182.1 182.2 -0.00136240986
182.25 182.2 182.3 -0.0002215955524
182.35 182.3 182.4 -0.00251156208
182.45 182.4 182.5 -4.166362385e-06
182.55 182.5 182.6 -0.0007213715602
182.65 182.6 182.7 -0.001849188784
182.75 182.7 182.8 -0.001250016943
182.85 182.8 182.9 -0.0009503105638
182.95 182.9 183 -0.002649757044
183.05 183 183.1 -0.0001294482148
183.15 183.1 183.2 -0.0007924414718
183.25 183.2 183.3 -0.0003410668155
183.35 183.3 183.4 0.00146401065
183.45 183.4 183.5 -0.0002107944941
183.55 183.5 183.6 -0.000170120292
183.65 183.6 183.7 -0.001101404999
183.75 183.7 183.8 -0.00114983351
183.85 183.8 183.9 0.000655016337
183.95 183.9 184 -0.0004264426181
184.05 184 184.1 -0.001360777269
184.15 184.1 184.2 -0.0008623244785
184.25 184.2 184.3 -0.001312431797
184.35 184.3 184.4 -0.0008746403079
184.45 184.4 184.5 -0.001060421127
184.55 184.5 184.6 -0.001850990179
184.65 184.6 184.7 -0.000831913888
184.75 184.7 184.8 0.0002475253876
184.85 184.8 184.9 -0.002403599304
184.95 184.9 185 -0.001488036542
185.05 185 185.1 -0.0012305732
185.15 185.1 185.2 0.0002033902122
185.25 185.2 185.3 -0.00098904341
185.35 185.3 185.4 -0.00132779035
185.45 185.4 185.5 -0.001016720206
185.55 185.5 185.6 -0.0009705473618
185.65 185.6 185.7 -0.001550356515
185.75 185.7 185.8 -0.0001097587117
185.85 185.8 185.9 0.0005536561689
185.95 185.9 186 0.0002264408783
186.05 186 186.1 0.0001798986709
186.15 186.1 186.2 0.0002487511799
186.25 186.2 186.3 0.00019734966
186.35 186.3 186.4 -0.0005936897626
186.45 186.4 186.5 -0.0008530790827
186.55 186.5 186.6 -0.0005169733687
186.65 186.6 186.7 -0.00210466694
186.75 186.7 186.8 0.0001786675635
186.85 186.8 186.9 -0.001565852684
186.95 186.9 187 -9.317592908e-05
187.05 187 187.1 -0.001356337568
187.15 187.1 187.2 -0.001060552666
187.25 187.2 187.3 -0.0006667125266
187.35 187.3 187.4 -0.001778806518
187.45 187.4 187.5 8.867748238e-05
187.55 187.5 187.6 0.0004541363243
187.65 187.6 187.7 -0.0001003551486
187.75 187.7 187.8 -0.001265567345
187.85 187.8 187.9 -0.0001114191725
187.95 187.9 188 -0.001197223923
188.05 188 188.1 -0.0006266290127
188.15 188.1 188.2 -0.001550427202
188.25 188.2 188.3 3.475483914e-05
188.35 188.3 188.4 -0.0009140337037
188.45 188.4 188.5 -0.0001004426183
188.55 188.5 188.6 0.001179101206
188.65 188.6 188.7 -0.0003947242277
188.75 188.7 188.8 -0.001715602629
188.85 188.8 188.9 -0.0007165465105
188.95 188.9 189 -0.002115606438
189.05 189 189.1 -0.0001440171139
189.15 189.1 189.2 0.0002074618557
189.25 189.2 189.3 0.0008669484822
189.35 189.3 189.4 -4.223738981e-05
189.45 189.4 189.5 0.0001944300772
189.55 189.5 189.6 -0.001888558471
189.65 189.6 189.7 0.0008744524933
189.75 189.7 189.8 -0.0003296286184
189.85 189.8 189.9 -0.0009391700249
189.95 189.9 190 -0.001584760661
190.05 190 190.1 0.001092836777
190.15 190.1 190.2 0.0005889525404
190.25 190.2 190.3 0.001226481054
190.35 190.3 190.4 -0.0004973119494
190.45 190.4 190.5 0.000430423272
190.55 190.5 190.6 -7.607805002e-05
190.65 190.6 190.7 0.001574880593
190.75 190.7 190.8 -0.0009637459536
190.85 190.8 190.9 0.000306748932
190.95 190.9 191 0.001392464449
191.05 191 191.1 5.998632187e-05
191.15 191.1 191.2 0.0006387618864
191.25 191.2 191.3 -0.001870033545
191.35 191.3 191.4 -0.001022909933
191.45 191.4 191.5 0.0006426741396
191.55 191.5 191.6 0.0003410888082
191.65 191.6 191.7 -0.0001748109537
191.75 191.7 191.8 -5.467270446e-05
191.85 191.8 191.9 0.0001169948331
191.95 191.9 192 0.0006018409637
192.05 192 192.1 -0.0001393847992
192.15 192.1 192.2 -0.001723300363
192.25 192.2 192.3 0.0006375758231
192.35 192.3 192.4 -3.501223447e-05
192.45 192.4 192.5 -0.000672117659
192.55 192.5 192.6 0.0007245946104
192.65 192.6 192.7 -0.00076228945
192.75 192.7 192.8 0.0006842201383
192.85 192.8 192.9 0.0007964286585
192.95 192.9 193 7.806626813e-05
193.05 193 193.1 -0.001003956667
193.15 193.1 193.2 -0.0005218330727
193.25 193.2 193.3 0.001239185442
193.35 193.3 193.4 -0.0003132372884
193.45 193.4 193.5 -7.700636181e-05
193.55 193.5 193.6 -0.000333543303
193.65 193.6 193.7 0.0003947854248
193.75 193.7 193.8 0.0004812249248
193.85 193.8 193.9 -3.290904634e-05
193.95 193.9 194 8.23588297e-05
194.05 194 194.1 0.001199835619
194.15 194.1 194.2 -0.0005810113432
194.25 194.2 194.3 -0.0003293988898
194.35 194.3 194.4 0.000775406766
194.45 194.4 194.5 -0.0003644725381
194.55 194.5 194.6 -0.001402051826
194.65 194.6 194.7 0.001276415977
194.75 194.7 194.8 -0.0009137717915
194.85 194.8 194.9 -0.001106770369
194.95 194.9 195 -0.001046964363
195.05 195 195.1 0.0007809328801
195.15 195.1 195.2 0.0005103484877
195.25 195.2 195.3 8.497924868e-06
195.35 195.3 195.4 -0.0001018133111
195.45 195.4 195.5 0.0002253301682
195.55 195.5 195.6 -4.723024916e-05
195.65 195.6 195.7 0.0008217383237
195.75 195.7 195.8 -0.0001013505886
195.85 195.8 195.9 -0.0009205482741
195.95 195.9 196 -0.001111745598
196.05 196 196.1 0.001826444571
196.15 196.1 196.2 -0.001218223541
196.25 196.2 196.3 -0.0001674004275
196.35 196.3 196.4 0.0003661258067
196.45 196.4 196.5 -0.0003908295358
196.55 196.5 196.6 -0.0004209041353
196.65 196.6 196.7 -0.0006725501265
196.75 196.7 196.8 0.0008813351201
196.85 196.8 196.9 0.0001047607932
196.95 196.9 197 -0.0006174344024
197.05 197 197.1 -0.0008651901043
197.15 197.1 197.2 -2.988079053e-05
197.25 197.2 197.3 -0.000858874947
197.35 197.3 197.4 -0.001202930705
197.45 197.4 197.5 -0.001170011716
197.55 197.5 197.6 0.0009091527398
197.65 197.6 197.7 -0.0002186902516
197.75 197.7 197.8 0.0008178293277
197.85 197.8 197.9 -0.0008793651725
197.95 197.9 198 -0.001629407314
198.05 198 198.1 -0.0009566408908
198.15 198.1 198.2 -0.0005995125341
198.25 198.2 198.3 -0.0002392634838
198.35 198.3 198.4 -0.000434675899
198.45 198.4 198.5 0.0004532865935
198.55 198.5 198.6 0.0002792446219
198.65 198.6 198.7 -0.001338136095
198.75 198.7 198.8 2.469770158e-05
198.85 198.8 198.9 0.0002883446722
198.95 198.9 199 0.001037893257
199.05 199 199.1 -2.945253053e-06
199.15 199.1 199.2 -0.001041818332
199.25 199.2 199.3 0.001449972301
199.35 199.3 199.4 -4.414610764e-05
199.45 199.4 199.5 0.0003597853872
199.55 199.5 199.6 0.001415225194
199.65 199.6 199.7 0.0003903525655
199.75 199.7 199.8 -0.0003624367375
199.85 199.8 199.9 0.0006305160231
199.95 199.9 200 0.0007110183229
