# Columns: s_cen(1) s_min(2) s_max(3) xi_iso(4)
0.05 0 0.1 27.36479254
0.15 0.1 0.2 10.52966911
0.25 0.2 0.3 15.64647705
0.35 0.3 0.4 16.50294378
0.45 0.4 0.5 19.56957763
0.55 0.5 0.6 20.58088836
0.65 0.6 0.7 22.96827358
0.75 0.7 0.8 23.35085078
0.85 0.8 0.9 20.2064424
0.95 0.9 1 20.61024488
1.05 1 1.1 20.399965
1.15 1.1 1.2 19.32248214
1.25 1.2 1.3 18.5596834
1.35 1.3 1.4 16.56143744
1.45 1.4 1.5 16.78631561
1.55 1.5 1.6 16.1354183
1.65 1.6 1.7 15.1452236
1.75 1.7 1.8 14.81126311
1.85 1.8 1.9 13.22036769
1.95 1.9 2 12.23034098
2.05 2 2.1 11.4866808
2.15 2.1 2.2 10.85301659
2.25 2.2 2.3 10.73922356
2.35 2.3 2.4 10.27986927
2.45 2.4 2.5 9.327058428
2.55 2.5 2.6 8.576940611
2.65 2.6 2.7 8.205524144
2.75 2.7 2.8 7.475703861
2.85 2.8 2.9 7.302342055
2.95 2.9 3 6.82852654
3.05 3 3.1 6.790798535
3.15 3.1 3.2 6.097944403
3.25 3.2 3.3 5.966315403
3.35 3.3 3.4 5.865233278
3.45 3.4 3.5 5.636643203
3.55 3.5 3.6 5.670092989
3.65 3.6 3.7 5.15409278
3.75 3.7 3.8 5.273645798
3.85 3.8 3.9 4.991242087
3.95 3.9 4 4.583533552
4.05 4 4.1 4.486112023
4.15 4.1 4.2 4.283673224
4.25 4.2 4.3 4.11046638
4.35 4.3 4.4 4.069674627
4.45 4.4 4.5 3.901589041
4.55 4.5 4.6 3.87437502
4.65 4.6 4.7 3.744537518
4.75 4.7 4.8 3.649101304
4.85 4.8 4.9 3.653085415
4.95 4.9 5 3.545034147
5.05 5 5.1 3.353791523
5.15 5.1 5.2 3.220233775
5.25 5.2 5.3 3.071361743
5.35 5.3 5.4 3.083547871
5.45 5.4 5.5 2.880959435
5.55 5.5 5.6 2.833069354
5.65 5.6 5.7 2.815378834
5.75 5.7 5.8 2.72288771
5.85 5.8 5.9 2.615373603
5.95 5.9 6 2.66574004
6.05 6 6.1 2.526265832
6.15 6.1 6.2 2.44349998
6.25 6.2 6.3 2.450853426
6.35 6.3 6.4 2.430366925
6.45 6.4 6.5 2.316752475
6.55 6.5 6.6 2.292548011
6.65 6.6 6.7 2.239944106
6.75 6.7 6.8 2.156484242
6.85 6.8 6.9 2.058419103
6.95 6.9 7 2.08986862
7.05 7 7.1 1.985677258
7.15 7.1 7.2 1.98310396
7.25 7.2 7.3 1.867157669
7.35 7.3 7.4 1.908097344
7.45 7.4 7.5 1.898944789
7.55 7.5 7.6 1.738569397
7.65 7.6 7.7 1.745050405
7.75 7.7 7.8 1.707905585
7.85 7.8 7.9 1.609418971
7.95 7.9 8 1.641441354
8.05 8 8.1 1.683123151
8.15 8.1 8.2 1.618210005
8.25 8.2 8.3 1.515495556
8.35 8.3 8.4 1.492546177
8.45 8.4 8.5 1.426320122
8.55 8.5 8.6 1.451741554
8.65 8.6 8.7 1.372390394
8.75 8.7 8.8 1.386443203
8.85 8.8 8.9 1.38032056
8.95 8.9 9 1.296363101
9.05 9 9.1 1.245836714
9.15 9.1 9.2 1.274136902
9.25 9.2 9.3 1.214948907
9.35 9.3 9.4 1.196794476
9.45 9.4 9.5 1.221027816
9.55 9.5 9.6 1.172328202
9.65 9.6 9.7 1.174806737
9.75 9.7 9.8 1.100761343
9.85 9.8 9.9 1.117304801
9.95 9.9 10 1.086666777
10.05 10 10.1 1.068529817
10.15 10.1 10.2 1.069346339
10.25 10.2 10.3 0.9903564126
10.35 10.3 10.4 1.040097258
10.45 10.4 10.5 1.03040171
10.55 10.5 10.6 1.010191746
10.65 10.6 10.7 0.9553536025
10.75 10.7 10.8 0.9366939176
10.85 10.8 10.9 0.9782795394
10.95 10.9 11 0.9566058015
11.05 11 11.1 0.9098013178
11.15 11.1 11.2 0.8867411075
11.25 11.2 11.3 0.9001673967
11.35 11.3 11.4 0.8358227241
11.45 11.4 11.5 0.8520970695
11.55 11.5 11.6 0.8734971326
11.65 11.6 11.7 0.8041739587
11.75 11.7 11.8 0.7760912167
11.85 11.8 11.9 0.8232541553
11.95 11.9 12 0.7430056309
12.05 12 12.1 0.7776653967
12.15 12.1 12.2 0.7713412985
12.25 12.2 12.3 0.7390144227
12.35 12.3 12.4 0.7374165298
12.45 12.4 12.5 0.7637689707
12.55 12.5 12.6 0.7290689736
12.65 12.6 12.7 0.6807423082
12.75 12.7 12.8 0.6938078063
12.85 12.8 12.9 0.695816129
12.95 12.9 13 0.6888988699
13.05 13 13.1 0.6456270384
13.15 13.1 13.2 0.6735897167
13.25 13.2 13.3 0.6128610156
13.35 13.3 13.4 0.6453530307
13.45 13.4 13.5 0.6264971006
13.55 13.5 13.6 0.6485768917
13.65 13.6 13.7 0.6073094917
13.75 13.7 13.8 0.583930016
13.85 13.8 13.9 0.6008045968
13.95 13.9 14 0.6110173588
14.05 14 14.1 0.5846490019
14.15 14.1 14.2 0.585759562
14.25 14.2 14.3 0.5810216478
14.35 14.3 14.4 0.5909983119
14.45 14.4 14.5 0.5421988445
14.55 14.5 14.6 0.5439423049
14.65 14.6 14.7 0.5218275223
14.75 14.7 14.8 0.5514990804
14.85 14.8 14.9 0.5129373344
14.95 14.9 15 0.5562577737
15.05 15 15.1 0.5194659353
15.15 15.1 15.2 0.5027034088
15.25 15.2 15.3 0.4852647401
15.35 15.3 15.4 0.4931329796
15.45 15.4 15.5 0.4974585967
15.55 15.5 15.6 0.4835315491
15.65 15.6 15.7 0.4728417981
15.75 15.7 15.8 0.4358222986
15.85 15.8 15.9 0.4573520508
15.95 15.9 16 0.459747051
16.05 16 16.1 0.4477797775
16.15 16.1 16.2 0.4330676153
16.25 16.2 16.3 0.4402633032
16.35 16.3 16.4 0.4520249201
16.45 16.4 16.5 0.4548951292
16.55 16.5 16.6 0.4168601329
16.65 16.6 16.7 0.4107599489
16.75 16.7 16.8 0.4356611574
16.85 16.8 16.9 0.3854233074
16.95 16.9 17 0.3876342925
17.05 17 17.1 0.4125169851
17.15 17.1 17.2 0.3796100366
17.25 17.2 17.3 0.3899539607
17.35 17.3 17.4 0.3904517779
17.45 17.4 17.5 0.3711575525
17.55 17.5 17.6 0.3717448201
17.65 17.6 17.7 0.3790856175
17.75 17.7 17.8 0.3645908829
17.85 17.8 17.9 0.3412965631
17.95 17.9 18 0.3592856109
18.05 18 18.1 0.3377173677
18.15 18.1 18.2 0.3503061671
18.25 18.2 18.3 0.3259827323
18.35 18.3 18.4 0.3437155015
18.45 18.4 18.5 0.3505142415
18.55 18.5 18.6 0.3353830923
18.65 18.6 18.7 0.336083824
18.75 18.7 18.8 0.3209917431
18.85 18.8 18.9 0.329511869
18.95 18.9 19 0.3192916051
19.05 19 19.1 0.3295169964
19.15 19.1 19.2 0.2996719615
19.25 19.2 19.3 0.3239029256
19.35 19.3 19.4 0.3132416395
19.45 19.4 19.5 0.3017745727
19.55 19.5 19.6 0.296214916
19.65 19.6 19.7 0.2996642282
19.75 19.7 19.8 0.2981258939
19.85 19.8 19.9 0.2930886101
19.95 19.9 20 0.2896766442
20.05 20 20.1 0.2764227784
20.15 20.1 20.2 0.2835626341
20.25 20.2 20.3 0.2659270183
20.35 20.3 20.4 0.2514876072
20.45 20.4 20.5 0.2897416642
20.55 20.5 20.6 0.2869090337
20.65 20.6 20.7 0.2714674379
20.75 20.7 20.8 0.2813887624
20.85 20.8 20.9 0.2447284766
20.95 20.9 21 0.2766304683
21.05 21 21.1 0.260753369
21.15 21.1 21.2 0.257720616
21.25 21.2 21.3 0.2440010245
21.35 21.3 21.4 0.2486362635
21.45 21.4 21.5 0.2302857277
21.55 21.5 21.6 0.2364901385
21.65 21.6 21.7 0.2304371044
21.75 21.7 21.8 0.2475943241
21.85 21.8 21.9 0.2470002829
21.95 21.9 22 0.2223049839
22.05 22 22.1 0.2551286979
22.15 22.1 22.2 0.222102036
22.25 22.2 22.3 0.2364617884
22.35 22.3 22.4 0.2242876665
22.45 22.4 22.5 0.2235366442
22.55 22.5 22.6 0.2232584796
22.65 22.6 22.7 0.2356573016
22.75 22.7 22.8 0.2258662009
22.85 22.8 22.9 0.2329574799
22.95 22.9 23 0.215463288
23.05 23 23.1 0.2187648771
23.15 23.1 23.2 0.2017989537
23.25 23.2 23.3 0.2040943074
23.35 23.3 23.4 0.2006621495
23.45 23.4 23.5 0.2237083621
23.55 23.5 23.6 0.2250471295
23.65 23.6 23.7 0.2164502181
23.75 23.7 23.8 0.20644295
23.85 23.8 23.9 0.194288229
23.95 23.9 24 0.1991000967
24.05 24 24.1 0.189520664
24.15 24.1 24.2 0.1913759525
24.25 24.2 24.3 0.1983057627
24.35 24.3 24.4 0.1909807297
24.45 24.4 24.5 0.1875974623
24.55 24.5 24.6 0.1805428686
24.65 24.6 24.7 0.1682607632
24.75 24.7 24.8 0.1815477871
24.85 24.8 24.9 0.1960893419
24.95 24.9 25 0.1940421875
25.05 25 25.1 0.2020309871
25.15 25.1 25.2 0.1618788705
25.25 25.2 25.3 0.173901618
25.35 25.3 25.4 0.1860514413
25.45 25.4 25.5 0.1912265124
25.55 25.5 25.6 0.177954175
25.65 25.6 25.7 0.1841826598
25.75 25.7 25.8 0.1750016721
25.85 25.8 25.9 0.1616336718
25.95 25.9 26 0.1586186624
26.05 26 26.1 0.1553873933
26.15 26.1 26.2 0.1824355241
26.25 26.2 26.3 0.1664550601
26.35 26.3 26.4 0.1566410579
26.45 26.4 26.5 0.1684445619
26.55 26.5 26.6 0.1724269761
26.65 26.6 26.7 0.1480263488
26.75 26.7 26.8 0.1499467255
26.85 26.8 26.9 0.1558553533
26.95 26.9 27 0.142188213
27.05 27 27.1 0.1606246716
27.15 27.1 27.2 0.1545364895
27.25 27.2 27.3 0.1603419299
27.35 27.3 27.4 0.1598025805
27.45 27.4 27.5 0.1483241743
27.55 27.5 27.6 0.1500389757
27.65 27.6 27.7 0.1362769391
27.75 27.7 27.8 0.1485178541
27.85 27.8 27.9 0.1341424697
27.95 27.9 28 0.1400079936
28.05 28 28.1 0.144986533
28.15 28.1 28.2 0.1227597069
28.25 28.2 28.3 0.14108088
28.35 28.3 28.4 0.1325700487
28.45 28.4 28.5 0.1395603727
28.55 28.5 28.6 0.1357252741
28.65 28.6 28.7 0.1412935704
28.75 28.7 28.8 0.1507220091
28.85 28.8 28.9 0.1379313134
28.95 28.9 29 0.1291805606
29.05 29 29.1 0.1299623476
29.15 29.1 29.2 0.1366985014
29.25 29.2 29.3 0.1245599056
29.35 29.3 29.4 0.1230968352
29.45 29.4 29.5 0.1221904693
29.55 29.5 29.6 0.1275200594
29.65 29.6 29.7 0.1239445808
29.75 29.7 29.8 0.1200589655
29.85 29.8 29.9 0.132375058
29.95 29.9 30 0.1277113577
30.05 30 30.1 0.124233883
30.15 30.1 30.2 0.1129892218
30.25 30.2 30.3 0.1239800541
30.35 30.3 30.4 0.1261871632
30.45 30.4 30.5 0.1083545301
30.55 30.5 30.6 0.1208365215
30.65 30.6 30.7 0.1200049568
30.75 30.7 30.8 0.1215854054
30.85 30.8 30.9 0.1218603889
30.95 30.9 31 0.1064847419
31.05 31 31.1 0.1235236873
31.15 31.1 31.2 0.1011857063
31.25 31.2 31.3 0.1187067477
31.35 31.3 31.4 0.1065825789
31.45 31.4 31.5 0.1155817912
31.55 31.5 31.6 0.1098327803
31.65 31.6 31.7 0.1045289577
31.75 31.7 31.8 0.1097183525
31.85 31.8 31.9 0.09614581861
31.95 31.9 32 0.1140911172
32.05 32 32.1 0.0961143822
32.15 32.1 32.2 0.1196304088
32.25 32.2 32.3 0.09818788097
32.35 32.3 32.4 0.08896279238
32.45 32.4 32.5 0.1144695553
32.55 32.5 32.6 0.0983437776
32.65 32.6 32.7 0.1079045956
32.75 32.7 32.8 0.09516532169
32.85 32.8 32.9 0.1108040055
32.95 32.9 33 0.09529743588
33.05 33 33.1 0.1067492384
33.15 33.1 33.2 0.0960056488
33.25 33.2 33.3 0.09531720935
33.35 33.3 33.4 0.08833504573
33.45 33.4 33.5 0.1047397762
33.55 33.5 33.6 0.08890220848
33.65 33.6 33.7 0.08915160367
33.75 33.7 33.8 0.08455831897
33.85 33.8 33.9 0.08953745571
33.95 33.9 34 0.07893820442
34.05 34 34.1 0.08791778133
34.15 34.1 34.2 0.08287019698
34.25 34.2 34.3 0.08455753804
34.35 34.3 34.4 0.08947294043
34.45 34.4 34.5 0.08774756916
34.55 34.5 34.6 0.07790530277
34.65 34.6 34.7 0.0831391336
34.75 34.7 34.8 0.08523484442
34.85 34.8 34.9 0.08024146269
34.95 34.9 35 0.07751262646
35.05 35 35.1 0.07507325753
35.15 35.1 35.2 0.092150621
35.25 35.2 35.3 0.08080169996
35.35 35.3 35.4 0.07596012318
35.45 35.4 35.5 0.07818663395
35.55 35.5 35.6 0.07582621794
35.65 35.6 35.7 0.08005202646
35.75 35.7 35.8 0.08415917156
35.85 35.8 35.9 0.08530082597
35.95 35.9 36 0.07151423168
36.05 36 36.1 0.07034612321
36.15 36.1 36.2 0.07631002618
36.25 36.2 36.3 0.07976447623
36.35 36.3 36.4 0.06874277369
36.45 36.4 36.5 0.06213209738
36.55 36.5 36.6 0.06932586403
36.65 36.6 36.7 0.07010252521
36.75 36.7 36.8 0.06828512457
36.85 36.8 36.9 0.07058180304
36.95 36.9 37 0.07120653137
37.05 37 37.1 0.07675487852
37.15 37.1 37.2 0.06862095811
37.25 37.2 37.3 0.06006494027
37.35 37.3 37.4 0.08081633041
37.45 37.4 37.5 0.06811637217
37.55 37.5 37.6 0.07580181852
37.65 37.6 37.7 0.06704768809
37.75 37.7 37.8 0.06332465967
37.85 37.8 37.9 0.07006003745
37.95 37.9 38 0.06672871778
38.05 38 38.1 0.0664646735
38.15 38.1 38.2 0.060084075
38.25 38.2 38.3 0.06757814144
38.35 38.3 38.4 0.06266883786
38.45 38.4 38.5 0.06682109973
38.55 38.5 38.6 0.06048303839
38.65 38.6 38.7 0.05568376394
38.75 38.7 38.8 0.06259380582
38.85 38.8 38.9 0.0650309198
38.95 38.9 39 0.05825396684
39.05 39 39.1 0.05802132438
39.15 39.1 39.2 0.05788620038
39.25 39.2 39.3 0.06001159756
39.35 39.3 39.4 0.06905598981
39.45 39.4 39.5 0.05903873192
39.55 39.5 39.6 0.06631950216
39.65 39.6 39.7 0.06244381098
39.75 39.7 39.8 0.05673066884
39.85 39.8 39.9 0.05532128462
39.95 39.9 40 0.05649404778
40.05 40 40.1 0.05381129786
40.15 40.1 40.2 0.05222683668
40.25 40.2 40.3 0.05054821079
40.35 40.3 40.4 0.0538365357
40.45 40.4 40.5 0.05187739074
40.55 40.5 40.6 0.0667062028
40.65 40.6 40.7 0.05456806814
40.75 40.7 40.8 0.05238864629
40.85 40.8 40.9 0.04953001834
40.95 40.9 41 0.05823777463
41.05 41 41.1 0.05864978983
41.15 41.1 41.2 0.04347256959
41.25 41.2 41.3 0.05180220023
41.35 41.3 41.4 0.04514288874
41.45 41.4 41.5 0.06561176284
41.55 41.5 41.6 0.05102718758
41.65 41.6 41.7 0.05652383856
41.75 41.7 41.8 0.05591130997
41.85 41.8 41.9 0.04777145551
41.95 41.9 42 0.06029585198
42.05 42 42.1 0.04882164156
42.15 42.1 42.2 0.04478453678
42.25 42.2 42.3 0.06156634558
42.35 42.3 42.4 0.04904418288
42.45 42.4 42.5 0.04776054845
42.55 42.5 42.6 0.05753850784
42.65 42.6 42.7 0.04897292164
42.75 42.7 42.8 0.05517304088
42.85 42.8 42.9 0.05066222956
42.95 42.9 43 0.04525037825
43.05 43 43.1 0.05372162108
43.15 43.1 43.2 0.04161020821
43.25 43.2 43.3 0.05510468545
43.35 43.3 43.4 0.05060799065
43.45 43.4 43.5 0.04259542996
43.55 43.5 43.6 0.04591828381
43.65 43.6 43.7 0.05593226227
43.75 43.7 43.8 0.04516597426
43.85 43.8 43.9 0.04422562841
43.95 43.9 44 0.03413437158
44.05 44 44.1 0.05306936438
44.15 44.1 44.2 0.04689527845
44.25 44.2 44.3 0.04513802454
44.35 44.3 44.4 0.04296911917
44.45 44.4 44.5 0.03448177423
44.55 44.5 44.6 0.04584378226
44.65 44.6 44.7 0.04472489132
44.75 44.7 44.8 0.04366663472
44.85 44.8 44.9 0.04913934441
44.95 44.9 45 0.03949285197
45.05 45 45.1 0.0431819802
45.15 45.1 45.2 0.04088369198
45.25 45.2 45.3 0.03798500756
45.35 45.3 45.4 0.04033020273
45.45 45.4 45.5 0.05275875165
45.55 45.5 45.6 0.03977616417
45.65 45.6 45.7 0.04514255128
45.75 45.7 45.8 0.04067165894
45.85 45.8 45.9 0.03449777187
45.95 45.9 46 0.05136622253
46.05 46 46.1 0.04040856584
46.15 46.1 46.2 0.04119107281
46.25 46.2 46.3 0.0408523879
46.35 46.3 46.4 0.03425167512
46.45 46.4 46.5 0.0440762988
46.55 46.5 46.6 0.03138864851
46.65 46.6 46.7 0.04070842121
46.75 46.7 46.8 0.03983289521
46.85 46.8 46.9 0.04013990091
46.95 46.9 47 0.03924223113
47.05 47 47.1 0.04103480371
47.15 47.1 47.2 0.03437579088
47.25 47.2 47.3 0.0405738696
47.35 47.3 47.4 0.03996224024
47.45 47.4 47.5 0.0359923112
47.55 47.5 47.6 0.03596566842
47.65 47.6 47.7 0.03555522809
47.75 47.7 47.8 0.03686602692
47.85 47.8 47.9 0.03650398158
47.95 47.9 48 0.03750801432
48.05 48 48.1 0.03605393867
48.15 48.1 48.2 0.04034472656
48.25 48.2 48.3 0.03092928341
48.35 48.3 48.4 0.03797005428
48.45 48.4 48.5 0.03705116802
48.55 48.5 48.6 0.03874123671
48.65 48.6 48.7 0.03874011136
48.75 48.7 48.8 0.04395041313
48.85 48.8 48.9 0.04018043333
48.95 48.9 49 0.03634655168
49.05 49 49.1 0.03493636992
49.15 49.1 49.2 0.02957575195
49.25 49.2 49.3 0.02688864236
49.35 49.3 49.4 0.03193639587
49.45 49.4 49.5 0.03894815588
49.55 49.5 49.6 0.03406738317
49.65 49.6 49.7 0.0265663448
49.75 49.7 49.8 0.03798673754
49.85 49.8 49.9 0.02992553182
49.95 49.9 50 0.02725299292
50.05 50 50.1 0.03699528767
50.15 50.1 50.2 0.03726941615
50.25 50.2 50.3 0.02908648084
50.35 50.3 50.4 0.03201421215
50.45 50.4 50.5 0.03602301978
50.55 50.5 50.6 0.03286570294
50.65 50.6 50.7 0.02965117144
50.75 50.7 50.8 0.0269045136
50.85 50.8 50.9 0.02516695434
50.95 50.9 51 0.03492101766
51.05 51 51.1 0.02783889155
51.15 51.1 51.2 0.04092588589
51.25 51.2 51.3 0.03378263205
51.35 51.3 51.4 0.03181145779
51.45 51.4 51.5 0.03070768814
51.55 51.5 51.6 0.03246159418
51.65 51.6 51.7 0.02269212405
51.75 51.7 51.8 0.03122248
51.85 51.8 51.9 0.02752912884
51.95 51.9 52 0.02514486372
52.05 52 52.1 0.0289618204
52.15 52.1 52.2 0.03167320917
52.25 52.2 52.3 0.03431725337
52.35 52.3 52.4 0.02945131395
52.45 52.4 52.5 0.02845106601
52.55 52.5 52.6 0.02992436667
52.65 52.6 52.7 0.0256114346
52.75 52.7 52.8 0.03700295522
52.85 52.8 52.9 0.02987049474
52.95 52.9 53 0.02791534703
53.05 53 53.1 0.0222640944
53.15 53.1 53.2 0.03224693433
53.25 53.2 53.3 0.02634703058
53.35 53.3 53.4 0.0334883193
53.45 53.4 53.5 0.0266711575
53.55 53.5 53.6 0.02867249033
53.65 53.6 53.7 0.02582717918
53.75 53.7 53.8 0.02338610925
53.85 53.8 53.9 0.01901868897
53.95 53.9 54 0.02922432446
54.05 54 54.1 0.02673855588
54.15 54.1 54.2 0.02824334307
54.25 54.2 54.3 0.02454210899
54.35 54.3 54.4 0.03113592348
54.45 54.4 54.5 0.02267594109
54.55 54.5 54.6 0.02723937149
54.65 54.6 54.7 0.02381942233
54.75 54.7 54.8 0.02650488939
54.85 54.8 54.9 0.02326756109
54.95 54.9 55 0.02481649795
55.05 55 55.1 0.02537739543
55.15 55.1 55.2 0.02354829099
55.25 55.2 55.3 0.01849783637
55.35 55.3 55.4 0.01914258814
55.45 55.4 55.5 0.02513382972
55.55 55.5 55.6 0.01630530549
55.65 55.6 55.7 0.02752537165
55.75 55.7 55.8 0.02081691699
55.85 55.8 55.9 0.02105203261
55.95 55.9 56 0.02255278102
56.05 56 56.1 0.02058286255
56.15 56.1 56.2 0.02393994294
56.25 56.2 56.3 0.01938747343
56.35 56.3 56.4 0.02539623645
56.45 56.4 56.5 0.02226500763
56.55 56.5 56.6 0.02023928715
56.65 56.6 56.7 0.02200554509
56.75 56.7 56.8 0.02320526276
56.85 56.8 56.9 0.02005264802
56.95 56.9 57 0.0202191569
57.05 57 57.1 0.02128045848
57.15 57.1 57.2 0.02245425065
57.25 57.2 57.3 0.0208414032
57.35 57.3 57.4 0.02355539293
57.45 57.4 57.5 0.01912953649
57.55 57.5 57.6 0.01870764828
57.65 57.6 57.7 0.01636790508
57.75 57.7 57.8 0.01880756457
57.85 57.8 57.9 0.01922372171
57.95 57.9 58 0.02386799361
58.05 58 58.1 0.02108711979
58.15 58.1 58.2 0.01687639118
58.25 58.2 58.3 0.01027336399
58.35 58.3 58.4 0.0198595538
58.45 58.4 58.5 0.0223142594
58.55 58.5 58.6 0.02322787852
58.65 58.6 58.7 0.02153332673
58.75 58.7 58.8 0.01823057769
58.85 58.8 58.9 0.0208459426
58.95 58.9 59 0.0214527246
59.05 59 59.1 0.02961706042
59.15 59.1 59.2 0.02004737309
59.25 59.2 59.3 0.01573659164
59.35 59.3 59.4 0.01230757301
59.45 59.4 59.5 0.02183064292
59.55 59.5 59.6 0.008119701883
59.65 59.6 59.7 0.01389935023
59.75 59.7 59.8 0.01934092949
59.85 59.8 59.9 0.0204100751
59.95 59.9 60 0.02170421358
60.05 60 60.1 0.01112291921
60.15 60.1 60.2 0.01537158647
60.25 60.2 60.3 0.01647920572
60.35 60.3 60.4 0.01896626786
60.45 60.4 60.5 0.02233290528
60.55 60.5 60.6 0.02144392694
60.65 60.6 60.7 0.01083415378
60.75 60.7 60.8 0.01273491047
60.85 60.8 60.9 0.0138432792
60.95 60.9 61 0.01024579463
61.05 61 61.1 0.02500016307
61.15 61.1 61.2 0.01630148747
61.25 61.2 61.3 0.01489004202
61.35 61.3 61.4 0.01196213572
61.45 61.4 61.5 0.01608083306
61.55 61.5 61.6 0.01408659092
61.65 61.6 61.7 0.00882150147
61.75 61.7 61.8 0.01618551846
61.85 61.8 61.9 0.01292491538
61.95 61.9 62 0.01288534912
62.05 62 62.1 0.01779323394
62.15 62.1 62.2 0.01459164493
62.25 62.2 62.3 0.01531061598
62.35 62.3 62.4 0.01326526584
62.45 62.4 62.5 0.01652832758
62.55 62.5 62.6 0.01251752749
62.65 62.6 62.7 0.01829866708
62.75 62.7 62.8 0.01139815963
62.85 62.8 62.9 0.01607830689
62.95 62.9 63 0.01761757604
63.05 63 63.1 0.01306390329
63.15 63.1 63.2 0.01024695702
63.25 63.2 63.3 0.01497685005
63.35 63.3 63.4 0.004495245578
63.45 63.4 63.5 0.01257514529
63.55 63.5 63.6 0.01027270158
63.65 63.6 63.7 0.0174481258
63.75 63.7 63.8 0.0194998002
63.85 63.8 63.9 0.01134956651
63.95 63.9 64 0.01740873874
64.05 64 64.1 0.006137760803
64.15 64.1 64.2 0.009305072609
64.25 64.2 64.3 0.008720289891
64.35 64.3 64.4 0.008557324976
64.45 64.4 64.5 0.01497470018
64.55 64.5 64.6 0.01368141329
64.65 64.6 64.7 0.01395683583
64.75 64.7 64.8 0.01136042508
64.85 64.8 64.9 0.01466760898
64.95 64.9 65 0.01111091565
65.05 65 65.1 0.006464273076
65.15 65.1 65.2 0.009291465469
65.25 65.2 65.3 0.01609258319
65.35 65.3 65.4 0.01403431229
65.45 65.4 65.5 0.01110268902
65.55 65.5 65.6 0.009066357936
65.65 65.6 65.7 0.008885662383
65.75 65.7 65.8 0.0149880622
65.85 65.8 65.9 0.008735119937
65.95 65.9 66 0.009245259278
66.05 66 66.1 0.008740155176
66.15 66.1 66.2 0.01355252411
66.25 66.2 66.3 0.01362047037
66.35 66.3 66.4 0.01129660709
66.45 66.4 66.5 0.01216776838
66.55 66.5 66.6 0.00640806741
66.65 66.6 66.7 0.01490602169
66.75 66.7 66.8 0.00691845296
66.85 66.8 66.9 0.01075233507
66.95 66.9 67 0.01438420318
67.05 67 67.1 0.01818955401
67.15 67.1 67.2 0.009944304286
67.25 67.2 67.3 0.01004707834
67.35 67.3 67.4 0.005946422728
67.45 67.4 67.5 0.01174656063
67.55 67.5 67.6 0.01269768779
67.65 67.6 67.7 0.004318989264
67.75 67.7 67.8 0.00940461963
67.85 67.8 67.9 0.01597646294
67.95 67.9 68 0.008499533165
68.05 68 68.1 0.01230600959
68.15 68.1 68.2 0.00953546062
68.25 68.2 68.3 0.0131064534
68.35 68.3 68.4 0.004986700971
68.45 68.4 68.5 0.009407058626
68.55 68.5 68.6 0.004880794169
68.65 68.6 68.7 0.01238331572
68.75 68.7 68.8 0.007965595717
68.85 68.8 68.9 0.01207763469
68.95 68.9 69 0.003460740217
69.05 69 69.1 0.01455637244
69.15 69.1 69.2 0.007827976007
69.25 69.2 69.3 0.006839448472
69.35 69.3 69.4 0.008073330304
69.45 69.4 69.5 0.007243903251
69.55 69.5 69.6 0.009789067818
69.65 69.6 69.7 0.004118152017
69.75 69.7 69.8 0.01257932661
69.85 69.8 69.9 0.01270922597
69.95 69.9 70 0.0104735442
70.05 70 70.1 0.01184414886
70.15 70.1 70.2 0.002662424346
70.25 70.2 70.3 0.01195686024
70.35 70.3 70.4 0.008416317693
70.45 70.4 70.5 0.01225354402
70.55 70.5 70.6 0.003981485644
70.65 70.6 70.7 0.01039568264
70.75 70.7 70.8 0.01187767533
70.85 70.8 70.9 0.01039842128
70.95 70.9 71 0.009073007911
71.05 71 71.1 0.004186402638
71.15 71.1 71.2 0.007516885991
71.25 71.2 71.3 0.00830539483
71.35 71.3 71.4 0.001648807331
71.45 71.4 71.5 0.007441316786
71.55 71.5 71.6 0.006434615302
71.65 71.6 71.7 0.01279721769
71.75 71.7 71.8 0.006072978267
71.85 71.8 71.9 0.007112000513
71.95 71.9 72 0.00890643132
72.05 72 72.1 0.009009055306
72.15 72.1 72.2 0.009763090109
72.25 72.2 72.3 0.006180108134
72.35 72.3 72.4 0.008504495559
72.45 72.4 72.5 0.00813477429
72.55 72.5 72.6 0.002726147816
72.65 72.6 72.7 0.01169193283
72.75 72.7 72.8 0.005074421709
72.85 72.8 72.9 0.01331143752
72.95 72.9 73 0.01102587864
73.05 73 73.1 0.008166086523
73.15 73.1 73.2 0.005341582379
73.25 73.2 73.3 0.009601924377
73.35 73.3 73.4 0.007478537896
73.45 73.4 73.5 0.00152595184
73.55 73.5 73.6 0.005004522613
73.65 73.6 73.7 0.01170768381
73.75 73.7 73.8 0.004045964553
73.85 73.8 73.9 0.009009200638
73.95 73.9 74 0.009923459146
74.05 74 74.1 0.004222563591
74.15 74.1 74.2 0.008125093919
74.25 74.2 74.3 0.008692254374
74.35 74.3 74.4 0.003554616907
74.45 74.4 74.5 0.008316429754
74.55 74.5 74.6 0.01101407919
74.65 74.6 74.7 0.006484645684
74.75 74.7 74.8 0.01142716151
74.85 74.8 74.9 0.004212606374
74.95 74.9 75 0.006536258838
75.05 75 75.1 0.01166107349
75.15 75.1 75.2 0.008798458779
75.25 75.2 75.3 0.00985679351
75.35 75.3 75.4 0.007973875494
75.45 75.4 75.5 0.004283205657
75.55 75.5 75.6 0.006679641942
75.65 75.6 75.7 0.001765030368
75.75 75.7 75.8 0.0008527167758
75.85 75.8 75.9 0.009399328342
75.95 75.9 76 0.01029546196
76.05 76 76.1 0.003809939991
76.15 76.1 76.2 0.006200545071
76.25 76.2 76.3 0.002677578256
76.35 76.3 76.4 -0.0005056001525
76.45 76.4 76.5 0.005028248526
76.55 76.5 76.6 0.006009750139
76.65 76.6 76.7 0.005816638432
76.75 76.7 76.8 0.003770248799
76.85 76.8 76.9 0.009719251392
76.95 76.9 77 0.004368653505
77.05 77 77.1 0.006818627993
77.15 77.1 77.2 0.00584222111
77.25 77.2 77.3 0.006989649714
77.35 77.3 77.4 0.004690597355
77.45 77.4 77.5 0.003982352234
77.55 77.5 77.6 0.009737187549
77.65 77.6 77.7 0.009792064196
77.75 77.7 77.8 0.004519300138
77.85 77.8 77.9 0.009768245662
77.95 77.9 78 0.005977756285
78.05 78 78.1 0.006037554783
78.15 78.1 78.2 0.005520483063
78.25 78.2 78.3 0.006314724158
78.35 78.3 78.4 0.007236771448
78.45 78.4 78.5 0.004830133327
78.55 78.5 78.6 0.007969644987
78.65 78.6 78.7 0.003912962799
78.75 78.7 78.8 0.008837609308
78.85 78.8 78.9 0.0008851947608
78.95 78.9 79 0.009944515878
79.05 79 79.1 0.01466333046
79.15 79.1 79.2 0.003886785367
79.25 79.2 79.3 0.005204028329
79.35 79.3 79.4 0.003308867838
79.45 79.4 79.5 0.0034140673
79.55 79.5 79.6 0.003936164586
79.65 79.6 79.7 0.008293983621
79.75 79.7 79.8 0.008313815038
79.85 79.8 79.9 0.002735670786
79.95 79.9 80 0.00793710865
80.05 80 80.1 0.003550932242
80.15 80.1 80.2 0.004064444308
80.25 80.2 80.3 0.004954920002
80.35 80.3 80.4 0.004978219101
80.45 80.4 80.5 0.007262995101
80.55 80.5 80.6 0.00564082297
80.65 80.6 80.7 0.003772386388
80.75 80.7 80.8 0.007375897194
80.85 80.8 80.9 0.003609842107
80.95 80.9 81 0.00628793438
81.05 81 81.1 0.001003000818
81.15 81.1 81.2 0.004048372714
81.25 81.2 81.3 0.002316365428
81.35 81.3 81.4 0.008756842286
81.45 81.4 81.5 0.002721731328
81.55 81.5 81.6 0.003083571677
81.65 81.6 81.7 0.002931905463
81.75 81.7 81.8 0.003563005587
81.85 81.8 81.9 0.005512244699
81.95 81.9 82 0.008164670208
82.05 82 82.1 0.0030972251
82.15 82.1 82.2 0.006469685939
82.25 82.2 82.3 0.005332515658
82.35 82.3 82.4 0.008987322034
82.45 82.4 82.5 0.006425882565
82.55 82.5 82.6 0.003835100543
82.65 82.6 82.7 0.003112022876
82.75 82.7 82.8 0.005912035515
82.85 82.8 82.9 0.004901558189
82.95 82.9 83 0.004637908489
83.05 83 83.1 -0.0002653965216
83.15 83.1 83.2 0.006156796916
83.25 83.2 83.3 0.001847481661
83.35 83.3 83.4 0.0057870602
83.45 83.4 83.5 0.007229328405
83.55 83.5 83.6 0.006191848213
83.65 83.6 83.7 0.006068119672
83.75 83.7 83.8 0.004020604517
83.85 83.8 83.9 0.005111530848
83.95 83.9 84 0.0007825089242
84.05 84 84.1 0.005050667693
84.15 84.1 84.2 -0.0007963889842
84.25 84.2 84.3 0.004983799599
84.35 84.3 84.4 0.00687782579
84.45 84.4 84.5 0.001125777909
84.55 84.5 84.6 0.002894053435
84.65 84.6 84.7 0.006001402494
84.75 84.7 84.8 0.006358456581
84.85 84.8 84.9 -0.002462631139
84.95 84.9 85 0.001742188437
85.05 85 85.1 0.0009183357107
85.15 85.1 85.2 0.002942689996
85.25 85.2 85.3 0.002742855226
85.35 85.3 85.4 0.006222864737
85.45 85.4 85.5 0.008415367509
85.55 85.5 85.6 0.004590736062
85.65 85.6 85.7 0.002860385019
85.75 85.7 85.8 0.004573765939
85.85 85.8 85.9 0.00180501722
85.95 85.9 86 0.00310137352
86.05 86 86.1 0.003529932508
86.15 86.1 86.2 0.000920036711
86.25 86.2 86.3 0.002756879703
86.35 86.3 86.4 0.0009222166771
86.45 86.4 86.5 0.00535235386
86.55 86.5 86.6 0.004376700674
86.65 86.6 86.7 0.00441743845
86.75 86.7 86.8 0.004549033633
86.85 86.8 86.9 0.002506370448
86.95 86.9 87 0.002484766269
87.05 87 87.1 0.005164703875
87.15 87.1 87.2 0.003085265621
87.25 87.2 87.3 0.0008064071485
87.35 87.3 87.4 0.002429547153
87.45 87.4 87.5 0.00147942314
87.55 87.5 87.6 0.0001123692499
87.65 87.6 87.7 0.002653398617
87.75 87.7 87.8 0.001787081226
87.85 87.8 87.9 0.0009843119075
87.95 87.9 88 0.004440253038
88.05 88 88.1 0.004570044068
88.15 88.1 88.2 0.00707033748
88.25 88.2 88.3 0.001332485032
88.35 88.3 88.4 -0.002101074071
88.45 88.4 88.5 0.002901391498
88.55 88.5 88.6 0.004947599565
88.65 88.6 88.7 0.004296686622
88.75 88.7 88.8 0.004373698131
88.85 88.8 88.9 0.003374426076
88.95 88.9 89 -0.0002324249285
89.05 89 89.1 0.0009559652139
89.15 89.1 89.2 0.002997689758
89.25 89.2 89.3 0.001348651649
89.35 89.3 89.4 0.001129421969
89.45 89.4 89.5 0.0002855731573
89.55 89.5 89.6 0.006364967761
89.65 89.6 89.7 -0.0005040744401
89.75 89.7 89.8 0.004870327445
89.85 89.8 89.9 0.003393829214
89.95 89.9 90 0.003136600454
90.05 90 90.1 0.003746537855
90.15 90.1 90.2 0.001988555551
90.25 90.2 90.3 0.0007325408977
90.35 90.3 90.4 0.004126043025
90.45 90.4 90.5 0.002481867196
90.55 90.5 90.6 0.002025085082
90.65 90.6 90.7 0.002123484068
90.75 90.7 90.8 0.001763937276
90.85 90.8 90.9 0.0009245090689
90.95 90.9 91 0.0003016231502
91.05 91 91.1 0.002613917268
91.15 91.1 91.2 0.001942607202
91.25 91.2 91.3 0.002829471966
91.35 91.3 91.4 0.00156406852
91.45 91.4 91.5 0.001988332306
91.55 91.5 91.6 0.002231282763
91.65 91.6 91.7 0.001287192536
91.75 91.7 91.8 0.0003382230649
91.85 91.8 91.9 0.001382623825
91.95 91.9 92 0.001251168832
92.05 92 92.1 0.006394377755
92.15 92.1 92.2 0.004118585786
92.25 92.2 92.3 0.002829252159
92.35 92.3 92.4 -0.005567206593
92.45 92.4 92.5 0.003238868257
92.55 92.5 92.6 0.004735282878
92.65 92.6 92.7 0.002078121298
92.75 92.7 92.8 0.005597748095
92.85 92.8 92.9 -0.0002581872441
92.95 92.9 93 0.00358726485
93.05 93 93.1 0.00414490555
93.15 93.1 93.2 0.001472780768
93.25 93.2 93.3 0.003037782978
93.35 93.3 93.4 0.006105132968
93.45 93.4 93.5 -0.002337512068
93.55 93.5 93.6 0.002883999048
93.65 93.6 93.7 0.002903938812
93.75 93.7 93.8 -0.0003174193139
93.85 93.8 93.9 0.002547884089
93.95 93.9 94 1.446591121e-05
94.05 94 94.1 0.008843989912
94.15 94.1 94.2 0.0002974923229
94.25 94.2 94.3 0.003171203986
94.35 94.3 94.4 0.001280266424
94.45 94.4 94.5 0.005492194853
94.55 94.5 94.6 0.00164666205
94.65 94.6 94.7 -0.0003293995268
94.75 94.7 94.8 0.006998359318
94.85 94.8 94.9 0.00368313834
94.95 94.9 95 0.0002018153856
95.05 95 95.1 -0.001011282333
95.15 95.1 95.2 0.0005291701741
95.25 95.2 95.3 0.007401197027
95.35 95.3 95.4 0.002963719166
95.45 95.4 95.5 0.005956598952
95.55 95.5 95.6 0.004140111781
95.65 95.6 95.7 0.005528880657
95.75 95.7 95.8 -0.001287045921
95.85 95.8 95.9 0.003101009542
95.95 95.9 96 0.001778577643
96.05 96 96.1 -0.0014997956
96.15 96.1 96.2 0.001940650838
96.25 96.2 96.3 0.0005607379988
96.35 96.3 96.4 0.003849012202
96.45 96.4 96.5 0.001010431302
96.55 96.5 96.6 0.001506903779
96.65 96.6 96.7 0.003887559789
96.75 96.7 96.8 0.0005604575063
96.85 96.8 96.9 -0.0004578669778
96.95 96.9 97 0.007813706386
97.05 97 97.1 0.004469470623
97.15 97.1 97.2 0.002895068983
97.25 97.2 97.3 0.009520983797
97.35 97.3 97.4 0.004642438187
97.45 97.4 97.5 0.002293623047
97.55 97.5 97.6 0.005324283341
97.65 97.6 97.7 0.005138958469
97.75 97.7 97.8 0.001449565546
97.85 97.8 97.9 0.005333177654
97.95 97.9 98 0.003221967722
98.05 98 98.1 9.580380078e-05
98.15 98.1 98.2 0.00659317534
98.25 98.2 98.3 0.0007840409385
98.35 98.3 98.4 0.002793145111
98.45 98.4 98.5 0.0001674050538
98.55 98.5 98.6 0.003613170047
98.65 98.6 98.7 0.001417565075
98.75 98.7 98.8 0.003778270613
98.85 98.8 98.9 0.00305091009
98.95 98.9 99 0.003727822754
99.05 99 99.1 0.00165712231
99.15 99.1 99.2 4.337953005e-05
99.25 99.2 99.3 0.0093118689
99.35 99.3 99.4 0.006271299051
99.45 99.4 99.5 -0.001494682539
99.55 99.5 99.6 0.003841357931
99.65 99.6 99.7 0.0002030749566
99.75 99.7 99.8 -0.001166372599
99.85 99.8 99.9 0.002255509776
99.95 99.9 100 0.004360403455
100.05 100 100.1 0.005379080393
100.15 100.1 100.2 0.0004112424494
100.25 100.2 100.3 0.003265369186
100.35 100.3 100.4 0.002670945943
100.45 100.4 100.5 0.006799023838
100.55 100.5 100.6 0.001382857093
100.65 100.6 100.7 0.004002745761
100.75 100.7 100.8 0.00410477985
100.85 100.8 100.9 0.0006683298177
100.95 100.9 101 0.002731889396
101.05 101 101.1 -0.0007527224404
101.15 101.1 101.2 0.007705495697
101.25 101.2 101.3 -3.48035398e-05
101.35 101.3 101.4 0.002944604895
101.45 101.4 101.5 0.005152917869
101.55 101.5 101.6 0.006523882176
101.65 101.6 101.7 -0.0001970960107
101.75 101.7 101.8 0.0009468230129
101.85 101.8 101.9 -0.0002525713106
101.95 101.9 102 0.007868457522
102.05 102 102.1 0.00366841444
102.15 102.1 102.2 0.002949522991
102.25 102.2 102.3 0.002855993066
102.35 102.3 102.4 9.548174682e-05
102.45 102.4 102.5 0.004510233648
102.55 102.5 102.6 0.0005393602184
102.65 102.6 102.7 0.002659903029
102.75 102.7 102.8 0.004063425575
102.85 102.8 102.9 0.003110237541
102.95 102.9 103 0.004079774082
103.05 103 103.1 0.007292600711
103.15 103.1 103.2 0.003420297576
103.25 103.2 103.3 0.002468847747
103.35 103.3 103.4 0.001068133597
103.45 103.4 103.5 0.004633209481
103.55 103.5 103.6 0.00328879046
103.65 103.6 103.7 0.001288249239
103.75 103.7 103.8 0.006167975344
103.85 103.8 103.9 0.002697411051
103.95 103.9 104 0.005844278579
104.05 104 104.1 -7.302476334e-05
104.15 104.1 104.2 0.001997367454
104.25 104.2 104.3 0.001465491492
104.35 104.3 104.4 0.006381263107
104.45 104.4 104.5 0.001362933261
104.55 104.5 104.6 0.00287663027
104.65 104.6 104.7 0.007566195956
104.75 104.7 104.8 0.004821610032
104.85 104.8 104.9 0.003334260603
104.95 104.9 105 -0.002162758067
105.05 105 105.1 0.004665720036
105.15 105.1 105.2 0.001239541693
105.25 105.2 105.3 0.001965911694
105.35 105.3 105.4 0.001077421694
105.45 105.4 105.5 0.004615833716
105.55 105.5 105.6 0.002429252349
105.65 105.6 105.7 0.002099079594
105.75 105.7 105.8 -0.0008467136938
105.85 105.8 105.9 0.004708925694
105.95 105.9 106 0.002500328782
106.05 106 106.1 0.005693575496
106.15 106.1 106.2 0.003339277709
106.25 106.2 106.3 0.001406945368
106.35 106.3 106.4 0.003235634078
106.45 106.4 106.5 0.002916766356
106.55 106.5 106.6 0.003615031368
106.65 106.6 106.7 0.002832067535
106.75 106.7 106.8 0.003177316044
106.85 106.8 106.9 0.00355824862
106.95 106.9 107 0.001310813743
107.05 107 107.1 0.0005148821748
107.15 107.1 107.2 0.003963225374
107.25 107.2 107.3 -0.0007736693118
107.35 107.3 107.4 0.003649173138
107.45 107.4 107.5 0.002872805951
107.55 107.5 107.6 0.004621562336
107.65 107.6 107.7 0.006778730175
107.75 107.7 107.8 0.003795830532
107.85 107.8 107.9 -0.001168275642
107.95 107.9 108 0.002890504087
108.05 108 108.1 0.005580752927
108.15 108.1 108.2 0.002454085429
108.25 108.2 108.3 0.001165771105
108.35 108.3 108.4 0.00138234272
108.45 108.4 108.5 -0.001902780877
108.55 108.5 108.6 -0.0004948622709
108.65 108.6 108.7 0.0009156224769
108.75 108.7 108.8 0.00350659969
108.85 108.8 108.9 0.001321446137
108.95 108.9 109 0.00566326831
109.05 109 109.1 0.0004469019193
109.15 109.1 109.2 0.001221708144
109.25 109.2 109.3 -0.0001363658278
109.35 109.3 109.4 0.001756758059
109.45 109.4 109.5 0.002728876823
109.55 109.5 109.6 0.0005722976666
109.65 109.6 109.7 0.002599751258
109.75 109.7 109.8 0.000414774436
109.85 109.8 109.9 0.002924357223
109.95 109.9 110 0.002446847148
110.05 110 110.1 0.002004953956
110.15 110.1 110.2 0.0005229165289
110.25 110.2 110.3 -0.001879267397
110.35 110.3 110.4 -0.001763456302
110.45 110.4 110.5 0.00103730146
110.55 110.5 110.6 0.002326079041
110.65 110.6 110.7 0.000785432772
110.75 110.7 110.8 0.004948490476
110.85 110.8 110.9 0.003326658978
110.95 110.9 111 0.0001307560888
111.05 111 111.1 -0.0004177602606
111.15 111.1 111.2 0.003460104874
111.25 111.2 111.3 0.00175214649
111.35 111.3 111.4 -0.002140161409
111.45 111.4 111.5 -0.0006445102771
111.55 111.5 111.6 0.001892400179
111.65 111.6 111.7 0.003219686727
111.75 111.7 111.8 0.0006174141138
111.85 111.8 111.9 0.006722427578
111.95 111.9 112 0.0005943122164
112.05 112 112.1 0.005672483666
112.15 112.1 112.2 -0.002462057492
112.25 112.2 112.3 0.003258406069
112.35 112.3 112.4 0.002004217522
112.45 112.4 112.5 0.004824233883
112.55 112.5 112.6 -0.00290162265
112.65 112.6 112.7 0.00424815393
112.75 112.7 112.8 0.003689811915
112.85 112.8 112.9 0.002748388588
112.95 112.9 113 0.004803811976
113.05 113 113.1 -0.001485421401
113.15 113.1 113.2 0.005094866165
113.25 113.2 113.3 0.003504750541
113.35 113.3 113.4 -0.001475801722
113.45 113.4 113.5 0.002729898827
113.55 113.5 113.6 0.003011533525
113.65 113.6 113.7 0.00131642569
113.75 113.7 113.8 0.001333895628
113.85 113.8 113.9 0.002508026056
113.95 113.9 114 -0.001068018403
114.05 114 114.1 0.0003282151532
114.15 114.1 114.2 0.001620329058
114.25 114.2 114.3 -0.0009030036861
114.35 114.3 114.4 -0.002279768657
114.45 114.4 114.5 -0.0008822301302
114.55 114.5 114.6 0.00210792074
114.65 114.6 114.7 0.001001117753
114.75 114.7 114.8 -0.0007397339117
114.85 114.8 114.9 -0.0008211235348
114.95 114.9 115 -0.001329444023
115.05 115 115.1 0.002598875933
115.15 115.1 115.2 0.001943684934
115.25 115.2 115.3 0.002031606628
115.35 115.3 115.4 -0.003931973606
115.45 115.4 115.5 -0.0003325513424
115.55 115.5 115.6 -0.001889825904
115.65 115.6 115.7 0.0002688850494
115.75 115.7 115.8 -0.0008456762697
115.85 115.8 115.9 0.0001345084369
115.95 115.9 116 0.002923142371
116.05 116 116.1 -0.002340724713
116.15 116.1 116.2 -0.003441257437
116.25 116.2 116.3 -0.001938955243
116.35 116.3 116.4 0.001194120433
116.45 116.4 116.5 0.001512254517
116.55 116.5 116.6 0.003263526519
116.65 116.6 116.7 0.0002426052118
116.75 116.7 116.8 -0.002584937821
116.85 116.8 116.9 4.510599546e-05
116.95 116.9 117 -0.002069649164
117.05 117 117.1 0.001052077819
117.15 117.1 117.2 -0.0003596836143
117.25 117.2 117.3 -0.0001077336896
117.35 117.3 117.4 0.002377941926
117.45 117.4 117.5 -0.0004047321064
117.55 117.5 117.6 0.000221982229
117.65 117.6 117.7 -0.004174571247
117.75 117.7 117.8 0.000659454094
117.85 117.8 117.9 -0.00195570339
117.95 117.9 118 -0.003558179424
118.05 118 118.1 -0.001801608611
118.15 118.1 118.2 -0.0004498941401
118.25 118.2 118.3 0.0001878338331
118.35 118.3 118.4 -0.003020396477
118.45 118.4 118.5 -0.0003177740917
118.55 118.5 118.6 0.001641625576
118.65 118.6 118.7 -0.00166122436
118.75 118.7 118.8 0.001072180356
118.85 118.8 118.9 0.0001963354328
118.95 118.9 119 0.0008244340093
119.05 119 119.1 -0.0004864866742
119.15 119.1 119.2 -0.0007243947636
119.25 119.2 119.3 0.00434030463
119.35 119.3 119.4 0.00270559808
119.45 119.4 119.5 -0.0008317919642
119.55 119.5 119.6 0.001557568913
119.65 119.6 119.7 -0.002117399327
119.75 119.7 119.8 0.0009217457612
119.85 119.8 119.9 0.0004203275565
119.95 119.9 120 -0.001580325481
120.05 120 120.1 -0.0009978329444
120.15 120.1 120.2 -3.291715764e-05
120.25 120.2 120.3 -0.003258099648
120.35 120.3 120.4 0.001402970636
120.45 120.4 120.5 0.001032992213
120.55 120.5 120.6 0.002132617526
120.65 120.6 120.7 -0.0006854002646
120.75 120.7 120.8 0.002486752084
120.85 120.8 120.9 -0.002698451418
120.95 120.9 121 -0.002238755862
121.05 121 121.1 -0.003156418342
121.15 121.1 121.2 0.0009779613308
121.25 121.2 121.3 -0.003672139492
121.35 121.3 121.4 -0.0005025407571
121.45 121.4 121.5 0.004003275295
121.55 121.5 121.6 -0.001230241674
121.65 121.6 121.7 0.0009184680453
121.75 121.7 121.8 -0.000102355408
121.85 121.8 121.9 0.001015788487
121.95 121.9 122 0.001869097175
122.05 122 122.1 0.002742438013
122.15 122.1 122.2 0.004244111117
122.25 122.2 122.3 0.001891304827
122.35 122.3 122.4 5.652573822e-05
122.45 122.4 122.5 0.0003851321679
122.55 122.5 122.6 0.00107584466
122.65 122.6 122.7 -0.002622174446
122.75 122.7 122.8 -0.004330489064
122.85 122.8 122.9 -0.0004907788619
122.95 122.9 123 -0.002772896957
123.05 123 123.1 0.001821611699
123.15 123.1 123.2 -0.00356375109
123.25 123.2 123.3 -0.0008127741533
123.35 123.3 123.4 -0.001386723315
123.45 123.4 123.5 -0.0008210791527
123.55 123.5 123.6 -0.001010811087
123.65 123.6 123.7 0.001561258819
123.75 123.7 123.8 0.002281091535
123.85 123.8 123.9 0.001301101267
123.95 123.9 124 0.001326312866
124.05 124 124.1 0.003199404759
124.15 124.1 124.2 0.001273745506
124.25 124.2 124.3 -0.0002909551467
124.35 124.3 124.4 0.0009310292047
124.45 124.4 124.5 0.003386906169
124.55 124.5 124.6 0.0006888909021
124.65 124.6 124.7 0.0006790822748
124.75 124.7 124.8 0.002065053155
124.85 124.8 124.9 0.0001068491836
124.95 124.9 125 0.002527588867
125.05 125 125.1 0.002823861578
125.15 125.1 125.2 -0.0009194453258
125.25 125.2 125.3 0.002040654188
125.35 125.3 125.4 -0.0004863869999
125.45 125.4 125.5 -0.003540457142
125.55 125.5 125.6 0.001994645512
125.65 125.6 125.7 -0.0007707585655
125.75 125.7 125.8 0.003220145424
125.85 125.8 125.9 -0.0008035779913
125.95 125.9 126 -0.001956112842
126.05 126 126.1 -0.0006707997774
126.15 126.1 126.2 -0.0002486494458
126.25 126.2 126.3 0.0005533324253
126.35 126.3 126.4 -7.809659655e-05
126.45 126.4 126.5 -0.0009609196285
126.55 126.5 126.6 -2.861909236e-05
126.65 126.6 126.7 0.0007504723165
126.75 126.7 126.8 0.0009268923759
126.85 126.8 126.9 0.002053755019
126.95 126.9 127 0.004627257391
127.05 127 127.1 0.002599082335
127.15 127.1 127.2 -0.001333069936
127.25 127.2 127.3 -0.0003411382875
127.35 127.3 127.4 -0.0007472331552
127.45 127.4 127.5 0.003454816038
127.55 127.5 127.6 7.951020372e-05
127.65 127.6 127.7 0.0008145959796
127.75 127.7 127.8 0.0008697113698
127.85 127.8 127.9 -0.0008112226776
127.95 127.9 128 0.002035105023
128.05 128 128.1 -0.0009694157237
128.15 128.1 128.2 0.001185160426
128.25 128.2 128.3 0.001061291126
128.35 128.3 128.4 0.00206234768
128.45 128.4 128.5 0.002637645989
128.55 128.5 128.6 0.003421400628
128.65 128.6 128.7 0.0007640530932
128.75 128.7 128.8 0.001526460782
128.85 128.8 128.9 -0.001873652996
128.95 128.9 129 -0.001552084632
129.05 129 129.1 -0.001803306942
129.15 129.1 129.2 0.002997116398
129.25 129.2 129.3 0.001334978159
129.35 129.3 129.4 0.001064325472
129.45 129.4 129.5 0.001250111103
129.55 129.5 129.6 -0.001957517457
129.65 129.6 129.7 -0.0008988484484
129.75 129.7 129.8 0.0004474355242
129.85 129.8 129.9 -7.65875747e-05
129.95 129.9 130 -0.001635641
130.05 130 130.1 0.002305248348
130.15 130.1 130.2 -0.001819056498
130.25 130.2 130.3 0.0003605297617
130.35 130.3 130.4 0.000614101904
130.45 130.4 130.5 0.005114860432
130.55 130.5 130.6 0.0009086909785
130.65 130.6 130.7 0.0007870037662
130.75 130.7 130.8 0.0007006372112
130.85 130.8 130.9 6.907539649e-05
130.95 130.9 131 -0.0004614666807
131.05 131 131.1 -0.002359262753
131.15 131.1 131.2 0.0005484448846
131.25 131.2 131.3 -0.0007564175402
131.35 131.3 131.4 0.001807943745
131.45 131.4 131.5 0.0007782512257
131.55 131.5 131.6 -0.0003812659606
131.65 131.6 131.7 -0.0003439589733
131.75 131.7 131.8 0.003425407
131.85 131.8 131.9 0.0006432294085
131.95 131.9 132 -0.002082220294
132.05 132 132.1 0.002664171074
132.15 132.1 132.2 -0.001846410181
132.25 132.2 132.3 0.00553719315
132.35 132.3 132.4 -0.0001181437975
132.45 132.4 132.5 0.0007223378783
132.55 132.5 132.6 -0.002380251879
132.65 132.6 132.7 0.002353722984
132.75 132.7 132.8 0.001179508526
132.85 132.8 132.9 0.0004945520969
132.95 132.9 133 0.00247786165
133.05 133 133.1 0.002953817354
133.15 133.1 133.2 0.002237552147
133.25 133.2 133.3 0.005508470633
133.35 133.3 133.4 -9.837916487e-06
133.45 133.4 133.5 0.00401308229
133.55 133.5 133.6 0.002099439445
133.65 133.6 133.7 -0.001418307036
133.75 133.7 133.8 -0.0002045342612
133.85 133.8 133.9 -0.001097401831
133.95 133.9 134 -0.001220236521
134.05 134 134.1 0.004591056872
134.15 134.1 134.2 -0.0001501898845
134.25 134.2 134.3 0.002279115674
134.35 134.3 134.4 0.0009567664564
134.45 134.4 134.5 -0.0002625958927
134.55 134.5 134.6 0.0004700574985
134.65 134.6 134.7 0.003311877012
134.75 134.7 134.8 0.003662353833
134.85 134.8 134.9 0.003161074018
134.95 134.9 135 -0.0006060492314
135.05 135 135.1 0.002669614092
135.15 135.1 135.2 0.003856828434
135.25 135.2 135.3 0.001266484655
135.35 135.3 135.4 -0.0004096525482
135.45 135.4 135.5 0.0004337144104
135.55 135.5 135.6 0.004146169834
135.65 135.6 135.7 -3.871942041e-05
135.75 135.7 135.8 0.0005818509787
135.85 135.8 135.9 -0.002445203112
135.95 135.9 136 0.002451502022
136.05 136 136.1 -0.0001707390229
136.15 136.1 136.2 0.003927328165
136.25 136.2 136.3 0.002043276215
136.35 136.3 136.4 0.003476996008
136.45 136.4 136.5 0.0006734311542
136.55 136.5 136.6 0.001820151218
136.65 136.6 136.7 -0.001387618151
136.75 136.7 136.8 0.003225882541
136.85 136.8 136.9 0.002605485967
136.95 136.9 137 -0.002151346135
137.05 137 137.1 0.001955278582
137.15 137.1 137.2 4.552749411e-06
137.25 137.2 137.3 0.001496073462
137.35 137.3 137.4 0.001096337938
137.45 137.4 137.5 -0.0004757279401
137.55 137.5 137.6 0.0001945457529
137.65 137.6 137.7 0.001450398204
137.75 137.7 137.8 0.001818030543
137.85 137.8 137.9 0.002094998275
137.95 137.9 138 0.0008919906618
138.05 138 138.1 0.0004677264004
138.15 138.1 138.2 0.0009834423755
138.25 138.2 138.3 0.001656492904
138.35 138.3 138.4 0.001371968577
138.45 138.4 138.5 0.00278443198
138.55 138.5 138.6 -0.001749520156
138.65 138.6 138.7 0.000785854169
138.75 138.7 138.8 0.0001877935714
138.85 138.8 138.9 0.001749359313
138.95 138.9 139 0.001820415661
139.05 139 139.1 0.0002558458431
139.15 139.1 139.2 0.0001464681513
139.25 139.2 139.3 0.00242319688
139.35 139.3 139.4 0.002217595502
139.45 139.4 139.5 -0.001121075961
139.55 139.5 139.6 0.001692873611
139.65 139.6 139.7 0.000754362021
139.75 139.7 139.8 0.0002086947893
139.85 139.8 139.9 -0.0002733678244
139.95 139.9 140 0.0009000757878
140.05 140 140.1 -0.004723295367
140.15 140.1 140.2 0.0009652732783
140.25 140.2 140.3 0.0008807362073
140.35 140.3 140.4 0.001313672058
140.45 140.4 140.5 0.0001481186463
140.55 140.5 140.6 0.002097146853
140.65 140.6 140.7 0.001727306715
140.75 140.7 140.8 0.002298852093
140.85 140.8 140.9 0.002105221359
140.95 140.9 141 0.0008500199282
141.05 141 141.1 0.000454087877
141.15 141.1 141.2 -0.001610119116
141.25 141.2 141.3 0.001086129636
141.35 141.3 141.4 0.0005057442753
141.45 141.4 141.5 0.004636595544
141.55 141.5 141.6 0.0006481165068
141.65 141.6 141.7 0.003025591954
141.75 141.7 141.8 0.006687852665
141.85 141.8 141.9 0.0006874401502
141.95 141.9 142 0.002533952068
142.05 142 142.1 0.003494572108
142.15 142.1 142.2 0.0005582519442
142.25 142.2 142.3 0.003252510094
142.35 142.3 142.4 0.002064921462
142.45 142.4 142.5 0.003272387053
142.55 142.5 142.6 -0.001603522319
142.65 142.6 142.7 0.001563901265
142.75 142.7 142.8 0.001965111987
142.85 142.8 142.9 0.0006054338922
142.95 142.9 143 -0.0006401460505
143.05 143 143.1 0.0003977599094
143.15 143.1 143.2 0.002334953949
143.25 143.2 143.3 0.001725391234
143.35 143.3 143.4 0.0004947303877
143.45 143.4 143.5 -0.003265467115
143.55 143.5 143.6 -0.0004937425896
143.65 143.6 143.7 -2.668590296e-05
143.75 143.7 143.8 0.004485880835
143.85 143.8 143.9 0.0006258948397
143.95 143.9 144 -0.000406380956
144.05 144 144.1 -0.001095323092
144.15 144.1 144.2 0.002183759078
144.25 144.2 144.3 -9.114949601e-05
144.35 144.3 144.4 -0.001573352332
144.45 144.4 144.5 -0.001970386575
144.55 144.5 144.6 -0.001474020526
144.65 144.6 144.7 -0.0008485025573
144.75 144.7 144.8 0.0008159341893
144.85 144.8 144.9 0.002440562771
144.95 144.9 145 0.002037490968
145.05 145 145.1 0.0008529368214
145.15 145.1 145.2 -0.0001945001621
145.25 145.2 145.3 0.0007248503413
145.35 145.3 145.4 -0.001859289864
145.45 145.4 145.5 -0.001699088183
145.55 145.5 145.6 0.002423522746
145.65 145.6 145.7 0.001271124431
145.75 145.7 145.8 0.0001929553307
145.85 145.8 145.9 0.0002159357123
145.95 145.9 146 0.001402890031
146.05 146 146.1 0.002068863147
146.15 146.1 146.2 -0.001210509508
146.25 146.2 146.3 -0.0009440283009
146.35 146.3 146.4 0.001118616938
146.45 146.4 146.5 0.001704445945
146.55 146.5 146.6 -0.002336851975
146.65 146.6 146.7 -0.003251750227
146.75 146.7 146.8 0.001631360382
146.85 146.8 146.9 -0.0009964605619
146.95 146.9 147 0.001702542431
147.05 147 147.1 -0.0003994606264
147.15 147.1 147.2 0.001823267075
147.25 147.2 147.3 -0.003365580792
147.35 147.3 147.4 0.001434558669
147.45 147.4 147.5 0.0004470363629
147.55 147.5 147.6 0.0002687132861
147.65 147.6 147.7 0.001949924586
147.75 147.7 147.8 -0.001915489495
147.85 147.8 147.9 -0.002371846744
147.95 147.9 148 0.0004161245201
148.05 148 148.1 -9.182617735e-05
148.15 148.1 148.2 -3.121449894e-05
148.25 148.2 148.3 -0.0004805569439
148.35 148.3 148.4 0.0008009424043
148.45 148.4 148.5 0.001710599172
148.55 148.5 148.6 -0.002453938565
148.65 148.6 148.7 0.0004719207656
148.75 148.7 148.8 -0.0001624372665
148.85 148.8 148.9 -0.0007550538153
148.95 148.9 149 -0.002917452525
149.05 149 149.1 -0.001437543502
149.15 149.1 149.2 -0.0006581616772
149.25 149.2 149.3 -0.0004461836218
149.35 149.3 149.4 -0.002559308934
149.45 149.4 149.5 0.001650475105
149.55 149.5 149.6 0.001369917637
149.65 149.6 149.7 -0.002454879028
149.75 149.7 149.8 0.0009370357174
149.85 149.8 149.9 0.001901432196
149.95 149.9 150 -0.001186002182
150.05 150 150.1 0.002026735485
150.15 150.1 150.2 -2.215737415e-05
150.25 150.2 150.3 0.001043412057
150.35 150.3 150.4 0.0005502164156
150.45 150.4 150.5 0.003002200736
150.55 150.5 150.6 0.001602569119
150.65 150.6 150.7 -2.259803184e-05
150.75 150.7 150.8 0.0002470371081
150.85 150.8 150.9 -0.002581813806
150.95 150.9 151 -0.001210167508
151.05 151 151.1 -0.0005682134003
151.15 151.1 151.2 -0.001218070021
151.25 151.2 151.3 0.0003866628228
151.35 151.3 151.4 -0.001748311037
151.45 151.4 151.5 -0.00265520826
151.55 151.5 151.6 -0.003631443828
151.65 151.6 151.7 -0.004748908632
151.75 151.7 151.8 -0.0006581752486
151.85 151.8 151.9 -0.002179775352
151.95 151.9 152 0.0007677903309
152.05 152 152.1 8.53107182e-06
152.15 152.1 152.2 -0.002409536072
152.25 152.2 152.3 -0.001021604651
152.35 152.3 152.4 0.0003012177283
152.45 152.4 152.5 -0.001533437371
152.55 152.5 152.6 -0.0009299082676
152.65 152.6 152.7 0.00161482724
152.75 152.7 152.8 0.0001384081687
152.85 152.8 152.9 0.0004879963211
152.95 152.9 153 -0.0003498440927
153.05 153 153.1 -0.001127360293
153.15 153.1 153.2 -0.0001089955401
153.25 153.2 153.3 0.001212119878
153.35 153.3 153.4 0.001787068156
153.45 153.4 153.5 0.001350814476
153.55 153.5 153.6 0.001914304767
153.65 153.6 153.7 -0.000787009103
153.75 153.7 153.8 -0.00299171146
153.85 153.8 153.9 0.0004281601849
153.95 153.9 154 0.00122110193
154.05 154 154.1 -0.0006505667014
154.15 154.1 154.2 -0.002231243781
154.25 154.2 154.3 0.001962432412
154.35 154.3 154.4 -0.0005568191172
154.45 154.4 154.5 0.0009894290213
154.55 154.5 154.6 0.001621725611
154.65 154.6 154.7 0.0009495672157
154.75 154.7 154.8 0.001365718129
154.85 154.8 154.9 -0.0006730442465
154.95 154.9 155 -4.77514761e-05
155.05 155 155.1 -0.001318161181
155.15 155.1 155.2 -0.0002847131907
155.25 155.2 155.3 0.002050389063
155.35 155.3 155.4 -0.002686474759
155.45 155.4 155.5 0.0001761703738
155.55 155.5 155.6 0.003846973595
155.65 155.6 155.7 0.0007251806598
155.75 155.7 155.8 -0.003674763441
155.85 155.8 155.9 -0.001342396266
155.95 155.9 156 -0.0003413534091
156.05 156 156.1 -0.001679062086
156.15 156.1 156.2 -0.0006927148749
156.25 156.2 156.3 0.003543696109
156.35 156.3 156.4 -0.0009655497556
156.45 156.4 156.5 -0.0002531977636
156.55 156.5 156.6 0.0003581626095
156.65 156.6 156.7 0.001975268939
156.75 156.7 156.8 0.000909658267
156.85 156.8 156.9 0.001126969801
156.95 156.9 157 0.001031255008
157.05 157 157.1 0.0006681280461
157.15 157.1 157.2 0.0006812943085
157.25 157.2 157.3 0.0001982060209
157.35 157.3 157.4 -0.0002682894754
157.45 157.4 157.5 -0.005656831337
157.55 157.5 157.6 0.0005589847043
157.65 157.6 157.7 -0.003876251033
157.75 157.7 157.8 -0.003688393966
157.85 157.8 157.9 0.0005700320006
157.95 157.9 158 -0.001299845642
158.05 158 158.1 -0.002735586637
158.15 158.1 158.2 0.0001079902966
158.25 158.2 158.3 -0.001489024481
158.35 158.3 158.4 -0.002464796506
158.45 158.4 158.5 -0.0003148186545
158.55 158.5 158.6 -0.002460500518
158.65 158.6 158.7 -0.004139563949
158.75 158.7 158.8 0.0003329838381
158.85 158.8 158.9 -0.001130537055
158.95 158.9 159 -0.001819639787
159.05 159 159.1 0.0007553063948
159.15 159.1 159.2 0.001019003988
159.25 159.2 159.3 -0.001725076595
159.35 159.3 159.4 -0.0003920355456
159.45 159.4 159.5 0.0005058424047
159.55 159.5 159.6 -0.002116394921
159.65 159.6 159.7 0.001116685992
159.75 159.7 159.8 -0.003354820186
159.85 159.8 159.9 -0.002051737539
159.95 159.9 160 -0.0008687654737
160.05 160 160.1 -0.002997342705
160.15 160.1 160.2 -0.001217498589
160.25 160.2 160.3 0.0009797866903
160.35 160.3 160.4 -0.001903783427
160.45 160.4 160.5 0.001461378437
160.55 160.5 160.6 0.00076970457
160.65 160.6 160.7 -0.000709612271
160.75 160.7 160.8 0.002482549553
160.85 160.8 160.9 -0.0008214214352
160.95 160.9 161 0.001007677172
161.05 161 161.1 -0.0003688940289
161.15 161.1 161.2 0.00091591381
161.25 161.2 161.3 -0.00343701213
161.35 161.3 161.4 -0.001624519042
161.45 161.4 161.5 -0.001368789893
161.55 161.5 161.6 -0.0001906449194
161.65 161.6 161.7 -0.002932542671
161.75 161.7 161.8 -0.0004081208904
161.85 161.8 161.9 8.415773814e-05
161.95 161.9 162 -0.001000822224
162.05 162 162.1 0.0002096590422
162.15 162.1 162.2 -0.0005530053538
162.25 162.2 162.3 0.0009377133744
162.35 162.3 162.4 -0.0004572441358
162.45 162.4 162.5 0.00132310278
162.55 162.5 162.6 -0.002416765184
162.65 162.6 162.7 -0.001018876554
162.75 162.7 162.8 -0.0009437025798
162.85 162.8 162.9 -0.002604722246
162.95 162.9 163 -0.0007038896387
163.05 163 163.1 -0.0007544555808
163.15 163.1 163.2 0.001303062659
163.25 163.2 163.3 0.0007389272128
163.35 163.3 163.4 0.003188245951
163.45 163.4 163.5 0.002620447655
163.55 163.5 163.6 -0.002274719061
163.65 163.6 163.7 -0.001463858304
163.75 163.7 163.8 -0.001384451404
163.85 163.8 163.9 -0.0009857277346
163.95 163.9 164 -0.001270131377
164.05 164 164.1 0.0002392247172
164.15 164.1 164.2 -0.002177231171
164.25 164.2 164.3 0.000113849387
164.35 164.3 164.4 0.001932009965
164.45 164.4 164.5 -0.001414970718
164.55 164.5 164.6 0.0004128544863
164.65 164.6 164.7 0.0003876798892
164.75 164.7 164.8 -0.0001688135836
164.85 164.8 164.9 -0.002678016144
164.95 164.9 165 0.0001129046458
165.05 165 165.1 -0.001758902156
165.15 165.1 165.2 -0.001287226587
165.25 165.2 165.3 -0.0008671465525
165.35 165.3 165.4 0.001002859944
165.45 165.4 165.5 0.001342842235
165.55 165.5 165.6 0.001545353885
165.65 165.6 165.7 -0.0005612482953
165.75 165.7 165.8 0.002331010399
165.85 165.8 165.9 0.002216184111
165.95 165.9 166 0.0009326062502
166.05 166 166.1 -0.002407803181
166.15 166.1 166.2 -0.002176318993
166.25 166.2 166.3 0.0002987944155
166.35 166.3 166.4 0.002472146837
166.45 166.4 166.5 -0.002445242851
166.55 166.5 166.6 -0.0004604318139
166.65 166.6 166.7 -0.0007916150386
166.75 166.7 166.8 -0.0006502216923
166.85 166.8 166.9 -0.001503104255
166.95 166.9 167 -0.001576928221
167.05 167 167.1 -0.000292485584
167.15 167.1 167.2 -0.003285427554
167.25 167.2 167.3 -0.000706107648
167.35 167.3 167.4 -0.002900579734
167.45 167.4 167.5 0.0004750042085
167.55 167.5 167.6 9.782267298e-05
167.65 167.6 167.7 -0.001386200564
167.75 167.7 167.8 -0.0004170180041
167.85 167.8 167.9 -0.002439321809
167.95 167.9 168 0.0009276304447
168.05 168 168.1 -0.001360832926
168.15 168.1 168.2 -0.001707078708
168.25 168.2 168.3 0.00168506337
168.35 168.3 168.4 -0.001372949616
168.45 168.4 168.5 -6.611332148e-05
168.55 168.5 168.6 -0.0003525171737
168.65 168.6 168.7 -0.0004618565735
168.75 168.7 168.8 -0.002999505681
168.85 168.8 168.9 -0.002834595334
168.95 168.9 169 0.001816450755
169.05 169 169.1 0.002373098557
169.15 169.1 169.2 0.0003565814253
169.25 169.2 169.3 -0.0003147507763
169.35 169.3 169.4 0.003198135908
169.45 169.4 169.5 -0.001210418706
169.55 169.5 169.6 0.001467654751
169.65 169.6 169.7 -0.0002655648132
169.75 169.7 169.8 -0.0005812740499
169.85 169.8 169.9 0.001063610834
169.95 169.9 170 -0.0004356691549
170.05 170 170.1 0.0005264529331
170.15 170.1 170.2 0.0002420896036
170.25 170.2 170.3 -2.058231382e-05
170.35 170.3 170.4 0.001435698913
170.45 170.4 170.5 0.001354051944
170.55 170.5 170.6 0.0003618340172
170.65 170.6 170.7 0.0003515704404
170.75 170.7 170.8 0.0006804712925
170.85 170.8 170.9 -0.001802167503
170.95 170.9 171 -0.001977752943
171.05 171 171.1 -0.001482558177
171.15 171.1 171.2 0.003279810383
171.25 171.2 171.3 3.042295769e-06
171.35 171.3 171.4 -0.0003827861837
171.45 171.4 171.5 -0.000129033906
171.55 171.5 171.6 -0.0007104475773
171.65 171.6 171.7 -0.00114512416
171.75 171.7 171.8 0.0006531503723
171.85 171.8 171.9 -6.248512978e-05
171.95 171.9 172 -8.419623706e-05
172.05 172 172.1 0.0002953088476
172.15 172.1 172.2 1.625439502e-05
172.25 172.2 172.3 -0.0005218629654
172.35 172.3 172.4 -0.003250383422
172.45 172.4 172.5 0.0004339713885
172.55 172.5 172.6 -0.0009937213858
172.65 172.6 172.7 -0.002437172043
172.75 172.7 172.8 0.001500702727
172.85 172.8 172.9 -0.0001638975146
172.95 172.9 173 -0.0005279664543
173.05 173 173.1 -0.0005647955348
173.15 173.1 173.2 -0.002487392684
173.25 173.2 173.3 0.001844761331
173.35 173.3 173.4 -0.001094592522
173.45 173.4 173.5 -0.000357378785
173.55 173.5 173.6 0.0008506093791
173.65 173.6 173.7 -0.000694043194
173.75 173.7 173.8 0.002160813558
173.85 173.8 173.9 0.0006099792215
173.95 173.9 174 0.001392877744
174.05 174 174.1 -0.002413901227
174.15 174.1 174.2 0.00166155758
174.25 174.2 174.3 0.001654826312
174.35 174.3 174.4 -0.0006023693455
174.45 174.4 174.5 -0.002287062362
174.55 174.5 174.6 -9.413711374e-05
174.65 174.6 174.7 0.0006897232586
174.75 174.7 174.8 -0.001888523945
174.85 174.8 174.9 0.0005983719496
174.95 174.9 175 0.0002712380183
175.05 175 175.1 -0.001693615576
175.15 175.1 175.2 -0.0004929137757
175.25 175.2 175.3 -0.001209378059
175.35 175.3 175.4 0.001179627351
175.45 175.4 175.5 -0.0001962045592
175.55 175.5 175.6 0.001670399517
175.65 175.6 175.7 -0.0009234734436
175.75 175.7 175.8 -0.001782788446
175.85 175.8 175.9 -0.0004887418229
175.95 175.9 176 0.001138815864
176.05 176 176.1 0.001681367937
176.15 176.1 176.2 -0.001698849264
176.25 176.2 176.3 -0.001257030905
176.35 176.3 176.4 0.001785988311
176.45 176.4 176.5 -0.001893497963
176.55 176.5 176.6 0.0005697363945
176.65 176.6 176.7 -0.0002289933845
176.75 176.7 176.8 0.0005379929629
176.85 176.8 176.9 -0.001769983346
176.95 176.9 177 0.0002378418663
177.05 177 177.1 -0.002367565808
177.15 177.1 177.2 -0.004433550922
177.25 177.2 177.3 0.0003506895801
177.35 177.3 177.4 9.265662261e-05
177.45 177.4 177.5 0.0007440118357
177.55 177.5 177.6 -0.001605425338
177.65 177.6 177.7 0.0006290863486
177.75 177.7 177.8 -0.001609250978
177.85 177.8 177.9 0.0009954933089
177.95 177.9 178 -0.003988498976
178.05 178 178.1 -0.0007381542257
178.15 178.1 178.2 0.0002960714836
178.25 178.2 178.3 0.002170471103
178.35 178.3 178.4 -0.002376656983
178.45 178.4 178.5 -0.00128700865
178.55 178.5 178.6 -0.00191113045
178.65 178.6 178.7 0.0007805930172
178.75 178.7 178.8 -0.002522945877
178.85 178.8 178.9 -0.001048342248
178.95 178.9 179 -0.0002022639198
179.05 179 179.1 0.0005947584098
179.15 179.1 179.2 -0.0004119869019
179.25 179.2 179.3 0.0007789735645
179.35 179.3 179.4 -0.0002875886297
179.45 179.4 179.5 0.000464922644
179.55 179.5 179.6 0.002420409744
179.65 179.6 179.7 0.00211165753
179.75 179.7 179.8 -0.0008556645754
179.85 179.8 179.9 0.0004883585129
179.95 179.9 180 -0.002722770867
180.05 180 180.1 0.0004330148846
180.15 180.1 180.2 -0.0004864056476
180.25 180.2 180.3 -0.001413449561
180.35 180.3 180.4 -0.00171823232
180.45 180.4 180.5 -0.001090850598
180.55 180.5 180.6 0.001014700339
180.65 180.6 180.7 0.001077277203
180.75 180.7 180.8 0.000568236608
180.85 180.8 180.9 -0.001031597343
180.95 180.9 181 -0.001419398878
181.05 181 181.1 0.0008899238233
181.15 181.1 181.2 -0.0009425355712
181.25 181.2 181.3 -0.001324948172
181.35 181.3 181.4 0.0006511773137
181.45 181.4 181.5 -0.0003895332704
181.55 181.5 181.6 0.0004369479778
181.65 181.6 181.7 -0.001244474204
181.75 181.7 181.8 -0.003285738463
181.85 181.8 181.9 -0.001280497123
181.95 181.9 182 -0.001863829919
182.05 182 182.1 -0.0009257294713
182.15 182.1 182.2 -0.001725470841
182.25 182.2 182.3 0.001305835498
182.35 182.3 182.4 -0.001224545293
182.45 182.4 182.5 -0.002687684499
182.55 182.5 182.6 9.391465075e-05
182.65 182.6 182.7 0.0002416532507
182.75 182.7 182.8 0.0005022860202
182.85 182.8 182.9 -0.001136524272
182.95 182.9 183 2.632901341e-05
183.05 183 183.1 -0.0006861280149
183.15 183.1 183.2 -0.001491332248
183.25 183.2 183.3 -0.002481553138
183.35 183.3 183.4 -0.002161883943
183.45 183.4 183.5 0.0002286042674
183.55 183.5 183.6 -0.0009878147662
183.65 183.6 183.7 0.0008060101029
183.75 183.7 183.8 -0.001531738853
183.85 183.8 183.9 -0.002219259521
183.95 183.9 184 -4.124607569e-05
184.05 184 184.1 -0.0007962557243
184.15 184.1 184.2 -0.001447039939
184.25 184.2 184.3 -0.001318086522
184.35 184.3 184.4 0.001568767836
184.45 184.4 184.5 -0.0001979690238
184.55 184.5 184.6 -0.00136062065
184.65 184.6 184.7 -0.0008500239153
184.75 184.7 184.8 -0.003040374122
184.85 184.8 184.9 -0.001510947081
184.95 184.9 185 0.0007400190734
185.05 185 185.1 -0.001107829918
185.15 185.1 185.2 0.001442103987
185.25 185.2 185.3 0.002406274117
185.35 185.3 185.4 -0.0001760273348
185.45 185.4 185.5 -0.001010695224
185.55 185.5 185.6 -0.001719314408
185.65 185.6 185.7 -0.001619590912
185.75 185.7 185.8 -0.0007984654298
185.85 185.8 185.9 -0.0003238359039
185.95 185.9 186 -0.0001596446776
186.05 186 186.1 -0.0005188038025
186.15 186.1 186.2 0.0003674862256
186.25 186.2 186.3 7.719009301e-05
186.35 186.3 186.4 0.001883552146
186.45 186.4 186.5 -0.0008445745548
186.55 186.5 186.6 -0.001880843593
186.65 186.6 186.7 -0.001667349912
186.75 186.7 186.8 -1.911084782e-05
186.85 186.8 186.9 -0.0002212075856
186.95 186.9 187 -0.000635229398
187.05 187 187.1 -0.0004397123142
187.15 187.1 187.2 0.000397599456
187.25 187.2 187.3 -0.001126353848
187.35 187.3 187.4 0.0009431976043
187.45 187.4 187.5 0.002373465921
187.55 187.5 187.6 -0.001358935009
187.65 187.6 187.7 0.0002162417676
187.75 187.7 187.8 -0.0003507182647
187.85 187.8 187.9 -0.0008899355269
187.95 187.9 188 -0.0004486439577
188.05 188 188.1 -0.00147369614
188.15 188.1 188.2 0.0008462387553
188.25 188.2 188.3 -0.002124905253
188.35 188.3 188.4 0.001119510265
188.45 188.4 188.5 -0.0003586497984
188.55 188.5 188.6 0.0009946282963
188.65 188.6 188.7 0.001063244146
188.75 188.7 188.8 0.0002679439092
188.85 188.8 188.9 0.000359464228
188.95 188.9 189 -9.491219976e-06
189.05 189 189.1 0.0006511506449
189.15 189.1 189.2 -0.002101914306
189.25 189.2 189.3 -0.002420896725
189.35 189.3 189.4 -0.0009745184508
189.45 189.4 189.5 -0.0005161440186
189.55 189.5 189.6 -0.0005378616336
189.65 189.6 189.7 -0.002477048887
189.75 189.7 189.8 -0.0004014447799
189.85 189.8 189.9 -0.002166395104
189.95 189.9 190 -0.000539885759
190.05 190 190.1 -0.0009617691302
190.15 190.1 190.2 -0.002354264632
190.25 190.2 190.3 0.001194665946
190.35 190.3 190.4 -0.0006320231516
190.45 190.4 190.5 -0.002467795923
190.55 190.5 190.6 -0.002467687427
190.65 190.6 190.7 0.001115465042
190.75 190.7 190.8 0.001115718524
190.85 190.8 190.9 -0.001140866979
190.95 190.9 191 8.555557715e-05
191.05 191 191.1 0.0008256220391
191.15 191.1 191.2 -0.001262626619
191.25 191.2 191.3 -0.001761895598
191.35 191.3 191.4 -0.0009476542986
191.45 191.4 191.5 -0.001664429409
191.55 191.5 191.6 8.737886834e-05
191.65 191.6 191.7 0.000606945828
191.75 191.7 191.8 -0.001374210511
191.85 191.8 191.9 -0.002388942354
191.95 191.9 192 -0.002535272408
192.05 192 192.1 -0.002502146662
192.15 192.1 192.2 0.0001095186463
192.25 192.2 192.3 -0.002739424034
192.35 192.3 192.4 -0.0004443837031
192.45 192.4 192.5 -0.001576625299
192.55 192.5 192.6 -0.0001749757635
192.65 192.6 192.7 -0.0002338332127
192.75 192.7 192.8 -0.001009074354
192.85 192.8 192.9 0.0003879038748
192.95 192.9 193 -0.001755063617
193.05 193 193.1 0.001356339861
193.15 193.1 193.2 0.0003869948824
193.25 193.2 193.3 -0.0003422921446
193.35 193.3 193.4 -0.0003677828893
193.45 193.4 193.5 0.000240170435
193.55 193.5 193.6 -0.0005965038701
193.65 193.6 193.7 0.0005514272469
193.75 193.7 193.8 -0.001260407166
193.85 193.8 193.9 -0.00194751181
193.95 193.9 194 -0.002102823719
194.05 194 194.1 -0.001429464252
194.15 194.1 194.2 -0.0001086291547
194.25 194.2 194.3 -0.0007906057685
194.35 194.3 194.4 -0.0005552622736
194.45 194.4 194.5 0.001053058519
194.55 194.5 194.6 0.0001788570994
194.65 194.6 194.7 -0.00103537493
194.75 194.7 194.8 6.075539708e-05
194.85 194.8 194.9 0.0002176828654
194.95 194.9 195 -0.001661298085
195.05 195 195.1 0.001040890372
195.15 195.1 195.2 -0.0005840459216
195.25 195.2 195.3 -0.0005001402881
195.35 195.3 195.4 0.0004592727078
195.45 195.4 195.5 0.001543365905
195.55 195.5 195.6 -0.0009903714307
195.65 195.6 195.7 0.0003201390403
195.75 195.7 195.8 -0.001266612074
195.85 195.8 195.9 -8.851025882e-05
195.95 195.9 196 -0.0003864249994
196.05 196 196.1 -0.001843993413
196.15 196.1 196.2 0.0006356122401
196.25 196.2 196.3 -0.002455208746
196.35 196.3 196.4 -0.001331964206
196.45 196.4 196.5 -0.002062787927
196.55 196.5 196.6 0.0007964203432
196.65 196.6 196.7 0.001373042795
196.75 196.7 196.8 -0.002254843532
196.85 196.8 196.9 -0.0003547787779
196.95 196.9 197 -0.000252886622
197.05 197 197.1 0.001140724346
197.15 197.1 197.2 -0.0004551976779
197.25 197.2 197.3 0.001109486591
197.35 197.3 197.4 0.001870708861
197.45 197.4 197.5 0.001563875766
197.55 197.5 197.6 -0.000895167701
197.65 197.6 197.7 3.743739683e-05
197.75 197.7 197.8 0.001114237624
197.85 197.8 197.9 -0.001221478375
197.95 197.9 198 -0.0003335825834
198.05 198 198.1 0.0009392850942
198.15 198.1 198.2 -0.003123344307
198.25 198.2 198.3 -0.00247104155
198.35 198.3 198.4 -0.002069625925
198.45 198.4 198.5 -0.0001008271871
198.55 198.5 198.6 -0.0006537894952
198.65 198.6 198.7 -0.00259215397
198.75 198.7 198.8 0.00138691924
198.85 198.8 198.9 0.0008142128547
198.95 198.9 199 -3.704601092e-05
199.05 199 199.1 -0.002531801414
199.15 199.1 199.2 -0.001307303835
199.25 199.2 199.3 -0.001633726616
199.35 199.3 199.4 -0.001050088754
199.45 199.4 199.5 -0.001551767859
199.55 199.5 199.6 -0.0007248303635
199.65 199.6 199.7 -0.001771096098
199.75 199.7 199.8 -0.001403527988
199.85 199.8 199.9 -0.001319678018
199.95 199.9 200 0.001067327407
