# Columns: s_cen(1) s_min(2) s_max(3) xi_iso(4)
0.05 0 0.1 38.08563663
0.15 0.1 0.2 10.66734178
0.25 0.2 0.3 12.6673118
0.35 0.3 0.4 15.47528264
0.45 0.4 0.5 22.65782142
0.55 0.5 0.6 21.74694928
0.65 0.6 0.7 22.95058044
0.75 0.7 0.8 20.54066133
0.85 0.8 0.9 21.2450351
0.95 0.9 1 20.49390226
1.05 1 1.1 20.68217096
1.15 1.1 1.2 19.62789364
1.25 1.2 1.3 18.19493234
1.35 1.3 1.4 17.013444
1.45 1.4 1.5 16.23600244
1.55 1.5 1.6 15.79653549
1.65 1.6 1.7 14.76007361
1.75 1.7 1.8 14.10184115
1.85 1.8 1.9 13.00792701
1.95 1.9 2 12.27089463
2.05 2 2.1 11.32371278
2.15 2.1 2.2 11.33159388
2.25 2.2 2.3 10.38765242
2.35 2.3 2.4 9.817038278
2.45 2.4 2.5 9.23576757
2.55 2.5 2.6 8.540445122
2.65 2.6 2.7 8.144588538
2.75 2.7 2.8 7.798400279
2.85 2.8 2.9 7.44417257
2.95 2.9 3 7.010050795
3.05 3 3.1 6.601677243
3.15 3.1 3.2 6.236781958
3.25 3.2 3.3 6.122102407
3.35 3.3 3.4 5.710829261
3.45 3.4 3.5 5.395367673
3.55 3.5 3.6 5.364795243
3.65 3.6 3.7 5.239212253
3.75 3.7 3.8 5.07634077
3.85 3.8 3.9 4.838878056
3.95 3.9 4 4.546044134
4.05 4 4.1 4.515832355
4.15 4.1 4.2 4.349547542
4.25 4.2 4.3 4.161822105
4.35 4.3 4.4 4.121192242
4.45 4.4 4.5 4.059788462
4.55 4.5 4.6 3.873145785
4.65 4.6 4.7 3.835889204
4.75 4.7 4.8 3.484937954
4.85 4.8 4.9 3.497404455
4.95 4.9 5 3.414430423
5.05 5 5.1 3.332442
5.15 5.1 5.2 3.259420057
5.25 5.2 5.3 3.107659833
5.35 5.3 5.4 3.050259802
5.45 5.4 5.5 2.87624655
5.55 5.5 5.6 2.911954515
5.65 5.6 5.7 2.776743844
5.75 5.7 5.8 2.669050697
5.85 5.8 5.9 2.649433815
5.95 5.9 6 2.602237003
6.05 6 6.1 2.599872635
6.15 6.1 6.2 2.525240669
6.25 6.2 6.3 2.450750863
6.35 6.3 6.4 2.362629967
6.45 6.4 6.5 2.3020166
6.55 6.5 6.6 2.20673237
6.65 6.6 6.7 2.202081965
6.75 6.7 6.8 2.147727266
6.85 6.8 6.9 2.036038691
6.95 6.9 7 2.031591093
7.05 7 7.1 2.032099518
7.15 7.1 7.2 1.945775346
7.25 7.2 7.3 1.924608821
7.35 7.3 7.4 1.834990605
7.45 7.4 7.5 1.840424592
7.55 7.5 7.6 1.808677124
7.65 7.6 7.7 1.70984221
7.75 7.7 7.8 1.697609515
7.85 7.8 7.9 1.603636804
7.95 7.9 8 1.664344665
8.05 8 8.1 1.617749612
8.15 8.1 8.2 1.570201077
8.25 8.2 8.3 1.60843017
8.35 8.3 8.4 1.521217836
8.45 8.4 8.5 1.453819524
8.55 8.5 8.6 1.484161856
8.65 8.6 8.7 1.382875121
8.75 8.7 8.8 1.37979798
8.85 8.8 8.9 1.3372271
8.95 8.9 9 1.315157345
9.05 9 9.1 1.339305545
9.15 9.1 9.2 1.27952819
9.25 9.2 9.3 1.221886416
9.35 9.3 9.4 1.238673458
9.45 9.4 9.5 1.224770371
9.55 9.5 9.6 1.178049864
9.65 9.6 9.7 1.146759073
9.75 9.7 9.8 1.14168635
9.85 9.8 9.9 1.148411165
9.95 9.9 10 1.129719086
10.05 10 10.1 1.074505186
10.15 10.1 10.2 1.088542214
10.25 10.2 10.3 1.047769392
10.35 10.3 10.4 1.00495424
10.45 10.4 10.5 1.017034829
10.55 10.5 10.6 0.9630995286
10.65 10.6 10.7 0.9674800395
10.75 10.7 10.8 0.9506284469
10.85 10.8 10.9 0.9362894565
10.95 10.9 11 0.9332142427
11.05 11 11.1 0.9213921994
11.15 11.1 11.2 0.8822842617
11.25 11.2 11.3 0.8685478099
11.35 11.3 11.4 0.8715235436
11.45 11.4 11.5 0.8761707008
11.55 11.5 11.6 0.8306721967
11.65 11.6 11.7 0.8155804812
11.75 11.7 11.8 0.8032316713
11.85 11.8 11.9 0.7919088769
11.95 11.9 12 0.7858240349
12.05 12 12.1 0.793589229
12.15 12.1 12.2 0.7595104789
12.25 12.2 12.3 0.7528245347
12.35 12.3 12.4 0.7354749922
12.45 12.4 12.5 0.711701801
12.55 12.5 12.6 0.7017674419
12.65 12.6 12.7 0.7264213513
12.75 12.7 12.8 0.7012992295
12.85 12.8 12.9 0.6853997487
12.95 12.9 13 0.6751486663
13.05 13 13.1 0.6687353926
13.15 13.1 13.2 0.6417358459
13.25 13.2 13.3 0.6499273478
13.35 13.3 13.4 0.6323238338
13.45 13.4 13.5 0.6292954455
13.55 13.5 13.6 0.6226719259
13.65 13.6 13.7 0.6271164964
13.75 13.7 13.8 0.6101775622
13.85 13.8 13.9 0.5866171351
13.95 13.9 14 0.5815537938
14.05 14 14.1 0.581345901
14.15 14.1 14.2 0.5780372976
14.25 14.2 14.3 0.552163923
14.35 14.3 14.4 0.5557711569
14.45 14.4 14.5 0.5365071537
14.55 14.5 14.6 0.5422526871
14.65 14.6 14.7 0.5509108108
14.75 14.7 14.8 0.5220552164
14.85 14.8 14.9 0.5281762376
14.95 14.9 15 0.50947993
15.05 15 15.1 0.5012017027
15.15 15.1 15.2 0.517174503
15.25 15.2 15.3 0.4889153252
15.35 15.3 15.4 0.4919375033
15.45 15.4 15.5 0.501889844
15.55 15.5 15.6 0.4850724134
15.65 15.6 15.7 0.4753979197
15.75 15.7 15.8 0.4646562938
15.85 15.8 15.9 0.4531350327
15.95 15.9 16 0.4577602211
16.05 16 16.1 0.4514577561
16.15 16.1 16.2 0.4473244017
16.25 16.2 16.3 0.439172097
16.35 16.3 16.4 0.4344490304
16.45 16.4 16.5 0.4045344008
16.55 16.5 16.6 0.434400113
16.65 16.6 16.7 0.4341093014
16.75 16.7 16.8 0.4136888245
16.85 16.8 16.9 0.4204670748
16.95 16.9 17 0.4108681635
17.05 17 17.1 0.4137421682
17.15 17.1 17.2 0.3919079209
17.25 17.2 17.3 0.383439187
17.35 17.3 17.4 0.3847231548
17.45 17.4 17.5 0.3931981713
17.55 17.5 17.6 0.3830765935
17.65 17.6 17.7 0.3696593997
17.75 17.7 17.8 0.3605371778
17.85 17.8 17.9 0.3592084152
17.95 17.9 18 0.3605942215
18.05 18 18.1 0.3632715908
18.15 18.1 18.2 0.3570802842
18.25 18.2 18.3 0.3524248562
18.35 18.3 18.4 0.3504136919
18.45 18.4 18.5 0.3613305119
18.55 18.5 18.6 0.3238255909
18.65 18.6 18.7 0.3398895134
18.75 18.7 18.8 0.3422199486
18.85 18.8 18.9 0.3199447613
18.95 18.9 19 0.3290513206
19.05 19 19.1 0.3288273349
19.15 19.1 19.2 0.3151136068
19.25 19.2 19.3 0.310078949
19.35 19.3 19.4 0.3240234936
19.45 19.4 19.5 0.3132815726
19.55 19.5 19.6 0.3196639368
19.65 19.6 19.7 0.2907076936
19.75 19.7 19.8 0.3092917157
19.85 19.8 19.9 0.3061008525
19.95 19.9 20 0.3052039355
20.05 20 20.1 0.2846496763
20.15 20.1 20.2 0.2794621701
20.25 20.2 20.3 0.28240893
20.35 20.3 20.4 0.2853172489
20.45 20.4 20.5 0.279448978
20.55 20.5 20.6 0.2771447732
20.65 20.6 20.7 0.2651416277
20.75 20.7 20.8 0.2766547893
20.85 20.8 20.9 0.2629647611
20.95 20.9 21 0.2562093898
21.05 21 21.1 0.2703808583
21.15 21.1 21.2 0.2649427723
21.25 21.2 21.3 0.2688222045
21.35 21.3 21.4 0.2563302747
21.45 21.4 21.5 0.2557404857
21.55 21.5 21.6 0.2417358544
21.65 21.6 21.7 0.2554770789
21.75 21.7 21.8 0.2479608055
21.85 21.8 21.9 0.2464511905
21.95 21.9 22 0.2449759338
22.05 22 22.1 0.2406532732
22.15 22.1 22.2 0.2318944616
22.25 22.2 22.3 0.2282605371
22.35 22.3 22.4 0.2255108798
22.45 22.4 22.5 0.2307595924
22.55 22.5 22.6 0.2277451954
22.65 22.6 22.7 0.218896189
22.75 22.7 22.8 0.2323640989
22.85 22.8 22.9 0.2265896127
22.95 22.9 23 0.2148422542
23.05 23 23.1 0.2054630769
23.15 23.1 23.2 0.2200356112
23.25 23.2 23.3 0.2205358807
23.35 23.3 23.4 0.2188215549
23.45 23.4 23.5 0.2074631515
23.55 23.5 23.6 0.2175975833
23.65 23.6 23.7 0.2017147433
23.75 23.7 23.8 0.2028150314
23.85 23.8 23.9 0.198587775
23.95 23.9 24 0.1991748396
24.05 24 24.1 0.1897756033
24.15 24.1 24.2 0.1939810227
24.25 24.2 24.3 0.1860741758
24.35 24.3 24.4 0.1868407864
24.45 24.4 24.5 0.1887512086
24.55 24.5 24.6 0.1843499153
24.65 24.6 24.7 0.185785417
24.75 24.7 24.8 0.1777054204
24.85 24.8 24.9 0.1899784673
24.95 24.9 25 0.1779622584
25.05 25 25.1 0.1871896702
25.15 25.1 25.2 0.174950728
25.25 25.2 25.3 0.1704375845
25.35 25.3 25.4 0.1772646582
25.45 25.4 25.5 0.1836993371
25.55 25.5 25.6 0.1799050394
25.65 25.6 25.7 0.1760364148
25.75 25.7 25.8 0.1694620742
25.85 25.8 25.9 0.1691881334
25.95 25.9 26 0.1701044367
26.05 26 26.1 0.1598683561
26.15 26.1 26.2 0.1647564899
26.25 26.2 26.3 0.1593401486
26.35 26.3 26.4 0.1650195964
26.45 26.4 26.5 0.1609481768
26.55 26.5 26.6 0.1611457076
26.65 26.6 26.7 0.1480150227
26.75 26.7 26.8 0.1625290906
26.85 26.8 26.9 0.1607288091
26.95 26.9 27 0.1535767933
27.05 27 27.1 0.1510456586
27.15 27.1 27.2 0.1532918677
27.25 27.2 27.3 0.141961862
27.35 27.3 27.4 0.1419599665
27.45 27.4 27.5 0.1423552458
27.55 27.5 27.6 0.1424844555
27.65 27.6 27.7 0.1404714024
27.75 27.7 27.8 0.149292752
27.85 27.8 27.9 0.1363003289
27.95 27.9 28 0.1405574072
28.05 28 28.1 0.1413906406
28.15 28.1 28.2 0.1380313468
28.25 28.2 28.3 0.1343612085
28.35 28.3 28.4 0.1452555874
28.45 28.4 28.5 0.1379341408
28.55 28.5 28.6 0.1284297438
28.65 28.6 28.7 0.1386688035
28.75 28.7 28.8 0.123738528
28.85 28.8 28.9 0.1246712416
28.95 28.9 29 0.1290399244
29.05 29 29.1 0.1348096347
29.15 29.1 29.2 0.1318604783
29.25 29.2 29.3 0.1266691265
29.35 29.3 29.4 0.1276815818
29.45 29.4 29.5 0.1268885805
29.55 29.5 29.6 0.1234529159
29.65 29.6 29.7 0.1222024588
29.75 29.7 29.8 0.1183016536
29.85 29.8 29.9 0.1218949679
29.95 29.9 30 0.1228773091
30.05 30 30.1 0.1156961535
30.15 30.1 30.2 0.1216537258
30.25 30.2 30.3 0.119049687
30.35 30.3 30.4 0.108967866
30.45 30.4 30.5 0.1192341033
30.55 30.5 30.6 0.1121190227
30.65 30.6 30.7 0.1166650937
30.75 30.7 30.8 0.1137879624
30.85 30.8 30.9 0.1106521709
30.95 30.9 31 0.1117805261
31.05 31 31.1 0.1067772923
31.15 31.1 31.2 0.1197694917
31.25 31.2 31.3 0.1087688633
31.35 31.3 31.4 0.1144422501
31.45 31.4 31.5 0.1107087973
31.55 31.5 31.6 0.108143134
31.65 31.6 31.7 0.09787446715
31.75 31.7 31.8 0.1071507168
31.85 31.8 31.9 0.1023205388
31.95 31.9 32 0.1014202675
32.05 32 32.1 0.1007255759
32.15 32.1 32.2 0.1001734746
32.25 32.2 32.3 0.1065951491
32.35 32.3 32.4 0.09909847169
32.45 32.4 32.5 0.09700561494
32.55 32.5 32.6 0.09995485993
32.65 32.6 32.7 0.09296023332
32.75 32.7 32.8 0.09873014538
32.85 32.8 32.9 0.1010302852
32.95 32.9 33 0.09752316535
33.05 33 33.1 0.1014785317
33.15 33.1 33.2 0.09399133515
33.25 33.2 33.3 0.09446362307
33.35 33.3 33.4 0.08839236869
33.45 33.4 33.5 0.09215813613
33.55 33.5 33.6 0.09469910084
33.65 33.6 33.7 0.09788656657
33.75 33.7 33.8 0.08679777248
33.85 33.8 33.9 0.09037652683
33.95 33.9 34 0.08436797619
34.05 34 34.1 0.09111093098
34.15 34.1 34.2 0.09185121764
34.25 34.2 34.3 0.08442549599
34.35 34.3 34.4 0.08698696888
34.45 34.4 34.5 0.08297781042
34.55 34.5 34.6 0.08411621071
34.65 34.6 34.7 0.09033167622
34.75 34.7 34.8 0.08505476461
34.85 34.8 34.9 0.08271341267
34.95 34.9 35 0.08778959129
35.05 35 35.1 0.07737204683
35.15 35.1 35.2 0.08303266352
35.25 35.2 35.3 0.08100919308
35.35 35.3 35.4 0.08449388137
35.45 35.4 35.5 0.07328306854
35.55 35.5 35.6 0.0735407965
35.65 35.6 35.7 0.08405722967
35.75 35.7 35.8 0.0780430952
35.85 35.8 35.9 0.07364620016
35.95 35.9 36 0.07798250408
36.05 36 36.1 0.07421126249
36.15 36.1 36.2 0.0799290868
36.25 36.2 36.3 0.07423844356
36.35 36.3 36.4 0.07292345567
36.45 36.4 36.5 0.06752474714
36.55 36.5 36.6 0.07528124471
36.65 36.6 36.7 0.08141618659
36.75 36.7 36.8 0.07212649758
36.85 36.8 36.9 0.07279773038
36.95 36.9 37 0.07526879074
37.05 37 37.1 0.06480411215
37.15 37.1 37.2 0.07118907003
37.25 37.2 37.3 0.07002079109
37.35 37.3 37.4 0.06638155059
37.45 37.4 37.5 0.07119016828
37.55 37.5 37.6 0.06739790284
37.65 37.6 37.7 0.07557005563
37.75 37.7 37.8 0.07003045343
37.85 37.8 37.9 0.0703364946
37.95 37.9 38 0.06529906593
38.05 38 38.1 0.0633998218
38.15 38.1 38.2 0.06385771493
38.25 38.2 38.3 0.06748281004
38.35 38.3 38.4 0.06193683184
38.45 38.4 38.5 0.0612540174
38.55 38.5 38.6 0.07140395502
38.65 38.6 38.7 0.06219914302
38.75 38.7 38.8 0.06139082459
38.85 38.8 38.9 0.06066904803
38.95 38.9 39 0.06192634779
39.05 39 39.1 0.06098863528
39.15 39.1 39.2 0.06148548411
39.25 39.2 39.3 0.06320142673
39.35 39.3 39.4 0.06100407772
39.45 39.4 39.5 0.06178408871
39.55 39.5 39.6 0.0629291228
39.65 39.6 39.7 0.06826373671
39.75 39.7 39.8 0.05813264188
39.85 39.8 39.9 0.05553138928
39.95 39.9 40 0.06014341954
40.05 40 40.1 0.06473061244
40.15 40.1 40.2 0.05773414134
40.25 40.2 40.3 0.05884593107
40.35 40.3 40.4 0.06043193405
40.45 40.4 40.5 0.05944985143
40.55 40.5 40.6 0.0522310808
40.65 40.6 40.7 0.06055341114
40.75 40.7 40.8 0.0566509496
40.85 40.8 40.9 0.05450550423
40.95 40.9 41 0.05626494272
41.05 41 41.1 0.05415173023
41.15 41.1 41.2 0.05284586415
41.25 41.2 41.3 0.05597331011
41.35 41.3 41.4 0.05540015535
41.45 41.4 41.5 0.05446744108
41.55 41.5 41.6 0.05887623492
41.65 41.6 41.7 0.05028803418
41.75 41.7 41.8 0.04825639409
41.85 41.8 41.9 0.04495420818
41.95 41.9 42 0.04338743609
42.05 42 42.1 0.05516967171
42.15 42.1 42.2 0.04643523799
42.25 42.2 42.3 0.04975286019
42.35 42.3 42.4 0.05185821798
42.45 42.4 42.5 0.04877120566
42.55 42.5 42.6 0.05121686392
42.65 42.6 42.7 0.04662510347
42.75 42.7 42.8 0.04818577161
42.85 42.8 42.9 0.05036290172
42.95 42.9 43 0.04630770285
43.05 43 43.1 0.044452285
43.15 43.1 43.2 0.04834256419
43.25 43.2 43.3 0.0435354979
43.35 43.3 43.4 0.05178111827
43.45 43.4 43.5 0.04239951821
43.55 43.5 43.6 0.05012451404
43.65 43.6 43.7 0.04451827658
43.75 43.7 43.8 0.04876925074
43.85 43.8 43.9 0.04354208744
43.95 43.9 44 0.04711872564
44.05 44 44.1 0.04490484286
44.15 44.1 44.2 0.04459469058
44.25 44.2 44.3 0.04906076874
44.35 44.3 44.4 0.04923501744
44.45 44.4 44.5 0.04722547806
44.55 44.5 44.6 0.04139354665
44.65 44.6 44.7 0.04967465212
44.75 44.7 44.8 0.04168338896
44.85 44.8 44.9 0.04522907627
44.95 44.9 45 0.04184379424
45.05 45 45.1 0.04312931905
45.15 45.1 45.2 0.04293580396
45.25 45.2 45.3 0.04121898139
45.35 45.3 45.4 0.04427140551
45.45 45.4 45.5 0.03553603576
45.55 45.5 45.6 0.04346516968
45.65 45.6 45.7 0.04228742564
45.75 45.7 45.8 0.04607882687
45.85 45.8 45.9 0.0377949344
45.95 45.9 46 0.03863142996
46.05 46 46.1 0.03956648863
46.15 46.1 46.2 0.04094075046
46.25 46.2 46.3 0.0384303747
46.35 46.3 46.4 0.03284063876
46.45 46.4 46.5 0.0398275828
46.55 46.5 46.6 0.03954336232
46.65 46.6 46.7 0.03419898254
46.75 46.7 46.8 0.03639466238
46.85 46.8 46.9 0.03914322895
46.95 46.9 47 0.0399501459
47.05 47 47.1 0.03508515505
47.15 47.1 47.2 0.04490341222
47.25 47.2 47.3 0.03488712541
47.35 47.3 47.4 0.03459039245
47.45 47.4 47.5 0.0410504789
47.55 47.5 47.6 0.03265838073
47.65 47.6 47.7 0.03182595642
47.75 47.7 47.8 0.03517840482
47.85 47.8 47.9 0.03562199344
47.95 47.9 48 0.03644272177
48.05 48 48.1 0.03185997438
48.15 48.1 48.2 0.03418669438
48.25 48.2 48.3 0.03470454084
48.35 48.3 48.4 0.03613585556
48.45 48.4 48.5 0.03444887183
48.55 48.5 48.6 0.03305356702
48.65 48.6 48.7 0.03440153067
48.75 48.7 48.8 0.03272801682
48.85 48.8 48.9 0.03546219518
48.95 48.9 49 0.03406063379
49.05 49 49.1 0.03062489142
49.15 49.1 49.2 0.03173450496
49.25 49.2 49.3 0.03221681067
49.35 49.3 49.4 0.03371378161
49.45 49.4 49.5 0.02876209581
49.55 49.5 49.6 0.02907395629
49.65 49.6 49.7 0.02658363789
49.75 49.7 49.8 0.02835923203
49.85 49.8 49.9 0.03245981662
49.95 49.9 50 0.03352162955
50.05 50 50.1 0.0315858124
50.15 50.1 50.2 0.03498030768
50.25 50.2 50.3 0.0306225676
50.35 50.3 50.4 0.02806715321
50.45 50.4 50.5 0.03164122187
50.55 50.5 50.6 0.02993287059
50.65 50.6 50.7 0.02779806836
50.75 50.7 50.8 0.02975030245
50.85 50.8 50.9 0.02702184924
50.95 50.9 51 0.02953194931
51.05 51 51.1 0.03004223997
51.15 51.1 51.2 0.02869196884
51.25 51.2 51.3 0.02765222034
51.35 51.3 51.4 0.02539267579
51.45 51.4 51.5 0.02482443598
51.55 51.5 51.6 0.02562720041
51.65 51.6 51.7 0.02703239452
51.75 51.7 51.8 0.02579954216
51.85 51.8 51.9 0.02694171957
51.95 51.9 52 0.02486733949
52.05 52 52.1 0.02273398567
52.15 52.1 52.2 0.02436080872
52.25 52.2 52.3 0.02207835481
52.35 52.3 52.4 0.02304036014
52.45 52.4 52.5 0.0265755553
52.55 52.5 52.6 0.02268164263
52.65 52.6 52.7 0.02259194441
52.75 52.7 52.8 0.02476521222
52.85 52.8 52.9 0.0277989513
52.95 52.9 53 0.02415140407
53.05 53 53.1 0.026431544
53.15 53.1 53.2 0.02461748651
53.25 53.2 53.3 0.02208493687
53.35 53.3 53.4 0.0212096013
53.45 53.4 53.5 0.02942319217
53.55 53.5 53.6 0.02578742371
53.65 53.6 53.7 0.02462993747
53.75 53.7 53.8 0.02471990229
53.85 53.8 53.9 0.02573875564
53.95 53.9 54 0.02004670118
54.05 54 54.1 0.02615808449
54.15 54.1 54.2 0.0213154682
54.25 54.2 54.3 0.02139923577
54.35 54.3 54.4 0.02058571876
54.45 54.4 54.5 0.01871199108
54.55 54.5 54.6 0.02069994289
54.65 54.6 54.7 0.02013575974
54.75 54.7 54.8 0.01883109931
54.85 54.8 54.9 0.02454067437
54.95 54.9 55 0.02040981917
55.05 55 55.1 0.02199895066
55.15 55.1 55.2 0.01971322745
55.25 55.2 55.3 0.01357897158
55.35 55.3 55.4 0.01663022479
55.45 55.4 55.5 0.02119985708
55.55 55.5 55.6 0.01642080398
55.65 55.6 55.7 0.02396946544
55.75 55.7 55.8 0.02176909894
55.85 55.8 55.9 0.02377161858
55.95 55.9 56 0.02165094246
56.05 56 56.1 0.01919875113
56.15 56.1 56.2 0.01836305714
56.25 56.2 56.3 0.02202658894
56.35 56.3 56.4 0.02170090533
56.45 56.4 56.5 0.02383101109
56.55 56.5 56.6 0.01883789551
56.65 56.6 56.7 0.01701149529
56.75 56.7 56.8 0.01371585916
56.85 56.8 56.9 0.02055420137
56.95 56.9 57 0.02041240435
57.05 57 57.1 0.02089662063
57.15 57.1 57.2 0.01892419376
57.25 57.2 57.3 0.01671696322
57.35 57.3 57.4 0.01716457204
57.45 57.4 57.5 0.01861609457
57.55 57.5 57.6 0.01679619378
57.65 57.6 57.7 0.0183307437
57.75 57.7 57.8 0.01746217388
57.85 57.8 57.9 0.01516865145
57.95 57.9 58 0.02050650625
58.05 58 58.1 0.01382917787
58.15 58.1 58.2 0.01600580324
58.25 58.2 58.3 0.01937406774
58.35 58.3 58.4 0.01944646149
58.45 58.4 58.5 0.01820603935
58.55 58.5 58.6 0.01818114382
58.65 58.6 58.7 0.01219690182
58.75 58.7 58.8 0.01730184642
58.85 58.8 58.9 0.01656655489
58.95 58.9 59 0.02019729583
59.05 59 59.1 0.01933056062
59.15 59.1 59.2 0.01803033188
59.25 59.2 59.3 0.01369784991
59.35 59.3 59.4 0.01529957542
59.45 59.4 59.5 0.02051509563
59.55 59.5 59.6 0.0190050063
59.65 59.6 59.7 0.01821792304
59.75 59.7 59.8 0.01409516451
59.85 59.8 59.9 0.01696282718
59.95 59.9 60 0.01525231421
60.05 60 60.1 0.01368427003
60.15 60.1 60.2 0.01534810215
60.25 60.2 60.3 0.01694756888
60.35 60.3 60.4 0.01563683188
60.45 60.4 60.5 0.01176493796
60.55 60.5 60.6 0.01685131025
60.65 60.6 60.7 0.01174360931
60.75 60.7 60.8 0.01486791881
60.85 60.8 60.9 0.01795080647
60.95 60.9 61 0.01499455374
61.05 61 61.1 0.01235689672
61.15 61.1 61.2 0.01122094354
61.25 61.2 61.3 0.01638543664
61.35 61.3 61.4 0.01322286175
61.45 61.4 61.5 0.01289482885
61.55 61.5 61.6 0.01457721326
61.65 61.6 61.7 0.01468402632
61.75 61.7 61.8 0.01487356904
61.85 61.8 61.9 0.01068634867
61.95 61.9 62 0.01103589458
62.05 62 62.1 0.01573075991
62.15 62.1 62.2 0.01372172715
62.25 62.2 62.3 0.01272945186
62.35 62.3 62.4 0.01427814669
62.45 62.4 62.5 0.01463836465
62.55 62.5 62.6 0.01399794626
62.65 62.6 62.7 0.01332197225
62.75 62.7 62.8 0.01344880401
62.85 62.8 62.9 0.0125594897
62.95 62.9 63 0.01311515081
63.05 63 63.1 0.01970625339
63.15 63.1 63.2 0.01410051568
63.25 63.2 63.3 0.01128079222
63.35 63.3 63.4 0.01275354559
63.45 63.4 63.5 0.01534942275
63.55 63.5 63.6 0.01549234075
63.65 63.6 63.7 0.01319381899
63.75 63.7 63.8 0.01358645291
63.85 63.8 63.9 0.01467361424
63.95 63.9 64 0.01420540575
64.05 64 64.1 0.01399690734
64.15 64.1 64.2 0.01237375735
64.25 64.2 64.3 0.01035053349
64.35 64.3 64.4 0.01286030142
64.45 64.4 64.5 0.01116720097
64.55 64.5 64.6 0.01154639471
64.65 64.6 64.7 0.01119570945
64.75 64.7 64.8 0.01383233971
64.85 64.8 64.9 0.01057223479
64.95 64.9 65 0.0142405544
65.05 65 65.1 0.01358718006
65.15 65.1 65.2 0.01580289494
65.25 65.2 65.3 0.0127933744
65.35 65.3 65.4 0.007459334167
65.45 65.4 65.5 0.008398001098
65.55 65.5 65.6 0.01266128797
65.65 65.6 65.7 0.01192214514
65.75 65.7 65.8 0.0143988314
65.85 65.8 65.9 0.008384995887
65.95 65.9 66 0.01265922952
66.05 66 66.1 0.01120914552
66.15 66.1 66.2 0.01362574288
66.25 66.2 66.3 0.01400261242
66.35 66.3 66.4 0.01467658481
66.45 66.4 66.5 0.01322642697
66.55 66.5 66.6 0.01082103582
66.65 66.6 66.7 0.01158714204
66.75 66.7 66.8 0.01362982148
66.85 66.8 66.9 0.01061476253
66.95 66.9 67 0.01514504355
67.05 67 67.1 0.00966960102
67.15 67.1 67.2 0.01151386146
67.25 67.2 67.3 0.01131105798
67.35 67.3 67.4 0.01130087014
67.45 67.4 67.5 0.01014848352
67.55 67.5 67.6 0.01342065017
67.65 67.6 67.7 0.009664693036
67.75 67.7 67.8 0.01178119894
67.85 67.8 67.9 0.01193640741
67.95 67.9 68 0.008889373805
68.05 68 68.1 0.01199385363
68.15 68.1 68.2 0.008744090967
68.25 68.2 68.3 0.011196784
68.35 68.3 68.4 0.009192563743
68.45 68.4 68.5 0.01314258431
68.55 68.5 68.6 0.01226753227
68.65 68.6 68.7 0.009666308408
68.75 68.7 68.8 0.01164518076
68.85 68.8 68.9 0.009316438355
68.95 68.9 69 0.01236194848
69.05 69 69.1 0.01145591639
69.15 69.1 69.2 0.01224413906
69.25 69.2 69.3 0.008952931389
69.35 69.3 69.4 0.01243828673
69.45 69.4 69.5 0.007115646258
69.55 69.5 69.6 0.008224227931
69.65 69.6 69.7 0.007346978892
69.75 69.7 69.8 0.009717271036
69.85 69.8 69.9 0.01069166017
69.95 69.9 70 0.008574614718
70.05 70 70.1 0.00613553989
70.15 70.1 70.2 0.008082728193
70.25 70.2 70.3 0.01222284127
70.35 70.3 70.4 0.009411250339
70.45 70.4 70.5 0.01096698834
70.55 70.5 70.6 0.01223055718
70.65 70.6 70.7 0.008140463683
70.75 70.7 70.8 0.005585224805
70.85 70.8 70.9 0.00814121538
70.95 70.9 71 0.01095586515
71.05 71 71.1 0.009721574074
71.15 71.1 71.2 0.005900215826
71.25 71.2 71.3 0.007387167724
71.35 71.3 71.4 0.01033559338
71.45 71.4 71.5 0.01093937
71.55 71.5 71.6 0.007284272708
71.65 71.6 71.7 0.01103360825
71.75 71.7 71.8 0.006836758073
71.85 71.8 71.9 0.009870574863
71.95 71.9 72 0.00725343118
72.05 72 72.1 0.007332069561
72.15 72.1 72.2 0.006744279426
72.25 72.2 72.3 0.008111210118
72.35 72.3 72.4 0.007856897207
72.45 72.4 72.5 0.009947085847
72.55 72.5 72.6 0.008762431775
72.65 72.6 72.7 0.003690347729
72.75 72.7 72.8 0.008792215681
72.85 72.8 72.9 0.008749378003
72.95 72.9 73 0.007364173656
73.05 73 73.1 0.01168018063
73.15 73.1 73.2 0.007554455122
73.25 73.2 73.3 0.01086609439
73.35 73.3 73.4 0.01067560425
73.45 73.4 73.5 0.008117522565
73.55 73.5 73.6 0.009812726744
73.65 73.6 73.7 0.01140528323
73.75 73.7 73.8 0.005268375031
73.85 73.8 73.9 0.009398211654
73.95 73.9 74 0.00750595804
74.05 74 74.1 0.006492361563
74.15 74.1 74.2 0.01148989189
74.25 74.2 74.3 0.005364564511
74.35 74.3 74.4 0.005791844251
74.45 74.4 74.5 0.00640605733
74.55 74.5 74.6 0.00630834482
74.65 74.6 74.7 0.01215020439
74.75 74.7 74.8 0.005336948141
74.85 74.8 74.9 0.004746933637
74.95 74.9 75 0.006857818529
75.05 75 75.1 0.005262921433
75.15 75.1 75.2 0.00634886184
75.25 75.2 75.3 0.009363299184
75.35 75.3 75.4 0.00461955905
75.45 75.4 75.5 0.006298470878
75.55 75.5 75.6 0.009412187701
75.65 75.6 75.7 0.01089887596
75.75 75.7 75.8 0.003308385925
75.85 75.8 75.9 0.009995627071
75.95 75.9 76 0.007462381698
76.05 76 76.1 0.008099757667
76.15 76.1 76.2 0.008451368089
76.25 76.2 76.3 0.007837590376
76.35 76.3 76.4 0.005366806777
76.45 76.4 76.5 0.004861080325
76.55 76.5 76.6 0.00801933879
76.65 76.6 76.7 0.003652948367
76.75 76.7 76.8 0.008080862984
76.85 76.8 76.9 0.009275743361
76.95 76.9 77 0.00903053423
77.05 77 77.1 0.008844660916
77.15 77.1 77.2 0.00664330802
77.25 77.2 77.3 0.006896223781
77.35 77.3 77.4 0.006025980264
77.45 77.4 77.5 0.00735417325
77.55 77.5 77.6 0.005085871464
77.65 77.6 77.7 0.005981574587
77.75 77.7 77.8 0.009260350526
77.85 77.8 77.9 0.005928923359
77.95 77.9 78 0.00253988506
78.05 78 78.1 0.008599071565
78.15 78.1 78.2 0.01016282522
78.25 78.2 78.3 0.006685783961
78.35 78.3 78.4 0.005119025881
78.45 78.4 78.5 0.00760690684
78.55 78.5 78.6 0.004462717189
78.65 78.6 78.7 0.00794902905
78.75 78.7 78.8 0.006886108609
78.85 78.8 78.9 0.002515063843
78.95 78.9 79 0.005394297613
79.05 79 79.1 0.007347094239
79.15 79.1 79.2 0.007209828515
79.25 79.2 79.3 0.006978690696
79.35 79.3 79.4 0.004911891374
79.45 79.4 79.5 0.01028308627
79.55 79.5 79.6 0.005521276088
79.65 79.6 79.7 0.004470988487
79.75 79.7 79.8 0.00415296767
79.85 79.8 79.9 0.008021478734
79.95 79.9 80 0.004006166697
80.05 80 80.1 0.01353054787
80.15 80.1 80.2 0.002706676749
80.25 80.2 80.3 0.005695106126
80.35 80.3 80.4 0.004378971016
80.45 80.4 80.5 0.005930532024
80.55 80.5 80.6 0.006535661655
80.65 80.6 80.7 0.004207333505
80.75 80.7 80.8 0.002693699179
80.85 80.8 80.9 0.008683612469
80.95 80.9 81 0.003116749933
81.05 81 81.1 0.004865792527
81.15 81.1 81.2 0.006101431463
81.25 81.2 81.3 0.004447357789
81.35 81.3 81.4 0.005278530529
81.45 81.4 81.5 0.004581008156
81.55 81.5 81.6 0.007138954582
81.65 81.6 81.7 0.007596971051
81.75 81.7 81.8 0.003576332135
81.85 81.8 81.9 0.008029945425
81.95 81.9 82 0.003190821408
82.05 82 82.1 0.002402862191
82.15 82.1 82.2 0.004297891604
82.25 82.2 82.3 0.004971857577
82.35 82.3 82.4 0.004282062886
82.45 82.4 82.5 0.002813651598
82.55 82.5 82.6 0.003313776478
82.65 82.6 82.7 0.005762727532
82.75 82.7 82.8 0.001093754778
82.85 82.8 82.9 0.003212267159
82.95 82.9 83 0.004990089215
83.05 83 83.1 0.003534366873
83.15 83.1 83.2 0.004720031046
83.25 83.2 83.3 0.008502527364
83.35 83.3 83.4 0.004094404067
83.45 83.4 83.5 0.007413054106
83.55 83.5 83.6 0.00398176755
83.65 83.6 83.7 0.006809673804
83.75 83.7 83.8 0.003429808151
83.85 83.8 83.9 0.004399514073
83.95 83.9 84 0.003813796813
84.05 84 84.1 0.003722201056
84.15 84.1 84.2 0.004061770859
84.25 84.2 84.3 0.006708458721
84.35 84.3 84.4 0.003908403117
84.45 84.4 84.5 0.004721412933
84.55 84.5 84.6 0.002713758791
84.65 84.6 84.7 0.005256938716
84.75 84.7 84.8 0.006039451962
84.85 84.8 84.9 0.002806357487
84.95 84.9 85 0.003587890279
85.05 85 85.1 0.005230692671
85.15 85.1 85.2 0.005851972531
85.25 85.2 85.3 0.004295643947
85.35 85.3 85.4 0.002199196571
85.45 85.4 85.5 0.002057191665
85.55 85.5 85.6 0.006985886213
85.65 85.6 85.7 0.002698879448
85.75 85.7 85.8 0.0040295088
85.85 85.8 85.9 0.002594665456
85.95 85.9 86 0.006092617002
86.05 86 86.1 0.005595064375
86.15 86.1 86.2 0.005339780323
86.25 86.2 86.3 0.003270484177
86.35 86.3 86.4 0.006615493862
86.45 86.4 86.5 0.005589522359
86.55 86.5 86.6 0.003162039925
86.65 86.6 86.7 0.005305205389
86.75 86.7 86.8 0.00791682892
86.85 86.8 86.9 0.004089817115
86.95 86.9 87 0.002237163624
87.05 87 87.1 0.004161173173
87.15 87.1 87.2 0.001307974254
87.25 87.2 87.3 0.004166607062
87.35 87.3 87.4 0.005071813501
87.45 87.4 87.5 0.004168865114
87.55 87.5 87.6 0.001420960419
87.65 87.6 87.7 0.002528671668
87.75 87.7 87.8 0.001687192029
87.85 87.8 87.9 0.001030483448
87.95 87.9 88 -3.025575876e-05
88.05 88 88.1 0.000588068441
88.15 88.1 88.2 0.001517549609
88.25 88.2 88.3 0.005480468738
88.35 88.3 88.4 0.007159176761
88.45 88.4 88.5 0.006777782117
88.55 88.5 88.6 0.004456116165
88.65 88.6 88.7 0.006516839861
88.75 88.7 88.8 0.0030367582
88.85 88.8 88.9 0.003173099
88.95 88.9 89 0.004746516743
89.05 89 89.1 0.003296351623
89.15 89.1 89.2 0.003016724879
89.25 89.2 89.3 0.002809878686
89.35 89.3 89.4 0.003079696353
89.45 89.4 89.5 0.004963699141
89.55 89.5 89.6 0.002227899514
89.65 89.6 89.7 0.004884987186
89.75 89.7 89.8 0.0019656591
89.85 89.8 89.9 0.002639944968
89.95 89.9 90 0.004342706212
90.05 90 90.1 0.003208308651
90.15 90.1 90.2 0.005537611355
90.25 90.2 90.3 0.004203260765
90.35 90.3 90.4 0.001847009004
90.45 90.4 90.5 0.004714930333
90.55 90.5 90.6 0.005025425337
90.65 90.6 90.7 0.003432846443
90.75 90.7 90.8 0.003548859374
90.85 90.8 90.9 0.002769082226
90.95 90.9 91 0.001931347209
91.05 91 91.1 0.00384089371
91.15 91.1 91.2 0.004654716543
91.25 91.2 91.3 0.007262145297
91.35 91.3 91.4 0.005831384938
91.45 91.4 91.5 0.003163069373
91.55 91.5 91.6 0.004206782394
91.65 91.6 91.7 0.002940078291
91.75 91.7 91.8 0.006540878457
91.85 91.8 91.9 0.00282474209
91.95 91.9 92 0.006418982016
92.05 92 92.1 0.005823312728
92.15 92.1 92.2 0.002330949751
92.25 92.2 92.3 0.004439088672
92.35 92.3 92.4 0.002713359817
92.45 92.4 92.5 0.002187713275
92.55 92.5 92.6 0.00355455814
92.65 92.6 92.7 0.005782714462
92.75 92.7 92.8 0.003617977018
92.85 92.8 92.9 0.005086557665
92.95 92.9 93 0.003692806652
93.05 93 93.1 0.00503685813
93.15 93.1 93.2 0.004263189179
93.25 93.2 93.3 0.004613893671
93.35 93.3 93.4 0.004150656897
93.45 93.4 93.5 0.004373907838
93.55 93.5 93.6 0.003094497809
93.65 93.6 93.7 0.006126330775
93.75 93.7 93.8 0.002427958876
93.85 93.8 93.9 0.005898336769
93.95 93.9 94 0.002741383283
94.05 94 94.1 0.003344956053
94.15 94.1 94.2 0.001705853255
94.25 94.2 94.3 0.004917289087
94.35 94.3 94.4 0.004328599931
94.45 94.4 94.5 0.005672070735
94.55 94.5 94.6 0.00376913126
94.65 94.6 94.7 0.004468402857
94.75 94.7 94.8 0.004643353474
94.85 94.8 94.9 0.005901614594
94.95 94.9 95 0.004436784359
95.05 95 95.1 0.002125362767
95.15 95.1 95.2 0.004009208931
95.25 95.2 95.3 0.001354244306
95.35 95.3 95.4 0.004936487616
95.45 95.4 95.5 0.004795627361
95.55 95.5 95.6 0.005485141132
95.65 95.6 95.7 0.003698720781
95.75 95.7 95.8 0.004167068702
95.85 95.8 95.9 0.003020896094
95.95 95.9 96 0.002144212427
96.05 96 96.1 0.003934491894
96.15 96.1 96.2 0.002472260332
96.25 96.2 96.3 0.007429206911
96.35 96.3 96.4 0.005978455033
96.45 96.4 96.5 0.0009867113068
96.55 96.5 96.6 0.005452371393
96.65 96.6 96.7 0.002598253754
96.75 96.7 96.8 0.007656128048
96.85 96.8 96.9 0.005229203448
96.95 96.9 97 0.004465090722
97.05 97 97.1 0.005254740888
97.15 97.1 97.2 0.002440130955
97.25 97.2 97.3 0.004195889753
97.35 97.3 97.4 0.004436783965
97.45 97.4 97.5 0.003972195003
97.55 97.5 97.6 0.004392568437
97.65 97.6 97.7 0.005851434783
97.75 97.7 97.8 0.004410331505
97.85 97.8 97.9 0.006150611479
97.95 97.9 98 0.005540852364
98.05 98 98.1 0.00563679024
98.15 98.1 98.2 0.005429150927
98.25 98.2 98.3 0.004914083459
98.35 98.3 98.4 0.002483134239
98.45 98.4 98.5 0.005747130685
98.55 98.5 98.6 0.00263089897
98.65 98.6 98.7 0.004747433232
98.75 98.7 98.8 0.007203035591
98.85 98.8 98.9 0.006724684276
98.95 98.9 99 0.003769649176
99.05 99 99.1 0.005686903907
99.15 99.1 99.2 0.003561736366
99.25 99.2 99.3 0.004861940867
99.35 99.3 99.4 0.003368046052
99.45 99.4 99.5 0.002816498519
99.55 99.5 99.6 0.006089574378
99.65 99.6 99.7 0.004824910962
99.75 99.7 99.8 0.00298005173
99.85 99.8 99.9 0.006348556624
99.95 99.9 100 0.005284275019
100.05 100 100.1 0.0050188035
100.15 100.1 100.2 0.004161972183
100.25 100.2 100.3 0.006274364938
100.35 100.3 100.4 0.004459821109
100.45 100.4 100.5 0.004951439974
100.55 100.5 100.6 0.001857823038
100.65 100.6 100.7 0.006569614727
100.75 100.7 100.8 0.005734527134
100.85 100.8 100.9 0.004212085309
100.95 100.9 101 0.005267639553
101.05 101 101.1 0.004452146538
101.15 101.1 101.2 0.006208253161
101.25 101.2 101.3 0.004757703141
101.35 101.3 101.4 0.004810780504
101.45 101.4 101.5 0.006376973527
101.55 101.5 101.6 0.004244642455
101.65 101.6 101.7 0.00304681861
101.75 101.7 101.8 0.002584500236
101.85 101.8 101.9 0.002730363206
101.95 101.9 102 0.006761162351
102.05 102 102.1 0.003682812875
102.15 102.1 102.2 0.004917684249
102.25 102.2 102.3 0.004910222678
102.35 102.3 102.4 0.004548218825
102.45 102.4 102.5 0.005235717482
102.55 102.5 102.6 0.005404439922
102.65 102.6 102.7 0.003329576167
102.75 102.7 102.8 0.005548498399
102.85 102.8 102.9 0.003027930981
102.95 102.9 103 0.004032210368
103.05 103 103.1 0.005192123909
103.15 103.1 103.2 0.002278102881
103.25 103.2 103.3 0.004876444511
103.35 103.3 103.4 0.006850922352
103.45 103.4 103.5 0.004939712938
103.55 103.5 103.6 0.0009207062282
103.65 103.6 103.7 0.005777931048
103.75 103.7 103.8 0.005348091595
103.85 103.8 103.9 0.00472019564
103.95 103.9 104 0.004364482548
104.05 104 104.1 0.005903893302
104.15 104.1 104.2 0.003965540625
104.25 104.2 104.3 0.004820796464
104.35 104.3 104.4 0.003862313306
104.45 104.4 104.5 0.007271532316
104.55 104.5 104.6 0.006647842388
104.65 104.6 104.7 0.006188865003
104.75 104.7 104.8 0.007290208175
104.85 104.8 104.9 0.007798929374
104.95 104.9 105 0.003076352672
105.05 105 105.1 0.004564817725
105.15 105.1 105.2 0.002698392971
105.25 105.2 105.3 0.004517776945
105.35 105.3 105.4 0.005414152917
105.45 105.4 105.5 0.003176033848
105.55 105.5 105.6 0.005447541
105.65 105.6 105.7 0.00381619426
105.75 105.7 105.8 0.005107517695
105.85 105.8 105.9 0.004031821606
105.95 105.9 106 0.006953185859
106.05 106 106.1 0.003564215896
106.15 106.1 106.2 0.005505369789
106.25 106.2 106.3 0.007170731355
106.35 106.3 106.4 0.003911322259
106.45 106.4 106.5 0.005937805072
106.55 106.5 106.6 0.005532408248
106.65 106.6 106.7 0.005378604131
106.75 106.7 106.8 0.005027133785
106.85 106.8 106.9 0.00444002863
106.95 106.9 107 0.005348625184
107.05 107 107.1 0.004470000274
107.15 107.1 107.2 0.004428429126
107.25 107.2 107.3 0.004239231193
107.35 107.3 107.4 0.005740560957
107.45 107.4 107.5 0.004575011673
107.55 107.5 107.6 0.004100403594
107.65 107.6 107.7 0.005123998462
107.75 107.7 107.8 0.006270195681
107.85 107.8 107.9 0.005229316333
107.95 107.9 108 0.002468676535
108.05 108 108.1 0.005965413493
108.15 108.1 108.2 0.006303786553
108.25 108.2 108.3 0.003215064972
108.35 108.3 108.4 0.004597728339
108.45 108.4 108.5 0.00447165977
108.55 108.5 108.6 0.004425247653
108.65 108.6 108.7 0.003739166899
108.75 108.7 108.8 0.0060615651
108.85 108.8 108.9 0.004775173402
108.95 108.9 109 0.003022852013
109.05 109 109.1 0.005012277959
109.15 109.1 109.2 0.004961133225
109.25 109.2 109.3 0.003698867827
109.35 109.3 109.4 0.003202361174
109.45 109.4 109.5 0.004522620094
109.55 109.5 109.6 0.005213129784
109.65 109.6 109.7 0.005231493439
109.75 109.7 109.8 0.005702390551
109.85 109.8 109.9 0.00330070289
109.95 109.9 110 0.004398307759
110.05 110 110.1 0.003800299677
110.15 110.1 110.2 0.004246421231
110.25 110.2 110.3 0.004797369428
110.35 110.3 110.4 0.00421609175
110.45 110.4 110.5 0.004744274966
110.55 110.5 110.6 0.004256695378
110.65 110.6 110.7 0.0031557454
110.75 110.7 110.8 0.00267512207
110.85 110.8 110.9 0.003388506373
110.95 110.9 111 0.004546784983
111.05 111 111.1 0.006281431316
111.15 111.1 111.2 0.00256045379
111.25 111.2 111.3 0.004372797447
111.35 111.3 111.4 0.00256410162
111.45 111.4 111.5 0.00362995865
111.55 111.5 111.6 0.003327918325
111.65 111.6 111.7 0.005691200722
111.75 111.7 111.8 0.004049576238
111.85 111.8 111.9 0.002881581641
111.95 111.9 112 0.004461800571
112.05 112 112.1 0.00422063732
112.15 112.1 112.2 0.003264615679
112.25 112.2 112.3 0.003811314761
112.35 112.3 112.4 0.004453895364
112.45 112.4 112.5 0.002772291159
112.55 112.5 112.6 0.003039906686
112.65 112.6 112.7 0.004011880691
112.75 112.7 112.8 0.004589384379
112.85 112.8 112.9 0.003632007384
112.95 112.9 113 0.003499313094
113.05 113 113.1 0.002043865969
113.15 113.1 113.2 0.005547010414
113.25 113.2 113.3 0.005550959114
113.35 113.3 113.4 0.00574965806
113.45 113.4 113.5 0.003364394751
113.55 113.5 113.6 0.00221472895
113.65 113.6 113.7 0.00422529237
113.75 113.7 113.8 0.004702683964
113.85 113.8 113.9 -0.0005175559474
113.95 113.9 114 0.004247764561
114.05 114 114.1 0.001607516751
114.15 114.1 114.2 0.003715123877
114.25 114.2 114.3 0.003988552465
114.35 114.3 114.4 0.003192656213
114.45 114.4 114.5 0.001344102208
114.55 114.5 114.6 0.00248278215
114.65 114.6 114.7 0.003199977229
114.75 114.7 114.8 0.00289958956
114.85 114.8 114.9 0.0008366528719
114.95 114.9 115 0.003931081998
115.05 115 115.1 0.002511498147
115.15 115.1 115.2 0.003019181568
115.25 115.2 115.3 0.004244317852
115.35 115.3 115.4 0.001508466048
115.45 115.4 115.5 0.00345539252
115.55 115.5 115.6 0.003625325116
115.65 115.6 115.7 0.001725207728
115.75 115.7 115.8 0.003033254337
115.85 115.8 115.9 0.001789187522
115.95 115.9 116 0.003642107471
116.05 116 116.1 0.003447377331
116.15 116.1 116.2 0.003472585194
116.25 116.2 116.3 0.001700216541
116.35 116.3 116.4 0.00400330239
116.45 116.4 116.5 0.002939036509
116.55 116.5 116.6 0.001440252143
116.65 116.6 116.7 0.003547325247
116.75 116.7 116.8 0.00125435355
116.85 116.8 116.9 0.002360466562
116.95 116.9 117 0.0005254926587
117.05 117 117.1 0.001889594439
117.15 117.1 117.2 -1.017785166e-05
117.25 117.2 117.3 0.001868195379
117.35 117.3 117.4 0.002782226842
117.45 117.4 117.5 0.0045885528
117.55 117.5 117.6 0.000398954082
117.65 117.6 117.7 0.001114016868
117.75 117.7 117.8 0.0004155949954
117.85 117.8 117.9 0.001532104053
117.95 117.9 118 0.00115909094
118.05 118 118.1 0.002211232292
118.15 118.1 118.2 0.002970342927
118.25 118.2 118.3 0.001144103491
118.35 118.3 118.4 0.001475468296
118.45 118.4 118.5 0.0002354902872
118.55 118.5 118.6 0.001331946043
118.65 118.6 118.7 0.003445871163
118.75 118.7 118.8 0.0007236051738
118.85 118.8 118.9 0.0006403378571
118.95 118.9 119 0.00117225666
119.05 119 119.1 0.003651962561
119.15 119.1 119.2 0.002811990221
119.25 119.2 119.3 0.001154685178
119.35 119.3 119.4 0.003816934816
119.45 119.4 119.5 0.0007586214726
119.55 119.5 119.6 0.002223157382
119.65 119.6 119.7 0.0033229913
119.75 119.7 119.8 0.002133035961
119.85 119.8 119.9 0.004085968232
119.95 119.9 120 0.001155309562
120.05 120 120.1 0.002382103264
120.15 120.1 120.2 0.000591714069
120.25 120.2 120.3 0.00370605367
120.35 120.3 120.4 0.000885695716
120.45 120.4 120.5 0.0009025134447
120.55 120.5 120.6 0.002021847914
120.65 120.6 120.7 -0.0003835176263
120.75 120.7 120.8 0.001080188532
120.85 120.8 120.9 0.001941316897
120.95 120.9 121 0.001659123981
121.05 121 121.1 0.001487723303
121.15 121.1 121.2 0.0006817353168
121.25 121.2 121.3 -0.0005599177276
121.35 121.3 121.4 -0.0002609796924
121.45 121.4 121.5 0.002294659121
121.55 121.5 121.6 0.002349974747
121.65 121.6 121.7 -4.363126241e-05
121.75 121.7 121.8 0.001691033571
121.85 121.8 121.9 0.003454683985
121.95 121.9 122 -0.0002616342582
122.05 122 122.1 0.0005396652026
122.15 122.1 122.2 0.001676889946
122.25 122.2 122.3 0.001118942045
122.35 122.3 122.4 0.0002429681544
122.45 122.4 122.5 0.001742407691
122.55 122.5 122.6 0.0004201294639
122.65 122.6 122.7 -9.79968446e-05
122.75 122.7 122.8 0.002565631935
122.85 122.8 122.9 -0.0007887220122
122.95 122.9 123 0.001142951467
123.05 123 123.1 0.001719702457
123.15 123.1 123.2 0.001589939221
123.25 123.2 123.3 0.000383052414
123.35 123.3 123.4 -0.0009942803541
123.45 123.4 123.5 -0.0006491411107
123.55 123.5 123.6 0.0006411532778
123.65 123.6 123.7 -0.0002318699536
123.75 123.7 123.8 0.0002847558848
123.85 123.8 123.9 0.0002656525182
123.95 123.9 124 0.0005590470063
124.05 124 124.1 0.0009252539092
124.15 124.1 124.2 3.239330733e-06
124.25 124.2 124.3 -0.0008461186793
124.35 124.3 124.4 0.0005924556723
124.45 124.4 124.5 0.0005724137835
124.55 124.5 124.6 -0.00118992291
124.65 124.6 124.7 0.0009067688585
124.75 124.7 124.8 0.0002348351408
124.85 124.8 124.9 0.001874898883
124.95 124.9 125 -0.0008706780467
125.05 125 125.1 -0.001649305994
125.15 125.1 125.2 -0.0008405492786
125.25 125.2 125.3 -0.002778506095
125.35 125.3 125.4 0.002209629887
125.45 125.4 125.5 0.0009874481238
125.55 125.5 125.6 -0.0007009172688
125.65 125.6 125.7 -0.001048222581
125.75 125.7 125.8 -0.00120725388
125.85 125.8 125.9 0.000876341382
125.95 125.9 126 -0.001923255214
126.05 126 126.1 -0.001849657734
126.15 126.1 126.2 0.002735667789
126.25 126.2 126.3 -0.0001210375194
126.35 126.3 126.4 -2.191049205e-05
126.45 126.4 126.5 0.001108042682
126.55 126.5 126.6 -0.0004708847406
126.65 126.6 126.7 -0.0005947195242
126.75 126.7 126.8 -0.0005742196248
126.85 126.8 126.9 0.0002137342447
126.95 126.9 127 0.0005801693996
127.05 127 127.1 -0.001072546803
127.15 127.1 127.2 5.997705607e-05
127.25 127.2 127.3 -0.0009264111931
127.35 127.3 127.4 -0.0008116473632
127.45 127.4 127.5 -0.0006041560712
127.55 127.5 127.6 0.003255128052
127.65 127.6 127.7 -0.001844738728
127.75 127.7 127.8 0.001786338591
127.85 127.8 127.9 0.001410766715
127.95 127.9 128 -0.0004237286126
128.05 128 128.1 -0.0003063937588
128.15 128.1 128.2 -0.001525857137
128.25 128.2 128.3 -0.0001478182651
128.35 128.3 128.4 -3.357947362e-05
128.45 128.4 128.5 -0.0005269500179
128.55 128.5 128.6 -0.001240999278
128.65 128.6 128.7 -0.001262961084
128.75 128.7 128.8 -0.0001812001926
128.85 128.8 128.9 -0.001093902219
128.95 128.9 129 -9.20328183e-05
129.05 129 129.1 -0.001557997196
129.15 129.1 129.2 -0.001658285337
129.25 129.2 129.3 -0.000759743608
129.35 129.3 129.4 -0.002791893928
129.45 129.4 129.5 -0.0008909264443
129.55 129.5 129.6 -0.0005705076823
129.65 129.6 129.7 0.0002856054346
129.75 129.7 129.8 -0.001673107828
129.85 129.8 129.9 0.0006466659697
129.95 129.9 130 0.0004366054428
130.05 130 130.1 0.001894509921
130.15 130.1 130.2 -0.001414716646
130.25 130.2 130.3 -0.0009828347727
130.35 130.3 130.4 -0.0001878174549
130.45 130.4 130.5 0.0008742000187
130.55 130.5 130.6 -0.0008353323322
130.65 130.6 130.7 -0.0003387702023
130.75 130.7 130.8 -0.000805650212
130.85 130.8 130.9 0.001216586939
130.95 130.9 131 -0.0006928060312
131.05 131 131.1 -0.00151138964
131.15 131.1 131.2 0.001129077092
131.25 131.2 131.3 -0.0001736274994
131.35 131.3 131.4 -0.002008051102
131.45 131.4 131.5 -0.0009635200765
131.55 131.5 131.6 9.243798894e-05
131.65 131.6 131.7 0.001480691579
131.75 131.7 131.8 -0.0006749671878
131.85 131.8 131.9 -0.0007939647532
131.95 131.9 132 -0.001750875053
132.05 132 132.1 0.001593423376
132.15 132.1 132.2 -0.001543039873
132.25 132.2 132.3 -0.0009860587895
132.35 132.3 132.4 -0.0008329037104
132.45 132.4 132.5 -0.001288375792
132.55 132.5 132.6 -0.0006675510325
132.65 132.6 132.7 -0.000249011072
132.75 132.7 132.8 0.000328445235
132.85 132.8 132.9 0.001239795328
132.95 132.9 133 0.0006553046138
133.05 133 133.1 -0.0004492684503
133.15 133.1 133.2 -0.001305144154
133.25 133.2 133.3 0.001180075829
133.35 133.3 133.4 -0.002682229006
133.45 133.4 133.5 0.001071177775
133.55 133.5 133.6 0.001045611174
133.65 133.6 133.7 -0.002635756492
133.75 133.7 133.8 -0.002000549039
133.85 133.8 133.9 -0.002432652829
133.95 133.9 134 -0.0004537245305
134.05 134 134.1 -0.00229443271
134.15 134.1 134.2 -0.00177912307
134.25 134.2 134.3 -0.0002390788558
134.35 134.3 134.4 0.0004067150112
134.45 134.4 134.5 -0.0002498827716
134.55 134.5 134.6 -0.0005416076123
134.65 134.6 134.7 -0.0002381407087
134.75 134.7 134.8 -0.001320491271
134.85 134.8 134.9 -0.001499633849
134.95 134.9 135 -1.057001646e-05
135.05 135 135.1 -0.0006206202172
135.15 135.1 135.2 -0.002693962915
135.25 135.2 135.3 -0.001243724187
135.35 135.3 135.4 -0.002098022049
135.45 135.4 135.5 -0.0004047857876
135.55 135.5 135.6 -0.0007089153493
135.65 135.6 135.7 -0.0005126092092
135.75 135.7 135.8 -0.001537600743
135.85 135.8 135.9 -0.0006941353273
135.95 135.9 136 0.001305320083
136.05 136 136.1 -0.00131075107
136.15 136.1 136.2 -6.22446106e-05
136.25 136.2 136.3 -0.0009036703787
136.35 136.3 136.4 -0.0001621320535
136.45 136.4 136.5 -0.00246425937
136.55 136.5 136.6 0.0009551801622
136.65 136.6 136.7 -0.001136907236
136.75 136.7 136.8 0.0002326245506
136.85 136.8 136.9 -0.0008094684969
136.95 136.9 137 -0.00116311787
137.05 137 137.1 -0.001678597383
137.15 137.1 137.2 -0.0009895786879
137.25 137.2 137.3 -0.0005168020356
137.35 137.3 137.4 -0.001086353398
137.45 137.4 137.5 -0.002102465916
137.55 137.5 137.6 -0.003665132343
137.65 137.6 137.7 -0.0006304840949
137.75 137.7 137.8 -0.001349708191
137.85 137.8 137.9 -0.001921067497
137.95 137.9 138 -0.001121623611
138.05 138 138.1 0.0007653758118
138.15 138.1 138.2 -0.002008621104
138.25 138.2 138.3 -0.002430795462
138.35 138.3 138.4 -0.0008478599346
138.45 138.4 138.5 -0.001366113288
138.55 138.5 138.6 -0.000216483339
138.65 138.6 138.7 -0.0006781657788
138.75 138.7 138.8 -0.00111897317
138.85 138.8 138.9 -0.00281405648
138.95 138.9 139 -0.001931002301
139.05 139 139.1 -0.0005557941784
139.15 139.1 139.2 -0.0003424077856
139.25 139.2 139.3 0.001672436799
139.35 139.3 139.4 -0.001550177424
139.45 139.4 139.5 -0.000917626658
139.55 139.5 139.6 -0.002005887106
139.65 139.6 139.7 -0.001698653268
139.75 139.7 139.8 -0.002607488693
139.85 139.8 139.9 -0.001362659401
139.95 139.9 140 -0.002113176466
140.05 140 140.1 -0.00224008984
140.15 140.1 140.2 -0.0001334018218
140.25 140.2 140.3 0.001125687869
140.35 140.3 140.4 -0.001140408933
140.45 140.4 140.5 -0.0004569220168
140.55 140.5 140.6 -0.002238776623
140.65 140.6 140.7 -0.0004094602132
140.75 140.7 140.8 -0.0004832905528
140.85 140.8 140.9 -0.0006808244005
140.95 140.9 141 -0.0003916365181
141.05 141 141.1 -0.001854163999
141.15 141.1 141.2 -0.001119938846
141.25 141.2 141.3 -0.001206371845
141.35 141.3 141.4 -0.0004401358697
141.45 141.4 141.5 -0.0002379775539
141.55 141.5 141.6 -0.0005932662802
141.65 141.6 141.7 -0.001473455187
141.75 141.7 141.8 -6.152094603e-05
141.85 141.8 141.9 -0.0008222815995
141.95 141.9 142 -0.001384238524
142.05 142 142.1 -0.0002119555239
142.15 142.1 142.2 -0.0004658599148
142.25 142.2 142.3 -0.001091791027
142.35 142.3 142.4 -0.0007467581642
142.45 142.4 142.5 -7.803158651e-06
142.55 142.5 142.6 -0.0006512164198
142.65 142.6 142.7 -0.0009680454702
142.75 142.7 142.8 -0.0004451697133
142.85 142.8 142.9 0.0001230764132
142.95 142.9 143 -0.001208435536
143.05 143 143.1 -0.000598955247
143.15 143.1 143.2 -0.001029455027
143.25 143.2 143.3 -0.001337468649
143.35 143.3 143.4 -0.0001901189
143.45 143.4 143.5 0.0005715192192
143.55 143.5 143.6 -0.001918272439
143.65 143.6 143.7 -0.002321177476
143.75 143.7 143.8 -0.001568855821
143.85 143.8 143.9 -0.001514957
143.95 143.9 144 -0.001130209466
144.05 144 144.1 4.545665842e-05
144.15 144.1 144.2 -0.0001704242582
144.25 144.2 144.3 -0.0006877701059
144.35 144.3 144.4 -0.001412943372
144.45 144.4 144.5 -0.0001373527654
144.55 144.5 144.6 6.255575186e-05
144.65 144.6 144.7 0.001601432458
144.75 144.7 144.8 -0.001827882372
144.85 144.8 144.9 -0.0004339817466
144.95 144.9 145 -0.0009839283563
145.05 145 145.1 -0.0006501607286
145.15 145.1 145.2 -0.00270958091
145.25 145.2 145.3 -0.002564363194
145.35 145.3 145.4 -0.0001085387915
145.45 145.4 145.5 -0.00112021837
145.55 145.5 145.6 -0.0004737509407
145.65 145.6 145.7 0.001272790606
145.75 145.7 145.8 0.001278314203
145.85 145.8 145.9 -0.001244870625
145.95 145.9 146 -0.0006180729756
146.05 146 146.1 -0.0006177962883
146.15 146.1 146.2 -0.0005873655143
146.25 146.2 146.3 -7.772048796e-05
146.35 146.3 146.4 -0.0005173828597
146.45 146.4 146.5 0.0005485619656
146.55 146.5 146.6 -0.001382950912
146.65 146.6 146.7 -0.002424591236
146.75 146.7 146.8 -0.002043924356
146.85 146.8 146.9 0.0002383321777
146.95 146.9 147 0.0003484711419
147.05 147 147.1 0.0001948334429
147.15 147.1 147.2 -0.0001350606938
147.25 147.2 147.3 -0.001097578769
147.35 147.3 147.4 0.0001211617539
147.45 147.4 147.5 -6.345078909e-05
147.55 147.5 147.6 -0.0005527411468
147.65 147.6 147.7 -0.0009553303094
147.75 147.7 147.8 -0.001024350818
147.85 147.8 147.9 -0.0009668322064
147.95 147.9 148 -0.001514687226
148.05 148 148.1 0.0002045372502
148.15 148.1 148.2 -0.0002040163844
148.25 148.2 148.3 0.00163662938
148.35 148.3 148.4 0.0004135489179
148.45 148.4 148.5 -0.0002435176164
148.55 148.5 148.6 0.001023535146
148.65 148.6 148.7 -0.0002276764192
148.75 148.7 148.8 0.0004102901086
148.85 148.8 148.9 0.000759677088
148.95 148.9 149 0.0007907756869
149.05 149 149.1 -0.001274784023
149.15 149.1 149.2 -0.002718953989
149.25 149.2 149.3 -0.001003156602
149.35 149.3 149.4 0.0002573685146
149.45 149.4 149.5 -0.0008567228873
149.55 149.5 149.6 -0.0008463263628
149.65 149.6 149.7 0.0003642938623
149.75 149.7 149.8 -0.0002397576186
149.85 149.8 149.9 0.0008359481984
149.95 149.9 150 0.002733311741
150.05 150 150.1 -0.0005381888542
150.15 150.1 150.2 -0.001461548015
150.25 150.2 150.3 -0.0006761505191
150.35 150.3 150.4 0.0009635185121
150.45 150.4 150.5 0.0004868807791
150.55 150.5 150.6 -0.0002292245212
150.65 150.6 150.7 -0.002771134602
150.75 150.7 150.8 -3.900747578e-05
150.85 150.8 150.9 -0.0004493053956
150.95 150.9 151 -0.00131442221
151.05 151 151.1 0.001090952196
151.15 151.1 151.2 -0.001162922225
151.25 151.2 151.3 0.002053798407
151.35 151.3 151.4 0.0004081963258
151.45 151.4 151.5 -0.0004510144357
151.55 151.5 151.6 -0.0008114681368
151.65 151.6 151.7 0.0003985304721
151.75 151.7 151.8 -0.001361163137
151.85 151.8 151.9 -0.0001273913706
151.95 151.9 152 -0.0009903920045
152.05 152 152.1 -0.0006846519855
152.15 152.1 152.2 -0.0006929596822
152.25 152.2 152.3 -0.0002626200563
152.35 152.3 152.4 0.0002421416267
152.45 152.4 152.5 -0.001791737633
152.55 152.5 152.6 -0.001265074545
152.65 152.6 152.7 -0.001174856802
152.75 152.7 152.8 0.0007625786699
152.85 152.8 152.9 -2.019253962e-05
152.95 152.9 153 0.0008545415026
153.05 153 153.1 -0.001556470338
153.15 153.1 153.2 -0.0002032917098
153.25 153.2 153.3 -0.0008967676331
153.35 153.3 153.4 -0.0002084115145
153.45 153.4 153.5 -0.001120739281
153.55 153.5 153.6 0.000315671635
153.65 153.6 153.7 -0.0007310539666
153.75 153.7 153.8 -0.0004324187406
153.85 153.8 153.9 0.000801739239
153.95 153.9 154 0.0003128081369
154.05 154 154.1 -0.0007910007123
154.15 154.1 154.2 0.0007480398728
154.25 154.2 154.3 -0.00106486078
154.35 154.3 154.4 0.001184207185
154.45 154.4 154.5 -0.0007987199
154.55 154.5 154.6 9.138987093e-05
154.65 154.6 154.7 0.0008050036315
154.75 154.7 154.8 -0.0005958517439
154.85 154.8 154.9 -0.001061647213
154.95 154.9 155 -0.0008163884597
155.05 155 155.1 -3.71730652e-06
155.15 155.1 155.2 0.0004853098953
155.25 155.2 155.3 0.0005999407432
155.35 155.3 155.4 0.0005396229884
155.45 155.4 155.5 0.001583352736
155.55 155.5 155.6 0.0001847831828
155.65 155.6 155.7 0.0005774757037
155.75 155.7 155.8 -0.0002958064016
155.85 155.8 155.9 0.0005954448487
155.95 155.9 156 0.001177669994
156.05 156 156.1 -0.001059909233
156.15 156.1 156.2 -0.0008057871834
156.25 156.2 156.3 -0.002022939337
156.35 156.3 156.4 -0.0001248314487
156.45 156.4 156.5 0.000919176515
156.55 156.5 156.6 -0.001495760956
156.65 156.6 156.7 -0.0007453630758
156.75 156.7 156.8 -0.0009338989685
156.85 156.8 156.9 0.001293018813
156.95 156.9 157 0.0006678837109
157.05 157 157.1 -0.001753948834
157.15 157.1 157.2 -0.0004669811828
157.25 157.2 157.3 0.0006870499092
157.35 157.3 157.4 -0.0005781034758
157.45 157.4 157.5 -0.0002062047628
157.55 157.5 157.6 -0.0008332642902
157.65 157.6 157.7 -0.0007107530365
157.75 157.7 157.8 0.001556509096
157.85 157.8 157.9 -1.823846357e-06
157.95 157.9 158 0.0003495903232
158.05 158 158.1 -0.001008795595
158.15 158.1 158.2 -0.0003973476989
158.25 158.2 158.3 0.000143911893
158.35 158.3 158.4 0.0008828570706
158.45 158.4 158.5 0.002061963621
158.55 158.5 158.6 0.0005955007122
158.65 158.6 158.7 0.0005336546308
158.75 158.7 158.8 0.0006145573539
158.85 158.8 158.9 -0.0004244940363
158.95 158.9 159 -0.0005423713044
159.05 159 159.1 6.135437002e-05
159.15 159.1 159.2 0.0003204017334
159.25 159.2 159.3 0.0004806652262
159.35 159.3 159.4 0.0002767605562
159.45 159.4 159.5 -0.0006415818186
159.55 159.5 159.6 -0.0006907056863
159.65 159.6 159.7 0.001047261998
159.75 159.7 159.8 -0.0008646526438
159.85 159.8 159.9 -0.0001304025518
159.95 159.9 160 0.0005530399031
160.05 160 160.1 0.002774710023
160.15 160.1 160.2 0.0009340199117
160.25 160.2 160.3 0.001563057437
160.35 160.3 160.4 0.0001785959635
160.45 160.4 160.5 -0.0002716117848
160.55 160.5 160.6 0.000104099526
160.65 160.6 160.7 -0.0005479963267
160.75 160.7 160.8 -0.0005547821454
160.85 160.8 160.9 -0.0008503841937
160.95 160.9 161 -0.001681747168
161.05 161 161.1 0.000571978117
161.15 161.1 161.2 0.0007686645368
161.25 161.2 161.3 0.001179632847
161.35 161.3 161.4 -0.0004449354604
161.45 161.4 161.5 0.0005268190257
161.55 161.5 161.6 0.001040744555
161.65 161.6 161.7 0.0004238478674
161.75 161.7 161.8 -0.0007514602549
161.85 161.8 161.9 -0.0009090731235
161.95 161.9 162 -0.001486580887
162.05 162 162.1 0.0006341615427
162.15 162.1 162.2 -0.001589473348
162.25 162.2 162.3 0.001323636989
162.35 162.3 162.4 0.0004711689526
162.45 162.4 162.5 -0.0004351880393
162.55 162.5 162.6 0.0001082999649
162.65 162.6 162.7 -0.001265196402
162.75 162.7 162.8 2.972784168e-06
162.85 162.8 162.9 -0.0007320611957
162.95 162.9 163 -0.0002359113068
163.05 163 163.1 0.001626226035
163.15 163.1 163.2 -4.068690347e-05
163.25 163.2 163.3 -7.421229005e-05
163.35 163.3 163.4 3.089113766e-05
163.45 163.4 163.5 -0.000443873941
163.55 163.5 163.6 -0.0008780606457
163.65 163.6 163.7 -0.001873966642
163.75 163.7 163.8 0.0007803986203
163.85 163.8 163.9 5.108333412e-05
163.95 163.9 164 -0.0002014670913
164.05 164 164.1 0.0009875861584
164.15 164.1 164.2 -0.0008330595458
164.25 164.2 164.3 0.0001005184746
164.35 164.3 164.4 0.0001025312477
164.45 164.4 164.5 -0.0004863396277
164.55 164.5 164.6 0.0006290770207
164.65 164.6 164.7 0.0008128560612
164.75 164.7 164.8 0.0007918630443
164.85 164.8 164.9 -0.002282660801
164.95 164.9 165 9.143546247e-05
165.05 165 165.1 8.384242865e-05
165.15 165.1 165.2 0.001023415345
165.25 165.2 165.3 -4.474315585e-05
165.35 165.3 165.4 -0.0003765821287
165.45 165.4 165.5 0.000403933897
165.55 165.5 165.6 -0.0006080592649
165.65 165.6 165.7 -0.001537388136
165.75 165.7 165.8 0.0001358338535
165.85 165.8 165.9 7.175246912e-05
165.95 165.9 166 0.0004909332373
166.05 166 166.1 -0.000698277777
166.15 166.1 166.2 0.0005398355533
166.25 166.2 166.3 0.0009443331791
166.35 166.3 166.4 -0.000179424381
166.45 166.4 166.5 0.0001935596999
166.55 166.5 166.6 -0.0002292370686
166.65 166.6 166.7 -0.000670211325
166.75 166.7 166.8 -0.0002823069871
166.85 166.8 166.9 -0.0004740727531
166.95 166.9 167 -0.0005736867862
167.05 167 167.1 -0.001005926388
167.15 167.1 167.2 0.0004802593203
167.25 167.2 167.3 -0.001281350656
167.35 167.3 167.4 0.0006811251293
167.45 167.4 167.5 -0.001347155663
167.55 167.5 167.6 0.001430447562
167.65 167.6 167.7 -0.000116974506
167.75 167.7 167.8 -0.0002842751553
167.85 167.8 167.9 -0.001977169356
167.95 167.9 168 0.0005159897144
168.05 168 168.1 -0.001131238299
168.15 168.1 168.2 -0.0007232030444
168.25 168.2 168.3 0.0009674599898
168.35 168.3 168.4 -0.0009827789959
168.45 168.4 168.5 0.001346882165
168.55 168.5 168.6 -0.0002783825161
168.65 168.6 168.7 -0.0002213063895
168.75 168.7 168.8 0.001077886871
168.85 168.8 168.9 0.001002431117
168.95 168.9 169 -0.0001865970131
169.05 169 169.1 -0.0004982189147
169.15 169.1 169.2 0.002268466291
169.25 169.2 169.3 0.0004927287962
169.35 169.3 169.4 -0.0024174711
169.45 169.4 169.5 0.001669134838
169.55 169.5 169.6 -0.00105752303
169.65 169.6 169.7 0.001126972691
169.75 169.7 169.8 -0.00157362162
169.85 169.8 169.9 -0.0001304559106
169.95 169.9 170 -0.001397373972
170.05 170 170.1 -6.731458126e-05
170.15 170.1 170.2 0.0008655424291
170.25 170.2 170.3 0.001158722255
170.35 170.3 170.4 -0.0004440725886
170.45 170.4 170.5 0.0002553207611
170.55 170.5 170.6 0.0004552339233
170.65 170.6 170.7 0.0007456881564
170.75 170.7 170.8 -0.001461764488
170.85 170.8 170.9 -0.0009602753204
170.95 170.9 171 0.0001096937579
171.05 171 171.1 0.0007682123689
171.15 171.1 171.2 0.001483221851
171.25 171.2 171.3 0.0001181803442
171.35 171.3 171.4 -5.197479041e-05
171.45 171.4 171.5 0.0008889922687
171.55 171.5 171.6 0.001479634339
171.65 171.6 171.7 -0.0008949161697
171.75 171.7 171.8 0.0005940845485
171.85 171.8 171.9 0.0007219898144
171.95 171.9 172 -0.0003615637958
172.05 172 172.1 -0.000881945398
172.15 172.1 172.2 0.002005129306
172.25 172.2 172.3 -0.002441597957
172.35 172.3 172.4 0.0009820812841
172.45 172.4 172.5 -0.001516141058
172.55 172.5 172.6 -0.0001444427738
172.65 172.6 172.7 -0.001836864487
172.75 172.7 172.8 0.001090730768
172.85 172.8 172.9 -0.00140755911
172.95 172.9 173 -0.0004355067724
173.05 173 173.1 0.0007857733987
173.15 173.1 173.2 -0.0007017485312
173.25 173.2 173.3 -0.00103935765
173.35 173.3 173.4 -0.0004876436322
173.45 173.4 173.5 0.0001760869074
173.55 173.5 173.6 0.001210026772
173.65 173.6 173.7 0.0002118362062
173.75 173.7 173.8 0.001517855915
173.85 173.8 173.9 0.000416562106
173.95 173.9 174 -0.000470257144
174.05 174 174.1 0.001653371157
174.15 174.1 174.2 0.001176065829
174.25 174.2 174.3 -0.0005838579569
174.35 174.3 174.4 0.000942658022
174.45 174.4 174.5 -0.0006434106231
174.55 174.5 174.6 0.001011957779
174.65 174.6 174.7 -0.0003639854007
174.75 174.7 174.8 -0.0004480344649
174.85 174.8 174.9 0.001271386334
174.95 174.9 175 0.001118040218
175.05 175 175.1 0.0007455787786
175.15 175.1 175.2 0.001369520386
175.25 175.2 175.3 6.391648239e-07
175.35 175.3 175.4 0.00121486056
175.45 175.4 175.5 0.0004082633013
175.55 175.5 175.6 -0.000981169552
175.65 175.6 175.7 0.0001006501345
175.75 175.7 175.8 0.001058638395
175.85 175.8 175.9 8.718920986e-05
175.95 175.9 176 -0.001760001913
176.05 176 176.1 -0.0001698186749
176.15 176.1 176.2 0.001309764066
176.25 176.2 176.3 0.001012602133
176.35 176.3 176.4 0.0001391826845
176.45 176.4 176.5 -0.0004214971625
176.55 176.5 176.6 -0.001388950632
176.65 176.6 176.7 0.001413899213
176.75 176.7 176.8 -0.000783699097
176.85 176.8 176.9 0.0003899416937
176.95 176.9 177 0.0003622647598
177.05 177 177.1 -0.001892795922
177.15 177.1 177.2 -0.000741688752
177.25 177.2 177.3 -0.0003747342074
177.35 177.3 177.4 0.0006573464092
177.45 177.4 177.5 -0.0009511336796
177.55 177.5 177.6 -0.0006844004958
177.65 177.6 177.7 0.000886365679
177.75 177.7 177.8 -0.0004924482773
177.85 177.8 177.9 -0.001116984159
177.95 177.9 178 0.001833441339
178.05 178 178.1 0.0001630559339
178.15 178.1 178.2 -0.0001808380929
178.25 178.2 178.3 0.001678634498
178.35 178.3 178.4 0.0006794833446
178.45 178.4 178.5 0.001100885117
178.55 178.5 178.6 0.0003043049993
178.65 178.6 178.7 -3.96022381e-05
178.75 178.7 178.8 -0.0002714760876
178.85 178.8 178.9 -0.0008219104609
178.95 178.9 179 2.326893699e-05
179.05 179 179.1 0.0009823717677
179.15 179.1 179.2 -3.818713235e-05
179.25 179.2 179.3 0.0003867720617
179.35 179.3 179.4 1.543020704e-05
179.45 179.4 179.5 -4.779570411e-05
179.55 179.5 179.6 -0.0005102732303
179.65 179.6 179.7 0.001578996648
179.75 179.7 179.8 8.516640956e-06
179.85 179.8 179.9 0.0006466728557
179.95 179.9 180 0.0004470184762
180.05 180 180.1 0.002125818377
180.15 180.1 180.2 -0.0003158977322
180.25 180.2 180.3 0.002223646219
180.35 180.3 180.4 0.00148825907
180.45 180.4 180.5 0.0005747409568
180.55 180.5 180.6 0.001314787823
180.65 180.6 180.7 0.0004014081659
180.75 180.7 180.8 0.0009160602809
180.85 180.8 180.9 -2.32362481e-05
180.95 180.9 181 -0.0002201761519
181.05 181 181.1 -0.0002572485197
181.15 181.1 181.2 0.0007449653188
181.25 181.2 181.3 0.00109039669
181.35 181.3 181.4 0.0009131695714
181.45 181.4 181.5 0.0005451227485
181.55 181.5 181.6 0.00092818004
181.65 181.6 181.7 0.0004791300872
181.75 181.7 181.8 0.001383026022
181.85 181.8 181.9 0.001549752443
181.95 181.9 182 -0.0005165126203
182.05 182 182.1 0.0003121832349
182.15 182.1 182.2 0.0002727000969
182.25 182.2 182.3 0.001525917654
182.35 182.3 182.4 -0.0004569111109
182.45 182.4 182.5 0.0007617894124
182.55 182.5 182.6 -9.055243008e-05
182.65 182.6 182.7 0.001620733794
182.75 182.7 182.8 0.0004236591653
182.85 182.8 182.9 0.001370074765
182.95 182.9 183 0.0008750880443
183.05 183 183.1 -0.0002246577234
183.15 183.1 183.2 0.0001593751732
183.25 183.2 183.3 0.000868166895
183.35 183.3 183.4 0.001487929207
183.45 183.4 183.5 0.001907985412
183.55 183.5 183.6 0.000230451911
183.65 183.6 183.7 0.002129956798
183.75 183.7 183.8 -0.0004458614291
183.85 183.8 183.9 0.001780175594
183.95 183.9 184 0.001602851254
184.05 184 184.1 0.00162979803
184.15 184.1 184.2 0.0009071686553
184.25 184.2 184.3 0.0006120893229
184.35 184.3 184.4 0.0002069642632
184.45 184.4 184.5 -1.776213996e-05
184.55 184.5 184.6 0.00148617545
184.65 184.6 184.7 0.0006000960658
184.75 184.7 184.8 0.000726761056
184.85 184.8 184.9 0.001073909451
184.95 184.9 185 0.0007756133668
185.05 185 185.1 -0.001682946695
185.15 185.1 185.2 0.0005520687006
185.25 185.2 185.3 -0.0001788647836
185.35 185.3 185.4 0.001101626841
185.45 185.4 185.5 0.0008493615398
185.55 185.5 185.6 4.690181234e-05
185.65 185.6 185.7 0.0006183814276
185.75 185.7 185.8 0.002067027729
185.85 185.8 185.9 0.001224801865
185.95 185.9 186 0.0007665708582
186.05 186 186.1 4.65006842e-05
186.15 186.1 186.2 0.001191756273
186.25 186.2 186.3 0.0001702024212
186.35 186.3 186.4 -0.0003581313641
186.45 186.4 186.5 0.001093099005
186.55 186.5 186.6 -5.231177915e-05
186.65 186.6 186.7 -0.0007832062984
186.75 186.7 186.8 -0.0001821571047
186.85 186.8 186.9 0.001504696809
186.95 186.9 187 0.001003399116
187.05 187 187.1 0.0006419546805
187.15 187.1 187.2 -0.0002329769901
187.25 187.2 187.3 0.001677994392
187.35 187.3 187.4 0.001997887204
187.45 187.4 187.5 -0.0001816837894
187.55 187.5 187.6 0.001026376186
187.65 187.6 187.7 0.0004957107043
187.75 187.7 187.8 0.0003829187427
187.85 187.8 187.9 0.00167968972
187.95 187.9 188 0.0001382092418
188.05 188 188.1 0.001688888
188.15 188.1 188.2 0.0002732061289
188.25 188.2 188.3 0.000383163504
188.35 188.3 188.4 0.0004681321363
188.45 188.4 188.5 0.0007883336126
188.55 188.5 188.6 -0.001387115821
188.65 188.6 188.7 0.0005763427294
188.75 188.7 188.8 0.001167919098
188.85 188.8 188.9 0.0002223441625
188.95 188.9 189 0.0006295411939
189.05 189 189.1 0.0002736524404
189.15 189.1 189.2 0.0004771019911
189.25 189.2 189.3 -0.00131676045
189.35 189.3 189.4 -0.0005586708137
189.45 189.4 189.5 -0.0007381035928
189.55 189.5 189.6 0.0006697689811
189.65 189.6 189.7 0.001269832588
189.75 189.7 189.8 0.0007970658211
189.85 189.8 189.9 -0.0002831736674
189.95 189.9 190 0.001359732498
190.05 190 190.1 6.009921064e-05
190.15 190.1 190.2 0.000572219738
190.25 190.2 190.3 0.001728136356
190.35 190.3 190.4 -8.769390158e-05
190.45 190.4 190.5 -8.439101287e-05
190.55 190.5 190.6 -6.481412002e-05
190.65 190.6 190.7 -5.919885885e-05
190.75 190.7 190.8 0.0001143409911
190.85 190.8 190.9 0.000565687443
190.95 190.9 191 0.0007941551055
191.05 191 191.1 -0.0001392137952
191.15 191.1 191.2 0.0001474700855
191.25 191.2 191.3 -0.001717204101
191.35 191.3 191.4 0.0009833174711
191.45 191.4 191.5 0.0002842175587
191.55 191.5 191.6 -0.000434105281
191.65 191.6 191.7 0.001734089067
191.75 191.7 191.8 -0.001099515367
191.85 191.8 191.9 0.0009708899094
191.95 191.9 192 0.0009360583648
192.05 192 192.1 0.0009024720288
192.15 192.1 192.2 -0.001044809964
192.25 192.2 192.3 0.0004453238669
192.35 192.3 192.4 0.001265988506
192.45 192.4 192.5 0.0008520486678
192.55 192.5 192.6 0.0005688425279
192.65 192.6 192.7 -5.730597911e-05
192.75 192.7 192.8 -0.0005322411856
192.85 192.8 192.9 0.0009475592407
192.95 192.9 193 0.0007204636959
193.05 193 193.1 -0.0003656909348
193.15 193.1 193.2 0.00172498133
193.25 193.2 193.3 0.002774122833
193.35 193.3 193.4 0.0006007502234
193.45 193.4 193.5 0.000583263594
193.55 193.5 193.6 0.0007327094261
193.65 193.6 193.7 -0.0001103675563
193.75 193.7 193.8 0.0001827734908
193.85 193.8 193.9 0.001080240143
193.95 193.9 194 -7.095089617e-05
194.05 194 194.1 0.0004733872583
194.15 194.1 194.2 0.0005144968947
194.25 194.2 194.3 0.0003398756961
194.35 194.3 194.4 -0.0009195397913
194.45 194.4 194.5 0.0008150828455
194.55 194.5 194.6 -0.0004563459478
194.65 194.6 194.7 -0.0003835601295
194.75 194.7 194.8 0.001819136489
194.85 194.8 194.9 0.002656701351
194.95 194.9 195 0.001176368524
195.05 195 195.1 0.0002088608481
195.15 195.1 195.2 -2.664683969e-05
195.25 195.2 195.3 -0.001183280292
195.35 195.3 195.4 -0.0005368075197
195.45 195.4 195.5 -0.0002006788216
195.55 195.5 195.6 -8.634533448e-06
195.65 195.6 195.7 0.0002379559181
195.75 195.7 195.8 0.0007838246409
195.85 195.8 195.9 0.0009200377682
195.95 195.9 196 -0.0005098109564
196.05 196 196.1 -0.0001842422457
196.15 196.1 196.2 0.001092110484
196.25 196.2 196.3 0.0004378414986
196.35 196.3 196.4 0.001276428931
196.45 196.4 196.5 0.0002528925003
196.55 196.5 196.6 0.000974507033
196.65 196.6 196.7 0.0004097738075
196.75 196.7 196.8 0.0008707173818
196.85 196.8 196.9 0.001187802493
196.95 196.9 197 0.001520472964
197.05 197 197.1 0.0006452671514
197.15 197.1 197.2 -0.0006929345001
197.25 197.2 197.3 0.0006003850044
197.35 197.3 197.4 1.487382722e-06
197.45 197.4 197.5 -0.0001745869856
197.55 197.5 197.6 -0.0002524841847
197.65 197.6 197.7 -0.0004289498692
197.75 197.7 197.8 0.001546869609
197.85 197.8 197.9 0.001701650843
197.95 197.9 198 -0.00124395383
198.05 198 198.1 0.0008192922515
198.15 198.1 198.2 0.001161028457
198.25 198.2 198.3 0.001276076384
198.35 198.3 198.4 0.001075634361
198.45 198.4 198.5 -0.000720629449
198.55 198.5 198.6 -0.0003550671969
198.65 198.6 198.7 0.0007430230814
198.75 198.7 198.8 0.000628087772
198.85 198.8 198.9 0.001380724858
198.95 198.9 199 0.0002211970159
199.05 199 199.1 -0.0001303577593
199.15 199.1 199.2 0.0001488066733
199.25 199.2 199.3 -0.000184379526
199.35 199.3 199.4 0.001948150676
199.45 199.4 199.5 -0.0006407679288
199.55 199.5 199.6 0.00065065094
199.65 199.6 199.7 0.0007806572023
199.75 199.7 199.8 0.001146623952
199.85 199.8 199.9 0.0003118265014
199.95 199.9 200 0.001607641245
