# Columns: s_cen(1) s_min(2) s_max(3) xi_iso(4)
0.05 0 0.1 20.27075152
0.15 0.1 0.2 12.22669926
0.25 0.2 0.3 15.48119161
0.35 0.3 0.4 18.14695183
0.45 0.4 0.5 22.75152532
0.55 0.5 0.6 23.21915616
0.65 0.6 0.7 23.43439817
0.75 0.7 0.8 23.02086827
0.85 0.8 0.9 21.14427518
0.95 0.9 1 20.3239066
1.05 1 1.1 20.66777416
1.15 1.1 1.2 19.50132239
1.25 1.2 1.3 18.23598876
1.35 1.3 1.4 17.93192463
1.45 1.4 1.5 16.79148521
1.55 1.5 1.6 15.76992856
1.65 1.6 1.7 15.43890798
1.75 1.7 1.8 13.96873701
1.85 1.8 1.9 13.40548312
1.95 1.9 2 12.79144307
2.05 2 2.1 11.64571189
2.15 2.1 2.2 11.26070061
2.25 2.2 2.3 10.57531341
2.35 2.3 2.4 9.918444479
2.45 2.4 2.5 9.171254838
2.55 2.5 2.6 8.712932676
2.65 2.6 2.7 8.081512465
2.75 2.7 2.8 7.672116326
2.85 2.8 2.9 7.180420684
2.95 2.9 3 6.826443269
3.05 3 3.1 6.784738933
3.15 3.1 3.2 6.604404044
3.25 3.2 3.3 6.119627467
3.35 3.3 3.4 5.80792184
3.45 3.4 3.5 5.619189047
3.55 3.5 3.6 5.225071221
3.65 3.6 3.7 5.2793089
3.75 3.7 3.8 5.056949263
3.85 3.8 3.9 4.729540212
3.95 3.9 4 4.762299281
4.05 4 4.1 4.643034743
4.15 4.1 4.2 4.358350809
4.25 4.2 4.3 4.286115256
4.35 4.3 4.4 4.172852709
4.45 4.4 4.5 3.85099112
4.55 4.5 4.6 3.705865717
4.65 4.6 4.7 3.810455037
4.75 4.7 4.8 3.476185133
4.85 4.8 4.9 3.496318974
4.95 4.9 5 3.47285941
5.05 5 5.1 3.22122905
5.15 5.1 5.2 3.180696655
5.25 5.2 5.3 3.158858347
5.35 5.3 5.4 3.14784099
5.45 5.4 5.5 3.010361172
5.55 5.5 5.6 2.844092347
5.65 5.6 5.7 2.774198576
5.75 5.7 5.8 2.797444045
5.85 5.8 5.9 2.722161198
5.95 5.9 6 2.633155661
6.05 6 6.1 2.519239393
6.15 6.1 6.2 2.441208983
6.25 6.2 6.3 2.38379344
6.35 6.3 6.4 2.313819295
6.45 6.4 6.5 2.281635615
6.55 6.5 6.6 2.20277153
6.65 6.6 6.7 2.144298792
6.75 6.7 6.8 2.122004502
6.85 6.8 6.9 2.082598309
6.95 6.9 7 2.023032448
7.05 7 7.1 2.009402752
7.15 7.1 7.2 1.972595142
7.25 7.2 7.3 1.856403368
7.35 7.3 7.4 1.869472857
7.45 7.4 7.5 1.838562627
7.55 7.5 7.6 1.760585394
7.65 7.6 7.7 1.754246176
7.75 7.7 7.8 1.690155451
7.85 7.8 7.9 1.700333055
7.95 7.9 8 1.688721171
8.05 8 8.1 1.598978147
8.15 8.1 8.2 1.541330756
8.25 8.2 8.3 1.521937754
8.35 8.3 8.4 1.46201453
8.45 8.4 8.5 1.46574607
8.55 8.5 8.6 1.455952825
8.65 8.6 8.7 1.397597777
8.75 8.7 8.8 1.414915068
8.85 8.8 8.9 1.333850673
8.95 8.9 9 1.291176272
9.05 9 9.1 1.302021517
9.15 9.1 9.2 1.289060548
9.25 9.2 9.3 1.276566593
9.35 9.3 9.4 1.213331315
9.45 9.4 9.5 1.182480579
9.55 9.5 9.6 1.163552855
9.65 9.6 9.7 1.164820528
9.75 9.7 9.8 1.106059865
9.85 9.8 9.9 1.093888999
9.95 9.9 10 1.085795601
10.05 10 10.1 1.074703243
10.15 10.1 10.2 1.034036526
10.25 10.2 10.3 1.047912883
10.35 10.3 10.4 1.027743313
10.45 10.4 10.5 0.9938381343
10.55 10.5 10.6 0.9912028529
10.65 10.6 10.7 0.9584791017
10.75 10.7 10.8 0.9753689682
10.85 10.8 10.9 0.9284572239
10.95 10.9 11 0.9368606191
11.05 11 11.1 0.8907647753
11.15 11.1 11.2 0.8695305258
11.25 11.2 11.3 0.8805627043
11.35 11.3 11.4 0.8603282339
11.45 11.4 11.5 0.8523948517
11.55 11.5 11.6 0.8504868497
11.65 11.6 11.7 0.8178671713
11.75 11.7 11.8 0.7944988517
11.85 11.8 11.9 0.8080549476
11.95 11.9 12 0.7925942292
12.05 12 12.1 0.7708608631
12.15 12.1 12.2 0.7656250405
12.25 12.2 12.3 0.7487516969
12.35 12.3 12.4 0.7568926638
12.45 12.4 12.5 0.7578445291
12.55 12.5 12.6 0.7194490705
12.65 12.6 12.7 0.713396588
12.75 12.7 12.8 0.7168961622
12.85 12.8 12.9 0.6827147008
12.95 12.9 13 0.6819416584
13.05 13 13.1 0.6736190152
13.15 13.1 13.2 0.6371515913
13.25 13.2 13.3 0.6412794463
13.35 13.3 13.4 0.6380656557
13.45 13.4 13.5 0.6423025643
13.55 13.5 13.6 0.6103850574
13.65 13.6 13.7 0.6068007581
13.75 13.7 13.8 0.6085194118
13.85 13.8 13.9 0.5689884211
13.95 13.9 14 0.5989314264
14.05 14 14.1 0.5543211983
14.15 14.1 14.2 0.5865664792
14.25 14.2 14.3 0.5584301478
14.35 14.3 14.4 0.5557085148
14.45 14.4 14.5 0.5415805579
14.55 14.5 14.6 0.5274649423
14.65 14.6 14.7 0.5434119151
14.75 14.7 14.8 0.5127310078
14.85 14.8 14.9 0.5243536922
14.95 14.9 15 0.5153219511
15.05 15 15.1 0.5091428081
15.15 15.1 15.2 0.5089856091
15.25 15.2 15.3 0.4845443447
15.35 15.3 15.4 0.4995162858
15.45 15.4 15.5 0.4812189774
15.55 15.5 15.6 0.4695966146
15.65 15.6 15.7 0.4733908525
15.75 15.7 15.8 0.4523620116
15.85 15.8 15.9 0.450344691
15.95 15.9 16 0.4510512384
16.05 16 16.1 0.4525961985
16.15 16.1 16.2 0.434132381
16.25 16.2 16.3 0.4293887728
16.35 16.3 16.4 0.4300477135
16.45 16.4 16.5 0.4262963294
16.55 16.5 16.6 0.4458392295
16.65 16.6 16.7 0.4293202468
16.75 16.7 16.8 0.409109093
16.85 16.8 16.9 0.4041015177
16.95 16.9 17 0.4119293689
17.05 17 17.1 0.38810259
17.15 17.1 17.2 0.4042897407
17.25 17.2 17.3 0.3968208452
17.35 17.3 17.4 0.3815402378
17.45 17.4 17.5 0.381159593
17.55 17.5 17.6 0.3630840603
17.65 17.6 17.7 0.3779964264
17.75 17.7 17.8 0.3648949801
17.85 17.8 17.9 0.3533562261
17.95 17.9 18 0.3616712896
18.05 18 18.1 0.3426525666
18.15 18.1 18.2 0.3456346094
18.25 18.2 18.3 0.3372350446
18.35 18.3 18.4 0.3426099781
18.45 18.4 18.5 0.3421324211
18.55 18.5 18.6 0.3288090014
18.65 18.6 18.7 0.3331769543
18.75 18.7 18.8 0.321613339
18.85 18.8 18.9 0.3355213286
18.95 18.9 19 0.3100990034
19.05 19 19.1 0.3016771229
19.15 19.1 19.2 0.3235617248
19.25 19.2 19.3 0.3100278401
19.35 19.3 19.4 0.3087400644
19.45 19.4 19.5 0.2946358159
19.55 19.5 19.6 0.2892282915
19.65 19.6 19.7 0.3057929359
19.75 19.7 19.8 0.2909629416
19.85 19.8 19.9 0.2971196055
19.95 19.9 20 0.284492077
20.05 20 20.1 0.2969779347
20.15 20.1 20.2 0.2822904329
20.25 20.2 20.3 0.2722284554
20.35 20.3 20.4 0.2752613688
20.45 20.4 20.5 0.2717481913
20.55 20.5 20.6 0.2600288539
20.65 20.6 20.7 0.2578257998
20.75 20.7 20.8 0.2677336947
20.85 20.8 20.9 0.2649591403
20.95 20.9 21 0.2487617485
21.05 21 21.1 0.251589339
21.15 21.1 21.2 0.2560479952
21.25 21.2 21.3 0.2468186876
21.35 21.3 21.4 0.2581166903
21.45 21.4 21.5 0.2429316471
21.55 21.5 21.6 0.2385555988
21.65 21.6 21.7 0.2481331351
21.75 21.7 21.8 0.2374704261
21.85 21.8 21.9 0.2301926282
21.95 21.9 22 0.2242476509
22.05 22 22.1 0.2277350512
22.15 22.1 22.2 0.2367048514
22.25 22.2 22.3 0.2247245743
22.35 22.3 22.4 0.2231202709
22.45 22.4 22.5 0.229022921
22.55 22.5 22.6 0.2236729744
22.65 22.6 22.7 0.2156235916
22.75 22.7 22.8 0.2112985685
22.85 22.8 22.9 0.2035648685
22.95 22.9 23 0.218536517
23.05 23 23.1 0.2184330717
23.15 23.1 23.2 0.211380739
23.25 23.2 23.3 0.1948597825
23.35 23.3 23.4 0.1987404556
23.45 23.4 23.5 0.202834064
23.55 23.5 23.6 0.2034230029
23.65 23.6 23.7 0.203803466
23.75 23.7 23.8 0.1993692554
23.85 23.8 23.9 0.1904373533
23.95 23.9 24 0.1985277344
24.05 24 24.1 0.1931087372
24.15 24.1 24.2 0.1963133641
24.25 24.2 24.3 0.1927921885
24.35 24.3 24.4 0.1906210384
24.45 24.4 24.5 0.1737031492
24.55 24.5 24.6 0.1841225283
24.65 24.6 24.7 0.1818403543
24.75 24.7 24.8 0.1855201441
24.85 24.8 24.9 0.174634111
24.95 24.9 25 0.1838188449
25.05 25 25.1 0.1802406156
25.15 25.1 25.2 0.1855164539
25.25 25.2 25.3 0.1735437036
25.35 25.3 25.4 0.1709611912
25.45 25.4 25.5 0.1726382033
25.55 25.5 25.6 0.1661339553
25.65 25.6 25.7 0.1591617612
25.75 25.7 25.8 0.1704380442
25.85 25.8 25.9 0.1594639629
25.95 25.9 26 0.1646413331
26.05 26 26.1 0.1553686175
26.15 26.1 26.2 0.1548480797
26.25 26.2 26.3 0.1569798206
26.35 26.3 26.4 0.1528164063
26.45 26.4 26.5 0.14942725
26.55 26.5 26.6 0.1432446431
26.65 26.6 26.7 0.1531534652
26.75 26.7 26.8 0.1496387667
26.85 26.8 26.9 0.1509011527
26.95 26.9 27 0.1433163825
27.05 27 27.1 0.141391292
27.15 27.1 27.2 0.1477334115
27.25 27.2 27.3 0.1373775968
27.35 27.3 27.4 0.137598561
27.45 27.4 27.5 0.1380863733
27.55 27.5 27.6 0.133833408
27.65 27.6 27.7 0.1380489226
27.75 27.7 27.8 0.1288815973
27.85 27.8 27.9 0.1309291413
27.95 27.9 28 0.1371091257
28.05 28 28.1 0.131154424
28.15 28.1 28.2 0.1275792766
28.25 28.2 28.3 0.1328546371
28.35 28.3 28.4 0.1293681364
28.45 28.4 28.5 0.1236798392
28.55 28.5 28.6 0.1326775226
28.65 28.6 28.7 0.1248192039
28.75 28.7 28.8 0.1233316576
28.85 28.8 28.9 0.1202749939
28.95 28.9 29 0.1198476806
29.05 29 29.1 0.1296356621
29.15 29.1 29.2 0.1167042497
29.25 29.2 29.3 0.1256601313
29.35 29.3 29.4 0.1202551777
29.45 29.4 29.5 0.113310544
29.55 29.5 29.6 0.1080799527
29.65 29.6 29.7 0.1093635526
29.75 29.7 29.8 0.1144936757
29.85 29.8 29.9 0.116507476
29.95 29.9 30 0.1124984907
30.05 30 30.1 0.1071656927
30.15 30.1 30.2 0.1142853009
30.25 30.2 30.3 0.1093568935
30.35 30.3 30.4 0.1065406497
30.45 30.4 30.5 0.111486965
30.55 30.5 30.6 0.1120451426
30.65 30.6 30.7 0.106983845
30.75 30.7 30.8 0.1058003549
30.85 30.8 30.9 0.1002943186
30.95 30.9 31 0.09888492459
31.05 31 31.1 0.1075052214
31.15 31.1 31.2 0.1086877351
31.25 31.2 31.3 0.105632712
31.35 31.3 31.4 0.1110244147
31.45 31.4 31.5 0.094351439
31.55 31.5 31.6 0.09826113941
31.65 31.6 31.7 0.09448960504
31.75 31.7 31.8 0.0917584406
31.85 31.8 31.9 0.08677535908
31.95 31.9 32 0.09006453633
32.05 32 32.1 0.1002881914
32.15 32.1 32.2 0.101674644
32.25 32.2 32.3 0.09575245887
32.35 32.3 32.4 0.1000016331
32.45 32.4 32.5 0.0921299759
32.55 32.5 32.6 0.0959819081
32.65 32.6 32.7 0.08341762603
32.75 32.7 32.8 0.0881737477
32.85 32.8 32.9 0.08804822979
32.95 32.9 33 0.08728854019
33.05 33 33.1 0.08812413957
33.15 33.1 33.2 0.08370017301
33.25 33.2 33.3 0.08873169875
33.35 33.3 33.4 0.08554118728
33.45 33.4 33.5 0.0832369134
33.55 33.5 33.6 0.07845707874
33.65 33.6 33.7 0.08011431452
33.75 33.7 33.8 0.08005325092
33.85 33.8 33.9 0.08547133295
33.95 33.9 34 0.07563499012
34.05 34 34.1 0.09120694933
34.15 34.1 34.2 0.08073639139
34.25 34.2 34.3 0.07826927244
34.35 34.3 34.4 0.07866414729
34.45 34.4 34.5 0.08419046923
34.55 34.5 34.6 0.07554582317
34.65 34.6 34.7 0.0792216598
34.75 34.7 34.8 0.08088418876
34.85 34.8 34.9 0.08091733884
34.95 34.9 35 0.07521114912
35.05 35 35.1 0.07206884591
35.15 35.1 35.2 0.06890906768
35.25 35.2 35.3 0.06960617303
35.35 35.3 35.4 0.07351988507
35.45 35.4 35.5 0.07075717867
35.55 35.5 35.6 0.06332617522
35.65 35.6 35.7 0.06624810584
35.75 35.7 35.8 0.07687361953
35.85 35.8 35.9 0.06775663271
35.95 35.9 36 0.07021470434
36.05 36 36.1 0.07497555858
36.15 36.1 36.2 0.06637352393
36.25 36.2 36.3 0.06089703823
36.35 36.3 36.4 0.06842886533
36.45 36.4 36.5 0.06933485296
36.55 36.5 36.6 0.07044650381
36.65 36.6 36.7 0.06202285927
36.75 36.7 36.8 0.06886402816
36.85 36.8 36.9 0.06256679751
36.95 36.9 37 0.06801282994
37.05 37 37.1 0.06587436035
37.15 37.1 37.2 0.05799600817
37.25 37.2 37.3 0.06783774014
37.35 37.3 37.4 0.06971302055
37.45 37.4 37.5 0.05910267202
37.55 37.5 37.6 0.06787807426
37.65 37.6 37.7 0.05929866391
37.75 37.7 37.8 0.06135882279
37.85 37.8 37.9 0.06329589539
37.95 37.9 38 0.05639490811
38.05 38 38.1 0.05331743704
38.15 38.1 38.2 0.06213636997
38.25 38.2 38.3 0.05497836739
38.35 38.3 38.4 0.06623652415
38.45 38.4 38.5 0.05433329776
38.55 38.5 38.6 0.05985550334
38.65 38.6 38.7 0.06072396058
38.75 38.7 38.8 0.05470060436
38.85 38.8 38.9 0.05794599505
38.95 38.9 39 0.06531001051
39.05 39 39.1 0.06070434543
39.15 39.1 39.2 0.06072467581
39.25 39.2 39.3 0.06099634696
39.35 39.3 39.4 0.05054830136
39.45 39.4 39.5 0.05624832401
39.55 39.5 39.6 0.05309784067
39.65 39.6 39.7 0.0549077565
39.75 39.7 39.8 0.05454829899
39.85 39.8 39.9 0.05372158482
39.95 39.9 40 0.05310763434
40.05 40 40.1 0.05351483144
40.15 40.1 40.2 0.05114387318
40.25 40.2 40.3 0.05875621135
40.35 40.3 40.4 0.058230289
40.45 40.4 40.5 0.04532673308
40.55 40.5 40.6 0.04848662524
40.65 40.6 40.7 0.04673504458
40.75 40.7 40.8 0.05365161571
40.85 40.8 40.9 0.04879793241
40.95 40.9 41 0.05184548844
41.05 41 41.1 0.05011300268
41.15 41.1 41.2 0.05182447472
41.25 41.2 41.3 0.0540783254
41.35 41.3 41.4 0.05313808813
41.45 41.4 41.5 0.04745975726
41.55 41.5 41.6 0.04784228953
41.65 41.6 41.7 0.05121772014
41.75 41.7 41.8 0.04856604884
41.85 41.8 41.9 0.04136354503
41.95 41.9 42 0.04189196723
42.05 42 42.1 0.04957579462
42.15 42.1 42.2 0.04962698568
42.25 42.2 42.3 0.04340487562
42.35 42.3 42.4 0.04337498604
42.45 42.4 42.5 0.04641826255
42.55 42.5 42.6 0.03929559309
42.65 42.6 42.7 0.04381592868
42.75 42.7 42.8 0.04385720024
42.85 42.8 42.9 0.04574597196
42.95 42.9 43 0.04457757125
43.05 43 43.1 0.04033989595
43.15 43.1 43.2 0.04309370623
43.25 43.2 43.3 0.04559372688
43.35 43.3 43.4 0.0410760717
43.45 43.4 43.5 0.04367486853
43.55 43.5 43.6 0.04496883184
43.65 43.6 43.7 0.04362584293
43.75 43.7 43.8 0.04353392306
43.85 43.8 43.9 0.04512843056
43.95 43.9 44 0.03414109704
44.05 44 44.1 0.04107574063
44.15 44.1 44.2 0.03357381833
44.25 44.2 44.3 0.03632965111
44.35 44.3 44.4 0.04024977867
44.45 44.4 44.5 0.04068931482
44.55 44.5 44.6 0.04233419127
44.65 44.6 44.7 0.03648805209
44.75 44.7 44.8 0.03901918153
44.85 44.8 44.9 0.0374847362
44.95 44.9 45 0.04013310547
45.05 45 45.1 0.0372410377
45.15 45.1 45.2 0.03712969492
45.25 45.2 45.3 0.03686908621
45.35 45.3 45.4 0.03422510041
45.45 45.4 45.5 0.03295923102
45.55 45.5 45.6 0.03744046747
45.65 45.6 45.7 0.03902210863
45.75 45.7 45.8 0.03664049925
45.85 45.8 45.9 0.026818257
45.95 45.9 46 0.03306521487
46.05 46 46.1 0.03637247288
46.15 46.1 46.2 0.03056515171
46.25 46.2 46.3 0.03695772948
46.35 46.3 46.4 0.03628456319
46.45 46.4 46.5 0.03570746897
46.55 46.5 46.6 0.03236749746
46.65 46.6 46.7 0.03296348296
46.75 46.7 46.8 0.03142509343
46.85 46.8 46.9 0.03110170364
46.95 46.9 47 0.03518278042
47.05 47 47.1 0.03284218324
47.15 47.1 47.2 0.03086850522
47.25 47.2 47.3 0.03235378559
47.35 47.3 47.4 0.02741988476
47.45 47.4 47.5 0.03128587208
47.55 47.5 47.6 0.03015580058
47.65 47.6 47.7 0.03238010205
47.75 47.7 47.8 0.02663671499
47.85 47.8 47.9 0.02711970176
47.95 47.9 48 0.03161564651
48.05 48 48.1 0.03528721034
48.15 48.1 48.2 0.02879406212
48.25 48.2 48.3 0.0276282403
48.35 48.3 48.4 0.02834911493
48.45 48.4 48.5 0.02781125525
48.55 48.5 48.6 0.0257726412
48.65 48.6 48.7 0.02283787633
48.75 48.7 48.8 0.02802452525
48.85 48.8 48.9 0.03278815255
48.95 48.9 49 0.02547292147
49.05 49 49.1 0.02813774493
49.15 49.1 49.2 0.02600038733
49.25 49.2 49.3 0.02474288901
49.35 49.3 49.4 0.02745347835
49.45 49.4 49.5 0.02835456743
49.55 49.5 49.6 0.02818844563
49.65 49.6 49.7 0.02459479303
49.75 49.7 49.8 0.02683358503
49.85 49.8 49.9 0.02489794997
49.95 49.9 50 0.02582535771
50.05 50 50.1 0.02565957426
50.15 50.1 50.2 0.02330540128
50.25 50.2 50.3 0.02412217815
50.35 50.3 50.4 0.0240255133
50.45 50.4 50.5 0.02565768432
50.55 50.5 50.6 0.0216350241
50.65 50.6 50.7 0.02027248721
50.75 50.7 50.8 0.02350877112
50.85 50.8 50.9 0.02745698717
50.95 50.9 51 0.0232908384
51.05 51 51.1 0.02084638045
51.15 51.1 51.2 0.024484981
51.25 51.2 51.3 0.02172509575
51.35 51.3 51.4 0.02107251949
51.45 51.4 51.5 0.01932827113
51.55 51.5 51.6 0.02348682137
51.65 51.6 51.7 0.01791432644
51.75 51.7 51.8 0.02404002369
51.85 51.8 51.9 0.02123629067
51.95 51.9 52 0.02368221746
52.05 52 52.1 0.0226766572
52.15 52.1 52.2 0.01936389435
52.25 52.2 52.3 0.01973400845
52.35 52.3 52.4 0.02010209617
52.45 52.4 52.5 0.02424709329
52.55 52.5 52.6 0.02068702965
52.65 52.6 52.7 0.02463577918
52.75 52.7 52.8 0.01887118597
52.85 52.8 52.9 0.01979022138
52.95 52.9 53 0.02334401698
53.05 53 53.1 0.01705317576
53.15 53.1 53.2 0.01893056669
53.25 53.2 53.3 0.01652131774
53.35 53.3 53.4 0.02352826182
53.45 53.4 53.5 0.01941507632
53.55 53.5 53.6 0.02168818274
53.65 53.6 53.7 0.01725976588
53.75 53.7 53.8 0.01650026201
53.85 53.8 53.9 0.0182306769
53.95 53.9 54 0.02053103455
54.05 54 54.1 0.01623558815
54.15 54.1 54.2 0.01646813041
54.25 54.2 54.3 0.01900968486
54.35 54.3 54.4 0.01108491939
54.45 54.4 54.5 0.01559737386
54.55 54.5 54.6 0.0182575985
54.65 54.6 54.7 0.02319159091
54.75 54.7 54.8 0.01642025156
54.85 54.8 54.9 0.01703815798
54.95 54.9 55 0.01905347482
55.05 55 55.1 0.0181785112
55.15 55.1 55.2 0.01191245416
55.25 55.2 55.3 0.02161713328
55.35 55.3 55.4 0.02058542414
55.45 55.4 55.5 0.01557061614
55.55 55.5 55.6 0.01786217397
55.65 55.6 55.7 0.01686528583
55.75 55.7 55.8 0.01403856735
55.85 55.8 55.9 0.01591985687
55.95 55.9 56 0.01861651957
56.05 56 56.1 0.01375419909
56.15 56.1 56.2 0.01262263824
56.25 56.2 56.3 0.0167809694
56.35 56.3 56.4 0.01494663817
56.45 56.4 56.5 0.01390360655
56.55 56.5 56.6 0.01185488248
56.65 56.6 56.7 0.01693154452
56.75 56.7 56.8 0.01730222825
56.85 56.8 56.9 0.01225148508
56.95 56.9 57 0.01580447911
57.05 57 57.1 0.01735875061
57.15 57.1 57.2 0.01556278007
57.25 57.2 57.3 0.01308243089
57.35 57.3 57.4 0.01489702598
57.45 57.4 57.5 0.01353890521
57.55 57.5 57.6 0.01486467286
57.65 57.6 57.7 0.01770106267
57.75 57.7 57.8 0.009606054858
57.85 57.8 57.9 0.0154260216
57.95 57.9 58 0.008414768544
58.05 58 58.1 0.01405374384
58.15 58.1 58.2 0.01607167933
58.25 58.2 58.3 0.01306153611
58.35 58.3 58.4 0.01349674459
58.45 58.4 58.5 0.01067712374
58.55 58.5 58.6 0.01562428334
58.65 58.6 58.7 0.01146740645
58.75 58.7 58.8 0.01352635698
58.85 58.8 58.9 0.01723390633
58.95 58.9 59 0.01201733467
59.05 59 59.1 0.01465110111
59.15 59.1 59.2 0.009441104346
59.25 59.2 59.3 0.008252988258
59.35 59.3 59.4 0.007464566794
59.45 59.4 59.5 0.01128339244
59.55 59.5 59.6 0.01888257683
59.65 59.6 59.7 0.01048756658
59.75 59.7 59.8 0.009853373443
59.85 59.8 59.9 0.01429566859
59.95 59.9 60 0.00636841614
60.05 60 60.1 0.009350582738
60.15 60.1 60.2 0.01075470408
60.25 60.2 60.3 0.01135385235
60.35 60.3 60.4 0.01329752003
60.45 60.4 60.5 0.01587213753
60.55 60.5 60.6 0.006613799077
60.65 60.6 60.7 0.009975341136
60.75 60.7 60.8 0.007327877142
60.85 60.8 60.9 0.01173763866
60.95 60.9 61 0.01251266116
61.05 61 61.1 0.01335727422
61.15 61.1 61.2 0.007295858939
61.25 61.2 61.3 0.01451045317
61.35 61.3 61.4 0.01040619395
61.45 61.4 61.5 0.01167055451
61.55 61.5 61.6 0.01248047358
61.65 61.6 61.7 0.01089326152
61.75 61.7 61.8 0.01354298724
61.85 61.8 61.9 0.004786882286
61.95 61.9 62 0.0080863175
62.05 62 62.1 0.01187673573
62.15 62.1 62.2 0.01523505669
62.25 62.2 62.3 0.01245514913
62.35 62.3 62.4 0.007519034392
62.45 62.4 62.5 0.01002892641
62.55 62.5 62.6 0.008378965805
62.65 62.6 62.7 0.01174920713
62.75 62.7 62.8 0.008122876461
62.85 62.8 62.9 0.009084239016
62.95 62.9 63 0.01193446389
63.05 63 63.1 0.006178806912
63.15 63.1 63.2 0.008602108997
63.25 63.2 63.3 0.0115438094
63.35 63.3 63.4 0.009517554675
63.45 63.4 63.5 0.008649574602
63.55 63.5 63.6 0.008379659189
63.65 63.6 63.7 0.01063165488
63.75 63.7 63.8 0.01202970233
63.85 63.8 63.9 0.0131702131
63.95 63.9 64 0.005269845861
64.05 64 64.1 0.008838805146
64.15 64.1 64.2 0.01078004098
64.25 64.2 64.3 0.01055246305
64.35 64.3 64.4 0.009054528608
64.45 64.4 64.5 0.01518771855
64.55 64.5 64.6 0.006790145479
64.65 64.6 64.7 0.009851786218
64.75 64.7 64.8 0.009168035587
64.85 64.8 64.9 0.00681622939
64.95 64.9 65 0.008255739991
65.05 65 65.1 0.007085780556
65.15 65.1 65.2 0.01039819361
65.25 65.2 65.3 0.007125048427
65.35 65.3 65.4 0.006193102826
65.45 65.4 65.5 0.007623502787
65.55 65.5 65.6 0.01078938119
65.65 65.6 65.7 0.008103223875
65.75 65.7 65.8 0.01045978642
65.85 65.8 65.9 0.01058071292
65.95 65.9 66 0.01079829087
66.05 66 66.1 0.00811562658
66.15 66.1 66.2 0.007071766446
66.25 66.2 66.3 0.00577243272
66.35 66.3 66.4 0.009124088327
66.45 66.4 66.5 0.009279336698
66.55 66.5 66.6 0.0104555092
66.65 66.6 66.7 0.008057365619
66.75 66.7 66.8 0.008999385539
66.85 66.8 66.9 0.007612956734
66.95 66.9 67 0.007117941263
67.05 67 67.1 0.007390064689
67.15 67.1 67.2 0.007571465022
67.25 67.2 67.3 0.006731547266
67.35 67.3 67.4 0.007713000302
67.45 67.4 67.5 0.007898905523
67.55 67.5 67.6 0.006644750339
67.65 67.6 67.7 0.005018211252
67.75 67.7 67.8 0.01020705549
67.85 67.8 67.9 0.008244116418
67.95 67.9 68 0.007451636093
68.05 68 68.1 0.007032019396
68.15 68.1 68.2 0.002798303236
68.25 68.2 68.3 0.007067066933
68.35 68.3 68.4 0.005519295121
68.45 68.4 68.5 0.006421959359
68.55 68.5 68.6 0.003780375675
68.65 68.6 68.7 0.005601720873
68.75 68.7 68.8 0.002969911162
68.85 68.8 68.9 0.005705252403
68.95 68.9 69 0.007261820027
69.05 69 69.1 0.005053675663
69.15 69.1 69.2 0.005016817995
69.25 69.2 69.3 0.005832574296
69.35 69.3 69.4 0.006448732259
69.45 69.4 69.5 0.002615905238
69.55 69.5 69.6 0.00589867426
69.65 69.6 69.7 0.007552124987
69.75 69.7 69.8 0.007170212175
69.85 69.8 69.9 0.003413703322
69.95 69.9 70 0.002668360262
70.05 70 70.1 0.005313297191
70.15 70.1 70.2 0.005634344492
70.25 70.2 70.3 0.006139471214
70.35 70.3 70.4 0.006307684697
70.45 70.4 70.5 0.004770351685
70.55 70.5 70.6 0.01082660957
70.65 70.6 70.7 0.004345647329
70.75 70.7 70.8 0.005468158102
70.85 70.8 70.9 0.00655111263
70.95 70.9 71 0.008812894529
71.05 71 71.1 0.0100048193
71.15 71.1 71.2 0.007130973387
71.25 71.2 71.3 0.005238253548
71.35 71.3 71.4 0.007419386006
71.45 71.4 71.5 0.007571904521
71.55 71.5 71.6 0.005871215481
71.65 71.6 71.7 0.005038124693
71.75 71.7 71.8 0.006268073973
71.85 71.8 71.9 0.009530779506
71.95 71.9 72 0.002824791634
72.05 72 72.1 0.005965266841
72.15 72.1 72.2 0.003732084397
72.25 72.2 72.3 0.004700626491
72.35 72.3 72.4 0.006738741423
72.45 72.4 72.5 0.003890892385
72.55 72.5 72.6 0.005646840856
72.65 72.6 72.7 0.003878228575
72.75 72.7 72.8 0.002446560965
72.85 72.8 72.9 0.004691279605
72.95 72.9 73 0.006542400879
73.05 73 73.1 0.005409856173
73.15 73.1 73.2 0.006551155247
73.25 73.2 73.3 0.004112462515
73.35 73.3 73.4 0.005407127513
73.45 73.4 73.5 0.004382512805
73.55 73.5 73.6 0.006461816331
73.65 73.6 73.7 0.004189317883
73.75 73.7 73.8 0.006954274717
73.85 73.8 73.9 0.002653861232
73.95 73.9 74 0.002717149708
74.05 74 74.1 0.005454849384
74.15 74.1 74.2 0.005501988155
74.25 74.2 74.3 0.005625202563
74.35 74.3 74.4 0.003270581941
74.45 74.4 74.5 0.003183173002
74.55 74.5 74.6 0.005377627201
74.65 74.6 74.7 0.003106541298
74.75 74.7 74.8 0.007203420406
74.85 74.8 74.9 0.002579061074
74.95 74.9 75 0.008601821739
75.05 75 75.1 0.004121954514
75.15 75.1 75.2 0.007030639099
75.25 75.2 75.3 0.002672860867
75.35 75.3 75.4 0.005292098913
75.45 75.4 75.5 0.005092350686
75.55 75.5 75.6 0.003512265697
75.65 75.6 75.7 0.001021355483
75.75 75.7 75.8 0.003311858202
75.85 75.8 75.9 0.001890678544
75.95 75.9 76 0.000303874134
76.05 76 76.1 0.003503213134
76.15 76.1 76.2 0.002528343545
76.25 76.2 76.3 0.003221904917
76.35 76.3 76.4 0.004369435784
76.45 76.4 76.5 0.001714659333
76.55 76.5 76.6 0.005266355329
76.65 76.6 76.7 0.002436501091
76.75 76.7 76.8 0.003900557795
76.85 76.8 76.9 0.004560472841
76.95 76.9 77 0.001364580237
77.05 77 77.1 0.005718349539
77.15 77.1 77.2 0.003046763978
77.25 77.2 77.3 0.004394638052
77.35 77.3 77.4 0.0003447455481
77.45 77.4 77.5 0.003211465321
77.55 77.5 77.6 0.004478626028
77.65 77.6 77.7 0.003194234578
77.75 77.7 77.8 0.006322416252
77.85 77.8 77.9 0.002623727026
77.95 77.9 78 0.001186705468
78.05 78 78.1 0.0009800267869
78.15 78.1 78.2 0.008829872075
78.25 78.2 78.3 -0.001175812519
78.35 78.3 78.4 0.001681106215
78.45 78.4 78.5 0.0046007761
78.55 78.5 78.6 0.004869810303
78.65 78.6 78.7 0.002101658632
78.75 78.7 78.8 0.004570901649
78.85 78.8 78.9 0.00578569511
78.95 78.9 79 0.004526025127
79.05 79 79.1 0.005689825031
79.15 79.1 79.2 0.004358005689
79.25 79.2 79.3 0.0007466372066
79.35 79.3 79.4 0.002851605946
79.45 79.4 79.5 -0.001360105551
79.55 79.5 79.6 0.002678761174
79.65 79.6 79.7 0.005528085214
79.75 79.7 79.8 0.001541950332
79.85 79.8 79.9 0.002760857931
79.95 79.9 80 0.0029180755
80.05 80 80.1 0.004079841889
80.15 80.1 80.2 0.002326273391
80.25 80.2 80.3 0.002684169914
80.35 80.3 80.4 0.004547517105
80.45 80.4 80.5 0.003227787594
80.55 80.5 80.6 0.0009663443143
80.65 80.6 80.7 -0.0001362701927
80.75 80.7 80.8 0.0005571533345
80.85 80.8 80.9 0.004247968938
80.95 80.9 81 0.00260806314
81.05 81 81.1 0.003463925969
81.15 81.1 81.2 0.002469511329
81.25 81.2 81.3 0.004911665845
81.35 81.3 81.4 0.001725290963
81.45 81.4 81.5 0.003732581104
81.55 81.5 81.6 0.004086464117
81.65 81.6 81.7 0.00553595901
81.75 81.7 81.8 0.002160810368
81.85 81.8 81.9 0.003872761384
81.95 81.9 82 0.003783927165
82.05 82 82.1 0.002348412564
82.15 82.1 82.2 0.002918428463
82.25 82.2 82.3 0.002949709671
82.35 82.3 82.4 0.005655857758
82.45 82.4 82.5 0.001159805006
82.55 82.5 82.6 0.000534229685
82.65 82.6 82.7 0.001653842472
82.75 82.7 82.8 0.003888557919
82.85 82.8 82.9 0.0009737246696
82.95 82.9 83 -0.0001343622889
83.05 83 83.1 0.003041832534
83.15 83.1 83.2 0.0001362271771
83.25 83.2 83.3 0.002678417139
83.35 83.3 83.4 0.002412173216
83.45 83.4 83.5 0.00185904199
83.55 83.5 83.6 0.0022559816
83.65 83.6 83.7 0.002207133855
83.75 83.7 83.8 0.001826033533
83.85 83.8 83.9 0.0001167287937
83.95 83.9 84 0.004437474754
84.05 84 84.1 0.002507032473
84.15 84.1 84.2 0.004969622252
84.25 84.2 84.3 0.001317493658
84.35 84.3 84.4 0.0009138343382
84.45 84.4 84.5 0.004407607927
84.55 84.5 84.6 0.005595240998
84.65 84.6 84.7 0.002924606415
84.75 84.7 84.8 0.001362880046
84.85 84.8 84.9 0.0003806896112
84.95 84.9 85 0.006045713508
85.05 85 85.1 -0.001205156426
85.15 85.1 85.2 0.003304171403
85.25 85.2 85.3 0.001594532542
85.35 85.3 85.4 0.004343095649
85.45 85.4 85.5 0.003727808821
85.55 85.5 85.6 0.004239854234
85.65 85.6 85.7 0.005349579009
85.75 85.7 85.8 0.004041262639
85.85 85.8 85.9 0.002653563397
85.95 85.9 86 0.002552832607
86.05 86 86.1 0.003337159409
86.15 86.1 86.2 0.002417953175
86.25 86.2 86.3 0.003097926626
86.35 86.3 86.4 0.003416708622
86.45 86.4 86.5 0.005027426366
86.55 86.5 86.6 0.002397066626
86.65 86.6 86.7 0.002481005128
86.75 86.7 86.8 0.004650972742
86.85 86.8 86.9 0.006540679758
86.95 86.9 87 0.004096092248
87.05 87 87.1 0.003661549019
87.15 87.1 87.2 0.006953387681
87.25 87.2 87.3 0.002758284774
87.35 87.3 87.4 0.003546373653
87.45 87.4 87.5 0.001698804061
87.55 87.5 87.6 0.003288184241
87.65 87.6 87.7 0.004132383453
87.75 87.7 87.8 0.002785022445
87.85 87.8 87.9 0.002123320908
87.95 87.9 88 0.003670354964
88.05 88 88.1 0.00213853063
88.15 88.1 88.2 0.003164282263
88.25 88.2 88.3 0.001354125459
88.35 88.3 88.4 0.002608305889
88.45 88.4 88.5 0.005597212209
88.55 88.5 88.6 0.003340389889
88.65 88.6 88.7 0.003588524082
88.75 88.7 88.8 0.003522435745
88.85 88.8 88.9 0.003888333299
88.95 88.9 89 0.005827905703
89.05 89 89.1 0.004808471056
89.15 89.1 89.2 0.005712657941
89.25 89.2 89.3 0.00367425534
89.35 89.3 89.4 0.001402123337
89.45 89.4 89.5 0.002201211548
89.55 89.5 89.6 0.003477866713
89.65 89.6 89.7 0.002031607755
89.75 89.7 89.8 0.003101701915
89.85 89.8 89.9 0.00371708274
89.95 89.9 90 0.002902035133
90.05 90 90.1 0.002051552184
90.15 90.1 90.2 0.004819177934
90.25 90.2 90.3 0.002155651788
90.35 90.3 90.4 0.002023813209
90.45 90.4 90.5 0.004829557905
90.55 90.5 90.6 0.003420384197
90.65 90.6 90.7 0.004389494122
90.75 90.7 90.8 0.003062903489
90.85 90.8 90.9 0.004474301739
90.95 90.9 91 0.001445216711
91.05 91 91.1 0.004616765242
91.15 91.1 91.2 0.001751009104
91.25 91.2 91.3 0.00366661615
91.35 91.3 91.4 0.002320045858
91.45 91.4 91.5 0.002592013315
91.55 91.5 91.6 0.001354728806
91.65 91.6 91.7 0.003025529979
91.75 91.7 91.8 0.003924176999
91.85 91.8 91.9 0.001432687445
91.95 91.9 92 0.004765368277
92.05 92 92.1 0.005260849272
92.15 92.1 92.2 0.005590915811
92.25 92.2 92.3 0.003748003542
92.35 92.3 92.4 0.002864058626
92.45 92.4 92.5 0.005146684484
92.55 92.5 92.6 0.004167066675
92.65 92.6 92.7 0.003216274036
92.75 92.7 92.8 0.003398990203
92.85 92.8 92.9 0.004914032207
92.95 92.9 93 0.003609479776
93.05 93 93.1 0.005304784251
93.15 93.1 93.2 0.004750920234
93.25 93.2 93.3 0.006866165296
93.35 93.3 93.4 0.002305519516
93.45 93.4 93.5 0.005719065084
93.55 93.5 93.6 0.002988481758
93.65 93.6 93.7 0.003814479521
93.75 93.7 93.8 0.00412925654
93.85 93.8 93.9 0.003336771682
93.95 93.9 94 0.005500838604
94.05 94 94.1 0.005032962389
94.15 94.1 94.2 0.003942078714
94.25 94.2 94.3 0.002925523695
94.35 94.3 94.4 0.003632263336
94.45 94.4 94.5 0.002989736498
94.55 94.5 94.6 0.002066301161
94.65 94.6 94.7 0.003754921154
94.75 94.7 94.8 0.002594860282
94.85 94.8 94.9 0.005175386495
94.95 94.9 95 0.004691647946
95.05 95 95.1 0.003852044294
95.15 95.1 95.2 0.007096856986
95.25 95.2 95.3 0.007976777646
95.35 95.3 95.4 0.004359346818
95.45 95.4 95.5 0.003677056032
95.55 95.5 95.6 0.004736510665
95.65 95.6 95.7 0.00386889081
95.75 95.7 95.8 0.004262841684
95.85 95.8 95.9 0.002985549242
95.95 95.9 96 0.002409551933
96.05 96 96.1 0.005648027055
96.15 96.1 96.2 0.00747262475
96.25 96.2 96.3 0.002747561699
96.35 96.3 96.4 0.007278416111
96.45 96.4 96.5 0.003325817651
96.55 96.5 96.6 0.004579956741
96.65 96.6 96.7 0.003245103993
96.75 96.7 96.8 0.00476013305
96.85 96.8 96.9 0.002116741733
96.95 96.9 97 0.005162464719
97.05 97 97.1 0.005589369533
97.15 97.1 97.2 0.005318930217
97.25 97.2 97.3 0.005545837789
97.35 97.3 97.4 0.00606802125
97.45 97.4 97.5 0.005327131901
97.55 97.5 97.6 0.004511407878
97.65 97.6 97.7 0.004879702797
97.75 97.7 97.8 0.00460678527
97.85 97.8 97.9 0.005585039365
97.95 97.9 98 0.006456835943
98.05 98 98.1 0.006203971975
98.15 98.1 98.2 0.002672768839
98.25 98.2 98.3 0.004920153036
98.35 98.3 98.4 0.004087447927
98.45 98.4 98.5 0.005948104129
98.55 98.5 98.6 0.004998181129
98.65 98.6 98.7 0.005904814174
98.75 98.7 98.8 0.002918917794
98.85 98.8 98.9 0.005867734626
98.95 98.9 99 0.006483680324
99.05 99 99.1 0.003827890432
99.15 99.1 99.2 0.005613843435
99.25 99.2 99.3 0.00604979649
99.35 99.3 99.4 0.007338908391
99.45 99.4 99.5 0.004663042759
99.55 99.5 99.6 0.003280556839
99.65 99.6 99.7 0.004115244292
99.75 99.7 99.8 0.004461359537
99.85 99.8 99.9 0.004338513608
99.95 99.9 100 0.008001464827
100.05 100 100.1 0.005020860377
100.15 100.1 100.2 0.005167796916
100.25 100.2 100.3 0.003140939251
100.35 100.3 100.4 0.004411798486
100.45 100.4 100.5 0.005410740666
100.55 100.5 100.6 0.005030030539
100.65 100.6 100.7 0.006254189287
100.75 100.7 100.8 0.003836542769
100.85 100.8 100.9 0.005324381499
100.95 100.9 101 0.006749721592
101.05 101 101.1 0.004153474755
101.15 101.1 101.2 0.004380947241
101.25 101.2 101.3 0.004552573707
101.35 101.3 101.4 0.006322483052
101.45 101.4 101.5 0.006213972618
101.55 101.5 101.6 0.004103985543
101.65 101.6 101.7 0.00457611992
101.75 101.7 101.8 0.004399235814
101.85 101.8 101.9 0.005780661254
101.95 101.9 102 0.005382082993
102.05 102 102.1 0.00531728579
102.15 102.1 102.2 0.003597723774
102.25 102.2 102.3 0.005543980089
102.35 102.3 102.4 0.005445696141
102.45 102.4 102.5 0.004028102668
102.55 102.5 102.6 0.005715576653
102.65 102.6 102.7 0.005472561323
102.75 102.7 102.8 0.003318276222
102.85 102.8 102.9 0.001111907572
102.95 102.9 103 0.003776299133
103.05 103 103.1 0.004905733933
103.15 103.1 103.2 0.002649244362
103.25 103.2 103.3 0.003206577359
103.35 103.3 103.4 0.002505216104
103.45 103.4 103.5 0.004546286574
103.55 103.5 103.6 0.004424999773
103.65 103.6 103.7 0.0051255494
103.75 103.7 103.8 0.005003543569
103.85 103.8 103.9 0.005041481748
103.95 103.9 104 0.003799161781
104.05 104 104.1 0.004271348003
104.15 104.1 104.2 0.001371229978
104.25 104.2 104.3 0.006790329432
104.35 104.3 104.4 0.004147336379
104.45 104.4 104.5 0.004098601586
104.55 104.5 104.6 0.003862878601
104.65 104.6 104.7 0.006856737527
104.75 104.7 104.8 0.004602541946
104.85 104.8 104.9 0.005511998137
104.95 104.9 105 0.004641743794
105.05 105 105.1 0.003538886663
105.15 105.1 105.2 0.004001599533
105.25 105.2 105.3 0.001650150226
105.35 105.3 105.4 0.005116175798
105.45 105.4 105.5 0.003557212331
105.55 105.5 105.6 0.003951195501
105.65 105.6 105.7 0.002872896985
105.75 105.7 105.8 0.004701478016
105.85 105.8 105.9 0.002632774685
105.95 105.9 106 0.004206004201
106.05 106 106.1 0.003792806048
106.15 106.1 106.2 0.00535837778
106.25 106.2 106.3 0.004378927084
106.35 106.3 106.4 0.005208322657
106.45 106.4 106.5 0.004043328976
106.55 106.5 106.6 0.005526670094
106.65 106.6 106.7 0.004403662376
106.75 106.7 106.8 0.004714490836
106.85 106.8 106.9 0.004524068143
106.95 106.9 107 0.004962407249
107.05 107 107.1 0.003564581405
107.15 107.1 107.2 0.003255386519
107.25 107.2 107.3 0.003964988784
107.35 107.3 107.4 0.005078851709
107.45 107.4 107.5 0.005012127325
107.55 107.5 107.6 0.001520638928
107.65 107.6 107.7 0.003742654486
107.75 107.7 107.8 0.003904493338
107.85 107.8 107.9 0.004946921713
107.95 107.9 108 0.003623147833
108.05 108 108.1 0.003284815672
108.15 108.1 108.2 0.004248919346
108.25 108.2 108.3 0.003387889496
108.35 108.3 108.4 0.004525310171
108.45 108.4 108.5 0.004757538732
108.55 108.5 108.6 0.005926562998
108.65 108.6 108.7 0.006492281642
108.75 108.7 108.8 0.002976562391
108.85 108.8 108.9 0.005939779576
108.95 108.9 109 0.003015970805
109.05 109 109.1 0.005366491719
109.15 109.1 109.2 0.005160601808
109.25 109.2 109.3 0.006083917968
109.35 109.3 109.4 0.005529573911
109.45 109.4 109.5 0.00442730287
109.55 109.5 109.6 0.005169971029
109.65 109.6 109.7 0.004586977577
109.75 109.7 109.8 0.0005340534265
109.85 109.8 109.9 0.006659594926
109.95 109.9 110 0.005520128313
110.05 110 110.1 0.001543757747
110.15 110.1 110.2 0.001742308952
110.25 110.2 110.3 0.002502130013
110.35 110.3 110.4 0.00515716605
110.45 110.4 110.5 0.00338724328
110.55 110.5 110.6 0.001260922853
110.65 110.6 110.7 0.005112917223
110.75 110.7 110.8 0.002474622033
110.85 110.8 110.9 0.004977272041
110.95 110.9 111 0.00521202201
111.05 111 111.1 0.004515529468
111.15 111.1 111.2 0.0004467604819
111.25 111.2 111.3 0.003773855394
111.35 111.3 111.4 0.003815894159
111.45 111.4 111.5 0.003572967518
111.55 111.5 111.6 0.004175713911
111.65 111.6 111.7 0.002762020714
111.75 111.7 111.8 0.003200528308
111.85 111.8 111.9 0.00443668009
111.95 111.9 112 0.003479660396
112.05 112 112.1 0.002666666474
112.15 112.1 112.2 0.002276043768
112.25 112.2 112.3 0.0025137389
112.35 112.3 112.4 0.004126202978
112.45 112.4 112.5 0.0006174208692
112.55 112.5 112.6 0.004279784053
112.65 112.6 112.7 0.002355112742
112.75 112.7 112.8 0.002899396986
112.85 112.8 112.9 0.002292082305
112.95 112.9 113 -0.0005154812773
113.05 113 113.1 0.001751103429
113.15 113.1 113.2 0.002049300894
113.25 113.2 113.3 0.002128192943
113.35 113.3 113.4 0.004903281155
113.45 113.4 113.5 0.002316513114
113.55 113.5 113.6 0.003146975663
113.65 113.6 113.7 0.002684976075
113.75 113.7 113.8 0.001799182431
113.85 113.8 113.9 0.001380258712
113.95 113.9 114 0.004769299513
114.05 114 114.1 0.0034820953
114.15 114.1 114.2 0.003994785161
114.25 114.2 114.3 0.0005654479752
114.35 114.3 114.4 0.002120406528
114.45 114.4 114.5 0.002482229761
114.55 114.5 114.6 0.0007901808491
114.65 114.6 114.7 0.001046248236
114.75 114.7 114.8 0.002165655785
114.85 114.8 114.9 0.001845208104
114.95 114.9 115 0.002513366559
115.05 115 115.1 0.002790709217
115.15 115.1 115.2 0.000981574328
115.25 115.2 115.3 0.00216068477
115.35 115.3 115.4 0.001605495859
115.45 115.4 115.5 0.001149316146
115.55 115.5 115.6 0.003357266957
115.65 115.6 115.7 0.002350732735
115.75 115.7 115.8 -0.0004720029791
115.85 115.8 115.9 0.002184444967
115.95 115.9 116 0.002719232546
116.05 116 116.1 0.001450047558
116.15 116.1 116.2 0.001556037717
116.25 116.2 116.3 0.000834598168
116.35 116.3 116.4 0.002203545161
116.45 116.4 116.5 0.002372119234
116.55 116.5 116.6 0.0001981215859
116.65 116.6 116.7 0.001823392753
116.75 116.7 116.8 0.002279656919
116.85 116.8 116.9 -0.0001160186763
116.95 116.9 117 0.002852996158
117.05 117 117.1 0.001405171113
117.15 117.1 117.2 0.001878710772
117.25 117.2 117.3 0.002385708039
117.35 117.3 117.4 0.003050205403
117.45 117.4 117.5 0.002763392412
117.55 117.5 117.6 0.003515333733
117.65 117.6 117.7 0.004282264131
117.75 117.7 117.8 0.0006655947319
117.85 117.8 117.9 0.002424281203
117.95 117.9 118 0.003141970603
118.05 118 118.1 0.001564043752
118.15 118.1 118.2 -6.886047152e-05
118.25 118.2 118.3 0.001620182872
118.35 118.3 118.4 0.00349123958
118.45 118.4 118.5 0.001480093724
118.55 118.5 118.6 0.0009366414537
118.65 118.6 118.7 0.002900683175
118.75 118.7 118.8 0.002529630967
118.85 118.8 118.9 0.0002839252251
118.95 118.9 119 0.0002407285945
119.05 119 119.1 0.0016311032
119.15 119.1 119.2 0.0007698673306
119.25 119.2 119.3 0.0006598180105
119.35 119.3 119.4 0.0005329132103
119.45 119.4 119.5 0.001026374927
119.55 119.5 119.6 0.001393959609
119.65 119.6 119.7 0.001169013407
119.75 119.7 119.8 0.0008549694833
119.85 119.8 119.9 0.001779094476
119.95 119.9 120 0.0001505462362
120.05 120 120.1 -0.00032132433
120.15 120.1 120.2 0.001667276011
120.25 120.2 120.3 -4.333079243e-05
120.35 120.3 120.4 -0.001176604793
120.45 120.4 120.5 0.0002670995996
120.55 120.5 120.6 0.001923426765
120.65 120.6 120.7 0.001708944796
120.75 120.7 120.8 -2.648358751e-05
120.85 120.8 120.9 0.0001092514165
120.95 120.9 121 0.001315388077
121.05 121 121.1 -0.002183175772
121.15 121.1 121.2 0.001476208777
121.25 121.2 121.3 0.0008279802558
121.35 121.3 121.4 -0.0007400342781
121.45 121.4 121.5 0.001194621241
121.55 121.5 121.6 0.001868539352
121.65 121.6 121.7 0.0007934988288
121.75 121.7 121.8 -0.000306313832
121.85 121.8 121.9 8.998018105e-05
121.95 121.9 122 0.00255249904
122.05 122 122.1 0.0002998739212
122.15 122.1 122.2 0.0002214352154
122.25 122.2 122.3 -0.0007951443837
122.35 122.3 122.4 0.002640916659
122.45 122.4 122.5 0.001571859365
122.55 122.5 122.6 0.001144609771
122.65 122.6 122.7 0.0007462813525
122.75 122.7 122.8 0.0003422204329
122.85 122.8 122.9 -0.0007921502795
122.95 122.9 123 -0.0005429449869
123.05 123 123.1 0.0002399988826
123.15 123.1 123.2 -0.0001442705725
123.25 123.2 123.3 -0.0009893905444
123.35 123.3 123.4 0.001344489495
123.45 123.4 123.5 -0.0002727931717
123.55 123.5 123.6 0.000116482481
123.65 123.6 123.7 -0.0004764444161
123.75 123.7 123.8 -0.002617150191
123.85 123.8 123.9 -0.0002095049949
123.95 123.9 124 -0.0008825211079
124.05 124 124.1 -6.458348137e-05
124.15 124.1 124.2 -0.0001845506324
124.25 124.2 124.3 0.003144479289
124.35 124.3 124.4 0.0006633197098
124.45 124.4 124.5 0.0007489681854
124.55 124.5 124.6 0.002238063185
124.65 124.6 124.7 0.0001918457409
124.75 124.7 124.8 -0.0001683205706
124.85 124.8 124.9 -0.00109754735
124.95 124.9 125 0.0005594858342
125.05 125 125.1 -0.0005560845829
125.15 125.1 125.2 0.001124048557
125.25 125.2 125.3 0.001502343035
125.35 125.3 125.4 0.00304271471
125.45 125.4 125.5 0.0001529987465
125.55 125.5 125.6 0.001185980343
125.65 125.6 125.7 -0.0007592473049
125.75 125.7 125.8 0.0009379276176
125.85 125.8 125.9 0.0007703780324
125.95 125.9 126 0.0014254348
126.05 126 126.1 0.0001618784131
126.15 126.1 126.2 0.001283280422
126.25 126.2 126.3 0.001972324054
126.35 126.3 126.4 0.0008392709107
126.45 126.4 126.5 -0.0004813547591
126.55 126.5 126.6 0.0005579771677
126.65 126.6 126.7 -0.0001970858433
126.75 126.7 126.8 -0.002239153343
126.85 126.8 126.9 -0.002085840855
126.95 126.9 127 0.0007920476424
127.05 127 127.1 -0.0001390065622
127.15 127.1 127.2 -0.001658845543
127.25 127.2 127.3 -0.0005895160034
127.35 127.3 127.4 0.0005840568547
127.45 127.4 127.5 -0.0006945284099
127.55 127.5 127.6 3.930784078e-05
127.65 127.6 127.7 -0.0007556872755
127.75 127.7 127.8 0.0004299927874
127.85 127.8 127.9 -0.001276837229
127.95 127.9 128 -0.0006061393194
128.05 128 128.1 -0.0005954489255
128.15 128.1 128.2 -0.001684647714
128.25 128.2 128.3 0.0006158232236
128.35 128.3 128.4 -0.0001689494151
128.45 128.4 128.5 -0.0004656933619
128.55 128.5 128.6 0.000462431239
128.65 128.6 128.7 -0.0005697019823
128.75 128.7 128.8 -0.001766620459
128.85 128.8 128.9 -0.001931554695
128.95 128.9 129 0.0008420353629
129.05 129 129.1 -0.0005427143367
129.15 129.1 129.2 -0.0003644657116
129.25 129.2 129.3 0.0008135278383
129.35 129.3 129.4 -0.001781226177
129.45 129.4 129.5 -0.00150047934
129.55 129.5 129.6 -0.0008286357524
129.65 129.6 129.7 0.001075590996
129.75 129.7 129.8 0.001070974985
129.85 129.8 129.9 4.628381482e-05
129.95 129.9 130 -0.0006939763632
130.05 130 130.1 -0.003242146396
130.15 130.1 130.2 -0.001262451913
130.25 130.2 130.3 -0.0004720725248
130.35 130.3 130.4 -0.002177417104
130.45 130.4 130.5 -0.001046580063
130.55 130.5 130.6 -0.002873171096
130.65 130.6 130.7 -0.0007888451979
130.75 130.7 130.8 -0.000193902957
130.85 130.8 130.9 0.001548724432
130.95 130.9 131 -0.001285720118
131.05 131 131.1 -0.001351590919
131.15 131.1 131.2 -0.00163226088
131.25 131.2 131.3 -0.000969405097
131.35 131.3 131.4 -0.0002855797817
131.45 131.4 131.5 -0.000787062553
131.55 131.5 131.6 -0.001015060563
131.65 131.6 131.7 -0.001058390278
131.75 131.7 131.8 -0.0005418088405
131.85 131.8 131.9 -0.0002272669302
131.95 131.9 132 0.001001903852
132.05 132 132.1 -0.0007811661736
132.15 132.1 132.2 -0.0005800831635
132.25 132.2 132.3 -0.002169637776
132.35 132.3 132.4 -0.001303625678
132.45 132.4 132.5 4.201274026e-06
132.55 132.5 132.6 -0.002473039744
132.65 132.6 132.7 -9.078189248e-06
132.75 132.7 132.8 -0.0009502416787
132.85 132.8 132.9 -0.001145973656
132.95 132.9 133 -0.001385014736
133.05 133 133.1 -2.2966104e-05
133.15 133.1 133.2 -0.0004790527891
133.25 133.2 133.3 -0.003600752143
133.35 133.3 133.4 -0.0002444782411
133.45 133.4 133.5 0.0004532412973
133.55 133.5 133.6 -0.0007001792293
133.65 133.6 133.7 -0.002384512647
133.75 133.7 133.8 -0.0005924233955
133.85 133.8 133.9 -0.001530407528
133.95 133.9 134 -0.001921596577
134.05 134 134.1 0.0008145470065
134.15 134.1 134.2 0.0004395524396
134.25 134.2 134.3 0.0005133518928
134.35 134.3 134.4 -0.002068652009
134.45 134.4 134.5 -9.490199665e-06
134.55 134.5 134.6 -0.001223581255
134.65 134.6 134.7 -0.001724773369
134.75 134.7 134.8 -0.001267692741
134.85 134.8 134.9 -0.001138271833
134.95 134.9 135 -0.0003714793727
135.05 135 135.1 -0.003027221143
135.15 135.1 135.2 -0.0002764068481
135.25 135.2 135.3 -0.0005255410492
135.35 135.3 135.4 -0.001899201875
135.45 135.4 135.5 -0.0002513501005
135.55 135.5 135.6 -0.0003117232498
135.65 135.6 135.7 -0.001878828741
135.75 135.7 135.8 -0.001225654961
135.85 135.8 135.9 -0.003495978862
135.95 135.9 136 -0.001744790404
136.05 136 136.1 9.297132861e-05
136.15 136.1 136.2 -0.002401559513
136.25 136.2 136.3 -0.0006380807144
136.35 136.3 136.4 -0.001957715123
136.45 136.4 136.5 -0.002921110884
136.55 136.5 136.6 0.0008738446617
136.65 136.6 136.7 -0.002317711999
136.75 136.7 136.8 0.0005408117278
136.85 136.8 136.9 0.0002316179317
136.95 136.9 137 -0.0006997570912
137.05 137 137.1 0.0006357587328
137.15 137.1 137.2 0.0008424773044
137.25 137.2 137.3 -0.001054109115
137.35 137.3 137.4 -0.0001080855195
137.45 137.4 137.5 -0.002634852777
137.55 137.5 137.6 -0.001600473513
137.65 137.6 137.7 -0.001578449203
137.75 137.7 137.8 -0.0008616552335
137.85 137.8 137.9 -0.001104494955
137.95 137.9 138 9.045826938e-05
138.05 138 138.1 -0.0001133140591
138.15 138.1 138.2 -0.0005923735541
138.25 138.2 138.3 -0.003458653529
138.35 138.3 138.4 -0.002312229775
138.45 138.4 138.5 0.001492897362
138.55 138.5 138.6 -0.001181388563
138.65 138.6 138.7 -0.002109863003
138.75 138.7 138.8 -0.002192681183
138.85 138.8 138.9 -0.0009777203035
138.95 138.9 139 -0.002607206328
139.05 139 139.1 -0.001322512768
139.15 139.1 139.2 -0.0001556865377
139.25 139.2 139.3 -0.001492477724
139.35 139.3 139.4 -0.002010994118
139.45 139.4 139.5 -0.001577603853
139.55 139.5 139.6 -0.002576510326
139.65 139.6 139.7 0.0002411871916
139.75 139.7 139.8 0.0005420015742
139.85 139.8 139.9 0.0005944478472
139.95 139.9 140 -0.0004637601064
140.05 140 140.1 0.001193998006
140.15 140.1 140.2 -5.262618996e-05
140.25 140.2 140.3 -0.0005515124958
140.35 140.3 140.4 -0.0004640669951
140.45 140.4 140.5 -0.0005427475915
140.55 140.5 140.6 -0.002170956319
140.65 140.6 140.7 -0.0003084987226
140.75 140.7 140.8 -0.0003264717208
140.85 140.8 140.9 -0.001713327431
140.95 140.9 141 4.048273604e-05
141.05 141 141.1 5.874069244e-05
141.15 141.1 141.2 -0.001119808329
141.25 141.2 141.3 0.00043052933
141.35 141.3 141.4 -0.001347035544
141.45 141.4 141.5 0.0002800310101
141.55 141.5 141.6 -0.0002281309129
141.65 141.6 141.7 -0.0008397214796
141.75 141.7 141.8 -0.0008024067234
141.85 141.8 141.9 0.0003634840217
141.95 141.9 142 -0.001599217286
142.05 142 142.1 -0.001995369479
142.15 142.1 142.2 0.0004664591604
142.25 142.2 142.3 -0.0004244873433
142.35 142.3 142.4 -0.0009727701825
142.45 142.4 142.5 -0.0002488059984
142.55 142.5 142.6 0.001959086001
142.65 142.6 142.7 0.0001563934424
142.75 142.7 142.8 0.0006661169201
142.85 142.8 142.9 -0.001869885666
142.95 142.9 143 -0.0001677709658
143.05 143 143.1 -0.0009756954009
143.15 143.1 143.2 -0.001138810309
143.25 143.2 143.3 0.001779894857
143.35 143.3 143.4 -0.001501140067
143.45 143.4 143.5 -0.001539073936
143.55 143.5 143.6 9.228788441e-05
143.65 143.6 143.7 0.0007524033083
143.75 143.7 143.8 -0.001380361391
143.85 143.8 143.9 -0.001238363948
143.95 143.9 144 -0.001383336908
144.05 144 144.1 -0.002861799272
144.15 144.1 144.2 -0.00116946017
144.25 144.2 144.3 -0.001626152258
144.35 144.3 144.4 -0.0001495414549
144.45 144.4 144.5 -0.00144224494
144.55 144.5 144.6 -0.002045540245
144.65 144.6 144.7 -0.0003402648529
144.75 144.7 144.8 -0.0007254508851
144.85 144.8 144.9 -0.0006373967061
144.95 144.9 145 -0.0007251531051
145.05 145 145.1 -0.001749088865
145.15 145.1 145.2 -0.0007621183321
145.25 145.2 145.3 -0.001426090532
145.35 145.3 145.4 -0.001310891408
145.45 145.4 145.5 -0.0007642370209
145.55 145.5 145.6 -0.001425323042
145.65 145.6 145.7 -0.0006808236706
145.75 145.7 145.8 0.001878538358
145.85 145.8 145.9 0.001420963344
145.95 145.9 146 -0.0007558194829
146.05 146 146.1 -0.001515642045
146.15 146.1 146.2 0.0008682013609
146.25 146.2 146.3 -5.449025578e-05
146.35 146.3 146.4 -0.0002198294357
146.45 146.4 146.5 0.0004357214676
146.55 146.5 146.6 -0.001276011149
146.65 146.6 146.7 -0.001406161532
146.75 146.7 146.8 -0.0001999241176
146.85 146.8 146.9 -0.002239217506
146.95 146.9 147 -0.0009783319726
147.05 147 147.1 -9.470792862e-05
147.15 147.1 147.2 -0.001017963753
147.25 147.2 147.3 -0.0002522244833
147.35 147.3 147.4 0.001160408485
147.45 147.4 147.5 0.001453233427
147.55 147.5 147.6 -0.0002260890043
147.65 147.6 147.7 4.769595057e-05
147.75 147.7 147.8 -0.001672754883
147.85 147.8 147.9 0.0001688684111
147.95 147.9 148 -0.001885158413
148.05 148 148.1 0.0003150150544
148.15 148.1 148.2 -0.001625448582
148.25 148.2 148.3 0.001811355948
148.35 148.3 148.4 -0.0007585894312
148.45 148.4 148.5 -0.00171287093
148.55 148.5 148.6 -0.0007073621765
148.65 148.6 148.7 -0.00035292888
148.75 148.7 148.8 -0.0006737777346
148.85 148.8 148.9 3.734939001e-05
148.95 148.9 149 -0.00179943847
149.05 149 149.1 -0.0003002476864
149.15 149.1 149.2 5.487358926e-05
149.25 149.2 149.3 0.0009268415764
149.35 149.3 149.4 -0.001033648508
149.45 149.4 149.5 -0.002139261322
149.55 149.5 149.6 -0.0003632526806
149.65 149.6 149.7 -0.0001810593521
149.75 149.7 149.8 -0.001449991201
149.85 149.8 149.9 -0.0004444364593
149.95 149.9 150 0.0003214176551
150.05 150 150.1 -0.001569995065
150.15 150.1 150.2 -0.002227963792
150.25 150.2 150.3 -0.002268844661
150.35 150.3 150.4 -5.187203863e-06
150.45 150.4 150.5 -0.001504305698
150.55 150.5 150.6 0.002359619095
150.65 150.6 150.7 0.0001533286949
150.75 150.7 150.8 4.306173051e-05
150.85 150.8 150.9 -0.001346837647
150.95 150.9 151 0.0005738082354
151.05 151 151.1 -0.0007983028383
151.15 151.1 151.2 -0.0008554166806
151.25 151.2 151.3 -0.001690495354
151.35 151.3 151.4 0.0005957911228
151.45 151.4 151.5 4.670779694e-05
151.55 151.5 151.6 -0.0006864751156
151.65 151.6 151.7 0.001646835123
151.75 151.7 151.8 -4.302342362e-05
151.85 151.8 151.9 -0.001088733648
151.95 151.9 152 0.0003319430749
152.05 152 152.1 -0.0001849179315
152.15 152.1 152.2 0.001083031146
152.25 152.2 152.3 0.0002338752966
152.35 152.3 152.4 -0.001273368264
152.45 152.4 152.5 4.607106728e-05
152.55 152.5 152.6 -3.894575864e-05
152.65 152.6 152.7 -0.0002010236682
152.75 152.7 152.8 -0.0003093585009
152.85 152.8 152.9 0.0006657516967
152.95 152.9 153 -0.0007625105919
153.05 153 153.1 -0.0007919934088
153.15 153.1 153.2 0.0005583803927
153.25 153.2 153.3 2.457773098e-05
153.35 153.3 153.4 -0.0009169721961
153.45 153.4 153.5 0.0005514120617
153.55 153.5 153.6 -0.001344293655
153.65 153.6 153.7 -0.001609946582
153.75 153.7 153.8 -0.002000953048
153.85 153.8 153.9 -0.002255563857
153.95 153.9 154 -0.001630420016
154.05 154 154.1 0.0005082543817
154.15 154.1 154.2 0.0006837072759
154.25 154.2 154.3 -3.843151978e-05
154.35 154.3 154.4 -0.001898670244
154.45 154.4 154.5 -0.0001878080321
154.55 154.5 154.6 8.010166339e-05
154.65 154.6 154.7 -0.001018041965
154.75 154.7 154.8 -0.001411361498
154.85 154.8 154.9 -0.0004389377225
154.95 154.9 155 -0.0009851929499
155.05 155 155.1 -0.002275368739
155.15 155.1 155.2 -0.0002832921223
155.25 155.2 155.3 -0.00109699054
155.35 155.3 155.4 -0.0005833190523
155.45 155.4 155.5 0.0003988577241
155.55 155.5 155.6 -0.0009193175796
155.65 155.6 155.7 -0.001363689482
155.75 155.7 155.8 -0.000410428554
155.85 155.8 155.9 -0.001514883362
155.95 155.9 156 -0.001000956157
156.05 156 156.1 -0.0002162548085
156.15 156.1 156.2 -0.001208140868
156.25 156.2 156.3 0.001028800735
156.35 156.3 156.4 -0.0007805533122
156.45 156.4 156.5 -0.0002301135417
156.55 156.5 156.6 -0.001011065596
156.65 156.6 156.7 0.000356225785
156.75 156.7 156.8 -3.60124319e-05
156.85 156.8 156.9 -0.001332926584
156.95 156.9 157 -0.001530766799
157.05 157 157.1 0.0008341319807
157.15 157.1 157.2 -0.000124939134
157.25 157.2 157.3 -0.002078790077
157.35 157.3 157.4 -0.001995837315
157.45 157.4 157.5 -0.000600322613
157.55 157.5 157.6 -0.0002464613158
157.65 157.6 157.7 0.0006747605402
157.75 157.7 157.8 -0.001486709712
157.85 157.8 157.9 -0.000497871415
157.95 157.9 158 -0.001153619306
158.05 158 158.1 -0.0003454570859
158.15 158.1 158.2 -0.002492925993
158.25 158.2 158.3 -0.002666974125
158.35 158.3 158.4 0.0002640034555
158.45 158.4 158.5 -0.001319150815
158.55 158.5 158.6 -0.002159424721
158.65 158.6 158.7 -0.0004809859601
158.75 158.7 158.8 -9.710410907e-05
158.85 158.8 158.9 0.0003700128107
158.95 158.9 159 -0.001582142137
159.05 159 159.1 -0.0006905149134
159.15 159.1 159.2 -0.0003650293493
159.25 159.2 159.3 -0.0003203107341
159.35 159.3 159.4 -0.001067360457
159.45 159.4 159.5 -0.001939455185
159.55 159.5 159.6 -0.0005035914794
159.65 159.6 159.7 -0.002189107732
159.75 159.7 159.8 -0.0003107472172
159.85 159.8 159.9 0.0001007327492
159.95 159.9 160 -0.0008780316784
160.05 160 160.1 -0.0005450607721
160.15 160.1 160.2 7.612230803e-05
160.25 160.2 160.3 0.0002177914711
160.35 160.3 160.4 -0.0004497483582
160.45 160.4 160.5 -0.001741990085
160.55 160.5 160.6 -0.001831177725
160.65 160.6 160.7 -0.001762085342
160.75 160.7 160.8 -5.836614232e-05
160.85 160.8 160.9 -0.001023563332
160.95 160.9 161 -0.0002831910368
161.05 161 161.1 -0.0006534388074
161.15 161.1 161.2 -0.002153598625
161.25 161.2 161.3 -0.0005928886161
161.35 161.3 161.4 -0.0007193774668
161.45 161.4 161.5 -0.000753476112
161.55 161.5 161.6 0.0001083540202
161.65 161.6 161.7 -0.00260421686
161.75 161.7 161.8 -0.00124174827
161.85 161.8 161.9 -0.001191277274
161.95 161.9 162 -0.002447784838
162.05 162 162.1 -0.0008139812978
162.15 162.1 162.2 -0.001275445874
162.25 162.2 162.3 -0.001687243298
162.35 162.3 162.4 -0.0008028256293
162.45 162.4 162.5 -0.001589163502
162.55 162.5 162.6 -0.0001880591934
162.65 162.6 162.7 -0.001897792238
162.75 162.7 162.8 -9.326242522e-05
162.85 162.8 162.9 -0.001639627599
162.95 162.9 163 -0.0002171163219
163.05 163 163.1 -0.001286547986
163.15 163.1 163.2 -0.001627332997
163.25 163.2 163.3 -0.000406127375
163.35 163.3 163.4 -0.002539300355
163.45 163.4 163.5 -0.002916027141
163.55 163.5 163.6 -0.0006318074022
163.65 163.6 163.7 -0.0002804843896
163.75 163.7 163.8 -0.002544223128
163.85 163.8 163.9 -0.001227489991
163.95 163.9 164 0.0008119283555
164.05 164 164.1 -4.295092315e-06
164.15 164.1 164.2 -0.0003703545982
164.25 164.2 164.3 -0.000687416417
164.35 164.3 164.4 -0.000739096495
164.45 164.4 164.5 -0.00245310005
164.55 164.5 164.6 -0.000603869441
164.65 164.6 164.7 -0.0004915501969
164.75 164.7 164.8 9.5058445e-06
164.85 164.8 164.9 0.0004206154211
164.95 164.9 165 -0.001668493361
165.05 165 165.1 -0.0006715826688
165.15 165.1 165.2 -0.001393055601
165.25 165.2 165.3 -0.001055438926
165.35 165.3 165.4 -0.001135603357
165.45 165.4 165.5 0.0007983061989
165.55 165.5 165.6 -0.001067979784
165.65 165.6 165.7 -0.001335992488
165.75 165.7 165.8 -0.000747025359
165.85 165.8 165.9 -0.0007748596311
165.95 165.9 166 -0.001582591896
166.05 166 166.1 0.0009382334818
166.15 166.1 166.2 -0.0005645655095
166.25 166.2 166.3 2.460236806e-05
166.35 166.3 166.4 0.0003917188528
166.45 166.4 166.5 0.0006999586636
166.55 166.5 166.6 0.0003083379138
166.65 166.6 166.7 -0.0007792215194
166.75 166.7 166.8 -0.001627448484
166.85 166.8 166.9 -0.001656821945
166.95 166.9 167 -0.0004157992665
167.05 167 167.1 -0.001268205697
167.15 167.1 167.2 0.0001682038133
167.25 167.2 167.3 0.0003619110847
167.35 167.3 167.4 -2.518683112e-05
167.45 167.4 167.5 -0.0005871300303
167.55 167.5 167.6 0.0007656018437
167.65 167.6 167.7 0.0007423607122
167.75 167.7 167.8 -0.00018876632
167.85 167.8 167.9 -0.0003751699598
167.95 167.9 168 0.0003117345565
168.05 168 168.1 -0.0003534474822
168.15 168.1 168.2 -0.001039575586
168.25 168.2 168.3 0.0001468746505
168.35 168.3 168.4 -0.0003180698056
168.45 168.4 168.5 0.0008631539544
168.55 168.5 168.6 0.0009654275212
168.65 168.6 168.7 -0.002136156996
168.75 168.7 168.8 0.0001137027405
168.85 168.8 168.9 -0.0005282402828
168.95 168.9 169 -0.0006791471039
169.05 169 169.1 0.0006856488279
169.15 169.1 169.2 0.0007999824862
169.25 169.2 169.3 -0.0008392953399
169.35 169.3 169.4 -0.0004111033886
169.45 169.4 169.5 -0.0004571352059
169.55 169.5 169.6 -0.000582143417
169.65 169.6 169.7 0.0002257483276
169.75 169.7 169.8 -0.001981714183
169.85 169.8 169.9 -0.0009329491651
169.95 169.9 170 -0.001208650847
170.05 170 170.1 -0.0006078913093
170.15 170.1 170.2 -0.0001683350907
170.25 170.2 170.3 -0.001892036124
170.35 170.3 170.4 0.0005058638622
170.45 170.4 170.5 -0.001866825214
170.55 170.5 170.6 -0.001002680728
170.65 170.6 170.7 -0.0009064056006
170.75 170.7 170.8 0.0007665695511
170.85 170.8 170.9 -0.0006628400584
170.95 170.9 171 0.0004118861219
171.05 171 171.1 0.0007977828351
171.15 171.1 171.2 -0.000543012909
171.25 171.2 171.3 0.0001507192867
171.35 171.3 171.4 -0.001284823721
171.45 171.4 171.5 -0.001480421623
171.55 171.5 171.6 2.607905233e-05
171.65 171.6 171.7 0.0005588477023
171.75 171.7 171.8 -0.0005168667308
171.85 171.8 171.9 -0.0002409917775
171.95 171.9 172 -0.001018690875
172.05 172 172.1 -0.0001603640211
172.15 172.1 172.2 -0.0009216104439
172.25 172.2 172.3 -0.0003613175945
172.35 172.3 172.4 -0.0007159916377
172.45 172.4 172.5 -0.0009669788072
172.55 172.5 172.6 -0.0006043895437
172.65 172.6 172.7 -0.0002848870187
172.75 172.7 172.8 0.0002272282446
172.85 172.8 172.9 -0.0006365714598
172.95 172.9 173 0.0007006121954
173.05 173 173.1 -0.000831935701
173.15 173.1 173.2 -0.0008095170899
173.25 173.2 173.3 0.0002432309827
173.35 173.3 173.4 -9.42066782e-05
173.45 173.4 173.5 0.0006543228777
173.55 173.5 173.6 -0.0008541627488
173.65 173.6 173.7 -0.001044248705
173.75 173.7 173.8 -0.000806132248
173.85 173.8 173.9 -0.0007474946145
173.95 173.9 174 -0.0007888015378
174.05 174 174.1 0.0001974941706
174.15 174.1 174.2 -0.00126064611
174.25 174.2 174.3 -0.0007976993551
174.35 174.3 174.4 -0.0003441837642
174.45 174.4 174.5 -0.0003141813171
174.55 174.5 174.6 -0.001182874085
174.65 174.6 174.7 -0.0007820403976
174.75 174.7 174.8 0.0009789597433
174.85 174.8 174.9 0.0002686274886
174.95 174.9 175 -0.0002520143435
175.05 175 175.1 -0.001463186944
175.15 175.1 175.2 0.0006633341166
175.25 175.2 175.3 0.0002602922258
175.35 175.3 175.4 -0.0008194396887
175.45 175.4 175.5 -0.001500560098
175.55 175.5 175.6 0.0003973126683
175.65 175.6 175.7 -0.001736982993
175.75 175.7 175.8 4.993327136e-06
175.85 175.8 175.9 -0.002293876955
175.95 175.9 176 -0.0009294885113
176.05 176 176.1 -0.001594760745
176.15 176.1 176.2 -0.0006089164129
176.25 176.2 176.3 -0.0007878937453
176.35 176.3 176.4 0.0003385655299
176.45 176.4 176.5 0.001223585787
176.55 176.5 176.6 -0.002447714123
176.65 176.6 176.7 8.330053419e-06
176.75 176.7 176.8 0.0003651008868
176.85 176.8 176.9 -0.001602712786
176.95 176.9 177 -0.001500543354
177.05 177 177.1 -0.0001565946497
177.15 177.1 177.2 -0.0006484675077
177.25 177.2 177.3 -0.0004794056896
177.35 177.3 177.4 0.001363036344
177.45 177.4 177.5 -0.0008946673176
177.55 177.5 177.6 -0.0001608259597
177.65 177.6 177.7 -0.001159555396
177.75 177.7 177.8 -0.0004168400936
177.85 177.8 177.9 0.001414148512
177.95 177.9 178 -0.0001398275074
178.05 178 178.1 -0.00252642207
178.15 178.1 178.2 0.0007285323794
178.25 178.2 178.3 -6.01722547e-05
178.35 178.3 178.4 -0.0007065297221
178.45 178.4 178.5 -0.000410659085
178.55 178.5 178.6 -0.001444795156
178.65 178.6 178.7 -0.001084023129
178.75 178.7 178.8 -0.0006535177243
178.85 178.8 178.9 -0.0009119234942
178.95 178.9 179 -0.00042925027
179.05 179 179.1 -0.0008810693791
179.15 179.1 179.2 0.0007852128531
179.25 179.2 179.3 -0.0001674136242
179.35 179.3 179.4 -0.0007167929933
179.45 179.4 179.5 -0.001549454733
179.55 179.5 179.6 -0.0001640632217
179.65 179.6 179.7 -0.001363086278
179.75 179.7 179.8 -0.001272410405
179.85 179.8 179.9 -8.860306647e-05
179.95 179.9 180 -0.001215069668
180.05 180 180.1 -0.0004346678402
180.15 180.1 180.2 -0.0003163885403
180.25 180.2 180.3 -0.0003943904204
180.35 180.3 180.4 -0.0004580838839
180.45 180.4 180.5 -0.001514133053
180.55 180.5 180.6 -0.0009614776753
180.65 180.6 180.7 -0.0009520616369
180.75 180.7 180.8 0.001009150122
180.85 180.8 180.9 0.0004109024054
180.95 180.9 181 -0.0001646793976
181.05 181 181.1 -0.0003690873236
181.15 181.1 181.2 -0.002998954707
181.25 181.2 181.3 -0.0008458379372
181.35 181.3 181.4 -0.0007391794127
181.45 181.4 181.5 -0.001293011775
181.55 181.5 181.6 -0.0007476819651
181.65 181.6 181.7 0.001917304695
181.75 181.7 181.8 -0.0004099334268
181.85 181.8 181.9 -0.001019344606
181.95 181.9 182 -0.00162615882
182.05 182 182.1 -0.0009815717882
182.15 182.1 182.2 -0.001073850453
182.25 182.2 182.3 4.976958142e-06
182.35 182.3 182.4 0.0001591449446
182.45 182.4 182.5 -0.001503178818
182.55 182.5 182.6 -0.0001936131493
182.65 182.6 182.7 -0.0005787432046
182.75 182.7 182.8 0.001156238163
182.85 182.8 182.9 -8.056199365e-06
182.95 182.9 183 -0.0007169362807
183.05 183 183.1 -0.0005258012798
183.15 183.1 183.2 -0.00138942766
183.25 183.2 183.3 -0.00144983575
183.35 183.3 183.4 -0.0006130536718
183.45 183.4 183.5 -0.0002266768192
183.55 183.5 183.6 -0.00177922655
183.65 183.6 183.7 -0.0004475934996
183.75 183.7 183.8 0.000193758682
183.85 183.8 183.9 0.0002095142797
183.95 183.9 184 -0.001279221351
184.05 184 184.1 -0.0005392246081
184.15 184.1 184.2 -0.00166229154
184.25 184.2 184.3 0.0002708377781
184.35 184.3 184.4 -0.001223973819
184.45 184.4 184.5 -0.0007222430862
184.55 184.5 184.6 -0.000774542267
184.65 184.6 184.7 -0.001683340536
184.75 184.7 184.8 0.0004976529625
184.85 184.8 184.9 -0.002217075041
184.95 184.9 185 -0.000350664199
185.05 185 185.1 -0.001848757776
185.15 185.1 185.2 -2.015649011e-05
185.25 185.2 185.3 -0.001679483754
185.35 185.3 185.4 0.0001560377174
185.45 185.4 185.5 -0.0008908266678
185.55 185.5 185.6 -0.001207726842
185.65 185.6 185.7 -0.0004790924733
185.75 185.7 185.8 -0.0006901316876
185.85 185.8 185.9 -0.001053995586
185.95 185.9 186 1.348780092e-05
186.05 186 186.1 0.0002047594652
186.15 186.1 186.2 -5.169898391e-05
186.25 186.2 186.3 -0.002249458238
186.35 186.3 186.4 -9.431491958e-05
186.45 186.4 186.5 -0.0002171512838
186.55 186.5 186.6 -0.0004500180147
186.65 186.6 186.7 -7.337201262e-05
186.75 186.7 186.8 -0.0005527020461
186.85 186.8 186.9 -0.0008808600438
186.95 186.9 187 -0.0004955580834
187.05 187 187.1 -0.001357876454
187.15 187.1 187.2 -0.002602189412
187.25 187.2 187.3 -0.000778780465
187.35 187.3 187.4 -0.0007817391249
187.45 187.4 187.5 0.0002509429816
187.55 187.5 187.6 -0.0005947746182
187.65 187.6 187.7 3.046756898e-05
187.75 187.7 187.8 -0.0006214831309
187.85 187.8 187.9 -0.001583367815
187.95 187.9 188 -0.001140925373
188.05 188 188.1 0.0001121523218
188.15 188.1 188.2 -0.0002584991009
188.25 188.2 188.3 -0.001076869584
188.35 188.3 188.4 0.0004020858227
188.45 188.4 188.5 -0.0003476916728
188.55 188.5 188.6 -0.0008664209048
188.65 188.6 188.7 -0.000592873968
188.75 188.7 188.8 -0.00115951142
188.85 188.8 188.9 -0.0001408439815
188.95 188.9 189 0.0007494242705
189.05 189 189.1 -0.0003370970591
189.15 189.1 189.2 -0.001102120584
189.25 189.2 189.3 0.001086385379
189.35 189.3 189.4 -0.0002048016987
189.45 189.4 189.5 -0.002136328403
189.55 189.5 189.6 -0.0001227057778
189.65 189.6 189.7 -0.0008774917482
189.75 189.7 189.8 -0.0003792129618
189.85 189.8 189.9 0.0004809299226
189.95 189.9 190 0.00036217348
190.05 190 190.1 -0.000671177465
190.15 190.1 190.2 -0.001646038054
190.25 190.2 190.3 -0.000971483994
190.35 190.3 190.4 0.0006313436419
190.45 190.4 190.5 0.0006810845813
190.55 190.5 190.6 0.0002302527629
190.65 190.6 190.7 0.0003151887783
190.75 190.7 190.8 -0.0008222844317
190.85 190.8 190.9 0.000279714438
190.95 190.9 191 -0.0001975275027
191.05 191 191.1 -0.001186046971
191.15 191.1 191.2 0.001199157961
191.25 191.2 191.3 0.0002618105575
191.35 191.3 191.4 0.0003467423241
191.45 191.4 191.5 -4.387171439e-05
191.55 191.5 191.6 0.000294649632
191.65 191.6 191.7 -0.0001198796914
191.75 191.7 191.8 -0.000370185788
191.85 191.8 191.9 0.0004897527617
191.95 191.9 192 -0.0003437911908
192.05 192 192.1 3.351433513e-05
192.15 192.1 192.2 -0.0008789216022
192.25 192.2 192.3 -0.0007478426754
192.35 192.3 192.4 0.0002488750204
192.45 192.4 192.5 1.082794067e-05
192.55 192.5 192.6 -0.0003644009071
192.65 192.6 192.7 0.000514320496
192.75 192.7 192.8 0.0006926758459
192.85 192.8 192.9 -0.0001949510301
192.95 192.9 193 0.0001238322514
193.05 193 193.1 0.0004992902185
193.15 193.1 193.2 0.0001888086745
193.25 193.2 193.3 0.0005571667978
193.35 193.3 193.4 1.600068112e-05
193.45 193.4 193.5 0.0004469543797
193.55 193.5 193.6 -5.501506144e-05
193.65 193.6 193.7 0.0003659140858
193.75 193.7 193.8 0.0002947382802
193.85 193.8 193.9 -0.000213971128
193.95 193.9 194 0.0001673648688
194.05 194 194.1 0.001045965598
194.15 194.1 194.2 -0.0007152966808
194.25 194.2 194.3 -7.84469935e-05
194.35 194.3 194.4 -0.0007065074586
194.45 194.4 194.5 0.0002794139701
194.55 194.5 194.6 9.231605045e-05
194.65 194.6 194.7 0.0003108594152
194.75 194.7 194.8 -0.0001666657647
194.85 194.8 194.9 9.832113027e-05
194.95 194.9 195 0.001276073684
195.05 195 195.1 0.0009447643383
195.15 195.1 195.2 0.0008022435713
195.25 195.2 195.3 0.000379773807
195.35 195.3 195.4 -0.0002889194388
195.45 195.4 195.5 0.0001613046531
195.55 195.5 195.6 0.0006949493232
195.65 195.6 195.7 -0.000872115363
195.75 195.7 195.8 0.0004531096111
195.85 195.8 195.9 -0.0009259228673
195.95 195.9 196 -0.001142463119
196.05 196 196.1 0.0005492915876
196.15 196.1 196.2 0.0007121640707
196.25 196.2 196.3 4.28385621e-05
196.35 196.3 196.4 0.0003447931089
196.45 196.4 196.5 0.001445523
196.55 196.5 196.6 -0.0005968070079
196.65 196.6 196.7 -0.000594234299
196.75 196.7 196.8 -2.416388776e-05
196.85 196.8 196.9 -0.001060653279
196.95 196.9 197 0.000131102833
197.05 197 197.1 -0.001399577051
197.15 197.1 197.2 0.0006925975836
197.25 197.2 197.3 0.00100559304
197.35 197.3 197.4 -0.0001549435817
197.45 197.4 197.5 -0.001038955929
197.55 197.5 197.6 0.0004007353643
197.65 197.6 197.7 0.001059578231
197.75 197.7 197.8 -0.0001150434565
197.85 197.8 197.9 -0.0001954948302
197.95 197.9 198 -0.001174791406
198.05 198 198.1 -0.0001745952817
198.15 198.1 198.2 -0.00021472144
198.25 198.2 198.3 -4.072718589e-06
198.35 198.3 198.4 -0.001261805098
198.45 198.4 198.5 0.001029124275
198.55 198.5 198.6 0.001258676763
198.65 198.6 198.7 -0.0006886258016
198.75 198.7 198.8 0.0004043270957
198.85 198.8 198.9 0.0006267233803
198.95 198.9 199 -0.0005320256563
199.05 199 199.1 0.001407255158
199.15 199.1 199.2 -0.001042575358
199.25 199.2 199.3 -0.0001992630895
199.35 199.3 199.4 -0.0001750408625
199.45 199.4 199.5 8.138469093e-05
199.55 199.5 199.6 0.00097621783
199.65 199.6 199.7 -0.0002986566435
199.75 199.7 199.8 -0.000794223582
199.85 199.8 199.9 0.0002391008593
199.95 199.9 200 0.000490012872
