# Columns: s_cen(1) s_min(2) s_max(3) xi_iso(4)
0.05 0 0.1 47.51630146
0.15 0.1 0.2 13.9836548
0.25 0.2 0.3 12.29468761
0.35 0.3 0.4 17.3065509
0.45 0.4 0.5 21.66104181
0.55 0.5 0.6 21.18909269
0.65 0.6 0.7 21.97787417
0.75 0.7 0.8 21.13391891
0.85 0.8 0.9 22.03653206
0.95 0.9 1 20.87867528
1.05 1 1.1 19.68989959
1.15 1.1 1.2 19.77622251
1.25 1.2 1.3 18.40082285
1.35 1.3 1.4 17.52520943
1.45 1.4 1.5 17.09984847
1.55 1.5 1.6 15.84345198
1.65 1.6 1.7 15.22304582
1.75 1.7 1.8 14.18844854
1.85 1.8 1.9 13.45816297
1.95 1.9 2 12.28785901
2.05 2 2.1 11.9785228
2.15 2.1 2.2 11.10762461
2.25 2.2 2.3 10.43388428
2.35 2.3 2.4 9.715527276
2.45 2.4 2.5 9.022697797
2.55 2.5 2.6 8.522337737
2.65 2.6 2.7 8.158503865
2.75 2.7 2.8 7.960525653
2.85 2.8 2.9 7.264354302
2.95 2.9 3 6.96886987
3.05 3 3.1 6.747501323
3.15 3.1 3.2 6.248769996
3.25 3.2 3.3 6.282745272
3.35 3.3 3.4 5.793968999
3.45 3.4 3.5 5.664478331
3.55 3.5 3.6 5.28283576
3.65 3.6 3.7 5.355323058
3.75 3.7 3.8 4.881332169
3.85 3.8 3.9 4.803041861
3.95 3.9 4 4.600424343
4.05 4 4.1 4.476467527
4.15 4.1 4.2 4.358439757
4.25 4.2 4.3 4.227322012
4.35 4.3 4.4 4.097567779
4.45 4.4 4.5 3.96584339
4.55 4.5 4.6 3.908402655
4.65 4.6 4.7 3.694905801
4.75 4.7 4.8 3.534494383
4.85 4.8 4.9 3.558915647
4.95 4.9 5 3.483735304
5.05 5 5.1 3.250509919
5.15 5.1 5.2 3.234881934
5.25 5.2 5.3 3.125633817
5.35 5.3 5.4 2.991760996
5.45 5.4 5.5 2.949547458
5.55 5.5 5.6 2.950153868
5.65 5.6 5.7 2.791745466
5.75 5.7 5.8 2.756250771
5.85 5.8 5.9 2.63159228
5.95 5.9 6 2.625950216
6.05 6 6.1 2.558636323
6.15 6.1 6.2 2.431548357
6.25 6.2 6.3 2.388340675
6.35 6.3 6.4 2.292624809
6.45 6.4 6.5 2.31271694
6.55 6.5 6.6 2.20436471
6.65 6.6 6.7 2.234679771
6.75 6.7 6.8 2.121805942
6.85 6.8 6.9 2.083923393
6.95 6.9 7 2.043430256
7.05 7 7.1 1.998188027
7.15 7.1 7.2 1.908171464
7.25 7.2 7.3 1.866399613
7.35 7.3 7.4 1.817731272
7.45 7.4 7.5 1.834164625
7.55 7.5 7.6 1.768692507
7.65 7.6 7.7 1.787605374
7.75 7.7 7.8 1.72991374
7.85 7.8 7.9 1.655297422
7.95 7.9 8 1.645475809
8.05 8 8.1 1.637953566
8.15 8.1 8.2 1.574506922
8.25 8.2 8.3 1.531761233
8.35 8.3 8.4 1.518989229
8.45 8.4 8.5 1.445914576
8.55 8.5 8.6 1.474651813
8.65 8.6 8.7 1.423503402
8.75 8.7 8.8 1.404572715
8.85 8.8 8.9 1.395850808
8.95 8.9 9 1.335698087
9.05 9 9.1 1.362035179
9.15 9.1 9.2 1.303997455
9.25 9.2 9.3 1.253011833
9.35 9.3 9.4 1.230582288
9.45 9.4 9.5 1.198163208
9.55 9.5 9.6 1.184571975
9.65 9.6 9.7 1.200156492
9.75 9.7 9.8 1.18518961
9.85 9.8 9.9 1.119778015
9.95 9.9 10 1.142119464
10.05 10 10.1 1.102199648
10.15 10.1 10.2 1.062023483
10.25 10.2 10.3 1.028641565
10.35 10.3 10.4 1.059385905
10.45 10.4 10.5 1.009152423
10.55 10.5 10.6 1.020129975
10.65 10.6 10.7 1.001453207
10.75 10.7 10.8 0.9833839104
10.85 10.8 10.9 0.9773042511
10.95 10.9 11 0.9779576885
11.05 11 11.1 0.9529868435
11.15 11.1 11.2 0.9183672826
11.25 11.2 11.3 0.9115616026
11.35 11.3 11.4 0.9066576269
11.45 11.4 11.5 0.8458125988
11.55 11.5 11.6 0.8390738375
11.65 11.6 11.7 0.8324823399
11.75 11.7 11.8 0.8306077333
11.85 11.8 11.9 0.8214679993
11.95 11.9 12 0.8016545198
12.05 12 12.1 0.7883062509
12.15 12.1 12.2 0.7694627003
12.25 12.2 12.3 0.755670853
12.35 12.3 12.4 0.7514801789
12.45 12.4 12.5 0.7398990491
12.55 12.5 12.6 0.7325016645
12.65 12.6 12.7 0.7415751081
12.75 12.7 12.8 0.7046081161
12.85 12.8 12.9 0.7042214676
12.95 12.9 13 0.7026389181
13.05 13 13.1 0.6846483466
13.15 13.1 13.2 0.670358973
13.25 13.2 13.3 0.6723990503
13.35 13.3 13.4 0.6379792503
13.45 13.4 13.5 0.6246622687
13.55 13.5 13.6 0.6245714647
13.65 13.6 13.7 0.6165803104
13.75 13.7 13.8 0.6005532764
13.85 13.8 13.9 0.6001702031
13.95 13.9 14 0.6069071392
14.05 14 14.1 0.5946530608
14.15 14.1 14.2 0.5783925902
14.25 14.2 14.3 0.5787448776
14.35 14.3 14.4 0.5814213728
14.45 14.4 14.5 0.5527506825
14.55 14.5 14.6 0.553719352
14.65 14.6 14.7 0.5656514383
14.75 14.7 14.8 0.575313519
14.85 14.8 14.9 0.5259558912
14.95 14.9 15 0.5320204537
15.05 15 15.1 0.5071486441
15.15 15.1 15.2 0.5179489335
15.25 15.2 15.3 0.5101167556
15.35 15.3 15.4 0.5044993796
15.45 15.4 15.5 0.4904413122
15.55 15.5 15.6 0.48881157
15.65 15.6 15.7 0.477627827
15.75 15.7 15.8 0.4637709641
15.85 15.8 15.9 0.4588318845
15.95 15.9 16 0.4620966193
16.05 16 16.1 0.4349669065
16.15 16.1 16.2 0.4464300376
16.25 16.2 16.3 0.4324055151
16.35 16.3 16.4 0.44650035
16.45 16.4 16.5 0.4416264807
16.55 16.5 16.6 0.4236227497
16.65 16.6 16.7 0.4276845307
16.75 16.7 16.8 0.4288062304
16.85 16.8 16.9 0.4164476677
16.95 16.9 17 0.4159677361
17.05 17 17.1 0.4083997035
17.15 17.1 17.2 0.3992289004
17.25 17.2 17.3 0.3900234635
17.35 17.3 17.4 0.3795992028
17.45 17.4 17.5 0.376644671
17.55 17.5 17.6 0.3715552167
17.65 17.6 17.7 0.3921651697
17.75 17.7 17.8 0.3670321913
17.85 17.8 17.9 0.3869638784
17.95 17.9 18 0.372545646
18.05 18 18.1 0.3687408018
18.15 18.1 18.2 0.3680599186
18.25 18.2 18.3 0.3501568418
18.35 18.3 18.4 0.3610534856
18.45 18.4 18.5 0.3416698921
18.55 18.5 18.6 0.3331915011
18.65 18.6 18.7 0.3393012575
18.75 18.7 18.8 0.3398015144
18.85 18.8 18.9 0.3240733843
18.95 18.9 19 0.3253251664
19.05 19 19.1 0.3165577559
19.15 19.1 19.2 0.3147270824
19.25 19.2 19.3 0.3146626642
19.35 19.3 19.4 0.3140340153
19.45 19.4 19.5 0.3113486942
19.55 19.5 19.6 0.3212306354
19.65 19.6 19.7 0.2922052501
19.75 19.7 19.8 0.301057419
19.85 19.8 19.9 0.3156814592
19.95 19.9 20 0.2846979795
20.05 20 20.1 0.3072360795
20.15 20.1 20.2 0.2877024469
20.25 20.2 20.3 0.2861927324
20.35 20.3 20.4 0.2816093729
20.45 20.4 20.5 0.2776413306
20.55 20.5 20.6 0.2825147048
20.65 20.6 20.7 0.2737440202
20.75 20.7 20.8 0.2815925036
20.85 20.8 20.9 0.2763197042
20.95 20.9 21 0.2694370963
21.05 21 21.1 0.2592850666
21.15 21.1 21.2 0.2621935287
21.25 21.2 21.3 0.253276277
21.35 21.3 21.4 0.2605484192
21.45 21.4 21.5 0.2659534048
21.55 21.5 21.6 0.2491733368
21.65 21.6 21.7 0.253834953
21.75 21.7 21.8 0.2492297702
21.85 21.8 21.9 0.2458937556
21.95 21.9 22 0.2527156805
22.05 22 22.1 0.2311068766
22.15 22.1 22.2 0.2485686447
22.25 22.2 22.3 0.2362380658
22.35 22.3 22.4 0.2402852059
22.45 22.4 22.5 0.2392208641
22.55 22.5 22.6 0.2259580664
22.65 22.6 22.7 0.233673162
22.75 22.7 22.8 0.2263976559
22.85 22.8 22.9 0.2277062407
22.95 22.9 23 0.2230044291
23.05 23 23.1 0.212331763
23.15 23.1 23.2 0.219623034
23.25 23.2 23.3 0.2098215327
23.35 23.3 23.4 0.2167764177
23.45 23.4 23.5 0.198836656
23.55 23.5 23.6 0.2059177009
23.65 23.6 23.7 0.2076333686
23.75 23.7 23.8 0.2067062078
23.85 23.8 23.9 0.2096115356
23.95 23.9 24 0.2076374404
24.05 24 24.1 0.2012778877
24.15 24.1 24.2 0.1979238439
24.25 24.2 24.3 0.1926562361
24.35 24.3 24.4 0.198989155
24.45 24.4 24.5 0.1961988409
24.55 24.5 24.6 0.1835219632
24.65 24.6 24.7 0.1936429905
24.75 24.7 24.8 0.1946111836
24.85 24.8 24.9 0.1865163477
24.95 24.9 25 0.1931499995
25.05 25 25.1 0.1832443824
25.15 25.1 25.2 0.1833379861
25.25 25.2 25.3 0.1868581107
25.35 25.3 25.4 0.1837290432
25.45 25.4 25.5 0.1803122126
25.55 25.5 25.6 0.1783072892
25.65 25.6 25.7 0.1764874379
25.75 25.7 25.8 0.1840088075
25.85 25.8 25.9 0.1729528555
25.95 25.9 26 0.1684722974
26.05 26 26.1 0.1575859458
26.15 26.1 26.2 0.1666861938
26.25 26.2 26.3 0.1683773663
26.35 26.3 26.4 0.1656778028
26.45 26.4 26.5 0.1532924271
26.55 26.5 26.6 0.153389968
26.65 26.6 26.7 0.1602865252
26.75 26.7 26.8 0.1522293723
26.85 26.8 26.9 0.1590631075
26.95 26.9 27 0.1626060182
27.05 27 27.1 0.156445087
27.15 27.1 27.2 0.1504306855
27.25 27.2 27.3 0.1459466978
27.35 27.3 27.4 0.1477465998
27.45 27.4 27.5 0.1499198401
27.55 27.5 27.6 0.14965645
27.65 27.6 27.7 0.1444676231
27.75 27.7 27.8 0.1519764175
27.85 27.8 27.9 0.1487145648
27.95 27.9 28 0.1421736403
28.05 28 28.1 0.1439614655
28.15 28.1 28.2 0.1454170075
28.25 28.2 28.3 0.1420413949
28.35 28.3 28.4 0.141762944
28.45 28.4 28.5 0.1427432006
28.55 28.5 28.6 0.1293598273
28.65 28.6 28.7 0.1413961134
28.75 28.7 28.8 0.1408740304
28.85 28.8 28.9 0.1395235414
28.95 28.9 29 0.134624373
29.05 29 29.1 0.128271094
29.15 29.1 29.2 0.1228386438
29.25 29.2 29.3 0.129546183
29.35 29.3 29.4 0.1325745024
29.45 29.4 29.5 0.1228210183
29.55 29.5 29.6 0.1319427212
29.65 29.6 29.7 0.1223924383
29.75 29.7 29.8 0.1342513779
29.85 29.8 29.9 0.1194229562
29.95 29.9 30 0.1108844534
30.05 30 30.1 0.1272332255
30.15 30.1 30.2 0.1176885451
30.25 30.2 30.3 0.119104115
30.35 30.3 30.4 0.1238564101
30.45 30.4 30.5 0.1131888379
30.55 30.5 30.6 0.1297467486
30.65 30.6 30.7 0.1180764706
30.75 30.7 30.8 0.11717518
30.85 30.8 30.9 0.1203726312
30.95 30.9 31 0.1118208703
31.05 31 31.1 0.1045211128
31.15 31.1 31.2 0.1080374311
31.25 31.2 31.3 0.1071492309
31.35 31.3 31.4 0.1179723447
31.45 31.4 31.5 0.113314121
31.55 31.5 31.6 0.111045328
31.65 31.6 31.7 0.1120214623
31.75 31.7 31.8 0.108950473
31.85 31.8 31.9 0.1025814192
31.95 31.9 32 0.1035872762
32.05 32 32.1 0.1107846327
32.15 32.1 32.2 0.1027445108
32.25 32.2 32.3 0.1158509995
32.35 32.3 32.4 0.1035284153
32.45 32.4 32.5 0.1064607577
32.55 32.5 32.6 0.0942879797
32.65 32.6 32.7 0.1037432906
32.75 32.7 32.8 0.09826653283
32.85 32.8 32.9 0.09414603676
32.95 32.9 33 0.1030357204
33.05 33 33.1 0.1051834979
33.15 33.1 33.2 0.09449604683
33.25 33.2 33.3 0.09807304141
33.35 33.3 33.4 0.09660709696
33.45 33.4 33.5 0.09381165038
33.55 33.5 33.6 0.09911531316
33.65 33.6 33.7 0.09858008555
33.75 33.7 33.8 0.08929988406
33.85 33.8 33.9 0.09137587292
33.95 33.9 34 0.09153311053
34.05 34 34.1 0.09211294311
34.15 34.1 34.2 0.08919338323
34.25 34.2 34.3 0.08714908577
34.35 34.3 34.4 0.08497682708
34.45 34.4 34.5 0.09146180993
34.55 34.5 34.6 0.08865367021
34.65 34.6 34.7 0.08728564892
34.75 34.7 34.8 0.08265184061
34.85 34.8 34.9 0.08624685054
34.95 34.9 35 0.08503161536
35.05 35 35.1 0.08497531786
35.15 35.1 35.2 0.08202217692
35.25 35.2 35.3 0.0823720392
35.35 35.3 35.4 0.08662948315
35.45 35.4 35.5 0.08905471248
35.55 35.5 35.6 0.08228556993
35.65 35.6 35.7 0.07540016933
35.75 35.7 35.8 0.07916035156
35.85 35.8 35.9 0.08505677296
35.95 35.9 36 0.08405912499
36.05 36 36.1 0.0795868359
36.15 36.1 36.2 0.07558559851
36.25 36.2 36.3 0.07451513784
36.35 36.3 36.4 0.07480601609
36.45 36.4 36.5 0.07439416555
36.55 36.5 36.6 0.07435651968
36.65 36.6 36.7 0.07553736838
36.75 36.7 36.8 0.0766826028
36.85 36.8 36.9 0.07239810183
36.95 36.9 37 0.0742873655
37.05 37 37.1 0.07078977081
37.15 37.1 37.2 0.07803586934
37.25 37.2 37.3 0.07722768193
37.35 37.3 37.4 0.07649641276
37.45 37.4 37.5 0.07316477973
37.55 37.5 37.6 0.06908901583
37.65 37.6 37.7 0.06846379239
37.75 37.7 37.8 0.07048159867
37.85 37.8 37.9 0.06602567327
37.95 37.9 38 0.06871085455
38.05 38 38.1 0.06652398041
38.15 38.1 38.2 0.06084745743
38.25 38.2 38.3 0.0625085946
38.35 38.3 38.4 0.06088611104
38.45 38.4 38.5 0.06614076475
38.55 38.5 38.6 0.06827482275
38.65 38.6 38.7 0.0635992456
38.75 38.7 38.8 0.06409329407
38.85 38.8 38.9 0.06733751726
38.95 38.9 39 0.06438289298
39.05 39 39.1 0.06241367516
39.15 39.1 39.2 0.06758704654
39.25 39.2 39.3 0.06587419549
39.35 39.3 39.4 0.05979465789
39.45 39.4 39.5 0.06074013164
39.55 39.5 39.6 0.05666135822
39.65 39.6 39.7 0.06054493441
39.75 39.7 39.8 0.06169284294
39.85 39.8 39.9 0.05433711682
39.95 39.9 40 0.05775875622
40.05 40 40.1 0.06718067969
40.15 40.1 40.2 0.06261441369
40.25 40.2 40.3 0.06355602179
40.35 40.3 40.4 0.05860261054
40.45 40.4 40.5 0.05344921764
40.55 40.5 40.6 0.05973643896
40.65 40.6 40.7 0.06135506286
40.75 40.7 40.8 0.05015854287
40.85 40.8 40.9 0.05186679942
40.95 40.9 41 0.05720272074
41.05 41 41.1 0.05267616422
41.15 41.1 41.2 0.05152706343
41.25 41.2 41.3 0.0514548739
41.35 41.3 41.4 0.05548309215
41.45 41.4 41.5 0.05350695075
41.55 41.5 41.6 0.05107894463
41.65 41.6 41.7 0.05394693876
41.75 41.7 41.8 0.05696873125
41.85 41.8 41.9 0.04894009178
41.95 41.9 42 0.04947117778
42.05 42 42.1 0.04957571632
42.15 42.1 42.2 0.05266150809
42.25 42.2 42.3 0.05204333891
42.35 42.3 42.4 0.05877006527
42.45 42.4 42.5 0.04254421468
42.55 42.5 42.6 0.05424978319
42.65 42.6 42.7 0.05161256775
42.75 42.7 42.8 0.05144855184
42.85 42.8 42.9 0.04762115275
42.95 42.9 43 0.04826482166
43.05 43 43.1 0.0435876686
43.15 43.1 43.2 0.04512372104
43.25 43.2 43.3 0.05051280928
43.35 43.3 43.4 0.04944595447
43.45 43.4 43.5 0.04323253308
43.55 43.5 43.6 0.04583181189
43.65 43.6 43.7 0.03935865453
43.75 43.7 43.8 0.05222769184
43.85 43.8 43.9 0.05348506939
43.95 43.9 44 0.04918072286
44.05 44 44.1 0.04275393299
44.15 44.1 44.2 0.04202538074
44.25 44.2 44.3 0.04257288592
44.35 44.3 44.4 0.0400542151
44.45 44.4 44.5 0.04164262353
44.55 44.5 44.6 0.0455393157
44.65 44.6 44.7 0.04705824336
44.75 44.7 44.8 0.03941119297
44.85 44.8 44.9 0.0428567195
44.95 44.9 45 0.03992550539
45.05 45 45.1 0.04100292876
45.15 45.1 45.2 0.03641051095
45.25 45.2 45.3 0.0426162703
45.35 45.3 45.4 0.04193565727
45.45 45.4 45.5 0.03961491304
45.55 45.5 45.6 0.04523338322
45.65 45.6 45.7 0.03235916536
45.75 45.7 45.8 0.04304950109
45.85 45.8 45.9 0.04028241026
45.95 45.9 46 0.04315116097
46.05 46 46.1 0.03749344666
46.15 46.1 46.2 0.04021985805
46.25 46.2 46.3 0.03657055832
46.35 46.3 46.4 0.0436887947
46.45 46.4 46.5 0.03852656416
46.55 46.5 46.6 0.03536772261
46.65 46.6 46.7 0.03350574442
46.75 46.7 46.8 0.0387796217
46.85 46.8 46.9 0.03738788555
46.95 46.9 47 0.0390650446
47.05 47 47.1 0.0355010525
47.15 47.1 47.2 0.03044508666
47.25 47.2 47.3 0.03461796005
47.35 47.3 47.4 0.03458885148
47.45 47.4 47.5 0.03580120006
47.55 47.5 47.6 0.03354208335
47.65 47.6 47.7 0.03413561061
47.75 47.7 47.8 0.03572843312
47.85 47.8 47.9 0.03686917081
47.95 47.9 48 0.03434677946
48.05 48 48.1 0.03772728924
48.15 48.1 48.2 0.03285893575
48.25 48.2 48.3 0.03516561512
48.35 48.3 48.4 0.03362643862
48.45 48.4 48.5 0.03971855094
48.55 48.5 48.6 0.03591271947
48.65 48.6 48.7 0.03436943315
48.75 48.7 48.8 0.03161005552
48.85 48.8 48.9 0.0317667639
48.95 48.9 49 0.03308896737
49.05 49 49.1 0.03427457193
49.15 49.1 49.2 0.03171084022
49.25 49.2 49.3 0.03416696217
49.35 49.3 49.4 0.03455927636
49.45 49.4 49.5 0.03354096375
49.55 49.5 49.6 0.03338750216
49.65 49.6 49.7 0.03163175458
49.75 49.7 49.8 0.03005007324
49.85 49.8 49.9 0.02691000312
49.95 49.9 50 0.0301558047
50.05 50 50.1 0.03162552021
50.15 50.1 50.2 0.02888124479
50.25 50.2 50.3 0.02671104918
50.35 50.3 50.4 0.03007491676
50.45 50.4 50.5 0.03195777885
50.55 50.5 50.6 0.03157701498
50.65 50.6 50.7 0.02735933903
50.75 50.7 50.8 0.02549675729
50.85 50.8 50.9 0.03139156739
50.95 50.9 51 0.03096824625
51.05 51 51.1 0.02672229126
51.15 51.1 51.2 0.02939886622
51.25 51.2 51.3 0.02970146984
51.35 51.3 51.4 0.02552546381
51.45 51.4 51.5 0.0304173747
51.55 51.5 51.6 0.02841379329
51.65 51.6 51.7 0.02786158095
51.75 51.7 51.8 0.02805022948
51.85 51.8 51.9 0.0293902235
51.95 51.9 52 0.02837730995
52.05 52 52.1 0.03066798354
52.15 52.1 52.2 0.02622917093
52.25 52.2 52.3 0.02646327121
52.35 52.3 52.4 0.03266809042
52.45 52.4 52.5 0.02833282522
52.55 52.5 52.6 0.0261612176
52.65 52.6 52.7 0.02955071958
52.75 52.7 52.8 0.0279101704
52.85 52.8 52.9 0.02989296275
52.95 52.9 53 0.02250203411
53.05 53 53.1 0.02435942679
53.15 53.1 53.2 0.02688773414
53.25 53.2 53.3 0.02544583192
53.35 53.3 53.4 0.02147825555
53.45 53.4 53.5 0.02313611089
53.55 53.5 53.6 0.02142818638
53.65 53.6 53.7 0.02462742958
53.75 53.7 53.8 0.02030026579
53.85 53.8 53.9 0.02508129614
53.95 53.9 54 0.02734498078
54.05 54 54.1 0.02178480688
54.15 54.1 54.2 0.02226121598
54.25 54.2 54.3 0.02469348046
54.35 54.3 54.4 0.02502260771
54.45 54.4 54.5 0.02099562413
54.55 54.5 54.6 0.02145681568
54.65 54.6 54.7 0.02302615051
54.75 54.7 54.8 0.02017290022
54.85 54.8 54.9 0.0218130336
54.95 54.9 55 0.02626063055
55.05 55 55.1 0.02164414658
55.15 55.1 55.2 0.02142845249
55.25 55.2 55.3 0.01921237602
55.35 55.3 55.4 0.01807169487
55.45 55.4 55.5 0.02441300157
55.55 55.5 55.6 0.02020267628
55.65 55.6 55.7 0.02096025333
55.75 55.7 55.8 0.01629126089
55.85 55.8 55.9 0.02549190805
55.95 55.9 56 0.02204491862
56.05 56 56.1 0.0184467005
56.15 56.1 56.2 0.01898527606
56.25 56.2 56.3 0.015731965
56.35 56.3 56.4 0.01831881052
56.45 56.4 56.5 0.02098822886
56.55 56.5 56.6 0.01450839046
56.65 56.6 56.7 0.02017260922
56.75 56.7 56.8 0.01592937894
56.85 56.8 56.9 0.01580434477
56.95 56.9 57 0.01390809322
57.05 57 57.1 0.02017647973
57.15 57.1 57.2 0.01703836065
57.25 57.2 57.3 0.01816537206
57.35 57.3 57.4 0.01862882443
57.45 57.4 57.5 0.01757452547
57.55 57.5 57.6 0.01937251115
57.65 57.6 57.7 0.01925155704
57.75 57.7 57.8 0.01518553934
57.85 57.8 57.9 0.01797300428
57.95 57.9 58 0.01830529321
58.05 58 58.1 0.01667543118
58.15 58.1 58.2 0.01300021233
58.25 58.2 58.3 0.01788597972
58.35 58.3 58.4 0.01739349538
58.45 58.4 58.5 0.02110329387
58.55 58.5 58.6 0.01806369349
58.65 58.6 58.7 0.01516472268
58.75 58.7 58.8 0.01774447511
58.85 58.8 58.9 0.01729891913
58.95 58.9 59 0.01562564742
59.05 59 59.1 0.01507459804
59.15 59.1 59.2 0.01878307843
59.25 59.2 59.3 0.01745864011
59.35 59.3 59.4 0.01954372457
59.45 59.4 59.5 0.01563277187
59.55 59.5 59.6 0.01010794892
59.65 59.6 59.7 0.01664114982
59.75 59.7 59.8 0.01660950746
59.85 59.8 59.9 0.01863124705
59.95 59.9 60 0.012703736
60.05 60 60.1 0.01211542749
60.15 60.1 60.2 0.01588718473
60.25 60.2 60.3 0.0151770875
60.35 60.3 60.4 0.01473477274
60.45 60.4 60.5 0.01453575881
60.55 60.5 60.6 0.01594842722
60.65 60.6 60.7 0.018755059
60.75 60.7 60.8 0.01299815014
60.85 60.8 60.9 0.01705635966
60.95 60.9 61 0.01461968428
61.05 61 61.1 0.01478820704
61.15 61.1 61.2 0.01668894904
61.25 61.2 61.3 0.01416926001
61.35 61.3 61.4 0.01348247565
61.45 61.4 61.5 0.01424862315
61.55 61.5 61.6 0.01221659639
61.65 61.6 61.7 0.01443895929
61.75 61.7 61.8 0.01291075081
61.85 61.8 61.9 0.01138022098
61.95 61.9 62 0.0133190714
62.05 62 62.1 0.01068195344
62.15 62.1 62.2 0.0169736223
62.25 62.2 62.3 0.01915349275
62.35 62.3 62.4 0.01499100925
62.45 62.4 62.5 0.0140525641
62.55 62.5 62.6 0.01364631326
62.65 62.6 62.7 0.01176805874
62.75 62.7 62.8 0.0156725898
62.85 62.8 62.9 0.01540978028
62.95 62.9 63 0.01508765356
63.05 63 63.1 0.01694887837
63.15 63.1 63.2 0.01290809794
63.25 63.2 63.3 0.01236083525
63.35 63.3 63.4 0.01423438591
63.45 63.4 63.5 0.01237237129
63.55 63.5 63.6 0.01269688694
63.65 63.6 63.7 0.006623954939
63.75 63.7 63.8 0.01567563553
63.85 63.8 63.9 0.01440436474
63.95 63.9 64 0.01007753047
64.05 64 64.1 0.00980970721
64.15 64.1 64.2 0.0119578851
64.25 64.2 64.3 0.01252107665
64.35 64.3 64.4 0.01444680589
64.45 64.4 64.5 0.01319199313
64.55 64.5 64.6 0.01154063919
64.65 64.6 64.7 0.01223636419
64.75 64.7 64.8 0.01290096503
64.85 64.8 64.9 0.01183920587
64.95 64.9 65 0.01297723234
65.05 65 65.1 0.0140188476
65.15 65.1 65.2 0.009877622237
65.25 65.2 65.3 0.01309633313
65.35 65.3 65.4 0.01235927661
65.45 65.4 65.5 0.009018501495
65.55 65.5 65.6 0.009372456699
65.65 65.6 65.7 0.006401917381
65.75 65.7 65.8 0.0111724635
65.85 65.8 65.9 0.01067396877
65.95 65.9 66 0.01277668434
66.05 66 66.1 0.01035300797
66.15 66.1 66.2 0.0108589129
66.25 66.2 66.3 0.01269628507
66.35 66.3 66.4 0.009305583667
66.45 66.4 66.5 0.01197282712
66.55 66.5 66.6 0.009418021239
66.65 66.6 66.7 0.01689536687
66.75 66.7 66.8 0.004252467959
66.85 66.8 66.9 0.01050480601
66.95 66.9 67 0.01002894482
67.05 67 67.1 0.01083919088
67.15 67.1 67.2 0.009828408685
67.25 67.2 67.3 0.01395433548
67.35 67.3 67.4 0.009751356367
67.45 67.4 67.5 0.008454768072
67.55 67.5 67.6 0.009402876743
67.65 67.6 67.7 0.009059228227
67.75 67.7 67.8 0.009646291096
67.85 67.8 67.9 0.01278285436
67.95 67.9 68 0.008976219685
68.05 68 68.1 0.01259266373
68.15 68.1 68.2 0.01121265757
68.25 68.2 68.3 0.007910158903
68.35 68.3 68.4 0.01041583369
68.45 68.4 68.5 0.01115231052
68.55 68.5 68.6 0.009714303571
68.65 68.6 68.7 0.01341293789
68.75 68.7 68.8 0.009758288276
68.85 68.8 68.9 0.01031518784
68.95 68.9 69 0.01201429106
69.05 69 69.1 0.008724682044
69.15 69.1 69.2 0.0104110896
69.25 69.2 69.3 0.009120335782
69.35 69.3 69.4 0.01124441741
69.45 69.4 69.5 0.007902047565
69.55 69.5 69.6 0.01036473833
69.65 69.6 69.7 0.007663521224
69.75 69.7 69.8 0.009381902012
69.85 69.8 69.9 0.01062024771
69.95 69.9 70 0.008137705522
70.05 70 70.1 0.01060716534
70.15 70.1 70.2 0.01072996655
70.25 70.2 70.3 0.008193164062
70.35 70.3 70.4 0.01065267379
70.45 70.4 70.5 0.01102008289
70.55 70.5 70.6 0.008118716982
70.65 70.6 70.7 0.009939937986
70.75 70.7 70.8 0.0115600439
70.85 70.8 70.9 0.01153980772
70.95 70.9 71 0.008895175267
71.05 71 71.1 0.01026674496
71.15 71.1 71.2 0.01127489151
71.25 71.2 71.3 0.009051134022
71.35 71.3 71.4 0.009634213097
71.45 71.4 71.5 0.005584846235
71.55 71.5 71.6 0.01004114386
71.65 71.6 71.7 0.007663617017
71.75 71.7 71.8 0.007504922651
71.85 71.8 71.9 0.008350373562
71.95 71.9 72 0.01122396728
72.05 72 72.1 0.009031684445
72.15 72.1 72.2 0.007381445351
72.25 72.2 72.3 0.01119899513
72.35 72.3 72.4 0.006060385836
72.45 72.4 72.5 0.009152015844
72.55 72.5 72.6 0.008980308308
72.65 72.6 72.7 0.009795845407
72.75 72.7 72.8 0.008908237461
72.85 72.8 72.9 0.007518345651
72.95 72.9 73 0.008361041305
73.05 73 73.1 0.01008539693
73.15 73.1 73.2 0.005321681517
73.25 73.2 73.3 0.009244871208
73.35 73.3 73.4 0.008610464923
73.45 73.4 73.5 0.007542715756
73.55 73.5 73.6 0.01242163955
73.65 73.6 73.7 0.005821611153
73.75 73.7 73.8 0.007878886974
73.85 73.8 73.9 0.009606308078
73.95 73.9 74 0.007716868023
74.05 74 74.1 0.007007684445
74.15 74.1 74.2 0.006189481317
74.25 74.2 74.3 0.01116148226
74.35 74.3 74.4 0.01003257508
74.45 74.4 74.5 0.01166843573
74.55 74.5 74.6 0.01011425776
74.65 74.6 74.7 0.007463793875
74.75 74.7 74.8 0.01017716144
74.85 74.8 74.9 0.007027867452
74.95 74.9 75 0.004205838197
75.05 75 75.1 0.008055610106
75.15 75.1 75.2 0.01197530205
75.25 75.2 75.3 0.009255778343
75.35 75.3 75.4 0.006973195413
75.45 75.4 75.5 0.009147557103
75.55 75.5 75.6 0.009164967615
75.65 75.6 75.7 0.007148031491
75.75 75.7 75.8 0.005536322946
75.85 75.8 75.9 0.004431711951
75.95 75.9 76 0.008859507518
76.05 76 76.1 0.0100860137
76.15 76.1 76.2 0.009447262379
76.25 76.2 76.3 0.006291216194
76.35 76.3 76.4 0.009605610324
76.45 76.4 76.5 0.007497696409
76.55 76.5 76.6 0.006352675854
76.65 76.6 76.7 0.008192697462
76.75 76.7 76.8 0.007827826426
76.85 76.8 76.9 0.006114918436
76.95 76.9 77 0.009451360977
77.05 77 77.1 0.007482544035
77.15 77.1 77.2 0.00556898267
77.25 77.2 77.3 0.008194347393
77.35 77.3 77.4 0.003796694504
77.45 77.4 77.5 0.0103081254
77.55 77.5 77.6 0.007997588865
77.65 77.6 77.7 0.007391566434
77.75 77.7 77.8 0.006828554421
77.85 77.8 77.9 0.006285286648
77.95 77.9 78 0.004933867882
78.05 78 78.1 0.007341724226
78.15 78.1 78.2 0.007344228837
78.25 78.2 78.3 0.007183333489
78.35 78.3 78.4 0.008104871421
78.45 78.4 78.5 0.007055591743
78.55 78.5 78.6 0.009353060973
78.65 78.6 78.7 0.008093418677
78.75 78.7 78.8 0.006388706221
78.85 78.8 78.9 0.004493629776
78.95 78.9 79 0.006378064946
79.05 79 79.1 0.01046112066
79.15 79.1 79.2 0.006189747389
79.25 79.2 79.3 0.007487967804
79.35 79.3 79.4 0.007005471572
79.45 79.4 79.5 0.007361766629
79.55 79.5 79.6 0.006887313625
79.65 79.6 79.7 0.008044787656
79.75 79.7 79.8 0.004751693549
79.85 79.8 79.9 0.005690737374
79.95 79.9 80 0.008754187505
80.05 80 80.1 0.009134178901
80.15 80.1 80.2 0.008055466509
80.25 80.2 80.3 0.006209367932
80.35 80.3 80.4 0.005923711093
80.45 80.4 80.5 0.005636777726
80.55 80.5 80.6 0.006330534642
80.65 80.6 80.7 0.009058159525
80.75 80.7 80.8 0.007330323125
80.85 80.8 80.9 0.007291824879
80.95 80.9 81 0.008179394233
81.05 81 81.1 0.005335112056
81.15 81.1 81.2 0.009519968557
81.25 81.2 81.3 0.005166454255
81.35 81.3 81.4 0.006042447117
81.45 81.4 81.5 0.006112133895
81.55 81.5 81.6 0.005151254003
81.65 81.6 81.7 0.00985434387
81.75 81.7 81.8 0.00688298225
81.85 81.8 81.9 0.005193014854
81.95 81.9 82 0.007868766178
82.05 82 82.1 0.005177449207
82.15 82.1 82.2 0.005008986024
82.25 82.2 82.3 0.007741764753
82.35 82.3 82.4 0.009032268245
82.45 82.4 82.5 0.006079071773
82.55 82.5 82.6 0.007023559104
82.65 82.6 82.7 0.005672918987
82.75 82.7 82.8 0.006209982288
82.85 82.8 82.9 0.004864319128
82.95 82.9 83 0.003514734101
83.05 83 83.1 0.005495911089
83.15 83.1 83.2 0.00612077316
83.25 83.2 83.3 0.003482194665
83.35 83.3 83.4 0.005508031766
83.45 83.4 83.5 0.006938629142
83.55 83.5 83.6 0.008700157731
83.65 83.6 83.7 0.006235014408
83.75 83.7 83.8 0.005989219747
83.85 83.8 83.9 0.004131576974
83.95 83.9 84 0.005663692652
84.05 84 84.1 0.008114796957
84.15 84.1 84.2 0.007083508522
84.25 84.2 84.3 0.00665702606
84.35 84.3 84.4 0.008545041735
84.45 84.4 84.5 0.004329702488
84.55 84.5 84.6 0.00600959543
84.65 84.6 84.7 0.008003576476
84.75 84.7 84.8 0.007176703846
84.85 84.8 84.9 0.007911251426
84.95 84.9 85 0.004552749627
85.05 85 85.1 0.005875833242
85.15 85.1 85.2 0.005667904011
85.25 85.2 85.3 0.004575319811
85.35 85.3 85.4 0.004592822744
85.45 85.4 85.5 0.004211237232
85.55 85.5 85.6 0.009696964641
85.65 85.6 85.7 0.007106079045
85.75 85.7 85.8 0.003984848134
85.85 85.8 85.9 0.004820412282
85.95 85.9 86 0.007360089859
86.05 86 86.1 0.00679081761
86.15 86.1 86.2 0.004914340465
86.25 86.2 86.3 0.003231490641
86.35 86.3 86.4 0.003564957787
86.45 86.4 86.5 0.004368429267
86.55 86.5 86.6 0.004388433183
86.65 86.6 86.7 0.008731907683
86.75 86.7 86.8 0.005117351314
86.85 86.8 86.9 0.005998587741
86.95 86.9 87 0.006465372824
87.05 87 87.1 0.006479195663
87.15 87.1 87.2 0.007610846317
87.25 87.2 87.3 0.00542926318
87.35 87.3 87.4 0.00682821479
87.45 87.4 87.5 0.005529264705
87.55 87.5 87.6 0.007160117984
87.65 87.6 87.7 0.004864922534
87.75 87.7 87.8 0.004705141051
87.85 87.8 87.9 0.008658037732
87.95 87.9 88 0.006203388387
88.05 88 88.1 0.004991448004
88.15 88.1 88.2 0.004035584069
88.25 88.2 88.3 0.006166799456
88.35 88.3 88.4 0.005042054125
88.45 88.4 88.5 0.005955534352
88.55 88.5 88.6 0.006603628979
88.65 88.6 88.7 0.007831866463
88.75 88.7 88.8 0.006586851086
88.85 88.8 88.9 0.00586055827
88.95 88.9 89 0.006997607769
89.05 89 89.1 0.006810998041
89.15 89.1 89.2 0.006841411395
89.25 89.2 89.3 0.006756876201
89.35 89.3 89.4 0.007855087164
89.45 89.4 89.5 0.006403154992
89.55 89.5 89.6 0.005418024525
89.65 89.6 89.7 0.007406411843
89.75 89.7 89.8 0.005787889725
89.85 89.8 89.9 0.008065782172
89.95 89.9 90 0.004301699057
90.05 90 90.1 0.006883102362
90.15 90.1 90.2 0.004770970435
90.25 90.2 90.3 0.00637080732
90.35 90.3 90.4 0.00743799227
90.45 90.4 90.5 0.009025585582
90.55 90.5 90.6 0.007310728036
90.65 90.6 90.7 0.01037188548
90.75 90.7 90.8 0.006684461135
90.85 90.8 90.9 0.006057683488
90.95 90.9 91 0.007856734536
91.05 91 91.1 0.007589035466
91.15 91.1 91.2 0.006295197242
91.25 91.2 91.3 0.005450441662
91.35 91.3 91.4 0.008212265532
91.45 91.4 91.5 0.00545391127
91.55 91.5 91.6 0.007415736739
91.65 91.6 91.7 0.004003190055
91.75 91.7 91.8 0.008245383585
91.85 91.8 91.9 0.005142519729
91.95 91.9 92 0.005329066137
92.05 92 92.1 0.006907834576
92.15 92.1 92.2 0.005314779503
92.25 92.2 92.3 0.008250280295
92.35 92.3 92.4 0.006690399598
92.45 92.4 92.5 0.005206521967
92.55 92.5 92.6 0.00486625391
92.65 92.6 92.7 0.007497400648
92.75 92.7 92.8 0.007499655505
92.85 92.8 92.9 0.005405905804
92.95 92.9 93 0.007501446922
93.05 93 93.1 0.006359836733
93.15 93.1 93.2 0.006975873072
93.25 93.2 93.3 0.007197042685
93.35 93.3 93.4 0.007085527359
93.45 93.4 93.5 0.003782960188
93.55 93.5 93.6 0.004733514987
93.65 93.6 93.7 0.007963781149
93.75 93.7 93.8 0.005885755839
93.85 93.8 93.9 0.005743806475
93.95 93.9 94 0.007907639177
94.05 94 94.1 0.007880543165
94.15 94.1 94.2 0.004797668611
94.25 94.2 94.3 0.004696179107
94.35 94.3 94.4 0.005878193875
94.45 94.4 94.5 0.006968054269
94.55 94.5 94.6 0.008342692842
94.65 94.6 94.7 0.008096166601
94.75 94.7 94.8 0.007726387709
94.85 94.8 94.9 0.006279649592
94.95 94.9 95 0.00739107368
95.05 95 95.1 0.009639132523
95.15 95.1 95.2 0.007705548589
95.25 95.2 95.3 0.007891789562
95.35 95.3 95.4 0.0067829432
95.45 95.4 95.5 0.007927685694
95.55 95.5 95.6 0.007446240454
95.65 95.6 95.7 0.00728525682
95.75 95.7 95.8 0.005652202758
95.85 95.8 95.9 0.00674033619
95.95 95.9 96 0.009243353812
96.05 96 96.1 0.008107684211
96.15 96.1 96.2 0.004908209158
96.25 96.2 96.3 0.003917758004
96.35 96.3 96.4 0.008250374613
96.45 96.4 96.5 0.004998004912
96.55 96.5 96.6 0.006255779903
96.65 96.6 96.7 0.007687444437
96.75 96.7 96.8 0.00650705514
96.85 96.8 96.9 0.007696673099
96.95 96.9 97 0.005817957059
97.05 97 97.1 0.005740457527
97.15 97.1 97.2 0.009117616832
97.25 97.2 97.3 0.007406783442
97.35 97.3 97.4 0.007873463298
97.45 97.4 97.5 0.00862585943
97.55 97.5 97.6 0.00738791864
97.65 97.6 97.7 0.00614545912
97.75 97.7 97.8 0.005674807553
97.85 97.8 97.9 0.004979202833
97.95 97.9 98 0.005967302774
98.05 98 98.1 0.006139766837
98.15 98.1 98.2 0.008008944273
98.25 98.2 98.3 0.00674491735
98.35 98.3 98.4 0.005843641335
98.45 98.4 98.5 0.005566739037
98.55 98.5 98.6 0.0074240645
98.65 98.6 98.7 0.01081607602
98.75 98.7 98.8 0.00567742319
98.85 98.8 98.9 0.005133786929
98.95 98.9 99 0.006155177426
99.05 99 99.1 0.005394242612
99.15 99.1 99.2 0.008286926905
99.25 99.2 99.3 0.006575198453
99.35 99.3 99.4 0.007851085932
99.45 99.4 99.5 0.007547091062
99.55 99.5 99.6 0.006062376042
99.65 99.6 99.7 0.00544611512
99.75 99.7 99.8 0.006292458083
99.85 99.8 99.9 0.008845070837
99.95 99.9 100 0.008583902994
100.05 100 100.1 0.0067619116
100.15 100.1 100.2 0.008341276968
100.25 100.2 100.3 0.009993502555
100.35 100.3 100.4 0.006826839344
100.45 100.4 100.5 0.006156897796
100.55 100.5 100.6 0.006700909115
100.65 100.6 100.7 0.007646707262
100.75 100.7 100.8 0.006445523179
100.85 100.8 100.9 0.006303975781
100.95 100.9 101 0.006814004647
101.05 101 101.1 0.008878339526
101.15 101.1 101.2 0.006754965955
101.25 101.2 101.3 0.00842139899
101.35 101.3 101.4 0.008196580537
101.45 101.4 101.5 0.006107317839
101.55 101.5 101.6 0.006742487833
101.65 101.6 101.7 0.005295029282
101.75 101.7 101.8 0.006296248503
101.85 101.8 101.9 0.005342290319
101.95 101.9 102 0.007026343653
102.05 102 102.1 0.007891180399
102.15 102.1 102.2 0.005881560445
102.25 102.2 102.3 0.008668957992
102.35 102.3 102.4 0.004537747781
102.45 102.4 102.5 0.004721863806
102.55 102.5 102.6 0.004995744772
102.65 102.6 102.7 0.006940329008
102.75 102.7 102.8 0.008593485986
102.85 102.8 102.9 0.006971256149
102.95 102.9 103 0.005218042279
103.05 103 103.1 0.007140818259
103.15 103.1 103.2 0.005970553616
103.25 103.2 103.3 0.005386327842
103.35 103.3 103.4 0.007361544803
103.45 103.4 103.5 0.007647416509
103.55 103.5 103.6 0.007643449964
103.65 103.6 103.7 0.007839463438
103.75 103.7 103.8 0.006847002066
103.85 103.8 103.9 0.005002523365
103.95 103.9 104 0.006257863748
104.05 104 104.1 0.006116840345
104.15 104.1 104.2 0.005925852385
104.25 104.2 104.3 0.006072503715
104.35 104.3 104.4 0.004769634917
104.45 104.4 104.5 0.006691201237
104.55 104.5 104.6 0.006438931574
104.65 104.6 104.7 0.005493910342
104.75 104.7 104.8 0.007355338784
104.85 104.8 104.9 0.00620166827
104.95 104.9 105 0.004428030054
105.05 105 105.1 0.004516743342
105.15 105.1 105.2 0.007754652188
105.25 105.2 105.3 0.004049350841
105.35 105.3 105.4 0.006862012169
105.45 105.4 105.5 0.007214556825
105.55 105.5 105.6 0.005598149333
105.65 105.6 105.7 0.007915454196
105.75 105.7 105.8 0.008463886453
105.85 105.8 105.9 0.006118068902
105.95 105.9 106 0.005662388794
106.05 106 106.1 0.007413271487
106.15 106.1 106.2 0.007158915206
106.25 106.2 106.3 0.007060859734
106.35 106.3 106.4 0.00346526093
106.45 106.4 106.5 0.007201846632
106.55 106.5 106.6 0.006293289576
106.65 106.6 106.7 0.006838317484
106.75 106.7 106.8 0.007473314479
106.85 106.8 106.9 0.003657833132
106.95 106.9 107 0.009159197797
107.05 107 107.1 0.006729416118
107.15 107.1 107.2 0.006456012488
107.25 107.2 107.3 0.00571599888
107.35 107.3 107.4 0.003812582554
107.45 107.4 107.5 0.007223814359
107.55 107.5 107.6 0.004755512987
107.65 107.6 107.7 0.005030789796
107.75 107.7 107.8 0.003476629784
107.85 107.8 107.9 0.004914947682
107.95 107.9 108 0.006623872226
108.05 108 108.1 0.006037961654
108.15 108.1 108.2 0.004587575283
108.25 108.2 108.3 0.005429264243
108.35 108.3 108.4 0.004205612409
108.45 108.4 108.5 0.006172163713
108.55 108.5 108.6 0.005683843373
108.65 108.6 108.7 0.005849566829
108.75 108.7 108.8 0.004605388261
108.85 108.8 108.9 0.005127476093
108.95 108.9 109 0.00551114327
109.05 109 109.1 0.004154454918
109.15 109.1 109.2 0.006846264161
109.25 109.2 109.3 0.004803562851
109.35 109.3 109.4 0.004657271625
109.45 109.4 109.5 0.005623660838
109.55 109.5 109.6 0.006710051544
109.65 109.6 109.7 0.005030266773
109.75 109.7 109.8 0.00582879888
109.85 109.8 109.9 0.005028058148
109.95 109.9 110 0.003993285368
110.05 110 110.1 0.00521667025
110.15 110.1 110.2 0.004964891692
110.25 110.2 110.3 0.006140018523
110.35 110.3 110.4 0.004067582084
110.45 110.4 110.5 0.006925231297
110.55 110.5 110.6 0.00634607304
110.65 110.6 110.7 0.005565054357
110.75 110.7 110.8 0.006046651883
110.85 110.8 110.9 0.006312952605
110.95 110.9 111 0.005485079175
111.05 111 111.1 0.004175745983
111.15 111.1 111.2 0.006761973335
111.25 111.2 111.3 0.00639000421
111.35 111.3 111.4 0.008215561899
111.45 111.4 111.5 0.005393785986
111.55 111.5 111.6 0.006464544351
111.65 111.6 111.7 0.004190884932
111.75 111.7 111.8 0.004198404383
111.85 111.8 111.9 0.004150005468
111.95 111.9 112 0.005155451519
112.05 112 112.1 0.003592017363
112.15 112.1 112.2 0.00485455377
112.25 112.2 112.3 0.005524077203
112.35 112.3 112.4 0.005230017513
112.45 112.4 112.5 0.005387686534
112.55 112.5 112.6 0.005975607995
112.65 112.6 112.7 0.003667467187
112.75 112.7 112.8 0.005894741842
112.85 112.8 112.9 0.003472247326
112.95 112.9 113 0.003709956447
113.05 113 113.1 0.00596157944
113.15 113.1 113.2 0.00430477146
113.25 113.2 113.3 0.006698373699
113.35 113.3 113.4 0.004579420561
113.45 113.4 113.5 0.004765017394
113.55 113.5 113.6 0.00551072139
113.65 113.6 113.7 0.004901460968
113.75 113.7 113.8 0.004292571226
113.85 113.8 113.9 0.003362233565
113.95 113.9 114 0.003068230909
114.05 114 114.1 0.003561821476
114.15 114.1 114.2 0.004079728219
114.25 114.2 114.3 0.003890482978
114.35 114.3 114.4 0.004721303887
114.45 114.4 114.5 0.004140009159
114.55 114.5 114.6 0.004234575994
114.65 114.6 114.7 0.00286198019
114.75 114.7 114.8 0.003321857545
114.85 114.8 114.9 0.004699519011
114.95 114.9 115 0.005510348721
115.05 115 115.1 0.004787242373
115.15 115.1 115.2 0.003338942393
115.25 115.2 115.3 0.003208418944
115.35 115.3 115.4 0.005200881449
115.45 115.4 115.5 0.004080587076
115.55 115.5 115.6 0.003270929265
115.65 115.6 115.7 0.003901184246
115.75 115.7 115.8 0.003616131719
115.85 115.8 115.9 0.003786036626
115.95 115.9 116 0.003365930029
116.05 116 116.1 0.002795272167
116.15 116.1 116.2 0.003874604955
116.25 116.2 116.3 0.003153722049
116.35 116.3 116.4 0.003992766615
116.45 116.4 116.5 0.004736667574
116.55 116.5 116.6 0.003135018413
116.65 116.6 116.7 0.002543201182
116.75 116.7 116.8 0.0008266387176
116.85 116.8 116.9 0.001913048939
116.95 116.9 117 0.003859365174
117.05 117 117.1 0.003397298488
117.15 117.1 117.2 0.002970507765
117.25 117.2 117.3 0.002376790937
117.35 117.3 117.4 0.003393863462
117.45 117.4 117.5 0.001182675047
117.55 117.5 117.6 0.003539374055
117.65 117.6 117.7 0.003156845682
117.75 117.7 117.8 0.003314377876
117.85 117.8 117.9 0.003769390497
117.95 117.9 118 0.0005354923713
118.05 118 118.1 0.001861455651
118.15 118.1 118.2 0.003259477523
118.25 118.2 118.3 0.003583788835
118.35 118.3 118.4 0.003415808179
118.45 118.4 118.5 0.004107269977
118.55 118.5 118.6 0.003598514143
118.65 118.6 118.7 0.00264795651
118.75 118.7 118.8 0.002003735998
118.85 118.8 118.9 0.004530564716
118.95 118.9 119 0.003816274315
119.05 119 119.1 0.003383855638
119.15 119.1 119.2 0.003776015865
119.25 119.2 119.3 0.002296159815
119.35 119.3 119.4 0.003134250144
119.45 119.4 119.5 0.003593979353
119.55 119.5 119.6 0.004744244513
119.65 119.6 119.7 0.002240066847
119.75 119.7 119.8 0.00269125788
119.85 119.8 119.9 0.004148414668
119.95 119.9 120 0.001270795528
120.05 120 120.1 0.002995227027
120.15 120.1 120.2 0.003757364379
120.25 120.2 120.3 0.002650972922
120.35 120.3 120.4 0.002213581969
120.45 120.4 120.5 0.0003689431557
120.55 120.5 120.6 0.003639660519
120.65 120.6 120.7 0.003203276667
120.75 120.7 120.8 0.002895262626
120.85 120.8 120.9 0.002371185447
120.95 120.9 121 0.0005391760212
121.05 121 121.1 0.001985112301
121.15 121.1 121.2 0.003280487864
121.25 121.2 121.3 0.0007137943175
121.35 121.3 121.4 0.001846493184
121.45 121.4 121.5 0.0009877965713
121.55 121.5 121.6 0.003806354454
121.65 121.6 121.7 0.001053076484
121.75 121.7 121.8 0.001306622741
121.85 121.8 121.9 0.002916733488
121.95 121.9 122 0.002123083512
122.05 122 122.1 0.0007653419322
122.15 122.1 122.2 0.002846702233
122.25 122.2 122.3 0.003229057951
122.35 122.3 122.4 0.002309674108
122.45 122.4 122.5 0.002946161206
122.55 122.5 122.6 0.002656313861
122.65 122.6 122.7 0.004028566117
122.75 122.7 122.8 0.00379988137
122.85 122.8 122.9 0.001947268433
122.95 122.9 123 0.002067260703
123.05 123 123.1 0.001269370742
123.15 123.1 123.2 0.003918221667
123.25 123.2 123.3 0.002389200945
123.35 123.3 123.4 0.002110907091
123.45 123.4 123.5 0.002962042082
123.55 123.5 123.6 0.001140220606
123.65 123.6 123.7 0.002933361217
123.75 123.7 123.8 0.001672573895
123.85 123.8 123.9 0.001689738753
123.95 123.9 124 0.003773893764
124.05 124 124.1 0.00151802209
124.15 124.1 124.2 0.00354238907
124.25 124.2 124.3 0.002128522374
124.35 124.3 124.4 0.003219827576
124.45 124.4 124.5 0.002879443344
124.55 124.5 124.6 0.003062759879
124.65 124.6 124.7 0.001156854378
124.75 124.7 124.8 0.00323138206
124.85 124.8 124.9 0.003955927741
124.95 124.9 125 0.003590692086
125.05 125 125.1 0.001058235571
125.15 125.1 125.2 0.002449908257
125.25 125.2 125.3 0.002943945414
125.35 125.3 125.4 0.001957907405
125.45 125.4 125.5 0.002183065751
125.55 125.5 125.6 0.001859559275
125.65 125.6 125.7 0.00115429682
125.75 125.7 125.8 0.002243847501
125.85 125.8 125.9 0.0024728246
125.95 125.9 126 0.001370321384
126.05 126 126.1 0.001063356028
126.15 126.1 126.2 0.003276877069
126.25 126.2 126.3 0.001091175896
126.35 126.3 126.4 0.00288809757
126.45 126.4 126.5 0.00144726331
126.55 126.5 126.6 -0.000259087671
126.65 126.6 126.7 0.0005634599379
126.75 126.7 126.8 -0.0006070650172
126.85 126.8 126.9 0.0008883035623
126.95 126.9 127 0.001878075815
127.05 127 127.1 0.002315402591
127.15 127.1 127.2 0.001000704944
127.25 127.2 127.3 0.001218464706
127.35 127.3 127.4 0.00196544474
127.45 127.4 127.5 0.0003891658035
127.55 127.5 127.6 0.002107914276
127.65 127.6 127.7 0.0004387348872
127.75 127.7 127.8 0.001758199572
127.85 127.8 127.9 0.003007946391
127.95 127.9 128 0.001968582805
128.05 128 128.1 0.001182407718
128.15 128.1 128.2 -0.0004961765134
128.25 128.2 128.3 0.00238419817
128.35 128.3 128.4 0.0003020078275
128.45 128.4 128.5 0.001360235942
128.55 128.5 128.6 0.000426531534
128.65 128.6 128.7 0.003474901645
128.75 128.7 128.8 -0.0007926483567
128.85 128.8 128.9 0.0002426044279
128.95 128.9 129 0.0004899231601
129.05 129 129.1 0.001963237329
129.15 129.1 129.2 0.0007587738335
129.25 129.2 129.3 0.002217858783
129.35 129.3 129.4 0.003130574395
129.45 129.4 129.5 0.003043905608
129.55 129.5 129.6 0.002263163494
129.65 129.6 129.7 0.0002752563291
129.75 129.7 129.8 0.002281031681
129.85 129.8 129.9 0.0004765580151
129.95 129.9 130 -0.0001189295608
130.05 130 130.1 0.001853176379
130.15 130.1 130.2 0.001160071544
130.25 130.2 130.3 0.000441925689
130.35 130.3 130.4 -0.0008163510846
130.45 130.4 130.5 0.001734200445
130.55 130.5 130.6 -0.0002573478415
130.65 130.6 130.7 -0.0004658947998
130.75 130.7 130.8 -0.0001486271688
130.85 130.8 130.9 -5.483241636e-05
130.95 130.9 131 0.002084809581
131.05 131 131.1 0.003085551465
131.15 131.1 131.2 0.0007069956411
131.25 131.2 131.3 -0.0005515487859
131.35 131.3 131.4 0.001589681655
131.45 131.4 131.5 -0.0006812325153
131.55 131.5 131.6 -1.951230894e-05
131.65 131.6 131.7 0.001730618071
131.75 131.7 131.8 0.001348966557
131.85 131.8 131.9 0.001708499612
131.95 131.9 132 0.0002532360893
132.05 132 132.1 0.002783593529
132.15 132.1 132.2 0.0003786071144
132.25 132.2 132.3 -0.0001228100461
132.35 132.3 132.4 -0.0002230327587
132.45 132.4 132.5 -0.001140086424
132.55 132.5 132.6 -0.002252700205
132.65 132.6 132.7 -0.0008170969827
132.75 132.7 132.8 0.0003995716153
132.85 132.8 132.9 -0.00118971656
132.95 132.9 133 0.0007265207892
133.05 133 133.1 0.002371457342
133.15 133.1 133.2 -0.001484522042
133.25 133.2 133.3 0.0009887889063
133.35 133.3 133.4 0.002008729298
133.45 133.4 133.5 0.0001102403474
133.55 133.5 133.6 -1.887227815e-06
133.65 133.6 133.7 -0.0003196759695
133.75 133.7 133.8 0.0007339879659
133.85 133.8 133.9 -9.95766098e-05
133.95 133.9 134 -0.0002190093305
134.05 134 134.1 0.001786307652
134.15 134.1 134.2 0.001254065696
134.25 134.2 134.3 -0.001449039806
134.35 134.3 134.4 -5.678767923e-05
134.45 134.4 134.5 0.002253469306
134.55 134.5 134.6 0.0004269521445
134.65 134.6 134.7 0.0006630097596
134.75 134.7 134.8 -0.0008580414805
134.85 134.8 134.9 0.001539597378
134.95 134.9 135 -0.0009967958982
135.05 135 135.1 0.001072661388
135.15 135.1 135.2 -0.0009110337982
135.25 135.2 135.3 5.397163358e-05
135.35 135.3 135.4 0.0001685052565
135.45 135.4 135.5 0.001112962764
135.55 135.5 135.6 -0.000828296354
135.65 135.6 135.7 0.0005101828819
135.75 135.7 135.8 0.001403381508
135.85 135.8 135.9 -0.001990827993
135.95 135.9 136 0.0008413342484
136.05 136 136.1 -0.0008010187343
136.15 136.1 136.2 -0.0002584427669
136.25 136.2 136.3 -0.001517826552
136.35 136.3 136.4 -0.00190133201
136.45 136.4 136.5 0.0003687182445
136.55 136.5 136.6 -0.001685403002
136.65 136.6 136.7 -0.00122426095
136.75 136.7 136.8 0.0001616613982
136.85 136.8 136.9 0.0005284750881
136.95 136.9 137 -0.0002675406133
137.05 137 137.1 0.00109013929
137.15 137.1 137.2 -0.0002745855838
137.25 137.2 137.3 -0.0002215023349
137.35 137.3 137.4 -0.00190482614
137.45 137.4 137.5 0.00148691008
137.55 137.5 137.6 -0.0003528079413
137.65 137.6 137.7 0.0006229066429
137.75 137.7 137.8 -0.0002846300996
137.85 137.8 137.9 -0.001090228142
137.95 137.9 138 0.001443697347
138.05 138 138.1 -0.0008830841809
138.15 138.1 138.2 -0.001076119636
138.25 138.2 138.3 0.0004238078918
138.35 138.3 138.4 0.001072244788
138.45 138.4 138.5 0.0006423928784
138.55 138.5 138.6 0.0007313160134
138.65 138.6 138.7 -0.0002727134671
138.75 138.7 138.8 -0.00204490977
138.85 138.8 138.9 -4.671749913e-05
138.95 138.9 139 0.0003724571716
139.05 139 139.1 -0.001425607822
139.15 139.1 139.2 -1.505098698e-05
139.25 139.2 139.3 0.0009053091873
139.35 139.3 139.4 0.0003973421076
139.45 139.4 139.5 -0.00226135443
139.55 139.5 139.6 0.0007046667514
139.65 139.6 139.7 -0.0002489920655
139.75 139.7 139.8 0.0003996530958
139.85 139.8 139.9 -0.0001782854207
139.95 139.9 140 0.0007247609975
140.05 140 140.1 -0.000146333031
140.15 140.1 140.2 -0.0004736053445
140.25 140.2 140.3 0.001086903329
140.35 140.3 140.4 -0.0009678622581
140.45 140.4 140.5 -0.0003706664434
140.55 140.5 140.6 -0.001216004809
140.65 140.6 140.7 -0.0001775673166
140.75 140.7 140.8 0.001096357481
140.85 140.8 140.9 0.001001870754
140.95 140.9 141 0.00169950082
141.05 141 141.1 0.0009360299744
141.15 141.1 141.2 0.0009391830919
141.25 141.2 141.3 0.0007198267422
141.35 141.3 141.4 0.0004295925213
141.45 141.4 141.5 0.0004531732389
141.55 141.5 141.6 -0.0003497027367
141.65 141.6 141.7 -0.0001213244356
141.75 141.7 141.8 -0.001249241629
141.85 141.8 141.9 0.002543110317
141.95 141.9 142 6.189742472e-05
142.05 142 142.1 -7.620941933e-05
142.15 142.1 142.2 -0.0004004371146
142.25 142.2 142.3 -0.001182507176
142.35 142.3 142.4 0.0008546356471
142.45 142.4 142.5 0.0005641535352
142.55 142.5 142.6 0.001572953474
142.65 142.6 142.7 -0.0001139290663
142.75 142.7 142.8 0.001852857963
142.85 142.8 142.9 0.0004005725009
142.95 142.9 143 -0.0006847442741
143.05 143 143.1 0.001069914142
143.15 143.1 143.2 0.00123407952
143.25 143.2 143.3 0.001330021946
143.35 143.3 143.4 0.0004812056259
143.45 143.4 143.5 0.0009022973351
143.55 143.5 143.6 -0.0002492997661
143.65 143.6 143.7 -0.001233427112
143.75 143.7 143.8 9.070255548e-05
143.85 143.8 143.9 0.001558303906
143.95 143.9 144 0.001293649937
144.05 144 144.1 0.0008071335966
144.15 144.1 144.2 0.0004860836369
144.25 144.2 144.3 -0.0002154118143
144.35 144.3 144.4 3.073386186e-05
144.45 144.4 144.5 0.001928383693
144.55 144.5 144.6 0.0008896344379
144.65 144.6 144.7 0.001708229848
144.75 144.7 144.8 0.000714188733
144.85 144.8 144.9 0.001273048389
144.95 144.9 145 0.001356040805
145.05 145 145.1 0.00121807682
145.15 145.1 145.2 0.001311420132
145.25 145.2 145.3 0.0008284211699
145.35 145.3 145.4 -0.0006252988834
145.45 145.4 145.5 0.0007643652538
145.55 145.5 145.6 0.002553437567
145.65 145.6 145.7 0.0004336657033
145.75 145.7 145.8 -0.0004418981365
145.85 145.8 145.9 0.001184794883
145.95 145.9 146 0.0005248034652
146.05 146 146.1 0.000793904281
146.15 146.1 146.2 5.168991151e-05
146.25 146.2 146.3 0.002385321699
146.35 146.3 146.4 0.001118940829
146.45 146.4 146.5 0.001278751592
146.55 146.5 146.6 -0.0007418728537
146.65 146.6 146.7 0.000716738254
146.75 146.7 146.8 0.0007829165672
146.85 146.8 146.9 0.001163637312
146.95 146.9 147 0.000812639923
147.05 147 147.1 -0.0001526682964
147.15 147.1 147.2 0.001029651768
147.25 147.2 147.3 0.001525534569
147.35 147.3 147.4 0.002594485376
147.45 147.4 147.5 0.0008670174105
147.55 147.5 147.6 0.002148333768
147.65 147.6 147.7 0.001109065034
147.75 147.7 147.8 0.0004284212171
147.85 147.8 147.9 -5.500607922e-06
147.95 147.9 148 0.001854733169
148.05 148 148.1 0.003284740448
148.15 148.1 148.2 5.633853392e-06
148.25 148.2 148.3 0.001425222568
148.35 148.3 148.4 0.002890231728
148.45 148.4 148.5 8.767247463e-05
148.55 148.5 148.6 0.00147799581
148.65 148.6 148.7 0.0005913759305
148.75 148.7 148.8 6.459539142e-06
148.85 148.8 148.9 0.001284500885
148.95 148.9 149 -0.001371541355
149.05 149 149.1 0.0001754273464
149.15 149.1 149.2 0.001261735865
149.25 149.2 149.3 0.001360868968
149.35 149.3 149.4 -0.0005798131344
149.45 149.4 149.5 0.001695088532
149.55 149.5 149.6 0.0001802248861
149.65 149.6 149.7 0.0009236404484
149.75 149.7 149.8 0.001899336648
149.85 149.8 149.9 -0.0001365013321
149.95 149.9 150 -0.0005931525464
150.05 150 150.1 0.000972987118
150.15 150.1 150.2 0.0002732474466
150.25 150.2 150.3 0.0002653850581
150.35 150.3 150.4 0.0001879885833
150.45 150.4 150.5 0.000135086284
150.55 150.5 150.6 0.001681017808
150.65 150.6 150.7 -0.0001297485023
150.75 150.7 150.8 -0.001588934746
150.85 150.8 150.9 0.0009868668192
150.95 150.9 151 -0.0002937912458
151.05 151 151.1 0.002988195262
151.15 151.1 151.2 0.00107077254
151.25 151.2 151.3 0.000157262477
151.35 151.3 151.4 -0.001452958452
151.45 151.4 151.5 0.001833082725
151.55 151.5 151.6 0.001055390808
151.65 151.6 151.7 0.001772743481
151.75 151.7 151.8 0.001260099065
151.85 151.8 151.9 0.000170588965
151.95 151.9 152 -0.0007787211052
152.05 152 152.1 0.002705861998
152.15 152.1 152.2 -0.0004379266689
152.25 152.2 152.3 0.002191611845
152.35 152.3 152.4 0.0001667206145
152.45 152.4 152.5 5.71776992e-05
152.55 152.5 152.6 0.0001306158708
152.65 152.6 152.7 0.0002955242695
152.75 152.7 152.8 0.001011497424
152.85 152.8 152.9 0.000622074479
152.95 152.9 153 -0.0002376563844
153.05 153 153.1 0.0007690417978
153.15 153.1 153.2 -6.05742816e-05
153.25 153.2 153.3 0.001026399263
153.35 153.3 153.4 0.001918077078
153.45 153.4 153.5 -0.0009460753882
153.55 153.5 153.6 0.001547163273
153.65 153.6 153.7 0.001044233488
153.75 153.7 153.8 0.001277876306
153.85 153.8 153.9 0.001039244409
153.95 153.9 154 0.00175272368
154.05 154 154.1 0.00308389487
154.15 154.1 154.2 -3.032654466e-05
154.25 154.2 154.3 0.0003920165669
154.35 154.3 154.4 0.0002605183927
154.45 154.4 154.5 0.001260939916
154.55 154.5 154.6 0.0002423720081
154.65 154.6 154.7 0.001163451936
154.75 154.7 154.8 0.001065525185
154.85 154.8 154.9 -0.0003792767687
154.95 154.9 155 0.0008037728542
155.05 155 155.1 0.001542351887
155.15 155.1 155.2 0.0003112519682
155.25 155.2 155.3 -3.725940963e-05
155.35 155.3 155.4 0.0003119414058
155.45 155.4 155.5 -0.000784629136
155.55 155.5 155.6 0.002721760732
155.65 155.6 155.7 0.0009511340394
155.75 155.7 155.8 0.001233720913
155.85 155.8 155.9 0.001955630563
155.95 155.9 156 0.0003593711886
156.05 156 156.1 0.0007651611963
156.15 156.1 156.2 0.002416261311
156.25 156.2 156.3 0.0009167492805
156.35 156.3 156.4 0.001178102761
156.45 156.4 156.5 0.001535527642
156.55 156.5 156.6 0.001924789512
156.65 156.6 156.7 0.001720576997
156.75 156.7 156.8 5.001746426e-05
156.85 156.8 156.9 0.001306054789
156.95 156.9 157 0.001091406931
157.05 157 157.1 0.001334429194
157.15 157.1 157.2 0.0009599473095
157.25 157.2 157.3 0.001124411388
157.35 157.3 157.4 0.001820499013
157.45 157.4 157.5 -0.0001543548417
157.55 157.5 157.6 0.000121329554
157.65 157.6 157.7 0.002166850181
157.75 157.7 157.8 0.001775347629
157.85 157.8 157.9 0.0006450914832
157.95 157.9 158 -0.0004474617272
158.05 158 158.1 0.002210128177
158.15 158.1 158.2 0.001660550581
158.25 158.2 158.3 0.002349161259
158.35 158.3 158.4 0.0006083008319
158.45 158.4 158.5 0.000401273507
158.55 158.5 158.6 0.0008363881291
158.65 158.6 158.7 0.002024158085
158.75 158.7 158.8 0.001553661621
158.85 158.8 158.9 0.0002888621986
158.95 158.9 159 0.002340443282
159.05 159 159.1 -4.986237551e-05
159.15 159.1 159.2 0.0008297766131
159.25 159.2 159.3 0.002730837961
159.35 159.3 159.4 0.001921628923
159.45 159.4 159.5 0.0007279790284
159.55 159.5 159.6 0.0002666265615
159.65 159.6 159.7 -0.0001345581564
159.75 159.7 159.8 0.001367727429
159.85 159.8 159.9 0.001863993135
159.95 159.9 160 0.0009411089443
160.05 160 160.1 0.00134336889
160.15 160.1 160.2 -0.0004298718833
160.25 160.2 160.3 0.001673644639
160.35 160.3 160.4 0.0008779471091
160.45 160.4 160.5 -0.0006363567434
160.55 160.5 160.6 0.001194438471
160.65 160.6 160.7 0.000685128314
160.75 160.7 160.8 0.0004788788923
160.85 160.8 160.9 0.0001349080494
160.95 160.9 161 -0.0008922619601
161.05 161 161.1 0.0007244120389
161.15 161.1 161.2 0.000699425217
161.25 161.2 161.3 0.001271785709
161.35 161.3 161.4 0.0008852090979
161.45 161.4 161.5 0.0008288670648
161.55 161.5 161.6 -0.0010140653
161.65 161.6 161.7 0.00121926748
161.75 161.7 161.8 0.0008291654671
161.85 161.8 161.9 -0.0005550837907
161.95 161.9 162 -0.0001194642488
162.05 162 162.1 0.001928545467
162.15 162.1 162.2 0.001335107389
162.25 162.2 162.3 0.001832581158
162.35 162.3 162.4 0.0004351402683
162.45 162.4 162.5 -0.0002359828503
162.55 162.5 162.6 0.001199984972
162.65 162.6 162.7 0.0005137821978
162.75 162.7 162.8 0.0001319757424
162.85 162.8 162.9 0.0002252444023
162.95 162.9 163 -0.0002490660472
163.05 163 163.1 0.002637345313
163.15 163.1 163.2 -0.0008420588403
163.25 163.2 163.3 -0.001754550911
163.35 163.3 163.4 7.272534998e-05
163.45 163.4 163.5 -0.000911947869
163.55 163.5 163.6 0.0005800878938
163.65 163.6 163.7 0.001321912202
163.75 163.7 163.8 0.001417066271
163.85 163.8 163.9 0.001188226034
163.95 163.9 164 0.002453636238
164.05 164 164.1 -0.001260996509
164.15 164.1 164.2 0.0007927963867
164.25 164.2 164.3 -0.0007598273333
164.35 164.3 164.4 0.0007635663084
164.45 164.4 164.5 0.001412360439
164.55 164.5 164.6 0.001739400471
164.65 164.6 164.7 0.002051847762
164.75 164.7 164.8 0.0008773428407
164.85 164.8 164.9 0.0007765396807
164.95 164.9 165 0.0003362420158
165.05 165 165.1 -0.0008804216335
165.15 165.1 165.2 0.0006516788705
165.25 165.2 165.3 0.001399463548
165.35 165.3 165.4 0.0006747597496
165.45 165.4 165.5 3.552579714e-05
165.55 165.5 165.6 -0.0003979075784
165.65 165.6 165.7 -0.001010279237
165.75 165.7 165.8 0.0008274105487
165.85 165.8 165.9 0.0003014475234
165.95 165.9 166 0.001159468652
166.05 166 166.1 0.0003207389741
166.15 166.1 166.2 0.0003372436088
166.25 166.2 166.3 0.0002017297926
166.35 166.3 166.4 -0.001316567802
166.45 166.4 166.5 -0.0003450439491
166.55 166.5 166.6 0.0007216618189
166.65 166.6 166.7 -0.001232195353
166.75 166.7 166.8 6.961840527e-05
166.85 166.8 166.9 0.0007945545705
166.95 166.9 167 -0.0006546654019
167.05 167 167.1 -0.0001986153199
167.15 167.1 167.2 0.001476695097
167.25 167.2 167.3 -0.001471416197
167.35 167.3 167.4 0.000362782701
167.45 167.4 167.5 0.0003937487294
167.55 167.5 167.6 -0.0003338516655
167.65 167.6 167.7 -0.000442664785
167.75 167.7 167.8 0.0008009287703
167.85 167.8 167.9 -0.0007252298264
167.95 167.9 168 4.169560756e-05
168.05 168 168.1 -0.0003826395325
168.15 168.1 168.2 -0.0009980303783
168.25 168.2 168.3 0.0007154397611
168.35 168.3 168.4 -0.0009163725113
168.45 168.4 168.5 0.0006594950848
168.55 168.5 168.6 -0.000571596887
168.65 168.6 168.7 0.0005899206979
168.75 168.7 168.8 -0.000432288445
168.85 168.8 168.9 -0.0001479793633
168.95 168.9 169 -0.0007316250065
169.05 169 169.1 -0.0005767987096
169.15 169.1 169.2 -0.0006363528174
169.25 169.2 169.3 -0.0009528999916
169.35 169.3 169.4 0.0002053337419
169.45 169.4 169.5 -0.002134016232
169.55 169.5 169.6 -0.001201717737
169.65 169.6 169.7 0.0002315193767
169.75 169.7 169.8 0.0004973869468
169.85 169.8 169.9 0.00110451006
169.95 169.9 170 -0.0004719432939
170.05 170 170.1 0.0005143989195
170.15 170.1 170.2 0.0005267185107
170.25 170.2 170.3 0.000260638375
170.35 170.3 170.4 -0.001667136212
170.45 170.4 170.5 -0.0002038540252
170.55 170.5 170.6 0.0008054149465
170.65 170.6 170.7 -0.0007161868676
170.75 170.7 170.8 -0.0005437899362
170.85 170.8 170.9 -8.457849926e-05
170.95 170.9 171 -0.0002483169725
171.05 171 171.1 0.001393478605
171.15 171.1 171.2 0.001281281293
171.25 171.2 171.3 0.0002256144389
171.35 171.3 171.4 -0.0003557381643
171.45 171.4 171.5 -0.0005816582949
171.55 171.5 171.6 -0.001690925704
171.65 171.6 171.7 -0.001430819102
171.75 171.7 171.8 -0.0001390537649
171.85 171.8 171.9 -0.0008223994465
171.95 171.9 172 0.0008794915579
172.05 172 172.1 -0.0003022708416
172.15 172.1 172.2 -0.0003914959321
172.25 172.2 172.3 0.00105238433
172.35 172.3 172.4 0.0004556872857
172.45 172.4 172.5 0.0009399851819
172.55 172.5 172.6 -0.0003821754269
172.65 172.6 172.7 -0.0002601090232
172.75 172.7 172.8 0.0003165634992
172.85 172.8 172.9 0.00139914335
172.95 172.9 173 -0.0001609183395
173.05 173 173.1 0.0009151968062
173.15 173.1 173.2 0.0008978659664
173.25 173.2 173.3 0.001214022308
173.35 173.3 173.4 0.0001448793284
173.45 173.4 173.5 0.0009514554689
173.55 173.5 173.6 0.0005463070128
173.65 173.6 173.7 -0.0009785238838
173.75 173.7 173.8 0.0006381199933
173.85 173.8 173.9 0.0004256934986
173.95 173.9 174 1.429885659e-06
174.05 174 174.1 0.001230713033
174.15 174.1 174.2 7.802181497e-05
174.25 174.2 174.3 0.00204244419
174.35 174.3 174.4 0.000494751313
174.45 174.4 174.5 0.0002575944754
174.55 174.5 174.6 -0.0006600620565
174.65 174.6 174.7 -0.0004706290853
174.75 174.7 174.8 0.001591490983
174.85 174.8 174.9 0.001132811574
174.95 174.9 175 0.0008977539286
175.05 175 175.1 -0.0001253285921
175.15 175.1 175.2 0.0006578982111
175.25 175.2 175.3 0.0004066720711
175.35 175.3 175.4 0.001478240281
175.45 175.4 175.5 0.0001289359631
175.55 175.5 175.6 0.001271722742
175.65 175.6 175.7 0.001078411535
175.75 175.7 175.8 0.0006555366085
175.85 175.8 175.9 0.0009934472915
175.95 175.9 176 0.001190302838
176.05 176 176.1 -0.000672512198
176.15 176.1 176.2 0.0007743074304
176.25 176.2 176.3 0.0007342048722
176.35 176.3 176.4 0.0008684614586
176.45 176.4 176.5 0.00200976804
176.55 176.5 176.6 0.001004459151
176.65 176.6 176.7 0.001888864666
176.75 176.7 176.8 -0.0003251852757
176.85 176.8 176.9 0.0007333348149
176.95 176.9 177 -0.0002873582245
177.05 177 177.1 0.0005260941588
177.15 177.1 177.2 0.00129110186
177.25 177.2 177.3 0.0001444560276
177.35 177.3 177.4 1.26232314e-06
177.45 177.4 177.5 0.001523471186
177.55 177.5 177.6 0.0009355017733
177.65 177.6 177.7 0.0003792751372
177.75 177.7 177.8 0.001527769981
177.85 177.8 177.9 0.001698416925
177.95 177.9 178 0.002800894
178.05 178 178.1 0.0008287418521
178.15 178.1 178.2 0.0006779159511
178.25 178.2 178.3 0.0009364655948
178.35 178.3 178.4 0.001039596897
178.45 178.4 178.5 0.0005693876823
178.55 178.5 178.6 0.001392158973
178.65 178.6 178.7 0.0004831078486
178.75 178.7 178.8 -0.0002027444422
178.85 178.8 178.9 -0.0003606505748
178.95 178.9 179 0.002671126991
179.05 179 179.1 0.002441914964
179.15 179.1 179.2 0.0007412407064
179.25 179.2 179.3 0.000542576193
179.35 179.3 179.4 -8.801975592e-06
179.45 179.4 179.5 0.000841745595
179.55 179.5 179.6 0.000682458515
179.65 179.6 179.7 0.001541034447
179.75 179.7 179.8 0.002647140486
179.85 179.8 179.9 0.0009309807903
179.95 179.9 180 0.0008199352796
180.05 180 180.1 0.0004274432897
180.15 180.1 180.2 0.000304286649
180.25 180.2 180.3 -6.095146749e-06
180.35 180.3 180.4 0.0005530014092
180.45 180.4 180.5 0.001465592378
180.55 180.5 180.6 0.003940479699
180.65 180.6 180.7 0.002402730825
180.75 180.7 180.8 0.0002371749455
180.85 180.8 180.9 0.001499366306
180.95 180.9 181 0.001656506289
181.05 181 181.1 0.001031992133
181.15 181.1 181.2 0.0007895196451
181.25 181.2 181.3 0.0008257658336
181.35 181.3 181.4 0.0004030756903
181.45 181.4 181.5 0.0008567642255
181.55 181.5 181.6 0.001087133065
181.65 181.6 181.7 0.002598542983
181.75 181.7 181.8 0.0003660480403
181.85 181.8 181.9 0.0006678819701
181.95 181.9 182 0.001070706853
182.05 182 182.1 0.002062072698
182.15 182.1 182.2 0.0009286931237
182.25 182.2 182.3 0.0005773147462
182.35 182.3 182.4 0.0009793276826
182.45 182.4 182.5 0.001300841635
182.55 182.5 182.6 0.001478569222
182.65 182.6 182.7 0.00274678134
182.75 182.7 182.8 0.001184939541
182.85 182.8 182.9 -0.000900605829
182.95 182.9 183 0.0005046213931
183.05 183 183.1 0.002208662969
183.15 183.1 183.2 0.001760452507
183.25 183.2 183.3 0.0009154669019
183.35 183.3 183.4 0.0002616493944
183.45 183.4 183.5 0.0009405003034
183.55 183.5 183.6 0.0008833517357
183.65 183.6 183.7 -9.532134667e-06
183.75 183.7 183.8 0.0008257925965
183.85 183.8 183.9 0.0007634138176
183.95 183.9 184 0.0007991833966
184.05 184 184.1 0.00106605598
184.15 184.1 184.2 0.001583263348
184.25 184.2 184.3 0.001322742017
184.35 184.3 184.4 0.001497663885
184.45 184.4 184.5 -0.0005908706207
184.55 184.5 184.6 0.001155375728
184.65 184.6 184.7 0.0008932406979
184.75 184.7 184.8 0.00125367037
184.85 184.8 184.9 -4.011714427e-05
184.95 184.9 185 0.0006811550733
185.05 185 185.1 0.000928250544
185.15 185.1 185.2 0.0008966578219
185.25 185.2 185.3 0.001351037628
185.35 185.3 185.4 0.0001526996532
185.45 185.4 185.5 0.001549356406
185.55 185.5 185.6 0.001570780884
185.65 185.6 185.7 0.0005297579731
185.75 185.7 185.8 0.0001556945234
185.85 185.8 185.9 0.0003316977192
185.95 185.9 186 0.0004221595441
186.05 186 186.1 0.0001536506983
186.15 186.1 186.2 0.0008610855434
186.25 186.2 186.3 0.000483519003
186.35 186.3 186.4 0.0008280922588
186.45 186.4 186.5 0.0004936183558
186.55 186.5 186.6 0.001897244054
186.65 186.6 186.7 0.0002260280485
186.75 186.7 186.8 0.0008566771806
186.85 186.8 186.9 -0.0007028869701
186.95 186.9 187 -0.0008001328402
187.05 187 187.1 0.002775487531
187.15 187.1 187.2 0.0001399636161
187.25 187.2 187.3 0.0008996292376
187.35 187.3 187.4 0.0006101571225
187.45 187.4 187.5 -0.0003715998218
187.55 187.5 187.6 0.0008265176439
187.65 187.6 187.7 0.002146628766
187.75 187.7 187.8 0.0008080446563
187.85 187.8 187.9 0.001243422458
187.95 187.9 188 0.001330316783
188.05 188 188.1 0.00121607121
188.15 188.1 188.2 0.0003421731164
188.25 188.2 188.3 0.002168561945
188.35 188.3 188.4 0.0009343833766
188.45 188.4 188.5 0.00135521074
188.55 188.5 188.6 -5.1249835e-06
188.65 188.6 188.7 0.0004497783974
188.75 188.7 188.8 0.001889876335
188.85 188.8 188.9 -9.291143422e-05
188.95 188.9 189 0.0006791766955
189.05 189 189.1 0.0008492428991
189.15 189.1 189.2 0.001719283624
189.25 189.2 189.3 0.001220949191
189.35 189.3 189.4 0.0003190369629
189.45 189.4 189.5 0.00155945558
189.55 189.5 189.6 -0.0007144196435
189.65 189.6 189.7 0.0008968175818
189.75 189.7 189.8 0.0006353065862
189.85 189.8 189.9 0.00101966768
189.95 189.9 190 -0.0008028821225
190.05 190 190.1 0.0007733900833
190.15 190.1 190.2 0.001499839988
190.25 190.2 190.3 0.002228203234
190.35 190.3 190.4 0.0004682168303
190.45 190.4 190.5 0.0007422681714
190.55 190.5 190.6 0.0004448853833
190.65 190.6 190.7 0.001757102214
190.75 190.7 190.8 0.00149867182
190.85 190.8 190.9 0.0009689482665
190.95 190.9 191 0.0001929878637
191.05 191 191.1 0.002256881475
191.15 191.1 191.2 0.0004436709411
191.25 191.2 191.3 0.002277993201
191.35 191.3 191.4 0.000640581349
191.45 191.4 191.5 0.0009381366017
191.55 191.5 191.6 0.0008229545014
191.65 191.6 191.7 0.001192637552
191.75 191.7 191.8 0.001500119594
191.85 191.8 191.9 0.001890854665
191.95 191.9 192 0.001647519267
192.05 192 192.1 0.0002510879707
192.15 192.1 192.2 0.001767355215
192.25 192.2 192.3 0.001524013652
192.35 192.3 192.4 0.00243154325
192.45 192.4 192.5 0.001517248763
192.55 192.5 192.6 0.001665589596
192.65 192.6 192.7 0.0008191726842
192.75 192.7 192.8 0.0001319987266
192.85 192.8 192.9 0.0001954366
192.95 192.9 193 -0.0004673417768
193.05 193 193.1 -0.0002354244425
193.15 193.1 193.2 0.0009150796865
193.25 193.2 193.3 -0.0001221368276
193.35 193.3 193.4 0.001058097174
193.45 193.4 193.5 3.273737706e-05
193.55 193.5 193.6 -0.0002571939205
193.65 193.6 193.7 0.0005131359867
193.75 193.7 193.8 6.72210602e-07
193.85 193.8 193.9 0.0005530050154
193.95 193.9 194 -0.000115779218
194.05 194 194.1 -0.0001790222988
194.15 194.1 194.2 0.0001901109737
194.25 194.2 194.3 -0.0003236834186
194.35 194.3 194.4 0.0002314931752
194.45 194.4 194.5 -0.0002825472092
194.55 194.5 194.6 0.0006491401648
194.65 194.6 194.7 0.001397280738
194.75 194.7 194.8 0.001413066188
194.85 194.8 194.9 0.0002621293477
194.95 194.9 195 0.0002668386782
195.05 195 195.1 -0.0001901866694
195.15 195.1 195.2 0.0008657240108
195.25 195.2 195.3 -7.822123201e-05
195.35 195.3 195.4 0.001447727726
195.45 195.4 195.5 0.001379504761
195.55 195.5 195.6 0.0006870232994
195.65 195.6 195.7 0.0005283891371
195.75 195.7 195.8 0.0005631840049
195.85 195.8 195.9 0.001354541456
195.95 195.9 196 0.001156341249
196.05 196 196.1 0.0001409757463
196.15 196.1 196.2 0.000560134736
196.25 196.2 196.3 0.0003314091004
196.35 196.3 196.4 -0.0001673168198
196.45 196.4 196.5 0.001187195915
196.55 196.5 196.6 0.001467639498
196.65 196.6 196.7 0.0003454198713
196.75 196.7 196.8 0.0001784694103
196.85 196.8 196.9 0.001748838854
196.95 196.9 197 -0.000854602201
197.05 197 197.1 0.0003578263104
197.15 197.1 197.2 0.001133834623
197.25 197.2 197.3 -0.0001021018074
197.35 197.3 197.4 -9.902246308e-05
197.45 197.4 197.5 0.0005147107249
197.55 197.5 197.6 0.001298479107
197.65 197.6 197.7 0.0005217452674
197.75 197.7 197.8 0.001425320008
197.85 197.8 197.9 0.001107225648
197.95 197.9 198 -0.0001153905932
198.05 198 198.1 0.0001448701774
198.15 198.1 198.2 -8.015061351e-05
198.25 198.2 198.3 -0.000547201059
198.35 198.3 198.4 0.001265257915
198.45 198.4 198.5 0.0008135258016
198.55 198.5 198.6 -1.314649919e-05
198.65 198.6 198.7 0.001234348449
198.75 198.7 198.8 0.001645033436
198.85 198.8 198.9 0.000986791106
198.95 198.9 199 -0.001377032976
199.05 199 199.1 -0.0002888162807
199.15 199.1 199.2 -0.0006148524351
199.25 199.2 199.3 0.0001953829176
199.35 199.3 199.4 0.0009704822752
199.45 199.4 199.5 0.001265226735
199.55 199.5 199.6 0.001996133833
199.65 199.6 199.7 0.00130318563
199.75 199.7 199.8 -0.000117918161
199.85 199.8 199.9 0.0009433114013
199.95 199.9 200 0.001965976392
