# Columns: s_cen(1) s_min(2) s_max(3) xi_iso(4)
0.05 0 0.1 45.86410734
0.15 0.1 0.2 12.7558382
0.25 0.2 0.3 13.71767287
0.35 0.3 0.4 19.11495512
0.45 0.4 0.5 21.49929574
0.55 0.5 0.6 22.46000685
0.65 0.6 0.7 21.57093433
0.75 0.7 0.8 20.33147915
0.85 0.8 0.9 20.27202467
0.95 0.9 1 21.76840006
1.05 1 1.1 19.56189563
1.15 1.1 1.2 18.76202152
1.25 1.2 1.3 18.48950337
1.35 1.3 1.4 18.10613802
1.45 1.4 1.5 16.40352921
1.55 1.5 1.6 15.64764486
1.65 1.6 1.7 15.02754931
1.75 1.7 1.8 14.03413196
1.85 1.8 1.9 13.10122938
1.95 1.9 2 12.5595168
2.05 2 2.1 11.67318176
2.15 2.1 2.2 11.06143789
2.25 2.2 2.3 10.16933388
2.35 2.3 2.4 9.895739398
2.45 2.4 2.5 9.171130171
2.55 2.5 2.6 8.803170576
2.65 2.6 2.7 8.235633588
2.75 2.7 2.8 7.623512389
2.85 2.8 2.9 7.360082432
2.95 2.9 3 7.028582727
3.05 3 3.1 6.530398902
3.15 3.1 3.2 6.259841049
3.25 3.2 3.3 5.909598628
3.35 3.3 3.4 5.730807161
3.45 3.4 3.5 5.499386288
3.55 3.5 3.6 5.531191556
3.65 3.6 3.7 5.215253978
3.75 3.7 3.8 5.122051102
3.85 3.8 3.9 4.759752878
3.95 3.9 4 4.623784287
4.05 4 4.1 4.538390728
4.15 4.1 4.2 4.315832694
4.25 4.2 4.3 4.119087089
4.35 4.3 4.4 4.081427854
4.45 4.4 4.5 3.939208881
4.55 4.5 4.6 3.763257106
4.65 4.6 4.7 3.701453053
4.75 4.7 4.8 3.59672102
4.85 4.8 4.9 3.457675767
4.95 4.9 5 3.415362902
5.05 5 5.1 3.280356883
5.15 5.1 5.2 3.156813909
5.25 5.2 5.3 3.139016608
5.35 5.3 5.4 2.978043567
5.45 5.4 5.5 2.879210993
5.55 5.5 5.6 2.941768248
5.65 5.6 5.7 2.835389392
5.75 5.7 5.8 2.725065605
5.85 5.8 5.9 2.679551293
5.95 5.9 6 2.549528157
6.05 6 6.1 2.57782541
6.15 6.1 6.2 2.421759154
6.25 6.2 6.3 2.411758883
6.35 6.3 6.4 2.29567942
6.45 6.4 6.5 2.284640175
6.55 6.5 6.6 2.161148463
6.65 6.6 6.7 2.193118613
6.75 6.7 6.8 2.086004478
6.85 6.8 6.9 2.02128833
6.95 6.9 7 2.002490477
7.05 7 7.1 1.944605661
7.15 7.1 7.2 1.929803598
7.25 7.2 7.3 1.888846507
7.35 7.3 7.4 1.879964751
7.45 7.4 7.5 1.846139256
7.55 7.5 7.6 1.767145437
7.65 7.6 7.7 1.770139542
7.75 7.7 7.8 1.660745874
7.85 7.8 7.9 1.65250971
7.95 7.9 8 1.609433114
8.05 8 8.1 1.546799154
8.15 8.1 8.2 1.539731311
8.25 8.2 8.3 1.512604962
8.35 8.3 8.4 1.485937765
8.45 8.4 8.5 1.455625095
8.55 8.5 8.6 1.41032179
8.65 8.6 8.7 1.458053519
8.75 8.7 8.8 1.358843213
8.85 8.8 8.9 1.373360383
8.95 8.9 9 1.312308036
9.05 9 9.1 1.291877814
9.15 9.1 9.2 1.257612325
9.25 9.2 9.3 1.237660945
9.35 9.3 9.4 1.203489121
9.45 9.4 9.5 1.206015011
9.55 9.5 9.6 1.201545349
9.65 9.6 9.7 1.135963699
9.75 9.7 9.8 1.108758593
9.85 9.8 9.9 1.086230443
9.95 9.9 10 1.058417395
10.05 10 10.1 1.070659274
10.15 10.1 10.2 1.059901782
10.25 10.2 10.3 1.035426519
10.35 10.3 10.4 1.025941561
10.45 10.4 10.5 0.9653822817
10.55 10.5 10.6 0.9919564319
10.65 10.6 10.7 0.9754156089
10.75 10.7 10.8 0.9457230581
10.85 10.8 10.9 0.9191925121
10.95 10.9 11 0.9238894768
11.05 11 11.1 0.8844187172
11.15 11.1 11.2 0.8535668321
11.25 11.2 11.3 0.8420151521
11.35 11.3 11.4 0.8388359562
11.45 11.4 11.5 0.8425126884
11.55 11.5 11.6 0.8174482345
11.65 11.6 11.7 0.8349756251
11.75 11.7 11.8 0.793367217
11.85 11.8 11.9 0.8137787044
11.95 11.9 12 0.7692348127
12.05 12 12.1 0.7680415014
12.15 12.1 12.2 0.7484970025
12.25 12.2 12.3 0.7350992001
12.35 12.3 12.4 0.7299277054
12.45 12.4 12.5 0.7313731267
12.55 12.5 12.6 0.7291465359
12.65 12.6 12.7 0.7076686808
12.75 12.7 12.8 0.7079450382
12.85 12.8 12.9 0.7029493262
12.95 12.9 13 0.6746776229
13.05 13 13.1 0.6601666992
13.15 13.1 13.2 0.6590384415
13.25 13.2 13.3 0.6338909898
13.35 13.3 13.4 0.6392499931
13.45 13.4 13.5 0.6307214793
13.55 13.5 13.6 0.6135612875
13.65 13.6 13.7 0.6112656109
13.75 13.7 13.8 0.5857663486
13.85 13.8 13.9 0.6057800166
13.95 13.9 14 0.561895419
14.05 14 14.1 0.5677034978
14.15 14.1 14.2 0.5706339507
14.25 14.2 14.3 0.5647872853
14.35 14.3 14.4 0.5233805029
14.45 14.4 14.5 0.5414746959
14.55 14.5 14.6 0.5464060637
14.65 14.6 14.7 0.5281180553
14.75 14.7 14.8 0.5077739638
14.85 14.8 14.9 0.5283752762
14.95 14.9 15 0.5008645641
15.05 15 15.1 0.5045086436
15.15 15.1 15.2 0.5041279301
15.25 15.2 15.3 0.4871830582
15.35 15.3 15.4 0.4786876722
15.45 15.4 15.5 0.4600441512
15.55 15.5 15.6 0.4884922884
15.65 15.6 15.7 0.4705175765
15.75 15.7 15.8 0.447491238
15.85 15.8 15.9 0.451406316
15.95 15.9 16 0.4460354643
16.05 16 16.1 0.4223242978
16.15 16.1 16.2 0.4352470156
16.25 16.2 16.3 0.4293666687
16.35 16.3 16.4 0.4417951366
16.45 16.4 16.5 0.4208618762
16.55 16.5 16.6 0.4209117414
16.65 16.6 16.7 0.4099332527
16.75 16.7 16.8 0.3965804672
16.85 16.8 16.9 0.4038970631
16.95 16.9 17 0.3959621008
17.05 17 17.1 0.3883612803
17.15 17.1 17.2 0.3682783471
17.25 17.2 17.3 0.3850823679
17.35 17.3 17.4 0.3861274526
17.45 17.4 17.5 0.3717718714
17.55 17.5 17.6 0.3603099591
17.65 17.6 17.7 0.353699842
17.75 17.7 17.8 0.3598403416
17.85 17.8 17.9 0.3610124438
17.95 17.9 18 0.3456704129
18.05 18 18.1 0.3446224627
18.15 18.1 18.2 0.3338937471
18.25 18.2 18.3 0.3330613827
18.35 18.3 18.4 0.3402033922
18.45 18.4 18.5 0.3443117918
18.55 18.5 18.6 0.3332220621
18.65 18.6 18.7 0.3211556496
18.75 18.7 18.8 0.3176254866
18.85 18.8 18.9 0.3225663429
18.95 18.9 19 0.3156812347
19.05 19 19.1 0.3127342336
19.15 19.1 19.2 0.3045266668
19.25 19.2 19.3 0.316040319
19.35 19.3 19.4 0.302191319
19.45 19.4 19.5 0.3008552724
19.55 19.5 19.6 0.2963083225
19.65 19.6 19.7 0.2854866855
19.75 19.7 19.8 0.3015183673
19.85 19.8 19.9 0.2819828686
19.95 19.9 20 0.2877655277
20.05 20 20.1 0.2765060114
20.15 20.1 20.2 0.2749834841
20.25 20.2 20.3 0.2816177709
20.35 20.3 20.4 0.2739708854
20.45 20.4 20.5 0.2565442318
20.55 20.5 20.6 0.2658558986
20.65 20.6 20.7 0.2528712527
20.75 20.7 20.8 0.2592221619
20.85 20.8 20.9 0.2619849604
20.95 20.9 21 0.2621107217
21.05 21 21.1 0.2620377761
21.15 21.1 21.2 0.2446398869
21.25 21.2 21.3 0.2425899248
21.35 21.3 21.4 0.2469075581
21.45 21.4 21.5 0.2377856569
21.55 21.5 21.6 0.2439580947
21.65 21.6 21.7 0.2412526332
21.75 21.7 21.8 0.2401493217
21.85 21.8 21.9 0.2399291763
21.95 21.9 22 0.2302128469
22.05 22 22.1 0.2318019889
22.15 22.1 22.2 0.2307273496
22.25 22.2 22.3 0.2115896497
22.35 22.3 22.4 0.2180991851
22.45 22.4 22.5 0.213663633
22.55 22.5 22.6 0.218623155
22.65 22.6 22.7 0.2065147107
22.75 22.7 22.8 0.210003962
22.85 22.8 22.9 0.212812653
22.95 22.9 23 0.1924933093
23.05 23 23.1 0.2055942561
23.15 23.1 23.2 0.1963127652
23.25 23.2 23.3 0.2158715111
23.35 23.3 23.4 0.1896466985
23.45 23.4 23.5 0.1978120436
23.55 23.5 23.6 0.1999159611
23.65 23.6 23.7 0.1884548158
23.75 23.7 23.8 0.1901445425
23.85 23.8 23.9 0.1969193551
23.95 23.9 24 0.193387692
24.05 24 24.1 0.1856799418
24.15 24.1 24.2 0.1835018652
24.25 24.2 24.3 0.1832250235
24.35 24.3 24.4 0.1847668843
24.45 24.4 24.5 0.1836415268
24.55 24.5 24.6 0.1743030567
24.65 24.6 24.7 0.1819857735
24.75 24.7 24.8 0.1768515731
24.85 24.8 24.9 0.1750815336
24.95 24.9 25 0.1655309793
25.05 25 25.1 0.1762073163
25.15 25.1 25.2 0.1768212419
25.25 25.2 25.3 0.1745816592
25.35 25.3 25.4 0.1615824444
25.45 25.4 25.5 0.1632086221
25.55 25.5 25.6 0.1533536237
25.65 25.6 25.7 0.156089906
25.75 25.7 25.8 0.1552304883
25.85 25.8 25.9 0.1709232286
25.95 25.9 26 0.1505860216
26.05 26 26.1 0.1513712721
26.15 26.1 26.2 0.1518875338
26.25 26.2 26.3 0.1531546731
26.35 26.3 26.4 0.1516042618
26.45 26.4 26.5 0.152869612
26.55 26.5 26.6 0.1430277412
26.65 26.6 26.7 0.1648671787
26.75 26.7 26.8 0.1397443067
26.85 26.8 26.9 0.1406188317
26.95 26.9 27 0.145072816
27.05 27 27.1 0.1421681588
27.15 27.1 27.2 0.1405746534
27.25 27.2 27.3 0.1391282996
27.35 27.3 27.4 0.1366540223
27.45 27.4 27.5 0.134819136
27.55 27.5 27.6 0.1450062934
27.65 27.6 27.7 0.1312884665
27.75 27.7 27.8 0.1353461747
27.85 27.8 27.9 0.1285236038
27.95 27.9 28 0.1239579882
28.05 28 28.1 0.1289163751
28.15 28.1 28.2 0.1324827693
28.25 28.2 28.3 0.1254066094
28.35 28.3 28.4 0.1222640511
28.45 28.4 28.5 0.1197397736
28.55 28.5 28.6 0.1282179278
28.65 28.6 28.7 0.1156364412
28.75 28.7 28.8 0.1209731336
28.85 28.8 28.9 0.1249593781
28.95 28.9 29 0.1258863258
29.05 29 29.1 0.1132770731
29.15 29.1 29.2 0.120296209
29.25 29.2 29.3 0.1214056722
29.35 29.3 29.4 0.1167529966
29.45 29.4 29.5 0.1169512742
29.55 29.5 29.6 0.1170202665
29.65 29.6 29.7 0.1153466818
29.75 29.7 29.8 0.1131819234
29.85 29.8 29.9 0.1143518943
29.95 29.9 30 0.1189955528
30.05 30 30.1 0.1075753662
30.15 30.1 30.2 0.109081279
30.25 30.2 30.3 0.1064168035
30.35 30.3 30.4 0.1153398616
30.45 30.4 30.5 0.1152610239
30.55 30.5 30.6 0.104625974
30.65 30.6 30.7 0.1058752517
30.75 30.7 30.8 0.1016442425
30.85 30.8 30.9 0.1088598143
30.95 30.9 31 0.1074363697
31.05 31 31.1 0.09969602251
31.15 31.1 31.2 0.1126834344
31.25 31.2 31.3 0.09820119344
31.35 31.3 31.4 0.1025420502
31.45 31.4 31.5 0.1019140074
31.55 31.5 31.6 0.1052660551
31.65 31.6 31.7 0.09230231811
31.75 31.7 31.8 0.09336682856
31.85 31.8 31.9 0.1040088638
31.95 31.9 32 0.1048923817
32.05 32 32.1 0.09181897057
32.15 32.1 32.2 0.09449606071
32.25 32.2 32.3 0.09452074072
32.35 32.3 32.4 0.09347804621
32.45 32.4 32.5 0.08220652658
32.55 32.5 32.6 0.08606642869
32.65 32.6 32.7 0.08807359255
32.75 32.7 32.8 0.1006243171
32.85 32.8 32.9 0.09121733177
32.95 32.9 33 0.0878590058
33.05 33 33.1 0.0910132853
33.15 33.1 33.2 0.09388989119
33.25 33.2 33.3 0.09007802502
33.35 33.3 33.4 0.08752675609
33.45 33.4 33.5 0.08490823261
33.55 33.5 33.6 0.0890191235
33.65 33.6 33.7 0.0827878723
33.75 33.7 33.8 0.08671971219
33.85 33.8 33.9 0.08725328548
33.95 33.9 34 0.08592538625
34.05 34 34.1 0.07522786221
34.15 34.1 34.2 0.07740502221
34.25 34.2 34.3 0.08382283078
34.35 34.3 34.4 0.07463137038
34.45 34.4 34.5 0.07449932352
34.55 34.5 34.6 0.08041115653
34.65 34.6 34.7 0.07814468199
34.75 34.7 34.8 0.07631831658
34.85 34.8 34.9 0.07661578694
34.95 34.9 35 0.07540842441
35.05 35 35.1 0.07669775633
35.15 35.1 35.2 0.07610939106
35.25 35.2 35.3 0.0715259057
35.35 35.3 35.4 0.07441787221
35.45 35.4 35.5 0.07794128243
35.55 35.5 35.6 0.07764193224
35.65 35.6 35.7 0.06892023512
35.75 35.7 35.8 0.07160161162
35.85 35.8 35.9 0.07165662573
35.95 35.9 36 0.07441342841
36.05 36 36.1 0.07192855256
36.15 36.1 36.2 0.07729402597
36.25 36.2 36.3 0.07116701765
36.35 36.3 36.4 0.07338587207
36.45 36.4 36.5 0.06836856282
36.55 36.5 36.6 0.06735024116
36.65 36.6 36.7 0.0659795676
36.75 36.7 36.8 0.06486975027
36.85 36.8 36.9 0.06347900282
36.95 36.9 37 0.06551540999
37.05 37 37.1 0.06373049918
37.15 37.1 37.2 0.06320056179
37.25 37.2 37.3 0.06496962956
37.35 37.3 37.4 0.06552667754
37.45 37.4 37.5 0.06610356849
37.55 37.5 37.6 0.06556098737
37.65 37.6 37.7 0.063962763
37.75 37.7 37.8 0.06006499889
37.85 37.8 37.9 0.0642506702
37.95 37.9 38 0.05527787704
38.05 38 38.1 0.05624635486
38.15 38.1 38.2 0.05740113918
38.25 38.2 38.3 0.05476615727
38.35 38.3 38.4 0.0583952354
38.45 38.4 38.5 0.05881413105
38.55 38.5 38.6 0.05798673336
38.65 38.6 38.7 0.05787989745
38.75 38.7 38.8 0.05625672159
38.85 38.8 38.9 0.05471311299
38.95 38.9 39 0.05399592731
39.05 39 39.1 0.05640891719
39.15 39.1 39.2 0.05811648609
39.25 39.2 39.3 0.05961222032
39.35 39.3 39.4 0.05271614906
39.45 39.4 39.5 0.0612567446
39.55 39.5 39.6 0.0589568643
39.65 39.6 39.7 0.05126542956
39.75 39.7 39.8 0.04982864856
39.85 39.8 39.9 0.04953849968
39.95 39.9 40 0.05695009278
40.05 40 40.1 0.04445877405
40.15 40.1 40.2 0.04879767458
40.25 40.2 40.3 0.04916571547
40.35 40.3 40.4 0.05093686839
40.45 40.4 40.5 0.05695831255
40.55 40.5 40.6 0.05061209022
40.65 40.6 40.7 0.04160783796
40.75 40.7 40.8 0.04429821798
40.85 40.8 40.9 0.04798148885
40.95 40.9 41 0.04449812869
41.05 41 41.1 0.04879319977
41.15 41.1 41.2 0.0501529538
41.25 41.2 41.3 0.04627637753
41.35 41.3 41.4 0.04264236919
41.45 41.4 41.5 0.04809002738
41.55 41.5 41.6 0.04402683457
41.65 41.6 41.7 0.047133512
41.75 41.7 41.8 0.04741060344
41.85 41.8 41.9 0.03947372457
41.95 41.9 42 0.04220146669
42.05 42 42.1 0.04764040507
42.15 42.1 42.2 0.04206285052
42.25 42.2 42.3 0.05287534698
42.35 42.3 42.4 0.04430256242
42.45 42.4 42.5 0.04301181648
42.55 42.5 42.6 0.04368222725
42.65 42.6 42.7 0.04271934489
42.75 42.7 42.8 0.04059698062
42.85 42.8 42.9 0.0451158309
42.95 42.9 43 0.04567594655
43.05 43 43.1 0.03896232635
43.15 43.1 43.2 0.04103143091
43.25 43.2 43.3 0.04275153554
43.35 43.3 43.4 0.04034077633
43.45 43.4 43.5 0.0392026933
43.55 43.5 43.6 0.03954614963
43.65 43.6 43.7 0.04366163656
43.75 43.7 43.8 0.0387185177
43.85 43.8 43.9 0.03723307925
43.95 43.9 44 0.04190622261
44.05 44 44.1 0.04173433223
44.15 44.1 44.2 0.03681450153
44.25 44.2 44.3 0.04288075338
44.35 44.3 44.4 0.04047194265
44.45 44.4 44.5 0.03966503324
44.55 44.5 44.6 0.03475439381
44.65 44.6 44.7 0.03759097878
44.75 44.7 44.8 0.03310868987
44.85 44.8 44.9 0.03862807392
44.95 44.9 45 0.03981944497
45.05 45 45.1 0.03860924551
45.15 45.1 45.2 0.04139251362
45.25 45.2 45.3 0.03705871409
45.35 45.3 45.4 0.03030424564
45.45 45.4 45.5 0.0362023147
45.55 45.5 45.6 0.03807726799
45.65 45.6 45.7 0.03439004688
45.75 45.7 45.8 0.03255436705
45.85 45.8 45.9 0.0390239124
45.95 45.9 46 0.03209337983
46.05 46 46.1 0.03325489294
46.15 46.1 46.2 0.03880628019
46.25 46.2 46.3 0.02857354742
46.35 46.3 46.4 0.03739382919
46.45 46.4 46.5 0.03240038519
46.55 46.5 46.6 0.02992255459
46.65 46.6 46.7 0.03216826543
46.75 46.7 46.8 0.03264259817
46.85 46.8 46.9 0.03485861636
46.95 46.9 47 0.04042005231
47.05 47 47.1 0.03825502132
47.15 47.1 47.2 0.0368897458
47.25 47.2 47.3 0.03551756962
47.35 47.3 47.4 0.03334191679
47.45 47.4 47.5 0.03667014039
47.55 47.5 47.6 0.03097297328
47.65 47.6 47.7 0.03553674929
47.75 47.7 47.8 0.03169308842
47.85 47.8 47.9 0.02996085813
47.95 47.9 48 0.03710734304
48.05 48 48.1 0.03008919313
48.15 48.1 48.2 0.03273742568
48.25 48.2 48.3 0.02688817327
48.35 48.3 48.4 0.03110112213
48.45 48.4 48.5 0.03195159785
48.55 48.5 48.6 0.02952292255
48.65 48.6 48.7 0.029195528
48.75 48.7 48.8 0.03129855005
48.85 48.8 48.9 0.03373116054
48.95 48.9 49 0.02760787976
49.05 49 49.1 0.02383148075
49.15 49.1 49.2 0.02980575744
49.25 49.2 49.3 0.02594789228
49.35 49.3 49.4 0.02736992225
49.45 49.4 49.5 0.03067712013
49.55 49.5 49.6 0.03504716782
49.65 49.6 49.7 0.02887163014
49.75 49.7 49.8 0.02969420625
49.85 49.8 49.9 0.0317649411
49.95 49.9 50 0.028478325
50.05 50 50.1 0.03554380992
50.15 50.1 50.2 0.02898614695
50.25 50.2 50.3 0.02877476234
50.35 50.3 50.4 0.02889767635
50.45 50.4 50.5 0.02958064695
50.55 50.5 50.6 0.02915562745
50.65 50.6 50.7 0.03185500407
50.75 50.7 50.8 0.02623679214
50.85 50.8 50.9 0.03023841616
50.95 50.9 51 0.02697095053
51.05 51 51.1 0.02426073167
51.15 51.1 51.2 0.02771845596
51.25 51.2 51.3 0.02784747521
51.35 51.3 51.4 0.03064433085
51.45 51.4 51.5 0.02514020407
51.55 51.5 51.6 0.02746388195
51.65 51.6 51.7 0.02442216524
51.75 51.7 51.8 0.02438429245
51.85 51.8 51.9 0.0289144671
51.95 51.9 52 0.02538992839
52.05 52 52.1 0.02548605223
52.15 52.1 52.2 0.03287343105
52.25 52.2 52.3 0.02324384477
52.35 52.3 52.4 0.02407204824
52.45 52.4 52.5 0.02888357346
52.55 52.5 52.6 0.02581144249
52.65 52.6 52.7 0.02293856289
52.75 52.7 52.8 0.02246682895
52.85 52.8 52.9 0.02088369659
52.95 52.9 53 0.02268615776
53.05 53 53.1 0.02211497539
53.15 53.1 53.2 0.02876776437
53.25 53.2 53.3 0.02551044163
53.35 53.3 53.4 0.02561173978
53.45 53.4 53.5 0.02159338068
53.55 53.5 53.6 0.01944182299
53.65 53.6 53.7 0.02467601667
53.75 53.7 53.8 0.0182404599
53.85 53.8 53.9 0.0237497967
53.95 53.9 54 0.02223600749
54.05 54 54.1 0.01924786613
54.15 54.1 54.2 0.02134317915
54.25 54.2 54.3 0.02090578816
54.35 54.3 54.4 0.02112694219
54.45 54.4 54.5 0.02258142125
54.55 54.5 54.6 0.02254897845
54.65 54.6 54.7 0.0188529857
54.75 54.7 54.8 0.02480878917
54.85 54.8 54.9 0.02263049339
54.95 54.9 55 0.02076128585
55.05 55 55.1 0.02177122161
55.15 55.1 55.2 0.01655338811
55.25 55.2 55.3 0.0270997706
55.35 55.3 55.4 0.02296077276
55.45 55.4 55.5 0.02475135414
55.55 55.5 55.6 0.01985329141
55.65 55.6 55.7 0.01938628938
55.75 55.7 55.8 0.01932663857
55.85 55.8 55.9 0.01879037947
55.95 55.9 56 0.02275040363
56.05 56 56.1 0.02187978209
56.15 56.1 56.2 0.01977597116
56.25 56.2 56.3 0.01568049023
56.35 56.3 56.4 0.01800535964
56.45 56.4 56.5 0.01564631534
56.55 56.5 56.6 0.01821212484
56.65 56.6 56.7 0.01917193662
56.75 56.7 56.8 0.01876240105
56.85 56.8 56.9 0.01732233962
56.95 56.9 57 0.01422796312
57.05 57 57.1 0.0221385458
57.15 57.1 57.2 0.0141140875
57.25 57.2 57.3 0.01908890537
57.35 57.3 57.4 0.01990394675
57.45 57.4 57.5 0.01159479176
57.55 57.5 57.6 0.0218972861
57.65 57.6 57.7 0.02120770616
57.75 57.7 57.8 0.02195233477
57.85 57.8 57.9 0.01700948704
57.95 57.9 58 0.01924067883
58.05 58 58.1 0.01561651951
58.15 58.1 58.2 0.01718466513
58.25 58.2 58.3 0.01666120113
58.35 58.3 58.4 0.01770947183
58.45 58.4 58.5 0.01692105246
58.55 58.5 58.6 0.01604403082
58.65 58.6 58.7 0.01892462269
58.75 58.7 58.8 0.01525979492
58.85 58.8 58.9 0.01631731781
58.95 58.9 59 0.01950656769
59.05 59 59.1 0.01108935543
59.15 59.1 59.2 0.0125802273
59.25 59.2 59.3 0.01300657366
59.35 59.3 59.4 0.01669492858
59.45 59.4 59.5 0.01877284105
59.55 59.5 59.6 0.0151016891
59.65 59.6 59.7 0.01238854945
59.75 59.7 59.8 0.01415367004
59.85 59.8 59.9 0.01449106375
59.95 59.9 60 0.01622488287
60.05 60 60.1 0.01399473368
60.15 60.1 60.2 0.01557717484
60.25 60.2 60.3 0.01628176786
60.35 60.3 60.4 0.01071522376
60.45 60.4 60.5 0.0130280393
60.55 60.5 60.6 0.01705918543
60.65 60.6 60.7 0.01439651436
60.75 60.7 60.8 0.01052553953
60.85 60.8 60.9 0.01644199993
60.95 60.9 61 0.01388832288
61.05 61 61.1 0.01395617778
61.15 61.1 61.2 0.01454907246
61.25 61.2 61.3 0.01225164477
61.35 61.3 61.4 0.01148234567
61.45 61.4 61.5 0.01288046361
61.55 61.5 61.6 0.01454104208
61.65 61.6 61.7 0.01461888582
61.75 61.7 61.8 0.0129855756
61.85 61.8 61.9 0.01312922834
61.95 61.9 62 0.01488043526
62.05 62 62.1 0.01402978869
62.15 62.1 62.2 0.01546245052
62.25 62.2 62.3 0.01098347525
62.35 62.3 62.4 0.01127924452
62.45 62.4 62.5 0.01066252854
62.55 62.5 62.6 0.01204195647
62.65 62.6 62.7 0.005763597798
62.75 62.7 62.8 0.009937649146
62.85 62.8 62.9 0.01119015987
62.95 62.9 63 0.01413001872
63.05 63 63.1 0.01564720163
63.15 63.1 63.2 0.01227013987
63.25 63.2 63.3 0.01212464974
63.35 63.3 63.4 0.01211819435
63.45 63.4 63.5 0.00835343566
63.55 63.5 63.6 0.01009233027
63.65 63.6 63.7 0.01085240072
63.75 63.7 63.8 0.01077736653
63.85 63.8 63.9 0.01247941202
63.95 63.9 64 0.01238868341
64.05 64 64.1 0.008403124593
64.15 64.1 64.2 0.01065655656
64.25 64.2 64.3 0.01165025931
64.35 64.3 64.4 0.01294011404
64.45 64.4 64.5 0.009947019308
64.55 64.5 64.6 0.007938426177
64.65 64.6 64.7 0.008826578831
64.75 64.7 64.8 0.00648535808
64.85 64.8 64.9 0.007710462251
64.95 64.9 65 0.01074326936
65.05 65 65.1 0.01214360202
65.15 65.1 65.2 0.01015048394
65.25 65.2 65.3 0.009374361268
65.35 65.3 65.4 0.01025538041
65.45 65.4 65.5 0.01202660115
65.55 65.5 65.6 0.009148177438
65.65 65.6 65.7 0.00646664606
65.75 65.7 65.8 0.01178348569
65.85 65.8 65.9 0.01110506369
65.95 65.9 66 0.008975716954
66.05 66 66.1 0.004150462715
66.15 66.1 66.2 0.009993931397
66.25 66.2 66.3 0.009565540193
66.35 66.3 66.4 0.007906624348
66.45 66.4 66.5 0.00776004706
66.55 66.5 66.6 0.01281780639
66.65 66.6 66.7 0.009360638975
66.75 66.7 66.8 0.008122043721
66.85 66.8 66.9 0.01158111792
66.95 66.9 67 0.009187301094
67.05 67 67.1 0.01130231099
67.15 67.1 67.2 0.008985135448
67.25 67.2 67.3 0.00769835879
67.35 67.3 67.4 0.008033973254
67.45 67.4 67.5 0.01033711109
67.55 67.5 67.6 0.006751912364
67.65 67.6 67.7 0.006144942474
67.75 67.7 67.8 0.009583096888
67.85 67.8 67.9 0.0115011994
67.95 67.9 68 0.008163452338
68.05 68 68.1 0.009994902515
68.15 68.1 68.2 0.008393448122
68.25 68.2 68.3 0.006440831163
68.35 68.3 68.4 0.0105822719
68.45 68.4 68.5 0.01062006015
68.55 68.5 68.6 0.007231154121
68.65 68.6 68.7 0.006791343357
68.75 68.7 68.8 0.007452982804
68.85 68.8 68.9 0.006629472259
68.95 68.9 69 0.01065908127
69.05 69 69.1 0.005874461288
69.15 69.1 69.2 0.01102379456
69.25 69.2 69.3 0.00996147296
69.35 69.3 69.4 0.007131324875
69.45 69.4 69.5 0.005511241827
69.55 69.5 69.6 0.006708038718
69.65 69.6 69.7 0.007821809473
69.75 69.7 69.8 0.009894200916
69.85 69.8 69.9 0.007676996874
69.95 69.9 70 0.009643879416
70.05 70 70.1 0.006046834672
70.15 70.1 70.2 0.006928061993
70.25 70.2 70.3 0.009296497452
70.35 70.3 70.4 0.007942134603
70.45 70.4 70.5 0.006192758445
70.55 70.5 70.6 0.008722093312
70.65 70.6 70.7 0.007375097132
70.75 70.7 70.8 0.008812716223
70.85 70.8 70.9 0.006918040373
70.95 70.9 71 0.006754376851
71.05 71 71.1 0.00778557588
71.15 71.1 71.2 0.005747683529
71.25 71.2 71.3 0.006166017772
71.35 71.3 71.4 0.008914737366
71.45 71.4 71.5 0.005106644977
71.55 71.5 71.6 0.00707079688
71.65 71.6 71.7 0.004619041871
71.75 71.7 71.8 0.01002860173
71.85 71.8 71.9 0.003348030677
71.95 71.9 72 0.006934296081
72.05 72 72.1 0.00458280216
72.15 72.1 72.2 0.008099375351
72.25 72.2 72.3 0.006227702363
72.35 72.3 72.4 0.005393871124
72.45 72.4 72.5 0.006750679284
72.55 72.5 72.6 0.003132671801
72.65 72.6 72.7 0.005879046556
72.75 72.7 72.8 0.006131848238
72.85 72.8 72.9 0.005147889386
72.95 72.9 73 0.005347603112
73.05 73 73.1 0.003743506317
73.15 73.1 73.2 0.003540055763
73.25 73.2 73.3 0.003962040543
73.35 73.3 73.4 0.005383232099
73.45 73.4 73.5 0.005084618537
73.55 73.5 73.6 0.007075451417
73.65 73.6 73.7 0.005860664443
73.75 73.7 73.8 0.005253219836
73.85 73.8 73.9 0.005217494746
73.95 73.9 74 0.00318502628
74.05 74 74.1 0.002925341283
74.15 74.1 74.2 0.006763860095
74.25 74.2 74.3 0.005851337861
74.35 74.3 74.4 0.006625863874
74.45 74.4 74.5 0.002975597183
74.55 74.5 74.6 0.006212478284
74.65 74.6 74.7 0.003620162069
74.75 74.7 74.8 0.00421349485
74.85 74.8 74.9 0.006861672348
74.95 74.9 75 0.006106919064
75.05 75 75.1 0.004234186949
75.15 75.1 75.2 0.003943508485
75.25 75.2 75.3 0.005557173148
75.35 75.3 75.4 0.003370553015
75.45 75.4 75.5 0.003744783975
75.55 75.5 75.6 0.006265517048
75.65 75.6 75.7 0.005997696903
75.75 75.7 75.8 0.005928847072
75.85 75.8 75.9 0.003834376954
75.95 75.9 76 0.002134953936
76.05 76 76.1 0.003883937263
76.15 76.1 76.2 0.003477231797
76.25 76.2 76.3 0.001980363674
76.35 76.3 76.4 0.00432044565
76.45 76.4 76.5 0.002891450606
76.55 76.5 76.6 0.005237433678
76.65 76.6 76.7 0.004770952674
76.75 76.7 76.8 0.004112387781
76.85 76.8 76.9 0.005341081838
76.95 76.9 77 0.006491153197
77.05 77 77.1 0.003492527788
77.15 77.1 77.2 0.003671516219
77.25 77.2 77.3 0.003884862536
77.35 77.3 77.4 0.001181461457
77.45 77.4 77.5 0.00399354368
77.55 77.5 77.6 0.002166064096
77.65 77.6 77.7 0.003886363288
77.75 77.7 77.8 0.002623410354
77.85 77.8 77.9 0.006825918077
77.95 77.9 78 0.001975900111
78.05 78 78.1 0.003129683347
78.15 78.1 78.2 0.004540456104
78.25 78.2 78.3 0.001639316087
78.35 78.3 78.4 0.008436743163
78.45 78.4 78.5 0.00764038754
78.55 78.5 78.6 0.003806250071
78.65 78.6 78.7 0.003850499744
78.75 78.7 78.8 0.003898713774
78.85 78.8 78.9 0.002364722741
78.95 78.9 79 0.003182028352
79.05 79 79.1 0.00230095682
79.15 79.1 79.2 0.002320337123
79.25 79.2 79.3 0.004374315745
79.35 79.3 79.4 0.00263814761
79.45 79.4 79.5 0.0007248421104
79.55 79.5 79.6 0.003912739598
79.65 79.6 79.7 0.004101041897
79.75 79.7 79.8 0.005978292634
79.85 79.8 79.9 0.0068940596
79.95 79.9 80 -4.352963855e-05
80.05 80 80.1 0.002721575972
80.15 80.1 80.2 0.006136990784
80.25 80.2 80.3 0.003860097179
80.35 80.3 80.4 0.006591744266
80.45 80.4 80.5 0.003258004997
80.55 80.5 80.6 0.00260861338
80.65 80.6 80.7 0.006565919873
80.75 80.7 80.8 0.00591016079
80.85 80.8 80.9 0.002758399609
80.95 80.9 81 0.004593267396
81.05 81 81.1 0.001482336679
81.15 81.1 81.2 0.008043166777
81.25 81.2 81.3 0.002279127139
81.35 81.3 81.4 0.006427959634
81.45 81.4 81.5 0.004966641992
81.55 81.5 81.6 0.002828424109
81.65 81.6 81.7 0.003881873288
81.75 81.7 81.8 0.003616470341
81.85 81.8 81.9 0.001686985081
81.95 81.9 82 0.003663699017
82.05 82 82.1 0.003651550367
82.15 82.1 82.2 0.002165364883
82.25 82.2 82.3 0.006049050049
82.35 82.3 82.4 0.003878454693
82.45 82.4 82.5 0.002939931369
82.55 82.5 82.6 0.003100661629
82.65 82.6 82.7 0.003072790379
82.75 82.7 82.8 0.0012790457
82.85 82.8 82.9 0.003697626337
82.95 82.9 83 0.002823365776
83.05 83 83.1 0.003953542446
83.15 83.1 83.2 0.00330057599
83.25 83.2 83.3 0.002879343494
83.35 83.3 83.4 0.004290504053
83.45 83.4 83.5 0.0002146556537
83.55 83.5 83.6 0.004217476127
83.65 83.6 83.7 0.0001684865663
83.75 83.7 83.8 0.0006361836313
83.85 83.8 83.9 0.004334558476
83.95 83.9 84 0.004822909323
84.05 84 84.1 0.002035034707
84.15 84.1 84.2 0.002411541195
84.25 84.2 84.3 0.00083846759
84.35 84.3 84.4 0.004541840252
84.45 84.4 84.5 0.0001420604834
84.55 84.5 84.6 0.003234726884
84.65 84.6 84.7 0.004429994808
84.75 84.7 84.8 0.002768769424
84.85 84.8 84.9 0.001575910145
84.95 84.9 85 0.004350752157
85.05 85 85.1 0.0005238311692
85.15 85.1 85.2 0.00387000822
85.25 85.2 85.3 0.005179150719
85.35 85.3 85.4 0.003182202764
85.45 85.4 85.5 0.0004564681216
85.55 85.5 85.6 0.0007717517899
85.65 85.6 85.7 0.003459014029
85.75 85.7 85.8 0.0001862998519
85.85 85.8 85.9 0.0003081414837
85.95 85.9 86 0.001287997059
86.05 86 86.1 0.00274345555
86.15 86.1 86.2 0.003040856958
86.25 86.2 86.3 0.0009806531201
86.35 86.3 86.4 0.001169998359
86.45 86.4 86.5 -0.0002150614112
86.55 86.5 86.6 0.0006693627359
86.65 86.6 86.7 0.000707487193
86.75 86.7 86.8 0.001178994754
86.85 86.8 86.9 0.001842903274
86.95 86.9 87 0.001854344944
87.05 87 87.1 0.004655761413
87.15 87.1 87.2 0.003210528683
87.25 87.2 87.3 0.003626293195
87.35 87.3 87.4 -7.746153694e-05
87.45 87.4 87.5 0.001053951868
87.55 87.5 87.6 0.003701039626
87.65 87.6 87.7 0.007060852617
87.75 87.7 87.8 0.001741615086
87.85 87.8 87.9 0.003734906992
87.95 87.9 88 0.003484756312
88.05 88 88.1 0.001441877716
88.15 88.1 88.2 -0.0001817230945
88.25 88.2 88.3 -0.0003234265921
88.35 88.3 88.4 0.002538856926
88.45 88.4 88.5 0.003785800551
88.55 88.5 88.6 0.002120832731
88.65 88.6 88.7 0.00368537938
88.75 88.7 88.8 0.00344652607
88.85 88.8 88.9 0.001589897867
88.95 88.9 89 0.002752678155
89.05 89 89.1 0.0037292304
89.15 89.1 89.2 0.003202500013
89.25 89.2 89.3 0.002642979523
89.35 89.3 89.4 0.003032516338
89.45 89.4 89.5 0.004143495337
89.55 89.5 89.6 0.0009545018868
89.65 89.6 89.7 0.001803170702
89.75 89.7 89.8 0.004733737534
89.85 89.8 89.9 0.005344896234
89.95 89.9 90 0.002638057649
90.05 90 90.1 0.003511681468
90.15 90.1 90.2 0.003474165521
90.25 90.2 90.3 0.005517820401
90.35 90.3 90.4 0.003271183986
90.45 90.4 90.5 0.002238047862
90.55 90.5 90.6 0.0003049710803
90.65 90.6 90.7 0.004334970901
90.75 90.7 90.8 0.002622252328
90.85 90.8 90.9 0.001310364254
90.95 90.9 91 0.001012664461
91.05 91 91.1 0.003296675382
91.15 91.1 91.2 0.001075970606
91.25 91.2 91.3 0.00649708348
91.35 91.3 91.4 -0.0009500973932
91.45 91.4 91.5 0.002903308161
91.55 91.5 91.6 0.001508521079
91.65 91.6 91.7 0.003344474484
91.75 91.7 91.8 0.002701026743
91.85 91.8 91.9 0.0005831739523
91.95 91.9 92 0.002070454175
92.05 92 92.1 0.0002990268092
92.15 92.1 92.2 0.0007519270904
92.25 92.2 92.3 0.0004426841593
92.35 92.3 92.4 0.003264441144
92.45 92.4 92.5 0.003250079923
92.55 92.5 92.6 0.001936249255
92.65 92.6 92.7 0.002284376868
92.75 92.7 92.8 0.002605822781
92.85 92.8 92.9 0.001080723111
92.95 92.9 93 0.0001718246873
93.05 93 93.1 0.002120239228
93.15 93.1 93.2 0.0002348704445
93.25 93.2 93.3 0.002076664151
93.35 93.3 93.4 0.003173577839
93.45 93.4 93.5 0.0008378792104
93.55 93.5 93.6 0.002125390079
93.65 93.6 93.7 0.0008784276716
93.75 93.7 93.8 0.002129751403
93.85 93.8 93.9 0.000854285065
93.95 93.9 94 0.005259477259
94.05 94 94.1 0.004434699618
94.15 94.1 94.2 0.002979283409
94.25 94.2 94.3 0.0006331726489
94.35 94.3 94.4 0.003710902767
94.45 94.4 94.5 0.003628519259
94.55 94.5 94.6 0.002802244824
94.65 94.6 94.7 0.003540934549
94.75 94.7 94.8 0.003769171348
94.85 94.8 94.9 0.004488774711
94.95 94.9 95 -0.0002490736578
95.05 95 95.1 -0.0007971012165
95.15 95.1 95.2 0.003824674789
95.25 95.2 95.3 0.002800845991
95.35 95.3 95.4 0.003012549982
95.45 95.4 95.5 0.002555747967
95.55 95.5 95.6 0.001857642898
95.65 95.6 95.7 -1.081312696e-05
95.75 95.7 95.8 0.003059909796
95.85 95.8 95.9 0.0008763998086
95.95 95.9 96 0.002401110106
96.05 96 96.1 0.002620403867
96.15 96.1 96.2 0.001715333612
96.25 96.2 96.3 0.003843934505
96.35 96.3 96.4 0.002737900216
96.45 96.4 96.5 0.0006976965224
96.55 96.5 96.6 0.001331209032
96.65 96.6 96.7 0.002681911675
96.75 96.7 96.8 0.002360557201
96.85 96.8 96.9 0.002169200917
96.95 96.9 97 0.001065366547
97.05 97 97.1 0.002557677652
97.15 97.1 97.2 0.002370968068
97.25 97.2 97.3 0.001632171334
97.35 97.3 97.4 0.003000705326
97.45 97.4 97.5 0.001712569423
97.55 97.5 97.6 0.002431331747
97.65 97.6 97.7 0.0009197139525
97.75 97.7 97.8 0.002587418208
97.85 97.8 97.9 0.004372240862
97.95 97.9 98 0.002704870626
98.05 98 98.1 0.002147662682
98.15 98.1 98.2 0.002705385788
98.25 98.2 98.3 0.005461159833
98.35 98.3 98.4 0.003691636221
98.45 98.4 98.5 0.001247716368
98.55 98.5 98.6 0.005564059629
98.65 98.6 98.7 0.001077403613
98.75 98.7 98.8 0.003038030967
98.85 98.8 98.9 0.001983969292
98.95 98.9 99 0.003693211719
99.05 99 99.1 0.004348948974
99.15 99.1 99.2 0.002585552064
99.25 99.2 99.3 0.003693848001
99.35 99.3 99.4 0.002206331886
99.45 99.4 99.5 0.001795987282
99.55 99.5 99.6 0.0007633304734
99.65 99.6 99.7 0.003325858322
99.75 99.7 99.8 0.001348168668
99.85 99.8 99.9 0.0007330808855
99.95 99.9 100 0.004104932107
100.05 100 100.1 0.002752801454
100.15 100.1 100.2 0.0004011561866
100.25 100.2 100.3 0.003839399127
100.35 100.3 100.4 0.001815882939
100.45 100.4 100.5 0.003683211931
100.55 100.5 100.6 -2.842958364e-05
100.65 100.6 100.7 0.006236702559
100.75 100.7 100.8 0.00414305301
100.85 100.8 100.9 0.002722638123
100.95 100.9 101 0.002499783836
101.05 101 101.1 0.001838992096
101.15 101.1 101.2 0.002674762991
101.25 101.2 101.3 0.001497004043
101.35 101.3 101.4 0.005458094333
101.45 101.4 101.5 0.003320302147
101.55 101.5 101.6 0.00148788234
101.65 101.6 101.7 0.001047026521
101.75 101.7 101.8 0.003439301211
101.85 101.8 101.9 0.002066358301
101.95 101.9 102 0.004021003279
102.05 102 102.1 0.002758401722
102.15 102.1 102.2 0.0006698836317
102.25 102.2 102.3 0.0003789780038
102.35 102.3 102.4 0.003582397629
102.45 102.4 102.5 0.004069256881
102.55 102.5 102.6 0.001825027321
102.65 102.6 102.7 0.001297368269
102.75 102.7 102.8 0.002666921858
102.85 102.8 102.9 0.002916418269
102.95 102.9 103 0.002066558975
103.05 103 103.1 0.00130250388
103.15 103.1 103.2 0.001746520736
103.25 103.2 103.3 0.002809931834
103.35 103.3 103.4 5.148087898e-05
103.45 103.4 103.5 0.002199504655
103.55 103.5 103.6 0.003225520561
103.65 103.6 103.7 0.001878737463
103.75 103.7 103.8 0.001900240508
103.85 103.8 103.9 0.001436327017
103.95 103.9 104 0.00441870952
104.05 104 104.1 0.002402513259
104.15 104.1 104.2 -0.000226303696
104.25 104.2 104.3 0.002635639755
104.35 104.3 104.4 0.002572200986
104.45 104.4 104.5 0.00239824348
104.55 104.5 104.6 0.003372334778
104.65 104.6 104.7 0.001512826549
104.75 104.7 104.8 0.002126009659
104.85 104.8 104.9 0.0002398660769
104.95 104.9 105 -0.0003854682664
105.05 105 105.1 0.001682946629
105.15 105.1 105.2 0.003344871187
105.25 105.2 105.3 -0.0005407960505
105.35 105.3 105.4 0.00136057723
105.45 105.4 105.5 0.000779557428
105.55 105.5 105.6 0.00130896164
105.65 105.6 105.7 0.001530621774
105.75 105.7 105.8 0.002608347921
105.85 105.8 105.9 0.002648833804
105.95 105.9 106 0.00261524393
106.05 106 106.1 -0.000730485813
106.15 106.1 106.2 0.001112044741
106.25 106.2 106.3 0.0009947052725
106.35 106.3 106.4 0.001190258259
106.45 106.4 106.5 -0.0006793545939
106.55 106.5 106.6 0.002913851985
106.65 106.6 106.7 0.0002941731003
106.75 106.7 106.8 0.001655164211
106.85 106.8 106.9 0.001360796561
106.95 106.9 107 0.00100284799
107.05 107 107.1 0.003873735619
107.15 107.1 107.2 0.0009518729546
107.25 107.2 107.3 -0.0007740853534
107.35 107.3 107.4 0.002579344711
107.45 107.4 107.5 0.0004780054369
107.55 107.5 107.6 0.0002708684785
107.65 107.6 107.7 0.002218745381
107.75 107.7 107.8 0.002383640948
107.85 107.8 107.9 0.002827269068
107.95 107.9 108 0.003142349156
108.05 108 108.1 0.001773228477
108.15 108.1 108.2 -0.0009184397385
108.25 108.2 108.3 0.001833822913
108.35 108.3 108.4 0.004104840523
108.45 108.4 108.5 0.0008795811016
108.55 108.5 108.6 0.000823348902
108.65 108.6 108.7 -0.000174717578
108.75 108.7 108.8 -0.001107555623
108.85 108.8 108.9 -0.0003945624843
108.95 108.9 109 0.002019297769
109.05 109 109.1 -3.010964748e-05
109.15 109.1 109.2 0.002901275585
109.25 109.2 109.3 0.0007681698873
109.35 109.3 109.4 0.003275230905
109.45 109.4 109.5 0.0009738953859
109.55 109.5 109.6 0.0005355249549
109.65 109.6 109.7 0.0007989868867
109.75 109.7 109.8 0.002144389083
109.85 109.8 109.9 0.0009245435222
109.95 109.9 110 0.0007700545578
110.05 110 110.1 0.002001518652
110.15 110.1 110.2 -0.0006066496643
110.25 110.2 110.3 0.002725395616
110.35 110.3 110.4 0.002162799509
110.45 110.4 110.5 0.00292795951
110.55 110.5 110.6 0.00121539669
110.65 110.6 110.7 -0.0004236311036
110.75 110.7 110.8 0.001758831712
110.85 110.8 110.9 0.001522686355
110.95 110.9 111 -8.005350625e-05
111.05 111 111.1 0.0002198180219
111.15 111.1 111.2 0.0005368990103
111.25 111.2 111.3 -0.0002505536647
111.35 111.3 111.4 0.0006189525841
111.45 111.4 111.5 0.001887775005
111.55 111.5 111.6 -0.0001091130778
111.65 111.6 111.7 0.00144508238
111.75 111.7 111.8 -0.0007721253765
111.85 111.8 111.9 0.001537427983
111.95 111.9 112 0.002346871506
112.05 112 112.1 0.002172737202
112.15 112.1 112.2 0.001754031027
112.25 112.2 112.3 -5.305091218e-05
112.35 112.3 112.4 0.001530085182
112.45 112.4 112.5 0.0008582183881
112.55 112.5 112.6 0.0001055400285
112.65 112.6 112.7 0.0004559483985
112.75 112.7 112.8 3.994271793e-06
112.85 112.8 112.9 0.000127671839
112.95 112.9 113 7.440992682e-05
113.05 113 113.1 0.001679056337
113.15 113.1 113.2 -9.350057388e-05
113.25 113.2 113.3 -0.0001147369117
113.35 113.3 113.4 -0.0008024595238
113.45 113.4 113.5 0.0004425670472
113.55 113.5 113.6 0.000725872811
113.65 113.6 113.7 0.002218226449
113.75 113.7 113.8 0.0004030900399
113.85 113.8 113.9 0.0009613898164
113.95 113.9 114 -0.0001244680112
114.05 114 114.1 -0.0002593842635
114.15 114.1 114.2 -0.00149985328
114.25 114.2 114.3 0.0003074410325
114.35 114.3 114.4 0.001573516624
114.45 114.4 114.5 0.0001790036808
114.55 114.5 114.6 -0.003068389028
114.65 114.6 114.7 0.00135599269
114.75 114.7 114.8 -0.001116436865
114.85 114.8 114.9 -0.001102315977
114.95 114.9 115 0.0002929208889
115.05 115 115.1 0.001980428703
115.15 115.1 115.2 -0.0008827611966
115.25 115.2 115.3 -0.0001766601961
115.35 115.3 115.4 -0.0001915988918
115.45 115.4 115.5 -0.0001565572441
115.55 115.5 115.6 -0.000496145532
115.65 115.6 115.7 0.0007570769304
115.75 115.7 115.8 -0.0004807567198
115.85 115.8 115.9 -0.0002306502518
115.95 115.9 116 -0.002189151945
116.05 116 116.1 -0.0008602321327
116.15 116.1 116.2 0.000583816782
116.25 116.2 116.3 0.001791916437
116.35 116.3 116.4 -0.001284094604
116.45 116.4 116.5 -0.002364221377
116.55 116.5 116.6 0.002069246711
116.65 116.6 116.7 -0.0005966385924
116.75 116.7 116.8 0.003256611493
116.85 116.8 116.9 -0.0003722414092
116.95 116.9 117 0.001151223438
117.05 117 117.1 0.0014506623
117.15 117.1 117.2 -0.0005166759001
117.25 117.2 117.3 -0.001724885448
117.35 117.3 117.4 -0.001155465252
117.45 117.4 117.5 2.071683129e-06
117.55 117.5 117.6 0.0003918963201
117.65 117.6 117.7 -0.001041257168
117.75 117.7 117.8 0.001068918328
117.85 117.8 117.9 -0.0005158139453
117.95 117.9 118 0.001243798761
118.05 118 118.1 -0.002643651781
118.15 118.1 118.2 -0.001715537844
118.25 118.2 118.3 -0.002373181111
118.35 118.3 118.4 -0.0005949326955
118.45 118.4 118.5 -4.281558844e-05
118.55 118.5 118.6 -0.001377068547
118.65 118.6 118.7 -0.001985690921
118.75 118.7 118.8 -0.002564682392
118.85 118.8 118.9 -0.001184272706
118.95 118.9 119 -0.0006585698296
119.05 119 119.1 -0.00128085978
119.15 119.1 119.2 -0.001143801887
119.25 119.2 119.3 0.0001102200355
119.35 119.3 119.4 0.0002255670242
119.45 119.4 119.5 -0.0003790099388
119.55 119.5 119.6 -0.0003485027332
119.65 119.6 119.7 0.0002010372833
119.75 119.7 119.8 -0.001755657084
119.85 119.8 119.9 -0.0005350322427
119.95 119.9 120 -0.00186688762
120.05 120 120.1 0.0007063650773
120.15 120.1 120.2 -0.0005428709493
120.25 120.2 120.3 -0.0009822595781
120.35 120.3 120.4 0.0007241919956
120.45 120.4 120.5 0.0004604816219
120.55 120.5 120.6 -0.0001910490264
120.65 120.6 120.7 -0.001324241185
120.75 120.7 120.8 -0.00124130826
120.85 120.8 120.9 0.0009998878812
120.95 120.9 121 -0.001136153827
121.05 121 121.1 -0.0003583431731
121.15 121.1 121.2 -0.001264459105
121.25 121.2 121.3 0.001042459396
121.35 121.3 121.4 -0.001994208037
121.45 121.4 121.5 -0.0005213024131
121.55 121.5 121.6 0.001480913169
121.65 121.6 121.7 -0.000165437003
121.75 121.7 121.8 -0.0006857152193
121.85 121.8 121.9 0.000506273771
121.95 121.9 122 -0.001963020962
122.05 122 122.1 -0.0005025414414
122.15 122.1 122.2 -0.001289761383
122.25 122.2 122.3 0.0005894941026
122.35 122.3 122.4 4.766442198e-05
122.45 122.4 122.5 -0.003057931801
122.55 122.5 122.6 0.0007526038541
122.65 122.6 122.7 -0.001047482348
122.75 122.7 122.8 0.0003522665756
122.85 122.8 122.9 0.001359250549
122.95 122.9 123 -0.001608512875
123.05 123 123.1 0.0002615199344
123.15 123.1 123.2 -0.002094886371
123.25 123.2 123.3 -0.000878729885
123.35 123.3 123.4 -0.001476461502
123.45 123.4 123.5 -0.003436547035
123.55 123.5 123.6 -0.0009650911165
123.65 123.6 123.7 -0.001733055781
123.75 123.7 123.8 -0.002427192402
123.85 123.8 123.9 -0.0006899634996
123.95 123.9 124 -0.0009263864437
124.05 124 124.1 -0.0004513616298
124.15 124.1 124.2 -0.001409765871
124.25 124.2 124.3 0.001963705487
124.35 124.3 124.4 -0.002706108257
124.45 124.4 124.5 -0.001362894044
124.55 124.5 124.6 0.0004987140887
124.65 124.6 124.7 -0.001298596671
124.75 124.7 124.8 0.0005314810926
124.85 124.8 124.9 -0.0005076486954
124.95 124.9 125 -0.0008632709201
125.05 125 125.1 -0.001534780937
125.15 125.1 125.2 -0.0004118060534
125.25 125.2 125.3 -0.001687513411
125.35 125.3 125.4 -0.001107557518
125.45 125.4 125.5 -0.0003731078758
125.55 125.5 125.6 -0.0002918697471
125.65 125.6 125.7 -0.0004104452268
125.75 125.7 125.8 -2.580470791e-05
125.85 125.8 125.9 3.043153084e-05
125.95 125.9 126 0.000112015925
126.05 126 126.1 -0.001249219047
126.15 126.1 126.2 -0.001875054398
126.25 126.2 126.3 0.00195702192
126.35 126.3 126.4 -0.001633368186
126.45 126.4 126.5 -0.002080216529
126.55 126.5 126.6 -0.0006141759704
126.65 126.6 126.7 -0.0008988772347
126.75 126.7 126.8 -0.002537211149
126.85 126.8 126.9 -0.002214034784
126.95 126.9 127 -0.002904861981
127.05 127 127.1 -0.001942401129
127.15 127.1 127.2 -0.0008150347438
127.25 127.2 127.3 -0.001603565697
127.35 127.3 127.4 -0.001043321674
127.45 127.4 127.5 -0.0008285674885
127.55 127.5 127.6 -0.0009505996332
127.65 127.6 127.7 -0.001910389478
127.75 127.7 127.8 -0.001183831137
127.85 127.8 127.9 -0.0002387629393
127.95 127.9 128 -0.0003441926549
128.05 128 128.1 -0.001493134757
128.15 128.1 128.2 -0.001691029878
128.25 128.2 128.3 -0.003486868577
128.35 128.3 128.4 -0.00246328206
128.45 128.4 128.5 -0.000314871741
128.55 128.5 128.6 -0.002170007316
128.65 128.6 128.7 -0.001791824082
128.75 128.7 128.8 -0.002894211769
128.85 128.8 128.9 0.0009312224373
128.95 128.9 129 -0.002743747057
129.05 129 129.1 -0.003542671887
129.15 129.1 129.2 -0.002152299159
129.25 129.2 129.3 -0.001234813277
129.35 129.3 129.4 -0.0002789594152
129.45 129.4 129.5 -0.001736661037
129.55 129.5 129.6 -0.001696100036
129.65 129.6 129.7 0.0005607385117
129.75 129.7 129.8 -0.0007689116479
129.85 129.8 129.9 -0.0007750203857
129.95 129.9 130 0.001189896101
130.05 130 130.1 -0.002051595551
130.15 130.1 130.2 -0.002398634182
130.25 130.2 130.3 -0.001136459849
130.35 130.3 130.4 -0.001401193871
130.45 130.4 130.5 -0.001667458477
130.55 130.5 130.6 -0.001537205058
130.65 130.6 130.7 -0.001906121209
130.75 130.7 130.8 -0.001285208044
130.85 130.8 130.9 -0.001380859262
130.95 130.9 131 -0.0002632766823
131.05 131 131.1 -0.002002265443
131.15 131.1 131.2 -0.000640739243
131.25 131.2 131.3 -0.001259589604
131.35 131.3 131.4 -0.001401468537
131.45 131.4 131.5 -0.0005850853796
131.55 131.5 131.6 -0.00132721532
131.65 131.6 131.7 -0.001661935385
131.75 131.7 131.8 -0.001050725364
131.85 131.8 131.9 0.001835883145
131.95 131.9 132 -0.002945453513
132.05 132 132.1 -0.000999445906
132.15 132.1 132.2 5.272186872e-05
132.25 132.2 132.3 -0.001897810664
132.35 132.3 132.4 -0.001397973033
132.45 132.4 132.5 -0.001635450505
132.55 132.5 132.6 -0.00223856684
132.65 132.6 132.7 -0.00242754674
132.75 132.7 132.8 -0.001655809038
132.85 132.8 132.9 -0.001303644788
132.95 132.9 133 0.000387813208
133.05 133 133.1 -0.003010225634
133.15 133.1 133.2 -0.001799131347
133.25 133.2 133.3 -0.0007166582789
133.35 133.3 133.4 -0.002583593228
133.45 133.4 133.5 -0.001965418236
133.55 133.5 133.6 -0.001909927807
133.65 133.6 133.7 -0.0005308843609
133.75 133.7 133.8 -0.002362558524
133.85 133.8 133.9 -0.0007463135934
133.95 133.9 134 -0.001961448119
134.05 134 134.1 0.0006912977585
134.15 134.1 134.2 -0.0008931933562
134.25 134.2 134.3 -0.001460592654
134.35 134.3 134.4 -0.001174296489
134.45 134.4 134.5 -0.002183047963
134.55 134.5 134.6 -0.001475772701
134.65 134.6 134.7 -0.001821926768
134.75 134.7 134.8 -0.002787849098
134.85 134.8 134.9 -0.001380143021
134.95 134.9 135 -0.001876218687
135.05 135 135.1 -0.002573787577
135.15 135.1 135.2 -0.002506354213
135.25 135.2 135.3 -0.001479833349
135.35 135.3 135.4 -0.0006333448273
135.45 135.4 135.5 -0.001799738712
135.55 135.5 135.6 -0.001469893729
135.65 135.6 135.7 -0.003558263584
135.75 135.7 135.8 -0.001714225595
135.85 135.8 135.9 -0.00176774805
135.95 135.9 136 -0.0005643966206
136.05 136 136.1 -0.001750940638
136.15 136.1 136.2 -0.001805059309
136.25 136.2 136.3 -0.001019722459
136.35 136.3 136.4 -0.002779573681
136.45 136.4 136.5 -0.002857128004
136.55 136.5 136.6 -0.00236757253
136.65 136.6 136.7 -0.001485956187
136.75 136.7 136.8 -0.001791133939
136.85 136.8 136.9 -0.001726855003
136.95 136.9 137 -0.002413515919
137.05 137 137.1 -0.002146918637
137.15 137.1 137.2 -0.001724356986
137.25 137.2 137.3 -0.004791910723
137.35 137.3 137.4 -0.001282290885
137.45 137.4 137.5 -0.002434708221
137.55 137.5 137.6 -0.001857408146
137.65 137.6 137.7 -0.001387369211
137.75 137.7 137.8 -0.002361450808
137.85 137.8 137.9 -0.001461367694
137.95 137.9 138 -0.001312946223
138.05 138 138.1 -0.001837700776
138.15 138.1 138.2 -0.003571307346
138.25 138.2 138.3 -0.001661541547
138.35 138.3 138.4 -0.001662585559
138.45 138.4 138.5 -0.00142777173
138.55 138.5 138.6 -0.001619930304
138.65 138.6 138.7 -0.001691449155
138.75 138.7 138.8 -0.002550698891
138.85 138.8 138.9 -0.002937438529
138.95 138.9 139 -0.0004563478706
139.05 139 139.1 -0.0005246955296
139.15 139.1 139.2 -0.003972990505
139.25 139.2 139.3 -0.001441786825
139.35 139.3 139.4 -0.0004605883055
139.45 139.4 139.5 -0.001412731525
139.55 139.5 139.6 -0.0008223605797
139.65 139.6 139.7 -0.001870670726
139.75 139.7 139.8 -0.003514612304
139.85 139.8 139.9 -0.001842147129
139.95 139.9 140 -0.003510284689
140.05 140 140.1 -0.002596047288
140.15 140.1 140.2 -0.003164581789
140.25 140.2 140.3 -0.001059686874
140.35 140.3 140.4 -0.001733221042
140.45 140.4 140.5 -0.0003883960547
140.55 140.5 140.6 -0.001996480042
140.65 140.6 140.7 0.0001026246948
140.75 140.7 140.8 -0.002301758203
140.85 140.8 140.9 -0.001347216844
140.95 140.9 141 -0.001682423711
141.05 141 141.1 -0.0004693114738
141.15 141.1 141.2 -0.00193725407
141.25 141.2 141.3 -0.00118103249
141.35 141.3 141.4 -0.002214795228
141.45 141.4 141.5 -0.004407098913
141.55 141.5 141.6 -0.0001941566997
141.65 141.6 141.7 -0.0004484282843
141.75 141.7 141.8 -0.001800772548
141.85 141.8 141.9 -0.001225818187
141.95 141.9 142 -0.001916421877
142.05 142 142.1 -0.002279200259
142.15 142.1 142.2 -0.001729876638
142.25 142.2 142.3 -0.002289303835
142.35 142.3 142.4 -0.001483217265
142.45 142.4 142.5 -0.002277088672
142.55 142.5 142.6 -0.00271785158
142.65 142.6 142.7 -0.00174357478
142.75 142.7 142.8 -0.001853755561
142.85 142.8 142.9 -0.002383469043
142.95 142.9 143 -0.002076273938
143.05 143 143.1 -0.00248985319
143.15 143.1 143.2 -0.002432865013
143.25 143.2 143.3 -0.002010659391
143.35 143.3 143.4 0.0006313127233
143.45 143.4 143.5 -0.0002796578057
143.55 143.5 143.6 -0.001844908073
143.65 143.6 143.7 -0.0009011281249
143.75 143.7 143.8 -0.001443067374
143.85 143.8 143.9 -0.003404482057
143.95 143.9 144 -0.001328698946
144.05 144 144.1 -0.001908002655
144.15 144.1 144.2 -0.002013098162
144.25 144.2 144.3 -0.00220980276
144.35 144.3 144.4 -0.001728092395
144.45 144.4 144.5 -0.0009720174387
144.55 144.5 144.6 -0.001656167037
144.65 144.6 144.7 -0.003319025198
144.75 144.7 144.8 -0.001494636349
144.85 144.8 144.9 -0.001502764896
144.95 144.9 145 -0.001983065079
145.05 145 145.1 -0.003810041558
145.15 145.1 145.2 -0.003916399699
145.25 145.2 145.3 -0.0009733520256
145.35 145.3 145.4 -0.0008802027411
145.45 145.4 145.5 -0.001782858947
145.55 145.5 145.6 -0.001995811792
145.65 145.6 145.7 -0.003284256049
145.75 145.7 145.8 -0.0003859842519
145.85 145.8 145.9 0.0002049593642
145.95 145.9 146 -0.001428615561
146.05 146 146.1 -0.001478631818
146.15 146.1 146.2 -0.0009902338218
146.25 146.2 146.3 -0.001532616267
146.35 146.3 146.4 -0.004256056854
146.45 146.4 146.5 -0.00175554496
146.55 146.5 146.6 -0.0007405042124
146.65 146.6 146.7 -0.001872590187
146.75 146.7 146.8 -0.0007967055379
146.85 146.8 146.9 -0.0006180903771
146.95 146.9 147 -0.002872016952
147.05 147 147.1 -0.000111136093
147.15 147.1 147.2 -0.001339727318
147.25 147.2 147.3 -0.003443147003
147.35 147.3 147.4 -0.0005900745025
147.45 147.4 147.5 -0.001365258412
147.55 147.5 147.6 -0.002488307058
147.65 147.6 147.7 0.0004465158616
147.75 147.7 147.8 -0.001955565404
147.85 147.8 147.9 -0.000697039403
147.95 147.9 148 -0.002425125205
148.05 148 148.1 -0.002006687371
148.15 148.1 148.2 -0.001681055897
148.25 148.2 148.3 -0.001717594269
148.35 148.3 148.4 -0.001940319131
148.45 148.4 148.5 -0.0009096266258
148.55 148.5 148.6 -4.36274398e-05
148.65 148.6 148.7 6.175727189e-05
148.75 148.7 148.8 -0.0007690834654
148.85 148.8 148.9 -0.001667826875
148.95 148.9 149 -0.0004269426501
149.05 149 149.1 -0.001818713525
149.15 149.1 149.2 -8.167353736e-05
149.25 149.2 149.3 -0.00154705887
149.35 149.3 149.4 -0.003348264714
149.45 149.4 149.5 -0.001679821007
149.55 149.5 149.6 -0.0004269018513
149.65 149.6 149.7 -0.0009299685926
149.75 149.7 149.8 -0.001489502632
149.85 149.8 149.9 -0.002364703604
149.95 149.9 150 -0.0005943568579
150.05 150 150.1 -0.0008962536772
150.15 150.1 150.2 -0.002558173321
150.25 150.2 150.3 -0.001437647296
150.35 150.3 150.4 -0.001324115609
150.45 150.4 150.5 -0.001735769924
150.55 150.5 150.6 -0.0006596984233
150.65 150.6 150.7 -0.001033678071
150.75 150.7 150.8 -0.002073881034
150.85 150.8 150.9 -7.167515566e-07
150.95 150.9 151 5.268738146e-05
151.05 151 151.1 -5.894244566e-05
151.15 151.1 151.2 -0.0003512067175
151.25 151.2 151.3 -0.0003442121119
151.35 151.3 151.4 0.0004176622937
151.45 151.4 151.5 -0.001381791634
151.55 151.5 151.6 -0.0008703295943
151.65 151.6 151.7 0.000192627487
151.75 151.7 151.8 7.97409156e-05
151.85 151.8 151.9 -0.001732928374
151.95 151.9 152 4.928302605e-05
152.05 152 152.1 -0.002140259092
152.15 152.1 152.2 -0.001731727663
152.25 152.2 152.3 -0.0001683933615
152.35 152.3 152.4 -9.710499232e-08
152.45 152.4 152.5 -0.0006876186345
152.55 152.5 152.6 -0.001953938202
152.65 152.6 152.7 -0.0004865495006
152.75 152.7 152.8 -0.000500883129
152.85 152.8 152.9 -0.0008728184965
152.95 152.9 153 -0.0007143410178
153.05 153 153.1 -0.002363326216
153.15 153.1 153.2 -0.001404175488
153.25 153.2 153.3 -0.001853065487
153.35 153.3 153.4 -0.001267282075
153.45 153.4 153.5 -0.0007053660335
153.55 153.5 153.6 3.041474137e-05
153.65 153.6 153.7 -0.001763068136
153.75 153.7 153.8 -9.492042069e-05
153.85 153.8 153.9 -2.76968866e-05
153.95 153.9 154 0.0001362402572
154.05 154 154.1 -0.001954877287
154.15 154.1 154.2 -0.002273254986
154.25 154.2 154.3 6.04783692e-05
154.35 154.3 154.4 -0.001096829967
154.45 154.4 154.5 -0.0001795251439
154.55 154.5 154.6 -0.0001253369476
154.65 154.6 154.7 -0.0002366607038
154.75 154.7 154.8 -0.0008933883506
154.85 154.8 154.9 0.0004858433547
154.95 154.9 155 0.001352032887
155.05 155 155.1 -0.001475544856
155.15 155.1 155.2 -0.0003678603363
155.25 155.2 155.3 -6.174351019e-05
155.35 155.3 155.4 -0.0003300904141
155.45 155.4 155.5 -0.001465935211
155.55 155.5 155.6 0.0002594213615
155.65 155.6 155.7 -0.001203992328
155.75 155.7 155.8 -0.001030107719
155.85 155.8 155.9 -8.619106309e-05
155.95 155.9 156 -0.001270040314
156.05 156 156.1 -0.001511946338
156.15 156.1 156.2 -0.0003214629547
156.25 156.2 156.3 -8.361366849e-05
156.35 156.3 156.4 -0.0005421014577
156.45 156.4 156.5 -0.0003186647181
156.55 156.5 156.6 -0.002748612014
156.65 156.6 156.7 -0.001051531144
156.75 156.7 156.8 -0.001196259411
156.85 156.8 156.9 0.001501965622
156.95 156.9 157 -0.000285499986
157.05 157 157.1 -0.0003276921237
157.15 157.1 157.2 -0.002001314856
157.25 157.2 157.3 -0.001260838885
157.35 157.3 157.4 -0.00108819144
157.45 157.4 157.5 -0.000542376618
157.55 157.5 157.6 -0.00195191971
157.65 157.6 157.7 -0.002419263642
157.75 157.7 157.8 -0.0009662390337
157.85 157.8 157.9 -0.0003985845106
157.95 157.9 158 0.0004983494681
158.05 158 158.1 -0.00162436102
158.15 158.1 158.2 -0.002602561443
158.25 158.2 158.3 -0.001825996394
158.35 158.3 158.4 0.00147920137
158.45 158.4 158.5 0.0006895609115
158.55 158.5 158.6 -0.0006326505183
158.65 158.6 158.7 0.0009714890975
158.75 158.7 158.8 -0.0007695819415
158.85 158.8 158.9 -0.001380021806
158.95 158.9 159 0.000103609489
159.05 159 159.1 -0.0003312325049
159.15 159.1 159.2 0.0006754914145
159.25 159.2 159.3 -0.0008216774673
159.35 159.3 159.4 -0.0009578219087
159.45 159.4 159.5 -0.002182933541
159.55 159.5 159.6 -8.684311879e-06
159.65 159.6 159.7 -0.002031223815
159.75 159.7 159.8 -0.0008041912894
159.85 159.8 159.9 -0.0005013573067
159.95 159.9 160 -0.001425387005
160.05 160 160.1 -9.543496855e-05
160.15 160.1 160.2 0.0001849911682
160.25 160.2 160.3 0.0007475431592
160.35 160.3 160.4 -0.0008733293602
160.45 160.4 160.5 -0.001027956579
160.55 160.5 160.6 -0.0005424583422
160.65 160.6 160.7 -0.0007230326809
160.75 160.7 160.8 -0.0001790394472
160.85 160.8 160.9 -0.0008316910525
160.95 160.9 161 -0.0007745512726
161.05 161 161.1 -0.0002325238806
161.15 161.1 161.2 -0.001196021949
161.25 161.2 161.3 0.000202062663
161.35 161.3 161.4 -0.002050052387
161.45 161.4 161.5 -0.001919037397
161.55 161.5 161.6 -0.0003097597039
161.65 161.6 161.7 -0.002343673973
161.75 161.7 161.8 0.001134537903
161.85 161.8 161.9 0.001059297485
161.95 161.9 162 -0.0008070089185
162.05 162 162.1 0.001253011477
162.15 162.1 162.2 -0.001381823645
162.25 162.2 162.3 -0.0007321977467
162.35 162.3 162.4 -0.001327399199
162.45 162.4 162.5 0.0004488865377
162.55 162.5 162.6 -0.001116525083
162.65 162.6 162.7 -0.0007198518188
162.75 162.7 162.8 -0.001043234771
162.85 162.8 162.9 -0.0007532681383
162.95 162.9 163 -0.002373702104
163.05 163 163.1 -0.002306728777
163.15 163.1 163.2 -0.0009410120489
163.25 163.2 163.3 0.0002206404637
163.35 163.3 163.4 -0.001142909849
163.45 163.4 163.5 0.0004866151484
163.55 163.5 163.6 -0.001153340938
163.65 163.6 163.7 -0.0009875033057
163.75 163.7 163.8 -0.0009670756821
163.85 163.8 163.9 -0.0003846999683
163.95 163.9 164 -0.0005076102332
164.05 164 164.1 -0.00237580548
164.15 164.1 164.2 0.0005843628727
164.25 164.2 164.3 0.001650141906
164.35 164.3 164.4 -0.0009719293628
164.45 164.4 164.5 -0.000447715183
164.55 164.5 164.6 -0.0006836345623
164.65 164.6 164.7 -0.0002896868578
164.75 164.7 164.8 -0.002018773613
164.85 164.8 164.9 -0.0002092881816
164.95 164.9 165 -0.0002120916718
165.05 165 165.1 0.0004076776586
165.15 165.1 165.2 -0.000731048288
165.25 165.2 165.3 -0.001564993426
165.35 165.3 165.4 -0.001264300021
165.45 165.4 165.5 -0.003112939161
165.55 165.5 165.6 0.0001025787072
165.65 165.6 165.7 -0.0006364420092
165.75 165.7 165.8 -0.001381446702
165.85 165.8 165.9 -0.001418605719
165.95 165.9 166 -0.0001839742352
166.05 166 166.1 0.0003610447995
166.15 166.1 166.2 -0.001415610542
166.25 166.2 166.3 0.0004792817661
166.35 166.3 166.4 -0.0006230260399
166.45 166.4 166.5 -0.001561468279
166.55 166.5 166.6 -0.001283729609
166.65 166.6 166.7 -0.0009069633337
166.75 166.7 166.8 -0.000981083153
166.85 166.8 166.9 -0.001035177428
166.95 166.9 167 0.0008228953182
167.05 167 167.1 -0.0008021180897
167.15 167.1 167.2 -0.0001271293711
167.25 167.2 167.3 -0.002096023897
167.35 167.3 167.4 -0.000333231027
167.45 167.4 167.5 -0.001121702346
167.55 167.5 167.6 -0.0008557241545
167.65 167.6 167.7 0.0002538489417
167.75 167.7 167.8 0.001465738198
167.85 167.8 167.9 -1.68776657e-05
167.95 167.9 168 0.0003307090184
168.05 168 168.1 -0.0009917766504
168.15 168.1 168.2 -0.001181549194
168.25 168.2 168.3 -0.000535975529
168.35 168.3 168.4 0.001073853704
168.45 168.4 168.5 -0.001010221317
168.55 168.5 168.6 -0.001094106566
168.65 168.6 168.7 -0.0009344952004
168.75 168.7 168.8 0.0004273765495
168.85 168.8 168.9 -0.0002251276553
168.95 168.9 169 0.0001629100424
169.05 169 169.1 -0.000267210381
169.15 169.1 169.2 -0.0006944490387
169.25 169.2 169.3 -0.001457504687
169.35 169.3 169.4 -0.0007925752557
169.45 169.4 169.5 -0.000747862985
169.55 169.5 169.6 -0.001538600583
169.65 169.6 169.7 -0.002219581941
169.75 169.7 169.8 -0.0009877808157
169.85 169.8 169.9 -0.0006823818138
169.95 169.9 170 -0.0007268272938
170.05 170 170.1 -0.0002701092396
170.15 170.1 170.2 -0.0005692096022
170.25 170.2 170.3 -0.001072177105
170.35 170.3 170.4 0.0009362635187
170.45 170.4 170.5 -0.00164166836
170.55 170.5 170.6 -0.000948172639
170.65 170.6 170.7 -0.002107856128
170.75 170.7 170.8 0.001299401107
170.85 170.8 170.9 -0.0004521555488
170.95 170.9 171 -0.002447988622
171.05 171 171.1 -0.001140854831
171.15 171.1 171.2 -0.0007450316859
171.25 171.2 171.3 -0.0008549336419
171.35 171.3 171.4 -0.002200612374
171.45 171.4 171.5 -0.0005181455295
171.55 171.5 171.6 -0.001454889059
171.65 171.6 171.7 -0.002306806518
171.75 171.7 171.8 -0.0003047933321
171.85 171.8 171.9 0.0001988528135
171.95 171.9 172 -0.001467781672
172.05 172 172.1 -0.001912124872
172.15 172.1 172.2 -0.002347684627
172.25 172.2 172.3 -0.0004524162225
172.35 172.3 172.4 -0.001457866753
172.45 172.4 172.5 -0.00135877742
172.55 172.5 172.6 0.001013653683
172.65 172.6 172.7 -0.0003103286376
172.75 172.7 172.8 -0.0001308058517
172.85 172.8 172.9 -0.001738517123
172.95 172.9 173 -0.001469373988
173.05 173 173.1 -0.0013364816
173.15 173.1 173.2 4.892038714e-05
173.25 173.2 173.3 5.149717168e-05
173.35 173.3 173.4 -0.001151845856
173.45 173.4 173.5 -0.0008150084733
173.55 173.5 173.6 -0.0007123066089
173.65 173.6 173.7 -0.0006454498097
173.75 173.7 173.8 -0.001518126184
173.85 173.8 173.9 -0.001328528243
173.95 173.9 174 -0.001784733493
174.05 174 174.1 -0.0006330534157
174.15 174.1 174.2 -0.0005266821483
174.25 174.2 174.3 -0.000378957764
174.35 174.3 174.4 0.0005570729599
174.45 174.4 174.5 -0.0003980396241
174.55 174.5 174.6 -0.002476320613
174.65 174.6 174.7 -0.001228645778
174.75 174.7 174.8 -0.00115656123
174.85 174.8 174.9 -0.000941066523
174.95 174.9 175 0.0001814809538
175.05 175 175.1 -0.0002384223218
175.15 175.1 175.2 -8.696835714e-05
175.25 175.2 175.3 -0.001635882417
175.35 175.3 175.4 -0.0002937654569
175.45 175.4 175.5 4.871119667e-06
175.55 175.5 175.6 -0.0009251209517
175.65 175.6 175.7 -0.0005017964098
175.75 175.7 175.8 -0.0005240489823
175.85 175.8 175.9 -0.001196155036
175.95 175.9 176 0.0006343097813
176.05 176 176.1 -0.0008222519314
176.15 176.1 176.2 -0.001057765376
176.25 176.2 176.3 -0.0006661489742
176.35 176.3 176.4 0.0002263302415
176.45 176.4 176.5 -0.0006307240858
176.55 176.5 176.6 -0.0005126499518
176.65 176.6 176.7 -0.002220044528
176.75 176.7 176.8 -0.001526126095
176.85 176.8 176.9 -0.0008916538824
176.95 176.9 177 -0.001265284428
177.05 177 177.1 -0.000653512032
177.15 177.1 177.2 -0.0005976894785
177.25 177.2 177.3 -0.0008442835361
177.35 177.3 177.4 -0.0007462257927
177.45 177.4 177.5 0.0001385703471
177.55 177.5 177.6 -0.001072202331
177.65 177.6 177.7 -0.001635087348
177.75 177.7 177.8 -0.001281639177
177.85 177.8 177.9 0.00226659835
177.95 177.9 178 -0.001437132475
178.05 178 178.1 -0.0003392287001
178.15 178.1 178.2 -0.0003799695883
178.25 178.2 178.3 8.983423228e-05
178.35 178.3 178.4 -0.0004433503719
178.45 178.4 178.5 -0.001688912383
178.55 178.5 178.6 -0.001266624759
178.65 178.6 178.7 -0.0001716850172
178.75 178.7 178.8 -0.001762605523
178.85 178.8 178.9 -0.001347085116
178.95 178.9 179 -0.0005719703451
179.05 179 179.1 9.395749117e-05
179.15 179.1 179.2 -3.553970749e-05
179.25 179.2 179.3 -0.002125780547
179.35 179.3 179.4 -0.001557904534
179.45 179.4 179.5 0.001330856241
179.55 179.5 179.6 -0.0006513496422
179.65 179.6 179.7 -0.0004759190135
179.75 179.7 179.8 2.218533841e-05
179.85 179.8 179.9 -0.0008904788824
179.95 179.9 180 -0.0002622776065
180.05 180 180.1 -0.0008223716916
180.15 180.1 180.2 0.0003495785379
180.25 180.2 180.3 0.0004175364237
180.35 180.3 180.4 -0.001563744625
180.45 180.4 180.5 -0.0009296423012
180.55 180.5 180.6 -0.0003696081743
180.65 180.6 180.7 -0.0006510095188
180.75 180.7 180.8 -0.0005711361908
180.85 180.8 180.9 -0.0003605492741
180.95 180.9 181 -0.001417021681
181.05 181 181.1 -0.001331016059
181.15 181.1 181.2 -0.002534430676
181.25 181.2 181.3 0.0006762533142
181.35 181.3 181.4 -0.0007999921752
181.45 181.4 181.5 -0.001101248445
181.55 181.5 181.6 -0.001089500966
181.65 181.6 181.7 0.000128217584
181.75 181.7 181.8 -9.2549469e-05
181.85 181.8 181.9 0.0006059525691
181.95 181.9 182 -0.001267588759
182.05 182 182.1 -0.000959981455
182.15 182.1 182.2 -3.837261936e-05
182.25 182.2 182.3 -0.0009583137669
182.35 182.3 182.4 -0.001877333747
182.45 182.4 182.5 -0.0005434496015
182.55 182.5 182.6 -0.001176176604
182.65 182.6 182.7 -0.0003808773688
182.75 182.7 182.8 -0.0004680162172
182.85 182.8 182.9 -0.0006139544619
182.95 182.9 183 -0.0001930575142
183.05 183 183.1 -0.002024120771
183.15 183.1 183.2 -4.279494058e-05
183.25 183.2 183.3 0.000543852061
183.35 183.3 183.4 -0.001988433541
183.45 183.4 183.5 -0.001644393904
183.55 183.5 183.6 0.0004362950245
183.65 183.6 183.7 -0.0004241823048
183.75 183.7 183.8 7.296294018e-06
183.85 183.8 183.9 -0.0001806209431
183.95 183.9 184 0.0002578172835
184.05 184 184.1 -0.0006720188177
184.15 184.1 184.2 -0.0005698407468
184.25 184.2 184.3 0.0005627420518
184.35 184.3 184.4 0.0003802893654
184.45 184.4 184.5 -0.001666915001
184.55 184.5 184.6 0.0001925948507
184.65 184.6 184.7 -0.0004938774213
184.75 184.7 184.8 0.0009594988141
184.85 184.8 184.9 0.0006208683435
184.95 184.9 185 -0.001311410761
185.05 185 185.1 0.0005158106184
185.15 185.1 185.2 -0.0005117211492
185.25 185.2 185.3 0.0001977058852
185.35 185.3 185.4 -0.001093122382
185.45 185.4 185.5 0.0006623943712
185.55 185.5 185.6 0.0007050929588
185.65 185.6 185.7 -0.0007629879538
185.75 185.7 185.8 -0.0003944097352
185.85 185.8 185.9 -0.0006054627144
185.95 185.9 186 -0.0006039182828
186.05 186 186.1 -0.000889853687
186.15 186.1 186.2 -0.0007871162717
186.25 186.2 186.3 -0.0007556786965
186.35 186.3 186.4 -0.0008229350293
186.45 186.4 186.5 0.0005206570336
186.55 186.5 186.6 0.0001736713337
186.65 186.6 186.7 -0.0003207532884
186.75 186.7 186.8 -0.0002545823102
186.85 186.8 186.9 0.000262534579
186.95 186.9 187 -0.0002695687253
187.05 187 187.1 -0.000556237275
187.15 187.1 187.2 -0.0003477324983
187.25 187.2 187.3 -0.0006431145838
187.35 187.3 187.4 0.0006111143
187.45 187.4 187.5 0.0009388519915
187.55 187.5 187.6 0.0006949659405
187.65 187.6 187.7 -1.379485165e-06
187.75 187.7 187.8 0.0006908335467
187.85 187.8 187.9 -0.0002449446222
187.95 187.9 188 -0.0001001953427
188.05 188 188.1 0.0009756563281
188.15 188.1 188.2 -0.0003058751099
188.25 188.2 188.3 -0.0008732854859
188.35 188.3 188.4 -0.000848272969
188.45 188.4 188.5 -0.0003359981863
188.55 188.5 188.6 -0.0008703982986
188.65 188.6 188.7 -0.0006237322063
188.75 188.7 188.8 0.001598660013
188.85 188.8 188.9 3.754781601e-05
188.95 188.9 189 0.0007696243809
189.05 189 189.1 -0.0006370091494
189.15 189.1 189.2 -0.0009005339495
189.25 189.2 189.3 0.0001890915092
189.35 189.3 189.4 -0.001337843898
189.45 189.4 189.5 -0.0005534065295
189.55 189.5 189.6 0.0003643759226
189.65 189.6 189.7 0.001063169716
189.75 189.7 189.8 0.001186341141
189.85 189.8 189.9 -0.001358861262
189.95 189.9 190 -0.0004112958255
190.05 190 190.1 -0.0002126889216
190.15 190.1 190.2 -0.001399760722
190.25 190.2 190.3 0.0001886470663
190.35 190.3 190.4 0.000358744909
190.45 190.4 190.5 -0.001121691878
190.55 190.5 190.6 0.0003228553568
190.65 190.6 190.7 6.059015214e-05
190.75 190.7 190.8 0.000515972999
190.85 190.8 190.9 -3.594865481e-05
190.95 190.9 191 0.001061261659
191.05 191 191.1 -0.0004779680165
191.15 191.1 191.2 -0.0009335557239
191.25 191.2 191.3 -0.0009135868183
191.35 191.3 191.4 0.0003964368732
191.45 191.4 191.5 -0.0001135759075
191.55 191.5 191.6 -0.001205939986
191.65 191.6 191.7 -8.109779483e-05
191.75 191.7 191.8 -0.0005469155854
191.85 191.8 191.9 -0.0003873448322
191.95 191.9 192 -0.00129601929
192.05 192 192.1 -0.001762895057
192.15 192.1 192.2 -0.0006765329877
192.25 192.2 192.3 0.0004459637941
192.35 192.3 192.4 0.0003988002857
192.45 192.4 192.5 0.000459048949
192.55 192.5 192.6 -0.0005492645262
192.65 192.6 192.7 -0.0006622524329
192.75 192.7 192.8 -0.0003375208197
192.85 192.8 192.9 1.583113614e-06
192.95 192.9 193 -0.00145842417
193.05 193 193.1 0.000609959523
193.15 193.1 193.2 -0.001513732197
193.25 193.2 193.3 -0.0001426607656
193.35 193.3 193.4 -0.001306024321
193.45 193.4 193.5 -0.0003394593765
193.55 193.5 193.6 0.0005300459598
193.65 193.6 193.7 0.0004058320659
193.75 193.7 193.8 -0.0005423115795
193.85 193.8 193.9 0.001084060434
193.95 193.9 194 0.0005041542678
194.05 194 194.1 -0.001651251042
194.15 194.1 194.2 -0.0004940126013
194.25 194.2 194.3 -0.0002337562668
194.35 194.3 194.4 0.0002998026968
194.45 194.4 194.5 -0.001329771456
194.55 194.5 194.6 -0.001251633708
194.65 194.6 194.7 0.0001593729727
194.75 194.7 194.8 0.001031165151
194.85 194.8 194.9 -0.001498116256
194.95 194.9 195 -0.002119849497
195.05 195 195.1 -0.000391960062
195.15 195.1 195.2 -0.0008777376025
195.25 195.2 195.3 0.0005208064611
195.35 195.3 195.4 -0.0002267415768
195.45 195.4 195.5 0.0004381183204
195.55 195.5 195.6 -0.0003866465808
195.65 195.6 195.7 -6.669215387e-05
195.75 195.7 195.8 0.001101614699
195.85 195.8 195.9 -0.0001380209997
195.95 195.9 196 -0.0005850622958
196.05 196 196.1 -0.002012784867
196.15 196.1 196.2 0.001156971549
196.25 196.2 196.3 0.0006507694765
196.35 196.3 196.4 0.001121925566
196.45 196.4 196.5 -0.0009413690915
196.55 196.5 196.6 0.0005465531125
196.65 196.6 196.7 0.0009940148394
196.75 196.7 196.8 0.0003432251818
196.85 196.8 196.9 -0.0003651929677
196.95 196.9 197 0.000182375304
197.05 197 197.1 0.001133778015
197.15 197.1 197.2 -0.0008641278759
197.25 197.2 197.3 0.0002461809669
197.35 197.3 197.4 -8.048274702e-05
197.45 197.4 197.5 0.0003036251667
197.55 197.5 197.6 0.0002513551629
197.65 197.6 197.7 -0.001096782952
197.75 197.7 197.8 0.0003790303435
197.85 197.8 197.9 0.0007310985128
197.95 197.9 198 -0.0005811367982
198.05 198 198.1 -0.0004451473831
198.15 198.1 198.2 -0.0003457932443
198.25 198.2 198.3 0.0006262089142
198.35 198.3 198.4 0.0002821953393
198.45 198.4 198.5 -0.0009639184161
198.55 198.5 198.6 0.0002970147755
198.65 198.6 198.7 -0.0003382520607
198.75 198.7 198.8 -0.0005679519485
198.85 198.8 198.9 0.0002397352522
198.95 198.9 199 0.001019212102
199.05 199 199.1 -0.0003775278536
199.15 199.1 199.2 0.001232543082
199.25 199.2 199.3 0.0002115882892
199.35 199.3 199.4 -0.0003217536799
199.45 199.4 199.5 0.0001347720375
199.55 199.5 199.6 -0.00164518898
199.65 199.6 199.7 0.00038371255
199.75 199.7 199.8 -0.0001933927494
199.85 199.8 199.9 0.001526360795
199.95 199.9 200 0.000883814496
