# Columns: s_cen(1) s_min(2) s_max(3) xi_iso(4)
0.05 0 0.1 54.75947795
0.15 0.1 0.2 10.03703462
0.25 0.2 0.3 12.81964303
0.35 0.3 0.4 18.31306336
0.45 0.4 0.5 19.79419295
0.55 0.5 0.6 21.88688979
0.65 0.6 0.7 22.12046679
0.75 0.7 0.8 21.83188407
0.85 0.8 0.9 21.5692835
0.95 0.9 1 21.47584339
1.05 1 1.1 19.77430255
1.15 1.1 1.2 18.85929204
1.25 1.2 1.3 19.31457019
1.35 1.3 1.4 17.9125048
1.45 1.4 1.5 16.96885755
1.55 1.5 1.6 15.49465974
1.65 1.6 1.7 14.83337587
1.75 1.7 1.8 14.12815563
1.85 1.8 1.9 12.97692755
1.95 1.9 2 12.65134563
2.05 2 2.1 11.77379718
2.15 2.1 2.2 11.04046021
2.25 2.2 2.3 10.37753701
2.35 2.3 2.4 9.932493823
2.45 2.4 2.5 9.451256403
2.55 2.5 2.6 8.62242667
2.65 2.6 2.7 8.159873444
2.75 2.7 2.8 7.973984409
2.85 2.8 2.9 7.221586667
2.95 2.9 3 6.974128403
3.05 3 3.1 6.642102895
3.15 3.1 3.2 6.363155087
3.25 3.2 3.3 6.055616181
3.35 3.3 3.4 5.683203579
3.45 3.4 3.5 5.58400481
3.55 3.5 3.6 5.385277852
3.65 3.6 3.7 5.118652472
3.75 3.7 3.8 5.003341269
3.85 3.8 3.9 4.883914089
3.95 3.9 4 4.723024461
4.05 4 4.1 4.517490744
4.15 4.1 4.2 4.384262355
4.25 4.2 4.3 4.144486638
4.35 4.3 4.4 4.014640983
4.45 4.4 4.5 4.051681698
4.55 4.5 4.6 3.777464073
4.65 4.6 4.7 3.796790904
4.75 4.7 4.8 3.593473363
4.85 4.8 4.9 3.5667335
4.95 4.9 5 3.333685546
5.05 5 5.1 3.318155061
5.15 5.1 5.2 3.279761905
5.25 5.2 5.3 3.168939467
5.35 5.3 5.4 3.000773547
5.45 5.4 5.5 2.940344621
5.55 5.5 5.6 2.98549073
5.65 5.6 5.7 2.839474865
5.75 5.7 5.8 2.666119613
5.85 5.8 5.9 2.642338422
5.95 5.9 6 2.532907807
6.05 6 6.1 2.571321275
6.15 6.1 6.2 2.472693561
6.25 6.2 6.3 2.364934787
6.35 6.3 6.4 2.38003707
6.45 6.4 6.5 2.348552399
6.55 6.5 6.6 2.272896194
6.65 6.6 6.7 2.178111046
6.75 6.7 6.8 2.119021069
6.85 6.8 6.9 2.072633702
6.95 6.9 7 2.019238965
7.05 7 7.1 1.994451423
7.15 7.1 7.2 1.947470778
7.25 7.2 7.3 1.913609759
7.35 7.3 7.4 1.846017263
7.45 7.4 7.5 1.786123416
7.55 7.5 7.6 1.737220931
7.65 7.6 7.7 1.70024945
7.75 7.7 7.8 1.670321951
7.85 7.8 7.9 1.639246639
7.95 7.9 8 1.596997754
8.05 8 8.1 1.595066008
8.15 8.1 8.2 1.519063967
8.25 8.2 8.3 1.539332781
8.35 8.3 8.4 1.503450325
8.45 8.4 8.5 1.440795079
8.55 8.5 8.6 1.408171102
8.65 8.6 8.7 1.393747919
8.75 8.7 8.8 1.411531384
8.85 8.8 8.9 1.334510635
8.95 8.9 9 1.328793162
9.05 9 9.1 1.297739762
9.15 9.1 9.2 1.264261086
9.25 9.2 9.3 1.258268617
9.35 9.3 9.4 1.232552175
9.45 9.4 9.5 1.207552274
9.55 9.5 9.6 1.197115214
9.65 9.6 9.7 1.145684824
9.75 9.7 9.8 1.145378787
9.85 9.8 9.9 1.12307375
9.95 9.9 10 1.098107462
10.05 10 10.1 1.078109056
10.15 10.1 10.2 1.064072757
10.25 10.2 10.3 1.041491592
10.35 10.3 10.4 1.018121867
10.45 10.4 10.5 1.008242068
10.55 10.5 10.6 0.9866453966
10.65 10.6 10.7 0.9593307752
10.75 10.7 10.8 0.9439542019
10.85 10.8 10.9 0.9177709089
10.95 10.9 11 0.9021720648
11.05 11 11.1 0.9081741433
11.15 11.1 11.2 0.8831908072
11.25 11.2 11.3 0.8865946022
11.35 11.3 11.4 0.8630211561
11.45 11.4 11.5 0.8436149061
11.55 11.5 11.6 0.8003202187
11.65 11.6 11.7 0.8119605508
11.75 11.7 11.8 0.8305817186
11.85 11.8 11.9 0.7931644721
11.95 11.9 12 0.7895352604
12.05 12 12.1 0.7833376815
12.15 12.1 12.2 0.7340082016
12.25 12.2 12.3 0.759354704
12.35 12.3 12.4 0.7512495463
12.45 12.4 12.5 0.7287801139
12.55 12.5 12.6 0.7221007472
12.65 12.6 12.7 0.6966006281
12.75 12.7 12.8 0.7006666663
12.85 12.8 12.9 0.6799830483
12.95 12.9 13 0.6757834097
13.05 13 13.1 0.6570991146
13.15 13.1 13.2 0.6354819097
13.25 13.2 13.3 0.6651976085
13.35 13.3 13.4 0.6460761958
13.45 13.4 13.5 0.6454714633
13.55 13.5 13.6 0.6092840698
13.65 13.6 13.7 0.6130263098
13.75 13.7 13.8 0.6148312754
13.85 13.8 13.9 0.6137216181
13.95 13.9 14 0.5885025471
14.05 14 14.1 0.5877900202
14.15 14.1 14.2 0.5654609753
14.25 14.2 14.3 0.5605208776
14.35 14.3 14.4 0.5511716202
14.45 14.4 14.5 0.5449054168
14.55 14.5 14.6 0.5518762414
14.65 14.6 14.7 0.5258483572
14.75 14.7 14.8 0.5161154848
14.85 14.8 14.9 0.5160208895
14.95 14.9 15 0.5084980139
15.05 15 15.1 0.5192366539
15.15 15.1 15.2 0.5017677827
15.25 15.2 15.3 0.5013110232
15.35 15.3 15.4 0.4775685103
15.45 15.4 15.5 0.4971335351
15.55 15.5 15.6 0.4709538355
15.65 15.6 15.7 0.4689475969
15.75 15.7 15.8 0.463998239
15.85 15.8 15.9 0.458467334
15.95 15.9 16 0.4260365974
16.05 16 16.1 0.455937309
16.15 16.1 16.2 0.4283943831
16.25 16.2 16.3 0.4259627123
16.35 16.3 16.4 0.4356588354
16.45 16.4 16.5 0.424412709
16.55 16.5 16.6 0.4089825518
16.65 16.6 16.7 0.4012527883
16.75 16.7 16.8 0.4143859178
16.85 16.8 16.9 0.4068443074
16.95 16.9 17 0.396933727
17.05 17 17.1 0.3935343825
17.15 17.1 17.2 0.409477006
17.25 17.2 17.3 0.3829915746
17.35 17.3 17.4 0.3847111296
17.45 17.4 17.5 0.377322543
17.55 17.5 17.6 0.3716504565
17.65 17.6 17.7 0.3602430568
17.75 17.7 17.8 0.3682705991
17.85 17.8 17.9 0.3615641557
17.95 17.9 18 0.3605662728
18.05 18 18.1 0.353400331
18.15 18.1 18.2 0.3491432739
18.25 18.2 18.3 0.3575527812
18.35 18.3 18.4 0.3314888708
18.45 18.4 18.5 0.3324034279
18.55 18.5 18.6 0.3380572235
18.65 18.6 18.7 0.3355947946
18.75 18.7 18.8 0.3349062197
18.85 18.8 18.9 0.3235177525
18.95 18.9 19 0.3249515592
19.05 19 19.1 0.3154555458
19.15 19.1 19.2 0.3129008313
19.25 19.2 19.3 0.3087418357
19.35 19.3 19.4 0.3010250148
19.45 19.4 19.5 0.3046262689
19.55 19.5 19.6 0.3000066229
19.65 19.6 19.7 0.2896009163
19.75 19.7 19.8 0.3066102428
19.85 19.8 19.9 0.2937914204
19.95 19.9 20 0.2920873596
20.05 20 20.1 0.2934162215
20.15 20.1 20.2 0.2757292629
20.25 20.2 20.3 0.2781600396
20.35 20.3 20.4 0.2830558307
20.45 20.4 20.5 0.2868339753
20.55 20.5 20.6 0.2718845561
20.65 20.6 20.7 0.2734898224
20.75 20.7 20.8 0.2722055848
20.85 20.8 20.9 0.2645423782
20.95 20.9 21 0.259588868
21.05 21 21.1 0.2579514567
21.15 21.1 21.2 0.252703949
21.25 21.2 21.3 0.2595666988
21.35 21.3 21.4 0.2568323976
21.45 21.4 21.5 0.2639954267
21.55 21.5 21.6 0.2429494481
21.65 21.6 21.7 0.2576511617
21.75 21.7 21.8 0.2512756027
21.85 21.8 21.9 0.231376636
21.95 21.9 22 0.2414232811
22.05 22 22.1 0.2357781429
22.15 22.1 22.2 0.2398176862
22.25 22.2 22.3 0.2302756794
22.35 22.3 22.4 0.2309518263
22.45 22.4 22.5 0.2269488234
22.55 22.5 22.6 0.2106484788
22.65 22.6 22.7 0.2292580823
22.75 22.7 22.8 0.2221869215
22.85 22.8 22.9 0.2210338508
22.95 22.9 23 0.2142462881
23.05 23 23.1 0.2127446682
23.15 23.1 23.2 0.2191840515
23.25 23.2 23.3 0.2177862964
23.35 23.3 23.4 0.2062970394
23.45 23.4 23.5 0.2079211586
23.55 23.5 23.6 0.2000093314
23.65 23.6 23.7 0.2073754896
23.75 23.7 23.8 0.1977666404
23.85 23.8 23.9 0.1942728157
23.95 23.9 24 0.1967618297
24.05 24 24.1 0.2181622795
24.15 24.1 24.2 0.191324479
24.25 24.2 24.3 0.1855717651
24.35 24.3 24.4 0.1874328752
24.45 24.4 24.5 0.1944345804
24.55 24.5 24.6 0.1793917886
24.65 24.6 24.7 0.1850559014
24.75 24.7 24.8 0.18432061
24.85 24.8 24.9 0.1782796879
24.95 24.9 25 0.1846614447
25.05 25 25.1 0.1875747527
25.15 25.1 25.2 0.1819639213
25.25 25.2 25.3 0.1785379298
25.35 25.3 25.4 0.178342325
25.45 25.4 25.5 0.1733600903
25.55 25.5 25.6 0.179609728
25.65 25.6 25.7 0.1709544432
25.75 25.7 25.8 0.1681806837
25.85 25.8 25.9 0.1662044807
25.95 25.9 26 0.1642655482
26.05 26 26.1 0.1635888261
26.15 26.1 26.2 0.1608748611
26.25 26.2 26.3 0.157381389
26.35 26.3 26.4 0.1604251775
26.45 26.4 26.5 0.1541006744
26.55 26.5 26.6 0.1524235305
26.65 26.6 26.7 0.1471105431
26.75 26.7 26.8 0.1552160135
26.85 26.8 26.9 0.1519668895
26.95 26.9 27 0.1586898428
27.05 27 27.1 0.1525934132
27.15 27.1 27.2 0.1400306906
27.25 27.2 27.3 0.1528216566
27.35 27.3 27.4 0.1480616755
27.45 27.4 27.5 0.1466221222
27.55 27.5 27.6 0.1431932594
27.65 27.6 27.7 0.1494757757
27.75 27.7 27.8 0.1440427674
27.85 27.8 27.9 0.1438047297
27.95 27.9 28 0.1330146584
28.05 28 28.1 0.1350427986
28.15 28.1 28.2 0.1390716635
28.25 28.2 28.3 0.1354018529
28.35 28.3 28.4 0.1391947695
28.45 28.4 28.5 0.1335259371
28.55 28.5 28.6 0.1277261614
28.65 28.6 28.7 0.1337498518
28.75 28.7 28.8 0.1276746186
28.85 28.8 28.9 0.1306178901
28.95 28.9 29 0.1242876099
29.05 29 29.1 0.1283746882
29.15 29.1 29.2 0.1281847162
29.25 29.2 29.3 0.1205993616
29.35 29.3 29.4 0.1269481035
29.45 29.4 29.5 0.1292247202
29.55 29.5 29.6 0.1283730211
29.65 29.6 29.7 0.118989522
29.75 29.7 29.8 0.1127831481
29.85 29.8 29.9 0.1167921508
29.95 29.9 30 0.1127041018
30.05 30 30.1 0.1234816691
30.15 30.1 30.2 0.111834252
30.25 30.2 30.3 0.1222175397
30.35 30.3 30.4 0.1129288462
30.45 30.4 30.5 0.1128318293
30.55 30.5 30.6 0.114217997
30.65 30.6 30.7 0.1132583829
30.75 30.7 30.8 0.1026111004
30.85 30.8 30.9 0.1163599274
30.95 30.9 31 0.1104965115
31.05 31 31.1 0.107347964
31.15 31.1 31.2 0.09953248126
31.25 31.2 31.3 0.1062088174
31.35 31.3 31.4 0.1020014743
31.45 31.4 31.5 0.1095783124
31.55 31.5 31.6 0.09940451686
31.65 31.6 31.7 0.1103645781
31.75 31.7 31.8 0.1014144923
31.85 31.8 31.9 0.104699552
31.95 31.9 32 0.1001127115
32.05 32 32.1 0.09988894724
32.15 32.1 32.2 0.09303159702
32.25 32.2 32.3 0.1022953655
32.35 32.3 32.4 0.08776992989
32.45 32.4 32.5 0.0930582645
32.55 32.5 32.6 0.1010094044
32.65 32.6 32.7 0.09001405551
32.75 32.7 32.8 0.09547953831
32.85 32.8 32.9 0.09791312542
32.95 32.9 33 0.09049107024
33.05 33 33.1 0.08716904414
33.15 33.1 33.2 0.09405573336
33.25 33.2 33.3 0.08764887749
33.35 33.3 33.4 0.08583556434
33.45 33.4 33.5 0.0983681222
33.55 33.5 33.6 0.09234185395
33.65 33.6 33.7 0.079109841
33.75 33.7 33.8 0.08494572152
33.85 33.8 33.9 0.08982454004
33.95 33.9 34 0.09113569924
34.05 34 34.1 0.08546729046
34.15 34.1 34.2 0.08241271562
34.25 34.2 34.3 0.07856049275
34.35 34.3 34.4 0.08093437936
34.45 34.4 34.5 0.07914195732
34.55 34.5 34.6 0.07803435647
34.65 34.6 34.7 0.08034128483
34.75 34.7 34.8 0.08378507907
34.85 34.8 34.9 0.08400132007
34.95 34.9 35 0.07532073985
35.05 35 35.1 0.08258168039
35.15 35.1 35.2 0.07187149731
35.25 35.2 35.3 0.07905990649
35.35 35.3 35.4 0.07567194495
35.45 35.4 35.5 0.07456146247
35.55 35.5 35.6 0.07444616023
35.65 35.6 35.7 0.07749793548
35.75 35.7 35.8 0.07066152117
35.85 35.8 35.9 0.07310445265
35.95 35.9 36 0.07519795499
36.05 36 36.1 0.06653356014
36.15 36.1 36.2 0.07572439588
36.25 36.2 36.3 0.0664460731
36.35 36.3 36.4 0.06764173652
36.45 36.4 36.5 0.07222643097
36.55 36.5 36.6 0.06919502605
36.65 36.6 36.7 0.06984468733
36.75 36.7 36.8 0.07287623957
36.85 36.8 36.9 0.06749757226
36.95 36.9 37 0.06632780081
37.05 37 37.1 0.06990671254
37.15 37.1 37.2 0.07346771627
37.25 37.2 37.3 0.06897094448
37.35 37.3 37.4 0.07331458396
37.45 37.4 37.5 0.06817534956
37.55 37.5 37.6 0.06552205271
37.65 37.6 37.7 0.06589611096
37.75 37.7 37.8 0.06216660115
37.85 37.8 37.9 0.06585537201
37.95 37.9 38 0.06239240956
38.05 38 38.1 0.05749472585
38.15 38.1 38.2 0.06017199595
38.25 38.2 38.3 0.05903143759
38.35 38.3 38.4 0.06639165523
38.45 38.4 38.5 0.05977488343
38.55 38.5 38.6 0.0579098741
38.65 38.6 38.7 0.06919199326
38.75 38.7 38.8 0.05876258929
38.85 38.8 38.9 0.05801407003
38.95 38.9 39 0.05870454783
39.05 39 39.1 0.05823328312
39.15 39.1 39.2 0.0571082459
39.25 39.2 39.3 0.05778360141
39.35 39.3 39.4 0.05924170914
39.45 39.4 39.5 0.06103674167
39.55 39.5 39.6 0.05620854308
39.65 39.6 39.7 0.06405539219
39.75 39.7 39.8 0.05422253661
39.85 39.8 39.9 0.05294881156
39.95 39.9 40 0.05901890953
40.05 40 40.1 0.05604525703
40.15 40.1 40.2 0.04844282374
40.25 40.2 40.3 0.05482506145
40.35 40.3 40.4 0.05567217552
40.45 40.4 40.5 0.05111907645
40.55 40.5 40.6 0.05062454197
40.65 40.6 40.7 0.05714175358
40.75 40.7 40.8 0.05219322713
40.85 40.8 40.9 0.05358733952
40.95 40.9 41 0.05776912172
41.05 41 41.1 0.04827771188
41.15 41.1 41.2 0.05309763735
41.25 41.2 41.3 0.05419887095
41.35 41.3 41.4 0.04928608951
41.45 41.4 41.5 0.05175714582
41.55 41.5 41.6 0.05430378794
41.65 41.6 41.7 0.0505411632
41.75 41.7 41.8 0.05143416993
41.85 41.8 41.9 0.05158400305
41.95 41.9 42 0.04934111764
42.05 42 42.1 0.04824234095
42.15 42.1 42.2 0.05018613475
42.25 42.2 42.3 0.0489876518
42.35 42.3 42.4 0.04558826513
42.45 42.4 42.5 0.04677649444
42.55 42.5 42.6 0.04581916648
42.65 42.6 42.7 0.05624192915
42.75 42.7 42.8 0.04551739748
42.85 42.8 42.9 0.04252246284
42.95 42.9 43 0.04263384706
43.05 43 43.1 0.04821879301
43.15 43.1 43.2 0.04536713642
43.25 43.2 43.3 0.04762469624
43.35 43.3 43.4 0.04270267464
43.45 43.4 43.5 0.04327489933
43.55 43.5 43.6 0.04486253375
43.65 43.6 43.7 0.04005818671
43.75 43.7 43.8 0.04565574519
43.85 43.8 43.9 0.04414620051
43.95 43.9 44 0.04588816694
44.05 44 44.1 0.04002071825
44.15 44.1 44.2 0.04411532787
44.25 44.2 44.3 0.04421288272
44.35 44.3 44.4 0.04269924514
44.45 44.4 44.5 0.03976466797
44.55 44.5 44.6 0.04575202288
44.65 44.6 44.7 0.03988957581
44.75 44.7 44.8 0.03683010996
44.85 44.8 44.9 0.04220874623
44.95 44.9 45 0.03956208208
45.05 45 45.1 0.0448952613
45.15 45.1 45.2 0.04228800018
45.25 45.2 45.3 0.04039010013
45.35 45.3 45.4 0.04098620856
45.45 45.4 45.5 0.03626666337
45.55 45.5 45.6 0.04480591988
45.65 45.6 45.7 0.03614118353
45.75 45.7 45.8 0.03923624786
45.85 45.8 45.9 0.03901788458
45.95 45.9 46 0.03771441546
46.05 46 46.1 0.03978433261
46.15 46.1 46.2 0.03778018788
46.25 46.2 46.3 0.03343435902
46.35 46.3 46.4 0.03799254096
46.45 46.4 46.5 0.03090032902
46.55 46.5 46.6 0.04115260311
46.65 46.6 46.7 0.03760991293
46.75 46.7 46.8 0.0362186323
46.85 46.8 46.9 0.03410991563
46.95 46.9 47 0.0358265515
47.05 47 47.1 0.03350418377
47.15 47.1 47.2 0.03577085374
47.25 47.2 47.3 0.03281345234
47.35 47.3 47.4 0.03871276123
47.45 47.4 47.5 0.03394639879
47.55 47.5 47.6 0.03540347865
47.65 47.6 47.7 0.03020593013
47.75 47.7 47.8 0.03471066099
47.85 47.8 47.9 0.03011705936
47.95 47.9 48 0.03622072602
48.05 48 48.1 0.02387004878
48.15 48.1 48.2 0.02688612734
48.25 48.2 48.3 0.03142327484
48.35 48.3 48.4 0.03487045897
48.45 48.4 48.5 0.02961997232
48.55 48.5 48.6 0.03420684499
48.65 48.6 48.7 0.03355444881
48.75 48.7 48.8 0.03233936489
48.85 48.8 48.9 0.03076466425
48.95 48.9 49 0.03409399468
49.05 49 49.1 0.03367016242
49.15 49.1 49.2 0.03003788065
49.25 49.2 49.3 0.03342562478
49.35 49.3 49.4 0.03261963256
49.45 49.4 49.5 0.02798235028
49.55 49.5 49.6 0.03462381646
49.65 49.6 49.7 0.03002274324
49.75 49.7 49.8 0.02871149939
49.85 49.8 49.9 0.02860332958
49.95 49.9 50 0.0336501809
50.05 50 50.1 0.02791177855
50.15 50.1 50.2 0.02868248243
50.25 50.2 50.3 0.02671273157
50.35 50.3 50.4 0.02816152392
50.45 50.4 50.5 0.03161742019
50.55 50.5 50.6 0.03051273573
50.65 50.6 50.7 0.02884259376
50.75 50.7 50.8 0.02858105355
50.85 50.8 50.9 0.0249202427
50.95 50.9 51 0.02566940189
51.05 51 51.1 0.02590042174
51.15 51.1 51.2 0.02518740281
51.25 51.2 51.3 0.02848816065
51.35 51.3 51.4 0.02446747818
51.45 51.4 51.5 0.02480903952
51.55 51.5 51.6 0.02499111498
51.65 51.6 51.7 0.02238026451
51.75 51.7 51.8 0.02557907617
51.85 51.8 51.9 0.0250173824
51.95 51.9 52 0.0224122872
52.05 52 52.1 0.02414166239
52.15 52.1 52.2 0.02505570013
52.25 52.2 52.3 0.02685180535
52.35 52.3 52.4 0.02686371664
52.45 52.4 52.5 0.02675700484
52.55 52.5 52.6 0.02213433976
52.65 52.6 52.7 0.02677342989
52.75 52.7 52.8 0.02469661283
52.85 52.8 52.9 0.02736186464
52.95 52.9 53 0.02608344583
53.05 53 53.1 0.03112024441
53.15 53.1 53.2 0.02434301261
53.25 53.2 53.3 0.02370320501
53.35 53.3 53.4 0.02683545471
53.45 53.4 53.5 0.02228784932
53.55 53.5 53.6 0.02246176155
53.65 53.6 53.7 0.02840788528
53.75 53.7 53.8 0.02341403088
53.85 53.8 53.9 0.02370379378
53.95 53.9 54 0.02727120626
54.05 54 54.1 0.02014040354
54.15 54.1 54.2 0.01907383305
54.25 54.2 54.3 0.02206650191
54.35 54.3 54.4 0.02016913603
54.45 54.4 54.5 0.0223726675
54.55 54.5 54.6 0.02507276593
54.65 54.6 54.7 0.0227441617
54.75 54.7 54.8 0.02201785691
54.85 54.8 54.9 0.02207532383
54.95 54.9 55 0.02136431814
55.05 55 55.1 0.02519921239
55.15 55.1 55.2 0.01841990238
55.25 55.2 55.3 0.01891787301
55.35 55.3 55.4 0.02522195689
55.45 55.4 55.5 0.01805828247
55.55 55.5 55.6 0.02125842712
55.65 55.6 55.7 0.02097814234
55.75 55.7 55.8 0.02295988715
55.85 55.8 55.9 0.02657521549
55.95 55.9 56 0.01928933907
56.05 56 56.1 0.02325402302
56.15 56.1 56.2 0.01856766141
56.25 56.2 56.3 0.01678196055
56.35 56.3 56.4 0.01978744319
56.45 56.4 56.5 0.01828056076
56.55 56.5 56.6 0.01934777141
56.65 56.6 56.7 0.01905794163
56.75 56.7 56.8 0.01879201175
56.85 56.8 56.9 0.01977535764
56.95 56.9 57 0.01600648375
57.05 57 57.1 0.01498196747
57.15 57.1 57.2 0.01786830037
57.25 57.2 57.3 0.01864848976
57.35 57.3 57.4 0.01929982532
57.45 57.4 57.5 0.01724052055
57.55 57.5 57.6 0.01529787606
57.65 57.6 57.7 0.01756290863
57.75 57.7 57.8 0.02018898481
57.85 57.8 57.9 0.01995598765
57.95 57.9 58 0.014252815
58.05 58 58.1 0.01658822514
58.15 58.1 58.2 0.01812687479
58.25 58.2 58.3 0.01395965533
58.35 58.3 58.4 0.01910125751
58.45 58.4 58.5 0.01979265637
58.55 58.5 58.6 0.01622010906
58.65 58.6 58.7 0.01278485015
58.75 58.7 58.8 0.01894012052
58.85 58.8 58.9 0.01564627937
58.95 58.9 59 0.01633925143
59.05 59 59.1 0.01973913647
59.15 59.1 59.2 0.01710849912
59.25 59.2 59.3 0.01780643109
59.35 59.3 59.4 0.01455513845
59.45 59.4 59.5 0.01295501218
59.55 59.5 59.6 0.01410926955
59.65 59.6 59.7 0.01929208959
59.75 59.7 59.8 0.01743945915
59.85 59.8 59.9 0.01352402612
59.95 59.9 60 0.01536839387
60.05 60 60.1 0.01586574306
60.15 60.1 60.2 0.01466654362
60.25 60.2 60.3 0.01509326012
60.35 60.3 60.4 0.01534892117
60.45 60.4 60.5 0.01773334706
60.55 60.5 60.6 0.01200931816
60.65 60.6 60.7 0.0135647925
60.75 60.7 60.8 0.01453684418
60.85 60.8 60.9 0.01266752854
60.95 60.9 61 0.01325187212
61.05 61 61.1 0.01463283328
61.15 61.1 61.2 0.01468528766
61.25 61.2 61.3 0.01408358166
61.35 61.3 61.4 0.01366145406
61.45 61.4 61.5 0.01289203908
61.55 61.5 61.6 0.01248983544
61.65 61.6 61.7 0.01284671014
61.75 61.7 61.8 0.008446352386
61.85 61.8 61.9 0.01421454557
61.95 61.9 62 0.01411132517
62.05 62 62.1 0.01526132994
62.15 62.1 62.2 0.01424912742
62.25 62.2 62.3 0.01328724734
62.35 62.3 62.4 0.01495216336
62.45 62.4 62.5 0.006161026348
62.55 62.5 62.6 0.0102829779
62.65 62.6 62.7 0.01394604044
62.75 62.7 62.8 0.01196595482
62.85 62.8 62.9 0.01079336515
62.95 62.9 63 0.01147407594
63.05 63 63.1 0.01223195504
63.15 63.1 63.2 0.01401175313
63.25 63.2 63.3 0.01254313272
63.35 63.3 63.4 0.01272033795
63.45 63.4 63.5 0.01174376482
63.55 63.5 63.6 0.008787932742
63.65 63.6 63.7 0.0119008039
63.75 63.7 63.8 0.01070127058
63.85 63.8 63.9 0.009010308988
63.95 63.9 64 0.01415730786
64.05 64 64.1 0.01168529455
64.15 64.1 64.2 0.01122374293
64.25 64.2 64.3 0.01206083729
64.35 64.3 64.4 0.01187596917
64.45 64.4 64.5 0.01246240861
64.55 64.5 64.6 0.007410131122
64.65 64.6 64.7 0.01070860661
64.75 64.7 64.8 0.0157830225
64.85 64.8 64.9 0.01007202595
64.95 64.9 65 0.008248582382
65.05 65 65.1 0.01405839986
65.15 65.1 65.2 0.01245581286
65.25 65.2 65.3 0.0103537816
65.35 65.3 65.4 0.01097014474
65.45 65.4 65.5 0.01094508703
65.55 65.5 65.6 0.009047090397
65.65 65.6 65.7 0.01342602978
65.75 65.7 65.8 0.01105639953
65.85 65.8 65.9 0.007221736499
65.95 65.9 66 0.01121431826
66.05 66 66.1 0.01167693234
66.15 66.1 66.2 0.006162939788
66.25 66.2 66.3 0.01137465449
66.35 66.3 66.4 0.008125738435
66.45 66.4 66.5 0.01246298018
66.55 66.5 66.6 0.009342614441
66.65 66.6 66.7 0.00989414821
66.75 66.7 66.8 0.008657400578
66.85 66.8 66.9 0.00749835162
66.95 66.9 67 0.01142884754
67.05 67 67.1 0.00848608038
67.15 67.1 67.2 0.01269452461
67.25 67.2 67.3 0.007981057068
67.35 67.3 67.4 0.006529384539
67.45 67.4 67.5 0.005901535339
67.55 67.5 67.6 0.00671371702
67.65 67.6 67.7 0.009675736765
67.75 67.7 67.8 0.007944953551
67.85 67.8 67.9 0.006685974518
67.95 67.9 68 0.006968943099
68.05 68 68.1 0.006780839632
68.15 68.1 68.2 0.007480580696
68.25 68.2 68.3 0.009767672001
68.35 68.3 68.4 0.008937898335
68.45 68.4 68.5 0.007199356774
68.55 68.5 68.6 0.007550595316
68.65 68.6 68.7 0.01046821403
68.75 68.7 68.8 0.003443414814
68.85 68.8 68.9 0.004881342605
68.95 68.9 69 0.009114772877
69.05 69 69.1 0.009166300824
69.15 69.1 69.2 0.007463308069
69.25 69.2 69.3 0.008787406409
69.35 69.3 69.4 0.01134971846
69.45 69.4 69.5 0.00659305909
69.55 69.5 69.6 7.008180178e-05
69.65 69.6 69.7 0.007985634855
69.75 69.7 69.8 0.009044558277
69.85 69.8 69.9 0.008752104649
69.95 69.9 70 0.008684580403
70.05 70 70.1 0.006084910827
70.15 70.1 70.2 0.008119987616
70.25 70.2 70.3 0.005331744422
70.35 70.3 70.4 0.007861255539
70.45 70.4 70.5 0.005766667756
70.55 70.5 70.6 0.009524163965
70.65 70.6 70.7 0.00667650333
70.75 70.7 70.8 0.008803301152
70.85 70.8 70.9 0.009782691984
70.95 70.9 71 0.009081218779
71.05 71 71.1 0.006024662514
71.15 71.1 71.2 0.01059165783
71.25 71.2 71.3 0.009111765685
71.35 71.3 71.4 0.009195743856
71.45 71.4 71.5 0.00484129551
71.55 71.5 71.6 0.006680157509
71.65 71.6 71.7 0.006992193836
71.75 71.7 71.8 0.009589161233
71.85 71.8 71.9 0.00613508139
71.95 71.9 72 0.006509610142
72.05 72 72.1 0.01033054434
72.15 72.1 72.2 0.004824143203
72.25 72.2 72.3 0.00424996623
72.35 72.3 72.4 0.008764197707
72.45 72.4 72.5 0.007666648996
72.55 72.5 72.6 0.004530641301
72.65 72.6 72.7 0.006797685925
72.75 72.7 72.8 0.00793136671
72.85 72.8 72.9 0.005705421164
72.95 72.9 73 0.007323608073
73.05 73 73.1 0.009028969507
73.15 73.1 73.2 0.007567908801
73.25 73.2 73.3 0.00603695209
73.35 73.3 73.4 0.004331422764
73.45 73.4 73.5 0.008338607714
73.55 73.5 73.6 0.003589221808
73.65 73.6 73.7 0.009097715683
73.75 73.7 73.8 0.007819752505
73.85 73.8 73.9 0.002496793412
73.95 73.9 74 0.004140026101
74.05 74 74.1 0.003113917836
74.15 74.1 74.2 0.005263189652
74.25 74.2 74.3 0.008034796065
74.35 74.3 74.4 0.007360448218
74.45 74.4 74.5 0.003734937334
74.55 74.5 74.6 0.005682367851
74.65 74.6 74.7 0.003355497557
74.75 74.7 74.8 0.006399478216
74.85 74.8 74.9 0.005926807967
74.95 74.9 75 0.005393529684
75.05 75 75.1 0.00343222077
75.15 75.1 75.2 0.006015869445
75.25 75.2 75.3 0.005720897223
75.35 75.3 75.4 0.005394779634
75.45 75.4 75.5 0.005241110517
75.55 75.5 75.6 0.003737516138
75.65 75.6 75.7 0.003325249902
75.75 75.7 75.8 0.005091921856
75.85 75.8 75.9 0.005144830774
75.95 75.9 76 0.005333744816
76.05 76 76.1 0.008788210589
76.15 76.1 76.2 0.002777489758
76.25 76.2 76.3 0.007224380392
76.35 76.3 76.4 0.005144674214
76.45 76.4 76.5 0.003982744897
76.55 76.5 76.6 0.005672690203
76.65 76.6 76.7 0.004942690906
76.75 76.7 76.8 0.005250832805
76.85 76.8 76.9 0.007284943815
76.95 76.9 77 0.004881510287
77.05 77 77.1 0.003013387132
77.15 77.1 77.2 0.001924314296
77.25 77.2 77.3 0.002408347744
77.35 77.3 77.4 0.003326638818
77.45 77.4 77.5 0.003959727265
77.55 77.5 77.6 0.001673197629
77.65 77.6 77.7 0.004626702023
77.75 77.7 77.8 0.006595062194
77.85 77.8 77.9 0.001116359015
77.95 77.9 78 0.00548582192
78.05 78 78.1 0.003241457576
78.15 78.1 78.2 0.004780380521
78.25 78.2 78.3 0.00405371936
78.35 78.3 78.4 0.001178652769
78.45 78.4 78.5 0.00608935266
78.55 78.5 78.6 0.004689112434
78.65 78.6 78.7 0.004327511945
78.75 78.7 78.8 0.005544616629
78.85 78.8 78.9 0.002205971537
78.95 78.9 79 0.004236812391
79.05 79 79.1 0.006165543211
79.15 79.1 79.2 0.002781670763
79.25 79.2 79.3 0.003903823663
79.35 79.3 79.4 0.00279423574
79.45 79.4 79.5 0.004675643547
79.55 79.5 79.6 0.005955564097
79.65 79.6 79.7 0.002540518811
79.75 79.7 79.8 0.002630857349
79.85 79.8 79.9 0.002406308972
79.95 79.9 80 0.006884068937
80.05 80 80.1 0.004659693215
80.15 80.1 80.2 0.004358080375
80.25 80.2 80.3 0.00288759742
80.35 80.3 80.4 0.002101992872
80.45 80.4 80.5 0.00571317559
80.55 80.5 80.6 0.003407759122
80.65 80.6 80.7 0.002545889387
80.75 80.7 80.8 0.002874496649
80.85 80.8 80.9 0.005613610964
80.95 80.9 81 0.003836207634
81.05 81 81.1 0.002833131948
81.15 81.1 81.2 0.003113215943
81.25 81.2 81.3 0.005354252409
81.35 81.3 81.4 0.001730365901
81.45 81.4 81.5 0.005247165547
81.55 81.5 81.6 0.004202241654
81.65 81.6 81.7 0.004121478974
81.75 81.7 81.8 1.454066307e-05
81.85 81.8 81.9 0.003390729727
81.95 81.9 82 0.001826878615
82.05 82 82.1 0.005640607929
82.15 82.1 82.2 0.004179526429
82.25 82.2 82.3 0.002253468902
82.35 82.3 82.4 0.003709657546
82.45 82.4 82.5 0.006532664989
82.55 82.5 82.6 0.004890102432
82.65 82.6 82.7 0.0004517622887
82.75 82.7 82.8 0.002611287944
82.85 82.8 82.9 0.0009810474855
82.95 82.9 83 0.003436262831
83.05 83 83.1 -0.0001121121739
83.15 83.1 83.2 0.00106758038
83.25 83.2 83.3 0.005007184414
83.35 83.3 83.4 0.00562419789
83.45 83.4 83.5 0.00657965376
83.55 83.5 83.6 0.003420510022
83.65 83.6 83.7 0.003360922937
83.75 83.7 83.8 0.004715801602
83.85 83.8 83.9 0.003596500855
83.95 83.9 84 0.007086254492
84.05 84 84.1 0.001940658854
84.15 84.1 84.2 0.002779878325
84.25 84.2 84.3 0.004546939421
84.35 84.3 84.4 0.003056143816
84.45 84.4 84.5 0.004005870066
84.55 84.5 84.6 0.003835419411
84.65 84.6 84.7 0.004193873209
84.75 84.7 84.8 0.003004016825
84.85 84.8 84.9 0.003076639404
84.95 84.9 85 0.005665002345
85.05 85 85.1 0.003683693664
85.15 85.1 85.2 0.003985264711
85.25 85.2 85.3 0.003491702128
85.35 85.3 85.4 0.003149862149
85.45 85.4 85.5 0.002993896202
85.55 85.5 85.6 0.002627016839
85.65 85.6 85.7 0.003922293088
85.75 85.7 85.8 0.005253899791
85.85 85.8 85.9 0.003784072253
85.95 85.9 86 0.003884616768
86.05 86 86.1 0.004379245859
86.15 86.1 86.2 0.0008882357554
86.25 86.2 86.3 0.001414653533
86.35 86.3 86.4 0.004789554422
86.45 86.4 86.5 0.005403843264
86.55 86.5 86.6 0.003618614589
86.65 86.6 86.7 0.004983103084
86.75 86.7 86.8 0.002050085317
86.85 86.8 86.9 0.004796871733
86.95 86.9 87 0.002099553318
87.05 87 87.1 0.004828000967
87.15 87.1 87.2 0.003791660234
87.25 87.2 87.3 0.00535804522
87.35 87.3 87.4 0.00136808758
87.45 87.4 87.5 0.007230974253
87.55 87.5 87.6 0.002118329182
87.65 87.6 87.7 0.006157990937
87.75 87.7 87.8 0.005890764063
87.85 87.8 87.9 0.004544927355
87.95 87.9 88 0.003529285938
88.05 88 88.1 0.003494706071
88.15 88.1 88.2 0.004404864758
88.25 88.2 88.3 0.003036957128
88.35 88.3 88.4 0.006186614517
88.45 88.4 88.5 0.007310350586
88.55 88.5 88.6 0.005574997735
88.65 88.6 88.7 0.0030884711
88.75 88.7 88.8 0.004714061692
88.85 88.8 88.9 0.006113933559
88.95 88.9 89 0.004280972827
89.05 89 89.1 0.003318035696
89.15 89.1 89.2 0.005923747406
89.25 89.2 89.3 0.004276719901
89.35 89.3 89.4 0.005966039552
89.45 89.4 89.5 0.006458931411
89.55 89.5 89.6 0.004392787463
89.65 89.6 89.7 0.006725485965
89.75 89.7 89.8 0.004542451733
89.85 89.8 89.9 0.003342849935
89.95 89.9 90 0.007224495895
90.05 90 90.1 0.006076317642
90.15 90.1 90.2 0.00471498247
90.25 90.2 90.3 0.005045307153
90.35 90.3 90.4 0.005415115667
90.45 90.4 90.5 0.005779207139
90.55 90.5 90.6 0.004781562171
90.65 90.6 90.7 0.005309593697
90.75 90.7 90.8 0.003823062213
90.85 90.8 90.9 0.005195677416
90.95 90.9 91 0.003784545831
91.05 91 91.1 0.005566934829
91.15 91.1 91.2 0.005904329519
91.25 91.2 91.3 0.005701563529
91.35 91.3 91.4 0.006114269138
91.45 91.4 91.5 0.00606973379
91.55 91.5 91.6 0.005889524836
91.65 91.6 91.7 0.005511700366
91.75 91.7 91.8 0.003540331905
91.85 91.8 91.9 0.003827346038
91.95 91.9 92 0.002490234541
92.05 92 92.1 0.003158921864
92.15 92.1 92.2 0.005975014531
92.25 92.2 92.3 0.003372088673
92.35 92.3 92.4 0.006502585262
92.45 92.4 92.5 0.005833139487
92.55 92.5 92.6 0.006682769233
92.65 92.6 92.7 0.002910012888
92.75 92.7 92.8 0.003630694255
92.85 92.8 92.9 0.003204400984
92.95 92.9 93 0.005654582534
93.05 93 93.1 0.004002956493
93.15 93.1 93.2 0.003133513512
93.25 93.2 93.3 0.001843896975
93.35 93.3 93.4 0.002886966981
93.45 93.4 93.5 0.00438812581
93.55 93.5 93.6 0.004952143098
93.65 93.6 93.7 0.001550167429
93.75 93.7 93.8 0.003388251298
93.85 93.8 93.9 0.004345158358
93.95 93.9 94 0.005936251741
94.05 94 94.1 0.005473756143
94.15 94.1 94.2 0.002333245439
94.25 94.2 94.3 0.003667424364
94.35 94.3 94.4 0.005524778956
94.45 94.4 94.5 0.004990492983
94.55 94.5 94.6 0.003534020134
94.65 94.6 94.7 0.005324536086
94.75 94.7 94.8 0.002622761217
94.85 94.8 94.9 0.00193571413
94.95 94.9 95 0.006825190868
95.05 95 95.1 0.006231065939
95.15 95.1 95.2 0.001443304768
95.25 95.2 95.3 0.004351545152
95.35 95.3 95.4 0.001001672011
95.45 95.4 95.5 0.006560304477
95.55 95.5 95.6 0.004424343469
95.65 95.6 95.7 0.004763119847
95.75 95.7 95.8 0.004852478258
95.85 95.8 95.9 0.004670702903
95.95 95.9 96 0.005245054416
96.05 96 96.1 0.004133467737
96.15 96.1 96.2 0.003599932621
96.25 96.2 96.3 0.005139556125
96.35 96.3 96.4 0.005001772312
96.45 96.4 96.5 0.004159417089
96.55 96.5 96.6 0.004410453823
96.65 96.6 96.7 0.003497174648
96.75 96.7 96.8 0.005068779549
96.85 96.8 96.9 0.005393506196
96.95 96.9 97 0.004477656008
97.05 97 97.1 0.004889410398
97.15 97.1 97.2 0.004695773866
97.25 97.2 97.3 0.004136925474
97.35 97.3 97.4 0.001908947278
97.45 97.4 97.5 0.003596252365
97.55 97.5 97.6 0.002920762762
97.65 97.6 97.7 0.004373140693
97.75 97.7 97.8 0.002344030035
97.85 97.8 97.9 0.006157280399
97.95 97.9 98 0.005023465679
98.05 98 98.1 0.006393331963
98.15 98.1 98.2 0.002322651821
98.25 98.2 98.3 0.003444388648
98.35 98.3 98.4 0.00352867275
98.45 98.4 98.5 0.004331092316
98.55 98.5 98.6 0.006949595592
98.65 98.6 98.7 0.007992519627
98.75 98.7 98.8 0.005914847391
98.85 98.8 98.9 0.005070757805
98.95 98.9 99 0.004648677685
99.05 99 99.1 0.004300860317
99.15 99.1 99.2 0.004269775227
99.25 99.2 99.3 0.006741098826
99.35 99.3 99.4 0.004504164649
99.45 99.4 99.5 0.006124528984
99.55 99.5 99.6 0.003959672172
99.65 99.6 99.7 0.005972109184
99.75 99.7 99.8 0.005430529299
99.85 99.8 99.9 0.0051067004
99.95 99.9 100 0.008355882122
100.05 100 100.1 0.002099559863
100.15 100.1 100.2 0.004428174552
100.25 100.2 100.3 0.004603724607
100.35 100.3 100.4 0.006110261561
100.45 100.4 100.5 0.005608764881
100.55 100.5 100.6 0.006217244819
100.65 100.6 100.7 0.002708404707
100.75 100.7 100.8 0.006802298342
100.85 100.8 100.9 0.004870182144
100.95 100.9 101 0.003240821172
101.05 101 101.1 0.00910233567
101.15 101.1 101.2 0.005606342282
101.25 101.2 101.3 0.004927285079
101.35 101.3 101.4 0.006153850302
101.45 101.4 101.5 0.007609895063
101.55 101.5 101.6 0.005883031266
101.65 101.6 101.7 0.005316781034
101.75 101.7 101.8 0.002725337151
101.85 101.8 101.9 0.003354771814
101.95 101.9 102 0.004662213869
102.05 102 102.1 0.00268793624
102.15 102.1 102.2 0.004660630953
102.25 102.2 102.3 0.004792298914
102.35 102.3 102.4 0.002901232303
102.45 102.4 102.5 0.004402605795
102.55 102.5 102.6 0.003590480609
102.65 102.6 102.7 0.004051566179
102.75 102.7 102.8 0.005007197315
102.85 102.8 102.9 0.001968836037
102.95 102.9 103 0.004240805304
103.05 103 103.1 0.004859788182
103.15 103.1 103.2 0.004680378466
103.25 103.2 103.3 0.005550233731
103.35 103.3 103.4 0.005002954864
103.45 103.4 103.5 0.005009145064
103.55 103.5 103.6 0.005105456254
103.65 103.6 103.7 0.003719961059
103.75 103.7 103.8 0.003611013772
103.85 103.8 103.9 0.005120249635
103.95 103.9 104 0.004848278462
104.05 104 104.1 0.003572178258
104.15 104.1 104.2 0.002318055434
104.25 104.2 104.3 0.005035622974
104.35 104.3 104.4 0.005188173383
104.45 104.4 104.5 0.005732216073
104.55 104.5 104.6 0.002602806929
104.65 104.6 104.7 0.00251239364
104.75 104.7 104.8 0.00546708506
104.85 104.8 104.9 0.003256099892
104.95 104.9 105 0.004066782626
105.05 105 105.1 0.00297931431
105.15 105.1 105.2 0.004866372848
105.25 105.2 105.3 0.003590460838
105.35 105.3 105.4 0.005614444628
105.45 105.4 105.5 0.004891715704
105.55 105.5 105.6 0.005016510553
105.65 105.6 105.7 0.002924515805
105.75 105.7 105.8 0.003240680524
105.85 105.8 105.9 0.003668225667
105.95 105.9 106 0.003601851543
106.05 106 106.1 0.005655386523
106.15 106.1 106.2 0.00577888625
106.25 106.2 106.3 0.003670790728
106.35 106.3 106.4 0.001675938892
106.45 106.4 106.5 0.004313726269
106.55 106.5 106.6 0.003438621624
106.65 106.6 106.7 0.005105124764
106.75 106.7 106.8 0.005775704614
106.85 106.8 106.9 0.004727072074
106.95 106.9 107 0.002543247039
107.05 107 107.1 0.004494464605
107.15 107.1 107.2 0.004466939062
107.25 107.2 107.3 0.002067456574
107.35 107.3 107.4 0.003378522936
107.45 107.4 107.5 0.002810972029
107.55 107.5 107.6 0.006437200369
107.65 107.6 107.7 0.0009851997918
107.75 107.7 107.8 0.003736223225
107.85 107.8 107.9 0.003369194607
107.95 107.9 108 0.004431918152
108.05 108 108.1 0.004084842921
108.15 108.1 108.2 0.003052728579
108.25 108.2 108.3 0.002275663975
108.35 108.3 108.4 0.005077126639
108.45 108.4 108.5 0.001808720187
108.55 108.5 108.6 0.0034612734
108.65 108.6 108.7 0.003842901767
108.75 108.7 108.8 0.004641886376
108.85 108.8 108.9 0.004788137029
108.95 108.9 109 0.004945110596
109.05 109 109.1 0.006429355616
109.15 109.1 109.2 0.0065483398
109.25 109.2 109.3 0.004538155535
109.35 109.3 109.4 0.002978959991
109.45 109.4 109.5 0.003817742931
109.55 109.5 109.6 0.002473127955
109.65 109.6 109.7 0.005798737344
109.75 109.7 109.8 0.005168004611
109.85 109.8 109.9 0.005482760576
109.95 109.9 110 0.00514599612
110.05 110 110.1 0.003670692224
110.15 110.1 110.2 0.004191889522
110.25 110.2 110.3 0.002704650647
110.35 110.3 110.4 0.0064861534
110.45 110.4 110.5 0.00442132245
110.55 110.5 110.6 0.004719220629
110.65 110.6 110.7 0.0038403681
110.75 110.7 110.8 0.006703047541
110.85 110.8 110.9 0.005650450563
110.95 110.9 111 0.004291163277
111.05 111 111.1 0.004015570306
111.15 111.1 111.2 0.005199284387
111.25 111.2 111.3 0.004524429528
111.35 111.3 111.4 0.003548297134
111.45 111.4 111.5 0.002438132376
111.55 111.5 111.6 0.004301623413
111.65 111.6 111.7 0.005396515184
111.75 111.7 111.8 0.004837710769
111.85 111.8 111.9 0.002264018966
111.95 111.9 112 0.004272779877
112.05 112 112.1 0.003567453819
112.15 112.1 112.2 0.006438757189
112.25 112.2 112.3 0.00107976258
112.35 112.3 112.4 0.004364469005
112.45 112.4 112.5 0.004071811332
112.55 112.5 112.6 0.002490764994
112.65 112.6 112.7 0.002190893459
112.75 112.7 112.8 0.002403812483
112.85 112.8 112.9 0.002335603495
112.95 112.9 113 0.004406909457
113.05 113 113.1 0.002654333054
113.15 113.1 113.2 0.003477126599
113.25 113.2 113.3 0.004141056128
113.35 113.3 113.4 0.001893070559
113.45 113.4 113.5 0.002963003996
113.55 113.5 113.6 0.00376748762
113.65 113.6 113.7 0.002244964261
113.75 113.7 113.8 0.004798008701
113.85 113.8 113.9 0.003260942348
113.95 113.9 114 0.001046621158
114.05 114 114.1 0.002222225748
114.15 114.1 114.2 0.002380417592
114.25 114.2 114.3 0.00183489471
114.35 114.3 114.4 0.004082468064
114.45 114.4 114.5 0.005880260959
114.55 114.5 114.6 0.005518549688
114.65 114.6 114.7 0.002838435295
114.75 114.7 114.8 0.002569173346
114.85 114.8 114.9 0.001428830364
114.95 114.9 115 0.0006423167867
115.05 115 115.1 0.004681014824
115.15 115.1 115.2 5.873174589e-05
115.25 115.2 115.3 0.007328791071
115.35 115.3 115.4 0.003426397069
115.45 115.4 115.5 0.00287646516
115.55 115.5 115.6 0.002808161949
115.65 115.6 115.7 0.004165571502
115.75 115.7 115.8 0.003620402699
115.85 115.8 115.9 0.002469590195
115.95 115.9 116 0.0001210950647
116.05 116 116.1 0.001231554415
116.15 116.1 116.2 0.002767550934
116.25 116.2 116.3 0.00530569281
116.35 116.3 116.4 0.001605389795
116.45 116.4 116.5 0.004648324555
116.55 116.5 116.6 0.003875364718
116.65 116.6 116.7 0.002975862141
116.75 116.7 116.8 0.00215545177
116.85 116.8 116.9 0.003930047976
116.95 116.9 117 0.00225101242
117.05 117 117.1 0.003983647061
117.15 117.1 117.2 0.004324042359
117.25 117.2 117.3 0.003193298519
117.35 117.3 117.4 0.002435736053
117.45 117.4 117.5 0.003039191219
117.55 117.5 117.6 0.003715886517
117.65 117.6 117.7 0.002297170125
117.75 117.7 117.8 0.003743063356
117.85 117.8 117.9 0.001962255423
117.95 117.9 118 0.002849303259
118.05 118 118.1 0.002596101354
118.15 118.1 118.2 0.00171044054
118.25 118.2 118.3 0.002983491329
118.35 118.3 118.4 0.002558918949
118.45 118.4 118.5 0.001634570659
118.55 118.5 118.6 0.001893774386
118.65 118.6 118.7 0.003949943758
118.75 118.7 118.8 0.004033940676
118.85 118.8 118.9 0.001335861273
118.95 118.9 119 0.001522462086
119.05 119 119.1 0.002071986656
119.15 119.1 119.2 0.001990390341
119.25 119.2 119.3 0.003579839532
119.35 119.3 119.4 0.0004661869359
119.45 119.4 119.5 0.002644320479
119.55 119.5 119.6 0.002766706727
119.65 119.6 119.7 0.00270502465
119.75 119.7 119.8 0.001605500477
119.85 119.8 119.9 0.001337246745
119.95 119.9 120 0.0002700985497
120.05 120 120.1 0.00255187491
120.15 120.1 120.2 0.002293617871
120.25 120.2 120.3 0.002576436544
120.35 120.3 120.4 0.001786471259
120.45 120.4 120.5 0.002148211877
120.55 120.5 120.6 0.002663328082
120.65 120.6 120.7 0.001759595182
120.75 120.7 120.8 0.002644302742
120.85 120.8 120.9 0.002086094272
120.95 120.9 121 0.002688203229
121.05 121 121.1 0.0004993935999
121.15 121.1 121.2 0.002466391077
121.25 121.2 121.3 0.001559447999
121.35 121.3 121.4 0.0005802459808
121.45 121.4 121.5 0.002998116675
121.55 121.5 121.6 0.002494098386
121.65 121.6 121.7 0.001453052603
121.75 121.7 121.8 0.002956578703
121.85 121.8 121.9 0.001168149996
121.95 121.9 122 0.002478177752
122.05 122 122.1 0.001716899522
122.15 122.1 122.2 0.002831684593
122.25 122.2 122.3 0.0002609085985
122.35 122.3 122.4 0.0004031087047
122.45 122.4 122.5 0.002049494066
122.55 122.5 122.6 0.003140546308
122.65 122.6 122.7 0.002217618901
122.75 122.7 122.8 0.003621208155
122.85 122.8 122.9 0.0006182899327
122.95 122.9 123 0.001162212911
123.05 123 123.1 0.003510349115
123.15 123.1 123.2 0.00108878296
123.25 123.2 123.3 0.00225048745
123.35 123.3 123.4 -0.0004926479505
123.45 123.4 123.5 0.003351531646
123.55 123.5 123.6 0.003194794717
123.65 123.6 123.7 0.001755967736
123.75 123.7 123.8 0.002156397781
123.85 123.8 123.9 0.003487013902
123.95 123.9 124 -0.0004192907484
124.05 124 124.1 0.001323416033
124.15 124.1 124.2 0.001513521385
124.25 124.2 124.3 0.001850395818
124.35 124.3 124.4 0.003104118061
124.45 124.4 124.5 0.002944203602
124.55 124.5 124.6 0.002273099547
124.65 124.6 124.7 -0.0003304222539
124.75 124.7 124.8 0.001966188487
124.85 124.8 124.9 0.001636575814
124.95 124.9 125 0.001338148287
125.05 125 125.1 0.002348575119
125.15 125.1 125.2 0.002830399019
125.25 125.2 125.3 0.001832364602
125.35 125.3 125.4 0.001608853155
125.45 125.4 125.5 0.002213412325
125.55 125.5 125.6 0.00136749479
125.65 125.6 125.7 0.001724461565
125.75 125.7 125.8 0.0008650420046
125.85 125.8 125.9 0.0006504080118
125.95 125.9 126 0.002552228432
126.05 126 126.1 0.001047881255
126.15 126.1 126.2 0.0005498594154
126.25 126.2 126.3 0.0004995514579
126.35 126.3 126.4 0.001270025068
126.45 126.4 126.5 0.001985228219
126.55 126.5 126.6 0.002251923496
126.65 126.6 126.7 0.002896502023
126.75 126.7 126.8 0.0009272983277
126.85 126.8 126.9 -5.379175218e-05
126.95 126.9 127 0.002783201328
127.05 127 127.1 0.001415439068
127.15 127.1 127.2 0.000966800308
127.25 127.2 127.3 0.002333364706
127.35 127.3 127.4 0.002804090438
127.45 127.4 127.5 0.001689883873
127.55 127.5 127.6 0.002144622319
127.65 127.6 127.7 0.0005981755403
127.75 127.7 127.8 0.001295650463
127.85 127.8 127.9 0.001069526308
127.95 127.9 128 0.0008295818165
128.05 128 128.1 0.00185964351
128.15 128.1 128.2 0.001606560425
128.25 128.2 128.3 0.0001465226385
128.35 128.3 128.4 0.001293324085
128.45 128.4 128.5 0.001804731317
128.55 128.5 128.6 -0.0002239273333
128.65 128.6 128.7 0.004298120995
128.75 128.7 128.8 0.0009201053187
128.85 128.8 128.9 0.00175776766
128.95 128.9 129 0.002668874818
129.05 129 129.1 0.00155582887
129.15 129.1 129.2 0.001158785203
129.25 129.2 129.3 -0.0004576330328
129.35 129.3 129.4 0.001380171057
129.45 129.4 129.5 0.001302721774
129.55 129.5 129.6 0.000447297281
129.65 129.6 129.7 0.0009568853088
129.75 129.7 129.8 0.002563229781
129.85 129.8 129.9 0.001252684947
129.95 129.9 130 0.0005409821685
130.05 130 130.1 0.001493434924
130.15 130.1 130.2 0.0008417295858
130.25 130.2 130.3 0.0001985070274
130.35 130.3 130.4 0.00202306387
130.45 130.4 130.5 0.001166088878
130.55 130.5 130.6 0.002201665556
130.65 130.6 130.7 0.0009437160678
130.75 130.7 130.8 0.0004144601074
130.85 130.8 130.9 0.001469232799
130.95 130.9 131 0.0007456935377
131.05 131 131.1 0.00110220193
131.15 131.1 131.2 0.001041962697
131.25 131.2 131.3 0.001573334817
131.35 131.3 131.4 0.001769496138
131.45 131.4 131.5 0.002282787025
131.55 131.5 131.6 0.0008263016764
131.65 131.6 131.7 0.0005876723627
131.75 131.7 131.8 0.00120359935
131.85 131.8 131.9 0.002371821482
131.95 131.9 132 0.002916377951
132.05 132 132.1 0.0005816078383
132.15 132.1 132.2 0.0006696589053
132.25 132.2 132.3 0.00211884477
132.35 132.3 132.4 -0.0005234942579
132.45 132.4 132.5 -0.000752792594
132.55 132.5 132.6 0.001015581301
132.65 132.6 132.7 9.457594158e-05
132.75 132.7 132.8 0.0006435795456
132.85 132.8 132.9 -0.001136547717
132.95 132.9 133 0.0004616205557
133.05 133 133.1 0.002324846559
133.15 133.1 133.2 0.001563950047
133.25 133.2 133.3 -0.0001681465842
133.35 133.3 133.4 0.0005189931934
133.45 133.4 133.5 0.001483847457
133.55 133.5 133.6 0.0008237748437
133.65 133.6 133.7 -4.703791629e-05
133.75 133.7 133.8 0.0001048410053
133.85 133.8 133.9 -0.0009151747103
133.95 133.9 134 -0.0006509170271
134.05 134 134.1 0.001159760237
134.15 134.1 134.2 -0.0001725924664
134.25 134.2 134.3 0.001401614893
134.35 134.3 134.4 -0.001054399626
134.45 134.4 134.5 0.002730504566
134.55 134.5 134.6 -0.000459595389
134.65 134.6 134.7 0.001024927891
134.75 134.7 134.8 -0.00014679571
134.85 134.8 134.9 -0.0009586070331
134.95 134.9 135 -0.0005442406614
135.05 135 135.1 -0.001589691007
135.15 135.1 135.2 -0.0004488108466
135.25 135.2 135.3 0.001623203439
135.35 135.3 135.4 0.001011246559
135.45 135.4 135.5 0.002539901763
135.55 135.5 135.6 0.0001116410063
135.65 135.6 135.7 0.0009936443713
135.75 135.7 135.8 0.001524476428
135.85 135.8 135.9 0.001090345884
135.95 135.9 136 -0.0005050002081
136.05 136 136.1 -0.00110944194
136.15 136.1 136.2 -0.001560029364
136.25 136.2 136.3 -0.0001339357628
136.35 136.3 136.4 -0.000737064131
136.45 136.4 136.5 -3.676753351e-05
136.55 136.5 136.6 -0.001413731634
136.65 136.6 136.7 0.000510142597
136.75 136.7 136.8 -0.0007349955143
136.85 136.8 136.9 -0.001858790537
136.95 136.9 137 0.0005892200767
137.05 137 137.1 -0.002286928275
137.15 137.1 137.2 -0.001179780522
137.25 137.2 137.3 -0.001111370161
137.35 137.3 137.4 0.00138470425
137.45 137.4 137.5 -0.002572106781
137.55 137.5 137.6 0.001351748978
137.65 137.6 137.7 -0.001378016074
137.75 137.7 137.8 -0.0009656920341
137.85 137.8 137.9 -5.851299159e-05
137.95 137.9 138 -0.001970771057
138.05 138 138.1 -0.0007135953961
138.15 138.1 138.2 -9.538669719e-05
138.25 138.2 138.3 -0.0003408727887
138.35 138.3 138.4 -0.0008024312076
138.45 138.4 138.5 0.001557293181
138.55 138.5 138.6 -0.0001728989229
138.65 138.6 138.7 0.001094434618
138.75 138.7 138.8 0.001495094447
138.85 138.8 138.9 -0.000538029046
138.95 138.9 139 -0.0006087754425
139.05 139 139.1 0.000767806637
139.15 139.1 139.2 -0.0006222473854
139.25 139.2 139.3 0.0004431433828
139.35 139.3 139.4 -0.0002019639891
139.45 139.4 139.5 -0.001409866865
139.55 139.5 139.6 0.0007866580106
139.65 139.6 139.7 9.68342396e-07
139.75 139.7 139.8 0.0005459358514
139.85 139.8 139.9 -0.0006695605042
139.95 139.9 140 -0.0001953249083
140.05 140 140.1 -0.001971335787
140.15 140.1 140.2 -0.0009752623138
140.25 140.2 140.3 -0.000501247507
140.35 140.3 140.4 -0.0007798399473
140.45 140.4 140.5 0.0009772361497
140.55 140.5 140.6 -0.001510189138
140.65 140.6 140.7 0.0002603748299
140.75 140.7 140.8 -0.0002950036471
140.85 140.8 140.9 0.001418188797
140.95 140.9 141 -0.0004185084093
141.05 141 141.1 0.001187390447
141.15 141.1 141.2 -0.001478102534
141.25 141.2 141.3 0.0001988918163
141.35 141.3 141.4 0.001273244763
141.45 141.4 141.5 0.001192557598
141.55 141.5 141.6 0.000910827616
141.65 141.6 141.7 0.001071627578
141.75 141.7 141.8 0.0001171136563
141.85 141.8 141.9 0.0001762526755
141.95 141.9 142 0.0007605976647
142.05 142 142.1 -0.001205443126
142.15 142.1 142.2 -0.001397822994
142.25 142.2 142.3 -0.001050785154
142.35 142.3 142.4 -0.00111767898
142.45 142.4 142.5 -0.0006599746003
142.55 142.5 142.6 -0.001260976763
142.65 142.6 142.7 0.0002803624943
142.75 142.7 142.8 0.000674233459
142.85 142.8 142.9 0.0003537176857
142.95 142.9 143 -0.001315753542
143.05 143 143.1 -0.001509311984
143.15 143.1 143.2 0.0004042387434
143.25 143.2 143.3 0.001256157531
143.35 143.3 143.4 -0.001757353573
143.45 143.4 143.5 -0.0007410870628
143.55 143.5 143.6 0.001010201397
143.65 143.6 143.7 -0.0005795549106
143.75 143.7 143.8 0.001331303027
143.85 143.8 143.9 -0.00154063883
143.95 143.9 144 0.0006884711601
144.05 144 144.1 -0.001834614286
144.15 144.1 144.2 -0.001262934647
144.25 144.2 144.3 -0.002504589001
144.35 144.3 144.4 -3.035898184e-05
144.45 144.4 144.5 -0.0002223274257
144.55 144.5 144.6 -0.001594794917
144.65 144.6 144.7 0.0002652348594
144.75 144.7 144.8 -0.0003368990172
144.85 144.8 144.9 0.0008633492378
144.95 144.9 145 -0.0001812804355
145.05 145 145.1 -0.0001270283899
145.15 145.1 145.2 -0.0004486713002
145.25 145.2 145.3 -0.001333271954
145.35 145.3 145.4 -0.001084072184
145.45 145.4 145.5 0.000135713068
145.55 145.5 145.6 -0.002647707098
145.65 145.6 145.7 0.0007371120134
145.75 145.7 145.8 0.001772300443
145.85 145.8 145.9 0.000414675191
145.95 145.9 146 -0.002082890445
146.05 146 146.1 -0.0006651176624
146.15 146.1 146.2 -0.001289044177
146.25 146.2 146.3 0.0004869733277
146.35 146.3 146.4 -0.001491945593
146.45 146.4 146.5 4.964587865e-05
146.55 146.5 146.6 -0.0008018610243
146.65 146.6 146.7 -0.0005859469065
146.75 146.7 146.8 -0.0006555932034
146.85 146.8 146.9 -0.001492869582
146.95 146.9 147 -0.0003876993746
147.05 147 147.1 0.000297596259
147.15 147.1 147.2 -0.001275761529
147.25 147.2 147.3 -0.001148504196
147.35 147.3 147.4 -0.0009495097414
147.45 147.4 147.5 0.0003632547775
147.55 147.5 147.6 0.0003673088236
147.65 147.6 147.7 0.0007371868892
147.75 147.7 147.8 -0.0003827541374
147.85 147.8 147.9 0.001035460089
147.95 147.9 148 -0.0002496175917
148.05 148 148.1 -0.0006715989757
148.15 148.1 148.2 -0.001684073648
148.25 148.2 148.3 -0.0004266791119
148.35 148.3 148.4 -2.71893183e-05
148.45 148.4 148.5 -0.001054017855
148.55 148.5 148.6 0.001265334707
148.65 148.6 148.7 -0.0003222187156
148.75 148.7 148.8 0.001693245271
148.85 148.8 148.9 0.0005050658347
148.95 148.9 149 0.0006216754552
149.05 149 149.1 8.883100363e-05
149.15 149.1 149.2 0.001412355601
149.25 149.2 149.3 -0.0003760892915
149.35 149.3 149.4 0.0003168690569
149.45 149.4 149.5 -0.001834117124
149.55 149.5 149.6 -0.0003195896659
149.65 149.6 149.7 0.0008542849982
149.75 149.7 149.8 0.001156376677
149.85 149.8 149.9 -0.001144678499
149.95 149.9 150 0.001410624596
150.05 150 150.1 0.0007024421532
150.15 150.1 150.2 0.001395783517
150.25 150.2 150.3 -0.0001238689789
150.35 150.3 150.4 -0.0005305357373
150.45 150.4 150.5 -0.0004751959874
150.55 150.5 150.6 -0.001253941046
150.65 150.6 150.7 -0.001610431054
150.75 150.7 150.8 -0.001369058092
150.85 150.8 150.9 0.000192647934
150.95 150.9 151 0.0004796971816
151.05 151 151.1 -0.0001407742582
151.15 151.1 151.2 -0.0007643245799
151.25 151.2 151.3 0.002434431707
151.35 151.3 151.4 -0.0002907696369
151.45 151.4 151.5 -0.0003503199861
151.55 151.5 151.6 -0.0002912115415
151.65 151.6 151.7 0.001001873543
151.75 151.7 151.8 -0.000849067903
151.85 151.8 151.9 -3.77924123e-05
151.95 151.9 152 -0.001689502953
152.05 152 152.1 0.001395924635
152.15 152.1 152.2 0.0002084483244
152.25 152.2 152.3 -0.002085643789
152.35 152.3 152.4 0.0003502427824
152.45 152.4 152.5 0.001525399847
152.55 152.5 152.6 0.0001758924846
152.65 152.6 152.7 0.0006974474733
152.75 152.7 152.8 0.000315979488
152.85 152.8 152.9 -9.220031409e-05
152.95 152.9 153 -0.0009438363485
153.05 153 153.1 -0.0007957731051
153.15 153.1 153.2 0.001632522361
153.25 153.2 153.3 -0.0009700023903
153.35 153.3 153.4 -0.001636684648
153.45 153.4 153.5 0.001666245586
153.55 153.5 153.6 -0.001957259736
153.65 153.6 153.7 -0.0002486408442
153.75 153.7 153.8 -8.741263466e-05
153.85 153.8 153.9 -0.0002245854855
153.95 153.9 154 -0.0008818476575
154.05 154 154.1 -0.002578071639
154.15 154.1 154.2 -0.00202864829
154.25 154.2 154.3 -2.970886313e-05
154.35 154.3 154.4 0.0008451289577
154.45 154.4 154.5 0.00088371548
154.55 154.5 154.6 0.0004318234696
154.65 154.6 154.7 8.79702895e-05
154.75 154.7 154.8 -0.001170129198
154.85 154.8 154.9 -0.0004268880542
154.95 154.9 155 6.911607067e-05
155.05 155 155.1 -0.0001927931477
155.15 155.1 155.2 -0.002300410104
155.25 155.2 155.3 -0.0003321968738
155.35 155.3 155.4 7.959454758e-05
155.45 155.4 155.5 -0.0009994465617
155.55 155.5 155.6 -0.0005674032564
155.65 155.6 155.7 0.0009577881253
155.75 155.7 155.8 -8.254915185e-05
155.85 155.8 155.9 -0.0007295195549
155.95 155.9 156 -0.0004585560944
156.05 156 156.1 -0.001317262864
156.15 156.1 156.2 5.766836376e-05
156.25 156.2 156.3 -0.001438987446
156.35 156.3 156.4 -0.001313439672
156.45 156.4 156.5 -0.0004401130273
156.55 156.5 156.6 -0.002473419272
156.65 156.6 156.7 0.0007594870688
156.75 156.7 156.8 0.0001353288399
156.85 156.8 156.9 -0.0001847914322
156.95 156.9 157 -0.00244754465
157.05 157 157.1 -0.001687489772
157.15 157.1 157.2 -0.001224591202
157.25 157.2 157.3 -0.0002876778135
157.35 157.3 157.4 0.0001380694949
157.45 157.4 157.5 -0.001431134234
157.55 157.5 157.6 -0.001813952691
157.65 157.6 157.7 -0.0001231135258
157.75 157.7 157.8 -0.0008225171569
157.85 157.8 157.9 -0.001046452224
157.95 157.9 158 -0.0007279299228
158.05 158 158.1 -0.00260265022
158.15 158.1 158.2 -0.0003103732079
158.25 158.2 158.3 -0.00113673153
158.35 158.3 158.4 -0.0001504656214
158.45 158.4 158.5 -0.002407347584
158.55 158.5 158.6 -9.708408719e-05
158.65 158.6 158.7 -0.0002176102661
158.75 158.7 158.8 5.901100884e-05
158.85 158.8 158.9 -8.275116504e-06
158.95 158.9 159 -0.0004378754656
159.05 159 159.1 -0.0005608621647
159.15 159.1 159.2 -0.001819684747
159.25 159.2 159.3 -0.002215988062
159.35 159.3 159.4 -0.0009046085454
159.45 159.4 159.5 0.0001600665586
159.55 159.5 159.6 5.592569013e-05
159.65 159.6 159.7 -0.0004133273338
159.75 159.7 159.8 -0.0006597193174
159.85 159.8 159.9 -0.001243771497
159.95 159.9 160 0.0005016662604
160.05 160 160.1 -0.001292807261
160.15 160.1 160.2 -0.00216522884
160.25 160.2 160.3 -0.001253621254
160.35 160.3 160.4 0.0005723682552
160.45 160.4 160.5 -0.0008294760999
160.55 160.5 160.6 -0.002283116792
160.65 160.6 160.7 -0.0001388240194
160.75 160.7 160.8 0.0006952843908
160.85 160.8 160.9 -0.001611192846
160.95 160.9 161 0.0002255108482
161.05 161 161.1 7.15927505e-05
161.15 161.1 161.2 -0.00103459316
161.25 161.2 161.3 -0.0005300572411
161.35 161.3 161.4 -8.51964959e-05
161.45 161.4 161.5 -0.00103180697
161.55 161.5 161.6 0.0004077666267
161.65 161.6 161.7 0.000313482494
161.75 161.7 161.8 0.001098721347
161.85 161.8 161.9 -5.108150851e-05
161.95 161.9 162 -0.001245941862
162.05 162 162.1 0.0006354793956
162.15 162.1 162.2 0.000155713859
162.25 162.2 162.3 -0.001557958255
162.35 162.3 162.4 0.0003548460865
162.45 162.4 162.5 -0.001325643777
162.55 162.5 162.6 -0.001557094967
162.65 162.6 162.7 -0.0008158663448
162.75 162.7 162.8 -0.000290572124
162.85 162.8 162.9 -0.0002454048388
162.95 162.9 163 0.001750411733
163.05 163 163.1 -0.001202740581
163.15 163.1 163.2 0.0002422545908
163.25 163.2 163.3 -0.0001475470462
163.35 163.3 163.4 0.0009502128749
163.45 163.4 163.5 -0.0002981044107
163.55 163.5 163.6 -0.0005975018855
163.65 163.6 163.7 -0.001348298895
163.75 163.7 163.8 0.0002085666309
163.85 163.8 163.9 -0.0002377796394
163.95 163.9 164 0.0001346225357
164.05 164 164.1 -0.0001433665698
164.15 164.1 164.2 -0.001295115609
164.25 164.2 164.3 -0.002639102652
164.35 164.3 164.4 6.440506367e-05
164.45 164.4 164.5 -0.0003381792152
164.55 164.5 164.6 -1.701660817e-05
164.65 164.6 164.7 0.00148844817
164.75 164.7 164.8 0.0002030169975
164.85 164.8 164.9 -0.0002845875686
164.95 164.9 165 0.0009000095069
165.05 165 165.1 0.0009233042192
165.15 165.1 165.2 0.0006561667738
165.25 165.2 165.3 -0.0003308830462
165.35 165.3 165.4 -0.0002434965743
165.45 165.4 165.5 0.0005558960957
165.55 165.5 165.6 0.0001674435491
165.65 165.6 165.7 -0.00211746225
165.75 165.7 165.8 -0.0004358594156
165.85 165.8 165.9 -0.001357254144
165.95 165.9 166 -0.0001725674769
166.05 166 166.1 -0.001034266133
166.15 166.1 166.2 -0.0008238714311
166.25 166.2 166.3 -0.000192126083
166.35 166.3 166.4 0.000484014939
166.45 166.4 166.5 -0.0002769054487
166.55 166.5 166.6 -0.0007760760249
166.65 166.6 166.7 -0.0008891865472
166.75 166.7 166.8 -0.0009456838746
166.85 166.8 166.9 -0.0004339864863
166.95 166.9 167 0.0004325555053
167.05 167 167.1 0.0004391399195
167.15 167.1 167.2 -0.00226752679
167.25 167.2 167.3 -0.0001683783978
167.35 167.3 167.4 -0.001133120252
167.45 167.4 167.5 -0.004013781678
167.55 167.5 167.6 -0.001051625862
167.65 167.6 167.7 0.000920087897
167.75 167.7 167.8 -0.0006304766722
167.85 167.8 167.9 0.0002310529675
167.95 167.9 168 0.0002471039853
168.05 168 168.1 -0.001421447505
168.15 168.1 168.2 0.0005217891413
168.25 168.2 168.3 -0.0007118444072
168.35 168.3 168.4 -0.001073205328
168.45 168.4 168.5 6.628053453e-05
168.55 168.5 168.6 -0.001195475763
168.65 168.6 168.7 -0.0006351420844
168.75 168.7 168.8 -0.002788880691
168.85 168.8 168.9 -0.001039095249
168.95 168.9 169 0.0002423278332
169.05 169 169.1 0.0004478695427
169.15 169.1 169.2 0.0006022458359
169.25 169.2 169.3 0.001783175662
169.35 169.3 169.4 -0.0001889370491
169.45 169.4 169.5 -0.0007807926801
169.55 169.5 169.6 -0.0005358765193
169.65 169.6 169.7 0.0003099750775
169.75 169.7 169.8 -6.720669195e-05
169.85 169.8 169.9 0.0004120261602
169.95 169.9 170 -0.001018195056
170.05 170 170.1 -0.0009004860734
170.15 170.1 170.2 -0.0009987386223
170.25 170.2 170.3 0.0002885931751
170.35 170.3 170.4 -0.000406779614
170.45 170.4 170.5 0.0005041542212
170.55 170.5 170.6 -0.0003701403544
170.65 170.6 170.7 0.0001278042641
170.75 170.7 170.8 0.000159414964
170.85 170.8 170.9 0.0007217065643
170.95 170.9 171 0.0005081185786
171.05 171 171.1 0.0009271426661
171.15 171.1 171.2 0.001008905243
171.25 171.2 171.3 -0.0003025047741
171.35 171.3 171.4 -7.574560707e-05
171.45 171.4 171.5 -0.0007148072459
171.55 171.5 171.6 0.001176986761
171.65 171.6 171.7 0.00113448276
171.75 171.7 171.8 0.0009550246747
171.85 171.8 171.9 -0.001876041591
171.95 171.9 172 0.0009798797428
172.05 172 172.1 0.0004162721582
172.15 172.1 172.2 0.0004742128471
172.25 172.2 172.3 -0.001839935292
172.35 172.3 172.4 -0.000176381972
172.45 172.4 172.5 -2.654032863e-05
172.55 172.5 172.6 -1.013863792e-05
172.65 172.6 172.7 0.000109523083
172.75 172.7 172.8 -0.0003918574919
172.85 172.8 172.9 0.0002344420423
172.95 172.9 173 -0.001583600989
173.05 173 173.1 0.0008867949065
173.15 173.1 173.2 -0.001019308206
173.25 173.2 173.3 0.0003835703056
173.35 173.3 173.4 -0.001446710509
173.45 173.4 173.5 0.0002395491911
173.55 173.5 173.6 0.0008297678449
173.65 173.6 173.7 0.001387818668
173.75 173.7 173.8 -0.00127002422
173.85 173.8 173.9 0.00129483359
173.95 173.9 174 0.001664403147
174.05 174 174.1 0.000467637564
174.15 174.1 174.2 -0.0008538809466
174.25 174.2 174.3 0.0003375940483
174.35 174.3 174.4 -9.082112303e-06
174.45 174.4 174.5 0.0005520062869
174.55 174.5 174.6 0.0003726361034
174.65 174.6 174.7 0.001291851896
174.75 174.7 174.8 0.0008710320013
174.85 174.8 174.9 0.0010598988
174.95 174.9 175 -0.0007455774931
175.05 175 175.1 0.001178603811
175.15 175.1 175.2 0.0005702681868
175.25 175.2 175.3 -0.0002635798753
175.35 175.3 175.4 0.0007026295312
175.45 175.4 175.5 -0.0001120589168
175.55 175.5 175.6 -0.0007929353471
175.65 175.6 175.7 -0.0007653985436
175.75 175.7 175.8 0.0006675448232
175.85 175.8 175.9 -0.00172626377
175.95 175.9 176 -0.000813302316
176.05 176 176.1 -0.0006029986223
176.15 176.1 176.2 0.001454198697
176.25 176.2 176.3 -0.0009357364345
176.35 176.3 176.4 0.001775548031
176.45 176.4 176.5 -0.0006178253445
176.55 176.5 176.6 -0.0003983306977
176.65 176.6 176.7 -2.349433679e-05
176.75 176.7 176.8 -0.0004315146371
176.85 176.8 176.9 0.0003121446559
176.95 176.9 177 -5.319559336e-05
177.05 177 177.1 -0.0004678549761
177.15 177.1 177.2 -0.000229053665
177.25 177.2 177.3 7.160180202e-05
177.35 177.3 177.4 -0.0004947115812
177.45 177.4 177.5 0.001126329262
177.55 177.5 177.6 0.001334441105
177.65 177.6 177.7 0.002110825619
177.75 177.7 177.8 -0.0007046459907
177.85 177.8 177.9 0.00104761226
177.95 177.9 178 -0.0005727047548
178.05 178 178.1 -0.0004547850122
178.15 178.1 178.2 0.00100255311
178.25 178.2 178.3 -0.0009965271017
178.35 178.3 178.4 -0.0003011871276
178.45 178.4 178.5 0.0009185510263
178.55 178.5 178.6 -0.0009069238847
178.65 178.6 178.7 0.001106360311
178.75 178.7 178.8 0.0002008035654
178.85 178.8 178.9 0.0004880764167
178.95 178.9 179 -0.0004316201599
179.05 179 179.1 0.001360634444
179.15 179.1 179.2 -0.0004863857212
179.25 179.2 179.3 -0.0008279736874
179.35 179.3 179.4 0.0007940476112
179.45 179.4 179.5 -0.0003898653123
179.55 179.5 179.6 0.0003650684477
179.65 179.6 179.7 0.0003917827709
179.75 179.7 179.8 0.0009356671877
179.85 179.8 179.9 -0.0002822122882
179.95 179.9 180 0.0009523087459
180.05 180 180.1 0.001510667508
180.15 180.1 180.2 -0.001432701641
180.25 180.2 180.3 -0.001212225074
180.35 180.3 180.4 0.0006294060929
180.45 180.4 180.5 -0.0006475966238
180.55 180.5 180.6 0.0008483642473
180.65 180.6 180.7 0.001554269138
180.75 180.7 180.8 -0.0006548801569
180.85 180.8 180.9 0.0006141664125
180.95 180.9 181 0.0008761318752
181.05 181 181.1 -0.002170835661
181.15 181.1 181.2 -0.001297314338
181.25 181.2 181.3 -0.0001069939911
181.35 181.3 181.4 0.0002057691816
181.45 181.4 181.5 -0.0003450453308
181.55 181.5 181.6 -0.001410540975
181.65 181.6 181.7 -0.0002870533544
181.75 181.7 181.8 0.0002798592814
181.85 181.8 181.9 -8.345877039e-05
181.95 181.9 182 0.0005711272868
182.05 182 182.1 -0.0005343593823
182.15 182.1 182.2 -0.002097152552
182.25 182.2 182.3 -0.00198406856
182.35 182.3 182.4 0.000947983399
182.45 182.4 182.5 0.0008696296856
182.55 182.5 182.6 0.001123140233
182.65 182.6 182.7 -0.0004533651249
182.75 182.7 182.8 -0.0009832007709
182.85 182.8 182.9 0.0004525914986
182.95 182.9 183 5.360441533e-05
183.05 183 183.1 -0.000849167453
183.15 183.1 183.2 0.0003777150681
183.25 183.2 183.3 0.0004071321048
183.35 183.3 183.4 0.000950387083
183.45 183.4 183.5 0.0008746293846
183.55 183.5 183.6 0.0001081308082
183.65 183.6 183.7 -0.0005155175344
183.75 183.7 183.8 0.0002166533567
183.85 183.8 183.9 -0.0005339913126
183.95 183.9 184 -4.497619193e-05
184.05 184 184.1 0.001034055345
184.15 184.1 184.2 -0.0002740305571
184.25 184.2 184.3 0.0009888158923
184.35 184.3 184.4 0.0001802114397
184.45 184.4 184.5 -0.0003861336363
184.55 184.5 184.6 -7.926731559e-05
184.65 184.6 184.7 0.0008935487628
184.75 184.7 184.8 0.00120800554
184.85 184.8 184.9 -0.001043696978
184.95 184.9 185 -0.001165049907
185.05 185 185.1 -0.0007885764867
185.15 185.1 185.2 0.001168212627
185.25 185.2 185.3 -0.0001475712335
185.35 185.3 185.4 0.0001363633266
185.45 185.4 185.5 -0.0001932802353
185.55 185.5 185.6 0.0009094962346
185.65 185.6 185.7 -7.918554516e-05
185.75 185.7 185.8 0.0007139528448
185.85 185.8 185.9 0.0003999637472
185.95 185.9 186 0.0008755650914
186.05 186 186.1 0.0009967818909
186.15 186.1 186.2 0.000616799642
186.25 186.2 186.3 0.001202245097
186.35 186.3 186.4 -0.001089241505
186.45 186.4 186.5 -0.0006825512007
186.55 186.5 186.6 0.002079779878
186.65 186.6 186.7 -0.0001264713958
186.75 186.7 186.8 -0.001199699329
186.85 186.8 186.9 -0.0009167473558
186.95 186.9 187 0.0004418276158
187.05 187 187.1 -0.001155765846
187.15 187.1 187.2 -0.0002095375857
187.25 187.2 187.3 0.0005248916477
187.35 187.3 187.4 -0.001126532263
187.45 187.4 187.5 0.0003664123697
187.55 187.5 187.6 0.000153998659
187.65 187.6 187.7 0.001009713772
187.75 187.7 187.8 0.00042085566
187.85 187.8 187.9 -0.001134426296
187.95 187.9 188 -0.0005248372904
188.05 188 188.1 -0.0003557121019
188.15 188.1 188.2 0.0005278383083
188.25 188.2 188.3 0.0002860034448
188.35 188.3 188.4 -0.001163596364
188.45 188.4 188.5 9.138283867e-05
188.55 188.5 188.6 -0.000444824364
188.65 188.6 188.7 -0.0003601118049
188.75 188.7 188.8 0.0003488631819
188.85 188.8 188.9 -0.0003399301478
188.95 188.9 189 -0.000363452255
189.05 189 189.1 -0.0001809121929
189.15 189.1 189.2 -0.0007422344785
189.25 189.2 189.3 0.0005594591311
189.35 189.3 189.4 -0.0001340788049
189.45 189.4 189.5 -0.0008672204347
189.55 189.5 189.6 -0.0003913090103
189.65 189.6 189.7 0.000220371362
189.75 189.7 189.8 0.000183411525
189.85 189.8 189.9 6.975572931e-05
189.95 189.9 190 6.531664024e-05
190.05 190 190.1 -0.0004188319268
190.15 190.1 190.2 0.0001815199967
190.25 190.2 190.3 0.00020790399
190.35 190.3 190.4 0.000248074947
190.45 190.4 190.5 0.0009279210514
190.55 190.5 190.6 -0.001926209578
190.65 190.6 190.7 -0.0006393917317
190.75 190.7 190.8 0.000576728591
190.85 190.8 190.9 -0.00118898791
190.95 190.9 191 -0.001134416972
191.05 191 191.1 0.0003048732703
191.15 191.1 191.2 0.0004995038584
191.25 191.2 191.3 -0.0003083058779
191.35 191.3 191.4 0.001564228864
191.45 191.4 191.5 -0.001719860622
191.55 191.5 191.6 -0.0003808588168
191.65 191.6 191.7 0.0002912333678
191.75 191.7 191.8 7.557783811e-05
191.85 191.8 191.9 0.001401910383
191.95 191.9 192 0.00115495226
192.05 192 192.1 0.0008150028691
192.15 192.1 192.2 0.0007947387003
192.25 192.2 192.3 -7.215190813e-05
192.35 192.3 192.4 0.001319566259
192.45 192.4 192.5 0.001146824987
192.55 192.5 192.6 -2.406006457e-05
192.65 192.6 192.7 0.0001593358487
192.75 192.7 192.8 -0.0001400133053
192.85 192.8 192.9 0.0004566936897
192.95 192.9 193 -0.0008744157812
193.05 193 193.1 0.0001591876828
193.15 193.1 193.2 0.0003262283409
193.25 193.2 193.3 -0.001113576343
193.35 193.3 193.4 0.0008585527904
193.45 193.4 193.5 -0.0003702739082
193.55 193.5 193.6 0.0001992215569
193.65 193.6 193.7 0.0005734498445
193.75 193.7 193.8 0.0002051313924
193.85 193.8 193.9 -0.0004455629551
193.95 193.9 194 -0.0002539030645
194.05 194 194.1 -0.001377773906
194.15 194.1 194.2 0.0001248867953
194.25 194.2 194.3 0.000114513651
194.35 194.3 194.4 -0.0005595117337
194.45 194.4 194.5 0.0005262296208
194.55 194.5 194.6 3.568804885e-06
194.65 194.6 194.7 -0.001227432915
194.75 194.7 194.8 0.0003891667851
194.85 194.8 194.9 0.001456538385
194.95 194.9 195 -0.00105808063
195.05 195 195.1 0.0002811863705
195.15 195.1 195.2 0.002152431513
195.25 195.2 195.3 8.24628617e-05
195.35 195.3 195.4 -0.0003039310874
195.45 195.4 195.5 -0.0006225629126
195.55 195.5 195.6 -0.001151803509
195.65 195.6 195.7 0.000390974496
195.75 195.7 195.8 0.001716811252
195.85 195.8 195.9 -0.0005692667828
195.95 195.9 196 0.0005157118304
196.05 196 196.1 0.000202947715
196.15 196.1 196.2 -0.001148030015
196.25 196.2 196.3 -0.0009007114537
196.35 196.3 196.4 -0.0006502126473
196.45 196.4 196.5 -0.0007369959555
196.55 196.5 196.6 -0.0005156155353
196.65 196.6 196.7 2.763779848e-05
196.75 196.7 196.8 -0.0002035211261
196.85 196.8 196.9 -0.001438259407
196.95 196.9 197 0.0002416447855
197.05 197 197.1 -0.000877333091
197.15 197.1 197.2 0.0001289445694
197.25 197.2 197.3 0.0003387916499
197.35 197.3 197.4 0.0002079379065
197.45 197.4 197.5 -0.002180117293
197.55 197.5 197.6 -0.0007128140097
197.65 197.6 197.7 -0.0002854136712
197.75 197.7 197.8 0.0008778400084
197.85 197.8 197.9 -0.000145961085
197.95 197.9 198 -0.0003299926971
198.05 198 198.1 -0.000300929603
198.15 198.1 198.2 -8.510222906e-05
198.25 198.2 198.3 0.000653955906
198.35 198.3 198.4 6.649315883e-05
198.45 198.4 198.5 0.0003979973407
198.55 198.5 198.6 -9.623438897e-06
198.65 198.6 198.7 0.0002490084632
198.75 198.7 198.8 -0.0001195168226
198.85 198.8 198.9 -0.0009577932101
198.95 198.9 199 -0.0003926686289
199.05 199 199.1 -0.0005955154117
199.15 199.1 199.2 -0.0003453941415
199.25 199.2 199.3 0.0003419132339
199.35 199.3 199.4 0.001088867965
199.45 199.4 199.5 5.933467418e-05
199.55 199.5 199.6 6.933770568e-05
199.65 199.6 199.7 -0.0006444034013
199.75 199.7 199.8 -0.0006359193127
199.85 199.8 199.9 0.0008336214788
199.95 199.9 200 0.0003233362114
