# Columns: s_cen(1) s_min(2) s_max(3) xi_iso(4)
0.05 0 0.1 39.31576556
0.15 0.1 0.2 10.8004706
0.25 0.2 0.3 12.05571628
0.35 0.3 0.4 20.08007755
0.45 0.4 0.5 21.32015128
0.55 0.5 0.6 23.06987274
0.65 0.6 0.7 23.98885324
0.75 0.7 0.8 23.21743112
0.85 0.8 0.9 21.30540621
0.95 0.9 1 21.32072871
1.05 1 1.1 20.69264448
1.15 1.1 1.2 19.36274907
1.25 1.2 1.3 18.48493321
1.35 1.3 1.4 17.69721759
1.45 1.4 1.5 17.65835479
1.55 1.5 1.6 16.06570359
1.65 1.6 1.7 15.16959536
1.75 1.7 1.8 13.80987881
1.85 1.8 1.9 13.32597186
1.95 1.9 2 12.60380087
2.05 2 2.1 11.74161701
2.15 2.1 2.2 10.90150721
2.25 2.2 2.3 10.61933103
2.35 2.3 2.4 10.2411272
2.45 2.4 2.5 9.330780493
2.55 2.5 2.6 8.750786885
2.65 2.6 2.7 8.512420085
2.75 2.7 2.8 7.840794847
2.85 2.8 2.9 7.436906319
2.95 2.9 3 7.194660099
3.05 3 3.1 6.709498142
3.15 3.1 3.2 6.307512007
3.25 3.2 3.3 6.161782879
3.35 3.3 3.4 5.722637079
3.45 3.4 3.5 5.643624917
3.55 3.5 3.6 5.441808037
3.65 3.6 3.7 5.164140195
3.75 3.7 3.8 5.011074924
3.85 3.8 3.9 4.790360838
3.95 3.9 4 4.758251774
4.05 4 4.1 4.521462502
4.15 4.1 4.2 4.42046658
4.25 4.2 4.3 4.221519729
4.35 4.3 4.4 4.027927076
4.45 4.4 4.5 3.952189749
4.55 4.5 4.6 3.795570539
4.65 4.6 4.7 3.716170417
4.75 4.7 4.8 3.64246097
4.85 4.8 4.9 3.379535546
4.95 4.9 5 3.431270371
5.05 5 5.1 3.372732325
5.15 5.1 5.2 3.221351468
5.25 5.2 5.3 3.20723101
5.35 5.3 5.4 3.027000603
5.45 5.4 5.5 2.998903602
5.55 5.5 5.6 2.99702813
5.65 5.6 5.7 2.880943346
5.75 5.7 5.8 2.711883541
5.85 5.8 5.9 2.696439077
5.95 5.9 6 2.568595107
6.05 6 6.1 2.572931481
6.15 6.1 6.2 2.581709041
6.25 6.2 6.3 2.490407263
6.35 6.3 6.4 2.315721682
6.45 6.4 6.5 2.274996082
6.55 6.5 6.6 2.314219771
6.65 6.6 6.7 2.240261008
6.75 6.7 6.8 2.1227183
6.85 6.8 6.9 2.090679778
6.95 6.9 7 2.063417536
7.05 7 7.1 1.950307129
7.15 7.1 7.2 1.941006506
7.25 7.2 7.3 1.909482566
7.35 7.3 7.4 1.868745161
7.45 7.4 7.5 1.836163174
7.55 7.5 7.6 1.769064498
7.65 7.6 7.7 1.714663037
7.75 7.7 7.8 1.739918073
7.85 7.8 7.9 1.678670172
7.95 7.9 8 1.669318984
8.05 8 8.1 1.611804502
8.15 8.1 8.2 1.584688431
8.25 8.2 8.3 1.542720975
8.35 8.3 8.4 1.507743643
8.45 8.4 8.5 1.474093754
8.55 8.5 8.6 1.441584889
8.65 8.6 8.7 1.408566774
8.75 8.7 8.8 1.393783138
8.85 8.8 8.9 1.348550603
8.95 8.9 9 1.363110737
9.05 9 9.1 1.312553922
9.15 9.1 9.2 1.294813619
9.25 9.2 9.3 1.268368561
9.35 9.3 9.4 1.197375898
9.45 9.4 9.5 1.23533658
9.55 9.5 9.6 1.203579594
9.65 9.6 9.7 1.19174054
9.75 9.7 9.8 1.177828647
9.85 9.8 9.9 1.155334878
9.95 9.9 10 1.083168177
10.05 10 10.1 1.088304658
10.15 10.1 10.2 1.067445537
10.25 10.2 10.3 1.06932894
10.35 10.3 10.4 1.018635307
10.45 10.4 10.5 1.024362596
10.55 10.5 10.6 0.9987629336
10.65 10.6 10.7 0.9822706046
10.75 10.7 10.8 1.00231189
10.85 10.8 10.9 0.963461272
10.95 10.9 11 0.9354080658
11.05 11 11.1 0.9237646841
11.15 11.1 11.2 0.8968908162
11.25 11.2 11.3 0.9250456144
11.35 11.3 11.4 0.8710268501
11.45 11.4 11.5 0.8470783974
11.55 11.5 11.6 0.8411326733
11.65 11.6 11.7 0.8184623187
11.75 11.7 11.8 0.796853925
11.85 11.8 11.9 0.8063981201
11.95 11.9 12 0.8086852511
12.05 12 12.1 0.7881298097
12.15 12.1 12.2 0.7699352823
12.25 12.2 12.3 0.7587689554
12.35 12.3 12.4 0.7421567318
12.45 12.4 12.5 0.7494775107
12.55 12.5 12.6 0.7255669371
12.65 12.6 12.7 0.7121277024
12.75 12.7 12.8 0.6872717458
12.85 12.8 12.9 0.7094528176
12.95 12.9 13 0.6904368377
13.05 13 13.1 0.6597887477
13.15 13.1 13.2 0.66813758
13.25 13.2 13.3 0.6671677718
13.35 13.3 13.4 0.630939717
13.45 13.4 13.5 0.6586082968
13.55 13.5 13.6 0.6273021576
13.65 13.6 13.7 0.6177774645
13.75 13.7 13.8 0.6323811188
13.85 13.8 13.9 0.5733622009
13.95 13.9 14 0.5905475003
14.05 14 14.1 0.5896826377
14.15 14.1 14.2 0.5886315155
14.25 14.2 14.3 0.590622259
14.35 14.3 14.4 0.5716924646
14.45 14.4 14.5 0.5663146746
14.55 14.5 14.6 0.5525888839
14.65 14.6 14.7 0.5345810983
14.75 14.7 14.8 0.5126007231
14.85 14.8 14.9 0.5408109436
14.95 14.9 15 0.519766823
15.05 15 15.1 0.5113923977
15.15 15.1 15.2 0.5080463807
15.25 15.2 15.3 0.4892009135
15.35 15.3 15.4 0.4877040153
15.45 15.4 15.5 0.4888154286
15.55 15.5 15.6 0.4761348061
15.65 15.6 15.7 0.4861511665
15.75 15.7 15.8 0.4873362311
15.85 15.8 15.9 0.4681680597
15.95 15.9 16 0.4641712786
16.05 16 16.1 0.4614521807
16.15 16.1 16.2 0.4379900294
16.25 16.2 16.3 0.4507009689
16.35 16.3 16.4 0.4310951242
16.45 16.4 16.5 0.4330024478
16.55 16.5 16.6 0.424424752
16.65 16.6 16.7 0.4201000973
16.75 16.7 16.8 0.4201221545
16.85 16.8 16.9 0.3972474112
16.95 16.9 17 0.4122602979
17.05 17 17.1 0.3950209928
17.15 17.1 17.2 0.4055506175
17.25 17.2 17.3 0.3984361847
17.35 17.3 17.4 0.4001973266
17.45 17.4 17.5 0.3934650792
17.55 17.5 17.6 0.3828046536
17.65 17.6 17.7 0.3586831286
17.75 17.7 17.8 0.3708363234
17.85 17.8 17.9 0.3769801835
17.95 17.9 18 0.3598407968
18.05 18 18.1 0.3639024287
18.15 18.1 18.2 0.3623274689
18.25 18.2 18.3 0.3537618132
18.35 18.3 18.4 0.3405065652
18.45 18.4 18.5 0.3400071943
18.55 18.5 18.6 0.3599041323
18.65 18.6 18.7 0.3367459954
18.75 18.7 18.8 0.3294731544
18.85 18.8 18.9 0.321432644
18.95 18.9 19 0.3355138929
19.05 19 19.1 0.3437518915
19.15 19.1 19.2 0.3198535751
19.25 19.2 19.3 0.3289938121
19.35 19.3 19.4 0.3095774656
19.45 19.4 19.5 0.2981555302
19.55 19.5 19.6 0.3067566233
19.65 19.6 19.7 0.3111747028
19.75 19.7 19.8 0.3029655257
19.85 19.8 19.9 0.2916131607
19.95 19.9 20 0.2932541989
20.05 20 20.1 0.2894472727
20.15 20.1 20.2 0.2893888512
20.25 20.2 20.3 0.2786684282
20.35 20.3 20.4 0.2844431765
20.45 20.4 20.5 0.2679713281
20.55 20.5 20.6 0.2802685806
20.65 20.6 20.7 0.2704940566
20.75 20.7 20.8 0.2824564556
20.85 20.8 20.9 0.257012197
20.95 20.9 21 0.2592194409
21.05 21 21.1 0.2601241775
21.15 21.1 21.2 0.2634087413
21.25 21.2 21.3 0.2441325206
21.35 21.3 21.4 0.246005918
21.45 21.4 21.5 0.249860376
21.55 21.5 21.6 0.2423600826
21.65 21.6 21.7 0.2428924444
21.75 21.7 21.8 0.2310840309
21.85 21.8 21.9 0.2420807582
21.95 21.9 22 0.2414436936
22.05 22 22.1 0.2295131473
22.15 22.1 22.2 0.2389311894
22.25 22.2 22.3 0.2487216603
22.35 22.3 22.4 0.2231286036
22.45 22.4 22.5 0.2295253973
22.55 22.5 22.6 0.2250816967
22.65 22.6 22.7 0.2133025501
22.75 22.7 22.8 0.2224726659
22.85 22.8 22.9 0.2124414466
22.95 22.9 23 0.218945164
23.05 23 23.1 0.2181110496
23.15 23.1 23.2 0.2138879462
23.25 23.2 23.3 0.2061016726
23.35 23.3 23.4 0.1963169921
23.45 23.4 23.5 0.1945267695
23.55 23.5 23.6 0.2060046025
23.65 23.6 23.7 0.205301625
23.75 23.7 23.8 0.198978237
23.85 23.8 23.9 0.1981439624
23.95 23.9 24 0.1989607006
24.05 24 24.1 0.1939365076
24.15 24.1 24.2 0.1980659193
24.25 24.2 24.3 0.1998168483
24.35 24.3 24.4 0.1883674665
24.45 24.4 24.5 0.1866821822
24.55 24.5 24.6 0.1846044888
24.65 24.6 24.7 0.1904929007
24.75 24.7 24.8 0.1902579929
24.85 24.8 24.9 0.1821694755
24.95 24.9 25 0.183423032
25.05 25 25.1 0.1801151337
25.15 25.1 25.2 0.1771582075
25.25 25.2 25.3 0.1666129811
25.35 25.3 25.4 0.1732130065
25.45 25.4 25.5 0.1690102296
25.55 25.5 25.6 0.1710181883
25.65 25.6 25.7 0.1626033582
25.75 25.7 25.8 0.1722330899
25.85 25.8 25.9 0.1666043033
25.95 25.9 26 0.1626077648
26.05 26 26.1 0.1656802627
26.15 26.1 26.2 0.1681249643
26.25 26.2 26.3 0.1657917009
26.35 26.3 26.4 0.15172376
26.45 26.4 26.5 0.1587697153
26.55 26.5 26.6 0.1566209365
26.65 26.6 26.7 0.1569401364
26.75 26.7 26.8 0.1498561397
26.85 26.8 26.9 0.1489583074
26.95 26.9 27 0.1610535496
27.05 27 27.1 0.1483072495
27.15 27.1 27.2 0.1458961744
27.25 27.2 27.3 0.1480156254
27.35 27.3 27.4 0.1448993366
27.45 27.4 27.5 0.1420500956
27.55 27.5 27.6 0.1429810528
27.65 27.6 27.7 0.1418543332
27.75 27.7 27.8 0.1434969006
27.85 27.8 27.9 0.141106429
27.95 27.9 28 0.1383738116
28.05 28 28.1 0.1367470897
28.15 28.1 28.2 0.1354029548
28.25 28.2 28.3 0.1301636996
28.35 28.3 28.4 0.1370267071
28.45 28.4 28.5 0.1248468414
28.55 28.5 28.6 0.1312374952
28.65 28.6 28.7 0.1295600939
28.75 28.7 28.8 0.1295804865
28.85 28.8 28.9 0.1275913313
28.95 28.9 29 0.1308624312
29.05 29 29.1 0.1147275537
29.15 29.1 29.2 0.1293284541
29.25 29.2 29.3 0.1221833677
29.35 29.3 29.4 0.1254183787
29.45 29.4 29.5 0.1266192279
29.55 29.5 29.6 0.1220340505
29.65 29.6 29.7 0.11606727
29.75 29.7 29.8 0.1201709227
29.85 29.8 29.9 0.1190691479
29.95 29.9 30 0.1101071556
30.05 30 30.1 0.120907987
30.15 30.1 30.2 0.1165751229
30.25 30.2 30.3 0.1228593259
30.35 30.3 30.4 0.1074154391
30.45 30.4 30.5 0.1143035088
30.55 30.5 30.6 0.1115060649
30.65 30.6 30.7 0.1064576182
30.75 30.7 30.8 0.1161513393
30.85 30.8 30.9 0.1010121426
30.95 30.9 31 0.1030731926
31.05 31 31.1 0.1032518737
31.15 31.1 31.2 0.1090327914
31.25 31.2 31.3 0.1011694154
31.35 31.3 31.4 0.1049385364
31.45 31.4 31.5 0.1007808184
31.55 31.5 31.6 0.09989849345
31.65 31.6 31.7 0.1016508564
31.75 31.7 31.8 0.09752745233
31.85 31.8 31.9 0.09653420113
31.95 31.9 32 0.09353023159
32.05 32 32.1 0.1000981885
32.15 32.1 32.2 0.09812856957
32.25 32.2 32.3 0.0954129661
32.35 32.3 32.4 0.08975679455
32.45 32.4 32.5 0.08367005859
32.55 32.5 32.6 0.08781506909
32.65 32.6 32.7 0.09674894385
32.75 32.7 32.8 0.0912709084
32.85 32.8 32.9 0.08973687638
32.95 32.9 33 0.09338152251
33.05 33 33.1 0.08699725658
33.15 33.1 33.2 0.09213870364
33.25 33.2 33.3 0.08416530616
33.35 33.3 33.4 0.09214633616
33.45 33.4 33.5 0.09279829831
33.55 33.5 33.6 0.09004687275
33.65 33.6 33.7 0.08575698718
33.75 33.7 33.8 0.08313890537
33.85 33.8 33.9 0.09120479484
33.95 33.9 34 0.08219611186
34.05 34 34.1 0.08230154573
34.15 34.1 34.2 0.08034990536
34.25 34.2 34.3 0.08345866827
34.35 34.3 34.4 0.07859968767
34.45 34.4 34.5 0.08131572643
34.55 34.5 34.6 0.08250782097
34.65 34.6 34.7 0.07571112408
34.75 34.7 34.8 0.08206277361
34.85 34.8 34.9 0.07709285973
34.95 34.9 35 0.07694355219
35.05 35 35.1 0.07977939556
35.15 35.1 35.2 0.07544288817
35.25 35.2 35.3 0.07687848894
35.35 35.3 35.4 0.08123859624
35.45 35.4 35.5 0.07626263568
35.55 35.5 35.6 0.06964724033
35.65 35.6 35.7 0.06918198587
35.75 35.7 35.8 0.07616551557
35.85 35.8 35.9 0.0741002207
35.95 35.9 36 0.06987853804
36.05 36 36.1 0.07930345787
36.15 36.1 36.2 0.06983942167
36.25 36.2 36.3 0.07027870203
36.35 36.3 36.4 0.06519511196
36.45 36.4 36.5 0.07021479963
36.55 36.5 36.6 0.06832203323
36.65 36.6 36.7 0.06639422665
36.75 36.7 36.8 0.06519600712
36.85 36.8 36.9 0.06542969411
36.95 36.9 37 0.06580147872
37.05 37 37.1 0.0644249674
37.15 37.1 37.2 0.06406154821
37.25 37.2 37.3 0.06497271291
37.35 37.3 37.4 0.06294825767
37.45 37.4 37.5 0.05921591895
37.55 37.5 37.6 0.05931269175
37.65 37.6 37.7 0.0580365278
37.75 37.7 37.8 0.06504951839
37.85 37.8 37.9 0.07026691089
37.95 37.9 38 0.0503560631
38.05 38 38.1 0.06197209776
38.15 38.1 38.2 0.05959919169
38.25 38.2 38.3 0.05598684903
38.35 38.3 38.4 0.06114036638
38.45 38.4 38.5 0.055422127
38.55 38.5 38.6 0.05583262768
38.65 38.6 38.7 0.05396738293
38.75 38.7 38.8 0.0572594384
38.85 38.8 38.9 0.05845863418
38.95 38.9 39 0.05667451201
39.05 39 39.1 0.05808618819
39.15 39.1 39.2 0.05142798151
39.25 39.2 39.3 0.04656001001
39.35 39.3 39.4 0.0604804529
39.45 39.4 39.5 0.05104670694
39.55 39.5 39.6 0.05626179344
39.65 39.6 39.7 0.05701000702
39.75 39.7 39.8 0.05922483041
39.85 39.8 39.9 0.05341680347
39.95 39.9 40 0.05219725661
40.05 40 40.1 0.05045183087
40.15 40.1 40.2 0.04957254829
40.25 40.2 40.3 0.05557276928
40.35 40.3 40.4 0.04673760853
40.45 40.4 40.5 0.04633480087
40.55 40.5 40.6 0.05155441972
40.65 40.6 40.7 0.04838307677
40.75 40.7 40.8 0.05111785411
40.85 40.8 40.9 0.04958473026
40.95 40.9 41 0.04469463021
41.05 41 41.1 0.05239260846
41.15 41.1 41.2 0.04754933667
41.25 41.2 41.3 0.04127330214
41.35 41.3 41.4 0.05005233881
41.45 41.4 41.5 0.04345101058
41.55 41.5 41.6 0.0420925245
41.65 41.6 41.7 0.04844974857
41.75 41.7 41.8 0.04376014498
41.85 41.8 41.9 0.04973256458
41.95 41.9 42 0.04577198321
42.05 42 42.1 0.04951403267
42.15 42.1 42.2 0.04520963319
42.25 42.2 42.3 0.04855338226
42.35 42.3 42.4 0.04678616943
42.45 42.4 42.5 0.04369323296
42.55 42.5 42.6 0.04550753452
42.65 42.6 42.7 0.04568754327
42.75 42.7 42.8 0.03717071314
42.85 42.8 42.9 0.04440491796
42.95 42.9 43 0.04244788912
43.05 43 43.1 0.04154604741
43.15 43.1 43.2 0.04684523357
43.25 43.2 43.3 0.04434756776
43.35 43.3 43.4 0.04689429227
43.45 43.4 43.5 0.04191927297
43.55 43.5 43.6 0.03737054004
43.65 43.6 43.7 0.04061604098
43.75 43.7 43.8 0.04378492476
43.85 43.8 43.9 0.03943555225
43.95 43.9 44 0.03613743691
44.05 44 44.1 0.03857602415
44.15 44.1 44.2 0.03636172282
44.25 44.2 44.3 0.0349882981
44.35 44.3 44.4 0.03553997335
44.45 44.4 44.5 0.03492683738
44.55 44.5 44.6 0.04347424389
44.65 44.6 44.7 0.03303960542
44.75 44.7 44.8 0.03720007449
44.85 44.8 44.9 0.03515781062
44.95 44.9 45 0.04079369701
45.05 45 45.1 0.0375151583
45.15 45.1 45.2 0.03500465454
45.25 45.2 45.3 0.03134976226
45.35 45.3 45.4 0.03461713652
45.45 45.4 45.5 0.03917943772
45.55 45.5 45.6 0.03247999488
45.65 45.6 45.7 0.0342175503
45.75 45.7 45.8 0.03648085583
45.85 45.8 45.9 0.03377210949
45.95 45.9 46 0.03395876104
46.05 46 46.1 0.04039885713
46.15 46.1 46.2 0.03390634826
46.25 46.2 46.3 0.03343692701
46.35 46.3 46.4 0.03382364775
46.45 46.4 46.5 0.02972816987
46.55 46.5 46.6 0.02947212739
46.65 46.6 46.7 0.03264661401
46.75 46.7 46.8 0.03123811649
46.85 46.8 46.9 0.030675735
46.95 46.9 47 0.03035494671
47.05 47 47.1 0.02755305714
47.15 47.1 47.2 0.02552013892
47.25 47.2 47.3 0.02751396174
47.35 47.3 47.4 0.02771256371
47.45 47.4 47.5 0.02911328972
47.55 47.5 47.6 0.03141630207
47.65 47.6 47.7 0.02930908483
47.75 47.7 47.8 0.02880955465
47.85 47.8 47.9 0.03200034923
47.95 47.9 48 0.02468705731
48.05 48 48.1 0.02986725178
48.15 48.1 48.2 0.02509408067
48.25 48.2 48.3 0.02983163192
48.35 48.3 48.4 0.02871130376
48.45 48.4 48.5 0.02823203549
48.55 48.5 48.6 0.02326250817
48.65 48.6 48.7 0.02765910552
48.75 48.7 48.8 0.03303308859
48.85 48.8 48.9 0.02886685676
48.95 48.9 49 0.02198380064
49.05 49 49.1 0.02642621305
49.15 49.1 49.2 0.02487683131
49.25 49.2 49.3 0.02529870157
49.35 49.3 49.4 0.02501134705
49.45 49.4 49.5 0.02976700643
49.55 49.5 49.6 0.02258129821
49.65 49.6 49.7 0.02736011158
49.75 49.7 49.8 0.02688977247
49.85 49.8 49.9 0.03016342179
49.95 49.9 50 0.02230924044
50.05 50 50.1 0.02808282989
50.15 50.1 50.2 0.02670890084
50.25 50.2 50.3 0.02679346086
50.35 50.3 50.4 0.02733093416
50.45 50.4 50.5 0.02336927166
50.55 50.5 50.6 0.02455161979
50.65 50.6 50.7 0.02410996588
50.75 50.7 50.8 0.02465914789
50.85 50.8 50.9 0.02198955814
50.95 50.9 51 0.02396963983
51.05 51 51.1 0.02231476622
51.15 51.1 51.2 0.02182378257
51.25 51.2 51.3 0.0255168923
51.35 51.3 51.4 0.02162751081
51.45 51.4 51.5 0.01816063237
51.55 51.5 51.6 0.02375811301
51.65 51.6 51.7 0.02171817514
51.75 51.7 51.8 0.02035931823
51.85 51.8 51.9 0.02271979772
51.95 51.9 52 0.019713991
52.05 52 52.1 0.01700913991
52.15 52.1 52.2 0.01973233743
52.25 52.2 52.3 0.02110419384
52.35 52.3 52.4 0.01905444802
52.45 52.4 52.5 0.02174368597
52.55 52.5 52.6 0.01788430089
52.65 52.6 52.7 0.02379576988
52.75 52.7 52.8 0.02415050281
52.85 52.8 52.9 0.02262857547
52.95 52.9 53 0.01869266741
53.05 53 53.1 0.01983062059
53.15 53.1 53.2 0.01910668009
53.25 53.2 53.3 0.01660148848
53.35 53.3 53.4 0.01643163978
53.45 53.4 53.5 0.02186432765
53.55 53.5 53.6 0.01735046012
53.65 53.6 53.7 0.01679189957
53.75 53.7 53.8 0.01573842967
53.85 53.8 53.9 0.01435134201
53.95 53.9 54 0.02149441945
54.05 54 54.1 0.0188866442
54.15 54.1 54.2 0.01833991413
54.25 54.2 54.3 0.01783555405
54.35 54.3 54.4 0.01608745086
54.45 54.4 54.5 0.01344481617
54.55 54.5 54.6 0.01402245895
54.65 54.6 54.7 0.01697602174
54.75 54.7 54.8 0.01962483012
54.85 54.8 54.9 0.01927216131
54.95 54.9 55 0.01779326466
55.05 55 55.1 0.01820902137
55.15 55.1 55.2 0.01145887867
55.25 55.2 55.3 0.02035849474
55.35 55.3 55.4 0.01575266908
55.45 55.4 55.5 0.01482330726
55.55 55.5 55.6 0.01700629303
55.65 55.6 55.7 0.01580671479
55.75 55.7 55.8 0.02029923757
55.85 55.8 55.9 0.01353380533
55.95 55.9 56 0.01738127186
56.05 56 56.1 0.01519543248
56.15 56.1 56.2 0.01613175862
56.25 56.2 56.3 0.01442836954
56.35 56.3 56.4 0.02108892654
56.45 56.4 56.5 0.01562300818
56.55 56.5 56.6 0.01656096503
56.65 56.6 56.7 0.01529888363
56.75 56.7 56.8 0.013696143
56.85 56.8 56.9 0.009953047822
56.95 56.9 57 0.009935460705
57.05 57 57.1 0.01482891926
57.15 57.1 57.2 0.01691248008
57.25 57.2 57.3 0.01323642284
57.35 57.3 57.4 0.008831627547
57.45 57.4 57.5 0.01494180938
57.55 57.5 57.6 0.01375246022
57.65 57.6 57.7 0.01602328567
57.75 57.7 57.8 0.01068764196
57.85 57.8 57.9 0.01433600714
57.95 57.9 58 0.01251294954
58.05 58 58.1 0.009971532812
58.15 58.1 58.2 0.01328418456
58.25 58.2 58.3 0.009547022876
58.35 58.3 58.4 0.01764072781
58.45 58.4 58.5 0.01075186502
58.55 58.5 58.6 0.01025779853
58.65 58.6 58.7 0.01307556469
58.75 58.7 58.8 0.01225254609
58.85 58.8 58.9 0.01451054023
58.95 58.9 59 0.01715701928
59.05 59 59.1 0.01065053109
59.15 59.1 59.2 0.01224154409
59.25 59.2 59.3 0.01252222065
59.35 59.3 59.4 0.01182540118
59.45 59.4 59.5 0.01019986681
59.55 59.5 59.6 0.01003035147
59.65 59.6 59.7 0.008340511462
59.75 59.7 59.8 0.01897765851
59.85 59.8 59.9 0.01212359561
59.95 59.9 60 0.007149267521
60.05 60 60.1 0.0102544761
60.15 60.1 60.2 0.0080490654
60.25 60.2 60.3 0.01007386531
60.35 60.3 60.4 0.008421174169
60.45 60.4 60.5 0.008771518312
60.55 60.5 60.6 0.01210224348
60.65 60.6 60.7 0.01435559335
60.75 60.7 60.8 0.01152038779
60.85 60.8 60.9 0.0106619211
60.95 60.9 61 0.008318419458
61.05 61 61.1 0.008494595836
61.15 61.1 61.2 0.01269201637
61.25 61.2 61.3 0.01122582989
61.35 61.3 61.4 0.01253276069
61.45 61.4 61.5 0.01186790885
61.55 61.5 61.6 0.01005339849
61.65 61.6 61.7 0.01057626312
61.75 61.7 61.8 0.008777599367
61.85 61.8 61.9 0.01148618526
61.95 61.9 62 0.008813767446
62.05 62 62.1 0.01003427432
62.15 62.1 62.2 0.006707365061
62.25 62.2 62.3 0.0094543285
62.35 62.3 62.4 0.005013973776
62.45 62.4 62.5 0.005679553139
62.55 62.5 62.6 0.008160367754
62.65 62.6 62.7 0.008238493548
62.75 62.7 62.8 0.008752055491
62.85 62.8 62.9 0.009802645194
62.95 62.9 63 0.009685436846
63.05 63 63.1 0.01060149212
63.15 63.1 63.2 0.008728868538
63.25 63.2 63.3 0.007955354249
63.35 63.3 63.4 0.006204748687
63.45 63.4 63.5 0.007639893947
63.55 63.5 63.6 0.007998917301
63.65 63.6 63.7 0.006563074226
63.75 63.7 63.8 0.01047083262
63.85 63.8 63.9 0.008205746741
63.95 63.9 64 0.004911886684
64.05 64 64.1 0.008087932117
64.15 64.1 64.2 0.008653934864
64.25 64.2 64.3 0.004380564034
64.35 64.3 64.4 0.008920831101
64.45 64.4 64.5 0.01022566389
64.55 64.5 64.6 0.006644440676
64.65 64.6 64.7 0.00579716854
64.75 64.7 64.8 0.003702789222
64.85 64.8 64.9 0.01062779214
64.95 64.9 65 0.007557302746
65.05 65 65.1 0.007427860931
65.15 65.1 65.2 0.004940059297
65.25 65.2 65.3 0.005867029779
65.35 65.3 65.4 0.011667737
65.45 65.4 65.5 0.009271630444
65.55 65.5 65.6 0.006689456188
65.65 65.6 65.7 0.007912355878
65.75 65.7 65.8 0.005256807648
65.85 65.8 65.9 0.008074460319
65.95 65.9 66 0.005608612488
66.05 66 66.1 0.007438296157
66.15 66.1 66.2 0.007961869538
66.25 66.2 66.3 0.007572116586
66.35 66.3 66.4 0.005451444367
66.45 66.4 66.5 0.01023826638
66.55 66.5 66.6 0.005991604411
66.65 66.6 66.7 0.00739197705
66.75 66.7 66.8 0.006606923358
66.85 66.8 66.9 0.008419430194
66.95 66.9 67 0.0029349131
67.05 67 67.1 0.004895538948
67.15 67.1 67.2 0.007700215829
67.25 67.2 67.3 0.001911642855
67.35 67.3 67.4 0.006304851768
67.45 67.4 67.5 0.002941427609
67.55 67.5 67.6 0.007954569272
67.65 67.6 67.7 0.003817803126
67.75 67.7 67.8 0.007053004442
67.85 67.8 67.9 0.004138024972
67.95 67.9 68 0.007800421409
68.05 68 68.1 0.009807483315
68.15 68.1 68.2 0.004039189316
68.25 68.2 68.3 0.004030022405
68.35 68.3 68.4 0.006592011696
68.45 68.4 68.5 0.009132810589
68.55 68.5 68.6 0.005864162584
68.65 68.6 68.7 0.006739707864
68.75 68.7 68.8 0.00371269926
68.85 68.8 68.9 0.005796062666
68.95 68.9 69 0.008759093627
69.05 69 69.1 0.004520209019
69.15 69.1 69.2 0.004593806685
69.25 69.2 69.3 0.005288726223
69.35 69.3 69.4 0.006842484254
69.45 69.4 69.5 0.006635462386
69.55 69.5 69.6 0.003928830252
69.65 69.6 69.7 0.003809871165
69.75 69.7 69.8 0.005195636201
69.85 69.8 69.9 0.004389160587
69.95 69.9 70 0.0008024126678
70.05 70 70.1 0.005826505427
70.15 70.1 70.2 0.006574070858
70.25 70.2 70.3 0.005684709905
70.35 70.3 70.4 0.004569598078
70.45 70.4 70.5 0.002609184431
70.55 70.5 70.6 0.009344654096
70.65 70.6 70.7 0.004540075821
70.75 70.7 70.8 0.002981357784
70.85 70.8 70.9 0.00251493776
70.95 70.9 71 0.003103789053
71.05 71 71.1 0.005233876318
71.15 71.1 71.2 0.003083006177
71.25 71.2 71.3 0.004226272023
71.35 71.3 71.4 0.003050783834
71.45 71.4 71.5 0.004220238922
71.55 71.5 71.6 0.005332782552
71.65 71.6 71.7 -0.0004349792788
71.75 71.7 71.8 0.006145599895
71.85 71.8 71.9 0.003800633963
71.95 71.9 72 0.003205476857
72.05 72 72.1 0.002773697808
72.15 72.1 72.2 0.005513154311
72.25 72.2 72.3 0.003927441288
72.35 72.3 72.4 0.0006548717952
72.45 72.4 72.5 0.004184472199
72.55 72.5 72.6 0.004490780876
72.65 72.6 72.7 0.004989097309
72.75 72.7 72.8 0.004486008695
72.85 72.8 72.9 0.001333738664
72.95 72.9 73 0.00703153461
73.05 73 73.1 0.003121595066
73.15 73.1 73.2 0.0008115212372
73.25 73.2 73.3 0.005057976267
73.35 73.3 73.4 0.003881355972
73.45 73.4 73.5 0.00484317821
73.55 73.5 73.6 0.004428327693
73.65 73.6 73.7 0.003846469455
73.75 73.7 73.8 0.002382186818
73.85 73.8 73.9 0.001541731139
73.95 73.9 74 0.007094160171
74.05 74 74.1 0.004303950629
74.15 74.1 74.2 0.00590398769
74.25 74.2 74.3 0.004290048693
74.35 74.3 74.4 0.005284135478
74.45 74.4 74.5 6.577391019e-05
74.55 74.5 74.6 0.004012431772
74.65 74.6 74.7 0.001699664125
74.75 74.7 74.8 0.00178822152
74.85 74.8 74.9 0.002662603462
74.95 74.9 75 0.002651066673
75.05 75 75.1 -0.001643101631
75.15 75.1 75.2 0.006125025433
75.25 75.2 75.3 0.004255081137
75.35 75.3 75.4 0.003624071535
75.45 75.4 75.5 0.00482028821
75.55 75.5 75.6 8.108581781e-05
75.65 75.6 75.7 0.001638581945
75.75 75.7 75.8 0.00373761412
75.85 75.8 75.9 0.0005553347514
75.95 75.9 76 -2.093185081e-06
76.05 76 76.1 -0.0008116273465
76.15 76.1 76.2 0.003161117799
76.25 76.2 76.3 0.003577046206
76.35 76.3 76.4 0.002594772115
76.45 76.4 76.5 -0.001021947677
76.55 76.5 76.6 -8.234778657e-05
76.65 76.6 76.7 0.0009621658982
76.75 76.7 76.8 0.0004985169855
76.85 76.8 76.9 0.001361099334
76.95 76.9 77 0.002357636505
77.05 77 77.1 0.001867405766
77.15 77.1 77.2 0.001225074311
77.25 77.2 77.3 0.0007691327664
77.35 77.3 77.4 -0.002223449949
77.45 77.4 77.5 0.0009134898518
77.55 77.5 77.6 0.003105716561
77.65 77.6 77.7 0.001344981857
77.75 77.7 77.8 0.001287900819
77.85 77.8 77.9 0.003036189849
77.95 77.9 78 0.003501254488
78.05 78 78.1 -0.0006381724856
78.15 78.1 78.2 0.001740958156
78.25 78.2 78.3 0.002936515748
78.35 78.3 78.4 0.0005916217264
78.45 78.4 78.5 0.001874634027
78.55 78.5 78.6 0.002075429688
78.65 78.6 78.7 0.00178381279
78.75 78.7 78.8 -0.001928663297
78.85 78.8 78.9 -0.002376866112
78.95 78.9 79 0.003267868992
79.05 79 79.1 0.002743206147
79.15 79.1 79.2 0.002144826178
79.25 79.2 79.3 0.0006451271974
79.35 79.3 79.4 0.003139457939
79.45 79.4 79.5 0.004794331857
79.55 79.5 79.6 0.0001259289631
79.65 79.6 79.7 -0.0001615795058
79.75 79.7 79.8 -0.0002720158925
79.85 79.8 79.9 -0.001340121606
79.95 79.9 80 0.0008780536333
80.05 80 80.1 0.001858334156
80.15 80.1 80.2 0.0005892178867
80.25 80.2 80.3 0.00040365356
80.35 80.3 80.4 0.002604337754
80.45 80.4 80.5 -0.001793976004
80.55 80.5 80.6 0.00266390018
80.65 80.6 80.7 0.0004997290082
80.75 80.7 80.8 0.001864466057
80.85 80.8 80.9 -0.0006160585391
80.95 80.9 81 0.002014447914
81.05 81 81.1 0.001392970082
81.15 81.1 81.2 0.002699247795
81.25 81.2 81.3 0.004044298451
81.35 81.3 81.4 0.003677791097
81.45 81.4 81.5 0.001560273284
81.55 81.5 81.6 -0.002204981806
81.65 81.6 81.7 -0.001507829351
81.75 81.7 81.8 0.0003232074132
81.85 81.8 81.9 0.003429979201
81.95 81.9 82 0.003036694124
82.05 82 82.1 0.0001610058247
82.15 82.1 82.2 0.001324564064
82.25 82.2 82.3 0.000364406847
82.35 82.3 82.4 0.0001320693237
82.45 82.4 82.5 -0.0003721834189
82.55 82.5 82.6 0.002741076953
82.65 82.6 82.7 0.0007096634808
82.75 82.7 82.8 0.001990960393
82.85 82.8 82.9 0.001028479546
82.95 82.9 83 9.270698691e-05
83.05 83 83.1 0.0007763836232
83.15 83.1 83.2 0.001238799229
83.25 83.2 83.3 0.003149051729
83.35 83.3 83.4 0.001412901619
83.45 83.4 83.5 0.001726662788
83.55 83.5 83.6 0.002550373758
83.65 83.6 83.7 0.001323102877
83.75 83.7 83.8 0.004392698077
83.85 83.8 83.9 0.0003911266113
83.95 83.9 84 -0.001314264142
84.05 84 84.1 0.003657454987
84.15 84.1 84.2 0.003298146084
84.25 84.2 84.3 0.002604701947
84.35 84.3 84.4 0.001376904891
84.45 84.4 84.5 0.003236331125
84.55 84.5 84.6 0.003519919682
84.65 84.6 84.7 -0.0003759933013
84.75 84.7 84.8 -0.0009116737314
84.85 84.8 84.9 0.004579205205
84.95 84.9 85 0.0005624142355
85.05 85 85.1 0.003991399179
85.15 85.1 85.2 0.0036442805
85.25 85.2 85.3 0.001344202053
85.35 85.3 85.4 0.002095594877
85.45 85.4 85.5 0.00210302414
85.55 85.5 85.6 0.003303436883
85.65 85.6 85.7 0.005163509546
85.75 85.7 85.8 0.002169111125
85.85 85.8 85.9 0.002398291823
85.95 85.9 86 0.001226393227
86.05 86 86.1 0.001871296947
86.15 86.1 86.2 0.002531056886
86.25 86.2 86.3 0.005663505911
86.35 86.3 86.4 0.001312733761
86.45 86.4 86.5 0.001603411267
86.55 86.5 86.6 0.0009417588193
86.65 86.6 86.7 0.0005677657284
86.75 86.7 86.8 0.001462150937
86.85 86.8 86.9 0.000882877243
86.95 86.9 87 0.003096879745
87.05 87 87.1 0.004189808318
87.15 87.1 87.2 -0.0001103629596
87.25 87.2 87.3 0.004100199972
87.35 87.3 87.4 0.003720514299
87.45 87.4 87.5 0.0002945177712
87.55 87.5 87.6 -0.0002851098961
87.65 87.6 87.7 0.0004248076003
87.75 87.7 87.8 0.001084096275
87.85 87.8 87.9 -0.000627028847
87.95 87.9 88 0.003151891197
88.05 88 88.1 0.00226559858
88.15 88.1 88.2 0.0003479657302
88.25 88.2 88.3 0.001365743886
88.35 88.3 88.4 0.002399220637
88.45 88.4 88.5 0.001166988536
88.55 88.5 88.6 0.001988851035
88.65 88.6 88.7 0.00200887189
88.75 88.7 88.8 0.002876780143
88.85 88.8 88.9 0.003786822195
88.95 88.9 89 0.002601052286
89.05 89 89.1 0.003300309404
89.15 89.1 89.2 -0.0002953355541
89.25 89.2 89.3 0.001640716903
89.35 89.3 89.4 0.001713484324
89.45 89.4 89.5 0.003751748763
89.55 89.5 89.6 0.002249950979
89.65 89.6 89.7 0.002517509512
89.75 89.7 89.8 0.00188501608
89.85 89.8 89.9 -9.948392467e-05
89.95 89.9 90 0.00221341535
90.05 90 90.1 0.002298367088
90.15 90.1 90.2 0.001026735166
90.25 90.2 90.3 0.0009688717464
90.35 90.3 90.4 0.0001318533957
90.45 90.4 90.5 0.001758562553
90.55 90.5 90.6 0.001678821905
90.65 90.6 90.7 -0.0007422508343
90.75 90.7 90.8 0.00295768046
90.85 90.8 90.9 0.003404007803
90.95 90.9 91 0.002198585865
91.05 91 91.1 -0.0001550205934
91.15 91.1 91.2 0.001663880628
91.25 91.2 91.3 0.00270123065
91.35 91.3 91.4 0.003299219073
91.45 91.4 91.5 0.002683904486
91.55 91.5 91.6 0.002477320813
91.65 91.6 91.7 0.004618447249
91.75 91.7 91.8 0.002461644142
91.85 91.8 91.9 6.274031063e-05
91.95 91.9 92 0.002897549929
92.05 92 92.1 0.0004853619284
92.15 92.1 92.2 0.0003182909149
92.25 92.2 92.3 0.004728759145
92.35 92.3 92.4 0.003375171331
92.45 92.4 92.5 0.003828184329
92.55 92.5 92.6 0.001576591188
92.65 92.6 92.7 0.001206977844
92.75 92.7 92.8 0.003405425653
92.85 92.8 92.9 0.0003670408306
92.95 92.9 93 0.002377219413
93.05 93 93.1 0.001426986903
93.15 93.1 93.2 0.002699502331
93.25 93.2 93.3 0.0004843839439
93.35 93.3 93.4 0.002466667177
93.45 93.4 93.5 0.002843794433
93.55 93.5 93.6 0.002279836455
93.65 93.6 93.7 0.00368313985
93.75 93.7 93.8 0.001775531414
93.85 93.8 93.9 0.004112266114
93.95 93.9 94 0.001851770595
94.05 94 94.1 0.0005131675885
94.15 94.1 94.2 0.0006929753032
94.25 94.2 94.3 0.004029112729
94.35 94.3 94.4 0.003609684781
94.45 94.4 94.5 0.002424601442
94.55 94.5 94.6 0.0009564278885
94.65 94.6 94.7 0.002037683777
94.75 94.7 94.8 0.0004481490413
94.85 94.8 94.9 0.001959372382
94.95 94.9 95 0.000574944891
95.05 95 95.1 0.004087446089
95.15 95.1 95.2 0.002391855334
95.25 95.2 95.3 0.002957390505
95.35 95.3 95.4 0.001361296682
95.45 95.4 95.5 0.003344619283
95.55 95.5 95.6 0.002090017687
95.65 95.6 95.7 0.002400408486
95.75 95.7 95.8 0.001676500794
95.85 95.8 95.9 0.00411964808
95.95 95.9 96 0.003039533081
96.05 96 96.1 0.002259301941
96.15 96.1 96.2 0.002586822604
96.25 96.2 96.3 0.004090932861
96.35 96.3 96.4 0.001991111172
96.45 96.4 96.5 0.001594110146
96.55 96.5 96.6 0.005238991778
96.65 96.6 96.7 0.004564657979
96.75 96.7 96.8 0.003230085777
96.85 96.8 96.9 0.0006522690712
96.95 96.9 97 0.001128907893
97.05 97 97.1 0.003998257769
97.15 97.1 97.2 0.0005885447135
97.25 97.2 97.3 0.004056326058
97.35 97.3 97.4 0.001581454088
97.45 97.4 97.5 0.0007605558056
97.55 97.5 97.6 0.002922183964
97.65 97.6 97.7 0.00240700296
97.75 97.7 97.8 0.003503181961
97.85 97.8 97.9 -0.001247691815
97.95 97.9 98 0.0007033351738
98.05 98 98.1 0.001835993462
98.15 98.1 98.2 0.001252000697
98.25 98.2 98.3 0.0006549328968
98.35 98.3 98.4 0.001697558577
98.45 98.4 98.5 0.003793363872
98.55 98.5 98.6 0.0008071610581
98.65 98.6 98.7 0.002064242572
98.75 98.7 98.8 0.001299634545
98.85 98.8 98.9 0.003376617913
98.95 98.9 99 0.003260988405
99.05 99 99.1 0.001033104848
99.15 99.1 99.2 0.005165295467
99.25 99.2 99.3 0.005042395625
99.35 99.3 99.4 0.002630988945
99.45 99.4 99.5 0.004651808313
99.55 99.5 99.6 0.00240514992
99.65 99.6 99.7 0.001249336541
99.75 99.7 99.8 0.002644335124
99.85 99.8 99.9 0.004272099286
99.95 99.9 100 0.004153168292
100.05 100 100.1 0.001343248404
100.15 100.1 100.2 0.002976682122
100.25 100.2 100.3 0.00267209432
100.35 100.3 100.4 0.002057242428
100.45 100.4 100.5 0.002579380983
100.55 100.5 100.6 0.0004097302235
100.65 100.6 100.7 0.002117166177
100.75 100.7 100.8 0.0001171257003
100.85 100.8 100.9 0.00251889008
100.95 100.9 101 0.002592742813
101.05 101 101.1 0.003408194578
101.15 101.1 101.2 0.003043573937
101.25 101.2 101.3 0.001505550608
101.35 101.3 101.4 0.003774844552
101.45 101.4 101.5 0.004035313711
101.55 101.5 101.6 0.002837213807
101.65 101.6 101.7 0.001563880009
101.75 101.7 101.8 0.001293688984
101.85 101.8 101.9 0.003945417493
101.95 101.9 102 0.00486670574
102.05 102 102.1 0.004381403223
102.15 102.1 102.2 0.001588431033
102.25 102.2 102.3 0.001030169573
102.35 102.3 102.4 0.002880624211
102.45 102.4 102.5 0.002982504139
102.55 102.5 102.6 0.002691834685
102.65 102.6 102.7 0.003661881026
102.75 102.7 102.8 0.003569918074
102.85 102.8 102.9 0.001546328833
102.95 102.9 103 0.004849816056
103.05 103 103.1 0.0006297835952
103.15 103.1 103.2 0.001928020169
103.25 103.2 103.3 0.005434994951
103.35 103.3 103.4 0.003769853218
103.45 103.4 103.5 0.001360785284
103.55 103.5 103.6 0.002428111993
103.65 103.6 103.7 0.002274285852
103.75 103.7 103.8 0.004128071969
103.85 103.8 103.9 0.002512035093
103.95 103.9 104 0.00198618037
104.05 104 104.1 0.00247036379
104.15 104.1 104.2 0.001740813056
104.25 104.2 104.3 0.002307296006
104.35 104.3 104.4 -0.0006130132294
104.45 104.4 104.5 0.0003465030013
104.55 104.5 104.6 0.002376923461
104.65 104.6 104.7 0.001313272376
104.75 104.7 104.8 0.001645117999
104.85 104.8 104.9 0.003134026594
104.95 104.9 105 0.0009382472193
105.05 105 105.1 0.002425428211
105.15 105.1 105.2 0.002757698698
105.25 105.2 105.3 -0.001144079085
105.35 105.3 105.4 0.002403651615
105.45 105.4 105.5 0.0006987046112
105.55 105.5 105.6 0.001221727985
105.65 105.6 105.7 0.0003688898933
105.75 105.7 105.8 0.003864711587
105.85 105.8 105.9 0.003935202928
105.95 105.9 106 8.123580487e-05
106.05 106 106.1 0.004854828889
106.15 106.1 106.2 0.001757473257
106.25 106.2 106.3 0.0004310641686
106.35 106.3 106.4 0.001610675625
106.45 106.4 106.5 0.001913058136
106.55 106.5 106.6 0.001467995676
106.65 106.6 106.7 0.001414997642
106.75 106.7 106.8 -0.0001282659733
106.85 106.8 106.9 8.053981217e-05
106.95 106.9 107 0.003674721577
107.05 107 107.1 0.002603388605
107.15 107.1 107.2 -0.0002490378232
107.25 107.2 107.3 0.001192522295
107.35 107.3 107.4 0.002249032869
107.45 107.4 107.5 0.002355525474
107.55 107.5 107.6 0.0008187891123
107.65 107.6 107.7 0.002226193781
107.75 107.7 107.8 0.001304046356
107.85 107.8 107.9 0.002975930036
107.95 107.9 108 -0.0003792310276
108.05 108 108.1 0.001056101336
108.15 108.1 108.2 0.001330034144
108.25 108.2 108.3 0.00142779124
108.35 108.3 108.4 0.0002106597812
108.45 108.4 108.5 -0.001207556678
108.55 108.5 108.6 0.003264266132
108.65 108.6 108.7 -5.652781222e-05
108.75 108.7 108.8 0.001831912974
108.85 108.8 108.9 0.001317785306
108.95 108.9 109 0.001150467098
109.05 109 109.1 0.001180276257
109.15 109.1 109.2 0.0009634423894
109.25 109.2 109.3 0.001315526048
109.35 109.3 109.4 8.631636555e-05
109.45 109.4 109.5 0.001411180819
109.55 109.5 109.6 0.000823931738
109.65 109.6 109.7 0.0001528895005
109.75 109.7 109.8 0.0004241090865
109.85 109.8 109.9 -0.0001783440274
109.95 109.9 110 0.00271334416
110.05 110 110.1 0.001619670164
110.15 110.1 110.2 0.003361006634
110.25 110.2 110.3 -0.0007576784897
110.35 110.3 110.4 0.00124871906
110.45 110.4 110.5 0.003241230081
110.55 110.5 110.6 0.0001148133254
110.65 110.6 110.7 0.0008994818143
110.75 110.7 110.8 0.003182657833
110.85 110.8 110.9 -0.0002671580074
110.95 110.9 111 -0.0006771967576
111.05 111 111.1 0.001475034551
111.15 111.1 111.2 0.001092327001
111.25 111.2 111.3 0.002455100738
111.35 111.3 111.4 -0.0007138589318
111.45 111.4 111.5 0.001073728777
111.55 111.5 111.6 0.0005984477866
111.65 111.6 111.7 0.001547825645
111.75 111.7 111.8 0.0006979546428
111.85 111.8 111.9 -0.0008028011521
111.95 111.9 112 -2.89656993e-05
112.05 112 112.1 0.002499942528
112.15 112.1 112.2 0.0005128959721
112.25 112.2 112.3 -9.163030059e-05
112.35 112.3 112.4 0.002603768957
112.45 112.4 112.5 -0.0003932251683
112.55 112.5 112.6 0.001454886664
112.65 112.6 112.7 -0.0004290842314
112.75 112.7 112.8 0.0004098446612
112.85 112.8 112.9 0.002054381572
112.95 112.9 113 0.001846126578
113.05 113 113.1 0.0004312531321
113.15 113.1 113.2 0.001002071909
113.25 113.2 113.3 0.001357256486
113.35 113.3 113.4 -0.0007978294027
113.45 113.4 113.5 -0.000542510382
113.55 113.5 113.6 -0.0005251027185
113.65 113.6 113.7 0.001545107399
113.75 113.7 113.8 0.001188417643
113.85 113.8 113.9 -3.780016922e-05
113.95 113.9 114 0.000109536399
114.05 114 114.1 0.0005030720487
114.15 114.1 114.2 0.0005977389566
114.25 114.2 114.3 -8.894949265e-06
114.35 114.3 114.4 0.001013765803
114.45 114.4 114.5 -0.0002012711377
114.55 114.5 114.6 0.001005934194
114.65 114.6 114.7 -0.0006747756334
114.75 114.7 114.8 -0.001704913741
114.85 114.8 114.9 -0.001663905627
114.95 114.9 115 -0.0002040378246
115.05 115 115.1 0.0003735440575
115.15 115.1 115.2 -0.0009756313972
115.25 115.2 115.3 0.0001484862347
115.35 115.3 115.4 -0.001199858796
115.45 115.4 115.5 0.0001002117734
115.55 115.5 115.6 -0.001091878108
115.65 115.6 115.7 0.0001710762884
115.75 115.7 115.8 0.001219323746
115.85 115.8 115.9 0.001656992728
115.95 115.9 116 -0.001589385044
116.05 116 116.1 -0.001372137807
116.15 116.1 116.2 0.0002127821383
116.25 116.2 116.3 -0.001927087237
116.35 116.3 116.4 -0.000588727317
116.45 116.4 116.5 9.191619534e-05
116.55 116.5 116.6 0.001197084516
116.65 116.6 116.7 -0.0002147455112
116.75 116.7 116.8 0.001398120269
116.85 116.8 116.9 0.001692637742
116.95 116.9 117 -0.0007348186418
117.05 117 117.1 -0.0007089014452
117.15 117.1 117.2 -0.0001947989648
117.25 117.2 117.3 -0.0004309288422
117.35 117.3 117.4 0.0004765452942
117.45 117.4 117.5 -0.0004772318953
117.55 117.5 117.6 0.000246409011
117.65 117.6 117.7 0.001845164575
117.75 117.7 117.8 0.001841298918
117.85 117.8 117.9 -0.0007325655391
117.95 117.9 118 0.0002220430347
118.05 118 118.1 -0.002483822289
118.15 118.1 118.2 0.001284125139
118.25 118.2 118.3 -0.0002414631775
118.35 118.3 118.4 0.0004967292099
118.45 118.4 118.5 0.0008586605992
118.55 118.5 118.6 -0.0009669136317
118.65 118.6 118.7 -0.000179751429
118.75 118.7 118.8 0.0003721469683
118.85 118.8 118.9 -0.0007042532379
118.95 118.9 119 0.0003016210977
119.05 119 119.1 0.0001660895823
119.15 119.1 119.2 -0.0004169551027
119.25 119.2 119.3 -0.002789710065
119.35 119.3 119.4 -0.0001103829543
119.45 119.4 119.5 -0.000562336377
119.55 119.5 119.6 0.001804745415
119.65 119.6 119.7 -0.0007856796304
119.75 119.7 119.8 0.0005024618178
119.85 119.8 119.9 0.0002894444855
119.95 119.9 120 -0.0008922166553
120.05 120 120.1 0.0002765643302
120.15 120.1 120.2 0.001234712029
120.25 120.2 120.3 -0.001844385796
120.35 120.3 120.4 -0.0005582326742
120.45 120.4 120.5 -0.0006145233585
120.55 120.5 120.6 0.0005171354766
120.65 120.6 120.7 0.0007482180876
120.75 120.7 120.8 0.0004893749571
120.85 120.8 120.9 0.001461576914
120.95 120.9 121 0.0003148652073
121.05 121 121.1 0.001737662292
121.15 121.1 121.2 -0.001175799615
121.25 121.2 121.3 -0.001054726303
121.35 121.3 121.4 -0.0001851521217
121.45 121.4 121.5 -0.0006393083874
121.55 121.5 121.6 -0.0006324316223
121.65 121.6 121.7 0.00174143346
121.75 121.7 121.8 -0.0002399702751
121.85 121.8 121.9 -2.09965626e-05
121.95 121.9 122 -0.0008081552363
122.05 122 122.1 0.0008180540169
122.15 122.1 122.2 -0.001294465751
122.25 122.2 122.3 -0.0006141371235
122.35 122.3 122.4 -0.001844552842
122.45 122.4 122.5 0.000416551381
122.55 122.5 122.6 -0.000904048846
122.65 122.6 122.7 0.001083787953
122.75 122.7 122.8 -0.001845718734
122.85 122.8 122.9 0.0009292996361
122.95 122.9 123 0.0007192211827
123.05 123 123.1 -0.0005878954007
123.15 123.1 123.2 0.001089269486
123.25 123.2 123.3 -1.526599491e-05
123.35 123.3 123.4 0.001886876297
123.45 123.4 123.5 -0.0002324312017
123.55 123.5 123.6 -0.001114053169
123.65 123.6 123.7 -0.002355155171
123.75 123.7 123.8 -0.002134709719
123.85 123.8 123.9 -0.0008366839736
123.95 123.9 124 -0.0006741233614
124.05 124 124.1 -0.0003967597927
124.15 124.1 124.2 0.0003626321334
124.25 124.2 124.3 0.0002635740115
124.35 124.3 124.4 -0.000601250993
124.45 124.4 124.5 -0.001573448934
124.55 124.5 124.6 -0.0003564716626
124.65 124.6 124.7 -0.0001179720092
124.75 124.7 124.8 8.678777148e-05
124.85 124.8 124.9 0.0006306937452
124.95 124.9 125 -0.0002505533653
125.05 125 125.1 0.0005494279193
125.15 125.1 125.2 -0.0003453826717
125.25 125.2 125.3 0.0003191986109
125.35 125.3 125.4 -0.0004447156099
125.45 125.4 125.5 0.001362807896
125.55 125.5 125.6 -0.0001014948504
125.65 125.6 125.7 -0.0009680351603
125.75 125.7 125.8 0.001128027727
125.85 125.8 125.9 0.0008576256768
125.95 125.9 126 0.001646285796
126.05 126 126.1 -0.002305494545
126.15 126.1 126.2 0.0001879799224
126.25 126.2 126.3 5.834975144e-06
126.35 126.3 126.4 -0.0002104336968
126.45 126.4 126.5 0.0007497271989
126.55 126.5 126.6 0.001203323627
126.65 126.6 126.7 -0.00166857188
126.75 126.7 126.8 -0.001060222444
126.85 126.8 126.9 0.001164166833
126.95 126.9 127 -0.0007602662058
127.05 127 127.1 -0.0009025887089
127.15 127.1 127.2 0.0005058645331
127.25 127.2 127.3 -0.0004220699255
127.35 127.3 127.4 0.001110069344
127.45 127.4 127.5 -0.002217438116
127.55 127.5 127.6 -0.000798315379
127.65 127.6 127.7 -0.0008853380677
127.75 127.7 127.8 0.0001439755285
127.85 127.8 127.9 -0.002113174732
127.95 127.9 128 0.001046818982
128.05 128 128.1 -0.0002442182549
128.15 128.1 128.2 -0.001366748098
128.25 128.2 128.3 0.0006414458096
128.35 128.3 128.4 -0.001634288542
128.45 128.4 128.5 -0.002496763005
128.55 128.5 128.6 -0.001113144667
128.65 128.6 128.7 -0.001441146482
128.75 128.7 128.8 -0.0006326116009
128.85 128.8 128.9 -0.0001660864758
128.95 128.9 129 -0.0001724159876
129.05 129 129.1 -0.001472598496
129.15 129.1 129.2 -0.0005594568452
129.25 129.2 129.3 -0.0001564341397
129.35 129.3 129.4 -8.739191645e-06
129.45 129.4 129.5 0.0003756088766
129.55 129.5 129.6 -0.0008132984842
129.65 129.6 129.7 -0.002115770897
129.75 129.7 129.8 -0.0006246569468
129.85 129.8 129.9 -0.001768592681
129.95 129.9 130 -0.002035729496
130.05 130 130.1 -0.0006493936441
130.15 130.1 130.2 -0.002161092466
130.25 130.2 130.3 0.0006083954757
130.35 130.3 130.4 -0.001282816963
130.45 130.4 130.5 -0.00080201611
130.55 130.5 130.6 2.327724559e-05
130.65 130.6 130.7 -0.0003513002819
130.75 130.7 130.8 -0.0005748118044
130.85 130.8 130.9 -0.002350546745
130.95 130.9 131 -0.002293223953
131.05 131 131.1 -0.00179118877
131.15 131.1 131.2 0.0001182118117
131.25 131.2 131.3 -0.0007112213215
131.35 131.3 131.4 0.0007629493849
131.45 131.4 131.5 -0.002201729712
131.55 131.5 131.6 -0.0006598412495
131.65 131.6 131.7 -0.0007319543574
131.75 131.7 131.8 0.000487109569
131.85 131.8 131.9 -0.001012516909
131.95 131.9 132 -0.000631316177
132.05 132 132.1 -0.001573238064
132.15 132.1 132.2 -0.0004621024387
132.25 132.2 132.3 -0.001243251737
132.35 132.3 132.4 -0.002164907967
132.45 132.4 132.5 -0.001452327344
132.55 132.5 132.6 -0.001627468371
132.65 132.6 132.7 0.000191020705
132.75 132.7 132.8 -0.0006105286443
132.85 132.8 132.9 -0.0005408568745
132.95 132.9 133 -0.001571141866
133.05 133 133.1 -0.002205568808
133.15 133.1 133.2 0.0006561595096
133.25 133.2 133.3 -0.0004269327239
133.35 133.3 133.4 -0.001556464977
133.45 133.4 133.5 -0.00210337571
133.55 133.5 133.6 -0.0002196272296
133.65 133.6 133.7 -0.00205021492
133.75 133.7 133.8 -0.0003427036028
133.85 133.8 133.9 7.434263697e-05
133.95 133.9 134 -0.0004477237729
134.05 134 134.1 -0.001238722738
134.15 134.1 134.2 -3.135346154e-05
134.25 134.2 134.3 -0.001973440506
134.35 134.3 134.4 -0.0004237130982
134.45 134.4 134.5 -0.0009465237905
134.55 134.5 134.6 -0.001108621901
134.65 134.6 134.7 -0.001647904349
134.75 134.7 134.8 -0.002318999295
134.85 134.8 134.9 -0.002304797174
134.95 134.9 135 -0.001935535141
135.05 135 135.1 -0.001271132806
135.15 135.1 135.2 -0.001550331028
135.25 135.2 135.3 -0.001022796474
135.35 135.3 135.4 -0.0007078350246
135.45 135.4 135.5 -0.001986579039
135.55 135.5 135.6 -0.0004579599082
135.65 135.6 135.7 -0.001065535136
135.75 135.7 135.8 -0.0007712779419
135.85 135.8 135.9 -0.000902949355
135.95 135.9 136 -0.001737365986
136.05 136 136.1 0.0001948910965
136.15 136.1 136.2 -0.00196695286
136.25 136.2 136.3 -0.002434542829
136.35 136.3 136.4 -7.649373307e-05
136.45 136.4 136.5 -0.001385413153
136.55 136.5 136.6 -0.001512325113
136.65 136.6 136.7 -0.001621591337
136.75 136.7 136.8 -0.001077822909
136.85 136.8 136.9 -0.001199668991
136.95 136.9 137 0.001318174986
137.05 137 137.1 -0.001497708021
137.15 137.1 137.2 -0.001544466288
137.25 137.2 137.3 -0.0009109926066
137.35 137.3 137.4 -0.003672955774
137.45 137.4 137.5 -0.002423280529
137.55 137.5 137.6 -0.002984343423
137.65 137.6 137.7 -0.001227776622
137.75 137.7 137.8 -0.001932613724
137.85 137.8 137.9 9.39499862e-05
137.95 137.9 138 -0.00173713896
138.05 138 138.1 -0.001034317537
138.15 138.1 138.2 -9.252277182e-05
138.25 138.2 138.3 2.360302967e-05
138.35 138.3 138.4 -0.001304874019
138.45 138.4 138.5 0.0009682670375
138.55 138.5 138.6 -0.0009175837277
138.65 138.6 138.7 -0.001410971798
138.75 138.7 138.8 0.0006990018844
138.85 138.8 138.9 -0.0002573244838
138.95 138.9 139 -0.004650629594
139.05 139 139.1 -0.003352790242
139.15 139.1 139.2 -0.002020502796
139.25 139.2 139.3 -0.001161406093
139.35 139.3 139.4 -0.0009295337688
139.45 139.4 139.5 -0.002263011793
139.55 139.5 139.6 -0.001400371541
139.65 139.6 139.7 -0.002291485945
139.75 139.7 139.8 -0.001567305532
139.85 139.8 139.9 -0.001341228742
139.95 139.9 140 -0.003042678591
140.05 140 140.1 -0.001274009879
140.15 140.1 140.2 -0.002648644054
140.25 140.2 140.3 -0.001652783272
140.35 140.3 140.4 -0.001073456015
140.45 140.4 140.5 -0.002504635555
140.55 140.5 140.6 -0.00222922046
140.65 140.6 140.7 -0.001600220531
140.75 140.7 140.8 -0.000547570241
140.85 140.8 140.9 -0.0008430525017
140.95 140.9 141 -0.0009405764244
141.05 141 141.1 -0.002796394173
141.15 141.1 141.2 -0.0009586739515
141.25 141.2 141.3 -0.001044910429
141.35 141.3 141.4 -0.001789241522
141.45 141.4 141.5 -0.001154704271
141.55 141.5 141.6 0.0001598546956
141.65 141.6 141.7 -0.000464687978
141.75 141.7 141.8 -0.002344248602
141.85 141.8 141.9 -0.002619600749
141.95 141.9 142 -0.0008947998406
142.05 142 142.1 -0.001196264231
142.15 142.1 142.2 -0.001983932409
142.25 142.2 142.3 -0.0002620972825
142.35 142.3 142.4 -0.002251872634
142.45 142.4 142.5 -0.001721118745
142.55 142.5 142.6 -0.001098115085
142.65 142.6 142.7 0.000841671087
142.75 142.7 142.8 -0.000979678913
142.85 142.8 142.9 0.001044585479
142.95 142.9 143 0.000278246134
143.05 143 143.1 -0.001792765414
143.15 143.1 143.2 0.0005708283346
143.25 143.2 143.3 -0.00107700964
143.35 143.3 143.4 -0.003831356781
143.45 143.4 143.5 -0.001519178164
143.55 143.5 143.6 -0.002551024031
143.65 143.6 143.7 -0.0008471895889
143.75 143.7 143.8 -0.0005673395953
143.85 143.8 143.9 -0.001405316021
143.95 143.9 144 -0.0009789796789
144.05 144 144.1 -7.197697891e-05
144.15 144.1 144.2 -0.002233101264
144.25 144.2 144.3 -0.0007891314913
144.35 144.3 144.4 -0.0007758670592
144.45 144.4 144.5 -4.999750376e-05
144.55 144.5 144.6 0.0001884542078
144.65 144.6 144.7 -0.001260499953
144.75 144.7 144.8 -0.0006614230657
144.85 144.8 144.9 -0.0001311872409
144.95 144.9 145 -0.0006026808418
145.05 145 145.1 -0.0009827970568
145.15 145.1 145.2 -0.001321684844
145.25 145.2 145.3 -0.0004681164627
145.35 145.3 145.4 0.001152270044
145.45 145.4 145.5 0.0001564103699
145.55 145.5 145.6 0.0002838364311
145.65 145.6 145.7 -0.0009197828804
145.75 145.7 145.8 0.0009241595123
145.85 145.8 145.9 -0.001527879628
145.95 145.9 146 -0.0005565106234
146.05 146 146.1 -0.0004656267797
146.15 146.1 146.2 -0.002048925621
146.25 146.2 146.3 -0.001522438363
146.35 146.3 146.4 -0.0002597061696
146.45 146.4 146.5 -0.001066269682
146.55 146.5 146.6 -0.001010468188
146.65 146.6 146.7 -0.001383357516
146.75 146.7 146.8 -0.00010564021
146.85 146.8 146.9 -0.0005702703138
146.95 146.9 147 -0.001062396123
147.05 147 147.1 -0.002133121466
147.15 147.1 147.2 -0.001079341248
147.25 147.2 147.3 -0.0008439409532
147.35 147.3 147.4 -0.001279864308
147.45 147.4 147.5 -0.0005867769704
147.55 147.5 147.6 5.065023203e-05
147.65 147.6 147.7 0.001727091317
147.75 147.7 147.8 -0.002416868675
147.85 147.8 147.9 0.0001907578878
147.95 147.9 148 -0.0005016981027
148.05 148 148.1 -0.0001156239782
148.15 148.1 148.2 -0.0006522227108
148.25 148.2 148.3 0.0004561281556
148.35 148.3 148.4 -0.002453740383
148.45 148.4 148.5 -0.0003614868497
148.55 148.5 148.6 0.001062588397
148.65 148.6 148.7 -0.001852991519
148.75 148.7 148.8 -0.001408210757
148.85 148.8 148.9 -0.0002216109442
148.95 148.9 149 -0.0009045118643
149.05 149 149.1 1.254594115e-05
149.15 149.1 149.2 -0.0007236132979
149.25 149.2 149.3 0.0009220367284
149.35 149.3 149.4 -0.0007144015922
149.45 149.4 149.5 -3.862484527e-05
149.55 149.5 149.6 -0.0003750264278
149.65 149.6 149.7 0.0003504214907
149.75 149.7 149.8 0.0008383966905
149.85 149.8 149.9 -0.001456269664
149.95 149.9 150 0.0003243481467
150.05 150 150.1 8.502792309e-05
150.15 150.1 150.2 -0.00211923339
150.25 150.2 150.3 -0.0009533884475
150.35 150.3 150.4 0.002097644242
150.45 150.4 150.5 -6.726815384e-05
150.55 150.5 150.6 -0.002998425472
150.65 150.6 150.7 -0.0005571218437
150.75 150.7 150.8 -0.0001468195343
150.85 150.8 150.9 0.0007436065454
150.95 150.9 151 -0.0002798174425
151.05 151 151.1 -0.0006989056296
151.15 151.1 151.2 -0.0003823631529
151.25 151.2 151.3 2.972578331e-05
151.35 151.3 151.4 -0.0005611813984
151.45 151.4 151.5 -0.0003993100693
151.55 151.5 151.6 -0.0006837202932
151.65 151.6 151.7 -0.001054196634
151.75 151.7 151.8 -0.0002503993702
151.85 151.8 151.9 0.000303200974
151.95 151.9 152 -0.001119055413
152.05 152 152.1 0.0008101939526
152.15 152.1 152.2 -0.0004205448417
152.25 152.2 152.3 0.001948194483
152.35 152.3 152.4 -0.002007506212
152.45 152.4 152.5 -0.0001462087849
152.55 152.5 152.6 4.780020173e-05
152.65 152.6 152.7 -0.001079022277
152.75 152.7 152.8 -0.002787173535
152.85 152.8 152.9 -0.001939791336
152.95 152.9 153 0.0004031324494
153.05 153 153.1 -0.000587856938
153.15 153.1 153.2 -0.0004830931171
153.25 153.2 153.3 -0.001209044447
153.35 153.3 153.4 -0.001818157685
153.45 153.4 153.5 -0.001742298174
153.55 153.5 153.6 -0.001515233244
153.65 153.6 153.7 -5.433501697e-05
153.75 153.7 153.8 -0.0001664808152
153.85 153.8 153.9 0.000364563898
153.95 153.9 154 -8.299471152e-05
154.05 154 154.1 -0.0005532145481
154.15 154.1 154.2 -0.001311014768
154.25 154.2 154.3 -0.0005677284001
154.35 154.3 154.4 -0.0006319878142
154.45 154.4 154.5 -0.0007381209087
154.55 154.5 154.6 7.694563482e-05
154.65 154.6 154.7 -0.0001692096148
154.75 154.7 154.8 0.0004354062986
154.85 154.8 154.9 -0.001848361644
154.95 154.9 155 0.0004709195827
155.05 155 155.1 -0.00158418574
155.15 155.1 155.2 0.0003309335147
155.25 155.2 155.3 -0.001373696179
155.35 155.3 155.4 0.0002630988674
155.45 155.4 155.5 -0.0009438592929
155.55 155.5 155.6 -0.0002905119719
155.65 155.6 155.7 -0.001010055014
155.75 155.7 155.8 -0.0003577535939
155.85 155.8 155.9 -0.0008662519466
155.95 155.9 156 1.187861058e-05
156.05 156 156.1 0.001579491571
156.15 156.1 156.2 -0.000589295359
156.25 156.2 156.3 0.0002981043008
156.35 156.3 156.4 0.0005532981083
156.45 156.4 156.5 0.001098846345
156.55 156.5 156.6 0.001167313147
156.65 156.6 156.7 -0.0011601955
156.75 156.7 156.8 -0.0009664630965
156.85 156.8 156.9 -0.000689792584
156.95 156.9 157 8.05612949e-05
157.05 157 157.1 -0.0006179720376
157.15 157.1 157.2 -0.0008734891277
157.25 157.2 157.3 0.0002537351461
157.35 157.3 157.4 -0.001844794839
157.45 157.4 157.5 -0.002931533359
157.55 157.5 157.6 -0.0001333062753
157.65 157.6 157.7 -0.001212758169
157.75 157.7 157.8 0.002014596008
157.85 157.8 157.9 0.0003755322954
157.95 157.9 158 -0.000616131335
158.05 158 158.1 0.0002109585459
158.15 158.1 158.2 -0.0008411305747
158.25 158.2 158.3 0.0001841644927
158.35 158.3 158.4 0.0006399892934
158.45 158.4 158.5 -0.001085967063
158.55 158.5 158.6 -0.0004247315326
158.65 158.6 158.7 -0.0009366330498
158.75 158.7 158.8 -0.0003302063883
158.85 158.8 158.9 0.0009868462418
158.95 158.9 159 -0.001201683072
159.05 159 159.1 0.0004524824561
159.15 159.1 159.2 -7.173138968e-05
159.25 159.2 159.3 0.000715416816
159.35 159.3 159.4 -0.001591522624
159.45 159.4 159.5 -0.001121703802
159.55 159.5 159.6 0.0009909390536
159.65 159.6 159.7 -0.0002573290226
159.75 159.7 159.8 -0.0008174049055
159.85 159.8 159.9 -0.003331949353
159.95 159.9 160 -0.0003576217159
160.05 160 160.1 -0.001955699287
160.15 160.1 160.2 0.0007168980311
160.25 160.2 160.3 0.0002063079243
160.35 160.3 160.4 -0.0002697451234
160.45 160.4 160.5 -0.0008726693943
160.55 160.5 160.6 -0.0004164391595
160.65 160.6 160.7 -0.000192684775
160.75 160.7 160.8 0.0002562277489
160.85 160.8 160.9 -2.73751413e-05
160.95 160.9 161 -0.0002821812982
161.05 161 161.1 -0.002009617818
161.15 161.1 161.2 -0.002801604489
161.25 161.2 161.3 0.0009493259714
161.35 161.3 161.4 -0.002062590162
161.45 161.4 161.5 -0.001137978163
161.55 161.5 161.6 -0.000688257953
161.65 161.6 161.7 0.0005718062123
161.75 161.7 161.8 -0.001296424639
161.85 161.8 161.9 -0.000995964498
161.95 161.9 162 -0.001276583568
162.05 162 162.1 -0.001294147439
162.15 162.1 162.2 -0.0002747717071
162.25 162.2 162.3 -0.001015456828
162.35 162.3 162.4 -0.001650548816
162.45 162.4 162.5 -0.001664690204
162.55 162.5 162.6 -0.001226711657
162.65 162.6 162.7 -0.0002419675992
162.75 162.7 162.8 -0.0006144458689
162.85 162.8 162.9 -0.0004884747542
162.95 162.9 163 0.0001710795444
163.05 163 163.1 -0.0002448440463
163.15 163.1 163.2 -0.00270523436
163.25 163.2 163.3 -0.000872584918
163.35 163.3 163.4 4.863975877e-05
163.45 163.4 163.5 -0.001127935453
163.55 163.5 163.6 0.0005497545655
163.65 163.6 163.7 -0.001003837691
163.75 163.7 163.8 -0.000776932201
163.85 163.8 163.9 0.000398353195
163.95 163.9 164 -0.001410429533
164.05 164 164.1 -0.001426180893
164.15 164.1 164.2 -0.001086112624
164.25 164.2 164.3 -0.00126815097
164.35 164.3 164.4 -0.0006566477256
164.45 164.4 164.5 -0.001023751148
164.55 164.5 164.6 -0.0006805421943
164.65 164.6 164.7 -0.002162540323
164.75 164.7 164.8 -0.0009576258626
164.85 164.8 164.9 -0.001052838258
164.95 164.9 165 -0.0001954535092
165.05 165 165.1 -0.001400052008
165.15 165.1 165.2 -0.0001684657754
165.25 165.2 165.3 -0.002010983918
165.35 165.3 165.4 -0.0001430659602
165.45 165.4 165.5 -0.001473462041
165.55 165.5 165.6 -0.0009862302184
165.65 165.6 165.7 -0.001168171925
165.75 165.7 165.8 0.0006820255649
165.85 165.8 165.9 -0.001314729568
165.95 165.9 166 0.0005311861705
166.05 166 166.1 0.000118921917
166.15 166.1 166.2 -0.0005351770557
166.25 166.2 166.3 -0.001033178146
166.35 166.3 166.4 0.001036328012
166.45 166.4 166.5 -0.001382204126
166.55 166.5 166.6 -0.001381669351
166.65 166.6 166.7 0.001608616364
166.75 166.7 166.8 0.0002041681756
166.85 166.8 166.9 0.001258360963
166.95 166.9 167 0.001468938483
167.05 167 167.1 0.000981340162
167.15 167.1 167.2 0.001390154818
167.25 167.2 167.3 2.111298211e-05
167.35 167.3 167.4 -0.001861790696
167.45 167.4 167.5 -0.0008696873097
167.55 167.5 167.6 -0.001295100734
167.65 167.6 167.7 -0.0001930887963
167.75 167.7 167.8 0.0006279660882
167.85 167.8 167.9 -0.001504972078
167.95 167.9 168 -0.0005273528812
168.05 168 168.1 -0.0005339663257
168.15 168.1 168.2 0.001210703317
168.25 168.2 168.3 -0.0006696952315
168.35 168.3 168.4 -0.0002446429195
168.45 168.4 168.5 -0.001328202289
168.55 168.5 168.6 -0.0001791271205
168.65 168.6 168.7 -0.001246993695
168.75 168.7 168.8 -0.001145153537
168.85 168.8 168.9 -0.002445211419
168.95 168.9 169 -0.0009943994092
169.05 169 169.1 -0.001482910721
169.15 169.1 169.2 0.0006652031057
169.25 169.2 169.3 -0.0007846744245
169.35 169.3 169.4 -0.0002758736033
169.45 169.4 169.5 0.0002575221865
169.55 169.5 169.6 0.0005521802001
169.65 169.6 169.7 0.0009188147944
169.75 169.7 169.8 0.0006058204738
169.85 169.8 169.9 0.0001168384196
169.95 169.9 170 0.0006447429081
170.05 170 170.1 -0.002150714322
170.15 170.1 170.2 -0.0008486165164
170.25 170.2 170.3 -0.0003153406059
170.35 170.3 170.4 -0.001234476385
170.45 170.4 170.5 0.0004726704783
170.55 170.5 170.6 -0.001048324752
170.65 170.6 170.7 -0.0007445312525
170.75 170.7 170.8 -0.0009265185912
170.85 170.8 170.9 0.0004081496687
170.95 170.9 171 -0.00153381036
171.05 171 171.1 -0.001555560097
171.15 171.1 171.2 -0.001820362532
171.25 171.2 171.3 -0.001194232086
171.35 171.3 171.4 -0.001237136422
171.45 171.4 171.5 -0.001143798683
171.55 171.5 171.6 -0.0001696031549
171.65 171.6 171.7 -2.821391181e-05
171.75 171.7 171.8 -0.001994061772
171.85 171.8 171.9 -0.0003847430593
171.95 171.9 172 -0.002334775253
172.05 172 172.1 -0.000305195882
172.15 172.1 172.2 0.0005023217155
172.25 172.2 172.3 -0.001132783473
172.35 172.3 172.4 -0.0007787579689
172.45 172.4 172.5 -0.002427458804
172.55 172.5 172.6 -0.0003147377139
172.65 172.6 172.7 -0.001051698548
172.75 172.7 172.8 -0.0006947700905
172.85 172.8 172.9 -0.0007934015611
172.95 172.9 173 -0.001594149384
173.05 173 173.1 -0.0005553803996
173.15 173.1 173.2 -0.001652518578
173.25 173.2 173.3 -0.00147835471
173.35 173.3 173.4 -0.001527905859
173.45 173.4 173.5 -0.002136750502
173.55 173.5 173.6 0.0004645327398
173.65 173.6 173.7 -0.0003116478819
173.75 173.7 173.8 -0.000853372833
173.85 173.8 173.9 -0.001671276108
173.95 173.9 174 -0.002656281609
174.05 174 174.1 -0.0003011474364
174.15 174.1 174.2 -0.002568668741
174.25 174.2 174.3 -0.001699987271
174.35 174.3 174.4 -0.001926861309
174.45 174.4 174.5 -0.00125095212
174.55 174.5 174.6 -0.001213759055
174.65 174.6 174.7 -0.001959407096
174.75 174.7 174.8 -0.002413319444
174.85 174.8 174.9 -0.001165277114
174.95 174.9 175 -0.0003417747577
175.05 175 175.1 -0.00101755534
175.15 175.1 175.2 -0.001717580632
175.25 175.2 175.3 -0.001307694935
175.35 175.3 175.4 -0.002378189972
175.45 175.4 175.5 -0.00173580467
175.55 175.5 175.6 -0.001048159892
175.65 175.6 175.7 -6.986821327e-05
175.75 175.7 175.8 -0.001128451342
175.85 175.8 175.9 -0.002705036539
175.95 175.9 176 -0.0009487630247
176.05 176 176.1 -0.0003555426338
176.15 176.1 176.2 -0.0005931477332
176.25 176.2 176.3 -0.000887488069
176.35 176.3 176.4 -0.001255646525
176.45 176.4 176.5 -0.002870445801
176.55 176.5 176.6 -0.0006980843599
176.65 176.6 176.7 -0.003422454381
176.75 176.7 176.8 -0.001385885119
176.85 176.8 176.9 -0.0004266577647
176.95 176.9 177 -0.001151016203
177.05 177 177.1 0.0003086523106
177.15 177.1 177.2 -0.001885763553
177.25 177.2 177.3 -0.0006621014496
177.35 177.3 177.4 -0.001087692871
177.45 177.4 177.5 -0.001734967645
177.55 177.5 177.6 -0.0004652181673
177.65 177.6 177.7 -0.000294688627
177.75 177.7 177.8 -0.002179077589
177.85 177.8 177.9 -0.0006212446654
177.95 177.9 178 -0.001584792126
178.05 178 178.1 -0.0003467442422
178.15 178.1 178.2 -0.002018786222
178.25 178.2 178.3 -0.0003852519049
178.35 178.3 178.4 -0.001578025261
178.45 178.4 178.5 -0.0002131660917
178.55 178.5 178.6 -0.001162061257
178.65 178.6 178.7 -0.002152991902
178.75 178.7 178.8 0.0003163431575
178.85 178.8 178.9 -0.001216321926
178.95 178.9 179 -0.00170983133
179.05 179 179.1 -0.002311679345
179.15 179.1 179.2 -0.0004140193035
179.25 179.2 179.3 -0.001279474955
179.35 179.3 179.4 -0.001827264979
179.45 179.4 179.5 0.001635933293
179.55 179.5 179.6 0.0002674465566
179.65 179.6 179.7 -0.001049911331
179.75 179.7 179.8 -0.000542898362
179.85 179.8 179.9 -0.0001887858794
179.95 179.9 180 0.0003687146226
180.05 180 180.1 -0.002084072136
180.15 180.1 180.2 -0.0005546166396
180.25 180.2 180.3 -0.0008001797612
180.35 180.3 180.4 -0.0008954292067
180.45 180.4 180.5 -0.00134025011
180.55 180.5 180.6 -0.001111191383
180.65 180.6 180.7 -0.0007039293976
180.75 180.7 180.8 0.0002349814573
180.85 180.8 180.9 -0.0019662371
180.95 180.9 181 -0.0006474974981
181.05 181 181.1 -8.215398964e-05
181.15 181.1 181.2 -0.0009433131036
181.25 181.2 181.3 6.508392349e-05
181.35 181.3 181.4 -0.0009286714639
181.45 181.4 181.5 -0.0005633979632
181.55 181.5 181.6 -0.0008381601911
181.65 181.6 181.7 -0.001118041911
181.75 181.7 181.8 -0.001538667738
181.85 181.8 181.9 -0.0009591036266
181.95 181.9 182 -0.001647526435
182.05 182 182.1 -0.0008374719348
182.15 182.1 182.2 -0.001146469392
182.25 182.2 182.3 -0.001833699458
182.35 182.3 182.4 -0.00271370549
182.45 182.4 182.5 -0.0005212506437
182.55 182.5 182.6 0.0003337230855
182.65 182.6 182.7 -0.0007155683776
182.75 182.7 182.8 -0.001154297354
182.85 182.8 182.9 0.0007251064664
182.95 182.9 183 -0.0005945634805
183.05 183 183.1 -0.0003258143709
183.15 183.1 183.2 -0.002380931289
183.25 183.2 183.3 -0.000386669642
183.35 183.3 183.4 -0.002373977994
183.45 183.4 183.5 -0.0005828797127
183.55 183.5 183.6 -0.002402971477
183.65 183.6 183.7 -0.001160253489
183.75 183.7 183.8 -0.001236111489
183.85 183.8 183.9 -0.003807126378
183.95 183.9 184 -0.001327793052
184.05 184 184.1 -0.0009112435048
184.15 184.1 184.2 -0.00116131086
184.25 184.2 184.3 -0.0007591587758
184.35 184.3 184.4 -0.002420311535
184.45 184.4 184.5 -0.001196732993
184.55 184.5 184.6 -0.0004812453022
184.65 184.6 184.7 -0.0005427951844
184.75 184.7 184.8 -0.001198392954
184.85 184.8 184.9 -0.001412539698
184.95 184.9 185 -0.001818421079
185.05 185 185.1 -0.0008063521592
185.15 185.1 185.2 -0.001774608958
185.25 185.2 185.3 -0.001274691114
185.35 185.3 185.4 -0.001841933418
185.45 185.4 185.5 -0.0007529972735
185.55 185.5 185.6 -0.000880175459
185.65 185.6 185.7 -0.00108685466
185.75 185.7 185.8 0.001211432511
185.85 185.8 185.9 -0.0002501236725
185.95 185.9 186 -0.0007891087891
186.05 186 186.1 -0.001475442056
186.15 186.1 186.2 -8.773772628e-05
186.25 186.2 186.3 0.001024751848
186.35 186.3 186.4 -0.002026441773
186.45 186.4 186.5 0.000545040037
186.55 186.5 186.6 0.0001366280041
186.65 186.6 186.7 -0.0004830726795
186.75 186.7 186.8 -0.002037358495
186.85 186.8 186.9 -0.000744704447
186.95 186.9 187 -0.001922329494
187.05 187 187.1 -0.0007328099062
187.15 187.1 187.2 -0.001807052396
187.25 187.2 187.3 -0.0006584634465
187.35 187.3 187.4 -0.001552141825
187.45 187.4 187.5 -0.0009941210081
187.55 187.5 187.6 -0.0005546768338
187.65 187.6 187.7 -0.0001411607363
187.75 187.7 187.8 -0.001588809337
187.85 187.8 187.9 -0.0007405868638
187.95 187.9 188 0.0010146573
188.05 188 188.1 -0.0009088148044
188.15 188.1 188.2 0.001325177164
188.25 188.2 188.3 0.0002924477409
188.35 188.3 188.4 -0.0007331263221
188.45 188.4 188.5 -0.0006125917005
188.55 188.5 188.6 -0.0008889754829
188.65 188.6 188.7 -0.000830107442
188.75 188.7 188.8 -0.0009566276164
188.85 188.8 188.9 0.001048763823
188.95 188.9 189 -0.001560726977
189.05 189 189.1 -0.0002145030305
189.15 189.1 189.2 -0.002416119538
189.25 189.2 189.3 -0.001150105582
189.35 189.3 189.4 -0.001389238045
189.45 189.4 189.5 -0.001790565062
189.55 189.5 189.6 -0.0007897956337
189.65 189.6 189.7 -0.00198742003
189.75 189.7 189.8 -0.001814235634
189.85 189.8 189.9 -0.0007466984497
189.95 189.9 190 -0.0003846528564
190.05 190 190.1 -0.000598544612
190.15 190.1 190.2 -0.0008917077415
190.25 190.2 190.3 -2.170800919e-05
190.35 190.3 190.4 -0.000602772727
190.45 190.4 190.5 0.0004854687247
190.55 190.5 190.6 -0.001012182124
190.65 190.6 190.7 0.0001115248863
190.75 190.7 190.8 -0.001238954868
190.85 190.8 190.9 0.0002829373757
190.95 190.9 191 8.776355891e-05
191.05 191 191.1 -0.0003988440006
191.15 191.1 191.2 -0.001763371894
191.25 191.2 191.3 -0.001134623862
191.35 191.3 191.4 6.942448278e-05
191.45 191.4 191.5 -9.109250111e-05
191.55 191.5 191.6 -0.00165418265
191.65 191.6 191.7 -0.0005012427301
191.75 191.7 191.8 -0.001268728739
191.85 191.8 191.9 -0.0007695977577
191.95 191.9 192 -1.505402845e-05
192.05 192 192.1 -2.196928662e-05
192.15 192.1 192.2 -0.0006333196606
192.25 192.2 192.3 0.0002619462494
192.35 192.3 192.4 -0.0003625433519
192.45 192.4 192.5 0.0002574598026
192.55 192.5 192.6 -0.0009001901803
192.65 192.6 192.7 0.0001820660124
192.75 192.7 192.8 -0.0005264886727
192.85 192.8 192.9 -0.000743359176
192.95 192.9 193 0.0001769709913
193.05 193 193.1 -0.001242823553
193.15 193.1 193.2 -0.0001464801398
193.25 193.2 193.3 2.170027245e-05
193.35 193.3 193.4 0.001088590157
193.45 193.4 193.5 0.0006109084399
193.55 193.5 193.6 0.000789861813
193.65 193.6 193.7 -0.0008350964301
193.75 193.7 193.8 -0.0005092762222
193.85 193.8 193.9 -0.001083377694
193.95 193.9 194 0.0004221165956
194.05 194 194.1 -0.0002427171775
194.15 194.1 194.2 -0.00118824772
194.25 194.2 194.3 -0.0004192139653
194.35 194.3 194.4 -0.0007239393511
194.45 194.4 194.5 -0.0007039038265
194.55 194.5 194.6 -0.0004234568224
194.65 194.6 194.7 0.0006346962599
194.75 194.7 194.8 -0.001076259957
194.85 194.8 194.9 -0.0001990846565
194.95 194.9 195 0.0008456253252
195.05 195 195.1 -0.000488607386
195.15 195.1 195.2 -0.0002919441924
195.25 195.2 195.3 -0.000934418631
195.35 195.3 195.4 -0.0008819606178
195.45 195.4 195.5 0.001749937545
195.55 195.5 195.6 -0.0007363230563
195.65 195.6 195.7 0.00114466313
195.75 195.7 195.8 0.0007857725139
195.85 195.8 195.9 -0.000240275255
195.95 195.9 196 0.001349403917
196.05 196 196.1 -0.001527734146
196.15 196.1 196.2 -0.001075499847
196.25 196.2 196.3 0.0003124460182
196.35 196.3 196.4 -3.736845807e-05
196.45 196.4 196.5 0.0003911140285
196.55 196.5 196.6 -0.0008740781518
196.65 196.6 196.7 0.0008574380664
196.75 196.7 196.8 -0.0008025501824
196.85 196.8 196.9 -3.843235899e-05
196.95 196.9 197 0.0003268785722
197.05 197 197.1 0.001104642431
197.15 197.1 197.2 0.0003278207059
197.25 197.2 197.3 -0.0005759720384
197.35 197.3 197.4 0.0001894818266
197.45 197.4 197.5 -0.0005816174806
197.55 197.5 197.6 0.0001307476289
197.65 197.6 197.7 -0.001130938109
197.75 197.7 197.8 -0.001373188343
197.85 197.8 197.9 -0.0001693578847
197.95 197.9 198 -0.0001542069509
198.05 198 198.1 -0.0005399025329
198.15 198.1 198.2 -0.0008174444238
198.25 198.2 198.3 0.0001687381488
198.35 198.3 198.4 -0.001442650676
198.45 198.4 198.5 0.0001874686921
198.55 198.5 198.6 -0.0006847565096
198.65 198.6 198.7 -0.0006610532929
198.75 198.7 198.8 -0.0008172483807
198.85 198.8 198.9 -0.0002985913256
198.95 198.9 199 -0.0007919827124
199.05 199 199.1 -0.0008356016661
199.15 199.1 199.2 0.0001543522011
199.25 199.2 199.3 0.0003416360556
199.35 199.3 199.4 0.0008825004316
199.45 199.4 199.5 0.0001739708141
199.55 199.5 199.6 0.0009495077023
199.65 199.6 199.7 -0.0003588550648
199.75 199.7 199.8 0.0004695746886
199.85 199.8 199.9 0.0007537894096
199.95 199.9 200 -0.001523922395
