# Columns: s_cen(1) s_min(2) s_max(3) xi_iso(4)
0.05 0 0.1 22.25729509
0.15 0.1 0.2 12.90975477
0.25 0.2 0.3 18.86306175
0.35 0.3 0.4 20.33676412
0.45 0.4 0.5 19.54110518
0.55 0.5 0.6 20.43979116
0.65 0.6 0.7 22.81450474
0.75 0.7 0.8 22.2866961
0.85 0.8 0.9 19.72793322
0.95 0.9 1 21.37921261
1.05 1 1.1 20.82267902
1.15 1.1 1.2 19.29542992
1.25 1.2 1.3 17.83945229
1.35 1.3 1.4 17.63089903
1.45 1.4 1.5 16.83135402
1.55 1.5 1.6 16.10059362
1.65 1.6 1.7 15.10247939
1.75 1.7 1.8 14.50283954
1.85 1.8 1.9 12.85365392
1.95 1.9 2 11.89864186
2.05 2 2.1 11.308547
2.15 2.1 2.2 11.01670312
2.25 2.2 2.3 10.10864293
2.35 2.3 2.4 10.20849801
2.45 2.4 2.5 9.140610988
2.55 2.5 2.6 8.491863172
2.65 2.6 2.7 7.809305551
2.75 2.7 2.8 7.576983196
2.85 2.8 2.9 7.140092022
2.95 2.9 3 6.723576912
3.05 3 3.1 6.426145838
3.15 3.1 3.2 6.185268604
3.25 3.2 3.3 6.264322154
3.35 3.3 3.4 5.731348804
3.45 3.4 3.5 5.703502103
3.55 3.5 3.6 5.453998868
3.65 3.6 3.7 5.286359838
3.75 3.7 3.8 4.897973035
3.85 3.8 3.9 4.674787252
3.95 3.9 4 4.81797607
4.05 4 4.1 4.490335125
4.15 4.1 4.2 4.426139787
4.25 4.2 4.3 4.228755377
4.35 4.3 4.4 4.130193307
4.45 4.4 4.5 3.934776166
4.55 4.5 4.6 3.902868898
4.65 4.6 4.7 3.620329128
4.75 4.7 4.8 3.623648254
4.85 4.8 4.9 3.515776191
4.95 4.9 5 3.3720038
5.05 5 5.1 3.247438879
5.15 5.1 5.2 3.105618623
5.25 5.2 5.3 3.148842647
5.35 5.3 5.4 2.885159996
5.45 5.4 5.5 3.018150245
5.55 5.5 5.6 2.848128406
5.65 5.6 5.7 2.742815342
5.75 5.7 5.8 2.788315641
5.85 5.8 5.9 2.678247174
5.95 5.9 6 2.547685595
6.05 6 6.1 2.514741219
6.15 6.1 6.2 2.483403453
6.25 6.2 6.3 2.409629668
6.35 6.3 6.4 2.309459592
6.45 6.4 6.5 2.355680069
6.55 6.5 6.6 2.26398148
6.65 6.6 6.7 2.10927835
6.75 6.7 6.8 2.025403855
6.85 6.8 6.9 2.096919362
6.95 6.9 7 2.021423017
7.05 7 7.1 2.011205807
7.15 7.1 7.2 2.062607383
7.25 7.2 7.3 1.823227917
7.35 7.3 7.4 1.859587275
7.45 7.4 7.5 1.812619943
7.55 7.5 7.6 1.763020181
7.65 7.6 7.7 1.719260903
7.75 7.7 7.8 1.733348874
7.85 7.8 7.9 1.646307234
7.95 7.9 8 1.574941971
8.05 8 8.1 1.605231979
8.15 8.1 8.2 1.504420785
8.25 8.2 8.3 1.558120827
8.35 8.3 8.4 1.43508501
8.45 8.4 8.5 1.463270199
8.55 8.5 8.6 1.514102173
8.65 8.6 8.7 1.401768659
8.75 8.7 8.8 1.36891439
8.85 8.8 8.9 1.379927204
8.95 8.9 9 1.333973663
9.05 9 9.1 1.247707246
9.15 9.1 9.2 1.318702539
9.25 9.2 9.3 1.262215882
9.35 9.3 9.4 1.267699705
9.45 9.4 9.5 1.211837657
9.55 9.5 9.6 1.195697606
9.65 9.6 9.7 1.175354377
9.75 9.7 9.8 1.139290288
9.85 9.8 9.9 1.087063716
9.95 9.9 10 1.122718126
10.05 10 10.1 1.112238429
10.15 10.1 10.2 1.110458328
10.25 10.2 10.3 1.008675808
10.35 10.3 10.4 1.053914759
10.45 10.4 10.5 0.9730775795
10.55 10.5 10.6 1.006009807
10.65 10.6 10.7 0.9402547511
10.75 10.7 10.8 0.9425983751
10.85 10.8 10.9 0.9195005896
10.95 10.9 11 0.9786442783
11.05 11 11.1 0.925843812
11.15 11.1 11.2 0.8918832394
11.25 11.2 11.3 0.8558523403
11.35 11.3 11.4 0.8639457975
11.45 11.4 11.5 0.8532261722
11.55 11.5 11.6 0.8450889984
11.65 11.6 11.7 0.8439694318
11.75 11.7 11.8 0.824102196
11.85 11.8 11.9 0.7932885449
11.95 11.9 12 0.8247829591
12.05 12 12.1 0.7982090029
12.15 12.1 12.2 0.7589188662
12.25 12.2 12.3 0.7645307494
12.35 12.3 12.4 0.7511767696
12.45 12.4 12.5 0.7281063073
12.55 12.5 12.6 0.7174232644
12.65 12.6 12.7 0.6758159166
12.75 12.7 12.8 0.6939259687
12.85 12.8 12.9 0.6931599325
12.95 12.9 13 0.6422942742
13.05 13 13.1 0.6447661553
13.15 13.1 13.2 0.6499819118
13.25 13.2 13.3 0.6802560884
13.35 13.3 13.4 0.6575461547
13.45 13.4 13.5 0.6380157135
13.55 13.5 13.6 0.6189181562
13.65 13.6 13.7 0.6102252385
13.75 13.7 13.8 0.581354368
13.85 13.8 13.9 0.5827945411
13.95 13.9 14 0.5801119022
14.05 14 14.1 0.5900550889
14.15 14.1 14.2 0.5510505032
14.25 14.2 14.3 0.5317719889
14.35 14.3 14.4 0.5338965729
14.45 14.4 14.5 0.5123415153
14.55 14.5 14.6 0.5505950112
14.65 14.6 14.7 0.5078204716
14.75 14.7 14.8 0.5159942836
14.85 14.8 14.9 0.5242582313
14.95 14.9 15 0.5057234795
15.05 15 15.1 0.4932105299
15.15 15.1 15.2 0.4967059498
15.25 15.2 15.3 0.4683508272
15.35 15.3 15.4 0.4805663977
15.45 15.4 15.5 0.4832753172
15.55 15.5 15.6 0.4783083794
15.65 15.6 15.7 0.4844276777
15.75 15.7 15.8 0.4591878483
15.85 15.8 15.9 0.4527025397
15.95 15.9 16 0.4652773249
16.05 16 16.1 0.4489962545
16.15 16.1 16.2 0.4359752416
16.25 16.2 16.3 0.4373383786
16.35 16.3 16.4 0.4324235175
16.45 16.4 16.5 0.3982899715
16.55 16.5 16.6 0.4389825531
16.65 16.6 16.7 0.4088170896
16.75 16.7 16.8 0.4060882578
16.85 16.8 16.9 0.4069938611
16.95 16.9 17 0.3960198591
17.05 17 17.1 0.4056380166
17.15 17.1 17.2 0.382970748
17.25 17.2 17.3 0.3734816948
17.35 17.3 17.4 0.3655052148
17.45 17.4 17.5 0.3784024174
17.55 17.5 17.6 0.3810316196
17.65 17.6 17.7 0.3776919204
17.75 17.7 17.8 0.3615669136
17.85 17.8 17.9 0.3532828675
17.95 17.9 18 0.3675194286
18.05 18 18.1 0.3431230216
18.15 18.1 18.2 0.3444207424
18.25 18.2 18.3 0.3469027564
18.35 18.3 18.4 0.3473784363
18.45 18.4 18.5 0.3434484716
18.55 18.5 18.6 0.3417883484
18.65 18.6 18.7 0.3336012222
18.75 18.7 18.8 0.3210662408
18.85 18.8 18.9 0.3307601259
18.95 18.9 19 0.3130701391
19.05 19 19.1 0.3228023644
19.15 19.1 19.2 0.3200970588
19.25 19.2 19.3 0.309383798
19.35 19.3 19.4 0.3033051712
19.45 19.4 19.5 0.3061318978
19.55 19.5 19.6 0.2691740346
19.65 19.6 19.7 0.3033392293
19.75 19.7 19.8 0.2869473044
19.85 19.8 19.9 0.2935539558
19.95 19.9 20 0.2735654821
20.05 20 20.1 0.2876900644
20.15 20.1 20.2 0.2910361703
20.25 20.2 20.3 0.2843076435
20.35 20.3 20.4 0.2554843025
20.45 20.4 20.5 0.2568204518
20.55 20.5 20.6 0.2723843471
20.65 20.6 20.7 0.2632137148
20.75 20.7 20.8 0.2659067196
20.85 20.8 20.9 0.2591460892
20.95 20.9 21 0.2648555639
21.05 21 21.1 0.2483578116
21.15 21.1 21.2 0.2266626709
21.25 21.2 21.3 0.2249993858
21.35 21.3 21.4 0.2488127292
21.45 21.4 21.5 0.2559243971
21.55 21.5 21.6 0.2402425319
21.65 21.6 21.7 0.2525062149
21.75 21.7 21.8 0.2176094547
21.85 21.8 21.9 0.2301222863
21.95 21.9 22 0.2098249346
22.05 22 22.1 0.2549072691
22.15 22.1 22.2 0.244847383
22.25 22.2 22.3 0.2155158813
22.35 22.3 22.4 0.2050270885
22.45 22.4 22.5 0.2250926718
22.55 22.5 22.6 0.2080971582
22.65 22.6 22.7 0.2252648271
22.75 22.7 22.8 0.2220375354
22.85 22.8 22.9 0.1991319846
22.95 22.9 23 0.2164421568
23.05 23 23.1 0.2266829309
23.15 23.1 23.2 0.2051519919
23.25 23.2 23.3 0.2048364243
23.35 23.3 23.4 0.2052478933
23.45 23.4 23.5 0.1927961605
23.55 23.5 23.6 0.2097255301
23.65 23.6 23.7 0.1953922093
23.75 23.7 23.8 0.1689964898
23.85 23.8 23.9 0.1897610705
23.95 23.9 24 0.1902151675
24.05 24 24.1 0.188009374
24.15 24.1 24.2 0.1886066343
24.25 24.2 24.3 0.1897072637
24.35 24.3 24.4 0.1859805045
24.45 24.4 24.5 0.1822884955
24.55 24.5 24.6 0.1822379116
24.65 24.6 24.7 0.1757156617
24.75 24.7 24.8 0.1784222275
24.85 24.8 24.9 0.200234997
24.95 24.9 25 0.1588937726
25.05 25 25.1 0.1688817657
25.15 25.1 25.2 0.173591414
25.25 25.2 25.3 0.166469687
25.35 25.3 25.4 0.1834024723
25.45 25.4 25.5 0.1775830769
25.55 25.5 25.6 0.1771519311
25.65 25.6 25.7 0.1627132671
25.75 25.7 25.8 0.1559679863
25.85 25.8 25.9 0.1752454508
25.95 25.9 26 0.176072991
26.05 26 26.1 0.1577441927
26.15 26.1 26.2 0.1629514289
26.25 26.2 26.3 0.1608673184
26.35 26.3 26.4 0.147950029
26.45 26.4 26.5 0.144926693
26.55 26.5 26.6 0.1549635862
26.65 26.6 26.7 0.1506492976
26.75 26.7 26.8 0.1579297963
26.85 26.8 26.9 0.1492403403
26.95 26.9 27 0.1448255054
27.05 27 27.1 0.1523886141
27.15 27.1 27.2 0.1282924305
27.25 27.2 27.3 0.1441170872
27.35 27.3 27.4 0.1212444252
27.45 27.4 27.5 0.1483637532
27.55 27.5 27.6 0.1349868454
27.65 27.6 27.7 0.1468116666
27.75 27.7 27.8 0.1430624919
27.85 27.8 27.9 0.128924633
27.95 27.9 28 0.130527321
28.05 28 28.1 0.1220196171
28.15 28.1 28.2 0.1454897872
28.25 28.2 28.3 0.1354321953
28.35 28.3 28.4 0.1372043268
28.45 28.4 28.5 0.1307902163
28.55 28.5 28.6 0.1466444669
28.65 28.6 28.7 0.1356095929
28.75 28.7 28.8 0.1233275379
28.85 28.8 28.9 0.1408113089
28.95 28.9 29 0.1199619193
29.05 29 29.1 0.1412578063
29.15 29.1 29.2 0.1127926786
29.25 29.2 29.3 0.1221326644
29.35 29.3 29.4 0.1186815058
29.45 29.4 29.5 0.1211108256
29.55 29.5 29.6 0.1137236807
29.65 29.6 29.7 0.1184842726
29.75 29.7 29.8 0.1153186788
29.85 29.8 29.9 0.1166176796
29.95 29.9 30 0.1141879402
30.05 30 30.1 0.1242848436
30.15 30.1 30.2 0.1237558111
30.25 30.2 30.3 0.1101041265
30.35 30.3 30.4 0.1133471909
30.45 30.4 30.5 0.112138198
30.55 30.5 30.6 0.1155241074
30.65 30.6 30.7 0.1114900832
30.75 30.7 30.8 0.1135200977
30.85 30.8 30.9 0.1101232863
30.95 30.9 31 0.1071672903
31.05 31 31.1 0.1025107573
31.15 31.1 31.2 0.1089320409
31.25 31.2 31.3 0.1004066733
31.35 31.3 31.4 0.09401662606
31.45 31.4 31.5 0.1022566801
31.55 31.5 31.6 0.08809806224
31.65 31.6 31.7 0.1078134024
31.75 31.7 31.8 0.09463312733
31.85 31.8 31.9 0.09506417469
31.95 31.9 32 0.09601312861
32.05 32 32.1 0.1058565667
32.15 32.1 32.2 0.1072773333
32.25 32.2 32.3 0.09483536363
32.35 32.3 32.4 0.09749923738
32.45 32.4 32.5 0.09591828736
32.55 32.5 32.6 0.09726744799
32.65 32.6 32.7 0.09537687118
32.75 32.7 32.8 0.08986338011
32.85 32.8 32.9 0.1086224456
32.95 32.9 33 0.09005161413
33.05 33 33.1 0.09600772655
33.15 33.1 33.2 0.08192590376
33.25 33.2 33.3 0.08422239604
33.35 33.3 33.4 0.09178099974
33.45 33.4 33.5 0.09161923483
33.55 33.5 33.6 0.08504210212
33.65 33.6 33.7 0.08911927473
33.75 33.7 33.8 0.09594614696
33.85 33.8 33.9 0.08993342983
33.95 33.9 34 0.09273432555
34.05 34 34.1 0.0882859974
34.15 34.1 34.2 0.09262600047
34.25 34.2 34.3 0.09081964534
34.35 34.3 34.4 0.09326705942
34.45 34.4 34.5 0.07824695591
34.55 34.5 34.6 0.07900500031
34.65 34.6 34.7 0.07961712663
34.75 34.7 34.8 0.0791646319
34.85 34.8 34.9 0.07706534905
34.95 34.9 35 0.07805635885
35.05 35 35.1 0.07795543178
35.15 35.1 35.2 0.08518922989
35.25 35.2 35.3 0.08189008727
35.35 35.3 35.4 0.08135491408
35.45 35.4 35.5 0.07535910931
35.55 35.5 35.6 0.07825695766
35.65 35.6 35.7 0.08002326755
35.75 35.7 35.8 0.06278705115
35.85 35.8 35.9 0.06414938761
35.95 35.9 36 0.07032563935
36.05 36 36.1 0.06901822751
36.15 36.1 36.2 0.06539224765
36.25 36.2 36.3 0.0854482812
36.35 36.3 36.4 0.0708834667
36.45 36.4 36.5 0.068678426
36.55 36.5 36.6 0.07295125085
36.65 36.6 36.7 0.07067857883
36.75 36.7 36.8 0.07741005126
36.85 36.8 36.9 0.06735156026
36.95 36.9 37 0.07663144934
37.05 37 37.1 0.06401861959
37.15 37.1 37.2 0.07154025916
37.25 37.2 37.3 0.07019155693
37.35 37.3 37.4 0.06312355136
37.45 37.4 37.5 0.06924300784
37.55 37.5 37.6 0.05747089149
37.65 37.6 37.7 0.05922366129
37.75 37.7 37.8 0.06096085841
37.85 37.8 37.9 0.06512931448
37.95 37.9 38 0.06730362932
38.05 38 38.1 0.06163662764
38.15 38.1 38.2 0.07189889192
38.25 38.2 38.3 0.05913830011
38.35 38.3 38.4 0.05991919751
38.45 38.4 38.5 0.06185903273
38.55 38.5 38.6 0.07075585564
38.65 38.6 38.7 0.05749075865
38.75 38.7 38.8 0.06756239523
38.85 38.8 38.9 0.05353449786
38.95 38.9 39 0.06481819239
39.05 39 39.1 0.06002720981
39.15 39.1 39.2 0.05987636394
39.25 39.2 39.3 0.05542720024
39.35 39.3 39.4 0.06436034234
39.45 39.4 39.5 0.05683399162
39.55 39.5 39.6 0.05590161072
39.65 39.6 39.7 0.06068854113
39.75 39.7 39.8 0.05135298375
39.85 39.8 39.9 0.06265480802
39.95 39.9 40 0.05029313724
40.05 40 40.1 0.05873821123
40.15 40.1 40.2 0.05217660167
40.25 40.2 40.3 0.05596272461
40.35 40.3 40.4 0.05963925311
40.45 40.4 40.5 0.05744948742
40.55 40.5 40.6 0.05537644018
40.65 40.6 40.7 0.05502880445
40.75 40.7 40.8 0.05002128063
40.85 40.8 40.9 0.05117474047
40.95 40.9 41 0.04737424698
41.05 41 41.1 0.05477055197
41.15 41.1 41.2 0.06126038915
41.25 41.2 41.3 0.0501760458
41.35 41.3 41.4 0.04989539843
41.45 41.4 41.5 0.0605753996
41.55 41.5 41.6 0.04959853197
41.65 41.6 41.7 0.04945154129
41.75 41.7 41.8 0.05298255653
41.85 41.8 41.9 0.05190237989
41.95 41.9 42 0.04395313862
42.05 42 42.1 0.05561845299
42.15 42.1 42.2 0.04480555715
42.25 42.2 42.3 0.05416292049
42.35 42.3 42.4 0.05391709011
42.45 42.4 42.5 0.04450297833
42.55 42.5 42.6 0.03933757831
42.65 42.6 42.7 0.04767539723
42.75 42.7 42.8 0.04455330147
42.85 42.8 42.9 0.05289625729
42.95 42.9 43 0.0439863307
43.05 43 43.1 0.03915409576
43.15 43.1 43.2 0.04150706811
43.25 43.2 43.3 0.04282377141
43.35 43.3 43.4 0.04696329954
43.45 43.4 43.5 0.05020497925
43.55 43.5 43.6 0.04331690647
43.65 43.6 43.7 0.04559268561
43.75 43.7 43.8 0.04031643282
43.85 43.8 43.9 0.04330756434
43.95 43.9 44 0.04443868905
44.05 44 44.1 0.03601140829
44.15 44.1 44.2 0.03858046316
44.25 44.2 44.3 0.03190275618
44.35 44.3 44.4 0.04266388247
44.45 44.4 44.5 0.03621051636
44.55 44.5 44.6 0.04121960676
44.65 44.6 44.7 0.03217491388
44.75 44.7 44.8 0.04266032098
44.85 44.8 44.9 0.03684224156
44.95 44.9 45 0.04001307136
45.05 45 45.1 0.03925553145
45.15 45.1 45.2 0.03505524232
45.25 45.2 45.3 0.04735994693
45.35 45.3 45.4 0.04300244768
45.45 45.4 45.5 0.03721050247
45.55 45.5 45.6 0.02988866786
45.65 45.6 45.7 0.03296248921
45.75 45.7 45.8 0.04141711108
45.85 45.8 45.9 0.03991868869
45.95 45.9 46 0.04383189149
46.05 46 46.1 0.03847726189
46.15 46.1 46.2 0.03691287556
46.25 46.2 46.3 0.04209586754
46.35 46.3 46.4 0.04115024423
46.45 46.4 46.5 0.02991127413
46.55 46.5 46.6 0.0358006128
46.65 46.6 46.7 0.03706772432
46.75 46.7 46.8 0.0317961905
46.85 46.8 46.9 0.0313024949
46.95 46.9 47 0.03751156321
47.05 47 47.1 0.03514954771
47.15 47.1 47.2 0.03393970451
47.25 47.2 47.3 0.03437823061
47.35 47.3 47.4 0.03925072052
47.45 47.4 47.5 0.0342322205
47.55 47.5 47.6 0.02994197816
47.65 47.6 47.7 0.02984706011
47.75 47.7 47.8 0.03383678194
47.85 47.8 47.9 0.02802489676
47.95 47.9 48 0.02994535107
48.05 48 48.1 0.02688905362
48.15 48.1 48.2 0.0351349314
48.25 48.2 48.3 0.0343222504
48.35 48.3 48.4 0.029740601
48.45 48.4 48.5 0.03107830813
48.55 48.5 48.6 0.02558182961
48.65 48.6 48.7 0.0314256228
48.75 48.7 48.8 0.02592441834
48.85 48.8 48.9 0.02597358148
48.95 48.9 49 0.02897507692
49.05 49 49.1 0.02576695964
49.15 49.1 49.2 0.02556902377
49.25 49.2 49.3 0.03126527808
49.35 49.3 49.4 0.03507774644
49.45 49.4 49.5 0.03336790878
49.55 49.5 49.6 0.03229940679
49.65 49.6 49.7 0.03144776574
49.75 49.7 49.8 0.02775842432
49.85 49.8 49.9 0.03430179606
49.95 49.9 50 0.02031357885
50.05 50 50.1 0.02947372909
50.15 50.1 50.2 0.02863929663
50.25 50.2 50.3 0.02903787859
50.35 50.3 50.4 0.02611965762
50.45 50.4 50.5 0.02531738669
50.55 50.5 50.6 0.02653534378
50.65 50.6 50.7 0.03408900566
50.75 50.7 50.8 0.02804000457
50.85 50.8 50.9 0.03200627806
50.95 50.9 51 0.02514195591
51.05 51 51.1 0.02867087667
51.15 51.1 51.2 0.0199542542
51.25 51.2 51.3 0.0299022483
51.35 51.3 51.4 0.02647504815
51.45 51.4 51.5 0.02772679715
51.55 51.5 51.6 0.02450265134
51.65 51.6 51.7 0.024971205
51.75 51.7 51.8 0.02832697055
51.85 51.8 51.9 0.02491501212
51.95 51.9 52 0.02679690788
52.05 52 52.1 0.02896177399
52.15 52.1 52.2 0.02622304364
52.25 52.2 52.3 0.02560794722
52.35 52.3 52.4 0.02614852552
52.45 52.4 52.5 0.02544862051
52.55 52.5 52.6 0.02060003521
52.65 52.6 52.7 0.02421892597
52.75 52.7 52.8 0.02551516054
52.85 52.8 52.9 0.02578967081
52.95 52.9 53 0.0269846679
53.05 53 53.1 0.03209769828
53.15 53.1 53.2 0.02044684537
53.25 53.2 53.3 0.03200625361
53.35 53.3 53.4 0.02493771129
53.45 53.4 53.5 0.02670819625
53.55 53.5 53.6 0.02499421615
53.65 53.6 53.7 0.03051290965
53.75 53.7 53.8 0.02427489792
53.85 53.8 53.9 0.02309301634
53.95 53.9 54 0.02371279086
54.05 54 54.1 0.02448796783
54.15 54.1 54.2 0.02452107691
54.25 54.2 54.3 0.01906171511
54.35 54.3 54.4 0.01507752059
54.45 54.4 54.5 0.01644104261
54.55 54.5 54.6 0.02310220831
54.65 54.6 54.7 0.02682597105
54.75 54.7 54.8 0.02116446307
54.85 54.8 54.9 0.0232196508
54.95 54.9 55 0.01911719588
55.05 55 55.1 0.02138710665
55.15 55.1 55.2 0.01623552602
55.25 55.2 55.3 0.0235593582
55.35 55.3 55.4 0.02281345445
55.45 55.4 55.5 0.02140551396
55.55 55.5 55.6 0.01797809082
55.65 55.6 55.7 0.01676194447
55.75 55.7 55.8 0.01873925564
55.85 55.8 55.9 0.02318167197
55.95 55.9 56 0.02239423746
56.05 56 56.1 0.01862128994
56.15 56.1 56.2 0.01963318416
56.25 56.2 56.3 0.01742194029
56.35 56.3 56.4 0.01798906812
56.45 56.4 56.5 0.02066530458
56.55 56.5 56.6 0.02386491189
56.65 56.6 56.7 0.01719436575
56.75 56.7 56.8 0.01340531944
56.85 56.8 56.9 0.01751090924
56.95 56.9 57 0.01706759321
57.05 57 57.1 0.01912889473
57.15 57.1 57.2 0.0247962504
57.25 57.2 57.3 0.02257023307
57.35 57.3 57.4 0.02433601229
57.45 57.4 57.5 0.02267029636
57.55 57.5 57.6 0.01612845939
57.65 57.6 57.7 0.01397878021
57.75 57.7 57.8 0.01832528146
57.85 57.8 57.9 0.01711814963
57.95 57.9 58 0.02112761739
58.05 58 58.1 0.01882536526
58.15 58.1 58.2 0.01514281069
58.25 58.2 58.3 0.02428315152
58.35 58.3 58.4 0.01563007351
58.45 58.4 58.5 0.01156238251
58.55 58.5 58.6 0.01878495093
58.65 58.6 58.7 0.0239541584
58.75 58.7 58.8 0.0250587671
58.85 58.8 58.9 0.01870892218
58.95 58.9 59 0.01759749509
59.05 59 59.1 0.02068631104
59.15 59.1 59.2 0.01852652895
59.25 59.2 59.3 0.02007457887
59.35 59.3 59.4 0.01742394755
59.45 59.4 59.5 0.01707705233
59.55 59.5 59.6 0.01470455698
59.65 59.6 59.7 0.02434230506
59.75 59.7 59.8 0.01510644576
59.85 59.8 59.9 0.02201917581
59.95 59.9 60 0.02310907351
60.05 60 60.1 0.01507306748
60.15 60.1 60.2 0.01052850789
60.25 60.2 60.3 0.01849528925
60.35 60.3 60.4 0.01584306253
60.45 60.4 60.5 0.01564308934
60.55 60.5 60.6 0.01030119168
60.65 60.6 60.7 0.01440297937
60.75 60.7 60.8 0.01455066702
60.85 60.8 60.9 0.01326059937
60.95 60.9 61 0.01820847379
61.05 61 61.1 0.007454117321
61.15 61.1 61.2 0.0178226613
61.25 61.2 61.3 0.01744158329
61.35 61.3 61.4 0.01842377744
61.45 61.4 61.5 0.01186473227
61.55 61.5 61.6 0.02335401928
61.65 61.6 61.7 0.010135467
61.75 61.7 61.8 0.01154161995
61.85 61.8 61.9 0.01856602698
61.95 61.9 62 0.01396365176
62.05 62 62.1 0.0216672058
62.15 62.1 62.2 0.01108516799
62.25 62.2 62.3 0.01177886685
62.35 62.3 62.4 0.0118724202
62.45 62.4 62.5 0.01437249789
62.55 62.5 62.6 0.01734322449
62.65 62.6 62.7 0.01553972867
62.75 62.7 62.8 0.01215946758
62.85 62.8 62.9 0.0111733556
62.95 62.9 63 0.01376322245
63.05 63 63.1 0.01383644486
63.15 63.1 63.2 0.00877007842
63.25 63.2 63.3 0.005459988049
63.35 63.3 63.4 0.0153919322
63.45 63.4 63.5 0.008161955305
63.55 63.5 63.6 0.02142041373
63.65 63.6 63.7 0.00914322734
63.75 63.7 63.8 0.01393791621
63.85 63.8 63.9 0.009636312527
63.95 63.9 64 0.01495418238
64.05 64 64.1 0.01313228351
64.15 64.1 64.2 0.01098220012
64.25 64.2 64.3 0.01715784708
64.35 64.3 64.4 0.009008727712
64.45 64.4 64.5 0.01064532186
64.55 64.5 64.6 0.01334587878
64.65 64.6 64.7 0.007469391005
64.75 64.7 64.8 0.01106902219
64.85 64.8 64.9 0.007275104322
64.95 64.9 65 0.009843375685
65.05 65 65.1 0.00714724015
65.15 65.1 65.2 0.01150097023
65.25 65.2 65.3 0.007269596946
65.35 65.3 65.4 0.01086819068
65.45 65.4 65.5 0.005718475897
65.55 65.5 65.6 0.01679843794
65.65 65.6 65.7 0.008590992185
65.75 65.7 65.8 0.008702464021
65.85 65.8 65.9 0.00825587935
65.95 65.9 66 0.00935116788
66.05 66 66.1 0.013979961
66.15 66.1 66.2 0.01015543334
66.25 66.2 66.3 0.01552886571
66.35 66.3 66.4 0.008841380895
66.45 66.4 66.5 0.01186545175
66.55 66.5 66.6 0.005962464975
66.65 66.6 66.7 0.003196546419
66.75 66.7 66.8 0.009301018211
66.85 66.8 66.9 0.00524779147
66.95 66.9 67 0.009102972794
67.05 67 67.1 0.00385885812
67.15 67.1 67.2 0.003021894879
67.25 67.2 67.3 0.01300263354
67.35 67.3 67.4 0.009766071568
67.45 67.4 67.5 0.008565332061
67.55 67.5 67.6 0.008257043469
67.65 67.6 67.7 0.006123243809
67.75 67.7 67.8 0.005249385796
67.85 67.8 67.9 0.005823640972
67.95 67.9 68 0.009981909083
68.05 68 68.1 0.01298280641
68.15 68.1 68.2 0.007616084252
68.25 68.2 68.3 0.009284846722
68.35 68.3 68.4 0.00862718922
68.45 68.4 68.5 0.009765272651
68.55 68.5 68.6 0.004742253881
68.65 68.6 68.7 0.007323316142
68.75 68.7 68.8 0.006958904978
68.85 68.8 68.9 0.01015177474
68.95 68.9 69 0.006058605975
69.05 69 69.1 0.008268549525
69.15 69.1 69.2 0.004713151578
69.25 69.2 69.3 0.006519715017
69.35 69.3 69.4 0.01008134922
69.45 69.4 69.5 0.01143338729
69.55 69.5 69.6 0.005252390003
69.65 69.6 69.7 0.009964349744
69.75 69.7 69.8 0.008940395127
69.85 69.8 69.9 0.00659384596
69.95 69.9 70 0.009836838681
70.05 70 70.1 0.007698812183
70.15 70.1 70.2 0.007187094412
70.25 70.2 70.3 0.008021787558
70.35 70.3 70.4 0.01408363515
70.45 70.4 70.5 0.00787578649
70.55 70.5 70.6 0.005682428922
70.65 70.6 70.7 0.008935828624
70.75 70.7 70.8 0.008211726544
70.85 70.8 70.9 0.00989699585
70.95 70.9 71 0.003833422667
71.05 71 71.1 0.003180581576
71.15 71.1 71.2 0.009556894032
71.25 71.2 71.3 0.009279234168
71.35 71.3 71.4 0.005829024073
71.45 71.4 71.5 0.00849494805
71.55 71.5 71.6 0.004039572112
71.65 71.6 71.7 0.01069470993
71.75 71.7 71.8 0.003808333924
71.85 71.8 71.9 0.002629467885
71.95 71.9 72 0.00411151785
72.05 72 72.1 0.01032309073
72.15 72.1 72.2 0.005896472293
72.25 72.2 72.3 0.007716234149
72.35 72.3 72.4 0.005559443108
72.45 72.4 72.5 0.009208538941
72.55 72.5 72.6 0.008037238572
72.65 72.6 72.7 0.00476297988
72.75 72.7 72.8 0.007625159169
72.85 72.8 72.9 0.00285231319
72.95 72.9 73 0.007180098915
73.05 73 73.1 0.01124033068
73.15 73.1 73.2 0.008970878322
73.25 73.2 73.3 0.0104278753
73.35 73.3 73.4 0.009679049187
73.45 73.4 73.5 0.009868660423
73.55 73.5 73.6 0.009551816269
73.65 73.6 73.7 0.004591223066
73.75 73.7 73.8 0.007773811653
73.85 73.8 73.9 0.005253684745
73.95 73.9 74 0.008521390066
74.05 74 74.1 0.004632234647
74.15 74.1 74.2 0.009231932135
74.25 74.2 74.3 0.01120127185
74.35 74.3 74.4 0.008517288328
74.45 74.4 74.5 0.009572790434
74.55 74.5 74.6 0.004131984215
74.65 74.6 74.7 0.009637401986
74.75 74.7 74.8 0.009056374694
74.85 74.8 74.9 0.003804964727
74.95 74.9 75 0.008413095952
75.05 75 75.1 0.006493147277
75.15 75.1 75.2 0.006673374887
75.25 75.2 75.3 0.004934495265
75.35 75.3 75.4 0.003695621097
75.45 75.4 75.5 0.004682253259
75.55 75.5 75.6 0.01013945969
75.65 75.6 75.7 0.004660075829
75.75 75.7 75.8 0.009099821721
75.85 75.8 75.9 0.01005403453
75.95 75.9 76 0.007057816775
76.05 76 76.1 0.004646796356
76.15 76.1 76.2 0.00185127141
76.25 76.2 76.3 0.01267523456
76.35 76.3 76.4 0.008805377636
76.45 76.4 76.5 0.00160629232
76.55 76.5 76.6 0.007423938485
76.65 76.6 76.7 0.001982281613
76.75 76.7 76.8 0.005119469908
76.85 76.8 76.9 0.009628801293
76.95 76.9 77 0.004521671565
77.05 77 77.1 0.006102663538
77.15 77.1 77.2 0.006709608964
77.25 77.2 77.3 0.008280774192
77.35 77.3 77.4 -0.002763775974
77.45 77.4 77.5 0.006680269525
77.55 77.5 77.6 0.006714104431
77.65 77.6 77.7 0.001481610025
77.75 77.7 77.8 0.001639335103
77.85 77.8 77.9 0.005899794381
77.95 77.9 78 0.01001520289
78.05 78 78.1 0.001905086962
78.15 78.1 78.2 0.002094514583
78.25 78.2 78.3 8.381977027e-05
78.35 78.3 78.4 0.00593040844
78.45 78.4 78.5 0.004590048691
78.55 78.5 78.6 0.004898141248
78.65 78.6 78.7 0.006435112565
78.75 78.7 78.8 0.006156489498
78.85 78.8 78.9 0.003594715195
78.95 78.9 79 0.007306886229
79.05 79 79.1 0.006432536501
79.15 79.1 79.2 0.003347514605
79.25 79.2 79.3 0.008255046138
79.35 79.3 79.4 0.007615200929
79.45 79.4 79.5 0.00196559166
79.55 79.5 79.6 0.004853386639
79.65 79.6 79.7 0.004916329698
79.75 79.7 79.8 0.0007614497826
79.85 79.8 79.9 0.006686780024
79.95 79.9 80 0.0007012024693
80.05 80 80.1 0.0006370224543
80.15 80.1 80.2 0.003723448875
80.25 80.2 80.3 0.00617374401
80.35 80.3 80.4 0.001456957177
80.45 80.4 80.5 0.002269057366
80.55 80.5 80.6 0.00331427888
80.65 80.6 80.7 0.0005625899512
80.75 80.7 80.8 0.002333139204
80.85 80.8 80.9 0.003303807181
80.95 80.9 81 -0.0005797515609
81.05 81 81.1 0.0005847906378
81.15 81.1 81.2 0.003165168695
81.25 81.2 81.3 0.002950855863
81.35 81.3 81.4 0.001661444225
81.45 81.4 81.5 0.002715369541
81.55 81.5 81.6 0.0003682898916
81.65 81.6 81.7 0.0002042286992
81.75 81.7 81.8 0.003223872337
81.85 81.8 81.9 0.004986246404
81.95 81.9 82 0.002689583336
82.05 82 82.1 0.004350943648
82.15 82.1 82.2 0.003151081123
82.25 82.2 82.3 -0.0004200061216
82.35 82.3 82.4 0.005727488038
82.45 82.4 82.5 0.004843368802
82.55 82.5 82.6 0.001295460633
82.65 82.6 82.7 0.00499439295
82.75 82.7 82.8 0.002806115072
82.85 82.8 82.9 0.003045895825
82.95 82.9 83 0.002501372143
83.05 83 83.1 0.00625254394
83.15 83.1 83.2 0.001084038205
83.25 83.2 83.3 0.006179997125
83.35 83.3 83.4 -9.125288131e-06
83.45 83.4 83.5 -0.001893767046
83.55 83.5 83.6 -0.002902074239
83.65 83.6 83.7 0.008612513283
83.75 83.7 83.8 0.001649552897
83.85 83.8 83.9 0.004416155611
83.95 83.9 84 0.00130252266
84.05 84 84.1 0.0014916323
84.15 84.1 84.2 0.004957568569
84.25 84.2 84.3 0.006054805391
84.35 84.3 84.4 0.004729766628
84.45 84.4 84.5 0.006599805364
84.55 84.5 84.6 0.004467597415
84.65 84.6 84.7 0.0006333055019
84.75 84.7 84.8 0.005948632235
84.85 84.8 84.9 0.002745055158
84.95 84.9 85 0.006402717637
85.05 85 85.1 0.008365437507
85.15 85.1 85.2 -0.0007654173981
85.25 85.2 85.3 0.004307620346
85.35 85.3 85.4 0.007933348177
85.45 85.4 85.5 3.565990371e-05
85.55 85.5 85.6 0.006234559131
85.65 85.6 85.7 0.004227598623
85.75 85.7 85.8 0.004659487435
85.85 85.8 85.9 0.004411858053
85.95 85.9 86 0.001508591369
86.05 86 86.1 -0.001930005075
86.15 86.1 86.2 0.001718823015
86.25 86.2 86.3 0.008032476523
86.35 86.3 86.4 0.006172369118
86.45 86.4 86.5 0.002719454024
86.55 86.5 86.6 0.002648415827
86.65 86.6 86.7 0.0002260321934
86.75 86.7 86.8 0.008656429429
86.85 86.8 86.9 0.004607025445
86.95 86.9 87 0.0001721449285
87.05 87 87.1 0.006510714389
87.15 87.1 87.2 0.002382907756
87.25 87.2 87.3 0.004909476431
87.35 87.3 87.4 9.467343951e-05
87.45 87.4 87.5 0.0051338531
87.55 87.5 87.6 0.003605622881
87.65 87.6 87.7 0.001479442636
87.75 87.7 87.8 0.009332222045
87.85 87.8 87.9 0.002437092511
87.95 87.9 88 0.006649344862
88.05 88 88.1 0.003313305047
88.15 88.1 88.2 0.005445978926
88.25 88.2 88.3 0.005950647962
88.35 88.3 88.4 0.004259599337
88.45 88.4 88.5 0.006429704283
88.55 88.5 88.6 0.004707451411
88.65 88.6 88.7 0.008658421929
88.75 88.7 88.8 0.004062501475
88.85 88.8 88.9 0.003993511526
88.95 88.9 89 0.006268531427
89.05 89 89.1 0.005819564588
89.15 89.1 89.2 0.01225053551
89.25 89.2 89.3 0.005345116219
89.35 89.3 89.4 0.005426713708
89.45 89.4 89.5 0.003195185322
89.55 89.5 89.6 0.004067864668
89.65 89.6 89.7 0.003937672667
89.75 89.7 89.8 0.00135726337
89.85 89.8 89.9 0.005657901244
89.95 89.9 90 0.005995896133
90.05 90 90.1 0.001924976687
90.15 90.1 90.2 0.005410050928
90.25 90.2 90.3 0.003150054857
90.35 90.3 90.4 0.004993257801
90.45 90.4 90.5 0.006342262668
90.55 90.5 90.6 0.004864734212
90.65 90.6 90.7 0.006423967084
90.75 90.7 90.8 0.001828086169
90.85 90.8 90.9 0.005592984401
90.95 90.9 91 0.003510557927
91.05 91 91.1 0.004954547083
91.15 91.1 91.2 0.00382093377
91.25 91.2 91.3 0.003909728027
91.35 91.3 91.4 0.003255784876
91.45 91.4 91.5 0.003690556639
91.55 91.5 91.6 0.002915493807
91.65 91.6 91.7 -0.0001236367711
91.75 91.7 91.8 0.005558309859
91.85 91.8 91.9 0.0002739976122
91.95 91.9 92 0.004213028554
92.05 92 92.1 0.003361019051
92.15 92.1 92.2 0.003233356476
92.25 92.2 92.3 0.004341947239
92.35 92.3 92.4 0.00288319838
92.45 92.4 92.5 0.003487610037
92.55 92.5 92.6 0.004228699249
92.65 92.6 92.7 -0.002063499841
92.75 92.7 92.8 0.001147240023
92.85 92.8 92.9 0.002117625256
92.95 92.9 93 0.00508336476
93.05 93 93.1 0.003879714298
93.15 93.1 93.2 0.001189251555
93.25 93.2 93.3 0.004829870935
93.35 93.3 93.4 0.002061608994
93.45 93.4 93.5 -3.617773129e-05
93.55 93.5 93.6 0.007308512741
93.65 93.6 93.7 0.004657063304
93.75 93.7 93.8 0.0005507002254
93.85 93.8 93.9 0.0003462701862
93.95 93.9 94 0.005233985937
94.05 94 94.1 0.006739918465
94.15 94.1 94.2 0.004256647484
94.25 94.2 94.3 0.004830540807
94.35 94.3 94.4 0.002963749605
94.45 94.4 94.5 0.003271872878
94.55 94.5 94.6 0.003300927173
94.65 94.6 94.7 0.008497122519
94.75 94.7 94.8 0.006751927963
94.85 94.8 94.9 0.002099762524
94.95 94.9 95 0.00148022239
95.05 95 95.1 0.0007706163413
95.15 95.1 95.2 0.004511958121
95.25 95.2 95.3 -0.0003203133621
95.35 95.3 95.4 0.003084918825
95.45 95.4 95.5 0.004973670925
95.55 95.5 95.6 0.0007608146278
95.65 95.6 95.7 0.005330333237
95.75 95.7 95.8 0.004868969351
95.85 95.8 95.9 0.003971405586
95.95 95.9 96 0.001856940624
96.05 96 96.1 0.004553199039
96.15 96.1 96.2 0.004093448226
96.25 96.2 96.3 0.00467222263
96.35 96.3 96.4 -0.0008656741941
96.45 96.4 96.5 0.004685102095
96.55 96.5 96.6 0.002896762319
96.65 96.6 96.7 0.003042539908
96.75 96.7 96.8 -0.0002095267788
96.85 96.8 96.9 0.001899709103
96.95 96.9 97 0.005008219191
97.05 97 97.1 0.0007049110587
97.15 97.1 97.2 0.003665857432
97.25 97.2 97.3 0.0009335532929
97.35 97.3 97.4 0.001501685381
97.45 97.4 97.5 0.006444584896
97.55 97.5 97.6 0.004847454711
97.65 97.6 97.7 0.003173029222
97.75 97.7 97.8 0.002689662173
97.85 97.8 97.9 0.005044744607
97.95 97.9 98 0.0004755401413
98.05 98 98.1 0.002175972151
98.15 98.1 98.2 0.005291505494
98.25 98.2 98.3 0.00441977109
98.35 98.3 98.4 0.003073372736
98.45 98.4 98.5 0.006193012525
98.55 98.5 98.6 0.005837159464
98.65 98.6 98.7 0.001386322307
98.75 98.7 98.8 0.001655646163
98.85 98.8 98.9 0.0008544337302
98.95 98.9 99 0.004799128889
99.05 99 99.1 0.00152580704
99.15 99.1 99.2 0.003570658959
99.25 99.2 99.3 0.002715286019
99.35 99.3 99.4 0.0006376932432
99.45 99.4 99.5 0.003937768087
99.55 99.5 99.6 0.00226998587
99.65 99.6 99.7 0.00380668422
99.75 99.7 99.8 0.002686603287
99.85 99.8 99.9 0.005052318103
99.95 99.9 100 0.001868816159
100.05 100 100.1 0.008297741437
100.15 100.1 100.2 0.0002748256108
100.25 100.2 100.3 0.005895242042
100.35 100.3 100.4 0.004975218901
100.45 100.4 100.5 0.003610663408
100.55 100.5 100.6 0.004304649958
100.65 100.6 100.7 0.004861732588
100.75 100.7 100.8 0.004304476531
100.85 100.8 100.9 0.001768271106
100.95 100.9 101 0.002382809094
101.05 101 101.1 0.002361356091
101.15 101.1 101.2 -0.001560196837
101.25 101.2 101.3 0.001749000311
101.35 101.3 101.4 0.0008339937907
101.45 101.4 101.5 -0.001661921888
101.55 101.5 101.6 0.002659379719
101.65 101.6 101.7 0.003744990174
101.75 101.7 101.8 0.005790312662
101.85 101.8 101.9 0.004486994742
101.95 101.9 102 0.001842489358
102.05 102 102.1 0.002373257377
102.15 102.1 102.2 0.001269288923
102.25 102.2 102.3 0.002821630921
102.35 102.3 102.4 0.003617157328
102.45 102.4 102.5 0.002717952909
102.55 102.5 102.6 0.002801323952
102.65 102.6 102.7 -2.198589025e-05
102.75 102.7 102.8 0.004142315739
102.85 102.8 102.9 0.00347669736
102.95 102.9 103 0.001088988284
103.05 103 103.1 0.002373254658
103.15 103.1 103.2 0.0003127148477
103.25 103.2 103.3 0.0009798161876
103.35 103.3 103.4 0.003218757112
103.45 103.4 103.5 0.003979601865
103.55 103.5 103.6 0.00307560595
103.65 103.6 103.7 0.005337780226
103.75 103.7 103.8 0.004246315303
103.85 103.8 103.9 0.003436171045
103.95 103.9 104 0.004946974237
104.05 104 104.1 0.003599953233
104.15 104.1 104.2 -9.417311738e-05
104.25 104.2 104.3 0.002770401874
104.35 104.3 104.4 0.003529814674
104.45 104.4 104.5 0.0006000324803
104.55 104.5 104.6 0.0006666008936
104.65 104.6 104.7 0.002385957363
104.75 104.7 104.8 0.0001597361341
104.85 104.8 104.9 0.003862576231
104.95 104.9 105 0.0008538442387
105.05 105 105.1 0.001636121075
105.15 105.1 105.2 0.004326522789
105.25 105.2 105.3 0.003181630437
105.35 105.3 105.4 0.003073249389
105.45 105.4 105.5 -0.0001696689615
105.55 105.5 105.6 0.003303644476
105.65 105.6 105.7 -0.001117636488
105.75 105.7 105.8 0.001288560964
105.85 105.8 105.9 -0.0001807250675
105.95 105.9 106 0.002660955951
106.05 106 106.1 0.003781237206
106.15 106.1 106.2 0.0004496320873
106.25 106.2 106.3 -0.002061324433
106.35 106.3 106.4 0.001064632962
106.45 106.4 106.5 0.003974960672
106.55 106.5 106.6 -0.0007872262943
106.65 106.6 106.7 0.001575399131
106.75 106.7 106.8 0.002058098055
106.85 106.8 106.9 0.003796055193
106.95 106.9 107 0.003532070395
107.05 107 107.1 0.001806907406
107.15 107.1 107.2 0.003326506116
107.25 107.2 107.3 0.004263767915
107.35 107.3 107.4 0.004297630409
107.45 107.4 107.5 0.004095100048
107.55 107.5 107.6 0.004554390632
107.65 107.6 107.7 0.003296230497
107.75 107.7 107.8 0.004214063146
107.85 107.8 107.9 0.002753641418
107.95 107.9 108 0.001349684951
108.05 108 108.1 -0.001122673945
108.15 108.1 108.2 0.005943258316
108.25 108.2 108.3 0.003600965286
108.35 108.3 108.4 0.002751705491
108.45 108.4 108.5 0.0007731146152
108.55 108.5 108.6 0.006570985696
108.65 108.6 108.7 0.0004316959707
108.75 108.7 108.8 -0.0003288832441
108.85 108.8 108.9 0.008076838738
108.95 108.9 109 0.003048276534
109.05 109 109.1 0.004526161057
109.15 109.1 109.2 0.006505048682
109.25 109.2 109.3 0.001352020737
109.35 109.3 109.4 0.005925817349
109.45 109.4 109.5 -0.0001115650826
109.55 109.5 109.6 0.003927870747
109.65 109.6 109.7 0.002861269682
109.75 109.7 109.8 -0.0003802027727
109.85 109.8 109.9 0.002219454455
109.95 109.9 110 0.003299393499
110.05 110 110.1 0.00110610054
110.15 110.1 110.2 0.005505829981
110.25 110.2 110.3 0.004323075779
110.35 110.3 110.4 0.004500055261
110.45 110.4 110.5 0.003632104784
110.55 110.5 110.6 -0.0005092892004
110.65 110.6 110.7 -0.001228058667
110.75 110.7 110.8 0.0007028616468
110.85 110.8 110.9 0.003036708995
110.95 110.9 111 0.002344731354
111.05 111 111.1 0.000557405858
111.15 111.1 111.2 0.001312525371
111.25 111.2 111.3 0.001807767246
111.35 111.3 111.4 0.00109436686
111.45 111.4 111.5 0.002743227375
111.55 111.5 111.6 0.001950032179
111.65 111.6 111.7 0.001171251906
111.75 111.7 111.8 0.00124019095
111.85 111.8 111.9 0.004951335363
111.95 111.9 112 0.001441720173
112.05 112 112.1 0.0006968572784
112.15 112.1 112.2 -0.0002459053412
112.25 112.2 112.3 0.002133783482
112.35 112.3 112.4 -0.0001252205009
112.45 112.4 112.5 0.0007720095977
112.55 112.5 112.6 0.002473641694
112.65 112.6 112.7 0.003243801866
112.75 112.7 112.8 0.001745201643
112.85 112.8 112.9 0.004535810919
112.95 112.9 113 -0.0007486281307
113.05 113 113.1 0.002606778553
113.15 113.1 113.2 0.0002212768723
113.25 113.2 113.3 0.0001029013592
113.35 113.3 113.4 0.002175402358
113.45 113.4 113.5 0.0002395162109
113.55 113.5 113.6 0.003939980688
113.65 113.6 113.7 -0.001713917187
113.75 113.7 113.8 0.001370749241
113.85 113.8 113.9 0.002682845092
113.95 113.9 114 0.0001286084273
114.05 114 114.1 0.004493752723
114.15 114.1 114.2 0.002344125079
114.25 114.2 114.3 0.001923711502
114.35 114.3 114.4 0.003576477588
114.45 114.4 114.5 -0.0009744573111
114.55 114.5 114.6 0.002880947018
114.65 114.6 114.7 0.00150661467
114.75 114.7 114.8 0.0007539566715
114.85 114.8 114.9 0.000885822183
114.95 114.9 115 0.001111041587
115.05 115 115.1 0.002510813405
115.15 115.1 115.2 -0.003112287743
115.25 115.2 115.3 -0.0002722035619
115.35 115.3 115.4 0.001834262588
115.45 115.4 115.5 0.002928969201
115.55 115.5 115.6 0.001182171668
115.65 115.6 115.7 0.002358722775
115.75 115.7 115.8 -0.000831990654
115.85 115.8 115.9 -0.001845964382
115.95 115.9 116 0.001686652419
116.05 116 116.1 -0.003560953689
116.15 116.1 116.2 0.004914181771
116.25 116.2 116.3 2.157710983e-06
116.35 116.3 116.4 -0.0004571392458
116.45 116.4 116.5 -0.0002846770425
116.55 116.5 116.6 -0.001384562329
116.65 116.6 116.7 0.0008619751445
116.75 116.7 116.8 8.731000081e-07
116.85 116.8 116.9 -0.002209126901
116.95 116.9 117 0.002919879072
117.05 117 117.1 0.001826064195
117.15 117.1 117.2 -9.50373455e-05
117.25 117.2 117.3 -0.0006037338656
117.35 117.3 117.4 0.001724077592
117.45 117.4 117.5 0.0005650594989
117.55 117.5 117.6 0.00247160955
117.65 117.6 117.7 -0.001429189072
117.75 117.7 117.8 0.001891976663
117.85 117.8 117.9 -0.0005428916991
117.95 117.9 118 -0.001506870198
118.05 118 118.1 0.0007618349539
118.15 118.1 118.2 0.001108293724
118.25 118.2 118.3 -0.0006683991447
118.35 118.3 118.4 0.002572175123
118.45 118.4 118.5 -0.0034334942
118.55 118.5 118.6 -0.006083210477
118.65 118.6 118.7 -0.0009152085986
118.75 118.7 118.8 0.000952669847
118.85 118.8 118.9 0.001645007165
118.95 118.9 119 0.001055900577
119.05 119 119.1 -0.0009744102247
119.15 119.1 119.2 -0.003513514251
119.25 119.2 119.3 0.0004276002327
119.35 119.3 119.4 0.0001163237212
119.45 119.4 119.5 0.001169462536
119.55 119.5 119.6 0.001522087392
119.65 119.6 119.7 6.832853767e-06
119.75 119.7 119.8 -0.0003227678364
119.85 119.8 119.9 0.001804567231
119.95 119.9 120 -0.0014017884
120.05 120 120.1 -0.00201473992
120.15 120.1 120.2 -0.001790844498
120.25 120.2 120.3 -0.0006014925426
120.35 120.3 120.4 6.513163848e-05
120.45 120.4 120.5 0.0004805690985
120.55 120.5 120.6 0.002790243175
120.65 120.6 120.7 0.003586719129
120.75 120.7 120.8 0.0007130963531
120.85 120.8 120.9 0.002029563932
120.95 120.9 121 0.0002648946722
121.05 121 121.1 0.001732763679
121.15 121.1 121.2 -0.001811578992
121.25 121.2 121.3 -0.000919144468
121.35 121.3 121.4 -0.0007718072022
121.45 121.4 121.5 -0.002492024449
121.55 121.5 121.6 -0.0001176391954
121.65 121.6 121.7 -0.001811842722
121.75 121.7 121.8 0.0008945538009
121.85 121.8 121.9 -0.00263090136
121.95 121.9 122 -0.002425325427
122.05 122 122.1 -0.003223398839
122.15 122.1 122.2 0.0002229266896
122.25 122.2 122.3 -0.001716004886
122.35 122.3 122.4 -0.0003695498425
122.45 122.4 122.5 -0.0003459764137
122.55 122.5 122.6 0.0008171098323
122.65 122.6 122.7 0.001475983448
122.75 122.7 122.8 -0.0008626829849
122.85 122.8 122.9 -0.001912480444
122.95 122.9 123 -0.001541673955
123.05 123 123.1 0.004154256271
123.15 123.1 123.2 -0.000953653008
123.25 123.2 123.3 -0.002286565869
123.35 123.3 123.4 -0.0006722644517
123.45 123.4 123.5 0.0009639856242
123.55 123.5 123.6 0.001112680504
123.65 123.6 123.7 -6.370819565e-06
123.75 123.7 123.8 -0.002832201898
123.85 123.8 123.9 -0.003177546614
123.95 123.9 124 -0.003132934476
124.05 124 124.1 -0.003160237069
124.15 124.1 124.2 0.0004055665891
124.25 124.2 124.3 -0.004369418805
124.35 124.3 124.4 0.001710229531
124.45 124.4 124.5 -0.001507650265
124.55 124.5 124.6 -0.0007249845518
124.65 124.6 124.7 0.003424747649
124.75 124.7 124.8 -0.0005073482177
124.85 124.8 124.9 -0.002615658847
124.95 124.9 125 0.001795390034
125.05 125 125.1 0.0002406906426
125.15 125.1 125.2 -0.000597491169
125.25 125.2 125.3 0.002860538429
125.35 125.3 125.4 0.001039916479
125.45 125.4 125.5 -0.0001548713034
125.55 125.5 125.6 -0.003134239859
125.65 125.6 125.7 -0.005811152933
125.75 125.7 125.8 0.003305069478
125.85 125.8 125.9 1.164466282e-05
125.95 125.9 126 0.002525682089
126.05 126 126.1 2.95966632e-05
126.15 126.1 126.2 0.0009401244189
126.25 126.2 126.3 0.0001593116486
126.35 126.3 126.4 0.001896365506
126.45 126.4 126.5 -0.0003376577094
126.55 126.5 126.6 0.003041233714
126.65 126.6 126.7 -0.001017527726
126.75 126.7 126.8 -0.001292922041
126.85 126.8 126.9 -0.00268380639
126.95 126.9 127 -0.002940770537
127.05 127 127.1 -0.0009694617795
127.15 127.1 127.2 -0.00353461203
127.25 127.2 127.3 0.001701725727
127.35 127.3 127.4 -0.000591533722
127.45 127.4 127.5 -0.001347758128
127.55 127.5 127.6 -0.002078361641
127.65 127.6 127.7 0.002056391796
127.75 127.7 127.8 -0.0006956905887
127.85 127.8 127.9 -0.004994924262
127.95 127.9 128 -0.001510975918
128.05 128 128.1 -0.0005278265739
128.15 128.1 128.2 -0.001616860663
128.25 128.2 128.3 -0.001280224964
128.35 128.3 128.4 4.643191971e-05
128.45 128.4 128.5 -4.538319406e-05
128.55 128.5 128.6 0.0009741920412
128.65 128.6 128.7 -0.002609902844
128.75 128.7 128.8 -0.003894464329
128.85 128.8 128.9 -0.002090658422
128.95 128.9 129 0.0004414062654
129.05 129 129.1 -0.002910364462
129.15 129.1 129.2 -0.0006627771865
129.25 129.2 129.3 0.000756191262
129.35 129.3 129.4 -0.0006781023891
129.45 129.4 129.5 -0.0001712095583
129.55 129.5 129.6 0.001239202212
129.65 129.6 129.7 -0.001105638307
129.75 129.7 129.8 -0.003476440592
129.85 129.8 129.9 -0.0008663679996
129.95 129.9 130 0.00106824129
130.05 130 130.1 -0.002806769
130.15 130.1 130.2 -0.0005795369668
130.25 130.2 130.3 -0.001505654278
130.35 130.3 130.4 0.001555535605
130.45 130.4 130.5 -0.001251713511
130.55 130.5 130.6 0.0004538939093
130.65 130.6 130.7 -0.001695795632
130.75 130.7 130.8 0.001029481423
130.85 130.8 130.9 -0.0007789058458
130.95 130.9 131 -0.004692330829
131.05 131 131.1 -0.001786877283
131.15 131.1 131.2 -0.001830537244
131.25 131.2 131.3 0.0003333060435
131.35 131.3 131.4 -0.001578665346
131.45 131.4 131.5 -0.001101244145
131.55 131.5 131.6 -0.001565609916
131.65 131.6 131.7 -0.002748157861
131.75 131.7 131.8 -0.0002300239553
131.85 131.8 131.9 -0.0006891788498
131.95 131.9 132 -0.000126491474
132.05 132 132.1 -0.003913395312
132.15 132.1 132.2 -0.003664963014
132.25 132.2 132.3 0.0004701134406
132.35 132.3 132.4 0.0001297545466
132.45 132.4 132.5 0.001281861589
132.55 132.5 132.6 -0.002044332588
132.65 132.6 132.7 -0.001134977129
132.75 132.7 132.8 0.0005483072561
132.85 132.8 132.9 -0.003183785917
132.95 132.9 133 -0.001132756979
133.05 133 133.1 0.001317100231
133.15 133.1 133.2 -0.004181437408
133.25 133.2 133.3 0.001514552505
133.35 133.3 133.4 -0.0005631748601
133.45 133.4 133.5 0.001710237414
133.55 133.5 133.6 -0.0003083793908
133.65 133.6 133.7 0.001614598789
133.75 133.7 133.8 0.000966515721
133.85 133.8 133.9 -0.001571805461
133.95 133.9 134 0.0002746797216
134.05 134 134.1 0.002133589882
134.15 134.1 134.2 0.003653995723
134.25 134.2 134.3 -0.0001366285351
134.35 134.3 134.4 -0.0008851212393
134.45 134.4 134.5 -0.0003787266923
134.55 134.5 134.6 -0.0003209725882
134.65 134.6 134.7 -0.0002549987773
134.75 134.7 134.8 0.001359261311
134.85 134.8 134.9 0.0008633630327
134.95 134.9 135 -0.0007739095105
135.05 135 135.1 0.001422805388
135.15 135.1 135.2 0.002895049054
135.25 135.2 135.3 -0.001009039245
135.35 135.3 135.4 0.002902639726
135.45 135.4 135.5 0.003839287003
135.55 135.5 135.6 -0.0006454104765
135.65 135.6 135.7 0.001152511204
135.75 135.7 135.8 0.001351188542
135.85 135.8 135.9 0.002259761207
135.95 135.9 136 0.001557193944
136.05 136 136.1 0.002088013658
136.15 136.1 136.2 -0.0006682742615
136.25 136.2 136.3 -0.001059329399
136.35 136.3 136.4 0.002422184616
136.45 136.4 136.5 0.001323405782
136.55 136.5 136.6 -0.0006644885364
136.65 136.6 136.7 0.003112509686
136.75 136.7 136.8 0.002854147235
136.85 136.8 136.9 0.001303066609
136.95 136.9 137 0.0004403866299
137.05 137 137.1 -0.0009866610555
137.15 137.1 137.2 -0.0005715852045
137.25 137.2 137.3 0.00220912539
137.35 137.3 137.4 7.698891879e-05
137.45 137.4 137.5 0.004212893407
137.55 137.5 137.6 0.002505430494
137.65 137.6 137.7 0.005121714793
137.75 137.7 137.8 0.002769951676
137.85 137.8 137.9 0.001115342941
137.95 137.9 138 -0.000157501003
138.05 138 138.1 0.00165379675
138.15 138.1 138.2 0.00306261107
138.25 138.2 138.3 0.007273494544
138.35 138.3 138.4 0.001037558718
138.45 138.4 138.5 0.002373526905
138.55 138.5 138.6 -0.0009043820396
138.65 138.6 138.7 0.00116633294
138.75 138.7 138.8 0.00347343383
138.85 138.8 138.9 0.0009582475814
138.95 138.9 139 0.00270854162
139.05 139 139.1 0.0019664446
139.15 139.1 139.2 0.00160329116
139.25 139.2 139.3 -0.00166882738
139.35 139.3 139.4 0.003976875888
139.45 139.4 139.5 -0.0002057602053
139.55 139.5 139.6 -0.0008509488337
139.65 139.6 139.7 0.002778394066
139.75 139.7 139.8 0.004031465783
139.85 139.8 139.9 0.001333090838
139.95 139.9 140 0.0009712489788
140.05 140 140.1 -0.001976414373
140.15 140.1 140.2 0.001315037999
140.25 140.2 140.3 -0.0003569937377
140.35 140.3 140.4 -0.0007463083882
140.45 140.4 140.5 0.001210132694
140.55 140.5 140.6 0.0009278420955
140.65 140.6 140.7 0.00282492955
140.75 140.7 140.8 0.000754122532
140.85 140.8 140.9 0.003751528413
140.95 140.9 141 -0.0001315417344
141.05 141 141.1 0.0044364511
141.15 141.1 141.2 0.001561605586
141.25 141.2 141.3 -0.0003591883736
141.35 141.3 141.4 -0.001454680231
141.45 141.4 141.5 0.0001773882848
141.55 141.5 141.6 0.0007513789784
141.65 141.6 141.7 0.001953189128
141.75 141.7 141.8 -0.0008494449572
141.85 141.8 141.9 5.791754342e-05
141.95 141.9 142 0.00125452065
142.05 142 142.1 0.0008279484888
142.15 142.1 142.2 0.0004120191358
142.25 142.2 142.3 0.002793548382
142.35 142.3 142.4 0.002295870473
142.45 142.4 142.5 -0.0004408297434
142.55 142.5 142.6 0.002228981929
142.65 142.6 142.7 -0.001366904281
142.75 142.7 142.8 -0.001832973908
142.85 142.8 142.9 0.002821053297
142.95 142.9 143 0.002880827466
143.05 143 143.1 0.004247897501
143.15 143.1 143.2 -0.001080695209
143.25 143.2 143.3 0.001065747952
143.35 143.3 143.4 0.002640321976
143.45 143.4 143.5 0.002610668281
143.55 143.5 143.6 0.003728747851
143.65 143.6 143.7 0.0002038113386
143.75 143.7 143.8 0.001372088081
143.85 143.8 143.9 0.0003249318721
143.95 143.9 144 0.0008691088909
144.05 144 144.1 -0.0008027797044
144.15 144.1 144.2 0.001005578791
144.25 144.2 144.3 0.0003621220872
144.35 144.3 144.4 -0.0008803003547
144.45 144.4 144.5 0.002062318673
144.55 144.5 144.6 0.0009405694137
144.65 144.6 144.7 -0.0003235634189
144.75 144.7 144.8 0.003158196807
144.85 144.8 144.9 0.0003788308403
144.95 144.9 145 0.005765285115
145.05 145 145.1 0.00303714629
145.15 145.1 145.2 0.005771393315
145.25 145.2 145.3 0.0006259496091
145.35 145.3 145.4 0.004222727427
145.45 145.4 145.5 0.003756237694
145.55 145.5 145.6 0.001736126372
145.65 145.6 145.7 0.0009302629448
145.75 145.7 145.8 -0.0007976395971
145.85 145.8 145.9 0.0005137382508
145.95 145.9 146 0.000176947984
146.05 146 146.1 0.001793866009
146.15 146.1 146.2 0.002282232314
146.25 146.2 146.3 0.002014157487
146.35 146.3 146.4 0.003167477814
146.45 146.4 146.5 0.002963666918
146.55 146.5 146.6 0.000800755191
146.65 146.6 146.7 0.0004595992587
146.75 146.7 146.8 0.004317972625
146.85 146.8 146.9 -0.0002152588607
146.95 146.9 147 0.0005287086309
147.05 147 147.1 0.001290758162
147.15 147.1 147.2 0.001470602779
147.25 147.2 147.3 0.0001820664753
147.35 147.3 147.4 0.00244496393
147.45 147.4 147.5 -1.971916207e-05
147.55 147.5 147.6 0.003397450483
147.65 147.6 147.7 0.0002721132117
147.75 147.7 147.8 0.001661883025
147.85 147.8 147.9 0.001955546711
147.95 147.9 148 -0.0001136790296
148.05 148 148.1 0.001419015172
148.15 148.1 148.2 0.002347863627
148.25 148.2 148.3 -0.002059164076
148.35 148.3 148.4 -0.0009495154625
148.45 148.4 148.5 0.001479400852
148.55 148.5 148.6 -0.0001645303672
148.65 148.6 148.7 -0.0002275388105
148.75 148.7 148.8 -2.818810188e-05
148.85 148.8 148.9 -0.0004392094248
148.95 148.9 149 0.001871910231
149.05 149 149.1 -0.0007847601935
149.15 149.1 149.2 0.001938240253
149.25 149.2 149.3 0.0001891132785
149.35 149.3 149.4 0.002005649376
149.45 149.4 149.5 0.00102989999
149.55 149.5 149.6 0.002608969294
149.65 149.6 149.7 0.0006788334646
149.75 149.7 149.8 0.002355627221
149.85 149.8 149.9 0.0004596532268
149.95 149.9 150 0.00161800322
150.05 150 150.1 0.003248190317
150.15 150.1 150.2 -0.0007892603281
150.25 150.2 150.3 -0.001253845808
150.35 150.3 150.4 -0.0005328474663
150.45 150.4 150.5 0.001416065079
150.55 150.5 150.6 0.001268010809
150.65 150.6 150.7 0.0003138175762
150.75 150.7 150.8 1.085006191e-05
150.85 150.8 150.9 0.001832805032
150.95 150.9 151 0.004164924315
151.05 151 151.1 -0.00226535674
151.15 151.1 151.2 0.0005689440111
151.25 151.2 151.3 0.001546242714
151.35 151.3 151.4 0.003023466832
151.45 151.4 151.5 0.0003393362812
151.55 151.5 151.6 0.0003633659323
151.65 151.6 151.7 0.005589510561
151.75 151.7 151.8 -0.001332898454
151.85 151.8 151.9 0.002919564851
151.95 151.9 152 0.0008630483805
152.05 152 152.1 0.002507519031
152.15 152.1 152.2 0.001257525184
152.25 152.2 152.3 0.00261754059
152.35 152.3 152.4 0.0003227031506
152.45 152.4 152.5 0.001652269761
152.55 152.5 152.6 0.002306924
152.65 152.6 152.7 0.0009625765366
152.75 152.7 152.8 0.002285174888
152.85 152.8 152.9 0.001552423169
152.95 152.9 153 -0.0009420198774
153.05 153 153.1 -0.0001525488538
153.15 153.1 153.2 -0.0007927133119
153.25 153.2 153.3 0.002584828352
153.35 153.3 153.4 -0.001813854195
153.45 153.4 153.5 2.807141965e-05
153.55 153.5 153.6 -0.000310970467
153.65 153.6 153.7 -0.0006236384133
153.75 153.7 153.8 -0.0008200785319
153.85 153.8 153.9 -0.0005042271538
153.95 153.9 154 2.57003076e-05
154.05 154 154.1 0.001855313339
154.15 154.1 154.2 0.0008039309251
154.25 154.2 154.3 0.002496637199
154.35 154.3 154.4 0.003660807929
154.45 154.4 154.5 -6.551483081e-05
154.55 154.5 154.6 -0.0002084357314
154.65 154.6 154.7 0.0006544137669
154.75 154.7 154.8 -0.0007266607035
154.85 154.8 154.9 0.0007700888475
154.95 154.9 155 0.001434183714
155.05 155 155.1 0.002821061756
155.15 155.1 155.2 0.0008112757138
155.25 155.2 155.3 0.001992163185
155.35 155.3 155.4 -0.0003513585963
155.45 155.4 155.5 -8.867607588e-05
155.55 155.5 155.6 -0.0002972817615
155.65 155.6 155.7 0.001511581351
155.75 155.7 155.8 0.001963319079
155.85 155.8 155.9 0.000773576796
155.95 155.9 156 0.002670534499
156.05 156 156.1 -0.0007249991939
156.15 156.1 156.2 0.001043735512
156.25 156.2 156.3 0.001900039988
156.35 156.3 156.4 0.0007397649538
156.45 156.4 156.5 0.00161123761
156.55 156.5 156.6 -0.0004490494512
156.65 156.6 156.7 -0.0002837515824
156.75 156.7 156.8 -0.0003408276577
156.85 156.8 156.9 0.000244387551
156.95 156.9 157 -0.001079207
157.05 157 157.1 0.001874157626
157.15 157.1 157.2 0.001891301127
157.25 157.2 157.3 -0.0007052450409
157.35 157.3 157.4 7.623668078e-05
157.45 157.4 157.5 0.001756837435
157.55 157.5 157.6 0.001396786096
157.65 157.6 157.7 0.00157991897
157.75 157.7 157.8 0.002250164617
157.85 157.8 157.9 -0.0004653986752
157.95 157.9 158 0.0004572725161
158.05 158 158.1 0.003160088577
158.15 158.1 158.2 0.002275247884
158.25 158.2 158.3 -0.000210008939
158.35 158.3 158.4 0.002131692534
158.45 158.4 158.5 0.0001279017981
158.55 158.5 158.6 -0.002252295227
158.65 158.6 158.7 0.002049329596
158.75 158.7 158.8 -0.00226477492
158.85 158.8 158.9 0.003150280931
158.95 158.9 159 0.005013408992
159.05 159 159.1 0.003198208742
159.15 159.1 159.2 -4.378604324e-05
159.25 159.2 159.3 0.001932817695
159.35 159.3 159.4 0.001089223672
159.45 159.4 159.5 0.002128821213
159.55 159.5 159.6 0.001962363012
159.65 159.6 159.7 0.000845237221
159.75 159.7 159.8 1.98791223e-05
159.85 159.8 159.9 -0.0001084809405
159.95 159.9 160 0.002133909871
160.05 160 160.1 0.0001453134485
160.15 160.1 160.2 0.001234540852
160.25 160.2 160.3 0.001671496531
160.35 160.3 160.4 3.897867623e-05
160.45 160.4 160.5 0.001602542541
160.55 160.5 160.6 -0.001565162333
160.65 160.6 160.7 -0.0009462040298
160.75 160.7 160.8 0.0008972931922
160.85 160.8 160.9 0.0002488703614
160.95 160.9 161 0.0005905587543
161.05 161 161.1 -0.0006409200362
161.15 161.1 161.2 -0.0004909037804
161.25 161.2 161.3 0.0006123202629
161.35 161.3 161.4 0.001225678066
161.45 161.4 161.5 0.001358307996
161.55 161.5 161.6 0.002161236271
161.65 161.6 161.7 0.002977544398
161.75 161.7 161.8 0.0006106681343
161.85 161.8 161.9 0.003665734783
161.95 161.9 162 -0.0004997421997
162.05 162 162.1 0.001922978136
162.15 162.1 162.2 0.00329304448
162.25 162.2 162.3 0.002800697296
162.35 162.3 162.4 0.001534598664
162.45 162.4 162.5 -0.0007587491784
162.55 162.5 162.6 0.001374428722
162.65 162.6 162.7 -0.00149827892
162.75 162.7 162.8 -0.001326441106
162.85 162.8 162.9 -0.001572503588
162.95 162.9 163 0.002851233891
163.05 163 163.1 0.002631548654
163.15 163.1 163.2 0.0005397902403
163.25 163.2 163.3 0.0008079892558
163.35 163.3 163.4 0.002306900901
163.45 163.4 163.5 0.0005118665237
163.55 163.5 163.6 -0.003165081267
163.65 163.6 163.7 0.002937485513
163.75 163.7 163.8 0.001099950919
163.85 163.8 163.9 0.00349477943
163.95 163.9 164 0.002671487404
164.05 164 164.1 0.002162234567
164.15 164.1 164.2 0.003420237014
164.25 164.2 164.3 0.0008952428577
164.35 164.3 164.4 0.00133209019
164.45 164.4 164.5 0.0008564077919
164.55 164.5 164.6 0.001662016852
164.65 164.6 164.7 0.002110504652
164.75 164.7 164.8 0.0002677592857
164.85 164.8 164.9 -0.0003750935268
164.95 164.9 165 0.002830591472
165.05 165 165.1 0.001436109195
165.15 165.1 165.2 0.00184202329
165.25 165.2 165.3 0.002374026143
165.35 165.3 165.4 -0.0004597178465
165.45 165.4 165.5 -0.0002168785716
165.55 165.5 165.6 0.001127130955
165.65 165.6 165.7 0.00389088581
165.75 165.7 165.8 -0.0003441406456
165.85 165.8 165.9 0.0008730747609
165.95 165.9 166 7.489804654e-05
166.05 166 166.1 -0.0005351026798
166.15 166.1 166.2 0.0009847655798
166.25 166.2 166.3 0.0004977149037
166.35 166.3 166.4 0.002655574397
166.45 166.4 166.5 0.004679258492
166.55 166.5 166.6 0.001603690497
166.65 166.6 166.7 0.0005749408709
166.75 166.7 166.8 0.003238192439
166.85 166.8 166.9 -0.001522423217
166.95 166.9 167 0.001532187576
167.05 167 167.1 0.001949129703
167.15 167.1 167.2 -0.0003901291434
167.25 167.2 167.3 0.001812633927
167.35 167.3 167.4 0.001576941929
167.45 167.4 167.5 -0.0006769979509
167.55 167.5 167.6 0.001547790092
167.65 167.6 167.7 0.0003070575032
167.75 167.7 167.8 4.833576548e-05
167.85 167.8 167.9 0.001309131919
167.95 167.9 168 -0.001246895935
168.05 168 168.1 0.002029167376
168.15 168.1 168.2 0.000699586159
168.25 168.2 168.3 0.002066915586
168.35 168.3 168.4 0.0006664806396
168.45 168.4 168.5 0.0005105374614
168.55 168.5 168.6 -0.0007395807858
168.65 168.6 168.7 0.001289382243
168.75 168.7 168.8 -0.0008889890418
168.85 168.8 168.9 0.001565074826
168.95 168.9 169 0.00132646393
169.05 169 169.1 -0.0006451107429
169.15 169.1 169.2 0.0007925339715
169.25 169.2 169.3 0.001968694449
169.35 169.3 169.4 0.001508241563
169.45 169.4 169.5 0.001909434393
169.55 169.5 169.6 -0.0005305511008
169.65 169.6 169.7 -0.0009473918805
169.75 169.7 169.8 0.0008128799853
169.85 169.8 169.9 0.001265062333
169.95 169.9 170 0.001966260657
170.05 170 170.1 0.001595240707
170.15 170.1 170.2 -0.0009994004644
170.25 170.2 170.3 0.002353728071
170.35 170.3 170.4 -0.000384163899
170.45 170.4 170.5 0.0006705864962
170.55 170.5 170.6 0.001455279892
170.65 170.6 170.7 -0.0005354349636
170.75 170.7 170.8 0.00174757028
170.85 170.8 170.9 -0.001078301862
170.95 170.9 171 0.0005960867569
171.05 171 171.1 0.002424671224
171.15 171.1 171.2 0.001329523422
171.25 171.2 171.3 0.001209136471
171.35 171.3 171.4 0.001243945338
171.45 171.4 171.5 -0.00161517342
171.55 171.5 171.6 0.001241361644
171.65 171.6 171.7 0.001305590158
171.75 171.7 171.8 0.0005917845049
171.85 171.8 171.9 0.001814178201
171.95 171.9 172 0.001215982093
172.05 172 172.1 0.001068369775
172.15 172.1 172.2 0.002017325449
172.25 172.2 172.3 0.001460701917
172.35 172.3 172.4 -0.0032670331
172.45 172.4 172.5 0.0008291082247
172.55 172.5 172.6 -0.0009583564313
172.65 172.6 172.7 0.0008881984543
172.75 172.7 172.8 0.002711946181
172.85 172.8 172.9 0.000993852055
172.95 172.9 173 0.002685846391
173.05 173 173.1 0.002008257367
173.15 173.1 173.2 0.000367743445
173.25 173.2 173.3 0.002509269346
173.35 173.3 173.4 0.001941188215
173.45 173.4 173.5 -7.62623547e-05
173.55 173.5 173.6 0.0007024938985
173.65 173.6 173.7 0.003639570241
173.75 173.7 173.8 0.0002499217261
173.85 173.8 173.9 0.00194158925
173.95 173.9 174 0.0008999678473
174.05 174 174.1 -0.0003388531814
174.15 174.1 174.2 -0.0008536061785
174.25 174.2 174.3 0.001543249114
174.35 174.3 174.4 0.002023901547
174.45 174.4 174.5 -0.001417543307
174.55 174.5 174.6 0.001465350254
174.65 174.6 174.7 -0.001021693424
174.75 174.7 174.8 0.004868859991
174.85 174.8 174.9 0.0003857850185
174.95 174.9 175 -0.0006051945629
175.05 175 175.1 0.001411642015
175.15 175.1 175.2 0.0007490978143
175.25 175.2 175.3 -0.001052146455
175.35 175.3 175.4 -0.0009551229265
175.45 175.4 175.5 0.0001694639397
175.55 175.5 175.6 0.001253252993
175.65 175.6 175.7 -0.000102089593
175.75 175.7 175.8 0.001297015327
175.85 175.8 175.9 -0.002915825799
175.95 175.9 176 0.001074193505
176.05 176 176.1 -0.002924331351
176.15 176.1 176.2 -0.002066285636
176.25 176.2 176.3 0.001602478779
176.35 176.3 176.4 -1.817441033e-05
176.45 176.4 176.5 0.00134155621
176.55 176.5 176.6 0.0009003461383
176.65 176.6 176.7 0.001146755122
176.75 176.7 176.8 -0.0005878308123
176.85 176.8 176.9 -0.0002287179586
176.95 176.9 177 0.001956929408
177.05 177 177.1 -0.00131218563
177.15 177.1 177.2 -0.0002373251714
177.25 177.2 177.3 0.001622468762
177.35 177.3 177.4 0.001672367408
177.45 177.4 177.5 -0.0005768227206
177.55 177.5 177.6 0.001817697689
177.65 177.6 177.7 -0.0007808867181
177.75 177.7 177.8 0.002955338141
177.85 177.8 177.9 -0.0009209229861
177.95 177.9 178 0.0006220310994
178.05 178 178.1 0.0006756748699
178.15 178.1 178.2 -0.00247526606
178.25 178.2 178.3 0.0003206223068
178.35 178.3 178.4 -0.001208777703
178.45 178.4 178.5 -5.277153221e-06
178.55 178.5 178.6 -0.0005817429262
178.65 178.6 178.7 0.003183140579
178.75 178.7 178.8 -0.001590677444
178.85 178.8 178.9 0.0004187780903
178.95 178.9 179 -0.0003623690509
179.05 179 179.1 0.0003579630559
179.15 179.1 179.2 0.000576459165
179.25 179.2 179.3 0.002136994378
179.35 179.3 179.4 0.002067688216
179.45 179.4 179.5 -0.001266611946
179.55 179.5 179.6 -0.0009338423732
179.65 179.6 179.7 0.001837801689
179.75 179.7 179.8 4.779738586e-05
179.85 179.8 179.9 0.0004799828622
179.95 179.9 180 0.0004497971602
180.05 180 180.1 -5.191492035e-05
180.15 180.1 180.2 0.00126296598
180.25 180.2 180.3 0.002202640365
180.35 180.3 180.4 -5.60086668e-05
180.45 180.4 180.5 0.0002949704076
180.55 180.5 180.6 0.002260751357
180.65 180.6 180.7 0.0002571860549
180.75 180.7 180.8 0.0006031918438
180.85 180.8 180.9 -0.002661599952
180.95 180.9 181 0.002271702505
181.05 181 181.1 0.003298545753
181.15 181.1 181.2 -0.0005705729694
181.25 181.2 181.3 0.00135420674
181.35 181.3 181.4 -0.001502585802
181.45 181.4 181.5 -0.001999697842
181.55 181.5 181.6 -0.0005713144183
181.65 181.6 181.7 -0.0005056166124
181.75 181.7 181.8 0.002035949469
181.85 181.8 181.9 0.001834670836
181.95 181.9 182 0.0003286985474
182.05 182 182.1 0.000502384943
182.15 182.1 182.2 0.002783595276
182.25 182.2 182.3 0.001137219954
182.35 182.3 182.4 0.0016185892
182.45 182.4 182.5 0.0006152186138
182.55 182.5 182.6 0.001560753575
182.65 182.6 182.7 -0.0001991456326
182.75 182.7 182.8 0.0006059963521
182.85 182.8 182.9 0.002171295193
182.95 182.9 183 0.001619805632
183.05 183 183.1 0.002103840007
183.15 183.1 183.2 0.00202962771
183.25 183.2 183.3 0.0009953373995
183.35 183.3 183.4 0.002431604013
183.45 183.4 183.5 -0.0004596351356
183.55 183.5 183.6 0.0006012618813
183.65 183.6 183.7 0.002462253591
183.75 183.7 183.8 0.001486395897
183.85 183.8 183.9 0.000768776561
183.95 183.9 184 -0.0004041168117
184.05 184 184.1 0.001916851469
184.15 184.1 184.2 -0.00182090064
184.25 184.2 184.3 -0.001202429632
184.35 184.3 184.4 0.00176741507
184.45 184.4 184.5 0.0006685113526
184.55 184.5 184.6 0.002598896826
184.65 184.6 184.7 0.001971003148
184.75 184.7 184.8 -0.0002070294629
184.85 184.8 184.9 0.002849377247
184.95 184.9 185 0.002415021354
185.05 185 185.1 0.002855171961
185.15 185.1 185.2 -0.0006160927265
185.25 185.2 185.3 -0.001203852858
185.35 185.3 185.4 0.002468961462
185.45 185.4 185.5 0.002325430555
185.55 185.5 185.6 0.004693523165
185.65 185.6 185.7 0.000485414619
185.75 185.7 185.8 0.002327429477
185.85 185.8 185.9 0.001065757187
185.95 185.9 186 -7.7237463e-05
186.05 186 186.1 0.001841351952
186.15 186.1 186.2 0.0006076766417
186.25 186.2 186.3 0.003312631019
186.35 186.3 186.4 0.0008398983604
186.45 186.4 186.5 2.480505023e-05
186.55 186.5 186.6 0.0004054443127
186.65 186.6 186.7 -0.0001124125901
186.75 186.7 186.8 0.001584653639
186.85 186.8 186.9 0.001827869887
186.95 186.9 187 0.002468971183
187.05 187 187.1 0.001376360066
187.15 187.1 187.2 0.0007457319362
187.25 187.2 187.3 -0.001361670225
187.35 187.3 187.4 0.003177593799
187.45 187.4 187.5 0.001478121102
187.55 187.5 187.6 0.002766654545
187.65 187.6 187.7 0.0008405910413
187.75 187.7 187.8 0.003480769736
187.85 187.8 187.9 0.002418975462
187.95 187.9 188 0.003322333813
188.05 188 188.1 0.001989006024
188.15 188.1 188.2 0.0007944134091
188.25 188.2 188.3 0.002997589074
188.35 188.3 188.4 0.001952898332
188.45 188.4 188.5 0.001532325391
188.55 188.5 188.6 0.002204883751
188.65 188.6 188.7 -0.001109343145
188.75 188.7 188.8 0.003449278908
188.85 188.8 188.9 0.002459639068
188.95 188.9 189 0.0005027409686
189.05 189 189.1 0.002463879178
189.15 189.1 189.2 0.002256399283
189.25 189.2 189.3 -0.0002338597581
189.35 189.3 189.4 0.0008471997092
189.45 189.4 189.5 0.003898257911
189.55 189.5 189.6 -1.63708854e-05
189.65 189.6 189.7 0.001923697565
189.75 189.7 189.8 0.002852356524
189.85 189.8 189.9 0.001927459001
189.95 189.9 190 0.001341816562
190.05 190 190.1 0.001251594232
190.15 190.1 190.2 0.0002666195777
190.25 190.2 190.3 -0.0007469074098
190.35 190.3 190.4 -0.003044660019
190.45 190.4 190.5 0.001718045267
190.55 190.5 190.6 0.0002262831174
190.65 190.6 190.7 -0.0001111386269
190.75 190.7 190.8 -0.0006782279058
190.85 190.8 190.9 0.003216201407
190.95 190.9 191 -0.001223527001
191.05 191 191.1 0.003887819775
191.15 191.1 191.2 -0.0007606966806
191.25 191.2 191.3 0.001276018372
191.35 191.3 191.4 0.0006739816744
191.45 191.4 191.5 0.0003608803479
191.55 191.5 191.6 0.001700979785
191.65 191.6 191.7 0.0008077036832
191.75 191.7 191.8 0.0006234367113
191.85 191.8 191.9 0.002171474867
191.95 191.9 192 0.0005943585537
192.05 192 192.1 -0.00179059341
192.15 192.1 192.2 -0.0006498871399
192.25 192.2 192.3 0.0008955546719
192.35 192.3 192.4 0.001521765949
192.45 192.4 192.5 -0.0007110744835
192.55 192.5 192.6 0.001204904734
192.65 192.6 192.7 -7.644456194e-05
192.75 192.7 192.8 0.0006776247845
192.85 192.8 192.9 0.0003779283319
192.95 192.9 193 -0.0008304087142
193.05 193 193.1 0.0009320388516
193.15 193.1 193.2 0.001304260432
193.25 193.2 193.3 0.0001806213329
193.35 193.3 193.4 -0.001466334288
193.45 193.4 193.5 0.0006239560662
193.55 193.5 193.6 -6.532641276e-05
193.65 193.6 193.7 0.00337927354
193.75 193.7 193.8 -3.860343293e-06
193.85 193.8 193.9 0.001577546778
193.95 193.9 194 0.00219530617
194.05 194 194.1 0.000239666616
194.15 194.1 194.2 0.000665931834
194.25 194.2 194.3 0.000177954975
194.35 194.3 194.4 0.0005227507635
194.45 194.4 194.5 0.001441629197
194.55 194.5 194.6 0.0002929947427
194.65 194.6 194.7 0.001612822627
194.75 194.7 194.8 -0.0007045779643
194.85 194.8 194.9 2.362300988e-06
194.95 194.9 195 0.00166514415
195.05 195 195.1 -0.0006059174753
195.15 195.1 195.2 0.001171585273
195.25 195.2 195.3 0.0002711037351
195.35 195.3 195.4 0.00165643572
195.45 195.4 195.5 0.002537649332
195.55 195.5 195.6 0.003911895789
195.65 195.6 195.7 0.001390201031
195.75 195.7 195.8 -0.001055340247
195.85 195.8 195.9 0.00187253644
195.95 195.9 196 0.002554913545
196.05 196 196.1 0.001874518691
196.15 196.1 196.2 -0.001297634561
196.25 196.2 196.3 0.0006673075536
196.35 196.3 196.4 0.000364404421
196.45 196.4 196.5 0.001527433519
196.55 196.5 196.6 -4.762272719e-05
196.65 196.6 196.7 -0.0003891670057
196.75 196.7 196.8 0.0005440170864
196.85 196.8 196.9 4.622636508e-05
196.95 196.9 197 -0.0001233848663
197.05 197 197.1 -0.0006196141876
197.15 197.1 197.2 0.0007496127771
197.25 197.2 197.3 0.002208187202
197.35 197.3 197.4 -5.030166231e-05
197.45 197.4 197.5 0.002201287134
197.55 197.5 197.6 0.0001185609795
197.65 197.6 197.7 0.001846828662
197.75 197.7 197.8 -0.001192962869
197.85 197.8 197.9 0.001948298702
197.95 197.9 198 0.002676861445
198.05 198 198.1 0.00321531301
198.15 198.1 198.2 -0.0006126559281
198.25 198.2 198.3 -0.000605441413
198.35 198.3 198.4 0.001464024647
198.45 198.4 198.5 0.000619131032
198.55 198.5 198.6 0.001759632767
198.65 198.6 198.7 0.0002560473196
198.75 198.7 198.8 0.0003471589016
198.85 198.8 198.9 -0.0009021251322
198.95 198.9 199 -0.0006174366286
199.05 199 199.1 -0.0005945594357
199.15 199.1 199.2 0.003331208694
199.25 199.2 199.3 0.001746155079
199.35 199.3 199.4 0.0002142838429
199.45 199.4 199.5 0.001077994615
199.55 199.5 199.6 -0.001048740712
199.65 199.6 199.7 0.0008685934792
199.75 199.7 199.8 0.0009382618064
199.85 199.8 199.9 0.001388521494
199.95 199.9 200 -0.001029154506
