# Columns: s_cen(1) s_min(2) s_max(3) xi_iso(4)
0.05 0 0.1 47.72255347
0.15 0.1 0.2 15.8445295
0.25 0.2 0.3 15.1306723
0.35 0.3 0.4 20.65072332
0.45 0.4 0.5 20.67891649
0.55 0.5 0.6 20.14327851
0.65 0.6 0.7 24.74665231
0.75 0.7 0.8 22.70858342
0.85 0.8 0.9 22.15111476
0.95 0.9 1 20.30002756
1.05 1 1.1 22.66091875
1.15 1.1 1.2 21.2777444
1.25 1.2 1.3 20.39633993
1.35 1.3 1.4 18.14666691
1.45 1.4 1.5 17.64246475
1.55 1.5 1.6 15.21964083
1.65 1.6 1.7 14.77281972
1.75 1.7 1.8 14.10530039
1.85 1.8 1.9 12.88929912
1.95 1.9 2 12.75511769
2.05 2 2.1 11.9748304
2.15 2.1 2.2 10.70575777
2.25 2.2 2.3 10.87991998
2.35 2.3 2.4 10.13616653
2.45 2.4 2.5 9.487278414
2.55 2.5 2.6 9.218889331
2.65 2.6 2.7 8.647044242
2.75 2.7 2.8 7.785123474
2.85 2.8 2.9 7.183810058
2.95 2.9 3 7.046680645
3.05 3 3.1 6.699894428
3.15 3.1 3.2 6.616016772
3.25 3.2 3.3 6.479814767
3.35 3.3 3.4 5.851618557
3.45 3.4 3.5 5.746352187
3.55 3.5 3.6 5.468961078
3.65 3.6 3.7 5.162017138
3.75 3.7 3.8 4.916667944
3.85 3.8 3.9 4.712327338
3.95 3.9 4 4.616152087
4.05 4 4.1 4.309156021
4.15 4.1 4.2 4.301304288
4.25 4.2 4.3 4.233182035
4.35 4.3 4.4 4.128185983
4.45 4.4 4.5 3.949360489
4.55 4.5 4.6 3.929441664
4.65 4.6 4.7 3.813988351
4.75 4.7 4.8 3.551438602
4.85 4.8 4.9 3.365615602
4.95 4.9 5 3.315461488
5.05 5 5.1 3.189971159
5.15 5.1 5.2 3.225132294
5.25 5.2 5.3 3.089348491
5.35 5.3 5.4 2.965613329
5.45 5.4 5.5 2.899154578
5.55 5.5 5.6 2.915650419
5.65 5.6 5.7 2.783685361
5.75 5.7 5.8 2.939658913
5.85 5.8 5.9 2.717350404
5.95 5.9 6 2.646968658
6.05 6 6.1 2.442449993
6.15 6.1 6.2 2.36882083
6.25 6.2 6.3 2.478721834
6.35 6.3 6.4 2.317694578
6.45 6.4 6.5 2.338878069
6.55 6.5 6.6 2.165746097
6.65 6.6 6.7 2.086664495
6.75 6.7 6.8 2.061609333
6.85 6.8 6.9 1.950425621
6.95 6.9 7 1.957880005
7.05 7 7.1 1.98783156
7.15 7.1 7.2 2.04940928
7.25 7.2 7.3 1.832273565
7.35 7.3 7.4 1.870758796
7.45 7.4 7.5 1.77855437
7.55 7.5 7.6 1.665867516
7.65 7.6 7.7 1.739954703
7.75 7.7 7.8 1.661386403
7.85 7.8 7.9 1.698919513
7.95 7.9 8 1.64362694
8.05 8 8.1 1.53386811
8.15 8.1 8.2 1.527968005
8.25 8.2 8.3 1.464460044
8.35 8.3 8.4 1.442107407
8.45 8.4 8.5 1.452602152
8.55 8.5 8.6 1.439139161
8.65 8.6 8.7 1.305647102
8.75 8.7 8.8 1.329944302
8.85 8.8 8.9 1.31033115
8.95 8.9 9 1.304605051
9.05 9 9.1 1.361194244
9.15 9.1 9.2 1.26940778
9.25 9.2 9.3 1.239909923
9.35 9.3 9.4 1.195418039
9.45 9.4 9.5 1.205333288
9.55 9.5 9.6 1.173553024
9.65 9.6 9.7 1.095289864
9.75 9.7 9.8 1.119731149
9.85 9.8 9.9 1.127326863
9.95 9.9 10 1.077727406
10.05 10 10.1 1.034113576
10.15 10.1 10.2 1.023388506
10.25 10.2 10.3 1.013454923
10.35 10.3 10.4 1.001460205
10.45 10.4 10.5 0.9632836238
10.55 10.5 10.6 0.9689795548
10.65 10.6 10.7 0.9678646099
10.75 10.7 10.8 0.9302798932
10.85 10.8 10.9 0.9195792803
10.95 10.9 11 0.9135242887
11.05 11 11.1 0.8595461014
11.15 11.1 11.2 0.9234402972
11.25 11.2 11.3 0.8653418556
11.35 11.3 11.4 0.8392905929
11.45 11.4 11.5 0.8791397905
11.55 11.5 11.6 0.8332269281
11.65 11.6 11.7 0.836714588
11.75 11.7 11.8 0.807848207
11.85 11.8 11.9 0.8110611625
11.95 11.9 12 0.8084129846
12.05 12 12.1 0.768148445
12.15 12.1 12.2 0.7345214589
12.25 12.2 12.3 0.7596521058
12.35 12.3 12.4 0.7529824598
12.45 12.4 12.5 0.7421726543
12.55 12.5 12.6 0.6929274318
12.65 12.6 12.7 0.7207495017
12.75 12.7 12.8 0.6917655062
12.85 12.8 12.9 0.6900136034
12.95 12.9 13 0.6455081184
13.05 13 13.1 0.6494544098
13.15 13.1 13.2 0.6498028587
13.25 13.2 13.3 0.6082060602
13.35 13.3 13.4 0.612239511
13.45 13.4 13.5 0.6474142483
13.55 13.5 13.6 0.5877099877
13.65 13.6 13.7 0.5975842373
13.75 13.7 13.8 0.5853741876
13.85 13.8 13.9 0.5662276035
13.95 13.9 14 0.5928682744
14.05 14 14.1 0.5704511786
14.15 14.1 14.2 0.5510799138
14.25 14.2 14.3 0.5501224631
14.35 14.3 14.4 0.5401143294
14.45 14.4 14.5 0.55372023
14.55 14.5 14.6 0.5381552449
14.65 14.6 14.7 0.5094642158
14.75 14.7 14.8 0.5149638663
14.85 14.8 14.9 0.538559018
14.95 14.9 15 0.5276613546
15.05 15 15.1 0.5140822574
15.15 15.1 15.2 0.4817637031
15.25 15.2 15.3 0.517537047
15.35 15.3 15.4 0.498944678
15.45 15.4 15.5 0.4473601839
15.55 15.5 15.6 0.464851098
15.65 15.6 15.7 0.4406804817
15.75 15.7 15.8 0.4792091957
15.85 15.8 15.9 0.4585073388
15.95 15.9 16 0.468655773
16.05 16 16.1 0.4397737414
16.15 16.1 16.2 0.4263219052
16.25 16.2 16.3 0.4500329314
16.35 16.3 16.4 0.4111558918
16.45 16.4 16.5 0.4231478693
16.55 16.5 16.6 0.4351004001
16.65 16.6 16.7 0.4328629385
16.75 16.7 16.8 0.4181849943
16.85 16.8 16.9 0.404712954
16.95 16.9 17 0.4182741405
17.05 17 17.1 0.4035388136
17.15 17.1 17.2 0.410496604
17.25 17.2 17.3 0.3988934676
17.35 17.3 17.4 0.3976065887
17.45 17.4 17.5 0.3684126483
17.55 17.5 17.6 0.3764131827
17.65 17.6 17.7 0.3586500485
17.75 17.7 17.8 0.36731213
17.85 17.8 17.9 0.3589026631
17.95 17.9 18 0.3536654333
18.05 18 18.1 0.3615860683
18.15 18.1 18.2 0.3302814166
18.25 18.2 18.3 0.3386589829
18.35 18.3 18.4 0.3296913642
18.45 18.4 18.5 0.3327992094
18.55 18.5 18.6 0.3414930897
18.65 18.6 18.7 0.330823671
18.75 18.7 18.8 0.321778143
18.85 18.8 18.9 0.3212374739
18.95 18.9 19 0.3203582631
19.05 19 19.1 0.3096583254
19.15 19.1 19.2 0.3134113864
19.25 19.2 19.3 0.3131229886
19.35 19.3 19.4 0.2968480316
19.45 19.4 19.5 0.3436991122
19.55 19.5 19.6 0.3012457861
19.65 19.6 19.7 0.2755216203
19.75 19.7 19.8 0.2985123396
19.85 19.8 19.9 0.2984344949
19.95 19.9 20 0.2885504602
20.05 20 20.1 0.2726069318
20.15 20.1 20.2 0.2916334189
20.25 20.2 20.3 0.2657005781
20.35 20.3 20.4 0.2580889935
20.45 20.4 20.5 0.2713588035
20.55 20.5 20.6 0.2559033957
20.65 20.6 20.7 0.2561133158
20.75 20.7 20.8 0.2534276529
20.85 20.8 20.9 0.2307618408
20.95 20.9 21 0.2617218252
21.05 21 21.1 0.2514207743
21.15 21.1 21.2 0.2474644986
21.25 21.2 21.3 0.2550546713
21.35 21.3 21.4 0.2260233575
21.45 21.4 21.5 0.240277085
21.55 21.5 21.6 0.2262645982
21.65 21.6 21.7 0.2142740802
21.75 21.7 21.8 0.2237940256
21.85 21.8 21.9 0.2379219977
21.95 21.9 22 0.222480958
22.05 22 22.1 0.2313899092
22.15 22.1 22.2 0.2106417473
22.25 22.2 22.3 0.2266707862
22.35 22.3 22.4 0.2389566274
22.45 22.4 22.5 0.1986859854
22.55 22.5 22.6 0.2115218401
22.65 22.6 22.7 0.2040993137
22.75 22.7 22.8 0.1917090575
22.85 22.8 22.9 0.195126447
22.95 22.9 23 0.2008929078
23.05 23 23.1 0.1956093321
23.15 23.1 23.2 0.2067030254
23.25 23.2 23.3 0.2003678595
23.35 23.3 23.4 0.2139998954
23.45 23.4 23.5 0.186268273
23.55 23.5 23.6 0.1976598028
23.65 23.6 23.7 0.1878413544
23.75 23.7 23.8 0.185153925
23.85 23.8 23.9 0.1810099548
23.95 23.9 24 0.1880748364
24.05 24 24.1 0.196206923
24.15 24.1 24.2 0.1780522295
24.25 24.2 24.3 0.1793367096
24.35 24.3 24.4 0.1853737182
24.45 24.4 24.5 0.1650322587
24.55 24.5 24.6 0.1808456348
24.65 24.6 24.7 0.1670701889
24.75 24.7 24.8 0.1695393833
24.85 24.8 24.9 0.1729185878
24.95 24.9 25 0.1777381686
25.05 25 25.1 0.1619445167
25.15 25.1 25.2 0.1734543014
25.25 25.2 25.3 0.1635726925
25.35 25.3 25.4 0.170768859
25.45 25.4 25.5 0.1629444342
25.55 25.5 25.6 0.1608607957
25.65 25.6 25.7 0.1579382229
25.75 25.7 25.8 0.1572956157
25.85 25.8 25.9 0.1472340772
25.95 25.9 26 0.1643727678
26.05 26 26.1 0.1577732598
26.15 26.1 26.2 0.1550631204
26.25 26.2 26.3 0.1618532267
26.35 26.3 26.4 0.1563203208
26.45 26.4 26.5 0.1313737982
26.55 26.5 26.6 0.1592234755
26.65 26.6 26.7 0.1243627699
26.75 26.7 26.8 0.1286686597
26.85 26.8 26.9 0.1346835883
26.95 26.9 27 0.1333345891
27.05 27 27.1 0.1473060568
27.15 27.1 27.2 0.1419998341
27.25 27.2 27.3 0.1363830459
27.35 27.3 27.4 0.1405001566
27.45 27.4 27.5 0.1349071757
27.55 27.5 27.6 0.1304743936
27.65 27.6 27.7 0.1309810526
27.75 27.7 27.8 0.1400186887
27.85 27.8 27.9 0.1358563484
27.95 27.9 28 0.1467664695
28.05 28 28.1 0.1272105148
28.15 28.1 28.2 0.1262602931
28.25 28.2 28.3 0.1323065203
28.35 28.3 28.4 0.1131293456
28.45 28.4 28.5 0.1124260878
28.55 28.5 28.6 0.116319736
28.65 28.6 28.7 0.1424773001
28.75 28.7 28.8 0.1158276702
28.85 28.8 28.9 0.131464792
28.95 28.9 29 0.1203670154
29.05 29 29.1 0.1166045007
29.15 29.1 29.2 0.1151930964
29.25 29.2 29.3 0.1219437971
29.35 29.3 29.4 0.1216911537
29.45 29.4 29.5 0.1068309828
29.55 29.5 29.6 0.116231154
29.65 29.6 29.7 0.1107665103
29.75 29.7 29.8 0.1168224696
29.85 29.8 29.9 0.1083519507
29.95 29.9 30 0.1062209468
30.05 30 30.1 0.1001331655
30.15 30.1 30.2 0.1067367006
30.25 30.2 30.3 0.1045300437
30.35 30.3 30.4 0.1041041279
30.45 30.4 30.5 0.1153275485
30.55 30.5 30.6 0.1046032355
30.65 30.6 30.7 0.1043172552
30.75 30.7 30.8 0.1066802792
30.85 30.8 30.9 0.1042838873
30.95 30.9 31 0.1032887909
31.05 31 31.1 0.09970537987
31.15 31.1 31.2 0.1053624185
31.25 31.2 31.3 0.1023569419
31.35 31.3 31.4 0.09351891845
31.45 31.4 31.5 0.08739514483
31.55 31.5 31.6 0.09762805366
31.65 31.6 31.7 0.09287385331
31.75 31.7 31.8 0.08968171907
31.85 31.8 31.9 0.09672649702
31.95 31.9 32 0.08250017655
32.05 32 32.1 0.08587987596
32.15 32.1 32.2 0.09943982254
32.25 32.2 32.3 0.08864417039
32.35 32.3 32.4 0.08064470988
32.45 32.4 32.5 0.09355567147
32.55 32.5 32.6 0.0889019464
32.65 32.6 32.7 0.07571336678
32.75 32.7 32.8 0.09071203438
32.85 32.8 32.9 0.08781194311
32.95 32.9 33 0.09211830988
33.05 33 33.1 0.09450073629
33.15 33.1 33.2 0.09074685993
33.25 33.2 33.3 0.08873844287
33.35 33.3 33.4 0.09057380431
33.45 33.4 33.5 0.08521712057
33.55 33.5 33.6 0.08396698938
33.65 33.6 33.7 0.08751186199
33.75 33.7 33.8 0.08835492781
33.85 33.8 33.9 0.08853129958
33.95 33.9 34 0.08356747433
34.05 34 34.1 0.08576874168
34.15 34.1 34.2 0.07882247576
34.25 34.2 34.3 0.08790177412
34.35 34.3 34.4 0.08386585616
34.45 34.4 34.5 0.08436688043
34.55 34.5 34.6 0.07925047341
34.65 34.6 34.7 0.07784684595
34.75 34.7 34.8 0.08875691875
34.85 34.8 34.9 0.07879275995
34.95 34.9 35 0.06418718536
35.05 35 35.1 0.07709189231
35.15 35.1 35.2 0.06355036893
35.25 35.2 35.3 0.07756634479
35.35 35.3 35.4 0.06932649595
35.45 35.4 35.5 0.06790513231
35.55 35.5 35.6 0.06582332574
35.65 35.6 35.7 0.07203491818
35.75 35.7 35.8 0.0621962526
35.85 35.8 35.9 0.07556516044
35.95 35.9 36 0.0679847625
36.05 36 36.1 0.06160578268
36.15 36.1 36.2 0.06814217451
36.25 36.2 36.3 0.06474312272
36.35 36.3 36.4 0.07016148022
36.45 36.4 36.5 0.06677935497
36.55 36.5 36.6 0.07629551541
36.65 36.6 36.7 0.06423697841
36.75 36.7 36.8 0.05793355335
36.85 36.8 36.9 0.06225253301
36.95 36.9 37 0.06624033444
37.05 37 37.1 0.05982883296
37.15 37.1 37.2 0.05678075965
37.25 37.2 37.3 0.06674692574
37.35 37.3 37.4 0.06354101195
37.45 37.4 37.5 0.06932284287
37.55 37.5 37.6 0.04496101422
37.65 37.6 37.7 0.05120078362
37.75 37.7 37.8 0.05433412423
37.85 37.8 37.9 0.06702398997
37.95 37.9 38 0.055144897
38.05 38 38.1 0.0589764057
38.15 38.1 38.2 0.05967231058
38.25 38.2 38.3 0.0653620917
38.35 38.3 38.4 0.05106105359
38.45 38.4 38.5 0.05635120823
38.55 38.5 38.6 0.05720192653
38.65 38.6 38.7 0.04940391306
38.75 38.7 38.8 0.04903541139
38.85 38.8 38.9 0.06195880238
38.95 38.9 39 0.05144877901
39.05 39 39.1 0.04809912292
39.15 39.1 39.2 0.06161297408
39.25 39.2 39.3 0.05985061744
39.35 39.3 39.4 0.04377823105
39.45 39.4 39.5 0.05743236441
39.55 39.5 39.6 0.05034556686
39.65 39.6 39.7 0.04581248495
39.75 39.7 39.8 0.05265916272
39.85 39.8 39.9 0.05478433715
39.95 39.9 40 0.0469372258
40.05 40 40.1 0.04737818247
40.15 40.1 40.2 0.0436688943
40.25 40.2 40.3 0.05979413534
40.35 40.3 40.4 0.05294852671
40.45 40.4 40.5 0.04477133949
40.55 40.5 40.6 0.04691119226
40.65 40.6 40.7 0.0459405196
40.75 40.7 40.8 0.03803945875
40.85 40.8 40.9 0.04398042523
40.95 40.9 41 0.05028045414
41.05 41 41.1 0.04313375953
41.15 41.1 41.2 0.03744372938
41.25 41.2 41.3 0.05269875537
41.35 41.3 41.4 0.04950872899
41.45 41.4 41.5 0.04170058524
41.55 41.5 41.6 0.05059801248
41.65 41.6 41.7 0.05378505331
41.75 41.7 41.8 0.04880438303
41.85 41.8 41.9 0.04476329213
41.95 41.9 42 0.03464005938
42.05 42 42.1 0.04344226817
42.15 42.1 42.2 0.04164516494
42.25 42.2 42.3 0.04855265751
42.35 42.3 42.4 0.04409418021
42.45 42.4 42.5 0.04390849655
42.55 42.5 42.6 0.04097054163
42.65 42.6 42.7 0.0428697728
42.75 42.7 42.8 0.04321656914
42.85 42.8 42.9 0.04302791836
42.95 42.9 43 0.03112734319
43.05 43 43.1 0.03986509448
43.15 43.1 43.2 0.0410547305
43.25 43.2 43.3 0.04508102204
43.35 43.3 43.4 0.03099463693
43.45 43.4 43.5 0.04321560359
43.55 43.5 43.6 0.03493471387
43.65 43.6 43.7 0.04181197412
43.75 43.7 43.8 0.04063300234
43.85 43.8 43.9 0.04108834968
43.95 43.9 44 0.04277616564
44.05 44 44.1 0.02993542402
44.15 44.1 44.2 0.04282140364
44.25 44.2 44.3 0.02808635253
44.35 44.3 44.4 0.04451303529
44.45 44.4 44.5 0.03797147566
44.55 44.5 44.6 0.04128704417
44.65 44.6 44.7 0.03467811837
44.75 44.7 44.8 0.03630655071
44.85 44.8 44.9 0.03887634152
44.95 44.9 45 0.04019380573
45.05 45 45.1 0.04407417954
45.15 45.1 45.2 0.0310486211
45.25 45.2 45.3 0.03702106839
45.35 45.3 45.4 0.03730817153
45.45 45.4 45.5 0.03699731441
45.55 45.5 45.6 0.03745777137
45.65 45.6 45.7 0.03729960625
45.75 45.7 45.8 0.0381453373
45.85 45.8 45.9 0.03480361871
45.95 45.9 46 0.03593634534
46.05 46 46.1 0.04098432094
46.15 46.1 46.2 0.03790738468
46.25 46.2 46.3 0.04441072526
46.35 46.3 46.4 0.03300060088
46.45 46.4 46.5 0.03496984057
46.55 46.5 46.6 0.03284542905
46.65 46.6 46.7 0.02745998313
46.75 46.7 46.8 0.03412341221
46.85 46.8 46.9 0.0281713836
46.95 46.9 47 0.03522311122
47.05 47 47.1 0.03324651242
47.15 47.1 47.2 0.03420889544
47.25 47.2 47.3 0.03393782533
47.35 47.3 47.4 0.04166446932
47.45 47.4 47.5 0.02929550658
47.55 47.5 47.6 0.03066018774
47.65 47.6 47.7 0.03288594397
47.75 47.7 47.8 0.02592621613
47.85 47.8 47.9 0.03148868924
47.95 47.9 48 0.02343658816
48.05 48 48.1 0.02821875301
48.15 48.1 48.2 0.0325142275
48.25 48.2 48.3 0.03662872677
48.35 48.3 48.4 0.03282139415
48.45 48.4 48.5 0.02762221132
48.55 48.5 48.6 0.03582798335
48.65 48.6 48.7 0.02508803669
48.75 48.7 48.8 0.0320769328
48.85 48.8 48.9 0.0366317862
48.95 48.9 49 0.02318547666
49.05 49 49.1 0.03657070861
49.15 49.1 49.2 0.02629611015
49.25 49.2 49.3 0.02603305339
49.35 49.3 49.4 0.0151704478
49.45 49.4 49.5 0.02708496339
49.55 49.5 49.6 0.03520857211
49.65 49.6 49.7 0.03125508128
49.75 49.7 49.8 0.02646592802
49.85 49.8 49.9 0.02539256275
49.95 49.9 50 0.02737482153
50.05 50 50.1 0.02890753514
50.15 50.1 50.2 0.02732276808
50.25 50.2 50.3 0.03219029237
50.35 50.3 50.4 0.03011119219
50.45 50.4 50.5 0.02072698065
50.55 50.5 50.6 0.02600174269
50.65 50.6 50.7 0.03015949893
50.75 50.7 50.8 0.03048365475
50.85 50.8 50.9 0.02224357573
50.95 50.9 51 0.02734780151
51.05 51 51.1 0.02924383951
51.15 51.1 51.2 0.02640617334
51.25 51.2 51.3 0.03137917726
51.35 51.3 51.4 0.02072828777
51.45 51.4 51.5 0.02509782637
51.55 51.5 51.6 0.02461829709
51.65 51.6 51.7 0.02276489352
51.75 51.7 51.8 0.02122941804
51.85 51.8 51.9 0.02087959246
51.95 51.9 52 0.02224424875
52.05 52 52.1 0.03023929653
52.15 52.1 52.2 0.0298778517
52.25 52.2 52.3 0.02909377337
52.35 52.3 52.4 0.02609563824
52.45 52.4 52.5 0.01734339601
52.55 52.5 52.6 0.02367357122
52.65 52.6 52.7 0.02758987351
52.75 52.7 52.8 0.01416890293
52.85 52.8 52.9 0.02104837059
52.95 52.9 53 0.02632695776
53.05 53 53.1 0.02685994542
53.15 53.1 53.2 0.02308160782
53.25 53.2 53.3 0.02829114393
53.35 53.3 53.4 0.02258664747
53.45 53.4 53.5 0.02095030148
53.55 53.5 53.6 0.02044339083
53.65 53.6 53.7 0.02593691666
53.75 53.7 53.8 0.02296109053
53.85 53.8 53.9 0.02506945214
53.95 53.9 54 0.02499338878
54.05 54 54.1 0.02041106582
54.15 54.1 54.2 0.02884406668
54.25 54.2 54.3 0.01744233053
54.35 54.3 54.4 0.02293397591
54.45 54.4 54.5 0.02125533825
54.55 54.5 54.6 0.02393010358
54.65 54.6 54.7 0.01681211987
54.75 54.7 54.8 0.02457572989
54.85 54.8 54.9 0.021277138
54.95 54.9 55 0.02345261366
55.05 55 55.1 0.01351742869
55.15 55.1 55.2 0.0229880782
55.25 55.2 55.3 0.02146889149
55.35 55.3 55.4 0.01406901095
55.45 55.4 55.5 0.02004010736
55.55 55.5 55.6 0.0290293725
55.65 55.6 55.7 0.02052167221
55.75 55.7 55.8 0.0232655142
55.85 55.8 55.9 0.02175331953
55.95 55.9 56 0.02037936571
56.05 56 56.1 0.02640495932
56.15 56.1 56.2 0.01388601241
56.25 56.2 56.3 0.01700602886
56.35 56.3 56.4 0.02402325378
56.45 56.4 56.5 0.02160762545
56.55 56.5 56.6 0.02383174146
56.65 56.6 56.7 0.02126738066
56.75 56.7 56.8 0.02695080988
56.85 56.8 56.9 0.01112855488
56.95 56.9 57 0.0191143946
57.05 57 57.1 0.02083858939
57.15 57.1 57.2 0.02201572834
57.25 57.2 57.3 0.01972436937
57.35 57.3 57.4 0.008043564184
57.45 57.4 57.5 0.02589549186
57.55 57.5 57.6 0.02788234218
57.65 57.6 57.7 0.02304852429
57.75 57.7 57.8 0.02284644928
57.85 57.8 57.9 0.01448158034
57.95 57.9 58 0.01863987372
58.05 58 58.1 0.02692113688
58.15 58.1 58.2 0.02443855306
58.25 58.2 58.3 0.02466913556
58.35 58.3 58.4 0.01960094135
58.45 58.4 58.5 0.01926908588
58.55 58.5 58.6 0.01340514894
58.65 58.6 58.7 0.01633164932
58.75 58.7 58.8 0.01542986552
58.85 58.8 58.9 0.0220996158
58.95 58.9 59 0.0238185723
59.05 59 59.1 0.02081944566
59.15 59.1 59.2 0.01822172365
59.25 59.2 59.3 0.01573104319
59.35 59.3 59.4 0.01905161832
59.45 59.4 59.5 0.016632646
59.55 59.5 59.6 0.01869320723
59.65 59.6 59.7 0.01679451787
59.75 59.7 59.8 0.01407567057
59.85 59.8 59.9 0.01173103403
59.95 59.9 60 0.01604351704
60.05 60 60.1 0.01936886688
60.15 60.1 60.2 0.02258338383
60.25 60.2 60.3 0.01664937624
60.35 60.3 60.4 0.01019196741
60.45 60.4 60.5 0.02042483678
60.55 60.5 60.6 0.009062465964
60.65 60.6 60.7 0.01323948106
60.75 60.7 60.8 0.01417535339
60.85 60.8 60.9 0.01632257742
60.95 60.9 61 0.01580856535
61.05 61 61.1 0.00621378294
61.15 61.1 61.2 0.02153172584
61.25 61.2 61.3 0.01643184384
61.35 61.3 61.4 0.01899723217
61.45 61.4 61.5 0.007733232499
61.55 61.5 61.6 0.01487536105
61.65 61.6 61.7 0.01349041306
61.75 61.7 61.8 0.02406668539
61.85 61.8 61.9 0.01407727284
61.95 61.9 62 0.01964860257
62.05 62 62.1 0.0168544788
62.15 62.1 62.2 0.01766880149
62.25 62.2 62.3 0.01259508091
62.35 62.3 62.4 0.02096097365
62.45 62.4 62.5 0.01688593179
62.55 62.5 62.6 0.01384465318
62.65 62.6 62.7 0.01957044346
62.75 62.7 62.8 0.01457944936
62.85 62.8 62.9 0.01652200594
62.95 62.9 63 0.01323549744
63.05 63 63.1 0.01869108778
63.15 63.1 63.2 0.01231610016
63.25 63.2 63.3 0.01498861763
63.35 63.3 63.4 0.009253441659
63.45 63.4 63.5 0.01751772481
63.55 63.5 63.6 0.01124531359
63.65 63.6 63.7 0.02050258571
63.75 63.7 63.8 0.0113587027
63.85 63.8 63.9 0.01149671984
63.95 63.9 64 0.01340031112
64.05 64 64.1 0.01294097312
64.15 64.1 64.2 0.01283948748
64.25 64.2 64.3 0.01014048601
64.35 64.3 64.4 0.01098119617
64.45 64.4 64.5 0.00669316264
64.55 64.5 64.6 0.01049793609
64.65 64.6 64.7 0.01681449221
64.75 64.7 64.8 0.01286525471
64.85 64.8 64.9 0.01214167354
64.95 64.9 65 0.009821660445
65.05 65 65.1 0.01113718684
65.15 65.1 65.2 0.008897094512
65.25 65.2 65.3 0.01562922723
65.35 65.3 65.4 0.01314828033
65.45 65.4 65.5 0.01377195621
65.55 65.5 65.6 0.005849446365
65.65 65.6 65.7 0.01358321991
65.75 65.7 65.8 0.01198698204
65.85 65.8 65.9 0.0111557901
65.95 65.9 66 0.01852487213
66.05 66 66.1 0.0118092262
66.15 66.1 66.2 0.01161401535
66.25 66.2 66.3 0.01078592924
66.35 66.3 66.4 0.009329801909
66.45 66.4 66.5 0.011096652
66.55 66.5 66.6 0.01185899911
66.65 66.6 66.7 0.01428357928
66.75 66.7 66.8 0.006454999032
66.85 66.8 66.9 0.01634129507
66.95 66.9 67 0.01364612908
67.05 67 67.1 0.01295227858
67.15 67.1 67.2 0.01012624543
67.25 67.2 67.3 0.01183608961
67.35 67.3 67.4 0.01508872384
67.45 67.4 67.5 0.007083434407
67.55 67.5 67.6 0.009246193033
67.65 67.6 67.7 0.004996918629
67.75 67.7 67.8 0.009967311485
67.85 67.8 67.9 0.007800226849
67.95 67.9 68 0.01438260727
68.05 68 68.1 0.01303534854
68.15 68.1 68.2 0.00884544833
68.25 68.2 68.3 0.01192541884
68.35 68.3 68.4 0.01112346575
68.45 68.4 68.5 0.01422876874
68.55 68.5 68.6 0.01131044858
68.65 68.6 68.7 0.01371656993
68.75 68.7 68.8 0.01713415049
68.85 68.8 68.9 0.01317556982
68.95 68.9 69 0.01538154959
69.05 69 69.1 0.01341706145
69.15 69.1 69.2 0.01261157665
69.25 69.2 69.3 0.01551261592
69.35 69.3 69.4 0.01365839124
69.45 69.4 69.5 0.004698714864
69.55 69.5 69.6 0.007146691734
69.65 69.6 69.7 0.009542632199
69.75 69.7 69.8 0.01004696796
69.85 69.8 69.9 0.01136470316
69.95 69.9 70 0.0142371619
70.05 70 70.1 0.01523299755
70.15 70.1 70.2 0.01161978628
70.25 70.2 70.3 0.009194244093
70.35 70.3 70.4 0.009328685304
70.45 70.4 70.5 0.006397315969
70.55 70.5 70.6 0.01094390511
70.65 70.6 70.7 0.01416072272
70.75 70.7 70.8 0.009498389922
70.85 70.8 70.9 0.01378720666
70.95 70.9 71 0.01104910975
71.05 71 71.1 0.01414625898
71.15 71.1 71.2 0.003037441872
71.25 71.2 71.3 0.01142869119
71.35 71.3 71.4 0.005173118002
71.45 71.4 71.5 0.008871329299
71.55 71.5 71.6 0.0132023425
71.65 71.6 71.7 0.01030333718
71.75 71.7 71.8 0.01137922776
71.85 71.8 71.9 0.003843740892
71.95 71.9 72 0.007467774696
72.05 72 72.1 0.01025072199
72.15 72.1 72.2 0.01496804443
72.25 72.2 72.3 0.01054650645
72.35 72.3 72.4 0.008566107261
72.45 72.4 72.5 0.0104617242
72.55 72.5 72.6 0.008973708108
72.65 72.6 72.7 0.009153468896
72.75 72.7 72.8 0.01455125895
72.85 72.8 72.9 0.008063821927
72.95 72.9 73 0.006137562334
73.05 73 73.1 0.007417214173
73.15 73.1 73.2 0.01563929522
73.25 73.2 73.3 0.01141165351
73.35 73.3 73.4 0.009819030471
73.45 73.4 73.5 0.007804278241
73.55 73.5 73.6 0.007227485068
73.65 73.6 73.7 0.006785355968
73.75 73.7 73.8 0.00518994229
73.85 73.8 73.9 0.0113227574
73.95 73.9 74 0.009879978711
74.05 74 74.1 0.002202964538
74.15 74.1 74.2 0.01073792608
74.25 74.2 74.3 0.009926664512
74.35 74.3 74.4 0.01379297863
74.45 74.4 74.5 0.007540706871
74.55 74.5 74.6 0.01306241687
74.65 74.6 74.7 0.007564345567
74.75 74.7 74.8 0.01008052862
74.85 74.8 74.9 0.009365327063
74.95 74.9 75 0.007768959988
75.05 75 75.1 0.009232778879
75.15 75.1 75.2 0.004203161795
75.25 75.2 75.3 0.004665160885
75.35 75.3 75.4 0.01267052948
75.45 75.4 75.5 0.005615638295
75.55 75.5 75.6 0.009778151632
75.65 75.6 75.7 0.003789299616
75.75 75.7 75.8 0.006056674216
75.85 75.8 75.9 0.006777318137
75.95 75.9 76 0.01222637799
76.05 76 76.1 0.005271507539
76.15 76.1 76.2 0.007687162045
76.25 76.2 76.3 0.00735176315
76.35 76.3 76.4 0.006476691333
76.45 76.4 76.5 0.001338639114
76.55 76.5 76.6 0.002550489652
76.65 76.6 76.7 0.008141510686
76.75 76.7 76.8 0.006351252117
76.85 76.8 76.9 0.007261293508
76.95 76.9 77 0.00833104486
77.05 77 77.1 0.008549856861
77.15 77.1 77.2 0.006754174007
77.25 77.2 77.3 0.003702960373
77.35 77.3 77.4 -0.0003874585872
77.45 77.4 77.5 0.008548533602
77.55 77.5 77.6 0.006213887043
77.65 77.6 77.7 0.008626329171
77.75 77.7 77.8 0.007428631007
77.85 77.8 77.9 0.007702592843
77.95 77.9 78 0.01012522779
78.05 78 78.1 0.005925176158
78.15 78.1 78.2 0.006377060335
78.25 78.2 78.3 0.008891007325
78.35 78.3 78.4 0.0005661122285
78.45 78.4 78.5 0.004446118811
78.55 78.5 78.6 0.005820683897
78.65 78.6 78.7 0.004313607587
78.75 78.7 78.8 0.00354244038
78.85 78.8 78.9 0.00393893145
78.95 78.9 79 0.005964433059
79.05 79 79.1 0.004560590848
79.15 79.1 79.2 0.00607689616
79.25 79.2 79.3 0.002962930282
79.35 79.3 79.4 0.004267199354
79.45 79.4 79.5 0.00410824724
79.55 79.5 79.6 0.002405152117
79.65 79.6 79.7 0.007118754259
79.75 79.7 79.8 0.0008619235615
79.85 79.8 79.9 0.006742247549
79.95 79.9 80 0.00186846932
80.05 80 80.1 0.001669486223
80.15 80.1 80.2 0.008534994249
80.25 80.2 80.3 0.006682715484
80.35 80.3 80.4 0.00222477394
80.45 80.4 80.5 0.009536177629
80.55 80.5 80.6 0.004441872976
80.65 80.6 80.7 0.004404567277
80.75 80.7 80.8 0.001139806967
80.85 80.8 80.9 0.005059539041
80.95 80.9 81 0.003651666793
81.05 81 81.1 0.007617620147
81.15 81.1 81.2 0.003336636888
81.25 81.2 81.3 0.005029684719
81.35 81.3 81.4 0.005026042954
81.45 81.4 81.5 0.007518491844
81.55 81.5 81.6 0.005561720044
81.65 81.6 81.7 0.005759092925
81.75 81.7 81.8 0.004784721916
81.85 81.8 81.9 0.003247660598
81.95 81.9 82 0.007445038757
82.05 82 82.1 0.00357825538
82.15 82.1 82.2 0.00615945396
82.25 82.2 82.3 0.005583958568
82.35 82.3 82.4 0.005796857603
82.45 82.4 82.5 0.007511603343
82.55 82.5 82.6 0.004455982516
82.65 82.6 82.7 0.002188056005
82.75 82.7 82.8 0.003196746262
82.85 82.8 82.9 0.007007925727
82.95 82.9 83 0.005086831118
83.05 83 83.1 0.001867796518
83.15 83.1 83.2 0.007381075678
83.25 83.2 83.3 0.005569083291
83.35 83.3 83.4 0.004653612825
83.45 83.4 83.5 0.003292720331
83.55 83.5 83.6 0.005538653942
83.65 83.6 83.7 0.007409279345
83.75 83.7 83.8 0.001369267242
83.85 83.8 83.9 0.004573311454
83.95 83.9 84 0.006158352904
84.05 84 84.1 0.01293628179
84.15 84.1 84.2 0.006461690666
84.25 84.2 84.3 0.005467403249
84.35 84.3 84.4 0.00852333675
84.45 84.4 84.5 0.004639418898
84.55 84.5 84.6 0.004536609954
84.65 84.6 84.7 0.005453646059
84.75 84.7 84.8 0.004397749981
84.85 84.8 84.9 0.007162142105
84.95 84.9 85 0.004806616391
85.05 85 85.1 0.002766668956
85.15 85.1 85.2 0.002422356331
85.25 85.2 85.3 0.00608271166
85.35 85.3 85.4 0.004399115529
85.45 85.4 85.5 0.006709494199
85.55 85.5 85.6 0.002726602369
85.65 85.6 85.7 0.005694165404
85.75 85.7 85.8 0.007099236057
85.85 85.8 85.9 0.005064440591
85.95 85.9 86 0.002966873568
86.05 86 86.1 0.007370330147
86.15 86.1 86.2 0.001912737329
86.25 86.2 86.3 0.008282457668
86.35 86.3 86.4 0.01081956024
86.45 86.4 86.5 0.003337864096
86.55 86.5 86.6 0.003782440532
86.65 86.6 86.7 0.009757226799
86.75 86.7 86.8 0.006049220022
86.85 86.8 86.9 0.006499909364
86.95 86.9 87 0.004817174932
87.05 87 87.1 -0.001671307365
87.15 87.1 87.2 0.006610236451
87.25 87.2 87.3 0.01151672255
87.35 87.3 87.4 0.006250428956
87.45 87.4 87.5 0.009246377829
87.55 87.5 87.6 0.003745981709
87.65 87.6 87.7 0.0003952909033
87.75 87.7 87.8 0.003230321542
87.85 87.8 87.9 0.008423630401
87.95 87.9 88 -0.0001699710908
88.05 88 88.1 0.009891248822
88.15 88.1 88.2 0.003554214395
88.25 88.2 88.3 0.005845577863
88.35 88.3 88.4 0.005797282711
88.45 88.4 88.5 0.005796511135
88.55 88.5 88.6 0.0123261644
88.65 88.6 88.7 0.003125796337
88.75 88.7 88.8 0.00288822103
88.85 88.8 88.9 0.004016241629
88.95 88.9 89 0.005183702054
89.05 89 89.1 0.002165911531
89.15 89.1 89.2 0.009935888424
89.25 89.2 89.3 0.002546245172
89.35 89.3 89.4 0.001547128065
89.45 89.4 89.5 0.01155977811
89.55 89.5 89.6 0.009980500956
89.65 89.6 89.7 0.005718642928
89.75 89.7 89.8 0.006103675208
89.85 89.8 89.9 0.005799657217
89.95 89.9 90 0.008646777897
90.05 90 90.1 0.00604181415
90.15 90.1 90.2 0.008358973218
90.25 90.2 90.3 0.006058037996
90.35 90.3 90.4 0.005601319349
90.45 90.4 90.5 0.008825528223
90.55 90.5 90.6 0.005375990912
90.65 90.6 90.7 0.003758912215
90.75 90.7 90.8 0.003217799375
90.85 90.8 90.9 0.005886671032
90.95 90.9 91 0.01030309079
91.05 91 91.1 0.007054941295
91.15 91.1 91.2 0.009551734051
91.25 91.2 91.3 0.007384653952
91.35 91.3 91.4 0.00522756688
91.45 91.4 91.5 0.009160760092
91.55 91.5 91.6 0.008435937409
91.65 91.6 91.7 0.00945106402
91.75 91.7 91.8 0.004186836352
91.85 91.8 91.9 0.001589216446
91.95 91.9 92 0.003207206229
92.05 92 92.1 0.00614257905
92.15 92.1 92.2 0.009260772203
92.25 92.2 92.3 0.005126382006
92.35 92.3 92.4 0.004084106159
92.45 92.4 92.5 0.001505209717
92.55 92.5 92.6 0.004459815908
92.65 92.6 92.7 0.005754437553
92.75 92.7 92.8 0.006027984864
92.85 92.8 92.9 0.002499838472
92.95 92.9 93 0.003417586105
93.05 93 93.1 0.0071324382
93.15 93.1 93.2 0.004744207996
93.25 93.2 93.3 0.005107392941
93.35 93.3 93.4 0.007220829113
93.45 93.4 93.5 0.0083743525
93.55 93.5 93.6 0.004973507874
93.65 93.6 93.7 0.001647625448
93.75 93.7 93.8 0.001573786068
93.85 93.8 93.9 0.001367141777
93.95 93.9 94 -0.0004099836387
94.05 94 94.1 0.003054379062
94.15 94.1 94.2 0.001835894193
94.25 94.2 94.3 0.004889064706
94.35 94.3 94.4 0.005277159212
94.45 94.4 94.5 0.005578491958
94.55 94.5 94.6 0.003829488782
94.65 94.6 94.7 0.001945466174
94.75 94.7 94.8 0.004919923495
94.85 94.8 94.9 0.004344049154
94.95 94.9 95 0.005197958011
95.05 95 95.1 0.004563703792
95.15 95.1 95.2 0.005060188608
95.25 95.2 95.3 0.007024194184
95.35 95.3 95.4 0.003363689823
95.45 95.4 95.5 0.004627553583
95.55 95.5 95.6 0.003638098561
95.65 95.6 95.7 0.0008995237809
95.75 95.7 95.8 0.002121143941
95.85 95.8 95.9 -0.0006371472812
95.95 95.9 96 0.00730868968
96.05 96 96.1 -0.0006864847808
96.15 96.1 96.2 0.002468421437
96.25 96.2 96.3 0.005212105331
96.35 96.3 96.4 0.00415204451
96.45 96.4 96.5 0.001616252701
96.55 96.5 96.6 0.007830939577
96.65 96.6 96.7 0.003600070332
96.75 96.7 96.8 0.003987513768
96.85 96.8 96.9 -0.0004426619964
96.95 96.9 97 0.003518215817
97.05 97 97.1 0.002540251075
97.15 97.1 97.2 0.004415561321
97.25 97.2 97.3 0.005998721922
97.35 97.3 97.4 0.002748469128
97.45 97.4 97.5 0.002107779096
97.55 97.5 97.6 0.004513991578
97.65 97.6 97.7 0.002916484617
97.75 97.7 97.8 -0.0004570558455
97.85 97.8 97.9 0.008488292502
97.95 97.9 98 0.006147957415
98.05 98 98.1 0.003026417118
98.15 98.1 98.2 0.002909028727
98.25 98.2 98.3 0.004783776166
98.35 98.3 98.4 0.003419446041
98.45 98.4 98.5 0.005386995519
98.55 98.5 98.6 0.003931472542
98.65 98.6 98.7 -0.0005853370034
98.75 98.7 98.8 0.007188825839
98.85 98.8 98.9 -0.001249469242
98.95 98.9 99 0.002255958767
99.05 99 99.1 0.006278440788
99.15 99.1 99.2 0.002103602549
99.25 99.2 99.3 0.003717647075
99.35 99.3 99.4 0.003440974218
99.45 99.4 99.5 0.002649624885
99.55 99.5 99.6 -0.002293488319
99.65 99.6 99.7 -0.000844415228
99.75 99.7 99.8 0.002852624365
99.85 99.8 99.9 0.002742116374
99.95 99.9 100 0.003816761884
100.05 100 100.1 0.003894037194
100.15 100.1 100.2 0.00380095218
100.25 100.2 100.3 -0.0001379010808
100.35 100.3 100.4 0.005685634045
100.45 100.4 100.5 0.001931569408
100.55 100.5 100.6 0.005387039309
100.65 100.6 100.7 -0.0001687406706
100.75 100.7 100.8 0.002591458799
100.85 100.8 100.9 0.003183369354
100.95 100.9 101 -0.001091678587
101.05 101 101.1 0.003062736262
101.15 101.1 101.2 0.00374915252
101.25 101.2 101.3 0.002122007577
101.35 101.3 101.4 0.0002893379531
101.45 101.4 101.5 0.003594450221
101.55 101.5 101.6 0.005586636508
101.65 101.6 101.7 0.00445252101
101.75 101.7 101.8 0.003089565683
101.85 101.8 101.9 0.002947766162
101.95 101.9 102 0.003292575549
102.05 102 102.1 0.004820922825
102.15 102.1 102.2 0.002054750186
102.25 102.2 102.3 0.006278732845
102.35 102.3 102.4 0.002556418631
102.45 102.4 102.5 0.0006063678806
102.55 102.5 102.6 -6.686230523e-05
102.65 102.6 102.7 0.003070884799
102.75 102.7 102.8 0.004452427868
102.85 102.8 102.9 0.002734548197
102.95 102.9 103 0.004163965446
103.05 103 103.1 0.003782040156
103.15 103.1 103.2 0.002573804388
103.25 103.2 103.3 0.002961456997
103.35 103.3 103.4 0.004393262559
103.45 103.4 103.5 0.00388354805
103.55 103.5 103.6 0.004307207981
103.65 103.6 103.7 0.003684733139
103.75 103.7 103.8 -0.0004590525842
103.85 103.8 103.9 0.003265318664
103.95 103.9 104 0.005218244364
104.05 104 104.1 0.00384827265
104.15 104.1 104.2 0.003482438701
104.25 104.2 104.3 0.0008924359479
104.35 104.3 104.4 0.001518627465
104.45 104.4 104.5 0.003630628631
104.55 104.5 104.6 0.003819171845
104.65 104.6 104.7 0.004636139447
104.75 104.7 104.8 0.003875632553
104.85 104.8 104.9 0.008212254835
104.95 104.9 105 0.002553271935
105.05 105 105.1 0.00249489467
105.15 105.1 105.2 -0.002254308816
105.25 105.2 105.3 0.002234987
105.35 105.3 105.4 0.002829702178
105.45 105.4 105.5 0.004589070759
105.55 105.5 105.6 0.002996066759
105.65 105.6 105.7 0.004983493311
105.75 105.7 105.8 0.0004131794605
105.85 105.8 105.9 0.00796437347
105.95 105.9 106 0.002040756347
106.05 106 106.1 0.001721936566
106.15 106.1 106.2 0.002902050619
106.25 106.2 106.3 0.002303333456
106.35 106.3 106.4 0.003310597592
106.45 106.4 106.5 0.001954290796
106.55 106.5 106.6 -0.001715470141
106.65 106.6 106.7 0.002295135219
106.75 106.7 106.8 0.005596484958
106.85 106.8 106.9 0.003755674575
106.95 106.9 107 0.005696262496
107.05 107 107.1 6.51122395e-05
107.15 107.1 107.2 0.005565454865
107.25 107.2 107.3 -0.0002921807738
107.35 107.3 107.4 0.000641105809
107.45 107.4 107.5 0.00174127853
107.55 107.5 107.6 0.003610091154
107.65 107.6 107.7 -0.001052410066
107.75 107.7 107.8 0.0005790945248
107.85 107.8 107.9 0.001281404011
107.95 107.9 108 0.005144772738
108.05 108 108.1 0.00701409498
108.15 108.1 108.2 0.002609971863
108.25 108.2 108.3 0.003564935982
108.35 108.3 108.4 0.003021541281
108.45 108.4 108.5 0.001983602993
108.55 108.5 108.6 0.003468942195
108.65 108.6 108.7 0.00631203799
108.75 108.7 108.8 0.006017655499
108.85 108.8 108.9 0.002269719484
108.95 108.9 109 0.004908728548
109.05 109 109.1 0.001894149083
109.15 109.1 109.2 0.0008524346869
109.25 109.2 109.3 0.003533196998
109.35 109.3 109.4 0.005234835842
109.45 109.4 109.5 -0.00103443834
109.55 109.5 109.6 0.003149025581
109.65 109.6 109.7 0.002959689139
109.75 109.7 109.8 0.001713085402
109.85 109.8 109.9 0.001761172958
109.95 109.9 110 0.001083704453
110.05 110 110.1 0.003541999371
110.15 110.1 110.2 0.003487288181
110.25 110.2 110.3 0.001089455454
110.35 110.3 110.4 -0.0004301099456
110.45 110.4 110.5 0.001640371987
110.55 110.5 110.6 0.001898883333
110.65 110.6 110.7 -6.869520051e-05
110.75 110.7 110.8 0.003667739422
110.85 110.8 110.9 0.002189030798
110.95 110.9 111 0.002734401701
111.05 111 111.1 0.007383950684
111.15 111.1 111.2 0.001030834468
111.25 111.2 111.3 0.0005460803865
111.35 111.3 111.4 -0.00190649282
111.45 111.4 111.5 -0.0002235686168
111.55 111.5 111.6 0.003167639928
111.65 111.6 111.7 -0.002608235454
111.75 111.7 111.8 -0.00212568517
111.85 111.8 111.9 0.003489632113
111.95 111.9 112 -0.002338571636
112.05 112 112.1 0.003669797396
112.15 112.1 112.2 0.003294265244
112.25 112.2 112.3 0.002844554934
112.35 112.3 112.4 0.005081211708
112.45 112.4 112.5 0.005201135393
112.55 112.5 112.6 0.0003388796618
112.65 112.6 112.7 -0.001877480132
112.75 112.7 112.8 0.001607258181
112.85 112.8 112.9 0.003224542448
112.95 112.9 113 0.0032988437
113.05 113 113.1 0.001788007223
113.15 113.1 113.2 0.002904867701
113.25 113.2 113.3 0.002517756133
113.35 113.3 113.4 -0.002370118754
113.45 113.4 113.5 -0.00307495836
113.55 113.5 113.6 0.001837305563
113.65 113.6 113.7 -0.0001307475359
113.75 113.7 113.8 -0.001589661874
113.85 113.8 113.9 0.003055298318
113.95 113.9 114 0.001255230645
114.05 114 114.1 0.002259365496
114.15 114.1 114.2 6.85846544e-05
114.25 114.2 114.3 -0.002671745576
114.35 114.3 114.4 0.0009902078012
114.45 114.4 114.5 0.002592662785
114.55 114.5 114.6 0.001982814919
114.65 114.6 114.7 0.002142052149
114.75 114.7 114.8 0.0004498477644
114.85 114.8 114.9 -0.003199045331
114.95 114.9 115 0.0005621028329
115.05 115 115.1 0.0007061441017
115.15 115.1 115.2 -0.0008951762435
115.25 115.2 115.3 0.001198487578
115.35 115.3 115.4 -0.002726669642
115.45 115.4 115.5 0.002915080707
115.55 115.5 115.6 -0.0002021944427
115.65 115.6 115.7 0.00289103879
115.75 115.7 115.8 0.00203354993
115.85 115.8 115.9 0.0009609046174
115.95 115.9 116 0.0009459788114
116.05 116 116.1 -0.0004736107316
116.15 116.1 116.2 0.002547701687
116.25 116.2 116.3 0.00455483881
116.35 116.3 116.4 0.001536341011
116.45 116.4 116.5 0.001173098877
116.55 116.5 116.6 3.870731335e-05
116.65 116.6 116.7 0.00306783437
116.75 116.7 116.8 -0.003306021633
116.85 116.8 116.9 0.000500830917
116.95 116.9 117 -0.001821915582
117.05 117 117.1 0.003553282198
117.15 117.1 117.2 -0.001225407246
117.25 117.2 117.3 -0.002837771464
117.35 117.3 117.4 0.0002562635569
117.45 117.4 117.5 0.00190251956
117.55 117.5 117.6 -0.0007044789938
117.65 117.6 117.7 -0.002037316159
117.75 117.7 117.8 0.0001597474401
117.85 117.8 117.9 0.0006264356884
117.95 117.9 118 -0.0002327136856
118.05 118 118.1 -0.001232084557
118.15 118.1 118.2 -0.002794360203
118.25 118.2 118.3 0.0004456506108
118.35 118.3 118.4 -0.004939825137
118.45 118.4 118.5 0.001053623528
118.55 118.5 118.6 -0.00247687018
118.65 118.6 118.7 -0.001890791118
118.75 118.7 118.8 -0.001495425383
118.85 118.8 118.9 -0.001669317299
118.95 118.9 119 0.001079097765
119.05 119 119.1 9.811086872e-06
119.15 119.1 119.2 -0.0001003813479
119.25 119.2 119.3 -0.0007708714113
119.35 119.3 119.4 -0.00394172008
119.45 119.4 119.5 0.0006345236913
119.55 119.5 119.6 -0.001041657823
119.65 119.6 119.7 -0.001878591821
119.75 119.7 119.8 0.001384390671
119.85 119.8 119.9 -0.0006391772616
119.95 119.9 120 -0.003092003523
120.05 120 120.1 -0.0009778981153
120.15 120.1 120.2 0.001413074779
120.25 120.2 120.3 -0.002212114717
120.35 120.3 120.4 0.0007986505749
120.45 120.4 120.5 0.0009173396273
120.55 120.5 120.6 -9.146946352e-05
120.65 120.6 120.7 -0.0009119635698
120.75 120.7 120.8 -0.001677694946
120.85 120.8 120.9 -0.000171287696
120.95 120.9 121 -0.001942486744
121.05 121 121.1 0.003792168812
121.15 121.1 121.2 -0.0004589905678
121.25 121.2 121.3 -0.001976959865
121.35 121.3 121.4 -0.0005917513648
121.45 121.4 121.5 -0.00141087395
121.55 121.5 121.6 -0.0004407611759
121.65 121.6 121.7 -0.002382056271
121.75 121.7 121.8 -0.002026866541
121.85 121.8 121.9 0.0002892565785
121.95 121.9 122 -0.00203087251
122.05 122 122.1 -0.003600578452
122.15 122.1 122.2 -0.002785688455
122.25 122.2 122.3 -0.001734394792
122.35 122.3 122.4 -0.003371425587
122.45 122.4 122.5 0.001307513046
122.55 122.5 122.6 -0.0008694391512
122.65 122.6 122.7 -0.0006643166091
122.75 122.7 122.8 -9.455524884e-05
122.85 122.8 122.9 -0.001272954542
122.95 122.9 123 -0.004996853533
123.05 123 123.1 -0.001145700004
123.15 123.1 123.2 -0.003490474674
123.25 123.2 123.3 -0.00342775557
123.35 123.3 123.4 0.0008271267898
123.45 123.4 123.5 -0.00461953146
123.55 123.5 123.6 0.001135517009
123.65 123.6 123.7 -0.003247467206
123.75 123.7 123.8 -0.00189818039
123.85 123.8 123.9 -0.0005420262996
123.95 123.9 124 -0.001061384279
124.05 124 124.1 -0.002047291311
124.15 124.1 124.2 -0.002153212161
124.25 124.2 124.3 -0.001817355204
124.35 124.3 124.4 -0.002066999269
124.45 124.4 124.5 -0.003504596349
124.55 124.5 124.6 -0.004906983313
124.65 124.6 124.7 -0.003616880872
124.75 124.7 124.8 0.0003130299087
124.85 124.8 124.9 -0.000534656232
124.95 124.9 125 -0.00169227214
125.05 125 125.1 0.0001942040618
125.15 125.1 125.2 -0.004544943382
125.25 125.2 125.3 -0.002504379047
125.35 125.3 125.4 -0.001381176762
125.45 125.4 125.5 -0.001860880394
125.55 125.5 125.6 -0.002848680301
125.65 125.6 125.7 3.520325568e-05
125.75 125.7 125.8 -0.001884162987
125.85 125.8 125.9 -0.003093686214
125.95 125.9 126 -0.0004799690938
126.05 126 126.1 -0.003371562374
126.15 126.1 126.2 -0.005363124391
126.25 126.2 126.3 -0.002074756618
126.35 126.3 126.4 -0.001875713559
126.45 126.4 126.5 -0.003241614757
126.55 126.5 126.6 -0.003687843897
126.65 126.6 126.7 -0.004697728399
126.75 126.7 126.8 -0.0003905527222
126.85 126.8 126.9 0.0007600068518
126.95 126.9 127 -0.006039075396
127.05 127 127.1 -0.001119427798
127.15 127.1 127.2 0.0008277855885
127.25 127.2 127.3 0.0004497995895
127.35 127.3 127.4 -0.003072534167
127.45 127.4 127.5 -0.003749822136
127.55 127.5 127.6 -0.001523676977
127.65 127.6 127.7 -0.002700722683
127.75 127.7 127.8 -0.00468592184
127.85 127.8 127.9 -0.006052283849
127.95 127.9 128 -0.002801210646
128.05 128 128.1 -0.0007683019766
128.15 128.1 128.2 -0.002301882271
128.25 128.2 128.3 -0.001521920973
128.35 128.3 128.4 -0.0008734828667
128.45 128.4 128.5 -0.005089683492
128.55 128.5 128.6 -0.001684050075
128.65 128.6 128.7 -0.002547580815
128.75 128.7 128.8 -0.004894296737
128.85 128.8 128.9 -0.001214025908
128.95 128.9 129 -0.005760396015
129.05 129 129.1 -0.002182222187
129.15 129.1 129.2 -0.0005790887394
129.25 129.2 129.3 -0.003452440965
129.35 129.3 129.4 -0.001671247257
129.45 129.4 129.5 -0.004680905116
129.55 129.5 129.6 -0.003081049434
129.65 129.6 129.7 -0.005441887427
129.75 129.7 129.8 -0.006097763963
129.85 129.8 129.9 -0.003321215406
129.95 129.9 130 -0.003236342542
130.05 130 130.1 -0.003717344426
130.15 130.1 130.2 -0.002207372851
130.25 130.2 130.3 -0.006403687841
130.35 130.3 130.4 -0.005835451898
130.45 130.4 130.5 -0.003896174228
130.55 130.5 130.6 -0.003391332934
130.65 130.6 130.7 -0.002328343944
130.75 130.7 130.8 -0.003030144524
130.85 130.8 130.9 -0.003065289327
130.95 130.9 131 -0.004360568982
131.05 131 131.1 -0.004750272356
131.15 131.1 131.2 -0.007038589873
131.25 131.2 131.3 -0.002175098365
131.35 131.3 131.4 -0.0005167413171
131.45 131.4 131.5 -0.003511206415
131.55 131.5 131.6 -0.006524408758
131.65 131.6 131.7 -0.001272294552
131.75 131.7 131.8 -0.0007443837534
131.85 131.8 131.9 -0.004053396955
131.95 131.9 132 -0.003745857594
132.05 132 132.1 -0.001769495881
132.15 132.1 132.2 -4.134769418e-05
132.25 132.2 132.3 -0.00473492727
132.35 132.3 132.4 -0.003673739637
132.45 132.4 132.5 -0.004049556214
132.55 132.5 132.6 -0.004601064785
132.65 132.6 132.7 -0.003461851992
132.75 132.7 132.8 -0.004047135386
132.85 132.8 132.9 -0.003198843042
132.95 132.9 133 -0.003435670843
133.05 133 133.1 -0.002061149485
133.15 133.1 133.2 -0.002173083965
133.25 133.2 133.3 -0.007549707075
133.35 133.3 133.4 -0.005264506221
133.45 133.4 133.5 0.0004798290984
133.55 133.5 133.6 -0.003417488636
133.65 133.6 133.7 -0.002325375937
133.75 133.7 133.8 -0.002907414079
133.85 133.8 133.9 -0.002170698363
133.95 133.9 134 -0.0006880645801
134.05 134 134.1 -0.001638703004
134.15 134.1 134.2 -0.004055515743
134.25 134.2 134.3 -0.002167574353
134.35 134.3 134.4 -0.002674049047
134.45 134.4 134.5 -0.005553656647
134.55 134.5 134.6 -0.00503504945
134.65 134.6 134.7 -0.001915110353
134.75 134.7 134.8 -0.002055279764
134.85 134.8 134.9 -0.003472400389
134.95 134.9 135 -0.000758164401
135.05 135 135.1 0.0001176399183
135.15 135.1 135.2 -0.005056024113
135.25 135.2 135.3 -0.00206062167
135.35 135.3 135.4 -0.003182256527
135.45 135.4 135.5 -0.002810411549
135.55 135.5 135.6 -0.003352463756
135.65 135.6 135.7 -0.0002639011464
135.75 135.7 135.8 -0.00272582402
135.85 135.8 135.9 -0.0007322643372
135.95 135.9 136 -0.00254872371
136.05 136 136.1 0.0004799102365
136.15 136.1 136.2 -0.002758988413
136.25 136.2 136.3 -0.006318159566
136.35 136.3 136.4 0.000443022836
136.45 136.4 136.5 -0.002402525302
136.55 136.5 136.6 -0.003141869061
136.65 136.6 136.7 -0.002698110819
136.75 136.7 136.8 -0.002180615084
136.85 136.8 136.9 -0.003474459051
136.95 136.9 137 -0.002236636745
137.05 137 137.1 -0.0004722764023
137.15 137.1 137.2 -0.001823078671
137.25 137.2 137.3 -0.002684385789
137.35 137.3 137.4 -0.003257981449
137.45 137.4 137.5 -0.003039460308
137.55 137.5 137.6 -0.002461540321
137.65 137.6 137.7 -0.00455807077
137.75 137.7 137.8 0.0003653565189
137.85 137.8 137.9 -0.003390242614
137.95 137.9 138 -0.002221793189
138.05 138 138.1 -0.0003650009697
138.15 138.1 138.2 0.0008082469254
138.25 138.2 138.3 -0.005073328989
138.35 138.3 138.4 -0.004505355757
138.45 138.4 138.5 -0.002219440834
138.55 138.5 138.6 -0.001330511288
138.65 138.6 138.7 -0.003808048074
138.75 138.7 138.8 -0.001617213253
138.85 138.8 138.9 -0.00279047082
138.95 138.9 139 -0.002716957486
139.05 139 139.1 -0.002266900334
139.15 139.1 139.2 -0.004563426136
139.25 139.2 139.3 -0.003383230749
139.35 139.3 139.4 -0.002507484033
139.45 139.4 139.5 -0.002698348419
139.55 139.5 139.6 6.203315904e-05
139.65 139.6 139.7 -0.002344357845
139.75 139.7 139.8 -0.001724698031
139.85 139.8 139.9 -0.003105924905
139.95 139.9 140 -0.002940896557
140.05 140 140.1 -0.002682174263
140.15 140.1 140.2 -0.004672751259
140.25 140.2 140.3 6.442326599e-05
140.35 140.3 140.4 0.001763889316
140.45 140.4 140.5 -0.001991577649
140.55 140.5 140.6 -0.0005613647777
140.65 140.6 140.7 -0.001617216279
140.75 140.7 140.8 -0.003397784585
140.85 140.8 140.9 0.0009195762501
140.95 140.9 141 -0.0004969147371
141.05 141 141.1 -0.001859345294
141.15 141.1 141.2 -0.004951140744
141.25 141.2 141.3 -0.002121644087
141.35 141.3 141.4 -0.002929491075
141.45 141.4 141.5 -0.0001402540852
141.55 141.5 141.6 -0.00138822545
141.65 141.6 141.7 -0.001339542378
141.75 141.7 141.8 -0.001445193246
141.85 141.8 141.9 -0.0006922373471
141.95 141.9 142 -0.001332585152
142.05 142 142.1 -0.00302685219
142.15 142.1 142.2 -0.003317741086
142.25 142.2 142.3 -0.00110682439
142.35 142.3 142.4 -0.006276031617
142.45 142.4 142.5 -0.0009573281317
142.55 142.5 142.6 -0.002409324179
142.65 142.6 142.7 -0.002637421863
142.75 142.7 142.8 -0.003950266177
142.85 142.8 142.9 -0.0003974856888
142.95 142.9 143 0.003700420163
143.05 143 143.1 -0.003998898149
143.15 143.1 143.2 0.001045294934
143.25 143.2 143.3 0.0006808083395
143.35 143.3 143.4 -0.002616567751
143.45 143.4 143.5 -0.001429512907
143.55 143.5 143.6 -0.004445478134
143.65 143.6 143.7 -0.00263179167
143.75 143.7 143.8 -0.003006475086
143.85 143.8 143.9 -0.0003603846105
143.95 143.9 144 0.001915666205
144.05 144 144.1 -0.001739042522
144.15 144.1 144.2 -0.0001408829906
144.25 144.2 144.3 -0.00162558968
144.35 144.3 144.4 -0.003258112507
144.45 144.4 144.5 -0.00167515095
144.55 144.5 144.6 0.001090526617
144.65 144.6 144.7 -0.00369029827
144.75 144.7 144.8 -0.003302241511
144.85 144.8 144.9 0.00276034757
144.95 144.9 145 -0.001750127022
145.05 145 145.1 -0.0004079627727
145.15 145.1 145.2 -0.0005252140765
145.25 145.2 145.3 0.001675165549
145.35 145.3 145.4 -0.001029682108
145.45 145.4 145.5 -0.001105130118
145.55 145.5 145.6 -0.00116839178
145.65 145.6 145.7 0.0007045029036
145.75 145.7 145.8 0.0007675699408
145.85 145.8 145.9 0.0002715484219
145.95 145.9 146 0.00238876965
146.05 146 146.1 -0.002943567213
146.15 146.1 146.2 -0.002465899016
146.25 146.2 146.3 -0.001151436087
146.35 146.3 146.4 0.0005056894355
146.45 146.4 146.5 -0.001204768199
146.55 146.5 146.6 -0.001523715668
146.65 146.6 146.7 -0.002631172855
146.75 146.7 146.8 -0.0003602391522
146.85 146.8 146.9 0.0007273405612
146.95 146.9 147 -0.001830342066
147.05 147 147.1 -0.001465318545
147.15 147.1 147.2 2.641471311e-05
147.25 147.2 147.3 -0.005227180751
147.35 147.3 147.4 0.0003546857984
147.45 147.4 147.5 -0.002211090247
147.55 147.5 147.6 0.0002919617387
147.65 147.6 147.7 -0.001753545534
147.75 147.7 147.8 -0.00166439616
147.85 147.8 147.9 -0.00012397755
147.95 147.9 148 -0.003463804684
148.05 148 148.1 0.001302114195
148.15 148.1 148.2 -0.001359551179
148.25 148.2 148.3 -0.002563978601
148.35 148.3 148.4 -0.001447762958
148.45 148.4 148.5 -0.001866936471
148.55 148.5 148.6 0.001269779513
148.65 148.6 148.7 -0.005036892895
148.75 148.7 148.8 -0.002221819629
148.85 148.8 148.9 -0.004896202478
148.95 148.9 149 -0.004484893157
149.05 149 149.1 0.001511473559
149.15 149.1 149.2 -0.001442731557
149.25 149.2 149.3 -0.001325083289
149.35 149.3 149.4 -0.004060256311
149.45 149.4 149.5 0.0004536824285
149.55 149.5 149.6 0.0004485330162
149.65 149.6 149.7 -0.001132880788
149.75 149.7 149.8 -0.0002815801729
149.85 149.8 149.9 9.517386976e-05
149.95 149.9 150 -0.003354758136
150.05 150 150.1 -0.00119258645
150.15 150.1 150.2 -0.003029249984
150.25 150.2 150.3 0.002198450651
150.35 150.3 150.4 -0.00182977382
150.45 150.4 150.5 -0.001144085803
150.55 150.5 150.6 -0.0003469566054
150.65 150.6 150.7 -0.002128028954
150.75 150.7 150.8 -0.001381708192
150.85 150.8 150.9 0.0006927955575
150.95 150.9 151 -0.002482784671
151.05 151 151.1 0.0001189430215
151.15 151.1 151.2 7.447264637e-05
151.25 151.2 151.3 -0.001133246126
151.35 151.3 151.4 0.0009164672189
151.45 151.4 151.5 -0.002498411378
151.55 151.5 151.6 0.000388347641
151.65 151.6 151.7 0.000680337944
151.75 151.7 151.8 -0.0008256200993
151.85 151.8 151.9 0.001356257149
151.95 151.9 152 -0.00358808897
152.05 152 152.1 -0.002641077873
152.15 152.1 152.2 -0.002814176719
152.25 152.2 152.3 -0.002146919334
152.35 152.3 152.4 -0.0005606419793
152.45 152.4 152.5 6.125632377e-05
152.55 152.5 152.6 -0.004310524732
152.65 152.6 152.7 -0.001339906986
152.75 152.7 152.8 0.0009130130585
152.85 152.8 152.9 -0.003935998652
152.95 152.9 153 0.001452478569
153.05 153 153.1 0.0001158136703
153.15 153.1 153.2 0.0005465946866
153.25 153.2 153.3 -1.531475598e-05
153.35 153.3 153.4 -0.001370163289
153.45 153.4 153.5 -0.0013837081
153.55 153.5 153.6 -0.0009541022543
153.65 153.6 153.7 -0.002473785644
153.75 153.7 153.8 0.001601351455
153.85 153.8 153.9 0.001256507548
153.95 153.9 154 0.0010802429
154.05 154 154.1 -0.001155171768
154.15 154.1 154.2 -0.002074943351
154.25 154.2 154.3 -0.002033930536
154.35 154.3 154.4 -0.00155355128
154.45 154.4 154.5 0.002831022404
154.55 154.5 154.6 0.001484501071
154.65 154.6 154.7 0.003540121646
154.75 154.7 154.8 0.0008269280492
154.85 154.8 154.9 0.001278446479
154.95 154.9 155 -0.0004825836019
155.05 155 155.1 -0.003426394246
155.15 155.1 155.2 -0.000509296198
155.25 155.2 155.3 0.0004853136723
155.35 155.3 155.4 -0.002696434242
155.45 155.4 155.5 -0.0001878714873
155.55 155.5 155.6 -0.0009983320397
155.65 155.6 155.7 0.0005363056972
155.75 155.7 155.8 -0.001010306044
155.85 155.8 155.9 -0.001996427661
155.95 155.9 156 -0.003552472469
156.05 156 156.1 0.001223403094
156.15 156.1 156.2 -0.0001717690268
156.25 156.2 156.3 0.003872743112
156.35 156.3 156.4 -0.002204698487
156.45 156.4 156.5 0.001163118268
156.55 156.5 156.6 0.0007302719236
156.65 156.6 156.7 0.0001892806721
156.75 156.7 156.8 -1.532804309e-05
156.85 156.8 156.9 0.0001201829524
156.95 156.9 157 -0.0004972785191
157.05 157 157.1 -0.0009665988316
157.15 157.1 157.2 -0.0005776316509
157.25 157.2 157.3 -6.406818838e-05
157.35 157.3 157.4 -0.0006753879054
157.45 157.4 157.5 -0.002224806818
157.55 157.5 157.6 0.00172574962
157.65 157.6 157.7 0.0008455691913
157.75 157.7 157.8 -0.003740688267
157.85 157.8 157.9 0.001894674503
157.95 157.9 158 -0.0003395026277
158.05 158 158.1 0.000868785696
158.15 158.1 158.2 0.002091011396
158.25 158.2 158.3 -0.002971584752
158.35 158.3 158.4 -0.0004468161307
158.45 158.4 158.5 -0.0002446369374
158.55 158.5 158.6 0.002032488509
158.65 158.6 158.7 0.001546756456
158.75 158.7 158.8 0.002732167266
158.85 158.8 158.9 4.34569213e-05
158.95 158.9 159 0.00314665925
159.05 159 159.1 -0.001908963496
159.15 159.1 159.2 -0.0007657316055
159.25 159.2 159.3 0.00361899562
159.35 159.3 159.4 -0.0007710783327
159.45 159.4 159.5 0.001118571366
159.55 159.5 159.6 -0.0004209669469
159.65 159.6 159.7 1.111207375e-05
159.75 159.7 159.8 0.001894819091
159.85 159.8 159.9 -0.0004315053541
159.95 159.9 160 -0.001059963745
160.05 160 160.1 -0.0009373153873
160.15 160.1 160.2 0.002042200802
160.25 160.2 160.3 0.0002287732707
160.35 160.3 160.4 0.0007289706882
160.45 160.4 160.5 0.0003866691975
160.55 160.5 160.6 -2.391087785e-05
160.65 160.6 160.7 0.003529181389
160.75 160.7 160.8 -0.0002476462783
160.85 160.8 160.9 -0.0003401311317
160.95 160.9 161 -0.0008928007816
161.05 161 161.1 0.0009373005618
161.15 161.1 161.2 0.001392152779
161.25 161.2 161.3 -0.0003697116464
161.35 161.3 161.4 0.0008829650128
161.45 161.4 161.5 -0.0004126249014
161.55 161.5 161.6 -0.002340509023
161.65 161.6 161.7 -0.000500859084
161.75 161.7 161.8 -0.0006556203465
161.85 161.8 161.9 0.0003720224015
161.95 161.9 162 -0.0001494523194
162.05 162 162.1 0.0008111106358
162.15 162.1 162.2 -0.0002047482993
162.25 162.2 162.3 -0.000509584578
162.35 162.3 162.4 0.0006683241733
162.45 162.4 162.5 0.0002287175489
162.55 162.5 162.6 0.002326947802
162.65 162.6 162.7 0.002937180072
162.75 162.7 162.8 0.0003728541333
162.85 162.8 162.9 0.002072581039
162.95 162.9 163 0.001086712345
163.05 163 163.1 -0.003300471452
163.15 163.1 163.2 0.0002309121328
163.25 163.2 163.3 0.001275704964
163.35 163.3 163.4 -0.001036969886
163.45 163.4 163.5 0.002370255658
163.55 163.5 163.6 -0.0005356631859
163.65 163.6 163.7 0.001206282534
163.75 163.7 163.8 -0.003190567544
163.85 163.8 163.9 0.0001016087678
163.95 163.9 164 -0.0009922654774
164.05 164 164.1 -0.001255029482
164.15 164.1 164.2 -0.0008911645463
164.25 164.2 164.3 -0.001025832333
164.35 164.3 164.4 -0.002229078569
164.45 164.4 164.5 0.0008646051497
164.55 164.5 164.6 -0.001442143147
164.65 164.6 164.7 -0.0002911654131
164.75 164.7 164.8 -0.001395392448
164.85 164.8 164.9 0.002127187531
164.95 164.9 165 -0.001567616451
165.05 165 165.1 -0.001236167136
165.15 165.1 165.2 -0.002420849893
165.25 165.2 165.3 0.001113523513
165.35 165.3 165.4 -0.0006197603222
165.45 165.4 165.5 0.0015087692
165.55 165.5 165.6 0.001079800005
165.65 165.6 165.7 -0.001891591847
165.75 165.7 165.8 0.0008622754338
165.85 165.8 165.9 0.0004528718506
165.95 165.9 166 -0.0009820419708
166.05 166 166.1 0.002463773478
166.15 166.1 166.2 -0.0004687071586
166.25 166.2 166.3 0.002827207449
166.35 166.3 166.4 0.002188286296
166.45 166.4 166.5 -0.0008987962524
166.55 166.5 166.6 -0.0005932480217
166.65 166.6 166.7 0.000164616314
166.75 166.7 166.8 0.001194368252
166.85 166.8 166.9 0.00157209135
166.95 166.9 167 0.001232800365
167.05 167 167.1 -0.0003042026575
167.15 167.1 167.2 0.0002098760867
167.25 167.2 167.3 0.001365203221
167.35 167.3 167.4 0.0006551041614
167.45 167.4 167.5 -0.0003379039657
167.55 167.5 167.6 -0.0007571542109
167.65 167.6 167.7 0.001924710224
167.75 167.7 167.8 0.002014218632
167.85 167.8 167.9 0.003942700035
167.95 167.9 168 0.003304704295
168.05 168 168.1 -0.002185987342
168.15 168.1 168.2 -0.0003850598312
168.25 168.2 168.3 -0.0001752978763
168.35 168.3 168.4 0.0009798212149
168.45 168.4 168.5 0.000724213281
168.55 168.5 168.6 -0.002047397584
168.65 168.6 168.7 0.002929437507
168.75 168.7 168.8 -0.0004873140081
168.85 168.8 168.9 0.002127121771
168.95 168.9 169 -0.001223068562
169.05 169 169.1 0.0007516817933
169.15 169.1 169.2 0.0006610412042
169.25 169.2 169.3 0.002891264251
169.35 169.3 169.4 0.001230095806
169.45 169.4 169.5 0.001173865295
169.55 169.5 169.6 0.001039731242
169.65 169.6 169.7 0.0002158626525
169.75 169.7 169.8 -0.002370620021
169.85 169.8 169.9 0.001223435852
169.95 169.9 170 -0.00180276494
170.05 170 170.1 -0.00109759309
170.15 170.1 170.2 0.001153262901
170.25 170.2 170.3 0.0001207732907
170.35 170.3 170.4 0.002467998477
170.45 170.4 170.5 0.002364764001
170.55 170.5 170.6 -0.001153902339
170.65 170.6 170.7 -0.0005940532409
170.75 170.7 170.8 -0.001397932493
170.85 170.8 170.9 0.001253311857
170.95 170.9 171 -0.0008147107675
171.05 171 171.1 0.0009777182562
171.15 171.1 171.2 -0.0001723756444
171.25 171.2 171.3 0.001426173421
171.35 171.3 171.4 -0.001808794403
171.45 171.4 171.5 -0.001604982156
171.55 171.5 171.6 0.001901456882
171.65 171.6 171.7 -0.000473835185
171.75 171.7 171.8 0.002277068382
171.85 171.8 171.9 -0.001982078346
171.95 171.9 172 0.001545052188
172.05 172 172.1 0.0005788402084
172.15 172.1 172.2 0.0006667309601
172.25 172.2 172.3 -0.001171156005
172.35 172.3 172.4 0.0007751208595
172.45 172.4 172.5 0.001058100148
172.55 172.5 172.6 0.001589586706
172.65 172.6 172.7 0.001132920866
172.75 172.7 172.8 0.003507572847
172.85 172.8 172.9 -0.0004169063733
172.95 172.9 173 0.001161169094
173.05 173 173.1 -0.0006807771717
173.15 173.1 173.2 -0.0006152284697
173.25 173.2 173.3 -0.0007727558168
173.35 173.3 173.4 0.003157113278
173.45 173.4 173.5 0.002842459168
173.55 173.5 173.6 0.0006011989623
173.65 173.6 173.7 0.000142688653
173.75 173.7 173.8 -0.001403042533
173.85 173.8 173.9 0.001202311424
173.95 173.9 174 0.002950814385
174.05 174 174.1 0.0005944733989
174.15 174.1 174.2 -0.0008746768719
174.25 174.2 174.3 0.0002915253725
174.35 174.3 174.4 0.004256313582
174.45 174.4 174.5 -0.0006206231462
174.55 174.5 174.6 0.0005944760975
174.65 174.6 174.7 -0.0009058450779
174.75 174.7 174.8 -0.002323105855
174.85 174.8 174.9 -0.000530105189
174.95 174.9 175 0.00205265
175.05 175 175.1 0.001359552247
175.15 175.1 175.2 -0.001370723678
175.25 175.2 175.3 -0.0006955980328
175.35 175.3 175.4 0.001306341542
175.45 175.4 175.5 -0.001039154366
175.55 175.5 175.6 0.001206608014
175.65 175.6 175.7 -0.0001630462816
175.75 175.7 175.8 0.0002680085447
175.85 175.8 175.9 -0.0002008422711
175.95 175.9 176 0.002433628921
176.05 176 176.1 0.0003113469814
176.15 176.1 176.2 -0.002455854994
176.25 176.2 176.3 -0.001104256338
176.35 176.3 176.4 0.003014401915
176.45 176.4 176.5 -0.0003152229224
176.55 176.5 176.6 -0.001389342212
176.65 176.6 176.7 -0.0004627657446
176.75 176.7 176.8 0.00186658685
176.85 176.8 176.9 -0.0006072802862
176.95 176.9 177 0.001843154012
177.05 177 177.1 -0.0003876595988
177.15 177.1 177.2 0.001726739307
177.25 177.2 177.3 -0.001112957725
177.35 177.3 177.4 0.001957644915
177.45 177.4 177.5 0.001220002619
177.55 177.5 177.6 -0.0005835912835
177.65 177.6 177.7 0.002636048785
177.75 177.7 177.8 -0.001064707798
177.85 177.8 177.9 -0.0001496742845
177.95 177.9 178 0.001340549114
178.05 178 178.1 0.001106611804
178.15 178.1 178.2 0.001449139062
178.25 178.2 178.3 0.0005506460147
178.35 178.3 178.4 -0.0008304906106
178.45 178.4 178.5 0.002174778824
178.55 178.5 178.6 0.0003150476102
178.65 178.6 178.7 0.0005223094306
178.75 178.7 178.8 -0.0001089759517
178.85 178.8 178.9 -0.0007584498744
178.95 178.9 179 0.0006445200172
179.05 179 179.1 -0.002146820753
179.15 179.1 179.2 -0.0001996046949
179.25 179.2 179.3 -0.002107250468
179.35 179.3 179.4 -0.001838711023
179.45 179.4 179.5 0.000356237992
179.55 179.5 179.6 -0.002513790505
179.65 179.6 179.7 0.0002169626413
179.75 179.7 179.8 0.0003030586598
179.85 179.8 179.9 0.0001347437676
179.95 179.9 180 -0.0002916555811
180.05 180 180.1 -0.001211131448
180.15 180.1 180.2 5.000106978e-05
180.25 180.2 180.3 0.0009847760953
180.35 180.3 180.4 0.0003857993763
180.45 180.4 180.5 -0.001159784766
180.55 180.5 180.6 0.0005860132284
180.65 180.6 180.7 4.560921745e-06
180.75 180.7 180.8 0.0006506159615
180.85 180.8 180.9 0.0005022704186
180.95 180.9 181 -0.001549891875
181.05 181 181.1 0.002284852413
181.15 181.1 181.2 0.0003317705359
181.25 181.2 181.3 -0.0009971869479
181.35 181.3 181.4 -0.002998010637
181.45 181.4 181.5 -0.0003629698095
181.55 181.5 181.6 -0.0008435535497
181.65 181.6 181.7 0.0006982262875
181.75 181.7 181.8 -0.002271879944
181.85 181.8 181.9 -6.334869337e-05
181.95 181.9 182 -0.0003583462794
182.05 182 182.1 -0.0007360388981
182.15 182.1 182.2 -0.001040148991
182.25 182.2 182.3 -0.0008430848493
182.35 182.3 182.4 0.0002294280934
182.45 182.4 182.5 0.001230809588
182.55 182.5 182.6 0.0005458304567
182.65 182.6 182.7 -0.001359752327
182.75 182.7 182.8 -0.0004811970795
182.85 182.8 182.9 0.001824085393
182.95 182.9 183 -0.001384934836
183.05 183 183.1 -0.00320562306
183.15 183.1 183.2 -0.0004760762857
183.25 183.2 183.3 0.0003760284754
183.35 183.3 183.4 0.002158678428
183.45 183.4 183.5 0.0008610952982
183.55 183.5 183.6 -0.0004455813882
183.65 183.6 183.7 -0.0003926590408
183.75 183.7 183.8 0.001131691431
183.85 183.8 183.9 0.001648889721
183.95 183.9 184 0.0006280829594
184.05 184 184.1 0.00217533356
184.15 184.1 184.2 0.001838973246
184.25 184.2 184.3 0.00139632976
184.35 184.3 184.4 0.0009238208844
184.45 184.4 184.5 -0.001763373604
184.55 184.5 184.6 0.0003299692424
184.65 184.6 184.7 0.001411710842
184.75 184.7 184.8 -0.000265690725
184.85 184.8 184.9 0.0003750407481
184.95 184.9 185 0.00239607167
185.05 185 185.1 0.0003277098883
185.15 185.1 185.2 0.001364716995
185.25 185.2 185.3 0.001079872254
185.35 185.3 185.4 -0.0004704845322
185.45 185.4 185.5 0.001142937142
185.55 185.5 185.6 0.002974263874
185.65 185.6 185.7 -0.002363427681
185.75 185.7 185.8 0.001092029792
185.85 185.8 185.9 0.001701206251
185.95 185.9 186 0.0003224085549
186.05 186 186.1 -0.001001555519
186.15 186.1 186.2 0.0002319551578
186.25 186.2 186.3 0.0001959500281
186.35 186.3 186.4 0.0007923147305
186.45 186.4 186.5 0.0007156963197
186.55 186.5 186.6 -0.001677144148
186.65 186.6 186.7 0.003021651559
186.75 186.7 186.8 0.002178471325
186.85 186.8 186.9 0.00102936393
186.95 186.9 187 0.001136149975
187.05 187 187.1 0.0001538541661
187.15 187.1 187.2 0.001842153237
187.25 187.2 187.3 0.0006534052117
187.35 187.3 187.4 0.0006970544657
187.45 187.4 187.5 0.001296111836
187.55 187.5 187.6 0.0003736601971
187.65 187.6 187.7 0.000327083761
187.75 187.7 187.8 0.0004191206658
187.85 187.8 187.9 -0.002141972225
187.95 187.9 188 0.0005247458909
188.05 188 188.1 0.002820267876
188.15 188.1 188.2 0.0006217714331
188.25 188.2 188.3 -7.77270663e-06
188.35 188.3 188.4 -0.000278005618
188.45 188.4 188.5 -0.0001947490535
188.55 188.5 188.6 -0.0008857943943
188.65 188.6 188.7 -0.0004886879438
188.75 188.7 188.8 0.001075347375
188.85 188.8 188.9 -0.0006725360815
188.95 188.9 189 0.0008182918876
189.05 189 189.1 -0.0003757109831
189.15 189.1 189.2 0.00226449295
189.25 189.2 189.3 0.0002957184349
189.35 189.3 189.4 -0.0006925532764
189.45 189.4 189.5 0.0001243058517
189.55 189.5 189.6 0.001648298039
189.65 189.6 189.7 -0.002025156336
189.75 189.7 189.8 0.001775992464
189.85 189.8 189.9 -0.001940498721
189.95 189.9 190 0.0005905933538
190.05 190 190.1 -0.001255087295
190.15 190.1 190.2 0.00313536944
190.25 190.2 190.3 -0.0005496409223
190.35 190.3 190.4 0.001318688267
190.45 190.4 190.5 0.002187540386
190.55 190.5 190.6 0.001858618651
190.65 190.6 190.7 -0.0008309120297
190.75 190.7 190.8 0.0009383004094
190.85 190.8 190.9 0.0007164006449
190.95 190.9 191 -0.0009770175533
191.05 191 191.1 0.001136071913
191.15 191.1 191.2 -0.0003371957053
191.25 191.2 191.3 0.0003733602985
191.35 191.3 191.4 0.003985362578
191.45 191.4 191.5 0.0009141567842
191.55 191.5 191.6 -0.0004743259448
191.65 191.6 191.7 0.0004662330963
191.75 191.7 191.8 -0.0004498823007
191.85 191.8 191.9 0.002070055235
191.95 191.9 192 -0.0002128967449
192.05 192 192.1 0.0008209752404
192.15 192.1 192.2 0.0001221552089
192.25 192.2 192.3 0.003895237672
192.35 192.3 192.4 -0.0008950210519
192.45 192.4 192.5 -9.747898142e-05
192.55 192.5 192.6 0.002312422277
192.65 192.6 192.7 -0.002036273865
192.75 192.7 192.8 -0.0016621476
192.85 192.8 192.9 0.000749968378
192.95 192.9 193 0.002418080496
193.05 193 193.1 -0.001455498373
193.15 193.1 193.2 0.001340318985
193.25 193.2 193.3 0.001301715477
193.35 193.3 193.4 0.003130221721
193.45 193.4 193.5 -0.0007632451532
193.55 193.5 193.6 -0.001323139119
193.65 193.6 193.7 -0.0001000269003
193.75 193.7 193.8 0.003554628041
193.85 193.8 193.9 0.001283394731
193.95 193.9 194 -0.001145381244
194.05 194 194.1 0.001307630524
194.15 194.1 194.2 0.001140882057
194.25 194.2 194.3 0.001476589902
194.35 194.3 194.4 0.001096874981
194.45 194.4 194.5 0.0004733091502
194.55 194.5 194.6 0.00119139734
194.65 194.6 194.7 0.0005995573296
194.75 194.7 194.8 0.0003269612177
194.85 194.8 194.9 0.0008685243839
194.95 194.9 195 -0.001240477158
195.05 195 195.1 0.002869763929
195.15 195.1 195.2 -0.0001609968533
195.25 195.2 195.3 0.0005455099179
195.35 195.3 195.4 0.0006344984815
195.45 195.4 195.5 -1.556714268e-05
195.55 195.5 195.6 0.001169924969
195.65 195.6 195.7 0.003544006165
195.75 195.7 195.8 0.002380677366
195.85 195.8 195.9 0.0009305617863
195.95 195.9 196 -0.0003978850604
196.05 196 196.1 0.002084191214
196.15 196.1 196.2 0.0007944325035
196.25 196.2 196.3 0.001282476567
196.35 196.3 196.4 -0.0002915684246
196.45 196.4 196.5 -0.0006017427307
196.55 196.5 196.6 0.0004721464798
196.65 196.6 196.7 -0.0002542739615
196.75 196.7 196.8 6.744228309e-05
196.85 196.8 196.9 0.00261930952
196.95 196.9 197 0.001506578578
197.05 197 197.1 0.001644380384
197.15 197.1 197.2 0.001001128506
197.25 197.2 197.3 0.001669362152
197.35 197.3 197.4 0.001412128723
197.45 197.4 197.5 -0.002143930014
197.55 197.5 197.6 0.001709796054
197.65 197.6 197.7 0.000366690286
197.75 197.7 197.8 0.001186927653
197.85 197.8 197.9 0.002160625074
197.95 197.9 198 -0.0008486545898
198.05 198 198.1 -0.0003549250319
198.15 198.1 198.2 0.0002865079815
198.25 198.2 198.3 0.001576315375
198.35 198.3 198.4 0.001376371899
198.45 198.4 198.5 0.0004452825626
198.55 198.5 198.6 -0.001420291971
198.65 198.6 198.7 -0.001766838885
198.75 198.7 198.8 -0.002449975394
198.85 198.8 198.9 -0.0001829211955
198.95 198.9 199 -0.000856748504
199.05 199 199.1 0.0004849554475
199.15 199.1 199.2 0.002573387182
199.25 199.2 199.3 -0.0005796560687
199.35 199.3 199.4 0.0008347641932
199.45 199.4 199.5 -0.0006741104803
199.55 199.5 199.6 -0.0003873388369
199.65 199.6 199.7 -0.0006469247658
199.75 199.7 199.8 0.0009675568959
199.85 199.8 199.9 -4.8204565e-05
199.95 199.9 200 2.782142191e-05
