# Columns: s_cen(1) s_min(2) s_max(3) xi_iso(4)
0.05 0 0.1 31.12738198
0.15 0.1 0.2 20.04689957
0.25 0.2 0.3 15.1684157
0.35 0.3 0.4 22.44625445
0.45 0.4 0.5 23.39110662
0.55 0.5 0.6 20.21700463
0.65 0.6 0.7 21.87555446
0.75 0.7 0.8 21.21782992
0.85 0.8 0.9 21.9733585
0.95 0.9 1 20.15173333
1.05 1 1.1 19.95732157
1.15 1.1 1.2 18.32154361
1.25 1.2 1.3 18.03003022
1.35 1.3 1.4 19.81463006
1.45 1.4 1.5 16.77021575
1.55 1.5 1.6 15.29036792
1.65 1.6 1.7 14.74885894
1.75 1.7 1.8 14.49353272
1.85 1.8 1.9 13.45589004
1.95 1.9 2 11.78179313
2.05 2 2.1 11.62763032
2.15 2.1 2.2 11.48919585
2.25 2.2 2.3 10.25730222
2.35 2.3 2.4 9.863884881
2.45 2.4 2.5 9.418764635
2.55 2.5 2.6 8.619264238
2.65 2.6 2.7 8.514277348
2.75 2.7 2.8 7.991411287
2.85 2.8 2.9 7.470856867
2.95 2.9 3 6.888699079
3.05 3 3.1 6.559279555
3.15 3.1 3.2 6.141477615
3.25 3.2 3.3 6.048948688
3.35 3.3 3.4 5.663554919
3.45 3.4 3.5 5.725523105
3.55 3.5 3.6 5.405937853
3.65 3.6 3.7 4.993744051
3.75 3.7 3.8 4.973846465
3.85 3.8 3.9 4.770783332
3.95 3.9 4 4.787675928
4.05 4 4.1 4.470387606
4.15 4.1 4.2 4.359149018
4.25 4.2 4.3 4.320423803
4.35 4.3 4.4 4.191451915
4.45 4.4 4.5 3.934697756
4.55 4.5 4.6 3.784013937
4.65 4.6 4.7 3.654586044
4.75 4.7 4.8 3.535375294
4.85 4.8 4.9 3.707724335
4.95 4.9 5 3.307807649
5.05 5 5.1 3.31025404
5.15 5.1 5.2 3.286616865
5.25 5.2 5.3 3.254274414
5.35 5.3 5.4 2.972312837
5.45 5.4 5.5 3.02748227
5.55 5.5 5.6 3.007293442
5.65 5.6 5.7 2.792557705
5.75 5.7 5.8 2.661245318
5.85 5.8 5.9 2.580475725
5.95 5.9 6 2.528025219
6.05 6 6.1 2.605809175
6.15 6.1 6.2 2.657397376
6.25 6.2 6.3 2.416828038
6.35 6.3 6.4 2.42016011
6.45 6.4 6.5 2.213492526
6.55 6.5 6.6 2.250337052
6.65 6.6 6.7 2.173511578
6.75 6.7 6.8 2.285712939
6.85 6.8 6.9 2.045886687
6.95 6.9 7 2.072955326
7.05 7 7.1 1.998786045
7.15 7.1 7.2 1.939996608
7.25 7.2 7.3 1.859229386
7.35 7.3 7.4 1.868414249
7.45 7.4 7.5 1.915622137
7.55 7.5 7.6 1.788952391
7.65 7.6 7.7 1.732109126
7.75 7.7 7.8 1.715915891
7.85 7.8 7.9 1.715248307
7.95 7.9 8 1.590827826
8.05 8 8.1 1.571330226
8.15 8.1 8.2 1.566528711
8.25 8.2 8.3 1.519611625
8.35 8.3 8.4 1.492595204
8.45 8.4 8.5 1.513228478
8.55 8.5 8.6 1.486205489
8.65 8.6 8.7 1.418301369
8.75 8.7 8.8 1.388194055
8.85 8.8 8.9 1.385185249
8.95 8.9 9 1.409677412
9.05 9 9.1 1.387063286
9.15 9.1 9.2 1.297872605
9.25 9.2 9.3 1.261079854
9.35 9.3 9.4 1.229227646
9.45 9.4 9.5 1.258229154
9.55 9.5 9.6 1.245782416
9.65 9.6 9.7 1.159174806
9.75 9.7 9.8 1.145511637
9.85 9.8 9.9 1.121770433
9.95 9.9 10 1.139285607
10.05 10 10.1 1.119046779
10.15 10.1 10.2 1.083755726
10.25 10.2 10.3 1.029716206
10.35 10.3 10.4 1.019127622
10.45 10.4 10.5 1.041281528
10.55 10.5 10.6 0.9749252755
10.65 10.6 10.7 0.9598680345
10.75 10.7 10.8 0.9928060987
10.85 10.8 10.9 0.9430429039
10.95 10.9 11 0.9679870427
11.05 11 11.1 0.9090682391
11.15 11.1 11.2 0.8875447948
11.25 11.2 11.3 0.871561337
11.35 11.3 11.4 0.8928467832
11.45 11.4 11.5 0.8673703241
11.55 11.5 11.6 0.8237060531
11.65 11.6 11.7 0.8653552344
11.75 11.7 11.8 0.809975898
11.85 11.8 11.9 0.8370034136
11.95 11.9 12 0.8283805715
12.05 12 12.1 0.7917663092
12.15 12.1 12.2 0.7504972459
12.25 12.2 12.3 0.7720202944
12.35 12.3 12.4 0.7601520687
12.45 12.4 12.5 0.765402861
12.55 12.5 12.6 0.7292936676
12.65 12.6 12.7 0.7267665926
12.75 12.7 12.8 0.6908473593
12.85 12.8 12.9 0.6737960521
12.95 12.9 13 0.6943187261
13.05 13 13.1 0.6741388275
13.15 13.1 13.2 0.6652273263
13.25 13.2 13.3 0.6733079173
13.35 13.3 13.4 0.6166269674
13.45 13.4 13.5 0.6556436418
13.55 13.5 13.6 0.6223999219
13.65 13.6 13.7 0.6510199699
13.75 13.7 13.8 0.643810952
13.85 13.8 13.9 0.6286341796
13.95 13.9 14 0.5996262049
14.05 14 14.1 0.6020859177
14.15 14.1 14.2 0.5731074056
14.25 14.2 14.3 0.5795526463
14.35 14.3 14.4 0.5913519741
14.45 14.4 14.5 0.5499018272
14.55 14.5 14.6 0.5676360068
14.65 14.6 14.7 0.5710912986
14.75 14.7 14.8 0.5468946253
14.85 14.8 14.9 0.5435341413
14.95 14.9 15 0.5140371589
15.05 15 15.1 0.527958686
15.15 15.1 15.2 0.5041641131
15.25 15.2 15.3 0.4938573407
15.35 15.3 15.4 0.4996163981
15.45 15.4 15.5 0.4990226929
15.55 15.5 15.6 0.4977905777
15.65 15.6 15.7 0.4779553408
15.75 15.7 15.8 0.4774319134
15.85 15.8 15.9 0.4625839745
15.95 15.9 16 0.4536506618
16.05 16 16.1 0.4509180444
16.15 16.1 16.2 0.4668883387
16.25 16.2 16.3 0.4412826533
16.35 16.3 16.4 0.4475916255
16.45 16.4 16.5 0.4514152297
16.55 16.5 16.6 0.4555289757
16.65 16.6 16.7 0.4261435907
16.75 16.7 16.8 0.4025494499
16.85 16.8 16.9 0.3963924176
16.95 16.9 17 0.4177140711
17.05 17 17.1 0.3962857613
17.15 17.1 17.2 0.3661673518
17.25 17.2 17.3 0.4021807172
17.35 17.3 17.4 0.3857504033
17.45 17.4 17.5 0.3704238342
17.55 17.5 17.6 0.4006098805
17.65 17.6 17.7 0.3563283778
17.75 17.7 17.8 0.3867133856
17.85 17.8 17.9 0.3697458459
17.95 17.9 18 0.3634093427
18.05 18 18.1 0.3591501986
18.15 18.1 18.2 0.3708721931
18.25 18.2 18.3 0.3539489591
18.35 18.3 18.4 0.3555076988
18.45 18.4 18.5 0.3527766482
18.55 18.5 18.6 0.3343982087
18.65 18.6 18.7 0.3538689352
18.75 18.7 18.8 0.3570929614
18.85 18.8 18.9 0.3395791992
18.95 18.9 19 0.3287819217
19.05 19 19.1 0.3291946096
19.15 19.1 19.2 0.326453117
19.25 19.2 19.3 0.320976142
19.35 19.3 19.4 0.3079554912
19.45 19.4 19.5 0.2989027008
19.55 19.5 19.6 0.3227708957
19.65 19.6 19.7 0.2963826942
19.75 19.7 19.8 0.3039741292
19.85 19.8 19.9 0.3124203622
19.95 19.9 20 0.282459901
20.05 20 20.1 0.2818166153
20.15 20.1 20.2 0.2874228105
20.25 20.2 20.3 0.2883933328
20.35 20.3 20.4 0.2857756967
20.45 20.4 20.5 0.2931869549
20.55 20.5 20.6 0.2727053575
20.65 20.6 20.7 0.2711894753
20.75 20.7 20.8 0.2884819515
20.85 20.8 20.9 0.2544310816
20.95 20.9 21 0.2627671802
21.05 21 21.1 0.2849427338
21.15 21.1 21.2 0.2586303084
21.25 21.2 21.3 0.272217228
21.35 21.3 21.4 0.2523329677
21.45 21.4 21.5 0.2628230118
21.55 21.5 21.6 0.2539071459
21.65 21.6 21.7 0.2452012676
21.75 21.7 21.8 0.2404793566
21.85 21.8 21.9 0.2484049076
21.95 21.9 22 0.2556279241
22.05 22 22.1 0.2500901117
22.15 22.1 22.2 0.224946656
22.25 22.2 22.3 0.2298817831
22.35 22.3 22.4 0.2187189188
22.45 22.4 22.5 0.2092324002
22.55 22.5 22.6 0.2266109381
22.65 22.6 22.7 0.2213039836
22.75 22.7 22.8 0.2073952869
22.85 22.8 22.9 0.2358323019
22.95 22.9 23 0.2102176246
23.05 23 23.1 0.2119167297
23.15 23.1 23.2 0.213228876
23.25 23.2 23.3 0.2239078984
23.35 23.3 23.4 0.2021993211
23.45 23.4 23.5 0.1982293159
23.55 23.5 23.6 0.2087737021
23.65 23.6 23.7 0.2033077343
23.75 23.7 23.8 0.2155772965
23.85 23.8 23.9 0.1978529411
23.95 23.9 24 0.2045368438
24.05 24 24.1 0.1976844449
24.15 24.1 24.2 0.2057560838
24.25 24.2 24.3 0.1983092301
24.35 24.3 24.4 0.1956545071
24.45 24.4 24.5 0.1769679965
24.55 24.5 24.6 0.2144380239
24.65 24.6 24.7 0.1816304715
24.75 24.7 24.8 0.1914063625
24.85 24.8 24.9 0.1999913671
24.95 24.9 25 0.1649577215
25.05 25 25.1 0.1752653713
25.15 25.1 25.2 0.1812049243
25.25 25.2 25.3 0.1691352925
25.35 25.3 25.4 0.1881296865
25.45 25.4 25.5 0.1829738969
25.55 25.5 25.6 0.165843696
25.65 25.6 25.7 0.1732255824
25.75 25.7 25.8 0.1654026428
25.85 25.8 25.9 0.1696635997
25.95 25.9 26 0.1782632473
26.05 26 26.1 0.1586183571
26.15 26.1 26.2 0.1500393323
26.25 26.2 26.3 0.1606845322
26.35 26.3 26.4 0.1665912245
26.45 26.4 26.5 0.1640253105
26.55 26.5 26.6 0.1627332906
26.65 26.6 26.7 0.1632636516
26.75 26.7 26.8 0.158716758
26.85 26.8 26.9 0.1528510059
26.95 26.9 27 0.1530064079
27.05 27 27.1 0.1484984618
27.15 27.1 27.2 0.1440344046
27.25 27.2 27.3 0.1531993816
27.35 27.3 27.4 0.1481391971
27.45 27.4 27.5 0.1374605036
27.55 27.5 27.6 0.14872549
27.65 27.6 27.7 0.1373535575
27.75 27.7 27.8 0.1474727907
27.85 27.8 27.9 0.1234435453
27.95 27.9 28 0.128466504
28.05 28 28.1 0.1313239665
28.15 28.1 28.2 0.1284151432
28.25 28.2 28.3 0.1244737264
28.35 28.3 28.4 0.1375581935
28.45 28.4 28.5 0.134907299
28.55 28.5 28.6 0.124068841
28.65 28.6 28.7 0.1222814078
28.75 28.7 28.8 0.133550295
28.85 28.8 28.9 0.1285535336
28.95 28.9 29 0.1259012344
29.05 29 29.1 0.1214322116
29.15 29.1 29.2 0.1129812917
29.25 29.2 29.3 0.1268936481
29.35 29.3 29.4 0.12573107
29.45 29.4 29.5 0.1067618868
29.55 29.5 29.6 0.1174803514
29.65 29.6 29.7 0.1103429226
29.75 29.7 29.8 0.1181158212
29.85 29.8 29.9 0.1324563654
29.95 29.9 30 0.1248214915
30.05 30 30.1 0.1073863046
30.15 30.1 30.2 0.1107637588
30.25 30.2 30.3 0.1134093616
30.35 30.3 30.4 0.1073867366
30.45 30.4 30.5 0.1078475688
30.55 30.5 30.6 0.1100660069
30.65 30.6 30.7 0.1089436486
30.75 30.7 30.8 0.1001822088
30.85 30.8 30.9 0.1135032343
30.95 30.9 31 0.1137681166
31.05 31 31.1 0.0969718506
31.15 31.1 31.2 0.09961709264
31.25 31.2 31.3 0.09365090501
31.35 31.3 31.4 0.1143043769
31.45 31.4 31.5 0.1017734577
31.55 31.5 31.6 0.1048684272
31.65 31.6 31.7 0.09623819311
31.75 31.7 31.8 0.09280790032
31.85 31.8 31.9 0.09814553958
31.95 31.9 32 0.09412509264
32.05 32 32.1 0.1044669869
32.15 32.1 32.2 0.09180887212
32.25 32.2 32.3 0.08907313212
32.35 32.3 32.4 0.08705400873
32.45 32.4 32.5 0.1067310253
32.55 32.5 32.6 0.1001565772
32.65 32.6 32.7 0.0928505561
32.75 32.7 32.8 0.08982966017
32.85 32.8 32.9 0.08538629227
32.95 32.9 33 0.09040620974
33.05 33 33.1 0.0978128077
33.15 33.1 33.2 0.08754091356
33.25 33.2 33.3 0.09947333267
33.35 33.3 33.4 0.08738751844
33.45 33.4 33.5 0.09222848055
33.55 33.5 33.6 0.09003860201
33.65 33.6 33.7 0.08880078165
33.75 33.7 33.8 0.07693067159
33.85 33.8 33.9 0.08922114942
33.95 33.9 34 0.0893145315
34.05 34 34.1 0.08622465163
34.15 34.1 34.2 0.08496884
34.25 34.2 34.3 0.08332971445
34.35 34.3 34.4 0.07433201565
34.45 34.4 34.5 0.08596579768
34.55 34.5 34.6 0.07372099723
34.65 34.6 34.7 0.08219872455
34.75 34.7 34.8 0.07819669175
34.85 34.8 34.9 0.07975863548
34.95 34.9 35 0.07972675575
35.05 35 35.1 0.06925584759
35.15 35.1 35.2 0.07073168108
35.25 35.2 35.3 0.06937723128
35.35 35.3 35.4 0.06243068804
35.45 35.4 35.5 0.09035207744
35.55 35.5 35.6 0.06252682664
35.65 35.6 35.7 0.06902165148
35.75 35.7 35.8 0.07990402826
35.85 35.8 35.9 0.07356528782
35.95 35.9 36 0.07339589913
36.05 36 36.1 0.07158384987
36.15 36.1 36.2 0.05963592014
36.25 36.2 36.3 0.07302508342
36.35 36.3 36.4 0.0651362155
36.45 36.4 36.5 0.06659723088
36.55 36.5 36.6 0.05847337378
36.65 36.6 36.7 0.05938234973
36.75 36.7 36.8 0.06286192196
36.85 36.8 36.9 0.06465433195
36.95 36.9 37 0.07189102638
37.05 37 37.1 0.06935908796
37.15 37.1 37.2 0.06500355153
37.25 37.2 37.3 0.07604605471
37.35 37.3 37.4 0.06588328137
37.45 37.4 37.5 0.07156973129
37.55 37.5 37.6 0.06274950239
37.65 37.6 37.7 0.06283942307
37.75 37.7 37.8 0.05622197996
37.85 37.8 37.9 0.05387358978
37.95 37.9 38 0.06762206241
38.05 38 38.1 0.06370084383
38.15 38.1 38.2 0.05896570425
38.25 38.2 38.3 0.0597786707
38.35 38.3 38.4 0.05891950862
38.45 38.4 38.5 0.06463361916
38.55 38.5 38.6 0.06785910948
38.65 38.6 38.7 0.0598960903
38.75 38.7 38.8 0.06201528893
38.85 38.8 38.9 0.06555079986
38.95 38.9 39 0.06086929923
39.05 39 39.1 0.05788931509
39.15 39.1 39.2 0.04495891236
39.25 39.2 39.3 0.05543142816
39.35 39.3 39.4 0.06279391803
39.45 39.4 39.5 0.05775763153
39.55 39.5 39.6 0.05375722252
39.65 39.6 39.7 0.05685603443
39.75 39.7 39.8 0.04393353563
39.85 39.8 39.9 0.05744103551
39.95 39.9 40 0.05315690752
40.05 40 40.1 0.05077549802
40.15 40.1 40.2 0.05016962409
40.25 40.2 40.3 0.04697615811
40.35 40.3 40.4 0.05293668438
40.45 40.4 40.5 0.04803130299
40.55 40.5 40.6 0.04387323276
40.65 40.6 40.7 0.05360731523
40.75 40.7 40.8 0.05624738546
40.85 40.8 40.9 0.04704385843
40.95 40.9 41 0.04770033454
41.05 41 41.1 0.05239945735
41.15 41.1 41.2 0.06068537007
41.25 41.2 41.3 0.05620794717
41.35 41.3 41.4 0.05199286812
41.45 41.4 41.5 0.05668199181
41.55 41.5 41.6 0.05018196335
41.65 41.6 41.7 0.05386508887
41.75 41.7 41.8 0.0408144868
41.85 41.8 41.9 0.05171396094
41.95 41.9 42 0.03421614024
42.05 42 42.1 0.04735521257
42.15 42.1 42.2 0.04613945681
42.25 42.2 42.3 0.04385066388
42.35 42.3 42.4 0.04302102478
42.45 42.4 42.5 0.04586117912
42.55 42.5 42.6 0.03646819662
42.65 42.6 42.7 0.05132029851
42.75 42.7 42.8 0.04110550923
42.85 42.8 42.9 0.04744711028
42.95 42.9 43 0.0473249114
43.05 43 43.1 0.0326533163
43.15 43.1 43.2 0.04249851446
43.25 43.2 43.3 0.04532862788
43.35 43.3 43.4 0.03802279291
43.45 43.4 43.5 0.0332024971
43.55 43.5 43.6 0.03370449886
43.65 43.6 43.7 0.05238759541
43.75 43.7 43.8 0.04668352533
43.85 43.8 43.9 0.04492873694
43.95 43.9 44 0.03368166476
44.05 44 44.1 0.02881196868
44.15 44.1 44.2 0.04550198292
44.25 44.2 44.3 0.03721349443
44.35 44.3 44.4 0.04034731268
44.45 44.4 44.5 0.0411165313
44.55 44.5 44.6 0.04187439195
44.65 44.6 44.7 0.03101967316
44.75 44.7 44.8 0.03015638032
44.85 44.8 44.9 0.03507850224
44.95 44.9 45 0.03836915212
45.05 45 45.1 0.02554803528
45.15 45.1 45.2 0.03063334742
45.25 45.2 45.3 0.04289927792
45.35 45.3 45.4 0.03888319085
45.45 45.4 45.5 0.03965360893
45.55 45.5 45.6 0.0358395052
45.65 45.6 45.7 0.0274053024
45.75 45.7 45.8 0.03018106594
45.85 45.8 45.9 0.04010904895
45.95 45.9 46 0.03019453146
46.05 46 46.1 0.02373155698
46.15 46.1 46.2 0.0368086924
46.25 46.2 46.3 0.03006640427
46.35 46.3 46.4 0.02364498719
46.45 46.4 46.5 0.0374986981
46.55 46.5 46.6 0.02921786648
46.65 46.6 46.7 0.02334350866
46.75 46.7 46.8 0.03388397423
46.85 46.8 46.9 0.04197395483
46.95 46.9 47 0.02424620562
47.05 47 47.1 0.03058576627
47.15 47.1 47.2 0.03860410928
47.25 47.2 47.3 0.03578133465
47.35 47.3 47.4 0.03351066556
47.45 47.4 47.5 0.03118562433
47.55 47.5 47.6 0.03424542853
47.65 47.6 47.7 0.03181392478
47.75 47.7 47.8 0.0303634172
47.85 47.8 47.9 0.04062238909
47.95 47.9 48 0.02564804897
48.05 48 48.1 0.02398033461
48.15 48.1 48.2 0.0329359419
48.25 48.2 48.3 0.0315700499
48.35 48.3 48.4 0.03210846733
48.45 48.4 48.5 0.03481083217
48.55 48.5 48.6 0.0312384632
48.65 48.6 48.7 0.0328943771
48.75 48.7 48.8 0.02990268522
48.85 48.8 48.9 0.0239361857
48.95 48.9 49 0.03037072704
49.05 49 49.1 0.03111829591
49.15 49.1 49.2 0.02348409368
49.25 49.2 49.3 0.02497345618
49.35 49.3 49.4 0.03628672023
49.45 49.4 49.5 0.02582413257
49.55 49.5 49.6 0.03506432792
49.65 49.6 49.7 0.03340983824
49.75 49.7 49.8 0.0456112314
49.85 49.8 49.9 0.03284300948
49.95 49.9 50 0.03677600111
50.05 50 50.1 0.03331491183
50.15 50.1 50.2 0.01862428443
50.25 50.2 50.3 0.02796822281
50.35 50.3 50.4 0.02390506132
50.45 50.4 50.5 0.02065235948
50.55 50.5 50.6 0.02478841637
50.65 50.6 50.7 0.02347716379
50.75 50.7 50.8 0.0200752726
50.85 50.8 50.9 0.02463528176
50.95 50.9 51 0.02552402053
51.05 51 51.1 0.02010470697
51.15 51.1 51.2 0.02169246522
51.25 51.2 51.3 0.03384994232
51.35 51.3 51.4 0.02434174445
51.45 51.4 51.5 0.0234195888
51.55 51.5 51.6 0.02096703596
51.65 51.6 51.7 0.01906237957
51.75 51.7 51.8 0.03083892376
51.85 51.8 51.9 0.03078921533
51.95 51.9 52 0.01367023808
52.05 52 52.1 0.02723817075
52.15 52.1 52.2 0.02275133994
52.25 52.2 52.3 0.02175940397
52.35 52.3 52.4 0.02509224738
52.45 52.4 52.5 0.02044045215
52.55 52.5 52.6 0.01551135068
52.65 52.6 52.7 0.01887179001
52.75 52.7 52.8 0.02502314496
52.85 52.8 52.9 0.02345241585
52.95 52.9 53 0.01562782985
53.05 53 53.1 0.01708864021
53.15 53.1 53.2 0.01819283216
53.25 53.2 53.3 0.01351458152
53.35 53.3 53.4 0.01809178217
53.45 53.4 53.5 0.01742197269
53.55 53.5 53.6 0.01840365462
53.65 53.6 53.7 0.01613534995
53.75 53.7 53.8 0.02069861225
53.85 53.8 53.9 0.01290990544
53.95 53.9 54 0.02305116402
54.05 54 54.1 0.02147716377
54.15 54.1 54.2 0.01603848413
54.25 54.2 54.3 0.02199433776
54.35 54.3 54.4 0.01463040023
54.45 54.4 54.5 0.01524358041
54.55 54.5 54.6 0.01121312519
54.65 54.6 54.7 0.0115358382
54.75 54.7 54.8 0.02567172386
54.85 54.8 54.9 0.02408808136
54.95 54.9 55 0.01261738087
55.05 55 55.1 0.01641800898
55.15 55.1 55.2 0.008379540429
55.25 55.2 55.3 0.01200015115
55.35 55.3 55.4 0.01335122011
55.45 55.4 55.5 0.01722692912
55.55 55.5 55.6 0.009529167269
55.65 55.6 55.7 0.01634710489
55.75 55.7 55.8 0.01891459251
55.85 55.8 55.9 0.01517925327
55.95 55.9 56 0.01664708115
56.05 56 56.1 0.01583209367
56.15 56.1 56.2 0.01616111066
56.25 56.2 56.3 0.01995880716
56.35 56.3 56.4 0.01370784884
56.45 56.4 56.5 0.016196113
56.55 56.5 56.6 0.01118234076
56.65 56.6 56.7 0.01067160267
56.75 56.7 56.8 0.008085928705
56.85 56.8 56.9 0.01722089196
56.95 56.9 57 0.01614750207
57.05 57 57.1 0.01285924573
57.15 57.1 57.2 0.01361454525
57.25 57.2 57.3 0.0156304671
57.35 57.3 57.4 0.01666228793
57.45 57.4 57.5 0.01384549741
57.55 57.5 57.6 0.01890535153
57.65 57.6 57.7 0.01400354126
57.75 57.7 57.8 0.0207288858
57.85 57.8 57.9 0.008392812941
57.95 57.9 58 0.01028302862
58.05 58 58.1 0.01327371276
58.15 58.1 58.2 0.01102491624
58.25 58.2 58.3 0.01978543782
58.35 58.3 58.4 0.007779768099
58.45 58.4 58.5 0.0167278497
58.55 58.5 58.6 0.01629055159
58.65 58.6 58.7 0.01638344877
58.75 58.7 58.8 0.01253748376
58.85 58.8 58.9 0.01687641284
58.95 58.9 59 0.01810956133
59.05 59 59.1 0.009641978088
59.15 59.1 59.2 0.01592501719
59.25 59.2 59.3 0.01570429263
59.35 59.3 59.4 0.01005522219
59.45 59.4 59.5 0.01055627582
59.55 59.5 59.6 0.01217343873
59.65 59.6 59.7 0.0137263464
59.75 59.7 59.8 0.01482584826
59.85 59.8 59.9 0.01315735305
59.95 59.9 60 0.01361690605
60.05 60 60.1 0.009253080891
60.15 60.1 60.2 0.01889085216
60.25 60.2 60.3 0.0190981452
60.35 60.3 60.4 0.01336718834
60.45 60.4 60.5 0.01144093954
60.55 60.5 60.6 0.01403724168
60.65 60.6 60.7 0.01430351656
60.75 60.7 60.8 0.0134122937
60.85 60.8 60.9 0.01797760195
60.95 60.9 61 0.008969963118
61.05 61 61.1 0.01699866626
61.15 61.1 61.2 0.01264082552
61.25 61.2 61.3 0.009160873116
61.35 61.3 61.4 0.0113800741
61.45 61.4 61.5 0.0150240426
61.55 61.5 61.6 0.008877692401
61.65 61.6 61.7 0.01834231789
61.75 61.7 61.8 0.009869246651
61.85 61.8 61.9 0.0141012464
61.95 61.9 62 0.006901023443
62.05 62 62.1 0.007762726678
62.15 62.1 62.2 0.0112828865
62.25 62.2 62.3 0.009907463767
62.35 62.3 62.4 0.007823127308
62.45 62.4 62.5 0.008263561198
62.55 62.5 62.6 0.007939965491
62.65 62.6 62.7 0.00367093107
62.75 62.7 62.8 0.011367326
62.85 62.8 62.9 0.01477752203
62.95 62.9 63 0.01485662929
63.05 63 63.1 0.005101417127
63.15 63.1 63.2 0.009771665289
63.25 63.2 63.3 0.00610006636
63.35 63.3 63.4 0.01058763243
63.45 63.4 63.5 0.009231594978
63.55 63.5 63.6 0.01244532576
63.65 63.6 63.7 0.01760228595
63.75 63.7 63.8 0.01750684241
63.85 63.8 63.9 0.0145992869
63.95 63.9 64 0.01483825759
64.05 64 64.1 0.01013488474
64.15 64.1 64.2 0.01521603209
64.25 64.2 64.3 0.007441310585
64.35 64.3 64.4 0.009371743195
64.45 64.4 64.5 0.005523614196
64.55 64.5 64.6 0.01187605217
64.65 64.6 64.7 0.0146675039
64.75 64.7 64.8 0.01211635619
64.85 64.8 64.9 0.008032648377
64.95 64.9 65 0.01164786355
65.05 65 65.1 0.01946480666
65.15 65.1 65.2 0.007187416271
65.25 65.2 65.3 0.009259897356
65.35 65.3 65.4 0.01418134555
65.45 65.4 65.5 0.008245209474
65.55 65.5 65.6 0.01387016798
65.65 65.6 65.7 0.007411589614
65.75 65.7 65.8 0.004729666632
65.85 65.8 65.9 0.006126328458
65.95 65.9 66 0.01520674782
66.05 66 66.1 0.009738562783
66.15 66.1 66.2 0.01530536031
66.25 66.2 66.3 0.009584381658
66.35 66.3 66.4 0.0101046911
66.45 66.4 66.5 0.01098892653
66.55 66.5 66.6 0.01071562896
66.65 66.6 66.7 0.01759033667
66.75 66.7 66.8 0.005684937233
66.85 66.8 66.9 0.008570495117
66.95 66.9 67 0.00510763904
67.05 67 67.1 0.005203416192
67.15 67.1 67.2 0.005200739996
67.25 67.2 67.3 0.01204546917
67.35 67.3 67.4 0.009486551361
67.45 67.4 67.5 0.009931391687
67.55 67.5 67.6 0.008897594511
67.65 67.6 67.7 0.005335518177
67.75 67.7 67.8 0.007014021931
67.85 67.8 67.9 0.008528015425
67.95 67.9 68 0.01001167822
68.05 68 68.1 0.01077044551
68.15 68.1 68.2 0.007528791561
68.25 68.2 68.3 0.002674693237
68.35 68.3 68.4 0.00959169875
68.45 68.4 68.5 0.007823715202
68.55 68.5 68.6 0.00535241692
68.65 68.6 68.7 0.01129445552
68.75 68.7 68.8 0.008112132218
68.85 68.8 68.9 0.002869383137
68.95 68.9 69 0.01550647786
69.05 69 69.1 0.004790915215
69.15 69.1 69.2 0.004954859853
69.25 69.2 69.3 0.008543150994
69.35 69.3 69.4 0.008094805691
69.45 69.4 69.5 0.006173301597
69.55 69.5 69.6 0.01054410343
69.65 69.6 69.7 0.008261493788
69.75 69.7 69.8 0.008464845571
69.85 69.8 69.9 0.006918740691
69.95 69.9 70 0.007319559671
70.05 70 70.1 0.005922852438
70.15 70.1 70.2 0.009339016498
70.25 70.2 70.3 0.004961149953
70.35 70.3 70.4 0.008883548375
70.45 70.4 70.5 0.0009758412401
70.55 70.5 70.6 0.008676870513
70.65 70.6 70.7 0.003854679311
70.75 70.7 70.8 0.00482151929
70.85 70.8 70.9 0.01175201649
70.95 70.9 71 0.002961800176
71.05 71 71.1 0.00348950539
71.15 71.1 71.2 0.005094432987
71.25 71.2 71.3 0.007701187368
71.35 71.3 71.4 0.003156894459
71.45 71.4 71.5 0.008820214905
71.55 71.5 71.6 0.005552100834
71.65 71.6 71.7 0.011830043
71.75 71.7 71.8 0.004517944447
71.85 71.8 71.9 0.009013014367
71.95 71.9 72 0.004957023439
72.05 72 72.1 0.007820167058
72.15 72.1 72.2 0.005574659216
72.25 72.2 72.3 0.005350723343
72.35 72.3 72.4 0.005706131578
72.45 72.4 72.5 0.005020653892
72.55 72.5 72.6 0.0001134434389
72.65 72.6 72.7 0.008827718844
72.75 72.7 72.8 0.006306567747
72.85 72.8 72.9 0.006632438743
72.95 72.9 73 0.007145897224
73.05 73 73.1 0.0104723707
73.15 73.1 73.2 0.003917147097
73.25 73.2 73.3 0.01212112256
73.35 73.3 73.4 0.005178953111
73.45 73.4 73.5 0.00589425356
73.55 73.5 73.6 0.01250172481
73.65 73.6 73.7 0.008987863821
73.75 73.7 73.8 0.005626418243
73.85 73.8 73.9 0.005644341588
73.95 73.9 74 0.0007599751398
74.05 74 74.1 0.007880769929
74.15 74.1 74.2 0.0007807062676
74.25 74.2 74.3 0.01051062316
74.35 74.3 74.4 0.006257192667
74.45 74.4 74.5 0.001882799088
74.55 74.5 74.6 0.004172989732
74.65 74.6 74.7 0.004492087026
74.75 74.7 74.8 0.004229090359
74.85 74.8 74.9 0.004748807428
74.95 74.9 75 0.01317688705
75.05 75 75.1 0.004204590916
75.15 75.1 75.2 0.005872836007
75.25 75.2 75.3 0.004431536918
75.35 75.3 75.4 0.002809359389
75.45 75.4 75.5 0.004415015405
75.55 75.5 75.6 0.002972758281
75.65 75.6 75.7 0.008350855572
75.75 75.7 75.8 0.008542708018
75.85 75.8 75.9 0.009168670438
75.95 75.9 76 0.003543429976
76.05 76 76.1 0.002331870871
76.15 76.1 76.2 0.007006450326
76.25 76.2 76.3 0.001411257195
76.35 76.3 76.4 0.005244333468
76.45 76.4 76.5 0.005597260199
76.55 76.5 76.6 0.003478017371
76.65 76.6 76.7 0.003511379441
76.75 76.7 76.8 0.006086926377
76.85 76.8 76.9 0.004038380611
76.95 76.9 77 0.002116146063
77.05 77 77.1 0.007103716786
77.15 77.1 77.2 0.004624171471
77.25 77.2 77.3 0.0028149466
77.35 77.3 77.4 0.00339830979
77.45 77.4 77.5 0.001354998708
77.55 77.5 77.6 0.005011699846
77.65 77.6 77.7 0.004153460636
77.75 77.7 77.8 0.008777179598
77.85 77.8 77.9 0.008503789011
77.95 77.9 78 0.0005196819671
78.05 78 78.1 0.009366660825
78.15 78.1 78.2 0.003023151625
78.25 78.2 78.3 0.00375716277
78.35 78.3 78.4 0.002834077474
78.45 78.4 78.5 0.006397241778
78.55 78.5 78.6 0.0006145363449
78.65 78.6 78.7 0.004339030996
78.75 78.7 78.8 0.002062400052
78.85 78.8 78.9 0.0009435284304
78.95 78.9 79 0.01220794896
79.05 79 79.1 0.01037143164
79.15 79.1 79.2 0.002807751198
79.25 79.2 79.3 0.004693754881
79.35 79.3 79.4 -0.003971217513
79.45 79.4 79.5 0.002643892122
79.55 79.5 79.6 0.006947140955
79.65 79.6 79.7 0.007774672311
79.75 79.7 79.8 0.006024245704
79.85 79.8 79.9 0.0004592900793
79.95 79.9 80 -5.356395902e-05
80.05 80 80.1 0.008334188907
80.15 80.1 80.2 0.007941250939
80.25 80.2 80.3 0.006484402041
80.35 80.3 80.4 0.0003938532683
80.45 80.4 80.5 0.005996139429
80.55 80.5 80.6 0.001917853665
80.65 80.6 80.7 0.003791525844
80.75 80.7 80.8 0.005285676808
80.85 80.8 80.9 0.002804746721
80.95 80.9 81 0.001642708284
81.05 81 81.1 0.001769704836
81.15 81.1 81.2 -0.002955715518
81.25 81.2 81.3 0.001171235281
81.35 81.3 81.4 0.0005874111111
81.45 81.4 81.5 0.004565711051
81.55 81.5 81.6 0.001176825644
81.65 81.6 81.7 0.004237893373
81.75 81.7 81.8 0.00958861241
81.85 81.8 81.9 0.004969209202
81.95 81.9 82 0.001262998313
82.05 82 82.1 -0.003123282068
82.15 82.1 82.2 0.001282808372
82.25 82.2 82.3 0.004990600244
82.35 82.3 82.4 0.002287609841
82.45 82.4 82.5 0.002563674033
82.55 82.5 82.6 0.004572700341
82.65 82.6 82.7 0.002605741264
82.75 82.7 82.8 0.003836157598
82.85 82.8 82.9 0.002359044476
82.95 82.9 83 0.004617717009
83.05 83 83.1 0.005243440392
83.15 83.1 83.2 0.002104359105
83.25 83.2 83.3 0.0005292086273
83.35 83.3 83.4 0.004032916108
83.45 83.4 83.5 0.005633287578
83.55 83.5 83.6 0.004601833501
83.65 83.6 83.7 0.003280630481
83.75 83.7 83.8 0.002265022953
83.85 83.8 83.9 0.005370994222
83.95 83.9 84 0.006013395598
84.05 84 84.1 0.003348758551
84.15 84.1 84.2 0.001235831839
84.25 84.2 84.3 0.000461254518
84.35 84.3 84.4 0.0006375242687
84.45 84.4 84.5 -0.002045526359
84.55 84.5 84.6 0.004987107767
84.65 84.6 84.7 0.005312913016
84.75 84.7 84.8 0.0004288361395
84.85 84.8 84.9 0.001165402917
84.95 84.9 85 0.004553742523
85.05 85 85.1 -0.002394865563
85.15 85.1 85.2 0.001620493643
85.25 85.2 85.3 0.002919789672
85.35 85.3 85.4 0.004921259792
85.45 85.4 85.5 -0.0006948890361
85.55 85.5 85.6 0.003662747164
85.65 85.6 85.7 0.003151176407
85.75 85.7 85.8 0.002209173235
85.85 85.8 85.9 0.0006702772676
85.95 85.9 86 0.002244154118
86.05 86 86.1 -9.598196483e-05
86.15 86.1 86.2 0.001716858714
86.25 86.2 86.3 0.002166359249
86.35 86.3 86.4 0.004822872432
86.45 86.4 86.5 0.00149870504
86.55 86.5 86.6 0.005447555596
86.65 86.6 86.7 0.004448176023
86.75 86.7 86.8 0.004889299163
86.85 86.8 86.9 0.003560414015
86.95 86.9 87 0.001747700125
87.05 87 87.1 0.002056277815
87.15 87.1 87.2 0.004887250102
87.25 87.2 87.3 -0.002256786571
87.35 87.3 87.4 0.004967222767
87.45 87.4 87.5 0.007623957676
87.55 87.5 87.6 0.002920613022
87.65 87.6 87.7 0.002507280698
87.75 87.7 87.8 0.000655710097
87.85 87.8 87.9 8.132912396e-05
87.95 87.9 88 -0.001941596288
88.05 88 88.1 0.002374124336
88.15 88.1 88.2 0.00540589338
88.25 88.2 88.3 0.003104421599
88.35 88.3 88.4 0.004073636008
88.45 88.4 88.5 0.007822451946
88.55 88.5 88.6 0.0009370850149
88.65 88.6 88.7 0.007876553268
88.75 88.7 88.8 0.002550081704
88.85 88.8 88.9 0.002380026317
88.95 88.9 89 0.001566884549
89.05 89 89.1 0.004108042712
89.15 89.1 89.2 0.009030835094
89.25 89.2 89.3 0.00451430875
89.35 89.3 89.4 0.008393357078
89.45 89.4 89.5 0.00312866812
89.55 89.5 89.6 0.006288846389
89.65 89.6 89.7 0.004642381409
89.75 89.7 89.8 0.00461987078
89.85 89.8 89.9 0.006374524569
89.95 89.9 90 0.004767497462
90.05 90 90.1 0.005037343415
90.15 90.1 90.2 0.003024793646
90.25 90.2 90.3 0.001807804451
90.35 90.3 90.4 0.002916494942
90.45 90.4 90.5 0.003004970227
90.55 90.5 90.6 0.003112737864
90.65 90.6 90.7 0.001783597265
90.75 90.7 90.8 0.004501395563
90.85 90.8 90.9 0.001838311811
90.95 90.9 91 0.002368248954
91.05 91 91.1 0.005677613663
91.15 91.1 91.2 0.004558208373
91.25 91.2 91.3 0.00525282172
91.35 91.3 91.4 0.004211838462
91.45 91.4 91.5 0.01053380802
91.55 91.5 91.6 0.005372417108
91.65 91.6 91.7 0.005792238254
91.75 91.7 91.8 0.00785439772
91.85 91.8 91.9 0.00842822775
91.95 91.9 92 0.00389704114
92.05 92 92.1 0.004771542041
92.15 92.1 92.2 0.002850920243
92.25 92.2 92.3 0.002161518295
92.35 92.3 92.4 0.005255118432
92.45 92.4 92.5 -0.0004456037001
92.55 92.5 92.6 0.004151060219
92.65 92.6 92.7 0.002175731065
92.75 92.7 92.8 0.008633962842
92.85 92.8 92.9 0.005473740922
92.95 92.9 93 0.0005247079878
93.05 93 93.1 0.009413358536
93.15 93.1 93.2 0.002280987995
93.25 93.2 93.3 0.003333419669
93.35 93.3 93.4 0.004476379637
93.45 93.4 93.5 0.003139910149
93.55 93.5 93.6 0.007092344158
93.65 93.6 93.7 0.003065263456
93.75 93.7 93.8 0.004361975329
93.85 93.8 93.9 0.002757360014
93.95 93.9 94 0.003347453463
94.05 94 94.1 0.005919542335
94.15 94.1 94.2 0.002745280205
94.25 94.2 94.3 0.003433561519
94.35 94.3 94.4 0.009135960725
94.45 94.4 94.5 -0.001519443507
94.55 94.5 94.6 0.002067850023
94.65 94.6 94.7 0.0009949466927
94.75 94.7 94.8 0.004816496863
94.85 94.8 94.9 0.004306604209
94.95 94.9 95 0.007289354165
95.05 95 95.1 0.004293956938
95.15 95.1 95.2 0.005975480208
95.25 95.2 95.3 0.007682584216
95.35 95.3 95.4 -0.0005203416726
95.45 95.4 95.5 0.00277345151
95.55 95.5 95.6 0.00438261814
95.65 95.6 95.7 0.004567729247
95.75 95.7 95.8 0.005333525318
95.85 95.8 95.9 0.002891678071
95.95 95.9 96 0.005887920944
96.05 96 96.1 0.007969281495
96.15 96.1 96.2 0.001299116825
96.25 96.2 96.3 0.009512044076
96.35 96.3 96.4 -0.0003002344054
96.45 96.4 96.5 0.004154378795
96.55 96.5 96.6 0.0007584647485
96.65 96.6 96.7 0.004209953814
96.75 96.7 96.8 -0.000349772886
96.85 96.8 96.9 0.002488238735
96.95 96.9 97 0.00416771495
97.05 97 97.1 0.00336058364
97.15 97.1 97.2 0.002728079333
97.25 97.2 97.3 0.001817891941
97.35 97.3 97.4 0.001570053063
97.45 97.4 97.5 0.005306457044
97.55 97.5 97.6 0.006588864554
97.65 97.6 97.7 0.002554490602
97.75 97.7 97.8 0.00108248644
97.85 97.8 97.9 0.003643833833
97.95 97.9 98 0.005919500557
98.05 98 98.1 0.003020507389
98.15 98.1 98.2 0.005994885139
98.25 98.2 98.3 0.001643794058
98.35 98.3 98.4 -0.001798770569
98.45 98.4 98.5 0.007060234925
98.55 98.5 98.6 0.004724579838
98.65 98.6 98.7 0.002084931786
98.75 98.7 98.8 0.00368228751
98.85 98.8 98.9 0.0006378191006
98.95 98.9 99 0.00319733774
99.05 99 99.1 0.002456482187
99.15 99.1 99.2 0.003072416095
99.25 99.2 99.3 0.005976133054
99.35 99.3 99.4 0.0008830141056
99.45 99.4 99.5 0.005135668592
99.55 99.5 99.6 -0.00128488126
99.65 99.6 99.7 0.007250366411
99.75 99.7 99.8 0.003204164315
99.85 99.8 99.9 0.003773943763
99.95 99.9 100 0.00535064757
100.05 100 100.1 0.001598993333
100.15 100.1 100.2 0.002259360682
100.25 100.2 100.3 0.006314524893
100.35 100.3 100.4 0.003088564315
100.45 100.4 100.5 0.0009955106507
100.55 100.5 100.6 0.005980288472
100.65 100.6 100.7 -0.0005101127606
100.75 100.7 100.8 -0.002035491945
100.85 100.8 100.9 0.0003935442167
100.95 100.9 101 -0.002101712481
101.05 101 101.1 0.0002908118918
101.15 101.1 101.2 0.007249416028
101.25 101.2 101.3 0.005351181705
101.35 101.3 101.4 0.002070775062
101.45 101.4 101.5 0.001880289618
101.55 101.5 101.6 0.00826666427
101.65 101.6 101.7 0.003600216515
101.75 101.7 101.8 0.002539736451
101.85 101.8 101.9 -0.001371636563
101.95 101.9 102 0.003293148337
102.05 102 102.1 -0.0002865364313
102.15 102.1 102.2 0.005196030926
102.25 102.2 102.3 -0.00200844639
102.35 102.3 102.4 0.002104723226
102.45 102.4 102.5 0.006181455212
102.55 102.5 102.6 0.001426617847
102.65 102.6 102.7 0.002290811303
102.75 102.7 102.8 0.004187091354
102.85 102.8 102.9 0.002716257488
102.95 102.9 103 0.001686086485
103.05 103 103.1 0.004198181218
103.15 103.1 103.2 -9.899787882e-05
103.25 103.2 103.3 -0.002533095151
103.35 103.3 103.4 0.003056252203
103.45 103.4 103.5 0.006182326657
103.55 103.5 103.6 0.004120828648
103.65 103.6 103.7 0.0008336238913
103.75 103.7 103.8 0.005966328396
103.85 103.8 103.9 0.002844230388
103.95 103.9 104 0.003546292894
104.05 104 104.1 0.002493923212
104.15 104.1 104.2 0.001376190487
104.25 104.2 104.3 0.005096885775
104.35 104.3 104.4 0.005107443438
104.45 104.4 104.5 0.003601697066
104.55 104.5 104.6 0.004241064808
104.65 104.6 104.7 0.0009959608551
104.75 104.7 104.8 0.003062184202
104.85 104.8 104.9 0.001830401225
104.95 104.9 105 0.001320531009
105.05 105 105.1 0.0001798928706
105.15 105.1 105.2 0.002155592373
105.25 105.2 105.3 0.006253013069
105.35 105.3 105.4 0.004096994545
105.45 105.4 105.5 0.003710588746
105.55 105.5 105.6 0.003122862681
105.65 105.6 105.7 0.001691044114
105.75 105.7 105.8 0.003546255345
105.85 105.8 105.9 -3.581148042e-05
105.95 105.9 106 0.001231679635
106.05 106 106.1 0.005914026107
106.15 106.1 106.2 0.003161181281
106.25 106.2 106.3 -0.0008368165683
106.35 106.3 106.4 0.0005167904263
106.45 106.4 106.5 0.0004787793489
106.55 106.5 106.6 0.003228846949
106.65 106.6 106.7 0.001126600555
106.75 106.7 106.8 0.003783321105
106.85 106.8 106.9 0.004214160573
106.95 106.9 107 0.002868402194
107.05 107 107.1 0.003966676934
107.15 107.1 107.2 0.005404247611
107.25 107.2 107.3 0.003039656192
107.35 107.3 107.4 0.003069016623
107.45 107.4 107.5 0.002164952454
107.55 107.5 107.6 0.004234393636
107.65 107.6 107.7 0.006237355702
107.75 107.7 107.8 0.001875595956
107.85 107.8 107.9 -0.0004473840566
107.95 107.9 108 0.0001118341677
108.05 108 108.1 0.004414834044
108.15 108.1 108.2 0.001839447847
108.25 108.2 108.3 0.002583884099
108.35 108.3 108.4 0.006685824748
108.45 108.4 108.5 -0.001346403499
108.55 108.5 108.6 0.002984257119
108.65 108.6 108.7 0.002587555221
108.75 108.7 108.8 0.004712550658
108.85 108.8 108.9 0.002780325302
108.95 108.9 109 0.002004484977
109.05 109 109.1 0.001781699356
109.15 109.1 109.2 0.002725667978
109.25 109.2 109.3 0.003985058255
109.35 109.3 109.4 0.002516822982
109.45 109.4 109.5 0.003650984811
109.55 109.5 109.6 0.0001973211732
109.65 109.6 109.7 0.0054599194
109.75 109.7 109.8 0.0007036666068
109.85 109.8 109.9 0.003273420747
109.95 109.9 110 0.006257322199
110.05 110 110.1 -0.0005342149444
110.15 110.1 110.2 0.001235042698
110.25 110.2 110.3 -0.0002577858432
110.35 110.3 110.4 0.001386619611
110.45 110.4 110.5 0.00141207431
110.55 110.5 110.6 0.004905467168
110.65 110.6 110.7 0.00508277459
110.75 110.7 110.8 0.002931847074
110.85 110.8 110.9 0.001223336345
110.95 110.9 111 -0.0005440642559
111.05 111 111.1 0.002105244506
111.15 111.1 111.2 0.00457916298
111.25 111.2 111.3 0.002120960713
111.35 111.3 111.4 0.004494685457
111.45 111.4 111.5 0.002378282882
111.55 111.5 111.6 0.001473407518
111.65 111.6 111.7 0.003178574717
111.75 111.7 111.8 0.004704394875
111.85 111.8 111.9 -0.001227267135
111.95 111.9 112 0.004300215009
112.05 112 112.1 0.0005238553841
112.15 112.1 112.2 0.00101636927
112.25 112.2 112.3 -0.0006808643904
112.35 112.3 112.4 -4.483908618e-05
112.45 112.4 112.5 0.0007189089645
112.55 112.5 112.6 0.003522554223
112.65 112.6 112.7 0.0008632207129
112.75 112.7 112.8 -0.003141968697
112.85 112.8 112.9 0.004302514972
112.95 112.9 113 -0.0005793798487
113.05 113 113.1 -0.0002821631444
113.15 113.1 113.2 0.0002280714886
113.25 113.2 113.3 0.001831143868
113.35 113.3 113.4 0.001571414624
113.45 113.4 113.5 0.003133690621
113.55 113.5 113.6 0.001316527885
113.65 113.6 113.7 0.004074821657
113.75 113.7 113.8 0.0006534621433
113.85 113.8 113.9 0.0008294914548
113.95 113.9 114 0.001956841251
114.05 114 114.1 -0.0009106439823
114.15 114.1 114.2 0.001758326867
114.25 114.2 114.3 0.00287512608
114.35 114.3 114.4 -0.0004181009766
114.45 114.4 114.5 0.003198241554
114.55 114.5 114.6 -0.0001038657759
114.65 114.6 114.7 0.0009097998297
114.75 114.7 114.8 0.002014462558
114.85 114.8 114.9 0.00319287041
114.95 114.9 115 -0.003751088904
115.05 115 115.1 0.0006241899586
115.15 115.1 115.2 0.004787158368
115.25 115.2 115.3 0.001606020662
115.35 115.3 115.4 0.002157581266
115.45 115.4 115.5 0.0004210582849
115.55 115.5 115.6 -0.0004553416522
115.65 115.6 115.7 0.001887782899
115.75 115.7 115.8 0.002105337275
115.85 115.8 115.9 -0.003244099831
115.95 115.9 116 0.0006284575986
116.05 116 116.1 0.0001052098298
116.15 116.1 116.2 0.001434832808
116.25 116.2 116.3 0.002744493741
116.35 116.3 116.4 0.0006400021048
116.45 116.4 116.5 -8.665276388e-05
116.55 116.5 116.6 0.0006038173823
116.65 116.6 116.7 0.003644253317
116.75 116.7 116.8 -0.001300103668
116.85 116.8 116.9 -0.002718627319
116.95 116.9 117 -0.001217395062
117.05 117 117.1 0.001231233454
117.15 117.1 117.2 -0.003233781401
117.25 117.2 117.3 0.0001357213916
117.35 117.3 117.4 -0.0003853010065
117.45 117.4 117.5 0.0001978171809
117.55 117.5 117.6 -0.00216693454
117.65 117.6 117.7 0.001896245415
117.75 117.7 117.8 -0.00288122992
117.85 117.8 117.9 -0.0002269884862
117.95 117.9 118 -0.000400573754
118.05 118 118.1 0.0006043591158
118.15 118.1 118.2 0.0009068243169
118.25 118.2 118.3 -0.003564108864
118.35 118.3 118.4 -0.0007265264733
118.45 118.4 118.5 -0.003009695369
118.55 118.5 118.6 0.001427522362
118.65 118.6 118.7 -0.00283574794
118.75 118.7 118.8 0.002728279451
118.85 118.8 118.9 0.002260970892
118.95 118.9 119 -0.002021120988
119.05 119 119.1 0.004020003921
119.15 119.1 119.2 0.0039223105
119.25 119.2 119.3 0.001025496784
119.35 119.3 119.4 -0.002702826291
119.45 119.4 119.5 -0.0002213389922
119.55 119.5 119.6 -0.0007101323015
119.65 119.6 119.7 0.0005177585069
119.75 119.7 119.8 -0.0004631108536
119.85 119.8 119.9 -0.0009274088707
119.95 119.9 120 0.0001714064798
120.05 120 120.1 -0.0002047726454
120.15 120.1 120.2 0.0001807792794
120.25 120.2 120.3 -0.0003791235797
120.35 120.3 120.4 -0.001904196867
120.45 120.4 120.5 -0.003110736821
120.55 120.5 120.6 0.0008293018566
120.65 120.6 120.7 -0.0006162557977
120.75 120.7 120.8 -0.001901439716
120.85 120.8 120.9 -0.0007464851038
120.95 120.9 121 -0.003827632532
121.05 121 121.1 0.002473780117
121.15 121.1 121.2 -0.002328092237
121.25 121.2 121.3 -7.640240008e-05
121.35 121.3 121.4 0.001229776005
121.45 121.4 121.5 0.002321990654
121.55 121.5 121.6 -0.001862355477
121.65 121.6 121.7 0.000254165327
121.75 121.7 121.8 -0.001535056127
121.85 121.8 121.9 -0.0009333042494
121.95 121.9 122 -0.001204197554
122.05 122 122.1 0.0003589143688
122.15 122.1 122.2 0.0001527960763
122.25 122.2 122.3 -0.001765378331
122.35 122.3 122.4 -0.00120365087
122.45 122.4 122.5 -0.003785582445
122.55 122.5 122.6 -0.003463213806
122.65 122.6 122.7 0.001911837997
122.75 122.7 122.8 -0.001085089762
122.85 122.8 122.9 -0.003180816297
122.95 122.9 123 0.001673685424
123.05 123 123.1 -0.0007816512018
123.15 123.1 123.2 0.000711895183
123.25 123.2 123.3 0.002380937887
123.35 123.3 123.4 0.001786173856
123.45 123.4 123.5 -0.003603809873
123.55 123.5 123.6 -0.0002985354318
123.65 123.6 123.7 0.001274484165
123.75 123.7 123.8 -0.003417097184
123.85 123.8 123.9 -0.0008621999469
123.95 123.9 124 0.0009285092872
124.05 124 124.1 -0.001445515248
124.15 124.1 124.2 0.0005814367568
124.25 124.2 124.3 -5.788219667e-05
124.35 124.3 124.4 0.0002004189276
124.45 124.4 124.5 0.001457049213
124.55 124.5 124.6 -0.001006861954
124.65 124.6 124.7 0.001456560964
124.75 124.7 124.8 -0.001853713454
124.85 124.8 124.9 0.002939292827
124.95 124.9 125 -0.001131024136
125.05 125 125.1 -0.00108747746
125.15 125.1 125.2 -0.002858558889
125.25 125.2 125.3 0.0001604743844
125.35 125.3 125.4 -0.001751273165
125.45 125.4 125.5 -0.002356348847
125.55 125.5 125.6 -0.004306783969
125.65 125.6 125.7 5.672632723e-05
125.75 125.7 125.8 -0.003683655219
125.85 125.8 125.9 -0.005103255821
125.95 125.9 126 -0.000344509579
126.05 126 126.1 0.002603717416
126.15 126.1 126.2 -0.002721188167
126.25 126.2 126.3 -0.001382856838
126.35 126.3 126.4 -0.0001862449118
126.45 126.4 126.5 -0.003475637507
126.55 126.5 126.6 -0.001839979856
126.65 126.6 126.7 -0.00205995755
126.75 126.7 126.8 -0.006813090204
126.85 126.8 126.9 -0.002268076442
126.95 126.9 127 -0.001477951865
127.05 127 127.1 0.001589224354
127.15 127.1 127.2 -0.003674535409
127.25 127.2 127.3 -0.002060815177
127.35 127.3 127.4 -0.002673172119
127.45 127.4 127.5 -0.003039187884
127.55 127.5 127.6 -0.002372012218
127.65 127.6 127.7 -0.0008988131604
127.75 127.7 127.8 -0.0005658751936
127.85 127.8 127.9 0.001048463675
127.95 127.9 128 -0.002609715354
128.05 128 128.1 -0.002431414339
128.15 128.1 128.2 -0.001930394809
128.25 128.2 128.3 0.0008380210997
128.35 128.3 128.4 -0.002611433045
128.45 128.4 128.5 -0.0007728550043
128.55 128.5 128.6 -0.004385548105
128.65 128.6 128.7 -0.002999381871
128.75 128.7 128.8 -0.004036005575
128.85 128.8 128.9 0.0008031230554
128.95 128.9 129 -0.004739012048
129.05 129 129.1 -0.0008869148718
129.15 129.1 129.2 -0.003609511082
129.25 129.2 129.3 -0.003571530939
129.35 129.3 129.4 -0.004040772835
129.45 129.4 129.5 -0.004243891067
129.55 129.5 129.6 -0.003782232511
129.65 129.6 129.7 0.0008277042998
129.75 129.7 129.8 -0.002174324942
129.85 129.8 129.9 -0.00305811605
129.95 129.9 130 -0.004809596935
130.05 130 130.1 0.00274003364
130.15 130.1 130.2 -0.001586339292
130.25 130.2 130.3 -0.002371480996
130.35 130.3 130.4 -0.0005872862878
130.45 130.4 130.5 -0.005759092584
130.55 130.5 130.6 -0.003976105426
130.65 130.6 130.7 0.0004400057831
130.75 130.7 130.8 -0.0008849348905
130.85 130.8 130.9 -0.001515487782
130.95 130.9 131 -0.0001455675159
131.05 131 131.1 -0.002140613702
131.15 131.1 131.2 -0.001599723669
131.25 131.2 131.3 -0.00226655719
131.35 131.3 131.4 -0.002933780715
131.45 131.4 131.5 -0.002604497923
131.55 131.5 131.6 -0.002910011921
131.65 131.6 131.7 -0.00229249163
131.75 131.7 131.8 -0.002988257422
131.85 131.8 131.9 -0.002857357981
131.95 131.9 132 -0.001286562836
132.05 132 132.1 -0.006998319848
132.15 132.1 132.2 -0.001954731322
132.25 132.2 132.3 -0.003085375381
132.35 132.3 132.4 -0.0001731095119
132.45 132.4 132.5 0.0011939959
132.55 132.5 132.6 0.002067889596
132.65 132.6 132.7 -0.005836694605
132.75 132.7 132.8 -0.001699543488
132.85 132.8 132.9 -0.004683076505
132.95 132.9 133 -0.001606399581
133.05 133 133.1 0.001730773066
133.15 133.1 133.2 -0.004695399087
133.25 133.2 133.3 -0.00254762814
133.35 133.3 133.4 0.001940527683
133.45 133.4 133.5 -0.003999784951
133.55 133.5 133.6 -0.004000015543
133.65 133.6 133.7 -0.003533385238
133.75 133.7 133.8 -0.002711674186
133.85 133.8 133.9 -0.0003427067282
133.95 133.9 134 0.001149464665
134.05 134 134.1 0.0007370084059
134.15 134.1 134.2 -0.002003009425
134.25 134.2 134.3 -0.003155565695
134.35 134.3 134.4 -0.004706501265
134.45 134.4 134.5 -0.004830645504
134.55 134.5 134.6 -0.003023697203
134.65 134.6 134.7 -0.004366288291
134.75 134.7 134.8 -0.002862178014
134.85 134.8 134.9 0.0006266764156
134.95 134.9 135 -0.002274364048
135.05 135 135.1 -0.0008216700457
135.15 135.1 135.2 -0.001299069815
135.25 135.2 135.3 0.001432166899
135.35 135.3 135.4 -0.002917007483
135.45 135.4 135.5 -0.0002375326501
135.55 135.5 135.6 -0.00400610828
135.65 135.6 135.7 -0.005246158383
135.75 135.7 135.8 -0.002626580206
135.85 135.8 135.9 0.0009120758747
135.95 135.9 136 -0.003181344658
136.05 136 136.1 -0.002558695668
136.15 136.1 136.2 -0.002780435652
136.25 136.2 136.3 -0.0002939921114
136.35 136.3 136.4 -0.001357866524
136.45 136.4 136.5 -0.004608099282
136.55 136.5 136.6 -0.002526539925
136.65 136.6 136.7 -0.0005547280897
136.75 136.7 136.8 -0.002364119417
136.85 136.8 136.9 -0.001210530196
136.95 136.9 137 -0.0004353098191
137.05 137 137.1 -0.00182686731
137.15 137.1 137.2 -0.003535254068
137.25 137.2 137.3 -0.007055056484
137.35 137.3 137.4 5.017082647e-05
137.45 137.4 137.5 -0.0007099302368
137.55 137.5 137.6 -0.0005976397164
137.65 137.6 137.7 -0.003069571822
137.75 137.7 137.8 0.0004684852359
137.85 137.8 137.9 -0.002089842396
137.95 137.9 138 -0.002120316287
138.05 138 138.1 -0.004410588035
138.15 138.1 138.2 -0.003920011938
138.25 138.2 138.3 -0.001874692936
138.35 138.3 138.4 -0.001685968157
138.45 138.4 138.5 -0.005703603129
138.55 138.5 138.6 -0.004977226966
138.65 138.6 138.7 -0.003206484119
138.75 138.7 138.8 -0.002232166657
138.85 138.8 138.9 -0.0002099498901
138.95 138.9 139 -0.00109180196
139.05 139 139.1 -0.002833725989
139.15 139.1 139.2 -0.001541201885
139.25 139.2 139.3 -0.001068763661
139.35 139.3 139.4 -0.002947987436
139.45 139.4 139.5 -0.0006929423026
139.55 139.5 139.6 -0.002040779132
139.65 139.6 139.7 -0.003864423844
139.75 139.7 139.8 -0.00212016326
139.85 139.8 139.9 -0.003511549627
139.95 139.9 140 1.736697451e-05
140.05 140 140.1 -0.003030671321
140.15 140.1 140.2 -0.002054089804
140.25 140.2 140.3 -0.00369974577
140.35 140.3 140.4 -0.003564607287
140.45 140.4 140.5 -0.003524017501
140.55 140.5 140.6 -0.005051723533
140.65 140.6 140.7 0.002424268638
140.75 140.7 140.8 -0.0009155990695
140.85 140.8 140.9 -0.0005492384841
140.95 140.9 141 -0.003004047755
141.05 141 141.1 -0.001174181239
141.15 141.1 141.2 -0.0004482638871
141.25 141.2 141.3 -0.006132360924
141.35 141.3 141.4 -0.003308578971
141.45 141.4 141.5 -0.006062347966
141.55 141.5 141.6 -0.002074001781
141.65 141.6 141.7 -0.00407076767
141.75 141.7 141.8 0.0001397642102
141.85 141.8 141.9 -0.005878115309
141.95 141.9 142 -0.003338299428
142.05 142 142.1 -0.00136083177
142.15 142.1 142.2 -0.0006352977688
142.25 142.2 142.3 -0.00172189493
142.35 142.3 142.4 -0.0007749753528
142.45 142.4 142.5 -0.00239178843
142.55 142.5 142.6 0.0005340465889
142.65 142.6 142.7 -0.002575758269
142.75 142.7 142.8 -0.001375547395
142.85 142.8 142.9 -0.001555443812
142.95 142.9 143 -0.002186729709
143.05 143 143.1 -0.003758294004
143.15 143.1 143.2 -0.00129714998
143.25 143.2 143.3 -0.0008414923607
143.35 143.3 143.4 -0.004009010203
143.45 143.4 143.5 -0.002753471221
143.55 143.5 143.6 -0.005085680249
143.65 143.6 143.7 -0.00401626805
143.75 143.7 143.8 -0.00209079837
143.85 143.8 143.9 -0.004757562836
143.95 143.9 144 -0.001581861279
144.05 144 144.1 -0.002020823691
144.15 144.1 144.2 -0.006353001465
144.25 144.2 144.3 -0.002956121493
144.35 144.3 144.4 -0.004278630843
144.45 144.4 144.5 -0.007024129838
144.55 144.5 144.6 -0.000675114629
144.65 144.6 144.7 -0.003427969096
144.75 144.7 144.8 -0.0002693916679
144.85 144.8 144.9 -0.004610277025
144.95 144.9 145 -0.001754627439
145.05 145 145.1 -0.005377711799
145.15 145.1 145.2 -0.00353822675
145.25 145.2 145.3 -0.001892345079
145.35 145.3 145.4 -0.005114658229
145.45 145.4 145.5 -0.004435148837
145.55 145.5 145.6 -0.00124925663
145.65 145.6 145.7 -0.005103560089
145.75 145.7 145.8 -0.003023945668
145.85 145.8 145.9 -0.005758708312
145.95 145.9 146 -0.00391387179
146.05 146 146.1 0.001280486488
146.15 146.1 146.2 -0.003515293902
146.25 146.2 146.3 -0.006298061489
146.35 146.3 146.4 -0.004424222309
146.45 146.4 146.5 -0.005001448985
146.55 146.5 146.6 -0.003261700577
146.65 146.6 146.7 -0.006843784355
146.75 146.7 146.8 -0.005533337342
146.85 146.8 146.9 -0.003031189811
146.95 146.9 147 -0.002594253647
147.05 147 147.1 -0.001595070516
147.15 147.1 147.2 -0.0002808516506
147.25 147.2 147.3 -0.004341466423
147.35 147.3 147.4 -0.002410810774
147.45 147.4 147.5 -0.004205267059
147.55 147.5 147.6 -0.00454261852
147.65 147.6 147.7 -0.005756382543
147.75 147.7 147.8 -0.001970052476
147.85 147.8 147.9 -0.005488990202
147.95 147.9 148 -0.004990137985
148.05 148 148.1 -0.00366034964
148.15 148.1 148.2 -0.00155764427
148.25 148.2 148.3 -0.004677155872
148.35 148.3 148.4 -0.004418418235
148.45 148.4 148.5 -0.004896632234
148.55 148.5 148.6 -0.00185646399
148.65 148.6 148.7 -0.006204454209
148.75 148.7 148.8 -0.0008886874344
148.85 148.8 148.9 -0.005191500922
148.95 148.9 149 -0.00431455665
149.05 149 149.1 -0.003312014733
149.15 149.1 149.2 -0.008430888113
149.25 149.2 149.3 -0.002742985314
149.35 149.3 149.4 -0.002257589758
149.45 149.4 149.5 -0.006209727744
149.55 149.5 149.6 -0.003325068172
149.65 149.6 149.7 -0.003893172841
149.75 149.7 149.8 -0.004053971034
149.85 149.8 149.9 -0.002598690932
149.95 149.9 150 -0.003628225869
150.05 150 150.1 -0.004575767801
150.15 150.1 150.2 -0.005185076063
150.25 150.2 150.3 -0.00379423209
150.35 150.3 150.4 -0.003699576498
150.45 150.4 150.5 -0.003134411963
150.55 150.5 150.6 -0.001654870958
150.65 150.6 150.7 -0.004489943082
150.75 150.7 150.8 -0.003673071922
150.85 150.8 150.9 -0.002926944907
150.95 150.9 151 -0.003684271602
151.05 151 151.1 -0.002800621344
151.15 151.1 151.2 -0.005367942786
151.25 151.2 151.3 -0.002889634095
151.35 151.3 151.4 -0.003103196077
151.45 151.4 151.5 -0.003642233163
151.55 151.5 151.6 8.43305113e-05
151.65 151.6 151.7 -0.002759034101
151.75 151.7 151.8 -0.004347736245
151.85 151.8 151.9 -0.001487987971
151.95 151.9 152 -0.00201071205
152.05 152 152.1 -0.001980575542
152.15 152.1 152.2 -0.004162349932
152.25 152.2 152.3 -0.002263339843
152.35 152.3 152.4 -0.002559717342
152.45 152.4 152.5 -0.001128027362
152.55 152.5 152.6 -0.001941090111
152.65 152.6 152.7 -0.001738833266
152.75 152.7 152.8 -0.004480611511
152.85 152.8 152.9 -0.00224613021
152.95 152.9 153 -0.002582852377
153.05 153 153.1 -0.002463195422
153.15 153.1 153.2 -0.001328679013
153.25 153.2 153.3 -0.002936725307
153.35 153.3 153.4 -0.003178650224
153.45 153.4 153.5 -0.0007683417694
153.55 153.5 153.6 0.0007964868533
153.65 153.6 153.7 -0.001014361099
153.75 153.7 153.8 -0.0006157096065
153.85 153.8 153.9 -8.725336056e-05
153.95 153.9 154 -0.002698110185
154.05 154 154.1 -0.002421397896
154.15 154.1 154.2 -0.003104788485
154.25 154.2 154.3 -0.005883657104
154.35 154.3 154.4 -0.001119404885
154.45 154.4 154.5 -0.000696165182
154.55 154.5 154.6 -0.001757997818
154.65 154.6 154.7 -0.003315446721
154.75 154.7 154.8 -0.002278454281
154.85 154.8 154.9 -0.00326448116
154.95 154.9 155 -0.001360641251
155.05 155 155.1 -0.0001234525914
155.15 155.1 155.2 -0.00126863455
155.25 155.2 155.3 0.001759719899
155.35 155.3 155.4 -0.005188446474
155.45 155.4 155.5 0.0007603540695
155.55 155.5 155.6 -0.000729140472
155.65 155.6 155.7 -0.002831729138
155.75 155.7 155.8 -0.0018202993
155.85 155.8 155.9 -0.001580852096
155.95 155.9 156 -0.00354008013
156.05 156 156.1 -0.003895595727
156.15 156.1 156.2 -0.001946000415
156.25 156.2 156.3 -0.001452941026
156.35 156.3 156.4 0.000387025538
156.45 156.4 156.5 -0.002120821554
156.55 156.5 156.6 -0.003371326397
156.65 156.6 156.7 -0.001056706167
156.75 156.7 156.8 -0.0004562841861
156.85 156.8 156.9 -0.000892189917
156.95 156.9 157 -0.002907720749
157.05 157 157.1 -0.0009836974843
157.15 157.1 157.2 -0.0009829473351
157.25 157.2 157.3 -0.00116964822
157.35 157.3 157.4 -0.0003314381544
157.45 157.4 157.5 -0.0006538276628
157.55 157.5 157.6 -0.001574104291
157.65 157.6 157.7 -0.001573620515
157.75 157.7 157.8 -0.003927598341
157.85 157.8 157.9 -0.001977724965
157.95 157.9 158 -0.002200447173
158.05 158 158.1 -0.001162492345
158.15 158.1 158.2 -0.0009005075892
158.25 158.2 158.3 -0.0002499973169
158.35 158.3 158.4 -0.001276909002
158.45 158.4 158.5 -0.001254900298
158.55 158.5 158.6 -0.002075420276
158.65 158.6 158.7 -0.0001110236389
158.75 158.7 158.8 -0.001529075026
158.85 158.8 158.9 -0.0008040711464
158.95 158.9 159 -0.001860143582
159.05 159 159.1 0.001020907382
159.15 159.1 159.2 -0.002767608038
159.25 159.2 159.3 -0.002711460374
159.35 159.3 159.4 -0.002251415292
159.45 159.4 159.5 -0.0005729547034
159.55 159.5 159.6 0.001488226595
159.65 159.6 159.7 1.874675407e-05
159.75 159.7 159.8 0.0006439603895
159.85 159.8 159.9 -0.0001041362395
159.95 159.9 160 -0.003541955476
160.05 160 160.1 -0.001116939291
160.15 160.1 160.2 -0.001444650037
160.25 160.2 160.3 0.001103304151
160.35 160.3 160.4 -0.0004845168268
160.45 160.4 160.5 -0.003039854194
160.55 160.5 160.6 -0.0004591853887
160.65 160.6 160.7 -0.001455080809
160.75 160.7 160.8 0.0002591354398
160.85 160.8 160.9 -0.003051053147
160.95 160.9 161 -0.0003602192056
161.05 161 161.1 -0.003020285217
161.15 161.1 161.2 -0.002041187795
161.25 161.2 161.3 -0.0006258720988
161.35 161.3 161.4 -0.001343712421
161.45 161.4 161.5 -0.0008192762552
161.55 161.5 161.6 7.687060638e-05
161.65 161.6 161.7 -8.946262752e-05
161.75 161.7 161.8 -0.001459143602
161.85 161.8 161.9 -0.001715071166
161.95 161.9 162 -0.00277512105
162.05 162 162.1 -0.0002803559546
162.15 162.1 162.2 -0.002607368706
162.25 162.2 162.3 -0.0001401835818
162.35 162.3 162.4 -0.002348198359
162.45 162.4 162.5 -1.848533253e-05
162.55 162.5 162.6 -0.004614293038
162.65 162.6 162.7 0.0008033509354
162.75 162.7 162.8 -0.001465108647
162.85 162.8 162.9 0.0001513286129
162.95 162.9 163 -0.0004820463005
163.05 163 163.1 0.000767815134
163.15 163.1 163.2 -0.003073036892
163.25 163.2 163.3 -0.001669883649
163.35 163.3 163.4 -0.002123771238
163.45 163.4 163.5 -0.003596432378
163.55 163.5 163.6 -0.002137293098
163.65 163.6 163.7 -0.001340138241
163.75 163.7 163.8 -0.001227450611
163.85 163.8 163.9 -0.001994957217
163.95 163.9 164 -0.001792168558
164.05 164 164.1 -0.004541807143
164.15 164.1 164.2 -0.00217299864
164.25 164.2 164.3 0.002710671603
164.35 164.3 164.4 0.000795021482
164.45 164.4 164.5 -0.0002004373931
164.55 164.5 164.6 -0.0007908880631
164.65 164.6 164.7 -0.001747331259
164.75 164.7 164.8 0.001632564713
164.85 164.8 164.9 0.001071375826
164.95 164.9 165 -0.001889399759
165.05 165 165.1 -0.0007244653895
165.15 165.1 165.2 -0.0009723273218
165.25 165.2 165.3 -0.00227436188
165.35 165.3 165.4 -0.001351942885
165.45 165.4 165.5 0.000943792285
165.55 165.5 165.6 -0.002597466807
165.65 165.6 165.7 -0.0005558097533
165.75 165.7 165.8 0.0005842746156
165.85 165.8 165.9 0.001145165092
165.95 165.9 166 0.001648307205
166.05 166 166.1 0.001252209722
166.15 166.1 166.2 7.994765818e-05
166.25 166.2 166.3 -0.002646262147
166.35 166.3 166.4 -0.001663037554
166.45 166.4 166.5 -0.001510731033
166.55 166.5 166.6 -0.003279280636
166.65 166.6 166.7 0.001209448648
166.75 166.7 166.8 -0.004196767542
166.85 166.8 166.9 0.001187007683
166.95 166.9 167 -0.0005084844207
167.05 167 167.1 0.0008653057724
167.15 167.1 167.2 -0.00074666184
167.25 167.2 167.3 -0.0006321741741
167.35 167.3 167.4 -0.0006028148536
167.45 167.4 167.5 0.002108168892
167.55 167.5 167.6 -0.0008354707164
167.65 167.6 167.7 0.0003832264756
167.75 167.7 167.8 -0.001146343123
167.85 167.8 167.9 -0.001604687351
167.95 167.9 168 0.001367202177
168.05 168 168.1 -0.0007818548431
168.15 168.1 168.2 -0.002102292618
168.25 168.2 168.3 -0.000359489496
168.35 168.3 168.4 2.903663329e-06
168.45 168.4 168.5 -0.0018172298
168.55 168.5 168.6 0.001258637649
168.65 168.6 168.7 -0.000786626669
168.75 168.7 168.8 0.0002508273475
168.85 168.8 168.9 -0.0002397227617
168.95 168.9 169 -0.0009529247125
169.05 169 169.1 -3.875587184e-06
169.15 169.1 169.2 0.003094910528
169.25 169.2 169.3 -0.001320432774
169.35 169.3 169.4 0.002488531758
169.45 169.4 169.5 -7.201993177e-05
169.55 169.5 169.6 0.0009295165106
169.65 169.6 169.7 0.002304780166
169.75 169.7 169.8 -0.0001388950629
169.85 169.8 169.9 0.001234092172
169.95 169.9 170 -0.001039789727
170.05 170 170.1 0.0008597761438
170.15 170.1 170.2 0.001924320326
170.25 170.2 170.3 0.0002757743613
170.35 170.3 170.4 0.0026795597
170.45 170.4 170.5 0.002844644599
170.55 170.5 170.6 0.0001748566368
170.65 170.6 170.7 0.001630812761
170.75 170.7 170.8 0.002696135995
170.85 170.8 170.9 -0.003024040621
170.95 170.9 171 0.000495807673
171.05 171 171.1 0.002838088243
171.15 171.1 171.2 0.001056624209
171.25 171.2 171.3 -0.001222495859
171.35 171.3 171.4 0.001629663803
171.45 171.4 171.5 -1.744942929e-05
171.55 171.5 171.6 -0.002319908242
171.65 171.6 171.7 -0.0008769107048
171.75 171.7 171.8 0.0004704600276
171.85 171.8 171.9 0.002074089627
171.95 171.9 172 -0.0005403059756
172.05 172 172.1 0.001224237945
172.15 172.1 172.2 0.003183561164
172.25 172.2 172.3 -0.003421844631
172.35 172.3 172.4 0.0002214715915
172.45 172.4 172.5 0.001850243688
172.55 172.5 172.6 0.001732465915
172.65 172.6 172.7 -0.0004933115445
172.75 172.7 172.8 -0.001450790531
172.85 172.8 172.9 0.0001926565847
172.95 172.9 173 -0.001416136041
173.05 173 173.1 0.0004405551463
173.15 173.1 173.2 -0.002221700513
173.25 173.2 173.3 0.001217536037
173.35 173.3 173.4 0.001103926888
173.45 173.4 173.5 0.000516832683
173.55 173.5 173.6 0.0009809074466
173.65 173.6 173.7 -0.001417728288
173.75 173.7 173.8 0.001430048263
173.85 173.8 173.9 -0.0007213272737
173.95 173.9 174 -0.001355412281
174.05 174 174.1 -0.0002383159463
174.15 174.1 174.2 0.0005201307651
174.25 174.2 174.3 -0.001898116579
174.35 174.3 174.4 -0.0007554090327
174.45 174.4 174.5 4.376287779e-05
174.55 174.5 174.6 -0.0005030159209
174.65 174.6 174.7 -0.0001465413377
174.75 174.7 174.8 0.001416782977
174.85 174.8 174.9 0.00242490862
174.95 174.9 175 -0.0009199107307
175.05 175 175.1 0.0008632293901
175.15 175.1 175.2 -0.000729831857
175.25 175.2 175.3 0.002708868616
175.35 175.3 175.4 0.001580561785
175.45 175.4 175.5 -0.001296021415
175.55 175.5 175.6 -0.0004702314424
175.65 175.6 175.7 0.0002213193448
175.75 175.7 175.8 0.002550535943
175.85 175.8 175.9 0.001031090016
175.95 175.9 176 -0.0005266025498
176.05 176 176.1 0.000724089723
176.15 176.1 176.2 0.002298249956
176.25 176.2 176.3 0.00168141381
176.35 176.3 176.4 -0.001094122314
176.45 176.4 176.5 0.001174555333
176.55 176.5 176.6 0.0007981689596
176.65 176.6 176.7 -0.001375289773
176.75 176.7 176.8 0.001928409338
176.85 176.8 176.9 0.0005930397041
176.95 176.9 177 -0.002419255693
177.05 177 177.1 0.0005646510074
177.15 177.1 177.2 -0.000479119824
177.25 177.2 177.3 -0.0006028694737
177.35 177.3 177.4 0.0004480483009
177.45 177.4 177.5 0.001794132219
177.55 177.5 177.6 0.0003531304125
177.65 177.6 177.7 0.0002829820971
177.75 177.7 177.8 0.0003141120196
177.85 177.8 177.9 0.003306987489
177.95 177.9 178 0.000720475428
178.05 178 178.1 0.0003633570676
178.15 178.1 178.2 0.000200443572
178.25 178.2 178.3 -0.0007031239535
178.35 178.3 178.4 0.0008381085296
178.45 178.4 178.5 0.0008080426256
178.55 178.5 178.6 -0.0009972121284
178.65 178.6 178.7 0.00162628311
178.75 178.7 178.8 0.0001901309502
178.85 178.8 178.9 0.0006563755556
178.95 178.9 179 -0.00116530007
179.05 179 179.1 -0.002153797425
179.15 179.1 179.2 -0.001076938704
179.25 179.2 179.3 -0.0009044060354
179.35 179.3 179.4 -4.179909788e-05
179.45 179.4 179.5 -0.0007068126071
179.55 179.5 179.6 0.002353367599
179.65 179.6 179.7 0.002635330216
179.75 179.7 179.8 0.0001979676571
179.85 179.8 179.9 0.0004803531664
179.95 179.9 180 0.001409111501
180.05 180 180.1 0.0003400452677
180.15 180.1 180.2 -0.001205983757
180.25 180.2 180.3 0.001314973297
180.35 180.3 180.4 -0.00202385919
180.45 180.4 180.5 0.001158569515
180.55 180.5 180.6 0.002267711222
180.65 180.6 180.7 0.002798559597
180.75 180.7 180.8 -0.001317432612
180.85 180.8 180.9 0.0001354540681
180.95 180.9 181 0.0005273740792
181.05 181 181.1 0.00290541766
181.15 181.1 181.2 0.0003561206939
181.25 181.2 181.3 -0.0005698779703
181.35 181.3 181.4 -0.000366135244
181.45 181.4 181.5 -0.003318326517
181.55 181.5 181.6 -0.003221816973
181.65 181.6 181.7 -0.0005224024927
181.75 181.7 181.8 0.00299467491
181.85 181.8 181.9 0.0004207993013
181.95 181.9 182 -3.47270136e-05
182.05 182 182.1 -0.0004333530422
182.15 182.1 182.2 -0.0004141446474
182.25 182.2 182.3 -0.001165081746
182.35 182.3 182.4 0.001990737021
182.45 182.4 182.5 0.0002148813582
182.55 182.5 182.6 0.001731646056
182.65 182.6 182.7 0.00308550482
182.75 182.7 182.8 -0.002707760926
182.85 182.8 182.9 -0.00240325863
182.95 182.9 183 -0.002062346881
183.05 183 183.1 0.001263996466
183.15 183.1 183.2 0.001414690181
183.25 183.2 183.3 -0.001266781042
183.35 183.3 183.4 0.0002856214051
183.45 183.4 183.5 0.0003932999645
183.55 183.5 183.6 0.0003632026432
183.65 183.6 183.7 -0.001153440414
183.75 183.7 183.8 0.001029464471
183.85 183.8 183.9 6.740843772e-05
183.95 183.9 184 0.002246231919
184.05 184 184.1 -0.0007787241561
184.15 184.1 184.2 0.0005642523973
184.25 184.2 184.3 0.002299293965
184.35 184.3 184.4 -0.0004683393421
184.45 184.4 184.5 0.002142996678
184.55 184.5 184.6 0.0001611003397
184.65 184.6 184.7 0.000347404192
184.75 184.7 184.8 7.858006909e-05
184.85 184.8 184.9 -0.0001036778409
184.95 184.9 185 -0.0005309936952
185.05 185 185.1 0.001635622215
185.15 185.1 185.2 -0.0003148459948
185.25 185.2 185.3 -3.07872074e-05
185.35 185.3 185.4 0.00300117917
185.45 185.4 185.5 -0.0006656986259
185.55 185.5 185.6 0.001452179359
185.65 185.6 185.7 0.001526501563
185.75 185.7 185.8 -0.0001099985928
185.85 185.8 185.9 0.0001437336757
185.95 185.9 186 0.0002615473317
186.05 186 186.1 0.0002511387528
186.15 186.1 186.2 0.003869785539
186.25 186.2 186.3 0.001710858059
186.35 186.3 186.4 0.001712970492
186.45 186.4 186.5 0.0006482301996
186.55 186.5 186.6 0.000720436548
186.65 186.6 186.7 -0.0001520736436
186.75 186.7 186.8 -0.001140734827
186.85 186.8 186.9 -0.0008685904928
186.95 186.9 187 -0.0002232968527
187.05 187 187.1 -0.001031998727
187.15 187.1 187.2 0.001729582231
187.25 187.2 187.3 0.001265588722
187.35 187.3 187.4 -0.000222833643
187.45 187.4 187.5 0.0008535091518
187.55 187.5 187.6 0.0001339790797
187.65 187.6 187.7 -0.0006080152024
187.75 187.7 187.8 0.001179104869
187.85 187.8 187.9 -0.0007000687629
187.95 187.9 188 0.001773254553
188.05 188 188.1 0.000996455674
188.15 188.1 188.2 0.001379909195
188.25 188.2 188.3 -0.002029584358
188.35 188.3 188.4 -0.0005351875252
188.45 188.4 188.5 -0.0002299299593
188.55 188.5 188.6 -0.002529806166
188.65 188.6 188.7 0.001455963594
188.75 188.7 188.8 0.002025484371
188.85 188.8 188.9 0.002244363676
188.95 188.9 189 -0.0005322922117
189.05 189 189.1 0.002003775118
189.15 189.1 189.2 0.0006848223623
189.25 189.2 189.3 -1.350934022e-05
189.35 189.3 189.4 0.001190023573
189.45 189.4 189.5 -0.0001924411796
189.55 189.5 189.6 0.00101686595
189.65 189.6 189.7 0.000184007902
189.75 189.7 189.8 -0.001757034517
189.85 189.8 189.9 0.0009625162648
189.95 189.9 190 -0.001874720405
190.05 190 190.1 0.0001531893833
190.15 190.1 190.2 0.0007015914072
190.25 190.2 190.3 -6.413102249e-05
190.35 190.3 190.4 -0.0002903072499
190.45 190.4 190.5 -0.00210040721
190.55 190.5 190.6 0.003987343857
190.65 190.6 190.7 -0.001041112146
190.75 190.7 190.8 0.0009051598381
190.85 190.8 190.9 0.0001798213262
190.95 190.9 191 0.003688386455
191.05 191 191.1 0.001889265246
191.15 191.1 191.2 0.002220551171
191.25 191.2 191.3 -0.0007825909733
191.35 191.3 191.4 -0.0001424132245
191.45 191.4 191.5 -0.0002899021486
191.55 191.5 191.6 0.003711380929
191.65 191.6 191.7 -0.0006509940747
191.75 191.7 191.8 0.0004367890914
191.85 191.8 191.9 -0.001871160649
191.95 191.9 192 1.733035132e-05
192.05 192 192.1 -0.0004464588308
192.15 192.1 192.2 0.0008761725403
192.25 192.2 192.3 -0.0002946906997
192.35 192.3 192.4 -0.0002739965202
192.45 192.4 192.5 0.0006515335762
192.55 192.5 192.6 0.0008991332934
192.65 192.6 192.7 0.001612553968
192.75 192.7 192.8 -0.0006362091995
192.85 192.8 192.9 0.00122340734
192.95 192.9 193 -0.001163447891
193.05 193 193.1 0.001420825544
193.15 193.1 193.2 0.002948799963
193.25 193.2 193.3 0.00110860938
193.35 193.3 193.4 0.0006011275804
193.45 193.4 193.5 0.001334257994
193.55 193.5 193.6 0.001689504632
193.65 193.6 193.7 0.0008390962273
193.75 193.7 193.8 -0.0008990112417
193.85 193.8 193.9 0.0004302735598
193.95 193.9 194 -0.0001648459722
194.05 194 194.1 -0.0004800281544
194.15 194.1 194.2 -0.0012745468
194.25 194.2 194.3 0.00119842149
194.35 194.3 194.4 6.281047971e-05
194.45 194.4 194.5 0.0001836528126
194.55 194.5 194.6 0.001176602951
194.65 194.6 194.7 0.001483758986
194.75 194.7 194.8 0.002238527684
194.85 194.8 194.9 -3.974304005e-05
194.95 194.9 195 -0.001671891798
195.05 195 195.1 0.001730951264
195.15 195.1 195.2 0.001775990255
195.25 195.2 195.3 0.0008094782131
195.35 195.3 195.4 0.00120268077
195.45 195.4 195.5 0.001528518865
195.55 195.5 195.6 -0.00133835097
195.65 195.6 195.7 0.0003060089661
195.75 195.7 195.8 0.001263092491
195.85 195.8 195.9 -0.0003404492749
195.95 195.9 196 -0.0003330414339
196.05 196 196.1 0.002586948279
196.15 196.1 196.2 0.003687748009
196.25 196.2 196.3 -0.0005940782486
196.35 196.3 196.4 0.001115158203
196.45 196.4 196.5 -0.0002026279644
196.55 196.5 196.6 0.00144477949
196.65 196.6 196.7 -5.744583995e-05
196.75 196.7 196.8 0.000970220025
196.85 196.8 196.9 0.0004834492422
196.95 196.9 197 0.002611779688
197.05 197 197.1 0.0007394780659
197.15 197.1 197.2 -0.0004815213124
197.25 197.2 197.3 0.001437315136
197.35 197.3 197.4 -0.0005473371092
197.45 197.4 197.5 0.0004051019519
197.55 197.5 197.6 0.001099370006
197.65 197.6 197.7 -0.001057797053
197.75 197.7 197.8 0.002318357157
197.85 197.8 197.9 9.542074055e-06
197.95 197.9 198 0.0008249303478
198.05 198 198.1 -0.0003763318499
198.15 198.1 198.2 -0.0004908720108
198.25 198.2 198.3 0.0007734541327
198.35 198.3 198.4 0.001804470364
198.45 198.4 198.5 0.004704179848
198.55 198.5 198.6 0.0001993393631
198.65 198.6 198.7 0.0006159858113
198.75 198.7 198.8 0.001801806966
198.85 198.8 198.9 0.0002580033214
198.95 198.9 199 0.002484803557
199.05 199 199.1 0.001971578566
199.15 199.1 199.2 7.523595227e-05
199.25 199.2 199.3 -0.001905786027
199.35 199.3 199.4 0.0009973865517
199.45 199.4 199.5 0.00128370004
199.55 199.5 199.6 0.00174734906
199.65 199.6 199.7 0.002298350267
199.75 199.7 199.8 0.002065921893
199.85 199.8 199.9 0.004019298755
199.95 199.9 200 0.0008931893191
