# Columns: s_cen(1) s_min(2) s_max(3) xi_iso(4)
0.05 0 0.1 33.7291305
0.15 0.1 0.2 9.188082718
0.25 0.2 0.3 16.43596529
0.35 0.3 0.4 18.3745704
0.45 0.4 0.5 22.57882189
0.55 0.5 0.6 24.70962297
0.65 0.6 0.7 23.91397347
0.75 0.7 0.8 22.46955039
0.85 0.8 0.9 20.2697973
0.95 0.9 1 21.60323
1.05 1 1.1 19.78606147
1.15 1.1 1.2 18.68609341
1.25 1.2 1.3 18.13532837
1.35 1.3 1.4 17.79104962
1.45 1.4 1.5 17.08938086
1.55 1.5 1.6 15.95687
1.65 1.6 1.7 15.29366872
1.75 1.7 1.8 14.10155328
1.85 1.8 1.9 13.60556158
1.95 1.9 2 12.22899519
2.05 2 2.1 11.16313764
2.15 2.1 2.2 11.46918757
2.25 2.2 2.3 10.42270569
2.35 2.3 2.4 9.739261241
2.45 2.4 2.5 9.126398001
2.55 2.5 2.6 8.732749104
2.65 2.6 2.7 8.021429568
2.75 2.7 2.8 7.474966734
2.85 2.8 2.9 7.026006668
2.95 2.9 3 6.820742039
3.05 3 3.1 6.738090065
3.15 3.1 3.2 6.43000474
3.25 3.2 3.3 6.098250661
3.35 3.3 3.4 5.904460372
3.45 3.4 3.5 5.556833008
3.55 3.5 3.6 5.313446187
3.65 3.6 3.7 5.115056381
3.75 3.7 3.8 4.918609829
3.85 3.8 3.9 4.727578172
3.95 3.9 4 4.632679182
4.05 4 4.1 4.496489673
4.15 4.1 4.2 4.289716562
4.25 4.2 4.3 4.324060779
4.35 4.3 4.4 4.071979071
4.45 4.4 4.5 3.973542222
4.55 4.5 4.6 3.80508658
4.65 4.6 4.7 3.698439758
4.75 4.7 4.8 3.623757937
4.85 4.8 4.9 3.448770278
4.95 4.9 5 3.356191691
5.05 5 5.1 3.258205058
5.15 5.1 5.2 3.159843671
5.25 5.2 5.3 3.104864649
5.35 5.3 5.4 3.013698745
5.45 5.4 5.5 2.885784597
5.55 5.5 5.6 2.924141882
5.65 5.6 5.7 2.727507529
5.75 5.7 5.8 2.712602975
5.85 5.8 5.9 2.58290742
5.95 5.9 6 2.586370614
6.05 6 6.1 2.496674107
6.15 6.1 6.2 2.440391662
6.25 6.2 6.3 2.453001572
6.35 6.3 6.4 2.36210088
6.45 6.4 6.5 2.253551169
6.55 6.5 6.6 2.254312078
6.65 6.6 6.7 2.15823497
6.75 6.7 6.8 2.125923966
6.85 6.8 6.9 2.024824561
6.95 6.9 7 2.022996703
7.05 7 7.1 1.973215458
7.15 7.1 7.2 1.89744758
7.25 7.2 7.3 1.858600786
7.35 7.3 7.4 1.848988082
7.45 7.4 7.5 1.82602316
7.55 7.5 7.6 1.756505651
7.65 7.6 7.7 1.72160993
7.75 7.7 7.8 1.666359458
7.85 7.8 7.9 1.636386121
7.95 7.9 8 1.635983075
8.05 8 8.1 1.565952578
8.15 8.1 8.2 1.57235086
8.25 8.2 8.3 1.533198221
8.35 8.3 8.4 1.462049913
8.45 8.4 8.5 1.402758183
8.55 8.5 8.6 1.431638159
8.65 8.6 8.7 1.368741314
8.75 8.7 8.8 1.342022139
8.85 8.8 8.9 1.352933881
8.95 8.9 9 1.291572404
9.05 9 9.1 1.296752267
9.15 9.1 9.2 1.253377377
9.25 9.2 9.3 1.23806117
9.35 9.3 9.4 1.219645464
9.45 9.4 9.5 1.200282444
9.55 9.5 9.6 1.161756196
9.65 9.6 9.7 1.131172074
9.75 9.7 9.8 1.125052126
9.85 9.8 9.9 1.074028733
9.95 9.9 10 1.065588707
10.05 10 10.1 1.061823555
10.15 10.1 10.2 1.008138555
10.25 10.2 10.3 1.016819943
10.35 10.3 10.4 0.9944895948
10.45 10.4 10.5 0.9945001505
10.55 10.5 10.6 0.9848232228
10.65 10.6 10.7 0.9477825823
10.75 10.7 10.8 0.9492081673
10.85 10.8 10.9 0.9483818595
10.95 10.9 11 0.8939489087
11.05 11 11.1 0.8978813461
11.15 11.1 11.2 0.8768420698
11.25 11.2 11.3 0.8505484054
11.35 11.3 11.4 0.8387202553
11.45 11.4 11.5 0.816419066
11.55 11.5 11.6 0.8360841005
11.65 11.6 11.7 0.8223307676
11.75 11.7 11.8 0.8065845317
11.85 11.8 11.9 0.7916220477
11.95 11.9 12 0.7763787889
12.05 12 12.1 0.7534180416
12.15 12.1 12.2 0.7494330974
12.25 12.2 12.3 0.7302476495
12.35 12.3 12.4 0.7336808461
12.45 12.4 12.5 0.7380630312
12.55 12.5 12.6 0.6904729664
12.65 12.6 12.7 0.6880694954
12.75 12.7 12.8 0.6634996042
12.85 12.8 12.9 0.6727927355
12.95 12.9 13 0.6772285063
13.05 13 13.1 0.6478167337
13.15 13.1 13.2 0.6456645935
13.25 13.2 13.3 0.6154477922
13.35 13.3 13.4 0.6382342486
13.45 13.4 13.5 0.6152082437
13.55 13.5 13.6 0.6004014469
13.65 13.6 13.7 0.6005648985
13.75 13.7 13.8 0.5899750406
13.85 13.8 13.9 0.5798673353
13.95 13.9 14 0.5982691499
14.05 14 14.1 0.5816788532
14.15 14.1 14.2 0.5573736225
14.25 14.2 14.3 0.5679932047
14.35 14.3 14.4 0.540907171
14.45 14.4 14.5 0.5556194719
14.55 14.5 14.6 0.5253494866
14.65 14.6 14.7 0.5138651622
14.75 14.7 14.8 0.525388404
14.85 14.8 14.9 0.5166219867
14.95 14.9 15 0.5036637116
15.05 15 15.1 0.4972601388
15.15 15.1 15.2 0.500153087
15.25 15.2 15.3 0.4960660663
15.35 15.3 15.4 0.4811146181
15.45 15.4 15.5 0.4879482308
15.55 15.5 15.6 0.4687484902
15.65 15.6 15.7 0.4494631699
15.75 15.7 15.8 0.4575571485
15.85 15.8 15.9 0.448136725
15.95 15.9 16 0.4437576193
16.05 16 16.1 0.4534448314
16.15 16.1 16.2 0.448186747
16.25 16.2 16.3 0.4322481373
16.35 16.3 16.4 0.4200840533
16.45 16.4 16.5 0.4154219456
16.55 16.5 16.6 0.3995961597
16.65 16.6 16.7 0.4120245971
16.75 16.7 16.8 0.4087826183
16.85 16.8 16.9 0.3901527371
16.95 16.9 17 0.3951440523
17.05 17 17.1 0.387455429
17.15 17.1 17.2 0.3823964598
17.25 17.2 17.3 0.3864461287
17.35 17.3 17.4 0.3741409331
17.45 17.4 17.5 0.3740079512
17.55 17.5 17.6 0.3653700877
17.65 17.6 17.7 0.3599110928
17.75 17.7 17.8 0.3571367953
17.85 17.8 17.9 0.3462951248
17.95 17.9 18 0.3460417388
18.05 18 18.1 0.3410368428
18.15 18.1 18.2 0.3422987902
18.25 18.2 18.3 0.3509121162
18.35 18.3 18.4 0.3478996222
18.45 18.4 18.5 0.327916262
18.55 18.5 18.6 0.3219432847
18.65 18.6 18.7 0.3219474263
18.75 18.7 18.8 0.3219446101
18.85 18.8 18.9 0.2993975044
18.95 18.9 19 0.3153065907
19.05 19 19.1 0.3059924928
19.15 19.1 19.2 0.3092566243
19.25 19.2 19.3 0.3101192836
19.35 19.3 19.4 0.3057499156
19.45 19.4 19.5 0.3084431247
19.55 19.5 19.6 0.3006552064
19.65 19.6 19.7 0.2877398229
19.75 19.7 19.8 0.291444588
19.85 19.8 19.9 0.2776990974
19.95 19.9 20 0.2900184016
20.05 20 20.1 0.2683155415
20.15 20.1 20.2 0.2652213871
20.25 20.2 20.3 0.261420562
20.35 20.3 20.4 0.269093937
20.45 20.4 20.5 0.2573525036
20.55 20.5 20.6 0.2526438353
20.65 20.6 20.7 0.2477982135
20.75 20.7 20.8 0.2500028905
20.85 20.8 20.9 0.2526225634
20.95 20.9 21 0.2502093067
21.05 21 21.1 0.2517274241
21.15 21.1 21.2 0.2444931611
21.25 21.2 21.3 0.2402514743
21.35 21.3 21.4 0.2463885571
21.45 21.4 21.5 0.2401435183
21.55 21.5 21.6 0.2370945525
21.65 21.6 21.7 0.2306282884
21.75 21.7 21.8 0.2175548829
21.85 21.8 21.9 0.2244562193
21.95 21.9 22 0.2286482595
22.05 22 22.1 0.2222446062
22.15 22.1 22.2 0.2128098602
22.25 22.2 22.3 0.2178972794
22.35 22.3 22.4 0.2221096953
22.45 22.4 22.5 0.2153461441
22.55 22.5 22.6 0.2109121316
22.65 22.6 22.7 0.2028569173
22.75 22.7 22.8 0.2120426948
22.85 22.8 22.9 0.2073051586
22.95 22.9 23 0.2086023183
23.05 23 23.1 0.2108251267
23.15 23.1 23.2 0.1903189378
23.25 23.2 23.3 0.191508469
23.35 23.3 23.4 0.1937934408
23.45 23.4 23.5 0.1966432227
23.55 23.5 23.6 0.1869690015
23.65 23.6 23.7 0.2027670769
23.75 23.7 23.8 0.1864161734
23.85 23.8 23.9 0.1933745488
23.95 23.9 24 0.1917880569
24.05 24 24.1 0.183934445
24.15 24.1 24.2 0.1858785587
24.25 24.2 24.3 0.1746760151
24.35 24.3 24.4 0.1778530326
24.45 24.4 24.5 0.1836108529
24.55 24.5 24.6 0.1792548931
24.65 24.6 24.7 0.1733372726
24.75 24.7 24.8 0.1718382392
24.85 24.8 24.9 0.1749463164
24.95 24.9 25 0.1626638623
25.05 25 25.1 0.1667886488
25.15 25.1 25.2 0.1662834255
25.25 25.2 25.3 0.1623371303
25.35 25.3 25.4 0.1671449024
25.45 25.4 25.5 0.1506200697
25.55 25.5 25.6 0.1501522364
25.65 25.6 25.7 0.1577769223
25.75 25.7 25.8 0.1634192626
25.85 25.8 25.9 0.1613574242
25.95 25.9 26 0.1466408709
26.05 26 26.1 0.1523466018
26.15 26.1 26.2 0.1495578743
26.25 26.2 26.3 0.1507183557
26.35 26.3 26.4 0.1505453833
26.45 26.4 26.5 0.1584409326
26.55 26.5 26.6 0.1533154043
26.65 26.6 26.7 0.1491000203
26.75 26.7 26.8 0.1333607265
26.85 26.8 26.9 0.1476414007
26.95 26.9 27 0.1458255626
27.05 27 27.1 0.1441648756
27.15 27.1 27.2 0.1313029738
27.25 27.2 27.3 0.1416786183
27.35 27.3 27.4 0.1510560732
27.45 27.4 27.5 0.1355760065
27.55 27.5 27.6 0.1295256347
27.65 27.6 27.7 0.1344902547
27.75 27.7 27.8 0.1415410946
27.85 27.8 27.9 0.1355332818
27.95 27.9 28 0.1286844535
28.05 28 28.1 0.1285528085
28.15 28.1 28.2 0.1306948238
28.25 28.2 28.3 0.1315356763
28.35 28.3 28.4 0.1242897839
28.45 28.4 28.5 0.1275865244
28.55 28.5 28.6 0.128663074
28.65 28.6 28.7 0.1269247388
28.75 28.7 28.8 0.1298900289
28.85 28.8 28.9 0.1230810962
28.95 28.9 29 0.1192031076
29.05 29 29.1 0.1252604679
29.15 29.1 29.2 0.1179859352
29.25 29.2 29.3 0.1255753236
29.35 29.3 29.4 0.116612727
29.45 29.4 29.5 0.1173985142
29.55 29.5 29.6 0.1153185877
29.65 29.6 29.7 0.1192984663
29.75 29.7 29.8 0.1125312101
29.85 29.8 29.9 0.1050114431
29.95 29.9 30 0.1135440325
30.05 30 30.1 0.1043326423
30.15 30.1 30.2 0.1067113869
30.25 30.2 30.3 0.1053914494
30.35 30.3 30.4 0.1006443896
30.45 30.4 30.5 0.1030684228
30.55 30.5 30.6 0.1110025187
30.65 30.6 30.7 0.1088252509
30.75 30.7 30.8 0.1009486992
30.85 30.8 30.9 0.1005920921
30.95 30.9 31 0.09202588553
31.05 31 31.1 0.09195441877
31.15 31.1 31.2 0.09745418294
31.25 31.2 31.3 0.1029884229
31.35 31.3 31.4 0.1018280197
31.45 31.4 31.5 0.09561797864
31.55 31.5 31.6 0.103601704
31.65 31.6 31.7 0.0964069742
31.75 31.7 31.8 0.09618244729
31.85 31.8 31.9 0.09599738826
31.95 31.9 32 0.09057531912
32.05 32 32.1 0.09420681284
32.15 32.1 32.2 0.09074894038
32.25 32.2 32.3 0.09837702093
32.35 32.3 32.4 0.09694599808
32.45 32.4 32.5 0.08395271626
32.55 32.5 32.6 0.08690419538
32.65 32.6 32.7 0.08180143674
32.75 32.7 32.8 0.0861835155
32.85 32.8 32.9 0.08720578388
32.95 32.9 33 0.0843972333
33.05 33 33.1 0.09493529421
33.15 33.1 33.2 0.08075901644
33.25 33.2 33.3 0.08728725487
33.35 33.3 33.4 0.08795625632
33.45 33.4 33.5 0.08291724861
33.55 33.5 33.6 0.08531610348
33.65 33.6 33.7 0.08289848267
33.75 33.7 33.8 0.08307746635
33.85 33.8 33.9 0.08703712373
33.95 33.9 34 0.08661312481
34.05 34 34.1 0.07935512615
34.15 34.1 34.2 0.08002708204
34.25 34.2 34.3 0.08048708082
34.35 34.3 34.4 0.07608878456
34.45 34.4 34.5 0.07817006117
34.55 34.5 34.6 0.06872921169
34.65 34.6 34.7 0.08564029875
34.75 34.7 34.8 0.08408806151
34.85 34.8 34.9 0.07842570893
34.95 34.9 35 0.07499593799
35.05 35 35.1 0.0727236942
35.15 35.1 35.2 0.07546071036
35.25 35.2 35.3 0.07437305862
35.35 35.3 35.4 0.07075143146
35.45 35.4 35.5 0.07399457611
35.55 35.5 35.6 0.0653059431
35.65 35.6 35.7 0.07459809525
35.75 35.7 35.8 0.07477943922
35.85 35.8 35.9 0.07340708778
35.95 35.9 36 0.06961716608
36.05 36 36.1 0.07242778459
36.15 36.1 36.2 0.06632720055
36.25 36.2 36.3 0.06598692842
36.35 36.3 36.4 0.06886835151
36.45 36.4 36.5 0.06619058772
36.55 36.5 36.6 0.06807340598
36.65 36.6 36.7 0.07031450761
36.75 36.7 36.8 0.06451243836
36.85 36.8 36.9 0.06283578466
36.95 36.9 37 0.06372917107
37.05 37 37.1 0.0658171069
37.15 37.1 37.2 0.06865809137
37.25 37.2 37.3 0.05965285505
37.35 37.3 37.4 0.06705810999
37.45 37.4 37.5 0.06274589655
37.55 37.5 37.6 0.05717639354
37.65 37.6 37.7 0.06182165765
37.75 37.7 37.8 0.06503373344
37.85 37.8 37.9 0.05819028388
37.95 37.9 38 0.05577982862
38.05 38 38.1 0.06253081819
38.15 38.1 38.2 0.0636285551
38.25 38.2 38.3 0.06182796007
38.35 38.3 38.4 0.05877641671
38.45 38.4 38.5 0.0521274074
38.55 38.5 38.6 0.05559879128
38.65 38.6 38.7 0.06175769586
38.75 38.7 38.8 0.05653738388
38.85 38.8 38.9 0.06626383231
38.95 38.9 39 0.05134326481
39.05 39 39.1 0.05526152892
39.15 39.1 39.2 0.0588858628
39.25 39.2 39.3 0.05387204896
39.35 39.3 39.4 0.04950474517
39.45 39.4 39.5 0.05399173864
39.55 39.5 39.6 0.04965215583
39.65 39.6 39.7 0.0537854074
39.75 39.7 39.8 0.05307223786
39.85 39.8 39.9 0.05258815277
39.95 39.9 40 0.04508859319
40.05 40 40.1 0.05098740506
40.15 40.1 40.2 0.04741334585
40.25 40.2 40.3 0.05197340038
40.35 40.3 40.4 0.05045978704
40.45 40.4 40.5 0.05035560194
40.55 40.5 40.6 0.05215738381
40.65 40.6 40.7 0.04303327317
40.75 40.7 40.8 0.04293286843
40.85 40.8 40.9 0.04853808184
40.95 40.9 41 0.0522780191
41.05 41 41.1 0.05026987105
41.15 41.1 41.2 0.04883526702
41.25 41.2 41.3 0.04318379245
41.35 41.3 41.4 0.04425438524
41.45 41.4 41.5 0.04707937139
41.55 41.5 41.6 0.04687279731
41.65 41.6 41.7 0.05154792637
41.75 41.7 41.8 0.04673599637
41.85 41.8 41.9 0.04452883759
41.95 41.9 42 0.04311699096
42.05 42 42.1 0.05174976346
42.15 42.1 42.2 0.04675309619
42.25 42.2 42.3 0.04431040371
42.35 42.3 42.4 0.04537002847
42.45 42.4 42.5 0.04088241152
42.55 42.5 42.6 0.04720086907
42.65 42.6 42.7 0.04643620485
42.75 42.7 42.8 0.04755705666
42.85 42.8 42.9 0.03866919804
42.95 42.9 43 0.03943618437
43.05 43 43.1 0.03967132234
43.15 43.1 43.2 0.04490008705
43.25 43.2 43.3 0.0399844203
43.35 43.3 43.4 0.04193249309
43.45 43.4 43.5 0.04220484709
43.55 43.5 43.6 0.04019759499
43.65 43.6 43.7 0.0398149054
43.75 43.7 43.8 0.0378043962
43.85 43.8 43.9 0.04153820011
43.95 43.9 44 0.03806198306
44.05 44 44.1 0.03878754519
44.15 44.1 44.2 0.04432405161
44.25 44.2 44.3 0.03390314946
44.35 44.3 44.4 0.03761708208
44.45 44.4 44.5 0.03906158843
44.55 44.5 44.6 0.03941159905
44.65 44.6 44.7 0.04160013635
44.75 44.7 44.8 0.03706464703
44.85 44.8 44.9 0.03096649895
44.95 44.9 45 0.03392522389
45.05 45 45.1 0.03127681601
45.15 45.1 45.2 0.03577979935
45.25 45.2 45.3 0.03355391314
45.35 45.3 45.4 0.03485668211
45.45 45.4 45.5 0.03666016918
45.55 45.5 45.6 0.03800348352
45.65 45.6 45.7 0.03138366514
45.75 45.7 45.8 0.03446700407
45.85 45.8 45.9 0.03728135776
45.95 45.9 46 0.0338324771
46.05 46 46.1 0.03459525569
46.15 46.1 46.2 0.03432275935
46.25 46.2 46.3 0.02861957715
46.35 46.3 46.4 0.03576207372
46.45 46.4 46.5 0.02982348722
46.55 46.5 46.6 0.04089331734
46.65 46.6 46.7 0.03036316721
46.75 46.7 46.8 0.03616555095
46.85 46.8 46.9 0.03252271331
46.95 46.9 47 0.03169973339
47.05 47 47.1 0.03223681304
47.15 47.1 47.2 0.0356152046
47.25 47.2 47.3 0.03093520525
47.35 47.3 47.4 0.02931988484
47.45 47.4 47.5 0.02773644662
47.55 47.5 47.6 0.03680962371
47.65 47.6 47.7 0.0336507852
47.75 47.7 47.8 0.02781180396
47.85 47.8 47.9 0.03029575344
47.95 47.9 48 0.0324046694
48.05 48 48.1 0.03130281496
48.15 48.1 48.2 0.02356036749
48.25 48.2 48.3 0.03328783006
48.35 48.3 48.4 0.02888628273
48.45 48.4 48.5 0.02628728225
48.55 48.5 48.6 0.02798503076
48.65 48.6 48.7 0.03164256066
48.75 48.7 48.8 0.02407853298
48.85 48.8 48.9 0.0335531996
48.95 48.9 49 0.0289315164
49.05 49 49.1 0.02553676249
49.15 49.1 49.2 0.02661216572
49.25 49.2 49.3 0.03250933836
49.35 49.3 49.4 0.03148342925
49.45 49.4 49.5 0.02984510537
49.55 49.5 49.6 0.02702607933
49.65 49.6 49.7 0.02651830126
49.75 49.7 49.8 0.03014474107
49.85 49.8 49.9 0.02618170094
49.95 49.9 50 0.02441750482
50.05 50 50.1 0.02481749945
50.15 50.1 50.2 0.02922578005
50.25 50.2 50.3 0.02472096146
50.35 50.3 50.4 0.02291052225
50.45 50.4 50.5 0.02600171085
50.55 50.5 50.6 0.0225151764
50.65 50.6 50.7 0.02515136581
50.75 50.7 50.8 0.02796159387
50.85 50.8 50.9 0.03300729618
50.95 50.9 51 0.02248265724
51.05 51 51.1 0.02475132909
51.15 51.1 51.2 0.0252863509
51.25 51.2 51.3 0.0227702965
51.35 51.3 51.4 0.02750979001
51.45 51.4 51.5 0.02312208062
51.55 51.5 51.6 0.02217974036
51.65 51.6 51.7 0.0285111284
51.75 51.7 51.8 0.02271958648
51.85 51.8 51.9 0.0216812533
51.95 51.9 52 0.01921099783
52.05 52 52.1 0.02097590872
52.15 52.1 52.2 0.02432611195
52.25 52.2 52.3 0.02621979012
52.35 52.3 52.4 0.02309795852
52.45 52.4 52.5 0.02475264297
52.55 52.5 52.6 0.02700920079
52.65 52.6 52.7 0.02344652831
52.75 52.7 52.8 0.02295049616
52.85 52.8 52.9 0.02623341829
52.95 52.9 53 0.01931788323
53.05 53 53.1 0.02399803931
53.15 53.1 53.2 0.02080549445
53.25 53.2 53.3 0.02600450226
53.35 53.3 53.4 0.02142112575
53.45 53.4 53.5 0.02389308025
53.55 53.5 53.6 0.01930651197
53.65 53.6 53.7 0.02076793811
53.75 53.7 53.8 0.01633443956
53.85 53.8 53.9 0.02225180092
53.95 53.9 54 0.01965526403
54.05 54 54.1 0.01986529064
54.15 54.1 54.2 0.02096962216
54.25 54.2 54.3 0.02101525457
54.35 54.3 54.4 0.01869792603
54.45 54.4 54.5 0.0138546017
54.55 54.5 54.6 0.02301103201
54.65 54.6 54.7 0.02349639814
54.75 54.7 54.8 0.01753450027
54.85 54.8 54.9 0.01902189777
54.95 54.9 55 0.01977340942
55.05 55 55.1 0.02036375459
55.15 55.1 55.2 0.01952390498
55.25 55.2 55.3 0.01907848728
55.35 55.3 55.4 0.01855438328
55.45 55.4 55.5 0.01926506694
55.55 55.5 55.6 0.01900833289
55.65 55.6 55.7 0.02246989355
55.75 55.7 55.8 0.01655839567
55.85 55.8 55.9 0.01579010518
55.95 55.9 56 0.0217570647
56.05 56 56.1 0.01751234172
56.15 56.1 56.2 0.0145367503
56.25 56.2 56.3 0.01563461492
56.35 56.3 56.4 0.01651256263
56.45 56.4 56.5 0.0186571924
56.55 56.5 56.6 0.01594861565
56.65 56.6 56.7 0.02039229412
56.75 56.7 56.8 0.020482572
56.85 56.8 56.9 0.01677897568
56.95 56.9 57 0.01671849658
57.05 57 57.1 0.0177291318
57.15 57.1 57.2 0.01721619543
57.25 57.2 57.3 0.01409596334
57.35 57.3 57.4 0.01308382384
57.45 57.4 57.5 0.01578217808
57.55 57.5 57.6 0.017872278
57.65 57.6 57.7 0.01353738812
57.75 57.7 57.8 0.01654880231
57.85 57.8 57.9 0.01368987631
57.95 57.9 58 0.01923855925
58.05 58 58.1 0.01465810351
58.15 58.1 58.2 0.01385285937
58.25 58.2 58.3 0.01446319063
58.35 58.3 58.4 0.01553672004
58.45 58.4 58.5 0.01741017096
58.55 58.5 58.6 0.01264293498
58.65 58.6 58.7 0.01446403487
58.75 58.7 58.8 0.0136480953
58.85 58.8 58.9 0.01209905633
58.95 58.9 59 0.01675552862
59.05 59 59.1 0.02202848508
59.15 59.1 59.2 0.01237376945
59.25 59.2 59.3 0.01470946795
59.35 59.3 59.4 0.0155569769
59.45 59.4 59.5 0.01619635037
59.55 59.5 59.6 0.0167714781
59.65 59.6 59.7 0.01551829985
59.75 59.7 59.8 0.01333265141
59.85 59.8 59.9 0.01236497642
59.95 59.9 60 0.008917894085
60.05 60 60.1 0.01074292835
60.15 60.1 60.2 0.01150374922
60.25 60.2 60.3 0.01147795194
60.35 60.3 60.4 0.01136371023
60.45 60.4 60.5 0.01225730252
60.55 60.5 60.6 0.01452999099
60.65 60.6 60.7 0.01334539547
60.75 60.7 60.8 0.01373231023
60.85 60.8 60.9 0.01561038919
60.95 60.9 61 0.01227282144
61.05 61 61.1 0.01028170407
61.15 61.1 61.2 0.01047495443
61.25 61.2 61.3 0.008228502995
61.35 61.3 61.4 0.01031933464
61.45 61.4 61.5 0.01234291074
61.55 61.5 61.6 0.01096767042
61.65 61.6 61.7 0.01027065917
61.75 61.7 61.8 0.01231163965
61.85 61.8 61.9 0.009637439153
61.95 61.9 62 0.01267924796
62.05 62 62.1 0.01569125948
62.15 62.1 62.2 0.01275647294
62.25 62.2 62.3 0.01291347734
62.35 62.3 62.4 0.01429234779
62.45 62.4 62.5 0.01352002684
62.55 62.5 62.6 0.007820661251
62.65 62.6 62.7 0.01473261285
62.75 62.7 62.8 0.01011708829
62.85 62.8 62.9 0.01103993125
62.95 62.9 63 0.009753800394
63.05 63 63.1 0.01044201123
63.15 63.1 63.2 0.01050364785
63.25 63.2 63.3 0.01035754163
63.35 63.3 63.4 0.009199168644
63.45 63.4 63.5 0.009549151423
63.55 63.5 63.6 0.01231347479
63.65 63.6 63.7 0.01117208634
63.75 63.7 63.8 0.01082640421
63.85 63.8 63.9 0.01168342682
63.95 63.9 64 0.0117941213
64.05 64 64.1 0.012151056
64.15 64.1 64.2 0.009892763189
64.25 64.2 64.3 0.008657399381
64.35 64.3 64.4 0.006979345139
64.45 64.4 64.5 0.01064553183
64.55 64.5 64.6 0.009210377735
64.65 64.6 64.7 0.006660430731
64.75 64.7 64.8 0.008788389214
64.85 64.8 64.9 0.01130707122
64.95 64.9 65 0.01210277543
65.05 65 65.1 0.008601614041
65.15 65.1 65.2 0.01094587014
65.25 65.2 65.3 0.01013274662
65.35 65.3 65.4 0.007057232362
65.45 65.4 65.5 0.0092264952
65.55 65.5 65.6 0.009229753488
65.65 65.6 65.7 0.01214739571
65.75 65.7 65.8 0.008163016405
65.85 65.8 65.9 0.008918965158
65.95 65.9 66 0.01232387353
66.05 66 66.1 0.009465982138
66.15 66.1 66.2 0.005545595403
66.25 66.2 66.3 0.0141246322
66.35 66.3 66.4 0.01057318661
66.45 66.4 66.5 0.008741433203
66.55 66.5 66.6 0.009171488424
66.65 66.6 66.7 0.007206722114
66.75 66.7 66.8 0.008009575664
66.85 66.8 66.9 0.01408786931
66.95 66.9 67 0.008659197212
67.05 67 67.1 0.003962957019
67.15 67.1 67.2 0.009041976439
67.25 67.2 67.3 0.008026088808
67.35 67.3 67.4 0.00956936556
67.45 67.4 67.5 0.008780280339
67.55 67.5 67.6 0.006693604662
67.65 67.6 67.7 0.008844073489
67.75 67.7 67.8 0.006112850921
67.85 67.8 67.9 0.00743918917
67.95 67.9 68 0.004101980388
68.05 68 68.1 0.005867688353
68.15 68.1 68.2 0.008679994875
68.25 68.2 68.3 0.009167228001
68.35 68.3 68.4 0.007602714859
68.45 68.4 68.5 0.004110092735
68.55 68.5 68.6 0.008793288981
68.65 68.6 68.7 0.007010214204
68.75 68.7 68.8 0.00633857889
68.85 68.8 68.9 0.004867643815
68.95 68.9 69 0.007571097855
69.05 69 69.1 0.007260966766
69.15 69.1 69.2 0.007674580386
69.25 69.2 69.3 0.009098332814
69.35 69.3 69.4 0.004625099934
69.45 69.4 69.5 0.004522830826
69.55 69.5 69.6 0.005260326416
69.65 69.6 69.7 0.004005733331
69.75 69.7 69.8 0.007116030789
69.85 69.8 69.9 0.007176130785
69.95 69.9 70 0.007878481582
70.05 70 70.1 0.004157143297
70.15 70.1 70.2 0.007809598056
70.25 70.2 70.3 0.005812731689
70.35 70.3 70.4 0.008354482691
70.45 70.4 70.5 0.006890066738
70.55 70.5 70.6 0.00458947723
70.65 70.6 70.7 0.003828840937
70.75 70.7 70.8 0.007863499098
70.85 70.8 70.9 0.006645760552
70.95 70.9 71 0.009636226797
71.05 71 71.1 0.005781408192
71.15 71.1 71.2 0.005895462892
71.25 71.2 71.3 0.003704388721
71.35 71.3 71.4 0.003415897486
71.45 71.4 71.5 0.006329687126
71.55 71.5 71.6 0.005325499968
71.65 71.6 71.7 0.004463945231
71.75 71.7 71.8 0.006974196507
71.85 71.8 71.9 0.004150463634
71.95 71.9 72 0.006277063013
72.05 72 72.1 0.01033368503
72.15 72.1 72.2 0.006526690354
72.25 72.2 72.3 0.002031816858
72.35 72.3 72.4 0.004578147118
72.45 72.4 72.5 0.004967687203
72.55 72.5 72.6 0.00551528047
72.65 72.6 72.7 0.007833393568
72.75 72.7 72.8 0.006488664733
72.85 72.8 72.9 0.002623188596
72.95 72.9 73 0.006538012827
73.05 73 73.1 0.004571312947
73.15 73.1 73.2 0.006130004945
73.25 73.2 73.3 0.006469571515
73.35 73.3 73.4 0.00392851723
73.45 73.4 73.5 0.003289229732
73.55 73.5 73.6 0.006285753615
73.65 73.6 73.7 0.004552139874
73.75 73.7 73.8 0.004400036293
73.85 73.8 73.9 0.005460848266
73.95 73.9 74 0.005390318135
74.05 74 74.1 0.004380340424
74.15 74.1 74.2 0.00391710658
74.25 74.2 74.3 0.004787144581
74.35 74.3 74.4 0.00564325795
74.45 74.4 74.5 0.003481796829
74.55 74.5 74.6 0.001827728006
74.65 74.6 74.7 0.005508491949
74.75 74.7 74.8 0.009400252831
74.85 74.8 74.9 0.004065006874
74.95 74.9 75 0.005332618693
75.05 75 75.1 0.00323280133
75.15 75.1 75.2 0.006894218142
75.25 75.2 75.3 0.004988264189
75.35 75.3 75.4 0.003223790754
75.45 75.4 75.5 0.006221373583
75.55 75.5 75.6 0.005294820939
75.65 75.6 75.7 0.003831160398
75.75 75.7 75.8 0.003861117732
75.85 75.8 75.9 0.004704039555
75.95 75.9 76 0.00432162383
76.05 76 76.1 0.006108565198
76.15 76.1 76.2 0.001943795645
76.25 76.2 76.3 0.003549246052
76.35 76.3 76.4 0.008266228524
76.45 76.4 76.5 0.004098819365
76.55 76.5 76.6 0.005590019713
76.65 76.6 76.7 0.004167974174
76.75 76.7 76.8 0.00345355639
76.85 76.8 76.9 0.003985370838
76.95 76.9 77 0.006729845347
77.05 77 77.1 0.00486894835
77.15 77.1 77.2 0.004598990293
77.25 77.2 77.3 0.004898567898
77.35 77.3 77.4 0.004815427198
77.45 77.4 77.5 0.004616269615
77.55 77.5 77.6 0.00449241829
77.65 77.6 77.7 0.004765290004
77.75 77.7 77.8 0.004494397945
77.85 77.8 77.9 0.007088826795
77.95 77.9 78 0.00385866377
78.05 78 78.1 0.004248214841
78.15 78.1 78.2 0.004113938229
78.25 78.2 78.3 0.003311622286
78.35 78.3 78.4 0.004667343459
78.45 78.4 78.5 0.004714775877
78.55 78.5 78.6 0.004835531834
78.65 78.6 78.7 0.0004758063313
78.75 78.7 78.8 0.001468149399
78.85 78.8 78.9 0.003681958342
78.95 78.9 79 0.003382990977
79.05 79 79.1 0.004630326591
79.15 79.1 79.2 0.003126487608
79.25 79.2 79.3 0.006906457852
79.35 79.3 79.4 0.002005713305
79.45 79.4 79.5 0.003218909045
79.55 79.5 79.6 0.001036427419
79.65 79.6 79.7 0.00249790105
79.75 79.7 79.8 0.003403547677
79.85 79.8 79.9 0.002557005955
79.95 79.9 80 0.004760710699
80.05 80 80.1 0.003470333927
80.15 80.1 80.2 0.0006907876251
80.25 80.2 80.3 0.004628750993
80.35 80.3 80.4 0.004119038911
80.45 80.4 80.5 0.004871780541
80.55 80.5 80.6 0.003844584742
80.65 80.6 80.7 0.003542990252
80.75 80.7 80.8 0.003940274363
80.85 80.8 80.9 0.00194860956
80.95 80.9 81 0.006405127078
81.05 81 81.1 -0.0008184050441
81.15 81.1 81.2 0.003236643205
81.25 81.2 81.3 0.002425463853
81.35 81.3 81.4 0.002541817201
81.45 81.4 81.5 0.001724460235
81.55 81.5 81.6 0.002441204233
81.65 81.6 81.7 0.002963239444
81.75 81.7 81.8 0.003679215077
81.85 81.8 81.9 0.002123791161
81.95 81.9 82 0.001721193303
82.05 82 82.1 0.001704592667
82.15 82.1 82.2 0.005731050197
82.25 82.2 82.3 0.004619777819
82.35 82.3 82.4 0.004023868315
82.45 82.4 82.5 0.002678996481
82.55 82.5 82.6 -0.0002159215049
82.65 82.6 82.7 0.005516213714
82.75 82.7 82.8 0.003151241826
82.85 82.8 82.9 0.00121369704
82.95 82.9 83 0.004397621137
83.05 83 83.1 0.001988706126
83.15 83.1 83.2 0.003920861282
83.25 83.2 83.3 0.004812205741
83.35 83.3 83.4 0.005601624617
83.45 83.4 83.5 0.004265317357
83.55 83.5 83.6 0.005631160277
83.65 83.6 83.7 0.004975449243
83.75 83.7 83.8 0.005973895375
83.85 83.8 83.9 0.001340524402
83.95 83.9 84 0.00687476807
84.05 84 84.1 0.004457874124
84.15 84.1 84.2 0.003379055076
84.25 84.2 84.3 0.004540039894
84.35 84.3 84.4 0.004600596569
84.45 84.4 84.5 0.003328986663
84.55 84.5 84.6 0.002174325971
84.65 84.6 84.7 0.005269165316
84.75 84.7 84.8 0.00315080709
84.85 84.8 84.9 0.004909194202
84.95 84.9 85 0.0009770941467
85.05 85 85.1 0.002730520479
85.15 85.1 85.2 0.005327969637
85.25 85.2 85.3 0.004059487771
85.35 85.3 85.4 0.0003975103273
85.45 85.4 85.5 0.003294099058
85.55 85.5 85.6 -9.07403165e-05
85.65 85.6 85.7 0.002219113513
85.75 85.7 85.8 0.003350082515
85.85 85.8 85.9 0.004389641146
85.95 85.9 86 0.003778642475
86.05 86 86.1 0.001356031911
86.15 86.1 86.2 0.004298183034
86.25 86.2 86.3 0.0007757520401
86.35 86.3 86.4 0.004852920332
86.45 86.4 86.5 0.004338020883
86.55 86.5 86.6 0.001089741942
86.65 86.6 86.7 0.001510857584
86.75 86.7 86.8 0.003450252185
86.85 86.8 86.9 0.004194782823
86.95 86.9 87 -0.0006674098881
87.05 87 87.1 0.001183924058
87.15 87.1 87.2 0.005248091494
87.25 87.2 87.3 0.0006070716868
87.35 87.3 87.4 0.004941372014
87.45 87.4 87.5 0.002591335259
87.55 87.5 87.6 0.0008681267339
87.65 87.6 87.7 0.0008084004106
87.75 87.7 87.8 0.002290212214
87.85 87.8 87.9 0.001838145519
87.95 87.9 88 0.004604359716
88.05 88 88.1 0.005172757929
88.15 88.1 88.2 0.005337371945
88.25 88.2 88.3 0.0008232146507
88.35 88.3 88.4 0.004963680685
88.45 88.4 88.5 0.0005087520362
88.55 88.5 88.6 0.005846111679
88.65 88.6 88.7 0.0050719697
88.75 88.7 88.8 0.001828777051
88.85 88.8 88.9 0.002819188047
88.95 88.9 89 0.002679399001
89.05 89 89.1 0.00458682291
89.15 89.1 89.2 0.003790364621
89.25 89.2 89.3 0.004549931421
89.35 89.3 89.4 0.004493846122
89.45 89.4 89.5 0.002757188639
89.55 89.5 89.6 0.002459760839
89.65 89.6 89.7 0.003647499391
89.75 89.7 89.8 0.002491359738
89.85 89.8 89.9 0.001865921517
89.95 89.9 90 0.004283176825
90.05 90 90.1 0.003112865964
90.15 90.1 90.2 0.003958806364
90.25 90.2 90.3 0.001267424227
90.35 90.3 90.4 0.003647531935
90.45 90.4 90.5 0.005015474043
90.55 90.5 90.6 0.003321472868
90.65 90.6 90.7 0.00129557182
90.75 90.7 90.8 0.00216948549
90.85 90.8 90.9 0.001635266808
90.95 90.9 91 0.002164093782
91.05 91 91.1 0.00200527169
91.15 91.1 91.2 0.002982899103
91.25 91.2 91.3 0.004282131849
91.35 91.3 91.4 0.006414220266
91.45 91.4 91.5 0.002031860207
91.55 91.5 91.6 0.003188082471
91.65 91.6 91.7 0.003145017307
91.75 91.7 91.8 0.00508566281
91.85 91.8 91.9 0.001585501732
91.95 91.9 92 0.003833892626
92.05 92 92.1 0.004355397452
92.15 92.1 92.2 0.004367928938
92.25 92.2 92.3 0.003984805661
92.35 92.3 92.4 0.002551844058
92.45 92.4 92.5 0.002184048069
92.55 92.5 92.6 0.004582902423
92.65 92.6 92.7 0.000699702341
92.75 92.7 92.8 0.005525048445
92.85 92.8 92.9 0.003163921722
92.95 92.9 93 0.004032713515
93.05 93 93.1 0.006174371874
93.15 93.1 93.2 0.002058323396
93.25 93.2 93.3 0.004415124825
93.35 93.3 93.4 0.004568200734
93.45 93.4 93.5 0.003555824547
93.55 93.5 93.6 0.004304510049
93.65 93.6 93.7 0.004727467514
93.75 93.7 93.8 0.001824906184
93.85 93.8 93.9 0.003975323067
93.95 93.9 94 0.002183194637
94.05 94 94.1 0.004193089305
94.15 94.1 94.2 0.005134565828
94.25 94.2 94.3 0.003434940647
94.35 94.3 94.4 0.004495053334
94.45 94.4 94.5 0.005179483738
94.55 94.5 94.6 0.00364574113
94.65 94.6 94.7 0.003569216652
94.75 94.7 94.8 0.002701595375
94.85 94.8 94.9 0.002500759333
94.95 94.9 95 0.005953034815
95.05 95 95.1 0.00351873704
95.15 95.1 95.2 0.007936969945
95.25 95.2 95.3 0.003654396074
95.35 95.3 95.4 0.004744164343
95.45 95.4 95.5 0.003186582789
95.55 95.5 95.6 0.002521513617
95.65 95.6 95.7 0.003661106751
95.75 95.7 95.8 0.004820975477
95.85 95.8 95.9 0.003116751744
95.95 95.9 96 0.004320208468
96.05 96 96.1 0.001660641102
96.15 96.1 96.2 0.002445416298
96.25 96.2 96.3 0.004994900987
96.35 96.3 96.4 0.003234441721
96.45 96.4 96.5 0.00338538195
96.55 96.5 96.6 0.00673206363
96.65 96.6 96.7 0.005431264387
96.75 96.7 96.8 0.004548957632
96.85 96.8 96.9 0.005412437767
96.95 96.9 97 0.003352731444
97.05 97 97.1 0.001273883971
97.15 97.1 97.2 0.004767323308
97.25 97.2 97.3 0.002381739108
97.35 97.3 97.4 0.005767001821
97.45 97.4 97.5 0.003353609544
97.55 97.5 97.6 0.004244105395
97.65 97.6 97.7 0.005291270198
97.75 97.7 97.8 0.004445437569
97.85 97.8 97.9 0.00427268013
97.95 97.9 98 0.003335109326
98.05 98 98.1 0.00564727285
98.15 98.1 98.2 0.004607105138
98.25 98.2 98.3 0.007023880505
98.35 98.3 98.4 0.006308245705
98.45 98.4 98.5 0.00559399609
98.55 98.5 98.6 0.003072248847
98.65 98.6 98.7 0.002890826237
98.75 98.7 98.8 0.005768797907
98.85 98.8 98.9 0.005603143378
98.95 98.9 99 0.006219985352
99.05 99 99.1 0.004157709345
99.15 99.1 99.2 0.005805007497
99.25 99.2 99.3 0.004323745978
99.35 99.3 99.4 0.003019625448
99.45 99.4 99.5 0.004697336882
99.55 99.5 99.6 0.0009695731058
99.65 99.6 99.7 0.004803136546
99.75 99.7 99.8 0.002342682236
99.85 99.8 99.9 0.005150235209
99.95 99.9 100 0.004789822001
100.05 100 100.1 0.006063506249
100.15 100.1 100.2 0.005991490853
100.25 100.2 100.3 0.0023841693
100.35 100.3 100.4 0.004283519361
100.45 100.4 100.5 0.004638438075
100.55 100.5 100.6 0.003991177132
100.65 100.6 100.7 0.006202651993
100.75 100.7 100.8 0.00250248877
100.85 100.8 100.9 0.005747505362
100.95 100.9 101 0.003895491857
101.05 101 101.1 0.007648729195
101.15 101.1 101.2 0.005679950025
101.25 101.2 101.3 0.004151708047
101.35 101.3 101.4 0.003049836702
101.45 101.4 101.5 0.002622462808
101.55 101.5 101.6 0.003907411957
101.65 101.6 101.7 0.00246016574
101.75 101.7 101.8 0.005416468584
101.85 101.8 101.9 0.004844285008
101.95 101.9 102 0.003058489214
102.05 102 102.1 0.005411306896
102.15 102.1 102.2 0.003655355989
102.25 102.2 102.3 0.003025793209
102.35 102.3 102.4 0.003829379278
102.45 102.4 102.5 0.0007881660406
102.55 102.5 102.6 0.005933983398
102.65 102.6 102.7 0.005413875958
102.75 102.7 102.8 0.003922851946
102.85 102.8 102.9 0.004282225907
102.95 102.9 103 0.003956813668
103.05 103 103.1 0.003432056449
103.15 103.1 103.2 0.003579672596
103.25 103.2 103.3 0.004034536554
103.35 103.3 103.4 0.002171751491
103.45 103.4 103.5 0.002884128562
103.55 103.5 103.6 0.005495979709
103.65 103.6 103.7 -4.432806311e-05
103.75 103.7 103.8 0.001615474157
103.85 103.8 103.9 0.003359554833
103.95 103.9 104 0.003437699867
104.05 104 104.1 0.004176569373
104.15 104.1 104.2 0.005820160142
104.25 104.2 104.3 -0.0005512991981
104.35 104.3 104.4 0.005239431294
104.45 104.4 104.5 0.004741068025
104.55 104.5 104.6 0.004898792545
104.65 104.6 104.7 0.002669454153
104.75 104.7 104.8 0.004397878603
104.85 104.8 104.9 0.005216812066
104.95 104.9 105 0.004370762349
105.05 105 105.1 0.003809509564
105.15 105.1 105.2 0.002856118781
105.25 105.2 105.3 0.002244715512
105.35 105.3 105.4 0.002802108571
105.45 105.4 105.5 0.001851132858
105.55 105.5 105.6 0.004832627564
105.65 105.6 105.7 0.004682459144
105.75 105.7 105.8 0.003179428385
105.85 105.8 105.9 0.001792814295
105.95 105.9 106 0.003534576283
106.05 106 106.1 0.003688398891
106.15 106.1 106.2 0.003824618523
106.25 106.2 106.3 0.003875034222
106.35 106.3 106.4 0.004267071435
106.45 106.4 106.5 0.004493362826
106.55 106.5 106.6 0.003175819282
106.65 106.6 106.7 0.00570455518
106.75 106.7 106.8 0.003482419211
106.85 106.8 106.9 0.004029912336
106.95 106.9 107 0.00385885266
107.05 107 107.1 0.003714151811
107.15 107.1 107.2 0.002619626089
107.25 107.2 107.3 0.00320600178
107.35 107.3 107.4 0.001609488284
107.45 107.4 107.5 0.00499861211
107.55 107.5 107.6 0.004538781122
107.65 107.6 107.7 0.002067818979
107.75 107.7 107.8 0.004766244012
107.85 107.8 107.9 0.003560815574
107.95 107.9 108 0.00553378666
108.05 108 108.1 0.003168723654
108.15 108.1 108.2 0.004001173677
108.25 108.2 108.3 0.005331650006
108.35 108.3 108.4 0.006765562863
108.45 108.4 108.5 0.005554784588
108.55 108.5 108.6 0.002560724966
108.65 108.6 108.7 0.002762214962
108.75 108.7 108.8 0.003241483678
108.85 108.8 108.9 0.003037276276
108.95 108.9 109 0.003345584634
109.05 109 109.1 0.003959070349
109.15 109.1 109.2 0.004549880473
109.25 109.2 109.3 0.004260411947
109.35 109.3 109.4 0.0035066323
109.45 109.4 109.5 0.003279852825
109.55 109.5 109.6 0.003397603924
109.65 109.6 109.7 0.005002841065
109.75 109.7 109.8 0.005172850778
109.85 109.8 109.9 0.005291050633
109.95 109.9 110 0.005115870896
110.05 110 110.1 0.004142949206
110.15 110.1 110.2 0.002486972082
110.25 110.2 110.3 0.002474213706
110.35 110.3 110.4 0.003813978455
110.45 110.4 110.5 0.002204259108
110.55 110.5 110.6 0.004158694163
110.65 110.6 110.7 0.002749024948
110.75 110.7 110.8 8.935286656e-05
110.85 110.8 110.9 0.002254460399
110.95 110.9 111 0.00182115252
111.05 111 111.1 0.001824506597
111.15 111.1 111.2 0.004539102062
111.25 111.2 111.3 0.002806014365
111.35 111.3 111.4 0.000872939964
111.45 111.4 111.5 0.005372242695
111.55 111.5 111.6 0.005045761839
111.65 111.6 111.7 0.002736358873
111.75 111.7 111.8 0.00377555253
111.85 111.8 111.9 0.002277003074
111.95 111.9 112 0.003516499937
112.05 112 112.1 0.001600901222
112.15 112.1 112.2 0.002718434472
112.25 112.2 112.3 0.0007155841802
112.35 112.3 112.4 0.004825378706
112.45 112.4 112.5 0.001558141195
112.55 112.5 112.6 0.002056005184
112.65 112.6 112.7 0.000825191693
112.75 112.7 112.8 0.002355730333
112.85 112.8 112.9 0.002697656813
112.95 112.9 113 0.0003178257163
113.05 113 113.1 0.001514653281
113.15 113.1 113.2 0.00289844657
113.25 113.2 113.3 0.0016972887
113.35 113.3 113.4 0.003427032481
113.45 113.4 113.5 0.003331196566
113.55 113.5 113.6 0.003909410061
113.65 113.6 113.7 0.002591027254
113.75 113.7 113.8 0.003855348581
113.85 113.8 113.9 0.00411013652
113.95 113.9 114 0.002356679988
114.05 114 114.1 0.002161572514
114.15 114.1 114.2 0.002388779079
114.25 114.2 114.3 0.002411046973
114.35 114.3 114.4 0.004045830542
114.45 114.4 114.5 0.002866127485
114.55 114.5 114.6 -0.0003274673283
114.65 114.6 114.7 0.001703229474
114.75 114.7 114.8 0.001903597916
114.85 114.8 114.9 0.002753647918
114.95 114.9 115 0.0006713741557
115.05 115 115.1 0.004273439159
115.15 115.1 115.2 -0.0008977949581
115.25 115.2 115.3 0.002875602065
115.35 115.3 115.4 0.002424050944
115.45 115.4 115.5 0.0002646614154
115.55 115.5 115.6 0.002348402583
115.65 115.6 115.7 0.001725746068
115.75 115.7 115.8 0.0005913992124
115.85 115.8 115.9 0.00106220549
115.95 115.9 116 0.0002028111912
116.05 116 116.1 0.001862027693
116.15 116.1 116.2 0.000236044336
116.25 116.2 116.3 0.002077669001
116.35 116.3 116.4 0.003960336355
116.45 116.4 116.5 0.0005099284061
116.55 116.5 116.6 0.0007542562979
116.65 116.6 116.7 0.00165037785
116.75 116.7 116.8 0.0007462765689
116.85 116.8 116.9 0.0006299668905
116.95 116.9 117 0.00336795383
117.05 117 117.1 0.0007954497386
117.15 117.1 117.2 0.002274887094
117.25 117.2 117.3 0.0004930941175
117.35 117.3 117.4 0.002588660231
117.45 117.4 117.5 0.001494713722
117.55 117.5 117.6 0.0006717647889
117.65 117.6 117.7 0.002131595552
117.75 117.7 117.8 0.0006826392039
117.85 117.8 117.9 0.001382002312
117.95 117.9 118 0.003626986751
118.05 118 118.1 0.001782278447
118.15 118.1 118.2 0.0005211652826
118.25 118.2 118.3 0.00183223824
118.35 118.3 118.4 0.002435932987
118.45 118.4 118.5 -0.0003742802138
118.55 118.5 118.6 0.002824877446
118.65 118.6 118.7 0.001736471074
118.75 118.7 118.8 0.001171955739
118.85 118.8 118.9 0.002550069915
118.95 118.9 119 0.003504725413
119.05 119 119.1 -6.433790269e-05
119.15 119.1 119.2 0.001129244735
119.25 119.2 119.3 0.0005826633386
119.35 119.3 119.4 0.000418014709
119.45 119.4 119.5 0.001616567357
119.55 119.5 119.6 0.001988469648
119.65 119.6 119.7 0.002603688812
119.75 119.7 119.8 0.00432335483
119.85 119.8 119.9 0.002015021304
119.95 119.9 120 0.00028340044
120.05 120 120.1 0.002251972387
120.15 120.1 120.2 0.001411976223
120.25 120.2 120.3 0.002954879695
120.35 120.3 120.4 0.003483103102
120.45 120.4 120.5 0.001455741734
120.55 120.5 120.6 0.001344049071
120.65 120.6 120.7 0.001153980626
120.75 120.7 120.8 0.002808629979
120.85 120.8 120.9 -0.0007277421915
120.95 120.9 121 -7.184505674e-05
121.05 121 121.1 0.001245401206
121.15 121.1 121.2 0.001930713577
121.25 121.2 121.3 7.875731441e-05
121.35 121.3 121.4 0.0008581293185
121.45 121.4 121.5 0.001423462215
121.55 121.5 121.6 0.001367210945
121.65 121.6 121.7 0.003506952034
121.75 121.7 121.8 0.001203086685
121.85 121.8 121.9 0.0001740720064
121.95 121.9 122 0.0001300437226
122.05 122 122.1 0.0002751550442
122.15 122.1 122.2 -0.000326057767
122.25 122.2 122.3 -5.195384983e-05
122.35 122.3 122.4 0.001014985536
122.45 122.4 122.5 0.0001766538767
122.55 122.5 122.6 0.0006537463429
122.65 122.6 122.7 0.0003412407811
122.75 122.7 122.8 0.001137624667
122.85 122.8 122.9 0.00122824877
122.95 122.9 123 -0.0001000757672
123.05 123 123.1 0.0007764809563
123.15 123.1 123.2 0.0006649659091
123.25 123.2 123.3 0.001293882503
123.35 123.3 123.4 0.00244613513
123.45 123.4 123.5 0.002795764789
123.55 123.5 123.6 0.002147313929
123.65 123.6 123.7 0.0002889688676
123.75 123.7 123.8 -1.073079231e-05
123.85 123.8 123.9 0.000774495809
123.95 123.9 124 -0.0001273026223
124.05 124 124.1 0.001430144932
124.15 124.1 124.2 0.003091191914
124.25 124.2 124.3 -0.001314903381
124.35 124.3 124.4 -0.0006545879579
124.45 124.4 124.5 -0.0008153080202
124.55 124.5 124.6 0.001163133518
124.65 124.6 124.7 0.001471416594
124.75 124.7 124.8 0.0003259527565
124.85 124.8 124.9 0.002851293364
124.95 124.9 125 0.001441945411
125.05 125 125.1 0.0007548802766
125.15 125.1 125.2 -0.00157543803
125.25 125.2 125.3 0.002378752617
125.35 125.3 125.4 0.000258320019
125.45 125.4 125.5 0.002764543567
125.55 125.5 125.6 0.001134659615
125.65 125.6 125.7 0.0009807332217
125.75 125.7 125.8 0.003652319995
125.85 125.8 125.9 0.0005345135093
125.95 125.9 126 0.0007270709697
126.05 126 126.1 0.0009379783365
126.15 126.1 126.2 0.00252611904
126.25 126.2 126.3 0.0006861618232
126.35 126.3 126.4 0.002591541706
126.45 126.4 126.5 0.001363188977
126.55 126.5 126.6 0.0006389032033
126.65 126.6 126.7 0.002530801948
126.75 126.7 126.8 0.0003164915434
126.85 126.8 126.9 0.001860365806
126.95 126.9 127 9.934224485e-05
127.05 127 127.1 0.001413647859
127.15 127.1 127.2 0.0006656498552
127.25 127.2 127.3 0.002738377311
127.35 127.3 127.4 0.001065093905
127.45 127.4 127.5 0.0007234127067
127.55 127.5 127.6 0.002571365161
127.65 127.6 127.7 0.001970686175
127.75 127.7 127.8 0.0003985003799
127.85 127.8 127.9 0.001523436964
127.95 127.9 128 0.001170832723
128.05 128 128.1 0.0003668441756
128.15 128.1 128.2 4.874006695e-05
128.25 128.2 128.3 0.003132711055
128.35 128.3 128.4 0.0006452471425
128.45 128.4 128.5 0.0008074205367
128.55 128.5 128.6 0.001062268803
128.65 128.6 128.7 0.001402206348
128.75 128.7 128.8 0.001825059488
128.85 128.8 128.9 0.0001391396502
128.95 128.9 129 0.0008428202831
129.05 129 129.1 0.002219250781
129.15 129.1 129.2 5.304423715e-05
129.25 129.2 129.3 0.001792409018
129.35 129.3 129.4 0.0007414397392
129.45 129.4 129.5 0.00259230727
129.55 129.5 129.6 -0.0004024561642
129.65 129.6 129.7 0.0006410723084
129.75 129.7 129.8 0.001309136873
129.85 129.8 129.9 7.476848173e-05
129.95 129.9 130 0.001380741269
130.05 130 130.1 -0.0005613994532
130.15 130.1 130.2 0.002561304555
130.25 130.2 130.3 0.00112029323
130.35 130.3 130.4 -0.0002216705803
130.45 130.4 130.5 0.002225408128
130.55 130.5 130.6 0.0007123080936
130.65 130.6 130.7 0.001310090878
130.75 130.7 130.8 0.0004167199855
130.85 130.8 130.9 0.0004356788181
130.95 130.9 131 0.0005880137097
131.05 131 131.1 0.0003490610822
131.15 131.1 131.2 0.003251788432
131.25 131.2 131.3 0.0008357628899
131.35 131.3 131.4 0.0004861787944
131.45 131.4 131.5 0.001912999695
131.55 131.5 131.6 0.001735906503
131.65 131.6 131.7 0.0009431492456
131.75 131.7 131.8 0.0004673481394
131.85 131.8 131.9 0.0008811065671
131.95 131.9 132 0.00140538392
132.05 132 132.1 0.001901540325
132.15 132.1 132.2 -0.0002175718941
132.25 132.2 132.3 0.002227516321
132.35 132.3 132.4 0.0001210366066
132.45 132.4 132.5 -0.0001614813137
132.55 132.5 132.6 0.0003339540278
132.65 132.6 132.7 -0.001021338831
132.75 132.7 132.8 -0.00107218522
132.85 132.8 132.9 0.001261047621
132.95 132.9 133 -0.001046510367
133.05 133 133.1 0.0005685092007
133.15 133.1 133.2 0.000316081964
133.25 133.2 133.3 0.0004885724775
133.35 133.3 133.4 -0.0003150725691
133.45 133.4 133.5 0.0005237420092
133.55 133.5 133.6 -0.0005834291089
133.65 133.6 133.7 0.0006682257093
133.75 133.7 133.8 0.0003382093275
133.85 133.8 133.9 -0.001465502623
133.95 133.9 134 -0.0004903397607
134.05 134 134.1 -0.0006926242167
134.15 134.1 134.2 0.001310695014
134.25 134.2 134.3 0.0007561875226
134.35 134.3 134.4 0.0007057805786
134.45 134.4 134.5 0.001622762169
134.55 134.5 134.6 0.001201705161
134.65 134.6 134.7 0.0007648810805
134.75 134.7 134.8 -0.0004274047653
134.85 134.8 134.9 -0.001215728869
134.95 134.9 135 -0.001383850443
135.05 135 135.1 0.0004427568712
135.15 135.1 135.2 -0.0002010558692
135.25 135.2 135.3 9.233773914e-05
135.35 135.3 135.4 -0.000615311728
135.45 135.4 135.5 -0.001905193595
135.55 135.5 135.6 -0.0003929312845
135.65 135.6 135.7 -0.001288860342
135.75 135.7 135.8 -0.001548244355
135.85 135.8 135.9 0.0005861430587
135.95 135.9 136 -0.0007241960069
136.05 136 136.1 0.0002279078178
136.15 136.1 136.2 -0.001248463324
136.25 136.2 136.3 0.0003969907859
136.35 136.3 136.4 -0.0003649754518
136.45 136.4 136.5 -0.001141144831
136.55 136.5 136.6 0.0005639680541
136.65 136.6 136.7 0.0003051985138
136.75 136.7 136.8 -0.0003355237283
136.85 136.8 136.9 9.380674159e-05
136.95 136.9 137 -0.001705511921
137.05 137 137.1 -0.0005681973769
137.15 137.1 137.2 0.0002539522248
137.25 137.2 137.3 -0.002152621727
137.35 137.3 137.4 -0.001041303595
137.45 137.4 137.5 -0.0001594382676
137.55 137.5 137.6 7.157544607e-05
137.65 137.6 137.7 -0.0006849186584
137.75 137.7 137.8 -0.0008747775881
137.85 137.8 137.9 0.000291935132
137.95 137.9 138 -0.0006553594644
138.05 138 138.1 0.001942949508
138.15 138.1 138.2 -0.0006946833339
138.25 138.2 138.3 -0.0006544778362
138.35 138.3 138.4 -0.0007687432233
138.45 138.4 138.5 -0.001115706579
138.55 138.5 138.6 0.0008587274519
138.65 138.6 138.7 0.001033535629
138.75 138.7 138.8 -0.0006132649994
138.85 138.8 138.9 -0.001671530785
138.95 138.9 139 -0.001237831779
139.05 139 139.1 -0.001409766192
139.15 139.1 139.2 0.0007675322688
139.25 139.2 139.3 0.0001877347839
139.35 139.3 139.4 0.001333873518
139.45 139.4 139.5 0.0002053609814
139.55 139.5 139.6 -0.0009579951362
139.65 139.6 139.7 0.000634269544
139.75 139.7 139.8 0.000211673304
139.85 139.8 139.9 -0.002418844163
139.95 139.9 140 0.0007729928969
140.05 140 140.1 -0.000234409767
140.15 140.1 140.2 0.0001989652592
140.25 140.2 140.3 -0.0008563035649
140.35 140.3 140.4 -9.451346239e-05
140.45 140.4 140.5 -0.001653845196
140.55 140.5 140.6 -0.0002050350651
140.65 140.6 140.7 -0.002395896753
140.75 140.7 140.8 -0.0005320274234
140.85 140.8 140.9 0.0001380332712
140.95 140.9 141 0.001568813391
141.05 141 141.1 0.0003257784213
141.15 141.1 141.2 -0.000251066687
141.25 141.2 141.3 -0.001411620562
141.35 141.3 141.4 -0.001708591945
141.45 141.4 141.5 -0.001683630938
141.55 141.5 141.6 -0.0003571738072
141.65 141.6 141.7 2.608371522e-05
141.75 141.7 141.8 -0.001083939982
141.85 141.8 141.9 0.001802099718
141.95 141.9 142 -0.0001346342433
142.05 142 142.1 0.0004989287092
142.15 142.1 142.2 0.001007227647
142.25 142.2 142.3 -0.0003603581464
142.35 142.3 142.4 -0.001257922203
142.45 142.4 142.5 -0.001183667678
142.55 142.5 142.6 0.0002228708931
142.65 142.6 142.7 0.0008766222945
142.75 142.7 142.8 7.510529078e-05
142.85 142.8 142.9 -0.0004533764364
142.95 142.9 143 -0.0006779233446
143.05 143 143.1 -0.00144565422
143.15 143.1 143.2 0.0001866562683
143.25 143.2 143.3 -0.0003722973852
143.35 143.3 143.4 -0.0005639617056
143.45 143.4 143.5 0.001251530033
143.55 143.5 143.6 1.877797626e-05
143.65 143.6 143.7 -0.001073489782
143.75 143.7 143.8 0.0001271399562
143.85 143.8 143.9 -9.378723769e-05
143.95 143.9 144 -0.001283406613
144.05 144 144.1 0.001181787378
144.15 144.1 144.2 -0.0005592233913
144.25 144.2 144.3 5.292283835e-05
144.35 144.3 144.4 0.0007941120183
144.45 144.4 144.5 -0.0004631640421
144.55 144.5 144.6 -0.0009589149646
144.65 144.6 144.7 0.0006351131413
144.75 144.7 144.8 0.0004434636285
144.85 144.8 144.9 -0.0007101543054
144.95 144.9 145 8.656936399e-05
145.05 145 145.1 -0.0002327578187
145.15 145.1 145.2 -0.0004378636783
145.25 145.2 145.3 0.0001368918025
145.35 145.3 145.4 -0.003268261952
145.45 145.4 145.5 0.001031320124
145.55 145.5 145.6 -0.001180678096
145.65 145.6 145.7 0.0004220222097
145.75 145.7 145.8 -0.0002256161686
145.85 145.8 145.9 0.0009756586304
145.95 145.9 146 8.268142087e-05
146.05 146 146.1 1.250287303e-05
146.15 146.1 146.2 2.060341812e-06
146.25 146.2 146.3 9.759124996e-05
146.35 146.3 146.4 0.0003706113161
146.45 146.4 146.5 -0.0005752922412
146.55 146.5 146.6 0.0004756875549
146.65 146.6 146.7 -0.001134673475
146.75 146.7 146.8 -0.0003517764962
146.85 146.8 146.9 0.001688687398
146.95 146.9 147 7.652528173e-05
147.05 147 147.1 0.0002729626477
147.15 147.1 147.2 -0.000373961973
147.25 147.2 147.3 0.0003666007895
147.35 147.3 147.4 -3.752001246e-06
147.45 147.4 147.5 -0.001743746231
147.55 147.5 147.6 0.001082477102
147.65 147.6 147.7 0.0005477660918
147.75 147.7 147.8 0.0001502463196
147.85 147.8 147.9 -0.0001833035216
147.95 147.9 148 -0.0002019791409
148.05 148 148.1 0.001554738776
148.15 148.1 148.2 0.002071450109
148.25 148.2 148.3 -0.0002977609895
148.35 148.3 148.4 1.689208941e-05
148.45 148.4 148.5 0.0001693211193
148.55 148.5 148.6 -0.0008570629322
148.65 148.6 148.7 0.001269579196
148.75 148.7 148.8 0.0007027802879
148.85 148.8 148.9 -0.0006065783186
148.95 148.9 149 0.0001397858787
149.05 149 149.1 0.0007108500423
149.15 149.1 149.2 0.0001871219556
149.25 149.2 149.3 0.000590574891
149.35 149.3 149.4 0.0009020009545
149.45 149.4 149.5 0.001394664241
149.55 149.5 149.6 -6.90900977e-06
149.65 149.6 149.7 0.0001642272618
149.75 149.7 149.8 -0.0007933766179
149.85 149.8 149.9 1.703610574e-05
149.95 149.9 150 -0.0005612972638
150.05 150 150.1 0.001327417793
150.15 150.1 150.2 0.0008557527278
150.25 150.2 150.3 -1.14849319e-05
150.35 150.3 150.4 6.29358534e-05
150.45 150.4 150.5 0.0009547273412
150.55 150.5 150.6 0.0004592987191
150.65 150.6 150.7 -4.917604464e-06
150.75 150.7 150.8 0.001536310836
150.85 150.8 150.9 0.001442149075
150.95 150.9 151 0.001915098106
151.05 151 151.1 0.0005566091781
151.15 151.1 151.2 0.0001794511123
151.25 151.2 151.3 0.002892665608
151.35 151.3 151.4 -0.000253181265
151.45 151.4 151.5 0.0003482963286
151.55 151.5 151.6 0.0004874707549
151.65 151.6 151.7 0.000581402544
151.75 151.7 151.8 0.0001196929462
151.85 151.8 151.9 -9.797915452e-05
151.95 151.9 152 0.001343881886
152.05 152 152.1 0.0006032311052
152.15 152.1 152.2 -0.0008267391419
152.25 152.2 152.3 -0.00132011157
152.35 152.3 152.4 0.0005489367855
152.45 152.4 152.5 0.0002440051925
152.55 152.5 152.6 0.001252393805
152.65 152.6 152.7 0.001678267851
152.75 152.7 152.8 0.0009948667031
152.85 152.8 152.9 -0.0003695130889
152.95 152.9 153 -0.001315061774
153.05 153 153.1 0.001363197404
153.15 153.1 153.2 0.0003986768305
153.25 153.2 153.3 0.001589377025
153.35 153.3 153.4 0.001132246337
153.45 153.4 153.5 0.0002129261373
153.55 153.5 153.6 0.0002364184694
153.65 153.6 153.7 0.001976279947
153.75 153.7 153.8 0.001087202398
153.85 153.8 153.9 0.002101114848
153.95 153.9 154 -0.0009327721442
154.05 154 154.1 0.002138570145
154.15 154.1 154.2 8.610345505e-05
154.25 154.2 154.3 0.000284219469
154.35 154.3 154.4 0.0001932401233
154.45 154.4 154.5 -4.314745779e-05
154.55 154.5 154.6 0.001341901439
154.65 154.6 154.7 0.0008625202731
154.75 154.7 154.8 0.0005086859853
154.85 154.8 154.9 0.0001587719711
154.95 154.9 155 0.001082210779
155.05 155 155.1 0.0002926867019
155.15 155.1 155.2 0.001538129337
155.25 155.2 155.3 0.0006622881826
155.35 155.3 155.4 0.003190240012
155.45 155.4 155.5 0.001110229276
155.55 155.5 155.6 8.786554989e-05
155.65 155.6 155.7 -0.001383773499
155.75 155.7 155.8 0.0004324623952
155.85 155.8 155.9 0.002738356199
155.95 155.9 156 0.0003821174898
156.05 156 156.1 -0.0009232964351
156.15 156.1 156.2 0.000989378759
156.25 156.2 156.3 0.001874954388
156.35 156.3 156.4 -0.000401979942
156.45 156.4 156.5 0.001054816964
156.55 156.5 156.6 -0.0003394551507
156.65 156.6 156.7 -0.0002412914169
156.75 156.7 156.8 0.0008084834012
156.85 156.8 156.9 -0.002513623371
156.95 156.9 157 0.001349499983
157.05 157 157.1 -0.0002026135961
157.15 157.1 157.2 0.0003138049969
157.25 157.2 157.3 -0.0005947233845
157.35 157.3 157.4 -0.0004325725282
157.45 157.4 157.5 0.0005644070769
157.55 157.5 157.6 0.0005040933215
157.65 157.6 157.7 0.0001635357529
157.75 157.7 157.8 0.0006387838041
157.85 157.8 157.9 0.0006019181399
157.95 157.9 158 0.00143572957
158.05 158 158.1 0.0003708112168
158.15 158.1 158.2 7.740046989e-05
158.25 158.2 158.3 0.0004254737041
158.35 158.3 158.4 0.001972418208
158.45 158.4 158.5 0.001022444108
158.55 158.5 158.6 0.001379637442
158.65 158.6 158.7 9.515548987e-05
158.75 158.7 158.8 -0.0009822215085
158.85 158.8 158.9 0.0007821424874
158.95 158.9 159 0.002210616274
159.05 159 159.1 0.001515263531
159.15 159.1 159.2 0.0008890114253
159.25 159.2 159.3 -0.0004268712352
159.35 159.3 159.4 0.00115912597
159.45 159.4 159.5 -0.0004601921572
159.55 159.5 159.6 -0.0007349726704
159.65 159.6 159.7 -0.000645729987
159.75 159.7 159.8 0.001492262154
159.85 159.8 159.9 0.0007339830158
159.95 159.9 160 0.0001656983094
160.05 160 160.1 -0.001703815533
160.15 160.1 160.2 0.0009332104387
160.25 160.2 160.3 0.0001700405442
160.35 160.3 160.4 -0.0006271808214
160.45 160.4 160.5 0.0002882971394
160.55 160.5 160.6 0.0001315826634
160.65 160.6 160.7 0.001448695324
160.75 160.7 160.8 -0.0003021548318
160.85 160.8 160.9 0.0008351106117
160.95 160.9 161 0.001468850818
161.05 161 161.1 7.95633498e-05
161.15 161.1 161.2 0.0004627484634
161.25 161.2 161.3 0.0009377623249
161.35 161.3 161.4 0.0008973065443
161.45 161.4 161.5 0.0001636099211
161.55 161.5 161.6 0.0001787524521
161.65 161.6 161.7 0.0004185948305
161.75 161.7 161.8 2.589363708e-05
161.85 161.8 161.9 0.0007325550465
161.95 161.9 162 0.000501532807
162.05 162 162.1 -0.0004597688961
162.15 162.1 162.2 2.422119799e-05
162.25 162.2 162.3 0.001251730161
162.35 162.3 162.4 0.0002296657702
162.45 162.4 162.5 -0.0006106038226
162.55 162.5 162.6 -0.001166141689
162.65 162.6 162.7 -0.000743542127
162.75 162.7 162.8 0.001613653114
162.85 162.8 162.9 -0.0004059875178
162.95 162.9 163 0.0004479296439
163.05 163 163.1 0.0005272136184
163.15 163.1 163.2 -0.000701744776
163.25 163.2 163.3 -0.0001425771033
163.35 163.3 163.4 -0.0007355980998
163.45 163.4 163.5 0.001163601116
163.55 163.5 163.6 0.001314482514
163.65 163.6 163.7 -0.00129417222
163.75 163.7 163.8 6.366049186e-05
163.85 163.8 163.9 -4.663731971e-05
163.95 163.9 164 0.0006553666823
164.05 164 164.1 0.001382125697
164.15 164.1 164.2 0.0007472156051
164.25 164.2 164.3 0.001671226542
164.35 164.3 164.4 0.0006631453356
164.45 164.4 164.5 -9.907836374e-05
164.55 164.5 164.6 0.0006977780286
164.65 164.6 164.7 -0.0006009770688
164.75 164.7 164.8 -0.0003016294563
164.85 164.8 164.9 -0.001715973361
164.95 164.9 165 0.001084627456
165.05 165 165.1 0.001222559417
165.15 165.1 165.2 0.0007173016588
165.25 165.2 165.3 0.001311579772
165.35 165.3 165.4 0.0002872208546
165.45 165.4 165.5 0.0005624347617
165.55 165.5 165.6 0.0003392629674
165.65 165.6 165.7 0.0006060623892
165.75 165.7 165.8 0.0001543313756
165.85 165.8 165.9 0.000925440676
165.95 165.9 166 -0.001182060186
166.05 166 166.1 0.0004800195694
166.15 166.1 166.2 0.0004719750866
166.25 166.2 166.3 -0.0004577447457
166.35 166.3 166.4 0.0006456301747
166.45 166.4 166.5 0.001465903977
166.55 166.5 166.6 0.0005413505179
166.65 166.6 166.7 0.000729358799
166.75 166.7 166.8 0.0005764303744
166.85 166.8 166.9 0.001289558764
166.95 166.9 167 0.000525699785
167.05 167 167.1 -0.0004312331584
167.15 167.1 167.2 0.0008660345904
167.25 167.2 167.3 -3.72665445e-05
167.35 167.3 167.4 -0.0007874429562
167.45 167.4 167.5 0.0008257984477
167.55 167.5 167.6 0.001036626809
167.65 167.6 167.7 0.001919735349
167.75 167.7 167.8 0.0008663148783
167.85 167.8 167.9 0.001869198338
167.95 167.9 168 -0.0004003242817
168.05 168 168.1 6.621970872e-05
168.15 168.1 168.2 0.0004828772826
168.25 168.2 168.3 0.001229321207
168.35 168.3 168.4 -0.0004216454493
168.45 168.4 168.5 0.002068625391
168.55 168.5 168.6 0.0008411703978
168.65 168.6 168.7 0.0005946627072
168.75 168.7 168.8 -2.279884119e-05
168.85 168.8 168.9 0.0007538028461
168.95 168.9 169 -0.0005697806244
169.05 169 169.1 -0.0008653781231
169.15 169.1 169.2 2.158171549e-05
169.25 169.2 169.3 0.0005766676782
169.35 169.3 169.4 0.0001130029621
169.45 169.4 169.5 0.0003942235954
169.55 169.5 169.6 0.0009670321632
169.65 169.6 169.7 0.0006469762704
169.75 169.7 169.8 0.001950381423
169.85 169.8 169.9 0.001272091865
169.95 169.9 170 0.0002914632209
170.05 170 170.1 -0.0009376057497
170.15 170.1 170.2 -0.0004724143569
170.25 170.2 170.3 0.0004461354602
170.35 170.3 170.4 0.000165344391
170.45 170.4 170.5 9.17598e-06
170.55 170.5 170.6 -3.23061567e-05
170.65 170.6 170.7 0.001009402193
170.75 170.7 170.8 -0.000245014433
170.85 170.8 170.9 -0.0003015680557
170.95 170.9 171 0.0009726814404
171.05 171 171.1 -0.0009221134757
171.15 171.1 171.2 0.0007194356552
171.25 171.2 171.3 4.941343958e-06
171.35 171.3 171.4 -0.0006449268348
171.45 171.4 171.5 0.0003215026768
171.55 171.5 171.6 -7.184405293e-05
171.65 171.6 171.7 0.0007001149073
171.75 171.7 171.8 6.357540527e-05
171.85 171.8 171.9 -0.001844956874
171.95 171.9 172 0.000211235839
172.05 172 172.1 0.0003635928124
172.15 172.1 172.2 -2.065188315e-05
172.25 172.2 172.3 -1.255948863e-05
172.35 172.3 172.4 0.0003281500839
172.45 172.4 172.5 0.0008898157471
172.55 172.5 172.6 -0.0002383016152
172.65 172.6 172.7 -0.001067948106
172.75 172.7 172.8 -0.00012475409
172.85 172.8 172.9 0.0001751976854
172.95 172.9 173 0.0004721490188
173.05 173 173.1 0.0002612155086
173.15 173.1 173.2 -0.000101367041
173.25 173.2 173.3 0.0002247620182
173.35 173.3 173.4 0.0007991331816
173.45 173.4 173.5 1.633423796e-05
173.55 173.5 173.6 -0.00140570147
173.65 173.6 173.7 0.0007573451682
173.75 173.7 173.8 -0.001185096392
173.85 173.8 173.9 0.0004195737388
173.95 173.9 174 -0.0001667899872
174.05 174 174.1 -0.00156292392
174.15 174.1 174.2 -0.001036967286
174.25 174.2 174.3 -0.001285379779
174.35 174.3 174.4 0.0008512476261
174.45 174.4 174.5 -0.0002150281165
174.55 174.5 174.6 -2.613271878e-05
174.65 174.6 174.7 -0.0004108059356
174.75 174.7 174.8 -0.0004948262999
174.85 174.8 174.9 0.001045740544
174.95 174.9 175 -0.0008894704321
175.05 175 175.1 0.001683165331
175.15 175.1 175.2 -0.00105599209
175.25 175.2 175.3 0.0005328147597
175.35 175.3 175.4 -0.0005543627205
175.45 175.4 175.5 -7.61125833e-06
175.55 175.5 175.6 -0.0001027057371
175.65 175.6 175.7 -0.001392425098
175.75 175.7 175.8 0.0009615476718
175.85 175.8 175.9 0.000830672875
175.95 175.9 176 0.001042568358
176.05 176 176.1 -0.0001835814395
176.15 176.1 176.2 0.0008731533616
176.25 176.2 176.3 -0.0009660554331
176.35 176.3 176.4 0.0007727032289
176.45 176.4 176.5 -8.649495107e-05
176.55 176.5 176.6 -0.0005120855515
176.65 176.6 176.7 0.00018246782
176.75 176.7 176.8 0.0002916546158
176.85 176.8 176.9 -7.673699751e-05
176.95 176.9 177 -0.001222923174
177.05 177 177.1 -0.0001193023024
177.15 177.1 177.2 -0.0007020982596
177.25 177.2 177.3 0.001829960758
177.35 177.3 177.4 -0.0005362559718
177.45 177.4 177.5 -0.0001882603124
177.55 177.5 177.6 -0.0006049205531
177.65 177.6 177.7 -0.001017223156
177.75 177.7 177.8 0.0005387199466
177.85 177.8 177.9 -0.00132084404
177.95 177.9 178 -0.0003300022193
178.05 178 178.1 0.0001273391213
178.15 178.1 178.2 0.0009766590525
178.25 178.2 178.3 -0.001781345166
178.35 178.3 178.4 -0.0009458602215
178.45 178.4 178.5 -0.000330883966
178.55 178.5 178.6 -5.652596834e-05
178.65 178.6 178.7 0.0002425759426
178.75 178.7 178.8 -0.000140313615
178.85 178.8 178.9 -0.0001175127004
178.95 178.9 179 -0.000508021406
179.05 179 179.1 -0.0002573366825
179.15 179.1 179.2 -0.0001979127351
179.25 179.2 179.3 0.0001053725785
179.35 179.3 179.4 0.00121094218
179.45 179.4 179.5 0.00078533867
179.55 179.5 179.6 0.0003539087111
179.65 179.6 179.7 -0.0008244600061
179.75 179.7 179.8 0.0005388785886
179.85 179.8 179.9 0.0007242507975
179.95 179.9 180 -5.254917486e-05
180.05 180 180.1 -0.000430002116
180.15 180.1 180.2 0.001160604919
180.25 180.2 180.3 -0.0004840379854
180.35 180.3 180.4 4.760097152e-05
180.45 180.4 180.5 -0.001016739076
180.55 180.5 180.6 -0.0003901260642
180.65 180.6 180.7 -0.0009745211108
180.75 180.7 180.8 -0.002240666722
180.85 180.8 180.9 -0.000175833201
180.95 180.9 181 0.00127889324
181.05 181 181.1 0.0003355769831
181.15 181.1 181.2 -0.001272992928
181.25 181.2 181.3 -0.0006727194456
181.35 181.3 181.4 0.0008957471721
181.45 181.4 181.5 2.036148822e-05
181.55 181.5 181.6 -0.0005742429671
181.65 181.6 181.7 0.0007576671305
181.75 181.7 181.8 0.0001774535945
181.85 181.8 181.9 -0.0002814421674
181.95 181.9 182 -0.0007507683545
182.05 182 182.1 -0.000357134885
182.15 182.1 182.2 -0.001032950973
182.25 182.2 182.3 0.0002262419762
182.35 182.3 182.4 0.0002906428895
182.45 182.4 182.5 0.001138966424
182.55 182.5 182.6 0.0002017460238
182.65 182.6 182.7 0.0004159715193
182.75 182.7 182.8 0.0008760479369
182.85 182.8 182.9 0.000562940284
182.95 182.9 183 -0.0002694736263
183.05 183 183.1 0.0002346243806
183.15 183.1 183.2 -0.0005881402936
183.25 183.2 183.3 0.0007540680001
183.35 183.3 183.4 -0.0008090249171
183.45 183.4 183.5 -0.0005105117019
183.55 183.5 183.6 -0.0006351319276
183.65 183.6 183.7 0.0002902429022
183.75 183.7 183.8 0.0003143269521
183.85 183.8 183.9 -0.001906104823
183.95 183.9 184 0.0007052687065
184.05 184 184.1 -0.0006182294441
184.15 184.1 184.2 -0.001157206044
184.25 184.2 184.3 0.001100290317
184.35 184.3 184.4 0.001028340245
184.45 184.4 184.5 0.0007906130856
184.55 184.5 184.6 -0.0003613460847
184.65 184.6 184.7 -0.000931176977
184.75 184.7 184.8 0.0003042747728
184.85 184.8 184.9 7.845426168e-05
184.95 184.9 185 -0.001147451174
185.05 185 185.1 -0.0001391124894
185.15 185.1 185.2 0.001325959002
185.25 185.2 185.3 0.0006438752692
185.35 185.3 185.4 -0.0004375933349
185.45 185.4 185.5 -0.0006216931096
185.55 185.5 185.6 0.0003133649501
185.65 185.6 185.7 -0.0004730173006
185.75 185.7 185.8 0.0007824479712
185.85 185.8 185.9 -0.0007023636198
185.95 185.9 186 -0.001000824267
186.05 186 186.1 -0.001264558127
186.15 186.1 186.2 -0.001378311104
186.25 186.2 186.3 -0.0001014656713
186.35 186.3 186.4 -9.61475106e-05
186.45 186.4 186.5 -0.0008280022368
186.55 186.5 186.6 -0.001918203387
186.65 186.6 186.7 -0.001729652669
186.75 186.7 186.8 -0.0007522115311
186.85 186.8 186.9 -0.001674687424
186.95 186.9 187 0.001362909112
187.05 187 187.1 -0.001189593818
187.15 187.1 187.2 0.0009578095177
187.25 187.2 187.3 8.070904257e-05
187.35 187.3 187.4 -0.0008090488962
187.45 187.4 187.5 0.00167772226
187.55 187.5 187.6 -0.0001860123146
187.65 187.6 187.7 -0.0001992101322
187.75 187.7 187.8 0.0007010847112
187.85 187.8 187.9 -0.0005249138613
187.95 187.9 188 -0.001396118494
188.05 188 188.1 -0.001706815841
188.15 188.1 188.2 -0.0004479079953
188.25 188.2 188.3 0.0004447691353
188.35 188.3 188.4 -0.0002045113634
188.45 188.4 188.5 -0.0001372960713
188.55 188.5 188.6 -0.0006517471649
188.65 188.6 188.7 0.0002672760634
188.75 188.7 188.8 0.0004039575857
188.85 188.8 188.9 -0.001024283441
188.95 188.9 189 0.001334900575
189.05 189 189.1 -0.001744398528
189.15 189.1 189.2 -0.001878263756
189.25 189.2 189.3 -0.0008777388271
189.35 189.3 189.4 -0.00175931099
189.45 189.4 189.5 -0.0009904976071
189.55 189.5 189.6 -0.001125181793
189.65 189.6 189.7 0.000284641942
189.75 189.7 189.8 -0.0003526924768
189.85 189.8 189.9 0.0004785834253
189.95 189.9 190 0.0002301832488
190.05 190 190.1 -0.0005806950367
190.15 190.1 190.2 0.000275970521
190.25 190.2 190.3 -0.0005352769715
190.35 190.3 190.4 0.0007388686842
190.45 190.4 190.5 -0.001250991492
190.55 190.5 190.6 -0.001841124473
190.65 190.6 190.7 -0.0006347259178
190.75 190.7 190.8 -0.00047961186
190.85 190.8 190.9 -0.001034389438
190.95 190.9 191 -0.0005220567739
191.05 191 191.1 -0.001734376434
191.15 191.1 191.2 -0.001822560645
191.25 191.2 191.3 -0.0006050031437
191.35 191.3 191.4 -0.0002612275448
191.45 191.4 191.5 -0.00127325018
191.55 191.5 191.6 -0.0006603875964
191.65 191.6 191.7 -0.0003300954735
191.75 191.7 191.8 0.0005743827089
191.85 191.8 191.9 -0.0004937703022
191.95 191.9 192 -0.0003869623241
192.05 192 192.1 8.335044592e-05
192.15 192.1 192.2 -0.001723522974
192.25 192.2 192.3 -7.791014057e-05
192.35 192.3 192.4 -0.002260384476
192.45 192.4 192.5 0.0005099803352
192.55 192.5 192.6 0.0001892711973
192.65 192.6 192.7 -0.001209405484
192.75 192.7 192.8 -0.0004994423324
192.85 192.8 192.9 0.0003463780929
192.95 192.9 193 0.000102407119
193.05 193 193.1 0.0006861580442
193.15 193.1 193.2 0.000360452326
193.25 193.2 193.3 -0.0003488422522
193.35 193.3 193.4 -0.001091243327
193.45 193.4 193.5 1.377513947e-05
193.55 193.5 193.6 -0.0002586480437
193.65 193.6 193.7 -0.001515493024
193.75 193.7 193.8 -0.0003628735121
193.85 193.8 193.9 -0.001425403444
193.95 193.9 194 -0.001040951992
194.05 194 194.1 -0.0006432655518
194.15 194.1 194.2 -2.983583904e-05
194.25 194.2 194.3 0.000129028586
194.35 194.3 194.4 0.0002626631179
194.45 194.4 194.5 -0.0003181686815
194.55 194.5 194.6 -0.001843060644
194.65 194.6 194.7 -0.000762528885
194.75 194.7 194.8 -0.001043979748
194.85 194.8 194.9 0.001293665927
194.95 194.9 195 0.000182280616
195.05 195 195.1 -0.0002019538876
195.15 195.1 195.2 0.0001824858944
195.25 195.2 195.3 -0.0004492994142
195.35 195.3 195.4 -6.656239023e-05
195.45 195.4 195.5 -0.0005548825355
195.55 195.5 195.6 0.0004689115646
195.65 195.6 195.7 0.001355970043
195.75 195.7 195.8 -0.0001410086917
195.85 195.8 195.9 -0.0005197579434
195.95 195.9 196 -0.00116355826
196.05 196 196.1 0.0003855671839
196.15 196.1 196.2 -0.0002560745632
196.25 196.2 196.3 6.386923545e-05
196.35 196.3 196.4 -0.0005234108009
196.45 196.4 196.5 -0.001122235791
196.55 196.5 196.6 -4.470447338e-05
196.65 196.6 196.7 -0.001324231411
196.75 196.7 196.8 0.000340517365
196.85 196.8 196.9 -8.27104602e-05
196.95 196.9 197 -0.000917629804
197.05 197 197.1 -0.0002663727998
197.15 197.1 197.2 -0.0002341672472
197.25 197.2 197.3 -0.0009884467605
197.35 197.3 197.4 0.0002684118524
197.45 197.4 197.5 0.001762945003
197.55 197.5 197.6 -0.0005806023963
197.65 197.6 197.7 -7.400599182e-05
197.75 197.7 197.8 -0.001270311007
197.85 197.8 197.9 -0.0005357436513
197.95 197.9 198 -0.001059305673
198.05 198 198.1 -0.0008169593302
198.15 198.1 198.2 0.0001430702066
198.25 198.2 198.3 -0.001895342047
198.35 198.3 198.4 -0.000765089062
198.45 198.4 198.5 -0.001198000593
198.55 198.5 198.6 -0.0009859945618
198.65 198.6 198.7 -0.00124736236
198.75 198.7 198.8 -0.001162721044
198.85 198.8 198.9 -0.001234205744
198.95 198.9 199 -0.001538807128
199.05 199 199.1 -0.0009818611838
199.15 199.1 199.2 -0.001809223291
199.25 199.2 199.3 -0.000837378978
199.35 199.3 199.4 -0.0005563617387
199.45 199.4 199.5 0.0007705828968
199.55 199.5 199.6 -0.0005191024195
199.65 199.6 199.7 0.0006345888997
199.75 199.7 199.8 -0.001055280732
199.85 199.8 199.9 -0.0007663071276
199.95 199.9 200 -0.002351947611
