# Columns: s_cen(1) s_min(2) s_max(3) xi_iso(4)
0.05 0 0.1 31.57852674
0.15 0.1 0.2 16.80754617
0.25 0.2 0.3 13.02620616
0.35 0.3 0.4 15.11457317
0.45 0.4 0.5 21.16349642
0.55 0.5 0.6 23.19822743
0.65 0.6 0.7 22.01009711
0.75 0.7 0.8 22.31117013
0.85 0.8 0.9 21.35734675
0.95 0.9 1 20.89071451
1.05 1 1.1 19.51714091
1.15 1.1 1.2 20.09199651
1.25 1.2 1.3 18.48964183
1.35 1.3 1.4 17.08142119
1.45 1.4 1.5 16.70162113
1.55 1.5 1.6 16.26729019
1.65 1.6 1.7 14.94407486
1.75 1.7 1.8 14.53945962
1.85 1.8 1.9 13.37668222
1.95 1.9 2 12.86231022
2.05 2 2.1 12.00293551
2.15 2.1 2.2 11.19198365
2.25 2.2 2.3 10.50382231
2.35 2.3 2.4 9.708120024
2.45 2.4 2.5 8.902966091
2.55 2.5 2.6 8.54030395
2.65 2.6 2.7 8.089132906
2.75 2.7 2.8 7.459091239
2.85 2.8 2.9 7.223009429
2.95 2.9 3 6.969829046
3.05 3 3.1 6.583588987
3.15 3.1 3.2 6.088908811
3.25 3.2 3.3 6.11966371
3.35 3.3 3.4 5.627280127
3.45 3.4 3.5 5.596464133
3.55 3.5 3.6 5.367181003
3.65 3.6 3.7 5.213568558
3.75 3.7 3.8 5.054183939
3.85 3.8 3.9 4.816718157
3.95 3.9 4 4.798079392
4.05 4 4.1 4.538151013
4.15 4.1 4.2 4.290217197
4.25 4.2 4.3 4.229209886
4.35 4.3 4.4 4.033274889
4.45 4.4 4.5 3.94865351
4.55 4.5 4.6 3.778927723
4.65 4.6 4.7 3.802574324
4.75 4.7 4.8 3.656844015
4.85 4.8 4.9 3.545871445
4.95 4.9 5 3.333671026
5.05 5 5.1 3.281318213
5.15 5.1 5.2 3.122060781
5.25 5.2 5.3 3.149982817
5.35 5.3 5.4 3.081664728
5.45 5.4 5.5 2.973911961
5.55 5.5 5.6 2.865280843
5.65 5.6 5.7 2.787453828
5.75 5.7 5.8 2.838714519
5.85 5.8 5.9 2.538215717
5.95 5.9 6 2.609156493
6.05 6 6.1 2.547980371
6.15 6.1 6.2 2.415005318
6.25 6.2 6.3 2.414495375
6.35 6.3 6.4 2.347625878
6.45 6.4 6.5 2.245041482
6.55 6.5 6.6 2.241053954
6.65 6.6 6.7 2.185364755
6.75 6.7 6.8 2.13452304
6.85 6.8 6.9 2.083751902
6.95 6.9 7 2.036139824
7.05 7 7.1 1.947350951
7.15 7.1 7.2 1.949159783
7.25 7.2 7.3 1.941481648
7.35 7.3 7.4 1.868134009
7.45 7.4 7.5 1.801921922
7.55 7.5 7.6 1.807932138
7.65 7.6 7.7 1.746875533
7.75 7.7 7.8 1.715166249
7.85 7.8 7.9 1.657784201
7.95 7.9 8 1.698230112
8.05 8 8.1 1.591555115
8.15 8.1 8.2 1.581930026
8.25 8.2 8.3 1.546563158
8.35 8.3 8.4 1.529629118
8.45 8.4 8.5 1.47666062
8.55 8.5 8.6 1.399945423
8.65 8.6 8.7 1.397012965
8.75 8.7 8.8 1.376176348
8.85 8.8 8.9 1.361241583
8.95 8.9 9 1.345224245
9.05 9 9.1 1.316019632
9.15 9.1 9.2 1.292329246
9.25 9.2 9.3 1.237629426
9.35 9.3 9.4 1.225906239
9.45 9.4 9.5 1.167335205
9.55 9.5 9.6 1.167520696
9.65 9.6 9.7 1.165535035
9.75 9.7 9.8 1.14979388
9.85 9.8 9.9 1.13244605
9.95 9.9 10 1.071580104
10.05 10 10.1 1.096201698
10.15 10.1 10.2 1.05690568
10.25 10.2 10.3 1.037438088
10.35 10.3 10.4 1.022278491
10.45 10.4 10.5 0.9831628738
10.55 10.5 10.6 1.008753698
10.65 10.6 10.7 0.9920086156
10.75 10.7 10.8 0.9593713364
10.85 10.8 10.9 0.9225573275
10.95 10.9 11 0.9064382096
11.05 11 11.1 0.9298108879
11.15 11.1 11.2 0.8980693908
11.25 11.2 11.3 0.8907828327
11.35 11.3 11.4 0.8878621399
11.45 11.4 11.5 0.8075349271
11.55 11.5 11.6 0.8278551804
11.65 11.6 11.7 0.8358839078
11.75 11.7 11.8 0.7940694076
11.85 11.8 11.9 0.7968526577
11.95 11.9 12 0.7892524321
12.05 12 12.1 0.774054262
12.15 12.1 12.2 0.752761927
12.25 12.2 12.3 0.7347006712
12.35 12.3 12.4 0.7348451246
12.45 12.4 12.5 0.7294023233
12.55 12.5 12.6 0.7246365843
12.65 12.6 12.7 0.7047342222
12.75 12.7 12.8 0.6977052655
12.85 12.8 12.9 0.6848845985
12.95 12.9 13 0.6820493257
13.05 13 13.1 0.6658505322
13.15 13.1 13.2 0.6526237592
13.25 13.2 13.3 0.6546987499
13.35 13.3 13.4 0.6635336351
13.45 13.4 13.5 0.6278900791
13.55 13.5 13.6 0.6300119953
13.65 13.6 13.7 0.5997818916
13.75 13.7 13.8 0.6015048454
13.85 13.8 13.9 0.597016183
13.95 13.9 14 0.5871029539
14.05 14 14.1 0.5923865939
14.15 14.1 14.2 0.5864634294
14.25 14.2 14.3 0.5755053071
14.35 14.3 14.4 0.5524599053
14.45 14.4 14.5 0.5419965979
14.55 14.5 14.6 0.5234597664
14.65 14.6 14.7 0.5486903086
14.75 14.7 14.8 0.5397855884
14.85 14.8 14.9 0.5108428711
14.95 14.9 15 0.5221579661
15.05 15 15.1 0.5107715784
15.15 15.1 15.2 0.5145096384
15.25 15.2 15.3 0.516127475
15.35 15.3 15.4 0.4948085601
15.45 15.4 15.5 0.4670114105
15.55 15.5 15.6 0.4755429599
15.65 15.6 15.7 0.4761221102
15.75 15.7 15.8 0.4643588852
15.85 15.8 15.9 0.4584687289
15.95 15.9 16 0.4434008326
16.05 16 16.1 0.4667963689
16.15 16.1 16.2 0.4315606296
16.25 16.2 16.3 0.427463872
16.35 16.3 16.4 0.4384142637
16.45 16.4 16.5 0.427257228
16.55 16.5 16.6 0.4220331354
16.65 16.6 16.7 0.4128799445
16.75 16.7 16.8 0.3975993649
16.85 16.8 16.9 0.4042492045
16.95 16.9 17 0.4019461698
17.05 17 17.1 0.4014367962
17.15 17.1 17.2 0.4000438504
17.25 17.2 17.3 0.3998407149
17.35 17.3 17.4 0.3870834717
17.45 17.4 17.5 0.3856823618
17.55 17.5 17.6 0.3775110609
17.65 17.6 17.7 0.3612054904
17.75 17.7 17.8 0.3760510578
17.85 17.8 17.9 0.3703082696
17.95 17.9 18 0.3509126974
18.05 18 18.1 0.3504864254
18.15 18.1 18.2 0.3575408473
18.25 18.2 18.3 0.3529336297
18.35 18.3 18.4 0.3449762795
18.45 18.4 18.5 0.3472188376
18.55 18.5 18.6 0.3411786465
18.65 18.6 18.7 0.3338481107
18.75 18.7 18.8 0.3218556587
18.85 18.8 18.9 0.3158120795
18.95 18.9 19 0.3047623374
19.05 19 19.1 0.3056259338
19.15 19.1 19.2 0.324097469
19.25 19.2 19.3 0.2989638651
19.35 19.3 19.4 0.3254652795
19.45 19.4 19.5 0.3028965998
19.55 19.5 19.6 0.3076645249
19.65 19.6 19.7 0.3138839688
19.75 19.7 19.8 0.2992151108
19.85 19.8 19.9 0.2864933287
19.95 19.9 20 0.2892461068
20.05 20 20.1 0.2830257612
20.15 20.1 20.2 0.289404877
20.25 20.2 20.3 0.2735293575
20.35 20.3 20.4 0.2764545699
20.45 20.4 20.5 0.269332956
20.55 20.5 20.6 0.2787874639
20.65 20.6 20.7 0.277891209
20.75 20.7 20.8 0.2613955066
20.85 20.8 20.9 0.2742492762
20.95 20.9 21 0.2551938983
21.05 21 21.1 0.2671376068
21.15 21.1 21.2 0.2434883132
21.25 21.2 21.3 0.2445870683
21.35 21.3 21.4 0.2397006231
21.45 21.4 21.5 0.2510865435
21.55 21.5 21.6 0.2509261344
21.65 21.6 21.7 0.2503069277
21.75 21.7 21.8 0.2415921917
21.85 21.8 21.9 0.2362665125
21.95 21.9 22 0.2385813734
22.05 22 22.1 0.2320338807
22.15 22.1 22.2 0.2262516547
22.25 22.2 22.3 0.2236650387
22.35 22.3 22.4 0.2259080783
22.45 22.4 22.5 0.2347185834
22.55 22.5 22.6 0.2259827544
22.65 22.6 22.7 0.2175304506
22.75 22.7 22.8 0.2199338435
22.85 22.8 22.9 0.2119191256
22.95 22.9 23 0.2264202532
23.05 23 23.1 0.2150721933
23.15 23.1 23.2 0.2128786567
23.25 23.2 23.3 0.2074683931
23.35 23.3 23.4 0.1960520998
23.45 23.4 23.5 0.2009578239
23.55 23.5 23.6 0.2046507993
23.65 23.6 23.7 0.1961588785
23.75 23.7 23.8 0.2001045885
23.85 23.8 23.9 0.201430109
23.95 23.9 24 0.1956747392
24.05 24 24.1 0.1947786792
24.15 24.1 24.2 0.205736183
24.25 24.2 24.3 0.1942128041
24.35 24.3 24.4 0.1936040988
24.45 24.4 24.5 0.1736335398
24.55 24.5 24.6 0.1912083407
24.65 24.6 24.7 0.1858571557
24.75 24.7 24.8 0.1815741462
24.85 24.8 24.9 0.1904126621
24.95 24.9 25 0.1849458619
25.05 25 25.1 0.1795097185
25.15 25.1 25.2 0.1748387384
25.25 25.2 25.3 0.1776852105
25.35 25.3 25.4 0.1667231418
25.45 25.4 25.5 0.1694668615
25.55 25.5 25.6 0.1787590318
25.65 25.6 25.7 0.1629661178
25.75 25.7 25.8 0.1662116682
25.85 25.8 25.9 0.161753548
25.95 25.9 26 0.1677568616
26.05 26 26.1 0.1626031724
26.15 26.1 26.2 0.1467864942
26.25 26.2 26.3 0.1562351382
26.35 26.3 26.4 0.1543118381
26.45 26.4 26.5 0.1574317977
26.55 26.5 26.6 0.1609320674
26.65 26.6 26.7 0.1546671347
26.75 26.7 26.8 0.158187394
26.85 26.8 26.9 0.13781072
26.95 26.9 27 0.1615409109
27.05 27 27.1 0.1547120534
27.15 27.1 27.2 0.1483431765
27.25 27.2 27.3 0.1489570271
27.35 27.3 27.4 0.1467576424
27.45 27.4 27.5 0.1461809921
27.55 27.5 27.6 0.1473203463
27.65 27.6 27.7 0.1479599696
27.75 27.7 27.8 0.1415175694
27.85 27.8 27.9 0.1373307956
27.95 27.9 28 0.1416499634
28.05 28 28.1 0.1387460841
28.15 28.1 28.2 0.136633156
28.25 28.2 28.3 0.1329435245
28.35 28.3 28.4 0.1304117997
28.45 28.4 28.5 0.1287908522
28.55 28.5 28.6 0.1288987454
28.65 28.6 28.7 0.1338737854
28.75 28.7 28.8 0.1282203068
28.85 28.8 28.9 0.1209838574
28.95 28.9 29 0.1286107959
29.05 29 29.1 0.1278885478
29.15 29.1 29.2 0.1313769241
29.25 29.2 29.3 0.1289708924
29.35 29.3 29.4 0.1219895692
29.45 29.4 29.5 0.1195450093
29.55 29.5 29.6 0.1256697278
29.65 29.6 29.7 0.1194835231
29.75 29.7 29.8 0.1179475206
29.85 29.8 29.9 0.1122742747
29.95 29.9 30 0.1234754784
30.05 30 30.1 0.1161887069
30.15 30.1 30.2 0.1131551144
30.25 30.2 30.3 0.1014335775
30.35 30.3 30.4 0.1115816196
30.45 30.4 30.5 0.1105721959
30.55 30.5 30.6 0.1066933852
30.65 30.6 30.7 0.1078283301
30.75 30.7 30.8 0.1162825538
30.85 30.8 30.9 0.1095626393
30.95 30.9 31 0.1147841311
31.05 31 31.1 0.111344144
31.15 31.1 31.2 0.1078366829
31.25 31.2 31.3 0.112128789
31.35 31.3 31.4 0.09852133581
31.45 31.4 31.5 0.1004318417
31.55 31.5 31.6 0.1097209468
31.65 31.6 31.7 0.1064106619
31.75 31.7 31.8 0.1029479892
31.85 31.8 31.9 0.09559098754
31.95 31.9 32 0.09833911328
32.05 32 32.1 0.09963870341
32.15 32.1 32.2 0.09236841921
32.25 32.2 32.3 0.09447514475
32.35 32.3 32.4 0.09872515824
32.45 32.4 32.5 0.0884526343
32.55 32.5 32.6 0.09588036011
32.65 32.6 32.7 0.08826207297
32.75 32.7 32.8 0.09411872233
32.85 32.8 32.9 0.1010079001
32.95 32.9 33 0.09416004328
33.05 33 33.1 0.09980201348
33.15 33.1 33.2 0.09420268003
33.25 33.2 33.3 0.08108518412
33.35 33.3 33.4 0.09389969844
33.45 33.4 33.5 0.09028487822
33.55 33.5 33.6 0.08747880943
33.65 33.6 33.7 0.09101309922
33.75 33.7 33.8 0.08866293299
33.85 33.8 33.9 0.090386669
33.95 33.9 34 0.08702837233
34.05 34 34.1 0.08384745882
34.15 34.1 34.2 0.09177515356
34.25 34.2 34.3 0.07780998874
34.35 34.3 34.4 0.08540182401
34.45 34.4 34.5 0.08491164783
34.55 34.5 34.6 0.08011789255
34.65 34.6 34.7 0.08020272504
34.75 34.7 34.8 0.08642773874
34.85 34.8 34.9 0.08418106609
34.95 34.9 35 0.08395103733
35.05 35 35.1 0.07959512167
35.15 35.1 35.2 0.07586326003
35.25 35.2 35.3 0.08066016477
35.35 35.3 35.4 0.0768745094
35.45 35.4 35.5 0.08203062638
35.55 35.5 35.6 0.07687961338
35.65 35.6 35.7 0.07791074128
35.75 35.7 35.8 0.07510501658
35.85 35.8 35.9 0.07459386331
35.95 35.9 36 0.07799690735
36.05 36 36.1 0.07306624399
36.15 36.1 36.2 0.0731438841
36.25 36.2 36.3 0.07011218792
36.35 36.3 36.4 0.0746898877
36.45 36.4 36.5 0.0726617967
36.55 36.5 36.6 0.0692945852
36.65 36.6 36.7 0.07250504605
36.75 36.7 36.8 0.07565928841
36.85 36.8 36.9 0.07065768121
36.95 36.9 37 0.0695061783
37.05 37 37.1 0.06752260131
37.15 37.1 37.2 0.06858050581
37.25 37.2 37.3 0.06592136284
37.35 37.3 37.4 0.06607338344
37.45 37.4 37.5 0.06499618561
37.55 37.5 37.6 0.0654984878
37.65 37.6 37.7 0.06230217436
37.75 37.7 37.8 0.06669548537
37.85 37.8 37.9 0.07677379183
37.95 37.9 38 0.06695671876
38.05 38 38.1 0.07039533114
38.15 38.1 38.2 0.06718434015
38.25 38.2 38.3 0.06043428454
38.35 38.3 38.4 0.06073439458
38.45 38.4 38.5 0.06166645018
38.55 38.5 38.6 0.06511574988
38.65 38.6 38.7 0.05913820878
38.75 38.7 38.8 0.06545054541
38.85 38.8 38.9 0.05942893563
38.95 38.9 39 0.06087988556
39.05 39 39.1 0.06418364499
39.15 39.1 39.2 0.06013403801
39.25 39.2 39.3 0.05713359075
39.35 39.3 39.4 0.06368271788
39.45 39.4 39.5 0.05730632729
39.55 39.5 39.6 0.0617892485
39.65 39.6 39.7 0.05848964631
39.75 39.7 39.8 0.06333660359
39.85 39.8 39.9 0.06105519605
39.95 39.9 40 0.05405184777
40.05 40 40.1 0.05983375393
40.15 40.1 40.2 0.05880603052
40.25 40.2 40.3 0.05483001096
40.35 40.3 40.4 0.05557679598
40.45 40.4 40.5 0.05686176193
40.55 40.5 40.6 0.05462803351
40.65 40.6 40.7 0.05437015049
40.75 40.7 40.8 0.05582027291
40.85 40.8 40.9 0.05548549703
40.95 40.9 41 0.04697429775
41.05 41 41.1 0.04985245855
41.15 41.1 41.2 0.04984143178
41.25 41.2 41.3 0.05075289816
41.35 41.3 41.4 0.05036415665
41.45 41.4 41.5 0.05252639787
41.55 41.5 41.6 0.05199264547
41.65 41.6 41.7 0.0542065208
41.75 41.7 41.8 0.05154827229
41.85 41.8 41.9 0.04973651877
41.95 41.9 42 0.05847199165
42.05 42 42.1 0.04822097238
42.15 42.1 42.2 0.0508420304
42.25 42.2 42.3 0.050278316
42.35 42.3 42.4 0.04905377749
42.45 42.4 42.5 0.05036757252
42.55 42.5 42.6 0.04553248182
42.65 42.6 42.7 0.0502445116
42.75 42.7 42.8 0.045723166
42.85 42.8 42.9 0.04882266684
42.95 42.9 43 0.05129489082
43.05 43 43.1 0.0412582935
43.15 43.1 43.2 0.04263083118
43.25 43.2 43.3 0.0487140364
43.35 43.3 43.4 0.04701639186
43.45 43.4 43.5 0.04851193619
43.55 43.5 43.6 0.04255130427
43.65 43.6 43.7 0.04604223155
43.75 43.7 43.8 0.04498296114
43.85 43.8 43.9 0.04270755122
43.95 43.9 44 0.0429686341
44.05 44 44.1 0.04235901634
44.15 44.1 44.2 0.03244384481
44.25 44.2 44.3 0.04405001812
44.35 44.3 44.4 0.04382979231
44.45 44.4 44.5 0.04480267012
44.55 44.5 44.6 0.04627619057
44.65 44.6 44.7 0.03788044481
44.75 44.7 44.8 0.04600943883
44.85 44.8 44.9 0.03919933916
44.95 44.9 45 0.0451439938
45.05 45 45.1 0.03744037075
45.15 45.1 45.2 0.04068136203
45.25 45.2 45.3 0.04099139179
45.35 45.3 45.4 0.0391222389
45.45 45.4 45.5 0.04025901961
45.55 45.5 45.6 0.03741050393
45.65 45.6 45.7 0.04275816125
45.75 45.7 45.8 0.03797746146
45.85 45.8 45.9 0.04215009223
45.95 45.9 46 0.03466463484
46.05 46 46.1 0.03571594689
46.15 46.1 46.2 0.03226596275
46.25 46.2 46.3 0.03383287635
46.35 46.3 46.4 0.03898597779
46.45 46.4 46.5 0.03467275033
46.55 46.5 46.6 0.03699400853
46.65 46.6 46.7 0.03587363301
46.75 46.7 46.8 0.03079014087
46.85 46.8 46.9 0.03201892357
46.95 46.9 47 0.03154709468
47.05 47 47.1 0.03246324346
47.15 47.1 47.2 0.03234510156
47.25 47.2 47.3 0.03502010886
47.35 47.3 47.4 0.02982823947
47.45 47.4 47.5 0.03440901997
47.55 47.5 47.6 0.02949844127
47.65 47.6 47.7 0.03277983361
47.75 47.7 47.8 0.03302512303
47.85 47.8 47.9 0.03265957555
47.95 47.9 48 0.03178573478
48.05 48 48.1 0.03104958836
48.15 48.1 48.2 0.0404034144
48.25 48.2 48.3 0.03619947816
48.35 48.3 48.4 0.03158159798
48.45 48.4 48.5 0.03104500296
48.55 48.5 48.6 0.02889540862
48.65 48.6 48.7 0.03117322299
48.75 48.7 48.8 0.02825663914
48.85 48.8 48.9 0.03499461203
48.95 48.9 49 0.03323026158
49.05 49 49.1 0.0305824358
49.15 49.1 49.2 0.02777503121
49.25 49.2 49.3 0.03058614802
49.35 49.3 49.4 0.02539718783
49.45 49.4 49.5 0.02359797029
49.55 49.5 49.6 0.02377967571
49.65 49.6 49.7 0.02817706927
49.75 49.7 49.8 0.03096986931
49.85 49.8 49.9 0.02724035649
49.95 49.9 50 0.02518679623
50.05 50 50.1 0.02557851599
50.15 50.1 50.2 0.03077264669
50.25 50.2 50.3 0.02997492537
50.35 50.3 50.4 0.03027866683
50.45 50.4 50.5 0.02820370018
50.55 50.5 50.6 0.02354995074
50.65 50.6 50.7 0.02558328366
50.75 50.7 50.8 0.02206224891
50.85 50.8 50.9 0.02265378649
50.95 50.9 51 0.02395018479
51.05 51 51.1 0.02912661489
51.15 51.1 51.2 0.03075357243
51.25 51.2 51.3 0.03038656671
51.35 51.3 51.4 0.02790396319
51.45 51.4 51.5 0.0274676003
51.55 51.5 51.6 0.02486477309
51.65 51.6 51.7 0.02514027575
51.75 51.7 51.8 0.02536139602
51.85 51.8 51.9 0.02340535369
51.95 51.9 52 0.0260189164
52.05 52 52.1 0.02534394906
52.15 52.1 52.2 0.0224417566
52.25 52.2 52.3 0.02616459047
52.35 52.3 52.4 0.02886631383
52.45 52.4 52.5 0.02613163229
52.55 52.5 52.6 0.02488646982
52.65 52.6 52.7 0.02625078404
52.75 52.7 52.8 0.02405489878
52.85 52.8 52.9 0.02197128146
52.95 52.9 53 0.02333510099
53.05 53 53.1 0.02526103596
53.15 53.1 53.2 0.02108662115
53.25 53.2 53.3 0.02459073122
53.35 53.3 53.4 0.02599119622
53.45 53.4 53.5 0.02147078302
53.55 53.5 53.6 0.02478408845
53.65 53.6 53.7 0.02421315901
53.75 53.7 53.8 0.02113286865
53.85 53.8 53.9 0.01987876861
53.95 53.9 54 0.02171656385
54.05 54 54.1 0.02608426717
54.15 54.1 54.2 0.02202131448
54.25 54.2 54.3 0.0200960677
54.35 54.3 54.4 0.02023475503
54.45 54.4 54.5 0.02507038016
54.55 54.5 54.6 0.01990999938
54.65 54.6 54.7 0.02058059525
54.75 54.7 54.8 0.02286975906
54.85 54.8 54.9 0.02608570106
54.95 54.9 55 0.02026336234
55.05 55 55.1 0.02441325924
55.15 55.1 55.2 0.02167220379
55.25 55.2 55.3 0.02104511294
55.35 55.3 55.4 0.01908757291
55.45 55.4 55.5 0.01503409349
55.55 55.5 55.6 0.0215661187
55.65 55.6 55.7 0.02411706265
55.75 55.7 55.8 0.01977959507
55.85 55.8 55.9 0.02375526245
55.95 55.9 56 0.02286431415
56.05 56 56.1 0.01896441427
56.15 56.1 56.2 0.01972487407
56.25 56.2 56.3 0.01716367862
56.35 56.3 56.4 0.01631096684
56.45 56.4 56.5 0.01781847117
56.55 56.5 56.6 0.02076441133
56.65 56.6 56.7 0.0213406011
56.75 56.7 56.8 0.01925987369
56.85 56.8 56.9 0.018465013
56.95 56.9 57 0.01878226441
57.05 57 57.1 0.01822759341
57.15 57.1 57.2 0.01724497885
57.25 57.2 57.3 0.01418341084
57.35 57.3 57.4 0.01767735797
57.45 57.4 57.5 0.01677745419
57.55 57.5 57.6 0.01942196797
57.65 57.6 57.7 0.01179031197
57.75 57.7 57.8 0.0166038131
57.85 57.8 57.9 0.01958327911
57.95 57.9 58 0.01578215363
58.05 58 58.1 0.01432264926
58.15 58.1 58.2 0.01719889169
58.25 58.2 58.3 0.01882512969
58.35 58.3 58.4 0.02218850759
58.45 58.4 58.5 0.01896514657
58.55 58.5 58.6 0.01424347736
58.65 58.6 58.7 0.01539628682
58.75 58.7 58.8 0.01539708922
58.85 58.8 58.9 0.01665830484
58.95 58.9 59 0.01426710081
59.05 59 59.1 0.01790851752
59.15 59.1 59.2 0.01478320861
59.25 59.2 59.3 0.01487187103
59.35 59.3 59.4 0.0129384549
59.45 59.4 59.5 0.01656397001
59.55 59.5 59.6 0.01316553129
59.65 59.6 59.7 0.01314541009
59.75 59.7 59.8 0.01527336993
59.85 59.8 59.9 0.01283717039
59.95 59.9 60 0.01380845757
60.05 60 60.1 0.01413985181
60.15 60.1 60.2 0.01382460966
60.25 60.2 60.3 0.01772123747
60.35 60.3 60.4 0.01516315676
60.45 60.4 60.5 0.01714592541
60.55 60.5 60.6 0.01106962837
60.65 60.6 60.7 0.01614776325
60.75 60.7 60.8 0.01137006927
60.85 60.8 60.9 0.01788541941
60.95 60.9 61 0.01154984785
61.05 61 61.1 0.01458171275
61.15 61.1 61.2 0.01328220063
61.25 61.2 61.3 0.01189964935
61.35 61.3 61.4 0.0130840869
61.45 61.4 61.5 0.01775627524
61.55 61.5 61.6 0.009738242344
61.65 61.6 61.7 0.0118675515
61.75 61.7 61.8 0.01021534909
61.85 61.8 61.9 0.01459947904
61.95 61.9 62 0.01466304991
62.05 62 62.1 0.01120935734
62.15 62.1 62.2 0.01142459766
62.25 62.2 62.3 0.01296466243
62.35 62.3 62.4 0.01226358958
62.45 62.4 62.5 0.01239528221
62.55 62.5 62.6 0.01255756288
62.65 62.6 62.7 0.01503167095
62.75 62.7 62.8 0.01388439819
62.85 62.8 62.9 0.013145095
62.95 62.9 63 0.01162790533
63.05 63 63.1 0.01213322902
63.15 63.1 63.2 0.0134330727
63.25 63.2 63.3 0.011345185
63.35 63.3 63.4 0.01440783299
63.45 63.4 63.5 0.01095782949
63.55 63.5 63.6 0.01382641084
63.65 63.6 63.7 0.01462821024
63.75 63.7 63.8 0.008894946653
63.85 63.8 63.9 0.01028163016
63.95 63.9 64 0.01390189252
64.05 64 64.1 0.004614344611
64.15 64.1 64.2 0.00967933391
64.25 64.2 64.3 0.01368732706
64.35 64.3 64.4 0.009241619654
64.45 64.4 64.5 0.0124553724
64.55 64.5 64.6 0.01071550257
64.65 64.6 64.7 0.008201576732
64.75 64.7 64.8 0.01323941649
64.85 64.8 64.9 0.01140401143
64.95 64.9 65 0.01308642257
65.05 65 65.1 0.01076331552
65.15 65.1 65.2 0.01102767009
65.25 65.2 65.3 0.01183268014
65.35 65.3 65.4 0.009887847543
65.45 65.4 65.5 0.00984343016
65.55 65.5 65.6 0.009247243094
65.65 65.6 65.7 0.008385707379
65.75 65.7 65.8 0.008743146753
65.85 65.8 65.9 0.0114120214
65.95 65.9 66 0.01213045533
66.05 66 66.1 0.007116236344
66.15 66.1 66.2 0.009770336165
66.25 66.2 66.3 0.008967929146
66.35 66.3 66.4 0.006457373295
66.45 66.4 66.5 0.01019240645
66.55 66.5 66.6 0.009361310262
66.65 66.6 66.7 0.01108344066
66.75 66.7 66.8 0.0103173163
66.85 66.8 66.9 0.008722293785
66.95 66.9 67 0.004970710237
67.05 67 67.1 0.01027058569
67.15 67.1 67.2 0.01095627907
67.25 67.2 67.3 0.009225339453
67.35 67.3 67.4 0.008949901981
67.45 67.4 67.5 0.008222220241
67.55 67.5 67.6 0.008440520406
67.65 67.6 67.7 0.01214546948
67.75 67.7 67.8 0.009588156394
67.85 67.8 67.9 0.009680444964
67.95 67.9 68 0.008467577077
68.05 68 68.1 0.008466136409
68.15 68.1 68.2 0.01126456567
68.25 68.2 68.3 0.009767815481
68.35 68.3 68.4 0.009694993728
68.45 68.4 68.5 0.009545552526
68.55 68.5 68.6 0.004300774577
68.65 68.6 68.7 0.009099606577
68.75 68.7 68.8 0.007673892257
68.85 68.8 68.9 0.006698909411
68.95 68.9 69 0.01020232616
69.05 69 69.1 0.007165970117
69.15 69.1 69.2 0.00743281485
69.25 69.2 69.3 0.005775195831
69.35 69.3 69.4 0.005858004631
69.45 69.4 69.5 0.01008372071
69.55 69.5 69.6 0.009733448013
69.65 69.6 69.7 0.008257707187
69.75 69.7 69.8 0.007719047684
69.85 69.8 69.9 0.007669472131
69.95 69.9 70 0.005340692842
70.05 70 70.1 0.009393291671
70.15 70.1 70.2 0.008626123579
70.25 70.2 70.3 0.008572325646
70.35 70.3 70.4 0.009405349833
70.45 70.4 70.5 0.0073562594
70.55 70.5 70.6 0.009460503215
70.65 70.6 70.7 0.007247541098
70.75 70.7 70.8 0.002918469543
70.85 70.8 70.9 0.006371545383
70.95 70.9 71 0.008014525128
71.05 71 71.1 0.006293102098
71.15 71.1 71.2 0.006543707376
71.25 71.2 71.3 0.005465171337
71.35 71.3 71.4 0.007589170789
71.45 71.4 71.5 0.006752653512
71.55 71.5 71.6 0.005999508538
71.65 71.6 71.7 0.006769092304
71.75 71.7 71.8 0.006438728104
71.85 71.8 71.9 0.00680359359
71.95 71.9 72 0.006496099006
72.05 72 72.1 0.007307978414
72.15 72.1 72.2 0.004568859617
72.25 72.2 72.3 0.007829311761
72.35 72.3 72.4 0.008569694331
72.45 72.4 72.5 0.0007274933329
72.55 72.5 72.6 0.006889592165
72.65 72.6 72.7 0.005674906232
72.75 72.7 72.8 0.00676052899
72.85 72.8 72.9 0.006578380965
72.95 72.9 73 0.005552438447
73.05 73 73.1 0.006700364652
73.15 73.1 73.2 0.008570253562
73.25 73.2 73.3 0.004512784916
73.35 73.3 73.4 0.01205605875
73.45 73.4 73.5 0.006080869567
73.55 73.5 73.6 0.005315469417
73.65 73.6 73.7 0.005519600518
73.75 73.7 73.8 0.005039031238
73.85 73.8 73.9 0.002866000514
73.95 73.9 74 0.009843301317
74.05 74 74.1 0.00460526303
74.15 74.1 74.2 0.008793600379
74.25 74.2 74.3 0.003831604198
74.35 74.3 74.4 0.006464090104
74.45 74.4 74.5 0.006988280745
74.55 74.5 74.6 0.007649077985
74.65 74.6 74.7 0.005235004775
74.75 74.7 74.8 0.003338655822
74.85 74.8 74.9 0.006207863349
74.95 74.9 75 0.004634687657
75.05 75 75.1 0.003144821243
75.15 75.1 75.2 0.003121119606
75.25 75.2 75.3 0.004052792743
75.35 75.3 75.4 0.004604503386
75.45 75.4 75.5 0.005664891986
75.55 75.5 75.6 0.005315603976
75.65 75.6 75.7 0.003909606704
75.75 75.7 75.8 0.000592107333
75.85 75.8 75.9 0.001928777687
75.95 75.9 76 0.004466337273
76.05 76 76.1 0.004174655073
76.15 76.1 76.2 0.004509783174
76.25 76.2 76.3 0.003456068177
76.35 76.3 76.4 0.005353370357
76.45 76.4 76.5 0.008220590876
76.55 76.5 76.6 0.003980657514
76.65 76.6 76.7 0.003036599612
76.75 76.7 76.8 0.005883882741
76.85 76.8 76.9 0.001388800276
76.95 76.9 77 0.002448358706
77.05 77 77.1 0.007091278814
77.15 77.1 77.2 -0.0005103014814
77.25 77.2 77.3 0.004852589494
77.35 77.3 77.4 0.003229394203
77.45 77.4 77.5 0.005236481837
77.55 77.5 77.6 0.005348077836
77.65 77.6 77.7 0.004745418112
77.75 77.7 77.8 0.001640063439
77.85 77.8 77.9 0.002620255665
77.95 77.9 78 0.005546399673
78.05 78 78.1 0.001575192138
78.15 78.1 78.2 0.004475943228
78.25 78.2 78.3 0.001765787566
78.35 78.3 78.4 0.005465547422
78.45 78.4 78.5 0.005935886156
78.55 78.5 78.6 0.003261969695
78.65 78.6 78.7 0.004040672992
78.75 78.7 78.8 0.003554288315
78.85 78.8 78.9 0.003526970124
78.95 78.9 79 0.004187050164
79.05 79 79.1 0.004911619788
79.15 79.1 79.2 0.002976337424
79.25 79.2 79.3 0.006389010196
79.35 79.3 79.4 0.005048437188
79.45 79.4 79.5 0.004356825944
79.55 79.5 79.6 0.003451506101
79.65 79.6 79.7 0.005463683983
79.75 79.7 79.8 0.0006742101243
79.85 79.8 79.9 0.0009605806162
79.95 79.9 80 0.004049015648
80.05 80 80.1 0.003273181576
80.15 80.1 80.2 0.002812190433
80.25 80.2 80.3 0.003561661606
80.35 80.3 80.4 0.003019747752
80.45 80.4 80.5 0.005257574944
80.55 80.5 80.6 0.005208326742
80.65 80.6 80.7 0.0002194579246
80.75 80.7 80.8 0.002334665467
80.85 80.8 80.9 -0.0001322109994
80.95 80.9 81 0.002707197472
81.05 81 81.1 0.003473218969
81.15 81.1 81.2 -0.001051671241
81.25 81.2 81.3 0.003656768942
81.35 81.3 81.4 0.00407320282
81.45 81.4 81.5 0.00224747109
81.55 81.5 81.6 0.0007109253103
81.65 81.6 81.7 0.003311266182
81.75 81.7 81.8 0.003502748338
81.85 81.8 81.9 0.001214888699
81.95 81.9 82 0.002894234782
82.05 82 82.1 0.003303465399
82.15 82.1 82.2 -0.0001414531582
82.25 82.2 82.3 -0.001329962136
82.35 82.3 82.4 0.001767106604
82.45 82.4 82.5 0.00384634706
82.55 82.5 82.6 0.003180829385
82.65 82.6 82.7 0.006515437905
82.75 82.7 82.8 0.001863284253
82.85 82.8 82.9 0.004322635882
82.95 82.9 83 0.0001986347042
83.05 83 83.1 0.004613010612
83.15 83.1 83.2 0.002498329201
83.25 83.2 83.3 0.004013502208
83.35 83.3 83.4 0.002995173477
83.45 83.4 83.5 0.0007087167026
83.55 83.5 83.6 0.001599912474
83.65 83.6 83.7 0.002623121581
83.75 83.7 83.8 0.003074057993
83.85 83.8 83.9 0.0006571695976
83.95 83.9 84 0.001019884734
84.05 84 84.1 0.001786856583
84.15 84.1 84.2 0.0009185753047
84.25 84.2 84.3 0.002674656576
84.35 84.3 84.4 0.0008515448099
84.45 84.4 84.5 -0.0002314254297
84.55 84.5 84.6 0.003770872839
84.65 84.6 84.7 0.0005259041714
84.75 84.7 84.8 0.003653719791
84.85 84.8 84.9 0.002615857838
84.95 84.9 85 0.00414797102
85.05 85 85.1 0.004168645514
85.15 85.1 85.2 0.002734417143
85.25 85.2 85.3 0.004656196961
85.35 85.3 85.4 0.003279892192
85.45 85.4 85.5 0.003336662913
85.55 85.5 85.6 0.001010002948
85.65 85.6 85.7 0.003859146933
85.75 85.7 85.8 -0.0007549418984
85.85 85.8 85.9 0.00114086139
85.95 85.9 86 -0.0003881099739
86.05 86 86.1 0.0008366208731
86.15 86.1 86.2 0.00312171991
86.25 86.2 86.3 0.001009697505
86.35 86.3 86.4 0.001199532251
86.45 86.4 86.5 0.00482618117
86.55 86.5 86.6 -0.001027989936
86.65 86.6 86.7 0.003994928731
86.75 86.7 86.8 0.000791262979
86.85 86.8 86.9 -0.0007851446215
86.95 86.9 87 0.001656986247
87.05 87 87.1 -0.001660912529
87.15 87.1 87.2 0.002417506962
87.25 87.2 87.3 0.0007425049775
87.35 87.3 87.4 0.001593334468
87.45 87.4 87.5 0.001940372205
87.55 87.5 87.6 0.001581804127
87.65 87.6 87.7 0.002144018596
87.75 87.7 87.8 0.003750959648
87.85 87.8 87.9 0.003459843151
87.95 87.9 88 0.003378971734
88.05 88 88.1 0.001802556837
88.15 88.1 88.2 0.002682963407
88.25 88.2 88.3 0.002697624244
88.35 88.3 88.4 0.005102759622
88.45 88.4 88.5 0.004622344201
88.55 88.5 88.6 0.002506104169
88.65 88.6 88.7 0.0008553018462
88.75 88.7 88.8 0.005929951333
88.85 88.8 88.9 0.004299183566
88.95 88.9 89 0.002523210513
89.05 89 89.1 0.00373827878
89.15 89.1 89.2 0.002784655708
89.25 89.2 89.3 0.001883636003
89.35 89.3 89.4 -0.0001597370737
89.45 89.4 89.5 0.003610838563
89.55 89.5 89.6 0.003821773283
89.65 89.6 89.7 0.002438081379
89.75 89.7 89.8 0.004416256531
89.85 89.8 89.9 0.003005304554
89.95 89.9 90 0.001849258427
90.05 90 90.1 0.001203609556
90.15 90.1 90.2 0.002968843135
90.25 90.2 90.3 0.006150066126
90.35 90.3 90.4 0.005473742259
90.45 90.4 90.5 0.003099922414
90.55 90.5 90.6 0.003145126082
90.65 90.6 90.7 0.002213717941
90.75 90.7 90.8 0.001826393328
90.85 90.8 90.9 0.000577661283
90.95 90.9 91 0.0003286557082
91.05 91 91.1 0.003451971783
91.15 91.1 91.2 0.002729129122
91.25 91.2 91.3 0.001470083188
91.35 91.3 91.4 0.002259751557
91.45 91.4 91.5 0.001448811094
91.55 91.5 91.6 0.005405144804
91.65 91.6 91.7 0.002726349519
91.75 91.7 91.8 0.001029911838
91.85 91.8 91.9 0.002591618212
91.95 91.9 92 0.002000661254
92.05 92 92.1 0.004227200253
92.15 92.1 92.2 0.001229458168
92.25 92.2 92.3 0.002741098814
92.35 92.3 92.4 0.001556762313
92.45 92.4 92.5 0.0007328503645
92.55 92.5 92.6 0.0008773488956
92.65 92.6 92.7 0.003041933042
92.75 92.7 92.8 0.002158887106
92.85 92.8 92.9 0.00301556496
92.95 92.9 93 -0.001287083766
93.05 93 93.1 -0.0006864794106
93.15 93.1 93.2 0.000718631976
93.25 93.2 93.3 0.001782981392
93.35 93.3 93.4 0.003988499288
93.45 93.4 93.5 0.002147577923
93.55 93.5 93.6 0.00398974388
93.65 93.6 93.7 0.002048347459
93.75 93.7 93.8 0.003613875453
93.85 93.8 93.9 0.004988882593
93.95 93.9 94 0.004123094958
94.05 94 94.1 0.004067850248
94.15 94.1 94.2 0.004692461345
94.25 94.2 94.3 0.002771437931
94.35 94.3 94.4 9.77171859e-05
94.45 94.4 94.5 0.0001796252974
94.55 94.5 94.6 -0.001112262489
94.65 94.6 94.7 0.003978689514
94.75 94.7 94.8 0.004742681175
94.85 94.8 94.9 0.0005302012293
94.95 94.9 95 0.005438275791
95.05 95 95.1 0.001358540104
95.15 95.1 95.2 0.002549143691
95.25 95.2 95.3 0.001981036815
95.35 95.3 95.4 0.004258086495
95.45 95.4 95.5 0.001728544579
95.55 95.5 95.6 -0.0006539461597
95.65 95.6 95.7 0.002119479341
95.75 95.7 95.8 0.00194818406
95.85 95.8 95.9 0.002523758031
95.95 95.9 96 0.002980538537
96.05 96 96.1 0.001583974396
96.15 96.1 96.2 0.001928130586
96.25 96.2 96.3 0.0005723156578
96.35 96.3 96.4 0.001027281313
96.45 96.4 96.5 0.002856786382
96.55 96.5 96.6 0.002126596096
96.65 96.6 96.7 0.001289482586
96.75 96.7 96.8 0.00284793574
96.85 96.8 96.9 0.001342271862
96.95 96.9 97 0.007225587423
97.05 97 97.1 0.001494961055
97.15 97.1 97.2 0.002602867962
97.25 97.2 97.3 0.002612178304
97.35 97.3 97.4 0.002868342352
97.45 97.4 97.5 0.002870247509
97.55 97.5 97.6 0.003129523485
97.65 97.6 97.7 0.003277724318
97.75 97.7 97.8 0.002803234689
97.85 97.8 97.9 0.004332068744
97.95 97.9 98 0.003901191036
98.05 98 98.1 0.001168428241
98.15 98.1 98.2 0.001214156166
98.25 98.2 98.3 0.004870153996
98.35 98.3 98.4 0.0007552242627
98.45 98.4 98.5 0.005297615203
98.55 98.5 98.6 0.001735220878
98.65 98.6 98.7 0.003849790258
98.75 98.7 98.8 0.003901864012
98.85 98.8 98.9 0.0007263323016
98.95 98.9 99 0.002465514543
99.05 99 99.1 0.001349489723
99.15 99.1 99.2 0.002195484007
99.25 99.2 99.3 0.001406765418
99.35 99.3 99.4 0.0002375912924
99.45 99.4 99.5 0.000483516703
99.55 99.5 99.6 0.002370715282
99.65 99.6 99.7 0.001034534545
99.75 99.7 99.8 0.004018330129
99.85 99.8 99.9 -7.174263577e-05
99.95 99.9 100 -0.0002260295653
100.05 100 100.1 0.001077865532
100.15 100.1 100.2 0.001130611611
100.25 100.2 100.3 0.0043324282
100.35 100.3 100.4 0.0034923015
100.45 100.4 100.5 0.0002952180789
100.55 100.5 100.6 0.001685027534
100.65 100.6 100.7 0.004831943181
100.75 100.7 100.8 0.003221710017
100.85 100.8 100.9 0.0003843954083
100.95 100.9 101 0.001761238782
101.05 101 101.1 0.003092049939
101.15 101.1 101.2 0.004005246286
101.25 101.2 101.3 0.001084125666
101.35 101.3 101.4 0.000876407199
101.45 101.4 101.5 0.001965215387
101.55 101.5 101.6 -0.0005803825564
101.65 101.6 101.7 0.003852355478
101.75 101.7 101.8 0.002331551148
101.85 101.8 101.9 0.0006457952132
101.95 101.9 102 0.001941149174
102.05 102 102.1 0.004911723783
102.15 102.1 102.2 0.001894412443
102.25 102.2 102.3 0.003923595873
102.35 102.3 102.4 0.003937232726
102.45 102.4 102.5 0.00118915018
102.55 102.5 102.6 0.001757947922
102.65 102.6 102.7 0.001482416135
102.75 102.7 102.8 0.0009136790387
102.85 102.8 102.9 0.003140345436
102.95 102.9 103 0.001570943872
103.05 103 103.1 -4.497405228e-05
103.15 103.1 103.2 0.00370813522
103.25 103.2 103.3 0.0008648076614
103.35 103.3 103.4 0.00113416882
103.45 103.4 103.5 0.00333464413
103.55 103.5 103.6 0.002028091195
103.65 103.6 103.7 0.002170091386
103.75 103.7 103.8 0.002628109636
103.85 103.8 103.9 0.00262529567
103.95 103.9 104 0.0001463979632
104.05 104 104.1 0.00198817131
104.15 104.1 104.2 0.004129533358
104.25 104.2 104.3 0.001789382218
104.35 104.3 104.4 0.001204829731
104.45 104.4 104.5 0.0008509522701
104.55 104.5 104.6 0.002166271217
104.65 104.6 104.7 0.003004110761
104.75 104.7 104.8 0.001188986626
104.85 104.8 104.9 0.002569226848
104.95 104.9 105 0.004600543906
105.05 105 105.1 0.002921225321
105.15 105.1 105.2 0.003202554598
105.25 105.2 105.3 0.003082818439
105.35 105.3 105.4 0.003762878817
105.45 105.4 105.5 0.003861158437
105.55 105.5 105.6 0.003712483745
105.65 105.6 105.7 0.002796516079
105.75 105.7 105.8 0.002440761898
105.85 105.8 105.9 0.004263242786
105.95 105.9 106 0.005318504582
106.05 106 106.1 0.001938811478
106.15 106.1 106.2 0.002413958336
106.25 106.2 106.3 0.003562769321
106.35 106.3 106.4 0.003996971367
106.45 106.4 106.5 -0.0004893649035
106.55 106.5 106.6 0.004326952078
106.65 106.6 106.7 0.001386815274
106.75 106.7 106.8 0.00216561273
106.85 106.8 106.9 0.001275526546
106.95 106.9 107 0.0008598382524
107.05 107 107.1 0.00375226688
107.15 107.1 107.2 0.004134483022
107.25 107.2 107.3 0.001458193224
107.35 107.3 107.4 0.001071622847
107.45 107.4 107.5 0.0004030631278
107.55 107.5 107.6 0.001858447284
107.65 107.6 107.7 0.0009463914727
107.75 107.7 107.8 0.003352454338
107.85 107.8 107.9 0.002392627171
107.95 107.9 108 0.000678061945
108.05 108 108.1 0.0006874700121
108.15 108.1 108.2 0.001739295458
108.25 108.2 108.3 0.004641864392
108.35 108.3 108.4 6.317198559e-05
108.45 108.4 108.5 0.002802440874
108.55 108.5 108.6 0.002642859529
108.65 108.6 108.7 0.002289675436
108.75 108.7 108.8 0.0001261547098
108.85 108.8 108.9 0.00163584713
108.95 108.9 109 0.002088788005
109.05 109 109.1 0.002701720215
109.15 109.1 109.2 0.0031725889
109.25 109.2 109.3 0.001648228407
109.35 109.3 109.4 0.001767659218
109.45 109.4 109.5 0.001178007899
109.55 109.5 109.6 0.002025918774
109.65 109.6 109.7 0.002930603602
109.75 109.7 109.8 0.001870043449
109.85 109.8 109.9 0.002020212623
109.95 109.9 110 0.00276539674
110.05 110 110.1 0.001805532494
110.15 110.1 110.2 0.003043575842
110.25 110.2 110.3 0.003744438023
110.35 110.3 110.4 0.001843503444
110.45 110.4 110.5 0.001355388175
110.55 110.5 110.6 0.0002169317444
110.65 110.6 110.7 0.001978668396
110.75 110.7 110.8 0.001616709576
110.85 110.8 110.9 0.002760971794
110.95 110.9 111 0.001632631392
111.05 111 111.1 0.001890315949
111.15 111.1 111.2 0.002694704411
111.25 111.2 111.3 0.002619626657
111.35 111.3 111.4 0.002971205025
111.45 111.4 111.5 0.001872049929
111.55 111.5 111.6 0.002278203166
111.65 111.6 111.7 -0.0003935394692
111.75 111.7 111.8 0.002380304446
111.85 111.8 111.9 0.004443913785
111.95 111.9 112 0.00105740291
112.05 112 112.1 0.0004224674339
112.15 112.1 112.2 0.001237084046
112.25 112.2 112.3 0.000452824516
112.35 112.3 112.4 0.001916134396
112.45 112.4 112.5 0.002477511761
112.55 112.5 112.6 0.002121927151
112.65 112.6 112.7 0.001270927365
112.75 112.7 112.8 0.002521484001
112.85 112.8 112.9 0.001746535089
112.95 112.9 113 -0.00103642121
113.05 113 113.1 0.00107601236
113.15 113.1 113.2 0.002445269906
113.25 113.2 113.3 0.001665163079
113.35 113.3 113.4 0.004030974095
113.45 113.4 113.5 0.001816551493
113.55 113.5 113.6 0.002903893999
113.65 113.6 113.7 0.001494602354
113.75 113.7 113.8 0.001038660856
113.85 113.8 113.9 0.00102027218
113.95 113.9 114 -0.000203611378
114.05 114 114.1 0.0009734569212
114.15 114.1 114.2 0.001334176365
114.25 114.2 114.3 0.001113729939
114.35 114.3 114.4 0.002733352764
114.45 114.4 114.5 0.003719827206
114.55 114.5 114.6 0.0004357491279
114.65 114.6 114.7 -2.993917755e-05
114.75 114.7 114.8 0.003148993778
114.85 114.8 114.9 0.0008614169543
114.95 114.9 115 0.0003644520164
115.05 115 115.1 0.00187443066
115.15 115.1 115.2 0.003548741827
115.25 115.2 115.3 0.001168457951
115.35 115.3 115.4 0.001987728084
115.45 115.4 115.5 -0.0006104855815
115.55 115.5 115.6 0.0008669042191
115.65 115.6 115.7 0.0005325508201
115.75 115.7 115.8 0.0003803283078
115.85 115.8 115.9 -0.0009420383697
115.95 115.9 116 -0.001337287169
116.05 116 116.1 0.0004641154403
116.15 116.1 116.2 0.001047258231
116.25 116.2 116.3 0.0001834368812
116.35 116.3 116.4 0.0004435117196
116.45 116.4 116.5 0.001666100434
116.55 116.5 116.6 0.001684097508
116.65 116.6 116.7 0.0008809872652
116.75 116.7 116.8 0.001909649133
116.85 116.8 116.9 0.0001688159558
116.95 116.9 117 0.002332376066
117.05 117 117.1 -0.000733990721
117.15 117.1 117.2 0.0009241343368
117.25 117.2 117.3 0.0009453852923
117.35 117.3 117.4 0.0005240783835
117.45 117.4 117.5 -0.0003748730723
117.55 117.5 117.6 0.001817878247
117.65 117.6 117.7 -0.0007888827904
117.75 117.7 117.8 0.002224655432
117.85 117.8 117.9 -0.0008902497287
117.95 117.9 118 0.000862421054
118.05 118 118.1 0.003778440062
118.15 118.1 118.2 0.0008784421563
118.25 118.2 118.3 -0.0003028126882
118.35 118.3 118.4 0.002351015101
118.45 118.4 118.5 -0.001444620739
118.55 118.5 118.6 0.0007989498251
118.65 118.6 118.7 0.0003708074485
118.75 118.7 118.8 -0.00032244288
118.85 118.8 118.9 0.0005689675821
118.95 118.9 119 -0.001707269939
119.05 119 119.1 0.0009469629347
119.15 119.1 119.2 0.0003667729429
119.25 119.2 119.3 -0.001340266092
119.35 119.3 119.4 0.001323108343
119.45 119.4 119.5 -0.002610817727
119.55 119.5 119.6 -0.000446659581
119.65 119.6 119.7 -0.001700283446
119.75 119.7 119.8 -0.0007348403975
119.85 119.8 119.9 0.001933273776
119.95 119.9 120 0.0005112672694
120.05 120 120.1 0.001414424563
120.15 120.1 120.2 -6.964477667e-05
120.25 120.2 120.3 -0.0003077558801
120.35 120.3 120.4 -0.0004813394315
120.45 120.4 120.5 0.0003292098049
120.55 120.5 120.6 -3.622930096e-06
120.65 120.6 120.7 -0.0009817660149
120.75 120.7 120.8 -0.00074587961
120.85 120.8 120.9 -0.002220701435
120.95 120.9 121 0.0005407500039
121.05 121 121.1 0.0001264581535
121.15 121.1 121.2 -0.003010064117
121.25 121.2 121.3 0.0006648451071
121.35 121.3 121.4 -0.0001651301917
121.45 121.4 121.5 -0.0008106485019
121.55 121.5 121.6 0.001174044749
121.65 121.6 121.7 -0.0004505071573
121.75 121.7 121.8 -0.002445153594
121.85 121.8 121.9 0.0002424254621
121.95 121.9 122 -0.001308932785
122.05 122 122.1 -0.002081887528
122.15 122.1 122.2 0.0005200087373
122.25 122.2 122.3 0.0009757587909
122.35 122.3 122.4 0.0005438354357
122.45 122.4 122.5 0.0008571196826
122.55 122.5 122.6 0.0008050338024
122.65 122.6 122.7 -0.001017299795
122.75 122.7 122.8 0.001095233674
122.85 122.8 122.9 -0.0004740907584
122.95 122.9 123 0.0002445365479
123.05 123 123.1 0.0005984012646
123.15 123.1 123.2 -0.002285977942
123.25 123.2 123.3 -0.0002267083381
123.35 123.3 123.4 -0.001588079103
123.45 123.4 123.5 0.0006219459603
123.55 123.5 123.6 -0.001301668197
123.65 123.6 123.7 -0.002745856363
123.75 123.7 123.8 -0.0007272729171
123.85 123.8 123.9 0.0004489724712
123.95 123.9 124 -0.0007401840728
124.05 124 124.1 0.0003422463934
124.15 124.1 124.2 -0.001644276419
124.25 124.2 124.3 -0.001538391417
124.35 124.3 124.4 0.00181561339
124.45 124.4 124.5 -0.0005522389439
124.55 124.5 124.6 -0.0005445112364
124.65 124.6 124.7 -0.0009954521159
124.75 124.7 124.8 0.0006116175071
124.85 124.8 124.9 0.0002073350759
124.95 124.9 125 -2.303501215e-05
125.05 125 125.1 0.0008762904849
125.15 125.1 125.2 -0.0001012832767
125.25 125.2 125.3 -0.0004452120181
125.35 125.3 125.4 -0.000667149223
125.45 125.4 125.5 0.0002752738515
125.55 125.5 125.6 -0.0009843196849
125.65 125.6 125.7 -0.000645041297
125.75 125.7 125.8 0.0008047666944
125.85 125.8 125.9 -0.0006071295943
125.95 125.9 126 0.001811482125
126.05 126 126.1 -0.0007891698751
126.15 126.1 126.2 -0.0004145452301
126.25 126.2 126.3 -0.0007233103908
126.35 126.3 126.4 0.00128124772
126.45 126.4 126.5 0.001690448443
126.55 126.5 126.6 -0.0002710595661
126.65 126.6 126.7 -0.0008928110844
126.75 126.7 126.8 -0.001372301342
126.85 126.8 126.9 -0.0007761377337
126.95 126.9 127 -0.00134061344
127.05 127 127.1 0.002893772361
127.15 127.1 127.2 -0.0001373038369
127.25 127.2 127.3 -0.000789936725
127.35 127.3 127.4 -0.001044240889
127.45 127.4 127.5 -0.001535147957
127.55 127.5 127.6 9.319260632e-05
127.65 127.6 127.7 -0.0005135740471
127.75 127.7 127.8 -0.00138997036
127.85 127.8 127.9 0.001129097182
127.95 127.9 128 -0.001156397699
128.05 128 128.1 0.0003088002573
128.15 128.1 128.2 -0.0007440014588
128.25 128.2 128.3 -0.0008409346815
128.35 128.3 128.4 -0.002474601309
128.45 128.4 128.5 -0.0008438943562
128.55 128.5 128.6 -0.0006502856461
128.65 128.6 128.7 -0.002178776387
128.75 128.7 128.8 -0.001966274997
128.85 128.8 128.9 -0.0009557402237
128.95 128.9 129 -0.001421181424
129.05 129 129.1 -0.002446374679
129.15 129.1 129.2 -0.0001645949308
129.25 129.2 129.3 -0.0008522882964
129.35 129.3 129.4 -0.001041419559
129.45 129.4 129.5 -0.001287933046
129.55 129.5 129.6 -0.00186029077
129.65 129.6 129.7 -0.002632431082
129.75 129.7 129.8 8.763632029e-05
129.85 129.8 129.9 -0.001496629148
129.95 129.9 130 -0.001998057292
130.05 130 130.1 -0.0005663858252
130.15 130.1 130.2 -0.001699206892
130.25 130.2 130.3 -6.212221199e-05
130.35 130.3 130.4 0.0002809349304
130.45 130.4 130.5 -0.002879170698
130.55 130.5 130.6 -0.001609630435
130.65 130.6 130.7 -0.0007028622556
130.75 130.7 130.8 -0.0004627418678
130.85 130.8 130.9 0.0002564678873
130.95 130.9 131 0.0006040745706
131.05 131 131.1 0.001281509864
131.15 131.1 131.2 -0.0008311388592
131.25 131.2 131.3 -0.001589310917
131.35 131.3 131.4 -0.002222358638
131.45 131.4 131.5 0.0002302055847
131.55 131.5 131.6 -0.001383969014
131.65 131.6 131.7 0.001019023334
131.75 131.7 131.8 -0.001659280212
131.85 131.8 131.9 -0.001755175874
131.95 131.9 132 -0.0003251897282
132.05 132 132.1 -0.0006122332678
132.15 132.1 132.2 -0.001041637393
132.25 132.2 132.3 -0.002870072081
132.35 132.3 132.4 0.001742959545
132.45 132.4 132.5 -0.0012713227
132.55 132.5 132.6 -0.001525679665
132.65 132.6 132.7 -0.001642348758
132.75 132.7 132.8 -0.001066646333
132.85 132.8 132.9 -0.00221806087
132.95 132.9 133 -0.001786900541
133.05 133 133.1 -0.002551585359
133.15 133.1 133.2 -0.001823467748
133.25 133.2 133.3 -0.0002396533456
133.35 133.3 133.4 -0.0008310975754
133.45 133.4 133.5 -0.001329445186
133.55 133.5 133.6 -0.001271960769
133.65 133.6 133.7 -4.004091198e-05
133.75 133.7 133.8 -0.000522925504
133.85 133.8 133.9 -0.002369588616
133.95 133.9 134 -0.002860951041
134.05 134 134.1 -0.0002480357574
134.15 134.1 134.2 -0.001831280098
134.25 134.2 134.3 0.001070754746
134.35 134.3 134.4 -0.001704682435
134.45 134.4 134.5 -0.00229952045
134.55 134.5 134.6 -0.002927450749
134.65 134.6 134.7 -0.0004613267468
134.75 134.7 134.8 -0.002132940177
134.85 134.8 134.9 -0.001815153368
134.95 134.9 135 0.0004868330376
135.05 135 135.1 0.0002906229092
135.15 135.1 135.2 -0.002485635668
135.25 135.2 135.3 -0.001058883379
135.35 135.3 135.4 -0.0021052737
135.45 135.4 135.5 -0.0008881695358
135.55 135.5 135.6 -0.001078529537
135.65 135.6 135.7 0.002098909737
135.75 135.7 135.8 -0.001710277773
135.85 135.8 135.9 -0.001847975618
135.95 135.9 136 0.0008668800963
136.05 136 136.1 -0.00364489413
136.15 136.1 136.2 -0.001917316944
136.25 136.2 136.3 -0.002038665977
136.35 136.3 136.4 -0.001771144539
136.45 136.4 136.5 -0.002505750257
136.55 136.5 136.6 -0.0006931678943
136.65 136.6 136.7 -0.001288845767
136.75 136.7 136.8 -0.0003218765458
136.85 136.8 136.9 -0.002596048634
136.95 136.9 137 -0.0005540381428
137.05 137 137.1 -0.001676193635
137.15 137.1 137.2 -0.0009810142482
137.25 137.2 137.3 -0.0005357679941
137.35 137.3 137.4 -0.002557828424
137.45 137.4 137.5 -0.001443484612
137.55 137.5 137.6 3.037061993e-05
137.65 137.6 137.7 -0.001849464388
137.75 137.7 137.8 -0.002743534545
137.85 137.8 137.9 -0.002019559532
137.95 137.9 138 -0.0009684222783
138.05 138 138.1 -0.001306639834
138.15 138.1 138.2 -0.001996380643
138.25 138.2 138.3 -0.002853315095
138.35 138.3 138.4 -0.001080488628
138.45 138.4 138.5 -0.001866979693
138.55 138.5 138.6 -0.001987738858
138.65 138.6 138.7 -0.001297904886
138.75 138.7 138.8 -0.001255936631
138.85 138.8 138.9 -0.001895603897
138.95 138.9 139 -0.002235206963
139.05 139 139.1 -0.0009689109126
139.15 139.1 139.2 -0.0005526437286
139.25 139.2 139.3 -0.0002674256803
139.35 139.3 139.4 -0.0008640976219
139.45 139.4 139.5 -0.002421709096
139.55 139.5 139.6 -0.0002658252445
139.65 139.6 139.7 -0.0005001316703
139.75 139.7 139.8 -0.001098969314
139.85 139.8 139.9 -0.0004137568365
139.95 139.9 140 -0.00274894672
140.05 140 140.1 -0.001880471483
140.15 140.1 140.2 0.0004945282786
140.25 140.2 140.3 -0.0003504967809
140.35 140.3 140.4 -0.0002783883348
140.45 140.4 140.5 -0.001921744293
140.55 140.5 140.6 -0.0006376773019
140.65 140.6 140.7 -2.757052692e-06
140.75 140.7 140.8 -0.000965027156
140.85 140.8 140.9 -8.135695857e-05
140.95 140.9 141 -0.003124913993
141.05 141 141.1 -0.001065516641
141.15 141.1 141.2 -0.001829728769
141.25 141.2 141.3 -0.001236467716
141.35 141.3 141.4 -0.0007856227784
141.45 141.4 141.5 -0.0003528456785
141.55 141.5 141.6 -0.001395338095
141.65 141.6 141.7 -0.0007444414018
141.75 141.7 141.8 -0.0009160617695
141.85 141.8 141.9 -0.001764761214
141.95 141.9 142 -0.0008367840597
142.05 142 142.1 -0.001806388147
142.15 142.1 142.2 -0.001927678421
142.25 142.2 142.3 -0.001323099461
142.35 142.3 142.4 -0.002590840388
142.45 142.4 142.5 -0.001536224787
142.55 142.5 142.6 -0.002598577767
142.65 142.6 142.7 -4.151978706e-05
142.75 142.7 142.8 -0.001362396939
142.85 142.8 142.9 -0.001015164185
142.95 142.9 143 -0.002515233184
143.05 143 143.1 -0.001410313896
143.15 143.1 143.2 -0.002398087745
143.25 143.2 143.3 -0.0005364873071
143.35 143.3 143.4 -0.001797531715
143.45 143.4 143.5 -0.0002202741726
143.55 143.5 143.6 -0.001777440378
143.65 143.6 143.7 -0.0003263824142
143.75 143.7 143.8 -0.002396798755
143.85 143.8 143.9 -0.001887383042
143.95 143.9 144 -0.002330417461
144.05 144 144.1 -0.00216482172
144.15 144.1 144.2 -0.001529180173
144.25 144.2 144.3 -0.0031779215
144.35 144.3 144.4 -0.002084051682
144.45 144.4 144.5 -0.001445059476
144.55 144.5 144.6 -0.002626704123
144.65 144.6 144.7 -0.001475014057
144.75 144.7 144.8 -0.0009062750534
144.85 144.8 144.9 -0.001403300876
144.95 144.9 145 -0.0007710383623
145.05 145 145.1 -0.001693476367
145.15 145.1 145.2 -0.003052038704
145.25 145.2 145.3 -0.002304414474
145.35 145.3 145.4 -0.00144590244
145.45 145.4 145.5 -0.002273270001
145.55 145.5 145.6 -0.0004044711686
145.65 145.6 145.7 -0.001810627629
145.75 145.7 145.8 -0.001615762653
145.85 145.8 145.9 -0.0001634376686
145.95 145.9 146 -0.002153163776
146.05 146 146.1 -0.002298978172
146.15 146.1 146.2 0.0001808150748
146.25 146.2 146.3 -0.001815577506
146.35 146.3 146.4 -0.0009925243018
146.45 146.4 146.5 -0.00149630702
146.55 146.5 146.6 -0.001505060221
146.65 146.6 146.7 -0.0002463020747
146.75 146.7 146.8 0.0002299029787
146.85 146.8 146.9 -0.0005744516875
146.95 146.9 147 -0.001023502808
147.05 147 147.1 -0.001158420783
147.15 147.1 147.2 -0.001916609146
147.25 147.2 147.3 -0.002623523882
147.35 147.3 147.4 -0.001905816806
147.45 147.4 147.5 0.000216884154
147.55 147.5 147.6 -0.001012085055
147.65 147.6 147.7 -0.002497457754
147.75 147.7 147.8 -0.002710935346
147.85 147.8 147.9 -0.001344336366
147.95 147.9 148 -0.002276113305
148.05 148 148.1 -0.002987545477
148.15 148.1 148.2 -0.001358553508
148.25 148.2 148.3 -0.002992364646
148.35 148.3 148.4 -0.00052982474
148.45 148.4 148.5 -0.001437319309
148.55 148.5 148.6 -0.002826070777
148.65 148.6 148.7 -0.001269375184
148.75 148.7 148.8 -0.002466376514
148.85 148.8 148.9 -0.0007170515675
148.95 148.9 149 -0.001278364018
149.05 149 149.1 -0.001038016202
149.15 149.1 149.2 -0.002441022761
149.25 149.2 149.3 -0.00174821093
149.35 149.3 149.4 -0.0009853202425
149.45 149.4 149.5 -0.0009888443713
149.55 149.5 149.6 -0.002389452094
149.65 149.6 149.7 -0.0006188581189
149.75 149.7 149.8 -0.002673329886
149.85 149.8 149.9 -0.002531925887
149.95 149.9 150 -0.003395893495
150.05 150 150.1 -0.0003196211423
150.15 150.1 150.2 -0.0003943098456
150.25 150.2 150.3 -0.00287583499
150.35 150.3 150.4 -0.002049391124
150.45 150.4 150.5 -0.0006393028004
150.55 150.5 150.6 -0.0006509252285
150.65 150.6 150.7 -0.001629211059
150.75 150.7 150.8 -0.002932485398
150.85 150.8 150.9 -0.001399549328
150.95 150.9 151 -0.001367538522
151.05 151 151.1 -0.002594515543
151.15 151.1 151.2 -0.001025206081
151.25 151.2 151.3 -0.002271525146
151.35 151.3 151.4 -0.0005811217708
151.45 151.4 151.5 -0.001341650172
151.55 151.5 151.6 -0.001914469534
151.65 151.6 151.7 -0.004585409009
151.75 151.7 151.8 -0.001364177085
151.85 151.8 151.9 -0.0007204054268
151.95 151.9 152 -0.001919103936
152.05 152 152.1 -0.001369767177
152.15 152.1 152.2 -0.00113922553
152.25 152.2 152.3 -0.002807877099
152.35 152.3 152.4 -0.00352801799
152.45 152.4 152.5 -0.001575394352
152.55 152.5 152.6 -0.00371091749
152.65 152.6 152.7 -0.002727089029
152.75 152.7 152.8 -0.003354109706
152.85 152.8 152.9 -0.0009947475951
152.95 152.9 153 -0.002023756144
153.05 153 153.1 -0.002614500597
153.15 153.1 153.2 -0.003146759239
153.25 153.2 153.3 -0.002885444025
153.35 153.3 153.4 -0.002143978264
153.45 153.4 153.5 -0.001352739078
153.55 153.5 153.6 -0.003139688515
153.65 153.6 153.7 -0.002099094763
153.75 153.7 153.8 -0.001246401749
153.85 153.8 153.9 -0.002231689535
153.95 153.9 154 0.0001571965896
154.05 154 154.1 -0.002982870267
154.15 154.1 154.2 -0.002684045411
154.25 154.2 154.3 -0.002391536669
154.35 154.3 154.4 -0.002507526419
154.45 154.4 154.5 -0.002813290375
154.55 154.5 154.6 -0.001503066364
154.65 154.6 154.7 -0.003540453794
154.75 154.7 154.8 -0.003756871932
154.85 154.8 154.9 -0.001870964333
154.95 154.9 155 -0.001138998468
155.05 155 155.1 -0.002241629451
155.15 155.1 155.2 -0.003788671038
155.25 155.2 155.3 -0.00120572413
155.35 155.3 155.4 -0.002615232466
155.45 155.4 155.5 -0.002311570855
155.55 155.5 155.6 -0.001993551907
155.65 155.6 155.7 -0.0002638508396
155.75 155.7 155.8 -0.0007869115323
155.85 155.8 155.9 -0.002535656747
155.95 155.9 156 -0.002683879159
156.05 156 156.1 -0.0007106158496
156.15 156.1 156.2 -0.003696279254
156.25 156.2 156.3 -0.001410536348
156.35 156.3 156.4 -0.00200828068
156.45 156.4 156.5 -0.001170924062
156.55 156.5 156.6 -0.001480371937
156.65 156.6 156.7 -0.001937356556
156.75 156.7 156.8 -0.001722189716
156.85 156.8 156.9 -0.001900557678
156.95 156.9 157 -0.002604018661
157.05 157 157.1 -0.0006425799286
157.15 157.1 157.2 -0.001248600281
157.25 157.2 157.3 -0.002480757828
157.35 157.3 157.4 -0.001430899416
157.45 157.4 157.5 -0.0008110554159
157.55 157.5 157.6 -0.000997241469
157.65 157.6 157.7 -0.001890520217
157.75 157.7 157.8 -0.002904796124
157.85 157.8 157.9 -0.002982938608
157.95 157.9 158 -0.001395783522
158.05 158 158.1 -0.001209164299
158.15 158.1 158.2 -0.001252920412
158.25 158.2 158.3 -0.001567032118
158.35 158.3 158.4 -0.00145546703
158.45 158.4 158.5 -0.002906023181
158.55 158.5 158.6 -0.001124842382
158.65 158.6 158.7 -0.002780064766
158.75 158.7 158.8 -0.001172212086
158.85 158.8 158.9 -0.001317939119
158.95 158.9 159 -0.001514343337
159.05 159 159.1 -0.003990389168
159.15 159.1 159.2 -0.002924024101
159.25 159.2 159.3 -0.001868376134
159.35 159.3 159.4 -0.0003798222145
159.45 159.4 159.5 -0.0002550254705
159.55 159.5 159.6 -0.001573859102
159.65 159.6 159.7 -0.0004963699942
159.75 159.7 159.8 -0.0009041120518
159.85 159.8 159.9 -0.001526243039
159.95 159.9 160 -0.003291445347
160.05 160 160.1 -0.003019148627
160.15 160.1 160.2 -0.002371224663
160.25 160.2 160.3 -0.001115049255
160.35 160.3 160.4 -0.0009019024124
160.45 160.4 160.5 -0.002031322882
160.55 160.5 160.6 -0.002013705614
160.65 160.6 160.7 -0.00183260388
160.75 160.7 160.8 -0.0004335434079
160.85 160.8 160.9 -0.001604380355
160.95 160.9 161 -0.001472738774
161.05 161 161.1 -0.001894850592
161.15 161.1 161.2 -0.001006881923
161.25 161.2 161.3 -0.002531882087
161.35 161.3 161.4 -0.001278930544
161.45 161.4 161.5 -0.001008042837
161.55 161.5 161.6 -0.0008364197208
161.65 161.6 161.7 -0.0003452592782
161.75 161.7 161.8 -0.003700013542
161.85 161.8 161.9 -0.001208255835
161.95 161.9 162 -0.0009895347354
162.05 162 162.1 -0.001740258254
162.15 162.1 162.2 -0.001719550833
162.25 162.2 162.3 -0.001024562289
162.35 162.3 162.4 -0.001349783646
162.45 162.4 162.5 -0.002820140463
162.55 162.5 162.6 -0.00193035542
162.65 162.6 162.7 -0.0009137500643
162.75 162.7 162.8 -0.001313326924
162.85 162.8 162.9 -0.001163192822
162.95 162.9 163 -0.001407155083
163.05 163 163.1 -0.002352563799
163.15 163.1 163.2 -0.000157742059
163.25 163.2 163.3 -0.001520212459
163.35 163.3 163.4 -0.002094903005
163.45 163.4 163.5 -0.001187208095
163.55 163.5 163.6 -0.00236891023
163.65 163.6 163.7 -0.00119606904
163.75 163.7 163.8 -0.001602929617
163.85 163.8 163.9 -0.0003198471888
163.95 163.9 164 -0.001789334703
164.05 164 164.1 -0.0015688356
164.15 164.1 164.2 -0.0005647843023
164.25 164.2 164.3 -0.0027582664
164.35 164.3 164.4 -0.001532689797
164.45 164.4 164.5 -0.002237110465
164.55 164.5 164.6 -0.0020006198
164.65 164.6 164.7 -0.0004706480142
164.75 164.7 164.8 -0.001502976107
164.85 164.8 164.9 -0.0006587545944
164.95 164.9 165 -0.001229783059
165.05 165 165.1 -0.001313170645
165.15 165.1 165.2 -0.001831034447
165.25 165.2 165.3 -0.0009330667634
165.35 165.3 165.4 -0.0009417995071
165.45 165.4 165.5 -0.001663540154
165.55 165.5 165.6 -0.0007820050404
165.65 165.6 165.7 0.0001896554214
165.75 165.7 165.8 -0.001551711922
165.85 165.8 165.9 -0.001761227259
165.95 165.9 166 -0.0007747546703
166.05 166 166.1 -0.0005061277865
166.15 166.1 166.2 -0.0001322460068
166.25 166.2 166.3 -0.0003736066904
166.35 166.3 166.4 -0.00200830638
166.45 166.4 166.5 -0.0001696281753
166.55 166.5 166.6 -0.002290804361
166.65 166.6 166.7 -0.0009382258603
166.75 166.7 166.8 -0.0008778529001
166.85 166.8 166.9 -0.001558427657
166.95 166.9 167 -7.815048251e-05
167.05 167 167.1 0.00020473251
167.15 167.1 167.2 -0.002125960873
167.25 167.2 167.3 -0.003093159057
167.35 167.3 167.4 -0.0005592121676
167.45 167.4 167.5 -0.0001757445372
167.55 167.5 167.6 -0.001675792664
167.65 167.6 167.7 0.0007042607833
167.75 167.7 167.8 -0.002083036377
167.85 167.8 167.9 -0.0006083876319
167.95 167.9 168 -0.001302169958
168.05 168 168.1 0.0005548590609
168.15 168.1 168.2 -0.0005570166762
168.25 168.2 168.3 -0.0007660787238
168.35 168.3 168.4 -0.002137812445
168.45 168.4 168.5 -0.0001145488516
168.55 168.5 168.6 -0.0001425920403
168.65 168.6 168.7 -0.0006201115712
168.75 168.7 168.8 -0.0007547215963
168.85 168.8 168.9 -0.0006668129489
168.95 168.9 169 0.0002006617341
169.05 169 169.1 0.001097996373
169.15 169.1 169.2 3.661794613e-05
169.25 169.2 169.3 0.000418548174
169.35 169.3 169.4 -0.001245311773
169.45 169.4 169.5 -0.00152538523
169.55 169.5 169.6 -0.0007150180928
169.65 169.6 169.7 -0.0008803723067
169.75 169.7 169.8 -0.001209124009
169.85 169.8 169.9 -0.0002709102589
169.95 169.9 170 -0.0001394573664
170.05 170 170.1 -0.0002894822552
170.15 170.1 170.2 -0.000574507934
170.25 170.2 170.3 -0.001787186683
170.35 170.3 170.4 -0.0002407553046
170.45 170.4 170.5 -0.0008165692578
170.55 170.5 170.6 -0.0006317047129
170.65 170.6 170.7 -0.0004439597342
170.75 170.7 170.8 -0.0002616522845
170.85 170.8 170.9 -0.0009607084187
170.95 170.9 171 0.001093692794
171.05 171 171.1 -0.0007169744408
171.15 171.1 171.2 0.0001061680708
171.25 171.2 171.3 -0.00115422988
171.35 171.3 171.4 -0.0002097095562
171.45 171.4 171.5 -0.0002138946617
171.55 171.5 171.6 -0.001605940071
171.65 171.6 171.7 -0.000426988137
171.75 171.7 171.8 0.001875331125
171.85 171.8 171.9 -0.001003746859
171.95 171.9 172 -0.000738170801
172.05 172 172.1 -0.00223594116
172.15 172.1 172.2 -0.001506485523
172.25 172.2 172.3 -0.0009119426237
172.35 172.3 172.4 -0.000590960219
172.45 172.4 172.5 -0.0008902205923
172.55 172.5 172.6 -0.0004435838522
172.65 172.6 172.7 -0.0006080285566
172.75 172.7 172.8 -0.0004345506442
172.85 172.8 172.9 -0.0008234287487
172.95 172.9 173 -0.0007303519514
173.05 173 173.1 -0.001566951449
173.15 173.1 173.2 -0.001168136515
173.25 173.2 173.3 -0.0008099279677
173.35 173.3 173.4 0.0009062231907
173.45 173.4 173.5 -0.0006782924888
173.55 173.5 173.6 -0.001205782411
173.65 173.6 173.7 -0.0006492520744
173.75 173.7 173.8 0.0007291894701
173.85 173.8 173.9 0.001348345385
173.95 173.9 174 -0.001011282751
174.05 174 174.1 -0.00110915548
174.15 174.1 174.2 -0.002120187378
174.25 174.2 174.3 0.001711258507
174.35 174.3 174.4 -0.0002621973333
174.45 174.4 174.5 0.0003201151379
174.55 174.5 174.6 -0.001419286897
174.65 174.6 174.7 -0.0006668806612
174.75 174.7 174.8 -0.001037515329
174.85 174.8 174.9 -0.0001416067602
174.95 174.9 175 -0.002374747805
175.05 175 175.1 -0.0006622995071
175.15 175.1 175.2 0.0003669736266
175.25 175.2 175.3 -0.001033140033
175.35 175.3 175.4 0.001200505827
175.45 175.4 175.5 -0.0002276948425
175.55 175.5 175.6 0.0005904357685
175.65 175.6 175.7 -0.0006658266833
175.75 175.7 175.8 -0.0006876131809
175.85 175.8 175.9 0.00149030849
175.95 175.9 176 -0.0007048846909
176.05 176 176.1 -0.0008855471196
176.15 176.1 176.2 -0.002583745811
176.25 176.2 176.3 7.286013492e-05
176.35 176.3 176.4 0.0006265231627
176.45 176.4 176.5 -0.001160790297
176.55 176.5 176.6 -0.0005865406183
176.65 176.6 176.7 -0.0003780242672
176.75 176.7 176.8 -0.001329583061
176.85 176.8 176.9 -0.0004435934273
176.95 176.9 177 0.0001474721951
177.05 177 177.1 -0.0005635543416
177.15 177.1 177.2 -0.0009854293261
177.25 177.2 177.3 0.0004817066606
177.35 177.3 177.4 0.0003756459209
177.45 177.4 177.5 0.0005984877198
177.55 177.5 177.6 0.0003821242826
177.65 177.6 177.7 -0.001023769706
177.75 177.7 177.8 -0.0001835217623
177.85 177.8 177.9 0.001027049924
177.95 177.9 178 -0.000267748753
178.05 178 178.1 1.646053134e-05
178.15 178.1 178.2 -0.000896532574
178.25 178.2 178.3 0.0005294615834
178.35 178.3 178.4 0.0007553957432
178.45 178.4 178.5 -0.0009395716922
178.55 178.5 178.6 -0.0001236066706
178.65 178.6 178.7 0.0002731773843
178.75 178.7 178.8 2.183510227e-05
178.85 178.8 178.9 9.645649145e-05
178.95 178.9 179 -0.0006061735497
179.05 179 179.1 -0.0002193930263
179.15 179.1 179.2 -0.0007252275538
179.25 179.2 179.3 -0.0003718116664
179.35 179.3 179.4 0.001095297297
179.45 179.4 179.5 0.001555378533
179.55 179.5 179.6 0.0002593083419
179.65 179.6 179.7 -0.0006135685311
179.75 179.7 179.8 0.0003845112877
179.85 179.8 179.9 8.433781762e-05
179.95 179.9 180 0.0004115575864
180.05 180 180.1 0.001286878765
180.15 180.1 180.2 -0.001196219914
180.25 180.2 180.3 0.001335327217
180.35 180.3 180.4 -0.000865759503
180.45 180.4 180.5 0.0003335001777
180.55 180.5 180.6 -0.001130842407
180.65 180.6 180.7 0.0009640954576
180.75 180.7 180.8 -0.0001396198047
180.85 180.8 180.9 0.0006235933657
180.95 180.9 181 9.821469309e-05
181.05 181 181.1 -0.0003255598754
181.15 181.1 181.2 8.421556745e-05
181.25 181.2 181.3 -9.315145627e-05
181.35 181.3 181.4 -0.001089511134
181.45 181.4 181.5 0.001916814442
181.55 181.5 181.6 0.001143430832
181.65 181.6 181.7 -9.529661463e-05
181.75 181.7 181.8 0.001470353755
181.85 181.8 181.9 0.0002236140176
181.95 181.9 182 -0.0004019882576
182.05 182 182.1 0.0004455510871
182.15 182.1 182.2 0.001525269549
182.25 182.2 182.3 0.001469861766
182.35 182.3 182.4 -0.0004585486516
182.45 182.4 182.5 0.0005109281803
182.55 182.5 182.6 -0.0005436343512
182.65 182.6 182.7 0.0009153269304
182.75 182.7 182.8 0.0007857021462
182.85 182.8 182.9 0.0007216599665
182.95 182.9 183 0.0003389829451
183.05 183 183.1 -0.0001514615245
183.15 183.1 183.2 0.001339037076
183.25 183.2 183.3 0.0001897399912
183.35 183.3 183.4 0.002019248235
183.45 183.4 183.5 0.0008437304615
183.55 183.5 183.6 -0.0002779446182
183.65 183.6 183.7 -0.000458018595
183.75 183.7 183.8 -0.001189725212
183.85 183.8 183.9 0.0001451113676
183.95 183.9 184 -0.0007498424096
184.05 184 184.1 5.822644534e-05
184.15 184.1 184.2 -0.000747385575
184.25 184.2 184.3 0.0004078015419
184.35 184.3 184.4 -0.0009504286412
184.45 184.4 184.5 -6.319062447e-05
184.55 184.5 184.6 0.0001763966949
184.65 184.6 184.7 0.0004231128371
184.75 184.7 184.8 0.0003305596395
184.85 184.8 184.9 0.0006552885911
184.95 184.9 185 0.0009854501785
185.05 185 185.1 0.0005199707465
185.15 185.1 185.2 0.0005777350295
185.25 185.2 185.3 7.894118234e-05
185.35 185.3 185.4 0.0001042330821
185.45 185.4 185.5 0.0003784821668
185.55 185.5 185.6 0.0006175576439
185.65 185.6 185.7 0.0001480903999
185.75 185.7 185.8 5.680624573e-06
185.85 185.8 185.9 -0.0007043100991
185.95 185.9 186 0.0003206885517
186.05 186 186.1 -0.0007286556828
186.15 186.1 186.2 -0.0005688693909
186.25 186.2 186.3 -0.000233654095
186.35 186.3 186.4 0.001829455067
186.45 186.4 186.5 0.0001429817393
186.55 186.5 186.6 -0.0003604912005
186.65 186.6 186.7 -0.0003433070841
186.75 186.7 186.8 0.000198775247
186.85 186.8 186.9 -0.0003507401774
186.95 186.9 187 0.0007185036432
187.05 187 187.1 0.0008956148786
187.15 187.1 187.2 -0.0004781625683
187.25 187.2 187.3 0.0007329494052
187.35 187.3 187.4 0.0008563020216
187.45 187.4 187.5 -0.0001381519041
187.55 187.5 187.6 -4.602528997e-05
187.65 187.6 187.7 0.0008222607364
187.75 187.7 187.8 0.0006718052371
187.85 187.8 187.9 0.0004987145524
187.95 187.9 188 -0.0008190827696
188.05 188 188.1 -0.0005089736927
188.15 188.1 188.2 0.0007981827999
188.25 188.2 188.3 0.000921919699
188.35 188.3 188.4 0.0009605352648
188.45 188.4 188.5 0.0005283475693
188.55 188.5 188.6 -0.0006111745917
188.65 188.6 188.7 -0.0006717239436
188.75 188.7 188.8 -0.000274886534
188.85 188.8 188.9 0.000498529624
188.95 188.9 189 3.125457806e-05
189.05 189 189.1 0.0001010075054
189.15 189.1 189.2 0.001216499447
189.25 189.2 189.3 0.0009177344302
189.35 189.3 189.4 0.0004677071099
189.45 189.4 189.5 -0.0001738295044
189.55 189.5 189.6 0.0007100708099
189.65 189.6 189.7 -0.001276263944
189.75 189.7 189.8 0.0009658192603
189.85 189.8 189.9 3.812428553e-05
189.95 189.9 190 0.0004983727015
190.05 190 190.1 -0.0006677241203
190.15 190.1 190.2 0.0004577089233
190.25 190.2 190.3 0.0005087214452
190.35 190.3 190.4 -0.0003926637097
190.45 190.4 190.5 0.0003607496048
190.55 190.5 190.6 0.0004588917569
190.65 190.6 190.7 5.915245539e-06
190.75 190.7 190.8 0.001093555042
190.85 190.8 190.9 0.001056662032
190.95 190.9 191 0.0005510279038
191.05 191 191.1 0.0003838115486
191.15 191.1 191.2 -6.406953888e-05
191.25 191.2 191.3 0.001627424318
191.35 191.3 191.4 0.001819778502
191.45 191.4 191.5 0.001184896704
191.55 191.5 191.6 -0.000107586322
191.65 191.6 191.7 8.629051746e-05
191.75 191.7 191.8 -0.0003413452207
191.85 191.8 191.9 0.0001959553909
191.95 191.9 192 0.0001818160882
192.05 192 192.1 -3.131747025e-06
192.15 192.1 192.2 -0.0005953721008
192.25 192.2 192.3 0.0009240406933
192.35 192.3 192.4 0.0006390795932
192.45 192.4 192.5 0.001643142392
192.55 192.5 192.6 -0.0003449840653
192.65 192.6 192.7 0.001757924577
192.75 192.7 192.8 0.0001010317776
192.85 192.8 192.9 -0.0004348257623
192.95 192.9 193 0.0007605963797
193.05 193 193.1 -0.0003040926369
193.15 193.1 193.2 -3.461228995e-05
193.25 193.2 193.3 -0.0006316243792
193.35 193.3 193.4 0.0008934403276
193.45 193.4 193.5 0.0006065146879
193.55 193.5 193.6 0.000449849549
193.65 193.6 193.7 0.0007423731668
193.75 193.7 193.8 -6.630059243e-05
193.85 193.8 193.9 0.0001099442628
193.95 193.9 194 0.0007278064741
194.05 194 194.1 -1.364824521e-05
194.15 194.1 194.2 -4.806400423e-05
194.25 194.2 194.3 0.0003897701401
194.35 194.3 194.4 -0.000837033053
194.45 194.4 194.5 -0.00161868833
194.55 194.5 194.6 1.951468466e-05
194.65 194.6 194.7 0.0005787621773
194.75 194.7 194.8 0.000741800681
194.85 194.8 194.9 -0.0001799054245
194.95 194.9 195 7.063627486e-05
195.05 195 195.1 -0.000684978276
195.15 195.1 195.2 0.0003061133844
195.25 195.2 195.3 0.0001429023025
195.35 195.3 195.4 0.001081591949
195.45 195.4 195.5 0.0009148254252
195.55 195.5 195.6 -0.0005855998791
195.65 195.6 195.7 -0.0003139540002
195.75 195.7 195.8 -0.0001017736685
195.85 195.8 195.9 0.0008367461892
195.95 195.9 196 -0.0007663371168
196.05 196 196.1 -0.0008038385017
196.15 196.1 196.2 0.0008438497592
196.25 196.2 196.3 -0.0005700601693
196.35 196.3 196.4 -0.0006086233555
196.45 196.4 196.5 -0.0006709383604
196.55 196.5 196.6 4.196422146e-05
196.65 196.6 196.7 -0.0005875717704
196.75 196.7 196.8 0.001068563169
196.85 196.8 196.9 0.0005022257497
196.95 196.9 197 -0.0001781865132
197.05 197 197.1 0.0005584282627
197.15 197.1 197.2 0.0004865349862
197.25 197.2 197.3 0.0001355686085
197.35 197.3 197.4 -0.000913013387
197.45 197.4 197.5 0.001230581593
197.55 197.5 197.6 -6.450688394e-05
197.65 197.6 197.7 0.0003522770529
197.75 197.7 197.8 0.0006115655461
197.85 197.8 197.9 -0.001719035144
197.95 197.9 198 0.00139364694
198.05 198 198.1 -0.000195316036
198.15 198.1 198.2 -0.0002401624426
198.25 198.2 198.3 -0.0002282009345
198.35 198.3 198.4 -0.0004260732957
198.45 198.4 198.5 0.0003988995139
198.55 198.5 198.6 -0.0001444958867
198.65 198.6 198.7 0.0005234695481
198.75 198.7 198.8 -0.0001819166589
198.85 198.8 198.9 0.0003932606018
198.95 198.9 199 -5.382984291e-05
199.05 199 199.1 -0.001402962024
199.15 199.1 199.2 0.000160923089
199.25 199.2 199.3 0.0007791555693
199.35 199.3 199.4 0.0001631747365
199.45 199.4 199.5 0.0002766577663
199.55 199.5 199.6 0.0004399226565
199.65 199.6 199.7 0.0001498476833
199.75 199.7 199.8 -0.000303365029
199.85 199.8 199.9 -0.0005186170845
199.95 199.9 200 -0.0001557214617
