# Columns: s_cen(1) s_min(2) s_max(3) xi_iso(4)
0.05 0 0.1 49.85175795
0.15 0.1 0.2 19.0460693
0.25 0.2 0.3 20.54243611
0.35 0.3 0.4 18.21081502
0.45 0.4 0.5 20.80991279
0.55 0.5 0.6 21.91259264
0.65 0.6 0.7 21.58445141
0.75 0.7 0.8 19.69357619
0.85 0.8 0.9 21.75697844
0.95 0.9 1 21.00568277
1.05 1 1.1 20.53927182
1.15 1.1 1.2 18.69899631
1.25 1.2 1.3 17.20743239
1.35 1.3 1.4 16.93993732
1.45 1.4 1.5 17.82614335
1.55 1.5 1.6 16.56199021
1.65 1.6 1.7 15.01562104
1.75 1.7 1.8 14.53184249
1.85 1.8 1.9 13.13891537
1.95 1.9 2 12.45731772
2.05 2 2.1 11.53281957
2.15 2.1 2.2 11.07972751
2.25 2.2 2.3 10.81268203
2.35 2.3 2.4 9.547429769
2.45 2.4 2.5 9.326654158
2.55 2.5 2.6 8.806790255
2.65 2.6 2.7 8.055797332
2.75 2.7 2.8 7.907479345
2.85 2.8 2.9 7.438342242
2.95 2.9 3 7.036696519
3.05 3 3.1 6.444381654
3.15 3.1 3.2 6.566774236
3.25 3.2 3.3 6.422165798
3.35 3.3 3.4 5.928642619
3.45 3.4 3.5 5.702995942
3.55 3.5 3.6 5.404271479
3.65 3.6 3.7 5.213013754
3.75 3.7 3.8 4.993180465
3.85 3.8 3.9 4.82950605
3.95 3.9 4 4.732895929
4.05 4 4.1 4.525328629
4.15 4.1 4.2 4.538470091
4.25 4.2 4.3 4.227594926
4.35 4.3 4.4 4.08466745
4.45 4.4 4.5 3.942952883
4.55 4.5 4.6 3.785501095
4.65 4.6 4.7 3.84407727
4.75 4.7 4.8 3.530682811
4.85 4.8 4.9 3.558816199
4.95 4.9 5 3.440955172
5.05 5 5.1 3.262823394
5.15 5.1 5.2 3.094270782
5.25 5.2 5.3 3.079317461
5.35 5.3 5.4 3.171055919
5.45 5.4 5.5 2.93641358
5.55 5.5 5.6 2.870536499
5.65 5.6 5.7 2.856705986
5.75 5.7 5.8 2.748627886
5.85 5.8 5.9 2.687160419
5.95 5.9 6 2.608845263
6.05 6 6.1 2.503437899
6.15 6.1 6.2 2.490987345
6.25 6.2 6.3 2.371321216
6.35 6.3 6.4 2.324912507
6.45 6.4 6.5 2.311862983
6.55 6.5 6.6 2.189286669
6.65 6.6 6.7 2.182187804
6.75 6.7 6.8 2.177272318
6.85 6.8 6.9 2.098650968
6.95 6.9 7 2.027946344
7.05 7 7.1 1.928359913
7.15 7.1 7.2 1.907426882
7.25 7.2 7.3 1.842879406
7.35 7.3 7.4 1.813328883
7.45 7.4 7.5 1.762494663
7.55 7.5 7.6 1.81898291
7.65 7.6 7.7 1.745726554
7.75 7.7 7.8 1.772924234
7.85 7.8 7.9 1.734904873
7.95 7.9 8 1.617608457
8.05 8 8.1 1.574711319
8.15 8.1 8.2 1.599833315
8.25 8.2 8.3 1.498609697
8.35 8.3 8.4 1.436308344
8.45 8.4 8.5 1.522944543
8.55 8.5 8.6 1.442899944
8.65 8.6 8.7 1.370884897
8.75 8.7 8.8 1.342326955
8.85 8.8 8.9 1.396917973
8.95 8.9 9 1.280548939
9.05 9 9.1 1.27009267
9.15 9.1 9.2 1.213701446
9.25 9.2 9.3 1.213221832
9.35 9.3 9.4 1.278010317
9.45 9.4 9.5 1.221106189
9.55 9.5 9.6 1.175084156
9.65 9.6 9.7 1.133030433
9.75 9.7 9.8 1.135329198
9.85 9.8 9.9 1.131695887
9.95 9.9 10 1.093654917
10.05 10 10.1 1.031892924
10.15 10.1 10.2 1.047412715
10.25 10.2 10.3 1.052082274
10.35 10.3 10.4 1.026868947
10.45 10.4 10.5 0.9978047521
10.55 10.5 10.6 1.040571909
10.65 10.6 10.7 0.9327134659
10.75 10.7 10.8 0.9686347598
10.85 10.8 10.9 0.9381712743
10.95 10.9 11 0.9392561897
11.05 11 11.1 0.9216165848
11.15 11.1 11.2 0.9078680465
11.25 11.2 11.3 0.8922543363
11.35 11.3 11.4 0.844124587
11.45 11.4 11.5 0.8302847997
11.55 11.5 11.6 0.8210728094
11.65 11.6 11.7 0.8146491295
11.75 11.7 11.8 0.8045101928
11.85 11.8 11.9 0.7944849069
11.95 11.9 12 0.783553064
12.05 12 12.1 0.7531168306
12.15 12.1 12.2 0.7812336249
12.25 12.2 12.3 0.7648935259
12.35 12.3 12.4 0.7333616007
12.45 12.4 12.5 0.7488226806
12.55 12.5 12.6 0.7550906766
12.65 12.6 12.7 0.6944084922
12.75 12.7 12.8 0.6873665273
12.85 12.8 12.9 0.6785111881
12.95 12.9 13 0.6390584524
13.05 13 13.1 0.6387092189
13.15 13.1 13.2 0.6601371437
13.25 13.2 13.3 0.6579566031
13.35 13.3 13.4 0.6149326003
13.45 13.4 13.5 0.6378650598
13.55 13.5 13.6 0.6061591507
13.65 13.6 13.7 0.5845517779
13.75 13.7 13.8 0.6025973596
13.85 13.8 13.9 0.5901841353
13.95 13.9 14 0.5722760901
14.05 14 14.1 0.5723401302
14.15 14.1 14.2 0.5748502415
14.25 14.2 14.3 0.5274796914
14.35 14.3 14.4 0.5530794424
14.45 14.4 14.5 0.5366544829
14.55 14.5 14.6 0.5143067385
14.65 14.6 14.7 0.5281950867
14.75 14.7 14.8 0.5175083895
14.85 14.8 14.9 0.5150967909
14.95 14.9 15 0.5218224656
15.05 15 15.1 0.5124786516
15.15 15.1 15.2 0.5102191984
15.25 15.2 15.3 0.472182473
15.35 15.3 15.4 0.4856832036
15.45 15.4 15.5 0.4825642712
15.55 15.5 15.6 0.4682242407
15.65 15.6 15.7 0.4728155739
15.75 15.7 15.8 0.4548032173
15.85 15.8 15.9 0.490185602
15.95 15.9 16 0.4479195382
16.05 16 16.1 0.4858069196
16.15 16.1 16.2 0.4475134998
16.25 16.2 16.3 0.4380247177
16.35 16.3 16.4 0.4359007884
16.45 16.4 16.5 0.431253883
16.55 16.5 16.6 0.4359601146
16.65 16.6 16.7 0.4190245231
16.75 16.7 16.8 0.3900150655
16.85 16.8 16.9 0.3822983835
16.95 16.9 17 0.3957542533
17.05 17 17.1 0.3818859602
17.15 17.1 17.2 0.378721387
17.25 17.2 17.3 0.3891931895
17.35 17.3 17.4 0.3489031857
17.45 17.4 17.5 0.3623049312
17.55 17.5 17.6 0.38092122
17.65 17.6 17.7 0.3485783889
17.75 17.7 17.8 0.3811936443
17.85 17.8 17.9 0.3663131615
17.95 17.9 18 0.3497834387
18.05 18 18.1 0.3478354354
18.15 18.1 18.2 0.3364337527
18.25 18.2 18.3 0.3319927879
18.35 18.3 18.4 0.3385088522
18.45 18.4 18.5 0.3129813869
18.55 18.5 18.6 0.3327254394
18.65 18.6 18.7 0.321089368
18.75 18.7 18.8 0.3133325784
18.85 18.8 18.9 0.3270015938
18.95 18.9 19 0.3475873329
19.05 19 19.1 0.3176759813
19.15 19.1 19.2 0.3015670943
19.25 19.2 19.3 0.2989647575
19.35 19.3 19.4 0.294940464
19.45 19.4 19.5 0.3144474176
19.55 19.5 19.6 0.3010571382
19.65 19.6 19.7 0.2915689324
19.75 19.7 19.8 0.2987013087
19.85 19.8 19.9 0.3009598723
19.95 19.9 20 0.2903972716
20.05 20 20.1 0.2702948667
20.15 20.1 20.2 0.2779605701
20.25 20.2 20.3 0.2765871533
20.35 20.3 20.4 0.2758433782
20.45 20.4 20.5 0.2735096947
20.55 20.5 20.6 0.2781648706
20.65 20.6 20.7 0.2676748273
20.75 20.7 20.8 0.2584447081
20.85 20.8 20.9 0.2640648728
20.95 20.9 21 0.2561920236
21.05 21 21.1 0.2721297305
21.15 21.1 21.2 0.2364297974
21.25 21.2 21.3 0.2334520253
21.35 21.3 21.4 0.2632181725
21.45 21.4 21.5 0.2381068976
21.55 21.5 21.6 0.2406515073
21.65 21.6 21.7 0.2450605285
21.75 21.7 21.8 0.243530679
21.85 21.8 21.9 0.2489876559
21.95 21.9 22 0.2273840307
22.05 22 22.1 0.2307505055
22.15 22.1 22.2 0.2351148448
22.25 22.2 22.3 0.214654198
22.35 22.3 22.4 0.2259836242
22.45 22.4 22.5 0.2073552169
22.55 22.5 22.6 0.2348142695
22.65 22.6 22.7 0.213339763
22.75 22.7 22.8 0.2034656597
22.85 22.8 22.9 0.2271017674
22.95 22.9 23 0.2225459566
23.05 23 23.1 0.2297715019
23.15 23.1 23.2 0.2148942657
23.25 23.2 23.3 0.2159340477
23.35 23.3 23.4 0.2150991574
23.45 23.4 23.5 0.202831594
23.55 23.5 23.6 0.2126047606
23.65 23.6 23.7 0.1927050731
23.75 23.7 23.8 0.2002029804
23.85 23.8 23.9 0.1850608783
23.95 23.9 24 0.1779106543
24.05 24 24.1 0.2006022511
24.15 24.1 24.2 0.2006584119
24.25 24.2 24.3 0.1971284855
24.35 24.3 24.4 0.1834982463
24.45 24.4 24.5 0.1843192329
24.55 24.5 24.6 0.1858469257
24.65 24.6 24.7 0.1628454131
24.75 24.7 24.8 0.1848868277
24.85 24.8 24.9 0.1992267532
24.95 24.9 25 0.1729071395
25.05 25 25.1 0.190539903
25.15 25.1 25.2 0.1747168081
25.25 25.2 25.3 0.1587736924
25.35 25.3 25.4 0.1685347781
25.45 25.4 25.5 0.1708525637
25.55 25.5 25.6 0.1688904079
25.65 25.6 25.7 0.1488967887
25.75 25.7 25.8 0.1709073143
25.85 25.8 25.9 0.1657490516
25.95 25.9 26 0.1604994521
26.05 26 26.1 0.1645348524
26.15 26.1 26.2 0.1617764226
26.25 26.2 26.3 0.1506171507
26.35 26.3 26.4 0.1449088255
26.45 26.4 26.5 0.1624402291
26.55 26.5 26.6 0.153623068
26.65 26.6 26.7 0.1431000266
26.75 26.7 26.8 0.1462945934
26.85 26.8 26.9 0.1559563359
26.95 26.9 27 0.1522384272
27.05 27 27.1 0.1584853154
27.15 27.1 27.2 0.1450430295
27.25 27.2 27.3 0.1469874931
27.35 27.3 27.4 0.1308062807
27.45 27.4 27.5 0.1322224145
27.55 27.5 27.6 0.1504501788
27.65 27.6 27.7 0.1579057987
27.75 27.7 27.8 0.1473629257
27.85 27.8 27.9 0.1576783303
27.95 27.9 28 0.139369463
28.05 28 28.1 0.1305375519
28.15 28.1 28.2 0.1413774386
28.25 28.2 28.3 0.1361048073
28.35 28.3 28.4 0.1311579865
28.45 28.4 28.5 0.12928968
28.55 28.5 28.6 0.11230576
28.65 28.6 28.7 0.1221082535
28.75 28.7 28.8 0.1399032037
28.85 28.8 28.9 0.1223662341
28.95 28.9 29 0.1273206533
29.05 29 29.1 0.1298183704
29.15 29.1 29.2 0.1261972314
29.25 29.2 29.3 0.1219738611
29.35 29.3 29.4 0.1266026939
29.45 29.4 29.5 0.113609605
29.55 29.5 29.6 0.1185882456
29.65 29.6 29.7 0.1213784215
29.75 29.7 29.8 0.1155291281
29.85 29.8 29.9 0.1173624974
29.95 29.9 30 0.1357815642
30.05 30 30.1 0.1153402517
30.15 30.1 30.2 0.1179821085
30.25 30.2 30.3 0.1117818831
30.35 30.3 30.4 0.101137979
30.45 30.4 30.5 0.1078295222
30.55 30.5 30.6 0.1064934083
30.65 30.6 30.7 0.1173320336
30.75 30.7 30.8 0.105628627
30.85 30.8 30.9 0.1121097204
30.95 30.9 31 0.1166193921
31.05 31 31.1 0.1056423083
31.15 31.1 31.2 0.09963196248
31.25 31.2 31.3 0.1035161813
31.35 31.3 31.4 0.104528143
31.45 31.4 31.5 0.08694745983
31.55 31.5 31.6 0.1018570504
31.65 31.6 31.7 0.1073290676
31.75 31.7 31.8 0.102738068
31.85 31.8 31.9 0.09796163075
31.95 31.9 32 0.09457743515
32.05 32 32.1 0.09419012326
32.15 32.1 32.2 0.09452506319
32.25 32.2 32.3 0.08321154216
32.35 32.3 32.4 0.08361690334
32.45 32.4 32.5 0.09774392556
32.55 32.5 32.6 0.09979213717
32.65 32.6 32.7 0.08814549502
32.75 32.7 32.8 0.0966302438
32.85 32.8 32.9 0.0875669609
32.95 32.9 33 0.08833543978
33.05 33 33.1 0.08245144702
33.15 33.1 33.2 0.09925888112
33.25 33.2 33.3 0.09028431232
33.35 33.3 33.4 0.0875297417
33.45 33.4 33.5 0.095263375
33.55 33.5 33.6 0.09649089198
33.65 33.6 33.7 0.09460217698
33.75 33.7 33.8 0.08956969675
33.85 33.8 33.9 0.09426992469
33.95 33.9 34 0.0771376435
34.05 34 34.1 0.09289019671
34.15 34.1 34.2 0.08348248315
34.25 34.2 34.3 0.08908291595
34.35 34.3 34.4 0.07463198601
34.45 34.4 34.5 0.06896873612
34.55 34.5 34.6 0.07966317962
34.65 34.6 34.7 0.0847461451
34.75 34.7 34.8 0.07218173671
34.85 34.8 34.9 0.08586953834
34.95 34.9 35 0.07729305663
35.05 35 35.1 0.08288082003
35.15 35.1 35.2 0.07905481398
35.25 35.2 35.3 0.08179329809
35.35 35.3 35.4 0.0792980596
35.45 35.4 35.5 0.07320070053
35.55 35.5 35.6 0.0779194032
35.65 35.6 35.7 0.08702608631
35.75 35.7 35.8 0.07852455012
35.85 35.8 35.9 0.07403631118
35.95 35.9 36 0.07485813528
36.05 36 36.1 0.07430939542
36.15 36.1 36.2 0.07324855702
36.25 36.2 36.3 0.06379101071
36.35 36.3 36.4 0.07350697665
36.45 36.4 36.5 0.07076329785
36.55 36.5 36.6 0.0684498929
36.65 36.6 36.7 0.06698244751
36.75 36.7 36.8 0.0681144169
36.85 36.8 36.9 0.06330430743
36.95 36.9 37 0.07382447909
37.05 37 37.1 0.06638937622
37.15 37.1 37.2 0.06659058619
37.25 37.2 37.3 0.07018170483
37.35 37.3 37.4 0.06461755831
37.45 37.4 37.5 0.05006394809
37.55 37.5 37.6 0.07024740676
37.65 37.6 37.7 0.06301557701
37.75 37.7 37.8 0.06651662588
37.85 37.8 37.9 0.06997914303
37.95 37.9 38 0.07505162085
38.05 38 38.1 0.06494563702
38.15 38.1 38.2 0.05572580125
38.25 38.2 38.3 0.05692999726
38.35 38.3 38.4 0.0656922581
38.45 38.4 38.5 0.05812778723
38.55 38.5 38.6 0.05627768506
38.65 38.6 38.7 0.0620332494
38.75 38.7 38.8 0.05482223681
38.85 38.8 38.9 0.05251686869
38.95 38.9 39 0.05779532704
39.05 39 39.1 0.06259966436
39.15 39.1 39.2 0.06735857946
39.25 39.2 39.3 0.05095180089
39.35 39.3 39.4 0.0551495311
39.45 39.4 39.5 0.05686530339
39.55 39.5 39.6 0.05549431504
39.65 39.6 39.7 0.04878798583
39.75 39.7 39.8 0.05137689272
39.85 39.8 39.9 0.04773959035
39.95 39.9 40 0.05243335932
40.05 40 40.1 0.04083294772
40.15 40.1 40.2 0.05902187989
40.25 40.2 40.3 0.06153569016
40.35 40.3 40.4 0.04610463477
40.45 40.4 40.5 0.04402608515
40.55 40.5 40.6 0.04933002993
40.65 40.6 40.7 0.06406444325
40.75 40.7 40.8 0.03948787373
40.85 40.8 40.9 0.04934738306
40.95 40.9 41 0.05061809428
41.05 41 41.1 0.04653681301
41.15 41.1 41.2 0.04771590733
41.25 41.2 41.3 0.04938237026
41.35 41.3 41.4 0.04288031302
41.45 41.4 41.5 0.0505761974
41.55 41.5 41.6 0.04592728296
41.65 41.6 41.7 0.0467511292
41.75 41.7 41.8 0.03716133783
41.85 41.8 41.9 0.04694615256
41.95 41.9 42 0.04729497482
42.05 42 42.1 0.04178364444
42.15 42.1 42.2 0.03488773392
42.25 42.2 42.3 0.04652895922
42.35 42.3 42.4 0.03693412813
42.45 42.4 42.5 0.04681516014
42.55 42.5 42.6 0.03605679605
42.65 42.6 42.7 0.03228946
42.75 42.7 42.8 0.04166741285
42.85 42.8 42.9 0.03221464754
42.95 42.9 43 0.03646010587
43.05 43 43.1 0.04840745961
43.15 43.1 43.2 0.04414923835
43.25 43.2 43.3 0.04394395943
43.35 43.3 43.4 0.03566740322
43.45 43.4 43.5 0.03580762695
43.55 43.5 43.6 0.04071874302
43.65 43.6 43.7 0.0373059538
43.75 43.7 43.8 0.03580260194
43.85 43.8 43.9 0.0415895352
43.95 43.9 44 0.03376645219
44.05 44 44.1 0.03532412662
44.15 44.1 44.2 0.03824767232
44.25 44.2 44.3 0.02981375561
44.35 44.3 44.4 0.0344902747
44.45 44.4 44.5 0.03519959247
44.55 44.5 44.6 0.03816154914
44.65 44.6 44.7 0.02983098145
44.75 44.7 44.8 0.03666108211
44.85 44.8 44.9 0.04102216519
44.95 44.9 45 0.03810150632
45.05 45 45.1 0.0409365636
45.15 45.1 45.2 0.03606093635
45.25 45.2 45.3 0.0317420103
45.35 45.3 45.4 0.03209281043
45.45 45.4 45.5 0.0363019585
45.55 45.5 45.6 0.02903817241
45.65 45.6 45.7 0.02959268791
45.75 45.7 45.8 0.03588104656
45.85 45.8 45.9 0.0284610023
45.95 45.9 46 0.04019651994
46.05 46 46.1 0.02734485599
46.15 46.1 46.2 0.0250515137
46.25 46.2 46.3 0.03553064927
46.35 46.3 46.4 0.02725182757
46.45 46.4 46.5 0.03288363399
46.55 46.5 46.6 0.02968458963
46.65 46.6 46.7 0.04128391515
46.75 46.7 46.8 0.03190018311
46.85 46.8 46.9 0.02333075491
46.95 46.9 47 0.03189959507
47.05 47 47.1 0.02983726259
47.15 47.1 47.2 0.02508605896
47.25 47.2 47.3 0.03187022623
47.35 47.3 47.4 0.03373425267
47.45 47.4 47.5 0.02122353487
47.55 47.5 47.6 0.0333097613
47.65 47.6 47.7 0.02480165088
47.75 47.7 47.8 0.03510702334
47.85 47.8 47.9 0.03450502713
47.95 47.9 48 0.0240121988
48.05 48 48.1 0.02302738734
48.15 48.1 48.2 0.02756100971
48.25 48.2 48.3 0.03101673705
48.35 48.3 48.4 0.0346556542
48.45 48.4 48.5 0.02839678931
48.55 48.5 48.6 0.02269668287
48.65 48.6 48.7 0.0312713069
48.75 48.7 48.8 0.01691367574
48.85 48.8 48.9 0.02851397457
48.95 48.9 49 0.01863674159
49.05 49 49.1 0.02788310367
49.15 49.1 49.2 0.02748505153
49.25 49.2 49.3 0.02902139881
49.35 49.3 49.4 0.01982686195
49.45 49.4 49.5 0.01761505524
49.55 49.5 49.6 0.02602831886
49.65 49.6 49.7 0.02132608248
49.75 49.7 49.8 0.02811485797
49.85 49.8 49.9 0.02297670067
49.95 49.9 50 0.01944165008
50.05 50 50.1 0.02027226178
50.15 50.1 50.2 0.02159512177
50.25 50.2 50.3 0.02845301991
50.35 50.3 50.4 0.02548914955
50.45 50.4 50.5 0.01801403262
50.55 50.5 50.6 0.02297131832
50.65 50.6 50.7 0.01691727681
50.75 50.7 50.8 0.0228826487
50.85 50.8 50.9 0.02380978076
50.95 50.9 51 0.01972024442
51.05 51 51.1 0.02449977193
51.15 51.1 51.2 0.02391062041
51.25 51.2 51.3 0.02103138394
51.35 51.3 51.4 0.02172544196
51.45 51.4 51.5 0.02562264727
51.55 51.5 51.6 0.01262648621
51.65 51.6 51.7 0.01129013705
51.75 51.7 51.8 0.01863271259
51.85 51.8 51.9 0.02197890949
51.95 51.9 52 0.02271594892
52.05 52 52.1 0.01870076104
52.15 52.1 52.2 0.01282240687
52.25 52.2 52.3 0.02032427076
52.35 52.3 52.4 0.02517486369
52.45 52.4 52.5 0.02491809442
52.55 52.5 52.6 0.01235666024
52.65 52.6 52.7 0.01846822965
52.75 52.7 52.8 0.02650771015
52.85 52.8 52.9 0.02256398682
52.95 52.9 53 0.02071045988
53.05 53 53.1 0.02245982679
53.15 53.1 53.2 0.01599066778
53.25 53.2 53.3 0.0179859939
53.35 53.3 53.4 0.01407887854
53.45 53.4 53.5 0.02619747692
53.55 53.5 53.6 0.02117880659
53.65 53.6 53.7 0.01407630041
53.75 53.7 53.8 0.0209762041
53.85 53.8 53.9 0.01772068864
53.95 53.9 54 0.01856746135
54.05 54 54.1 0.02416066317
54.15 54.1 54.2 0.0226507943
54.25 54.2 54.3 0.02215383713
54.35 54.3 54.4 0.02128072585
54.45 54.4 54.5 0.02309899055
54.55 54.5 54.6 0.01996592372
54.65 54.6 54.7 0.01517508692
54.75 54.7 54.8 0.01827377269
54.85 54.8 54.9 0.01916725841
54.95 54.9 55 0.01853070291
55.05 55 55.1 0.02437149578
55.15 55.1 55.2 0.02296305862
55.25 55.2 55.3 0.02182074155
55.35 55.3 55.4 0.0238040896
55.45 55.4 55.5 0.02504684035
55.55 55.5 55.6 0.02159662649
55.65 55.6 55.7 0.01263905771
55.75 55.7 55.8 0.02148687324
55.85 55.8 55.9 0.01677527486
55.95 55.9 56 0.01907905427
56.05 56 56.1 0.01288023571
56.15 56.1 56.2 0.01799245213
56.25 56.2 56.3 0.02049998802
56.35 56.3 56.4 0.01760828451
56.45 56.4 56.5 0.01705840483
56.55 56.5 56.6 0.01551010103
56.65 56.6 56.7 0.01928754445
56.75 56.7 56.8 0.01712088928
56.85 56.8 56.9 0.01593683621
56.95 56.9 57 0.01807600703
57.05 57 57.1 0.0225341931
57.15 57.1 57.2 0.01269538535
57.25 57.2 57.3 0.01667397456
57.35 57.3 57.4 0.01236048691
57.45 57.4 57.5 0.01683409835
57.55 57.5 57.6 0.02067141442
57.65 57.6 57.7 0.01296976058
57.75 57.7 57.8 0.02191355989
57.85 57.8 57.9 0.01751746673
57.95 57.9 58 0.01793046017
58.05 58 58.1 0.01671231071
58.15 58.1 58.2 0.01879932267
58.25 58.2 58.3 0.01352267789
58.35 58.3 58.4 0.01501608178
58.45 58.4 58.5 0.02012181586
58.55 58.5 58.6 0.01873631696
58.65 58.6 58.7 0.02119475127
58.75 58.7 58.8 0.01718970634
58.85 58.8 58.9 0.01472039839
58.95 58.9 59 0.01284427931
59.05 59 59.1 0.0113124675
59.15 59.1 59.2 0.01963570433
59.25 59.2 59.3 0.0103078249
59.35 59.3 59.4 0.01864367632
59.45 59.4 59.5 0.01567988256
59.55 59.5 59.6 0.01354943226
59.65 59.6 59.7 0.01726374961
59.75 59.7 59.8 0.01616026482
59.85 59.8 59.9 0.01234245896
59.95 59.9 60 0.01801814368
60.05 60 60.1 0.005428175098
60.15 60.1 60.2 0.01873429447
60.25 60.2 60.3 0.01917055486
60.35 60.3 60.4 0.01416083348
60.45 60.4 60.5 0.01476386809
60.55 60.5 60.6 0.007569874125
60.65 60.6 60.7 0.01174488495
60.75 60.7 60.8 0.009456986321
60.85 60.8 60.9 0.01486931089
60.95 60.9 61 0.01311889193
61.05 61 61.1 0.00830417766
61.15 61.1 61.2 0.01689576953
61.25 61.2 61.3 0.01750571288
61.35 61.3 61.4 0.01709985311
61.45 61.4 61.5 0.01492079269
61.55 61.5 61.6 0.02080447373
61.65 61.6 61.7 0.009519401178
61.75 61.7 61.8 0.009219067761
61.85 61.8 61.9 0.01075485284
61.95 61.9 62 0.01365391583
62.05 62 62.1 0.01156510339
62.15 62.1 62.2 0.002405822263
62.25 62.2 62.3 0.01102321142
62.35 62.3 62.4 0.01143563302
62.45 62.4 62.5 0.01737015006
62.55 62.5 62.6 0.012795404
62.65 62.6 62.7 0.009804169991
62.75 62.7 62.8 0.008356589228
62.85 62.8 62.9 0.0149053658
62.95 62.9 63 0.0117428113
63.05 63 63.1 0.008741571277
63.15 63.1 63.2 0.01271980929
63.25 63.2 63.3 0.01478059984
63.35 63.3 63.4 0.01658007717
63.45 63.4 63.5 0.01417271611
63.55 63.5 63.6 0.006916111198
63.65 63.6 63.7 0.007396465438
63.75 63.7 63.8 0.01335381482
63.85 63.8 63.9 0.01295965971
63.95 63.9 64 0.01103246387
64.05 64 64.1 0.01228303528
64.15 64.1 64.2 0.005002566204
64.25 64.2 64.3 0.009842613761
64.35 64.3 64.4 0.009205422653
64.45 64.4 64.5 0.01767284168
64.55 64.5 64.6 0.01112342098
64.65 64.6 64.7 0.01260367843
64.75 64.7 64.8 0.007701315795
64.85 64.8 64.9 0.01691173
64.95 64.9 65 0.006955056816
65.05 65 65.1 0.01301181463
65.15 65.1 65.2 0.02151821455
65.25 65.2 65.3 0.004111725914
65.35 65.3 65.4 0.01285098319
65.45 65.4 65.5 0.00957005208
65.55 65.5 65.6 0.005725794802
65.65 65.6 65.7 0.01372552977
65.75 65.7 65.8 0.008846323021
65.85 65.8 65.9 0.01344578695
65.95 65.9 66 0.01517659826
66.05 66 66.1 0.01284730125
66.15 66.1 66.2 0.00843256939
66.25 66.2 66.3 0.006491184542
66.35 66.3 66.4 0.007325268684
66.45 66.4 66.5 0.01017835831
66.55 66.5 66.6 0.007965256175
66.65 66.6 66.7 0.00868116035
66.75 66.7 66.8 0.009626012825
66.85 66.8 66.9 0.01355425829
66.95 66.9 67 0.005537506903
67.05 67 67.1 0.004785269378
67.15 67.1 67.2 0.006207862644
67.25 67.2 67.3 0.007484755279
67.35 67.3 67.4 0.01749621142
67.45 67.4 67.5 0.005692200762
67.55 67.5 67.6 0.004845099392
67.65 67.6 67.7 0.004494452072
67.75 67.7 67.8 0.01268202152
67.85 67.8 67.9 0.01451636514
67.95 67.9 68 0.01182348722
68.05 68 68.1 0.01140421635
68.15 68.1 68.2 0.008475686541
68.25 68.2 68.3 0.005620376212
68.35 68.3 68.4 0.01072590282
68.45 68.4 68.5 0.00407272278
68.55 68.5 68.6 0.01038015865
68.65 68.6 68.7 0.006617924214
68.75 68.7 68.8 0.004036895502
68.85 68.8 68.9 0.00798579047
68.95 68.9 69 0.007531065044
69.05 69 69.1 0.008685456101
69.15 69.1 69.2 0.008119368895
69.25 69.2 69.3 0.007155147421
69.35 69.3 69.4 0.008417415826
69.45 69.4 69.5 0.006858190517
69.55 69.5 69.6 0.01198577866
69.65 69.6 69.7 0.0101959118
69.75 69.7 69.8 0.008573506752
69.85 69.8 69.9 0.01240673078
69.95 69.9 70 0.01152846977
70.05 70 70.1 0.006915781801
70.15 70.1 70.2 0.002470096505
70.25 70.2 70.3 0.01245266145
70.35 70.3 70.4 0.004061118277
70.45 70.4 70.5 0.006339704081
70.55 70.5 70.6 0.003724203741
70.65 70.6 70.7 0.007011834453
70.75 70.7 70.8 0.002598653566
70.85 70.8 70.9 0.011518989
70.95 70.9 71 0.00559075909
71.05 71 71.1 0.000190584363
71.15 71.1 71.2 0.004117234549
71.25 71.2 71.3 0.01079771811
71.35 71.3 71.4 0.006107068997
71.45 71.4 71.5 0.009099552264
71.55 71.5 71.6 0.003616936414
71.65 71.6 71.7 0.003781846664
71.75 71.7 71.8 0.004353229206
71.85 71.8 71.9 -7.553772297e-06
71.95 71.9 72 0.005209578087
72.05 72 72.1 0.004515303027
72.15 72.1 72.2 0.01154552787
72.25 72.2 72.3 0.001792246839
72.35 72.3 72.4 0.004788079646
72.45 72.4 72.5 0.007320095465
72.55 72.5 72.6 0.009406519109
72.65 72.6 72.7 0.001709208599
72.75 72.7 72.8 0.006927037454
72.85 72.8 72.9 0.002268185251
72.95 72.9 73 0.01227868307
73.05 73 73.1 0.001329041002
73.15 73.1 73.2 0.006737221873
73.25 73.2 73.3 0.008097408849
73.35 73.3 73.4 0.006996934155
73.45 73.4 73.5 0.009462907785
73.55 73.5 73.6 0.005157733364
73.65 73.6 73.7 0.001862647253
73.75 73.7 73.8 0.009676735226
73.85 73.8 73.9 0.006557649396
73.95 73.9 74 0.003491488863
74.05 74 74.1 0.006412518689
74.15 74.1 74.2 0.007425690423
74.25 74.2 74.3 0.006801114632
74.35 74.3 74.4 0.0057384855
74.45 74.4 74.5 0.001365039792
74.55 74.5 74.6 0.008632282702
74.65 74.6 74.7 0.002101886128
74.75 74.7 74.8 0.01153662176
74.85 74.8 74.9 0.007899092218
74.95 74.9 75 0.006993869676
75.05 75 75.1 0.00703779862
75.15 75.1 75.2 0.007607349404
75.25 75.2 75.3 0.006418655664
75.35 75.3 75.4 0.0050261721
75.45 75.4 75.5 0.006922737599
75.55 75.5 75.6 0.006921764946
75.65 75.6 75.7 0.003291939358
75.75 75.7 75.8 0.007703034628
75.85 75.8 75.9 0.003990065034
75.95 75.9 76 0.004542130975
76.05 76 76.1 0.007952556363
76.15 76.1 76.2 0.002869794231
76.25 76.2 76.3 0.0106961767
76.35 76.3 76.4 0.001206980091
76.45 76.4 76.5 0.006094761545
76.55 76.5 76.6 0.006243643499
76.65 76.6 76.7 0.006781418619
76.75 76.7 76.8 0.005170145728
76.85 76.8 76.9 0.007212666527
76.95 76.9 77 0.004724345254
77.05 77 77.1 0.007997270999
77.15 77.1 77.2 0.005175822092
77.25 77.2 77.3 0.005163378926
77.35 77.3 77.4 0.007338853008
77.45 77.4 77.5 0.008755393145
77.55 77.5 77.6 0.004137828894
77.65 77.6 77.7 -0.0005603228506
77.75 77.7 77.8 -0.000517818026
77.85 77.8 77.9 0.006382437559
77.95 77.9 78 0.004327475681
78.05 78 78.1 0.005392638963
78.15 78.1 78.2 0.009565464813
78.25 78.2 78.3 0.006633306596
78.35 78.3 78.4 0.005930246921
78.45 78.4 78.5 0.008098938114
78.55 78.5 78.6 0.005474502496
78.65 78.6 78.7 0.006627277748
78.75 78.7 78.8 0.004116677331
78.85 78.8 78.9 0.003423408744
78.95 78.9 79 0.004111335389
79.05 79 79.1 0.007266939601
79.15 79.1 79.2 0.005222279165
79.25 79.2 79.3 0.00974518255
79.35 79.3 79.4 0.003973640837
79.45 79.4 79.5 0.01015408998
79.55 79.5 79.6 0.003166557765
79.65 79.6 79.7 0.008829044896
79.75 79.7 79.8 0.007478696523
79.85 79.8 79.9 0.006776475359
79.95 79.9 80 0.004635671336
80.05 80 80.1 0.001232239761
80.15 80.1 80.2 0.006102152995
80.25 80.2 80.3 0.007574344633
80.35 80.3 80.4 0.004453333057
80.45 80.4 80.5 0.002700036145
80.55 80.5 80.6 0.002475989068
80.65 80.6 80.7 0.006003101352
80.75 80.7 80.8 0.004530620995
80.85 80.8 80.9 0.002931468696
80.95 80.9 81 0.004026059234
81.05 81 81.1 0.0006619092282
81.15 81.1 81.2 0.006181035831
81.25 81.2 81.3 0.009169540787
81.35 81.3 81.4 0.007811418815
81.45 81.4 81.5 0.006428361981
81.55 81.5 81.6 0.01109632958
81.65 81.6 81.7 0.002742067471
81.75 81.7 81.8 0.007597484939
81.85 81.8 81.9 0.008073235665
81.95 81.9 82 0.004347726993
82.05 82 82.1 0.007535982851
82.15 82.1 82.2 0.006445298056
82.25 82.2 82.3 0.001985208187
82.35 82.3 82.4 0.006355378744
82.45 82.4 82.5 0.002715057544
82.55 82.5 82.6 0.007849891719
82.65 82.6 82.7 0.003438760424
82.75 82.7 82.8 0.004332182835
82.85 82.8 82.9 0.006667502367
82.95 82.9 83 0.005221539075
83.05 83 83.1 0.002116350112
83.15 83.1 83.2 -0.001395675044
83.25 83.2 83.3 0.005658077115
83.35 83.3 83.4 0.002897463194
83.45 83.4 83.5 0.0007659129139
83.55 83.5 83.6 0.005922816134
83.65 83.6 83.7 0.001677110101
83.75 83.7 83.8 0.004104970933
83.85 83.8 83.9 0.00682077548
83.95 83.9 84 0.003311405406
84.05 84 84.1 0.00360850843
84.15 84.1 84.2 -0.001421037753
84.25 84.2 84.3 0.004350939215
84.35 84.3 84.4 0.006761338622
84.45 84.4 84.5 0.003746303955
84.55 84.5 84.6 0.0006474352239
84.65 84.6 84.7 0.006824397078
84.75 84.7 84.8 0.005597430744
84.85 84.8 84.9 0.00438613738
84.95 84.9 85 0.00529824069
85.05 85 85.1 0.007516740493
85.15 85.1 85.2 0.006402794339
85.25 85.2 85.3 0.008360493986
85.35 85.3 85.4 0.004220826895
85.45 85.4 85.5 0.001701441614
85.55 85.5 85.6 0.001219699899
85.65 85.6 85.7 0.005044695221
85.75 85.7 85.8 -0.001296656642
85.85 85.8 85.9 0.003782638125
85.95 85.9 86 0.008194663302
86.05 86 86.1 0.002079381109
86.15 86.1 86.2 0.005109199864
86.25 86.2 86.3 0.004388682246
86.35 86.3 86.4 0.005725983836
86.45 86.4 86.5 0.007097433843
86.55 86.5 86.6 0.004971762725
86.65 86.6 86.7 0.005202798094
86.75 86.7 86.8 0.002980157269
86.85 86.8 86.9 0.007429445496
86.95 86.9 87 0.008404314514
87.05 87 87.1 0.005554639125
87.15 87.1 87.2 0.005607923371
87.25 87.2 87.3 0.005501941555
87.35 87.3 87.4 0.002382944808
87.45 87.4 87.5 0.001270815019
87.55 87.5 87.6 0.001571720298
87.65 87.6 87.7 0.006263907314
87.75 87.7 87.8 0.001217326929
87.85 87.8 87.9 0.006616030959
87.95 87.9 88 0.001921727478
88.05 88 88.1 0.009373557713
88.15 88.1 88.2 0.007655561074
88.25 88.2 88.3 0.003831947086
88.35 88.3 88.4 0.007962267204
88.45 88.4 88.5 0.008206046846
88.55 88.5 88.6 0.007499856869
88.65 88.6 88.7 0.001105299621
88.75 88.7 88.8 0.007076083434
88.85 88.8 88.9 -0.001455475897
88.95 88.9 89 0.004122301266
89.05 89 89.1 0.0007444232757
89.15 89.1 89.2 0.0009449841471
89.25 89.2 89.3 0.003854236766
89.35 89.3 89.4 0.001180902665
89.45 89.4 89.5 0.006069687876
89.55 89.5 89.6 0.003693188683
89.65 89.6 89.7 0.004849289794
89.75 89.7 89.8 1.29317045e-05
89.85 89.8 89.9 0.008061491773
89.95 89.9 90 -0.0006781539057
90.05 90 90.1 0.004383851027
90.15 90.1 90.2 -0.001600537894
90.25 90.2 90.3 -0.001931756337
90.35 90.3 90.4 0.00542475447
90.45 90.4 90.5 0.007953156976
90.55 90.5 90.6 0.001904110665
90.65 90.6 90.7 0.002363362474
90.75 90.7 90.8 0.00783438318
90.85 90.8 90.9 0.001980846765
90.95 90.9 91 0.005079792255
91.05 91 91.1 0.003620888853
91.15 91.1 91.2 0.004526975035
91.25 91.2 91.3 0.001893724125
91.35 91.3 91.4 0.0003552276444
91.45 91.4 91.5 0.007844252738
91.55 91.5 91.6 0.00209519842
91.65 91.6 91.7 0.0041112715
91.75 91.7 91.8 -0.003788526285
91.85 91.8 91.9 -0.001916651477
91.95 91.9 92 0.002108283492
92.05 92 92.1 0.006017446431
92.15 92.1 92.2 0.003137418854
92.25 92.2 92.3 0.0009178867047
92.35 92.3 92.4 0.005294075269
92.45 92.4 92.5 0.003370174001
92.55 92.5 92.6 0.004472987278
92.65 92.6 92.7 0.002475244654
92.75 92.7 92.8 0.004063159843
92.85 92.8 92.9 5.811952762e-05
92.95 92.9 93 -0.0001543166078
93.05 93 93.1 0.006101893912
93.15 93.1 93.2 0.0004672156004
93.25 93.2 93.3 0.006846935868
93.35 93.3 93.4 0.004959952398
93.45 93.4 93.5 0.005537684885
93.55 93.5 93.6 0.0004477700792
93.65 93.6 93.7 -0.0002206096606
93.75 93.7 93.8 -0.001470204555
93.85 93.8 93.9 0.002697624649
93.95 93.9 94 0.003244164839
94.05 94 94.1 0.0002788976617
94.15 94.1 94.2 0.004264872402
94.25 94.2 94.3 0.001545497807
94.35 94.3 94.4 0.003644396813
94.45 94.4 94.5 0.005521554356
94.55 94.5 94.6 0.002702967699
94.65 94.6 94.7 0.00180188883
94.75 94.7 94.8 -0.0001175792776
94.85 94.8 94.9 0.009853875716
94.95 94.9 95 -0.001189291985
95.05 95 95.1 0.002309798253
95.15 95.1 95.2 0.002786043189
95.25 95.2 95.3 0.003754911762
95.35 95.3 95.4 0.008075392648
95.45 95.4 95.5 0.002825541415
95.55 95.5 95.6 0.007314868037
95.65 95.6 95.7 0.005617753887
95.75 95.7 95.8 0.003196473179
95.85 95.8 95.9 0.001082756766
95.95 95.9 96 0.008187828985
96.05 96 96.1 0.006060644209
96.15 96.1 96.2 0.001311863914
96.25 96.2 96.3 0.005957643202
96.35 96.3 96.4 0.002922620385
96.45 96.4 96.5 0.004174501062
96.55 96.5 96.6 0.004892839915
96.65 96.6 96.7 0.004134334308
96.75 96.7 96.8 0.005821111658
96.85 96.8 96.9 0.003668772017
96.95 96.9 97 0.002454768266
97.05 97 97.1 0.002235686171
97.15 97.1 97.2 0.004819382936
97.25 97.2 97.3 0.005807784643
97.35 97.3 97.4 0.004872995014
97.45 97.4 97.5 0.006729717214
97.55 97.5 97.6 0.002774717354
97.65 97.6 97.7 0.003609643325
97.75 97.7 97.8 0.003844616483
97.85 97.8 97.9 0.00575123171
97.95 97.9 98 0.002360209919
98.05 98 98.1 0.005222155982
98.15 98.1 98.2 0.006482356983
98.25 98.2 98.3 0.006531782538
98.35 98.3 98.4 0.005719302371
98.45 98.4 98.5 0.006331838999
98.55 98.5 98.6 0.004865550704
98.65 98.6 98.7 0.007981828411
98.75 98.7 98.8 0.002604186592
98.85 98.8 98.9 0.00703963714
98.95 98.9 99 0.005255953996
99.05 99 99.1 0.0006006235671
99.15 99.1 99.2 0.003978001041
99.25 99.2 99.3 0.004225240332
99.35 99.3 99.4 0.001008880677
99.45 99.4 99.5 0.00979219173
99.55 99.5 99.6 0.002900983336
99.65 99.6 99.7 0.006601691379
99.75 99.7 99.8 0.009586038277
99.85 99.8 99.9 0.003338011883
99.95 99.9 100 0.004661879158
100.05 100 100.1 0.006759873511
100.15 100.1 100.2 0.002527814421
100.25 100.2 100.3 0.003935352905
100.35 100.3 100.4 -0.0002602437642
100.45 100.4 100.5 0.006858461144
100.55 100.5 100.6 0.003187426311
100.65 100.6 100.7 0.00667376268
100.75 100.7 100.8 0.005022774176
100.85 100.8 100.9 0.001282937109
100.95 100.9 101 0.002492586012
101.05 101 101.1 7.043465367e-06
101.15 101.1 101.2 0.0082713297
101.25 101.2 101.3 0.004067866389
101.35 101.3 101.4 -0.0002114596196
101.45 101.4 101.5 0.002187197998
101.55 101.5 101.6 0.002563973158
101.65 101.6 101.7 0.004149642885
101.75 101.7 101.8 0.004384347232
101.85 101.8 101.9 0.0086703783
101.95 101.9 102 0.005885881621
102.05 102 102.1 0.001680561813
102.15 102.1 102.2 0.002620739435
102.25 102.2 102.3 0.001649858878
102.35 102.3 102.4 0.003752415358
102.45 102.4 102.5 0.003988546768
102.55 102.5 102.6 0.004774927566
102.65 102.6 102.7 0.0042267368
102.75 102.7 102.8 0.003547916855
102.85 102.8 102.9 0.004166657266
102.95 102.9 103 -0.0003066192631
103.05 103 103.1 0.003846243325
103.15 103.1 103.2 0.007001758049
103.25 103.2 103.3 0.004559665853
103.35 103.3 103.4 0.004603084249
103.45 103.4 103.5 -0.0009529753356
103.55 103.5 103.6 0.007187021095
103.65 103.6 103.7 0.003459990231
103.75 103.7 103.8 0.005287771282
103.85 103.8 103.9 0.004022117372
103.95 103.9 104 0.004014634361
104.05 104 104.1 0.006200989942
104.15 104.1 104.2 0.005957085011
104.25 104.2 104.3 0.002663192164
104.35 104.3 104.4 0.002563506193
104.45 104.4 104.5 0.00464033196
104.55 104.5 104.6 0.003953562795
104.65 104.6 104.7 -0.0003167147094
104.75 104.7 104.8 -0.001192447165
104.85 104.8 104.9 0.003741666571
104.95 104.9 105 0.002435562663
105.05 105 105.1 0.004941514509
105.15 105.1 105.2 0.005195383188
105.25 105.2 105.3 0.005603714865
105.35 105.3 105.4 0.003534549661
105.45 105.4 105.5 0.001927044583
105.55 105.5 105.6 0.002449367848
105.65 105.6 105.7 -0.0001578002904
105.75 105.7 105.8 0.001333983543
105.85 105.8 105.9 0.003497569467
105.95 105.9 106 0.004173746774
106.05 106 106.1 0.002846630293
106.15 106.1 106.2 0.002755145505
106.25 106.2 106.3 0.001589534757
106.35 106.3 106.4 0.002278034007
106.45 106.4 106.5 -0.0003022837752
106.55 106.5 106.6 0.001804700892
106.65 106.6 106.7 0.004157156583
106.75 106.7 106.8 0.002496992572
106.85 106.8 106.9 0.002609570393
106.95 106.9 107 -0.0006143936098
107.05 107 107.1 -0.000363712308
107.15 107.1 107.2 0.001386303101
107.25 107.2 107.3 -0.0003319156191
107.35 107.3 107.4 0.003610728943
107.45 107.4 107.5 0.002163112661
107.55 107.5 107.6 0.001255176776
107.65 107.6 107.7 0.004107707874
107.75 107.7 107.8 -0.002507551954
107.85 107.8 107.9 -0.001289500475
107.95 107.9 108 0.001337196984
108.05 108 108.1 -0.0002364201856
108.15 108.1 108.2 0.0008721454298
108.25 108.2 108.3 0.000247277647
108.35 108.3 108.4 0.002234469868
108.45 108.4 108.5 0.006562635349
108.55 108.5 108.6 -0.0008031130412
108.65 108.6 108.7 0.003998892247
108.75 108.7 108.8 -0.0004571666388
108.85 108.8 108.9 0.003639540442
108.95 108.9 109 0.001869005555
109.05 109 109.1 0.0005573386423
109.15 109.1 109.2 0.0004328580685
109.25 109.2 109.3 0.00277073746
109.35 109.3 109.4 0.004823083922
109.45 109.4 109.5 0.002171254558
109.55 109.5 109.6 0.004586375468
109.65 109.6 109.7 0.003479271841
109.75 109.7 109.8 -0.0003575929228
109.85 109.8 109.9 0.003545550319
109.95 109.9 110 0.0003795919971
110.05 110 110.1 0.001838082758
110.15 110.1 110.2 0.003210093163
110.25 110.2 110.3 0.001506885421
110.35 110.3 110.4 0.001813924688
110.45 110.4 110.5 0.0004346494582
110.55 110.5 110.6 0.002638896913
110.65 110.6 110.7 0.004593854778
110.75 110.7 110.8 0.001912802458
110.85 110.8 110.9 0.002546324548
110.95 110.9 111 0.00341602957
111.05 111 111.1 0.0006723672285
111.15 111.1 111.2 0.001342909584
111.25 111.2 111.3 0.00435196784
111.35 111.3 111.4 0.0005924338921
111.45 111.4 111.5 0.000969670276
111.55 111.5 111.6 0.003543023924
111.65 111.6 111.7 0.001094642119
111.75 111.7 111.8 -0.003418552433
111.85 111.8 111.9 0.0008573415259
111.95 111.9 112 -0.0006608182585
112.05 112 112.1 0.003386878929
112.15 112.1 112.2 0.001269023371
112.25 112.2 112.3 0.004066814728
112.35 112.3 112.4 0.00378548893
112.45 112.4 112.5 0.001787591556
112.55 112.5 112.6 0.0001380553029
112.65 112.6 112.7 -0.0002926572162
112.75 112.7 112.8 8.644691243e-05
112.85 112.8 112.9 0.004368137207
112.95 112.9 113 0.002418342699
113.05 113 113.1 0.004466426639
113.15 113.1 113.2 0.0003209358072
113.25 113.2 113.3 0.0004031692527
113.35 113.3 113.4 0.001491578506
113.45 113.4 113.5 0.005047229772
113.55 113.5 113.6 0.003301691888
113.65 113.6 113.7 -3.970768827e-05
113.75 113.7 113.8 0.001153302945
113.85 113.8 113.9 -0.00165154036
113.95 113.9 114 -5.412131431e-05
114.05 114 114.1 0.003283097927
114.15 114.1 114.2 0.00397694743
114.25 114.2 114.3 0.001284892266
114.35 114.3 114.4 0.00256095713
114.45 114.4 114.5 0.00040097447
114.55 114.5 114.6 0.002372708516
114.65 114.6 114.7 0.003227012982
114.75 114.7 114.8 0.00175597125
114.85 114.8 114.9 0.001040979223
114.95 114.9 115 -0.003306540939
115.05 115 115.1 -0.001581282174
115.15 115.1 115.2 0.003028222116
115.25 115.2 115.3 0.003606861153
115.35 115.3 115.4 0.002930741848
115.45 115.4 115.5 0.002643365175
115.55 115.5 115.6 0.001229241378
115.65 115.6 115.7 0.0003052797194
115.75 115.7 115.8 -0.001177118208
115.85 115.8 115.9 0.001000311673
115.95 115.9 116 0.001892062132
116.05 116 116.1 0.0008936228628
116.15 116.1 116.2 0.002537999788
116.25 116.2 116.3 0.003450512973
116.35 116.3 116.4 0.004332692811
116.45 116.4 116.5 0.002166874121
116.55 116.5 116.6 0.0001648829646
116.65 116.6 116.7 -0.001472141827
116.75 116.7 116.8 0.001061229198
116.85 116.8 116.9 0.0005966450837
116.95 116.9 117 0.003301326801
117.05 117 117.1 -0.002099047097
117.15 117.1 117.2 0.002825912171
117.25 117.2 117.3 0.001974145447
117.35 117.3 117.4 0.001244206612
117.45 117.4 117.5 0.00352718954
117.55 117.5 117.6 0.002282217467
117.65 117.6 117.7 0.0008844152094
117.75 117.7 117.8 0.001824930356
117.85 117.8 117.9 -0.0005078809152
117.95 117.9 118 0.003099276112
118.05 118 118.1 0.001511995127
118.15 118.1 118.2 0.002912515096
118.25 118.2 118.3 -0.002186970558
118.35 118.3 118.4 0.003435942324
118.45 118.4 118.5 0.002708186115
118.55 118.5 118.6 0.002233015351
118.65 118.6 118.7 -0.0009441541818
118.75 118.7 118.8 0.0005779817071
118.85 118.8 118.9 0.002122432725
118.95 118.9 119 0.0009988552902
119.05 119 119.1 0.001877429407
119.15 119.1 119.2 0.002050034561
119.25 119.2 119.3 0.002882229387
119.35 119.3 119.4 0.002522580436
119.45 119.4 119.5 0.0006313290935
119.55 119.5 119.6 0.001418558702
119.65 119.6 119.7 -0.0005512417726
119.75 119.7 119.8 0.0003791244809
119.85 119.8 119.9 0.002667529079
119.95 119.9 120 -0.0001039747972
120.05 120 120.1 -0.0006489295104
120.15 120.1 120.2 0.002553553685
120.25 120.2 120.3 0.0004380977608
120.35 120.3 120.4 0.004805803978
120.45 120.4 120.5 0.001611668851
120.55 120.5 120.6 0.001015302755
120.65 120.6 120.7 0.0008524844053
120.75 120.7 120.8 -0.001913789901
120.85 120.8 120.9 0.0004731965898
120.95 120.9 121 0.003330042706
121.05 121 121.1 0.001219771976
121.15 121.1 121.2 -0.001271521441
121.25 121.2 121.3 0.003834378156
121.35 121.3 121.4 0.002782360623
121.45 121.4 121.5 0.0008846375766
121.55 121.5 121.6 0.002418244542
121.65 121.6 121.7 -0.001126568196
121.75 121.7 121.8 0.001035247633
121.85 121.8 121.9 0.001177386938
121.95 121.9 122 -0.001748427936
122.05 122 122.1 -0.0008534617666
122.15 122.1 122.2 0.004500408238
122.25 122.2 122.3 0.004007349721
122.35 122.3 122.4 0.003893714546
122.45 122.4 122.5 0.0003704451579
122.55 122.5 122.6 0.001542758144
122.65 122.6 122.7 0.0007002903929
122.75 122.7 122.8 0.002670575162
122.85 122.8 122.9 0.002988350132
122.95 122.9 123 0.001958195206
123.05 123 123.1 0.002236438552
123.15 123.1 123.2 0.00161176674
123.25 123.2 123.3 0.0009823741956
123.35 123.3 123.4 0.005013225392
123.45 123.4 123.5 0.001516518063
123.55 123.5 123.6 0.001327681606
123.65 123.6 123.7 0.0010447678
123.75 123.7 123.8 0.001081134104
123.85 123.8 123.9 -0.0005273256969
123.95 123.9 124 0.0006502887612
124.05 124 124.1 0.001706821894
124.15 124.1 124.2 -0.0005160291523
124.25 124.2 124.3 -0.001250677127
124.35 124.3 124.4 0.003226615
124.45 124.4 124.5 0.002344431417
124.55 124.5 124.6 0.0001167076376
124.65 124.6 124.7 0.005104642091
124.75 124.7 124.8 -0.001204169539
124.85 124.8 124.9 0.001103614937
124.95 124.9 125 0.0007035694952
125.05 125 125.1 0.003552981111
125.15 125.1 125.2 0.005107553462
125.25 125.2 125.3 0.001818561122
125.35 125.3 125.4 0.001805105312
125.45 125.4 125.5 -0.0003811652888
125.55 125.5 125.6 0.005302021847
125.65 125.6 125.7 0.0002661600381
125.75 125.7 125.8 0.001401541249
125.85 125.8 125.9 0.004175271756
125.95 125.9 126 -0.0005041418023
126.05 126 126.1 -0.001685140486
126.15 126.1 126.2 0.003695931167
126.25 126.2 126.3 0.001522235172
126.35 126.3 126.4 0.001037545299
126.45 126.4 126.5 -0.0005445377582
126.55 126.5 126.6 0.001335975304
126.65 126.6 126.7 0.003225616296
126.75 126.7 126.8 0.00284074495
126.85 126.8 126.9 0.004471321119
126.95 126.9 127 -0.0006789788173
127.05 127 127.1 0.003050174101
127.15 127.1 127.2 0.001678844904
127.25 127.2 127.3 0.002502151172
127.35 127.3 127.4 0.002070824263
127.45 127.4 127.5 0.004169839964
127.55 127.5 127.6 0.00205224962
127.65 127.6 127.7 0.0006018981826
127.75 127.7 127.8 -0.000173229104
127.85 127.8 127.9 -0.001854125329
127.95 127.9 128 0.001622872605
128.05 128 128.1 0.002754145391
128.15 128.1 128.2 0.003660917626
128.25 128.2 128.3 0.004979734125
128.35 128.3 128.4 -0.002132339614
128.45 128.4 128.5 -0.002758896228
128.55 128.5 128.6 -0.001474816158
128.65 128.6 128.7 -0.0006606599166
128.75 128.7 128.8 0.003147828841
128.85 128.8 128.9 -0.0005047516134
128.95 128.9 129 0.0009814963475
129.05 129 129.1 0.001011867865
129.15 129.1 129.2 0.002766102308
129.25 129.2 129.3 0.00184701904
129.35 129.3 129.4 -0.001731112085
129.45 129.4 129.5 0.001247322729
129.55 129.5 129.6 0.004670837077
129.65 129.6 129.7 -0.0003231629659
129.75 129.7 129.8 0.001430816308
129.85 129.8 129.9 0.002367069763
129.95 129.9 130 -0.001105341238
130.05 130 130.1 0.001409212645
130.15 130.1 130.2 0.0002778241169
130.25 130.2 130.3 -0.003872501153
130.35 130.3 130.4 -0.002336407459
130.45 130.4 130.5 0.001442169307
130.55 130.5 130.6 -0.003069408392
130.65 130.6 130.7 0.001393749252
130.75 130.7 130.8 0.004068668643
130.85 130.8 130.9 0.00132508329
130.95 130.9 131 0.001439045331
131.05 131 131.1 0.00389987409
131.15 131.1 131.2 -0.0002281010207
131.25 131.2 131.3 0.001962024185
131.35 131.3 131.4 0.003534373557
131.45 131.4 131.5 -0.0006855416544
131.55 131.5 131.6 0.001725696787
131.65 131.6 131.7 0.002133231429
131.75 131.7 131.8 -0.0008438294792
131.85 131.8 131.9 0.003227131202
131.95 131.9 132 0.002649504111
132.05 132 132.1 0.0005753069447
132.15 132.1 132.2 -0.0002733952719
132.25 132.2 132.3 -0.00211912822
132.35 132.3 132.4 0.0008011049136
132.45 132.4 132.5 -0.000452148631
132.55 132.5 132.6 0.0006564717087
132.65 132.6 132.7 -9.716495991e-05
132.75 132.7 132.8 0.001187562228
132.85 132.8 132.9 0.002499130245
132.95 132.9 133 -0.0006786113227
133.05 133 133.1 0.002981156215
133.15 133.1 133.2 0.001958347185
133.25 133.2 133.3 0.001729018114
133.35 133.3 133.4 -0.002829015685
133.45 133.4 133.5 0.0007329452398
133.55 133.5 133.6 -0.0005078412434
133.65 133.6 133.7 0.00119433758
133.75 133.7 133.8 -4.598995489e-05
133.85 133.8 133.9 0.0003179331397
133.95 133.9 134 7.23913292e-05
134.05 134 134.1 0.0006193086215
134.15 134.1 134.2 0.0003296626209
134.25 134.2 134.3 0.001348290652
134.35 134.3 134.4 -0.0007669884365
134.45 134.4 134.5 -0.0003441183697
134.55 134.5 134.6 -0.00295936618
134.65 134.6 134.7 -0.0007177461574
134.75 134.7 134.8 -0.0007126590638
134.85 134.8 134.9 -0.001757173817
134.95 134.9 135 0.001330383301
135.05 135 135.1 -0.001531983528
135.15 135.1 135.2 0.002838976574
135.25 135.2 135.3 -0.0005369002105
135.35 135.3 135.4 0.001518634496
135.45 135.4 135.5 0.0008097004649
135.55 135.5 135.6 0.00437001516
135.65 135.6 135.7 0.002241975989
135.75 135.7 135.8 -0.003641568502
135.85 135.8 135.9 0.0024467949
135.95 135.9 136 0.0003405672605
136.05 136 136.1 -0.001813830085
136.15 136.1 136.2 1.414403368e-05
136.25 136.2 136.3 -0.003416075617
136.35 136.3 136.4 0.005058471698
136.45 136.4 136.5 0.0004145083338
136.55 136.5 136.6 0.001890951015
136.65 136.6 136.7 -0.001991711255
136.75 136.7 136.8 -2.836865444e-05
136.85 136.8 136.9 0.002012966846
136.95 136.9 137 0.0003880575246
137.05 137 137.1 -0.001169314581
137.15 137.1 137.2 0.0004400291007
137.25 137.2 137.3 0.0003021098568
137.35 137.3 137.4 0.001400945096
137.45 137.4 137.5 0.0002048008379
137.55 137.5 137.6 -0.001360032945
137.65 137.6 137.7 0.003671976131
137.75 137.7 137.8 -0.002519345277
137.85 137.8 137.9 0.001195965145
137.95 137.9 138 0.0002215112847
138.05 138 138.1 -0.0002698515902
138.15 138.1 138.2 -0.001055248771
138.25 138.2 138.3 -0.0008772876326
138.35 138.3 138.4 0.0008574658784
138.45 138.4 138.5 0.0001567409888
138.55 138.5 138.6 0.001212268165
138.65 138.6 138.7 -0.00126198765
138.75 138.7 138.8 -0.002001018405
138.85 138.8 138.9 0.0009085242912
138.95 138.9 139 -0.0003277120846
139.05 139 139.1 -0.0008521810534
139.15 139.1 139.2 0.001088733284
139.25 139.2 139.3 0.002061587963
139.35 139.3 139.4 0.0006557426996
139.45 139.4 139.5 0.00052486569
139.55 139.5 139.6 -0.0009673573721
139.65 139.6 139.7 0.002352853088
139.75 139.7 139.8 0.003139303393
139.85 139.8 139.9 0.0008280476791
139.95 139.9 140 0.0001170288328
140.05 140 140.1 0.0007044907113
140.15 140.1 140.2 0.002049848236
140.25 140.2 140.3 0.0002248826446
140.35 140.3 140.4 -0.001752756108
140.45 140.4 140.5 0.001714940893
140.55 140.5 140.6 0.002531578
140.65 140.6 140.7 0.002618002614
140.75 140.7 140.8 0.00188333369
140.85 140.8 140.9 0.003152822146
140.95 140.9 141 -5.959783506e-05
141.05 141 141.1 0.0007276854664
141.15 141.1 141.2 0.0002335373688
141.25 141.2 141.3 -0.001716434348
141.35 141.3 141.4 0.001227986919
141.45 141.4 141.5 0.001828980992
141.55 141.5 141.6 0.0004506250546
141.65 141.6 141.7 -0.001611137081
141.75 141.7 141.8 0.00454464691
141.85 141.8 141.9 0.003967267958
141.95 141.9 142 0.0002306843751
142.05 142 142.1 0.001492939304
142.15 142.1 142.2 8.669339947e-05
142.25 142.2 142.3 -0.0002351012196
142.35 142.3 142.4 0.00290133463
142.45 142.4 142.5 -0.0003698431511
142.55 142.5 142.6 -0.003464304237
142.65 142.6 142.7 0.004097719944
142.75 142.7 142.8 5.448720972e-05
142.85 142.8 142.9 0.001542301332
142.95 142.9 143 -0.0005881150691
143.05 143 143.1 0.002504378381
143.15 143.1 143.2 0.004534413736
143.25 143.2 143.3 -0.001338260712
143.35 143.3 143.4 0.001520467297
143.45 143.4 143.5 -0.001710762288
143.55 143.5 143.6 1.988210125e-05
143.65 143.6 143.7 0.001673076607
143.75 143.7 143.8 -0.0009699056687
143.85 143.8 143.9 -0.001318531507
143.95 143.9 144 -0.001795190591
144.05 144 144.1 0.0004170220713
144.15 144.1 144.2 0.000486326364
144.25 144.2 144.3 -0.0006295566601
144.35 144.3 144.4 -0.0012070901
144.45 144.4 144.5 -0.002075720879
144.55 144.5 144.6 -0.003828632513
144.65 144.6 144.7 0.002155448718
144.75 144.7 144.8 -0.002081436709
144.85 144.8 144.9 0.001633034183
144.95 144.9 145 -0.001661359999
145.05 145 145.1 -0.003550289281
145.15 145.1 145.2 0.0004106307577
145.25 145.2 145.3 0.002619042301
145.35 145.3 145.4 -0.001301544647
145.45 145.4 145.5 0.001103598177
145.55 145.5 145.6 0.001875137035
145.65 145.6 145.7 0.004623244299
145.75 145.7 145.8 -0.0001595539177
145.85 145.8 145.9 -0.000516286654
145.95 145.9 146 0.001327755994
146.05 146 146.1 0.001837409405
146.15 146.1 146.2 -0.000535920624
146.25 146.2 146.3 0.00206917477
146.35 146.3 146.4 -9.916899654e-05
146.45 146.4 146.5 0.0005224429157
146.55 146.5 146.6 -0.0005798666891
146.65 146.6 146.7 -0.003111065419
146.75 146.7 146.8 -0.002557034625
146.85 146.8 146.9 -0.001847602484
146.95 146.9 147 0.0008437847642
147.05 147 147.1 0.001572877685
147.15 147.1 147.2 -0.0005045377116
147.25 147.2 147.3 -0.001396899095
147.35 147.3 147.4 0.001815151904
147.45 147.4 147.5 -0.0006042238673
147.55 147.5 147.6 -0.0002602574314
147.65 147.6 147.7 0.0005439213746
147.75 147.7 147.8 0.0003060583334
147.85 147.8 147.9 0.001276982271
147.95 147.9 148 0.0003053800232
148.05 148 148.1 0.0006096111763
148.15 148.1 148.2 -0.003580789621
148.25 148.2 148.3 -0.0005892121712
148.35 148.3 148.4 0.001335388762
148.45 148.4 148.5 0.001493933159
148.55 148.5 148.6 0.001414517324
148.65 148.6 148.7 0.001055207211
148.75 148.7 148.8 -8.960096595e-05
148.85 148.8 148.9 0.0009977212335
148.95 148.9 149 0.002083744651
149.05 149 149.1 0.004163615458
149.15 149.1 149.2 0.0005972251126
149.25 149.2 149.3 -1.908022072e-05
149.35 149.3 149.4 -0.001315770498
149.45 149.4 149.5 0.0003151942569
149.55 149.5 149.6 -0.002968050063
149.65 149.6 149.7 0.000786906797
149.75 149.7 149.8 -0.0007190266843
149.85 149.8 149.9 0.00396587079
149.95 149.9 150 0.001239110275
150.05 150 150.1 0.0005219267966
150.15 150.1 150.2 0.002773048892
150.25 150.2 150.3 0.0008974965919
150.35 150.3 150.4 -0.001671552311
150.45 150.4 150.5 -0.002234706592
150.55 150.5 150.6 -0.001464969535
150.65 150.6 150.7 0.001000157525
150.75 150.7 150.8 0.002069983312
150.85 150.8 150.9 -0.001868643756
150.95 150.9 151 0.0006629610926
151.05 151 151.1 -1.570653104e-06
151.15 151.1 151.2 -0.0007827993155
151.25 151.2 151.3 3.54889251e-05
151.35 151.3 151.4 0.0005919730539
151.45 151.4 151.5 -0.001276635885
151.55 151.5 151.6 0.001875598458
151.65 151.6 151.7 0.0003259214126
151.75 151.7 151.8 -0.000965023298
151.85 151.8 151.9 0.0004421252422
151.95 151.9 152 0.003191168667
152.05 152 152.1 -0.000238348322
152.15 152.1 152.2 0.00174599921
152.25 152.2 152.3 0.0002667728478
152.35 152.3 152.4 0.001703681008
152.45 152.4 152.5 0.001473775604
152.55 152.5 152.6 0.001261422415
152.65 152.6 152.7 0.0007760749463
152.75 152.7 152.8 5.558730603e-05
152.85 152.8 152.9 0.001410644766
152.95 152.9 153 -0.001183183431
153.05 153 153.1 0.00206390591
153.15 153.1 153.2 0.001689533624
153.25 153.2 153.3 0.00106767939
153.35 153.3 153.4 0.0005312728275
153.45 153.4 153.5 -0.002383572662
153.55 153.5 153.6 -0.002127510083
153.65 153.6 153.7 0.002773204463
153.75 153.7 153.8 0.0007310658721
153.85 153.8 153.9 -7.713186414e-05
153.95 153.9 154 -0.000202607993
154.05 154 154.1 0.001260737283
154.15 154.1 154.2 0.000473837632
154.25 154.2 154.3 0.002425787695
154.35 154.3 154.4 0.001617704049
154.45 154.4 154.5 0.0001034428722
154.55 154.5 154.6 -0.0006457157747
154.65 154.6 154.7 0.002385077724
154.75 154.7 154.8 0.002220096319
154.85 154.8 154.9 -0.002772973223
154.95 154.9 155 -0.000662091505
155.05 155 155.1 -9.72417068e-05
155.15 155.1 155.2 0.0002849000326
155.25 155.2 155.3 0.0008885637513
155.35 155.3 155.4 0.002798311579
155.45 155.4 155.5 0.0002153210082
155.55 155.5 155.6 0.003157767043
155.65 155.6 155.7 0.0004199121958
155.75 155.7 155.8 0.004720948242
155.85 155.8 155.9 0.002122708231
155.95 155.9 156 0.001935450106
156.05 156 156.1 0.00154701315
156.15 156.1 156.2 0.001233249024
156.25 156.2 156.3 0.001655148586
156.35 156.3 156.4 0.00292507021
156.45 156.4 156.5 0.001379631052
156.55 156.5 156.6 0.001233995988
156.65 156.6 156.7 0.001495658834
156.75 156.7 156.8 0.001294865339
156.85 156.8 156.9 0.001945089329
156.95 156.9 157 0.0008105595569
157.05 157 157.1 0.003120985989
157.15 157.1 157.2 0.0003140177823
157.25 157.2 157.3 -0.000830960379
157.35 157.3 157.4 -0.001221891849
157.45 157.4 157.5 0.003950757827
157.55 157.5 157.6 0.0008723541557
157.65 157.6 157.7 0.001084696711
157.75 157.7 157.8 0.002758072185
157.85 157.8 157.9 1.160299323e-05
157.95 157.9 158 0.00315380611
158.05 158 158.1 -9.669190992e-05
158.15 158.1 158.2 0.00193145853
158.25 158.2 158.3 -0.0007064045561
158.35 158.3 158.4 0.00130978717
158.45 158.4 158.5 0.001999791794
158.55 158.5 158.6 -0.001050524416
158.65 158.6 158.7 0.002232141174
158.75 158.7 158.8 0.0003517676616
158.85 158.8 158.9 0.001388011777
158.95 158.9 159 0.001410055416
159.05 159 159.1 0.004066980004
159.15 159.1 159.2 7.149615096e-05
159.25 159.2 159.3 0.001119738522
159.35 159.3 159.4 0.00300920559
159.45 159.4 159.5 0.002305984047
159.55 159.5 159.6 0.001117952573
159.65 159.6 159.7 0.0007496964273
159.75 159.7 159.8 0.001610731192
159.85 159.8 159.9 0.0005495192672
159.95 159.9 160 0.0004521716793
160.05 160 160.1 0.002541125517
160.15 160.1 160.2 0.001686524236
160.25 160.2 160.3 0.0004682504653
160.35 160.3 160.4 -0.001339859671
160.45 160.4 160.5 0.0006541543786
160.55 160.5 160.6 0.002281628887
160.65 160.6 160.7 0.0001288713245
160.75 160.7 160.8 0.0008790659101
160.85 160.8 160.9 0.003216969154
160.95 160.9 161 0.003486507237
161.05 161 161.1 -0.0008759594793
161.15 161.1 161.2 0.0005997427744
161.25 161.2 161.3 -0.0003763406743
161.35 161.3 161.4 0.004486941813
161.45 161.4 161.5 0.0006199093634
161.55 161.5 161.6 0.002080359023
161.65 161.6 161.7 0.001637811065
161.75 161.7 161.8 0.002188594721
161.85 161.8 161.9 0.002266699387
161.95 161.9 162 0.001843742076
162.05 162 162.1 0.001656309012
162.15 162.1 162.2 0.001234919528
162.25 162.2 162.3 0.000604264805
162.35 162.3 162.4 0.00349928203
162.45 162.4 162.5 0.002317009917
162.55 162.5 162.6 -0.001853279096
162.65 162.6 162.7 0.001816637119
162.75 162.7 162.8 0.001493590389
162.85 162.8 162.9 -0.001010672106
162.95 162.9 163 0.002488726202
163.05 163 163.1 0.001941981849
163.15 163.1 163.2 0.00210279016
163.25 163.2 163.3 0.001102423196
163.35 163.3 163.4 -0.0009430841818
163.45 163.4 163.5 0.001521819978
163.55 163.5 163.6 0.003643993518
163.65 163.6 163.7 0.003281221953
163.75 163.7 163.8 0.0009519092125
163.85 163.8 163.9 0.002033294834
163.95 163.9 164 0.001516215766
164.05 164 164.1 0.005739843581
164.15 164.1 164.2 -0.00145269991
164.25 164.2 164.3 0.002087616742
164.35 164.3 164.4 -0.0007160640834
164.45 164.4 164.5 0.001421395013
164.55 164.5 164.6 0.0002205660755
164.65 164.6 164.7 0.001539498074
164.75 164.7 164.8 0.0009980772702
164.85 164.8 164.9 0.003254760525
164.95 164.9 165 0.005339621497
165.05 165 165.1 0.002986225283
165.15 165.1 165.2 0.0004558472522
165.25 165.2 165.3 0.001247716712
165.35 165.3 165.4 0.002087203259
165.45 165.4 165.5 0.00169482446
165.55 165.5 165.6 -0.000503657083
165.65 165.6 165.7 0.002047160399
165.75 165.7 165.8 -0.0002454223703
165.85 165.8 165.9 0.0007371854982
165.95 165.9 166 0.003262754134
166.05 166 166.1 0.001250526049
166.15 166.1 166.2 0.00135566221
166.25 166.2 166.3 0.0002395027225
166.35 166.3 166.4 -0.001095775863
166.45 166.4 166.5 -0.001833959699
166.55 166.5 166.6 0.001678815311
166.65 166.6 166.7 0.000602634994
166.75 166.7 166.8 -0.001625555377
166.85 166.8 166.9 0.0005212710756
166.95 166.9 167 -0.001507869005
167.05 167 167.1 0.0007252650925
167.15 167.1 167.2 0.0038314359
167.25 167.2 167.3 0.003547384143
167.35 167.3 167.4 0.003207073369
167.45 167.4 167.5 0.002188221069
167.55 167.5 167.6 -0.0008592424091
167.65 167.6 167.7 3.844640722e-05
167.75 167.7 167.8 0.0007818519942
167.85 167.8 167.9 0.001597257546
167.95 167.9 168 0.0001710580442
168.05 168 168.1 0.001183127856
168.15 168.1 168.2 0.0007019623563
168.25 168.2 168.3 0.001012539847
168.35 168.3 168.4 0.003242739449
168.45 168.4 168.5 9.34598562e-05
168.55 168.5 168.6 0.001306972064
168.65 168.6 168.7 0.002262024668
168.75 168.7 168.8 0.001053120548
168.85 168.8 168.9 0.002852120551
168.95 168.9 169 0.001835182213
169.05 169 169.1 0.000312882238
169.15 169.1 169.2 0.001470922809
169.25 169.2 169.3 0.0004738097994
169.35 169.3 169.4 0.0006459076345
169.45 169.4 169.5 0.0002170736827
169.55 169.5 169.6 0.003086691333
169.65 169.6 169.7 0.004234445815
169.75 169.7 169.8 0.00208888871
169.85 169.8 169.9 0.000978216057
169.95 169.9 170 0.001185857553
170.05 170 170.1 0.001522339272
170.15 170.1 170.2 0.004560766257
170.25 170.2 170.3 0.001284374888
170.35 170.3 170.4 0.001805912134
170.45 170.4 170.5 0.002051183292
170.55 170.5 170.6 0.002528891626
170.65 170.6 170.7 0.003325621035
170.75 170.7 170.8 0.002595736574
170.85 170.8 170.9 -6.6334776e-05
170.95 170.9 171 0.0008902609301
171.05 171 171.1 0.001924234853
171.15 171.1 171.2 0.003876456651
171.25 171.2 171.3 0.005341961321
171.35 171.3 171.4 -0.001900909476
171.45 171.4 171.5 0.001481312312
171.55 171.5 171.6 -5.423776753e-05
171.65 171.6 171.7 0.0001541237301
171.75 171.7 171.8 -0.001872363754
171.85 171.8 171.9 0.002680315291
171.95 171.9 172 0.002105712379
172.05 172 172.1 0.001612777181
172.15 172.1 172.2 0.0005458992189
172.25 172.2 172.3 0.001107689359
172.35 172.3 172.4 0.0003087258195
172.45 172.4 172.5 -0.0003042805831
172.55 172.5 172.6 0.0001413717309
172.65 172.6 172.7 0.002461557123
172.75 172.7 172.8 0.002208116594
172.85 172.8 172.9 0.001280216967
172.95 172.9 173 0.003797134896
173.05 173 173.1 0.001320520021
173.15 173.1 173.2 0.002560683361
173.25 173.2 173.3 0.001189300805
173.35 173.3 173.4 0.002232641721
173.45 173.4 173.5 0.00214747415
173.55 173.5 173.6 0.001103061388
173.65 173.6 173.7 0.004602084997
173.75 173.7 173.8 0.00232853073
173.85 173.8 173.9 0.001717507665
173.95 173.9 174 0.0003388119868
174.05 174 174.1 0.001781864648
174.15 174.1 174.2 0.0002066141759
174.25 174.2 174.3 0.0004074396342
174.35 174.3 174.4 0.001545874647
174.45 174.4 174.5 -0.0002255622173
174.55 174.5 174.6 0.001475422345
174.65 174.6 174.7 0.0014307439
174.75 174.7 174.8 0.000417494779
174.85 174.8 174.9 0.0005188629149
174.95 174.9 175 0.001637629154
175.05 175 175.1 0.003166407879
175.15 175.1 175.2 0.0001412651681
175.25 175.2 175.3 0.001858111098
175.35 175.3 175.4 0.002753624866
175.45 175.4 175.5 -9.618968505e-05
175.55 175.5 175.6 4.35124722e-05
175.65 175.6 175.7 0.002189319942
175.75 175.7 175.8 0.002562754392
175.85 175.8 175.9 0.00132005906
175.95 175.9 176 0.001352323001
176.05 176 176.1 0.004445625759
176.15 176.1 176.2 0.004277897854
176.25 176.2 176.3 -0.001653493569
176.35 176.3 176.4 -0.001092095723
176.45 176.4 176.5 0.002787789114
176.55 176.5 176.6 0.002639346466
176.65 176.6 176.7 0.00130627585
176.75 176.7 176.8 0.002364326341
176.85 176.8 176.9 0.001256127657
176.95 176.9 177 -0.001043817612
177.05 177 177.1 0.0007028909593
177.15 177.1 177.2 0.002091856078
177.25 177.2 177.3 0.002669284832
177.35 177.3 177.4 0.0007059559006
177.45 177.4 177.5 0.002597983832
177.55 177.5 177.6 0.003283447792
177.65 177.6 177.7 -0.0007029014655
177.75 177.7 177.8 0.0018428753
177.85 177.8 177.9 0.0008735672588
177.95 177.9 178 0.001199066908
178.05 178 178.1 -0.0001623514345
178.15 178.1 178.2 -0.001019057789
178.25 178.2 178.3 0.00109985997
178.35 178.3 178.4 0.001665880879
178.45 178.4 178.5 0.0008860011577
178.55 178.5 178.6 0.001505010129
178.65 178.6 178.7 0.0006480523189
178.75 178.7 178.8 0.00236767066
178.85 178.8 178.9 0.0009693260338
178.95 178.9 179 0.001972962561
179.05 179 179.1 -0.001355906346
179.15 179.1 179.2 -0.002377317873
179.25 179.2 179.3 0.002036800388
179.35 179.3 179.4 0.00251226077
179.45 179.4 179.5 -0.0001674446352
179.55 179.5 179.6 0.003210948902
179.65 179.6 179.7 0.002388307969
179.75 179.7 179.8 -0.001009430961
179.85 179.8 179.9 0.001166306393
179.95 179.9 180 0.0005978571529
180.05 180 180.1 0.001886782714
180.15 180.1 180.2 0.001448478871
180.25 180.2 180.3 0.001059929753
180.35 180.3 180.4 -0.0009524406833
180.45 180.4 180.5 0.002386145866
180.55 180.5 180.6 0.0008268687953
180.65 180.6 180.7 0.001688425375
180.75 180.7 180.8 -0.001140412618
180.85 180.8 180.9 0.00109628824
180.95 180.9 181 0.001146219463
181.05 181 181.1 0.003343862174
181.15 181.1 181.2 0.0008677560591
181.25 181.2 181.3 -0.0005487358961
181.35 181.3 181.4 0.00237338732
181.45 181.4 181.5 0.0008169850776
181.55 181.5 181.6 -0.001279779453
181.65 181.6 181.7 0.001845357599
181.75 181.7 181.8 -0.0002349954321
181.85 181.8 181.9 0.001482339112
181.95 181.9 182 -0.00135863002
182.05 182 182.1 0.001927685177
182.15 182.1 182.2 0.001444095805
182.25 182.2 182.3 0.001129270487
182.35 182.3 182.4 0.001597303855
182.45 182.4 182.5 0.002284892896
182.55 182.5 182.6 0.002763871264
182.65 182.6 182.7 5.212144329e-05
182.75 182.7 182.8 0.0007394802582
182.85 182.8 182.9 0.00254825005
182.95 182.9 183 -0.0002047090156
183.05 183 183.1 0.001394311981
183.15 183.1 183.2 0.0008776621387
183.25 183.2 183.3 0.0004187056614
183.35 183.3 183.4 -0.0004867558896
183.45 183.4 183.5 0.002849421976
183.55 183.5 183.6 0.0002844983099
183.65 183.6 183.7 0.003560366807
183.75 183.7 183.8 -0.000453067793
183.85 183.8 183.9 0.0007369384022
183.95 183.9 184 0.0009285782808
184.05 184 184.1 0.001228153681
184.15 184.1 184.2 0.001643884422
184.25 184.2 184.3 0.001398112421
184.35 184.3 184.4 0.0007705901247
184.45 184.4 184.5 0.001953825777
184.55 184.5 184.6 0.0004129713345
184.65 184.6 184.7 -0.0001293711844
184.75 184.7 184.8 -0.0006216461055
184.85 184.8 184.9 0.00100987621
184.95 184.9 185 0.003235083929
185.05 185 185.1 -0.0001810214744
185.15 185.1 185.2 0.002286944447
185.25 185.2 185.3 0.00126233684
185.35 185.3 185.4 0.00223266777
185.45 185.4 185.5 0.002133400623
185.55 185.5 185.6 -0.0007350003683
185.65 185.6 185.7 0.001867978083
185.75 185.7 185.8 0.002656230486
185.85 185.8 185.9 0.0004179148596
185.95 185.9 186 -0.0005435387491
186.05 186 186.1 -0.001390009399
186.15 186.1 186.2 0.001387823797
186.25 186.2 186.3 0.001005017577
186.35 186.3 186.4 0.001931181902
186.45 186.4 186.5 0.00216703251
186.55 186.5 186.6 0.00246412456
186.65 186.6 186.7 -9.069522712e-05
186.75 186.7 186.8 0.001140664978
186.85 186.8 186.9 0.002508201984
186.95 186.9 187 0.002564559911
187.05 187 187.1 1.632927019e-05
187.15 187.1 187.2 0.0008728259567
187.25 187.2 187.3 -0.002175336065
187.35 187.3 187.4 0.002573370762
187.45 187.4 187.5 -0.001023704269
187.55 187.5 187.6 0.0004520458154
187.65 187.6 187.7 0.001356767804
187.75 187.7 187.8 0.002810212849
187.85 187.8 187.9 0.001127219258
187.95 187.9 188 0.001140673019
188.05 188 188.1 -0.0008915145048
188.15 188.1 188.2 -0.0002362358854
188.25 188.2 188.3 -0.002419695143
188.35 188.3 188.4 0.001162616201
188.45 188.4 188.5 0.00160656072
188.55 188.5 188.6 -0.0009754586508
188.65 188.6 188.7 -0.0007117013958
188.75 188.7 188.8 -0.0007994408788
188.85 188.8 188.9 -6.687810325e-05
188.95 188.9 189 0.001258929743
189.05 189 189.1 0.001201725058
189.15 189.1 189.2 -0.0004468204311
189.25 189.2 189.3 0.001695603268
189.35 189.3 189.4 0.001747422554
189.45 189.4 189.5 0.001013374782
189.55 189.5 189.6 0.0001062228974
189.65 189.6 189.7 0.001389578609
189.75 189.7 189.8 2.108525533e-05
189.85 189.8 189.9 -0.0006168604243
189.95 189.9 190 -0.000230090284
190.05 190 190.1 -0.0003257839497
190.15 190.1 190.2 0.0008231721021
190.25 190.2 190.3 0.005135433819
190.35 190.3 190.4 0.001644592069
190.45 190.4 190.5 0.000530233281
190.55 190.5 190.6 0.0004063481302
190.65 190.6 190.7 0.0009074203245
190.75 190.7 190.8 0.001397868547
190.85 190.8 190.9 0.00119426841
190.95 190.9 191 0.00265024152
191.05 191 191.1 0.001135148958
191.15 191.1 191.2 -0.0002623934571
191.25 191.2 191.3 -0.0007290329903
191.35 191.3 191.4 0.0007013195364
191.45 191.4 191.5 -0.0006107460186
191.55 191.5 191.6 -0.000403203835
191.65 191.6 191.7 0.001666402093
191.75 191.7 191.8 0.0008196703131
191.85 191.8 191.9 -0.0009036959946
191.95 191.9 192 -0.001722361702
192.05 192 192.1 0.0005253203236
192.15 192.1 192.2 0.00085137642
192.25 192.2 192.3 -0.0001908479354
192.35 192.3 192.4 3.583065975e-05
192.45 192.4 192.5 -0.0007673328769
192.55 192.5 192.6 -0.00116289889
192.65 192.6 192.7 0.0001390663326
192.75 192.7 192.8 -0.001755636716
192.85 192.8 192.9 0.002224148573
192.95 192.9 193 -0.00205805212
193.05 193 193.1 -0.001218198739
193.15 193.1 193.2 -0.001448047268
193.25 193.2 193.3 0.0007186412619
193.35 193.3 193.4 0.0005278481582
193.45 193.4 193.5 -0.0001214623009
193.55 193.5 193.6 0.001013525525
193.65 193.6 193.7 0.0005623357193
193.75 193.7 193.8 -0.002446781441
193.85 193.8 193.9 -0.001347478607
193.95 193.9 194 -0.001477459976
194.05 194 194.1 0.0005516278497
194.15 194.1 194.2 0.00241002614
194.25 194.2 194.3 0.001479531218
194.35 194.3 194.4 -0.000505898776
194.45 194.4 194.5 -0.0009132424187
194.55 194.5 194.6 0.002458699949
194.65 194.6 194.7 -0.0004132517966
194.75 194.7 194.8 0.0003062452118
194.85 194.8 194.9 -0.0001479866072
194.95 194.9 195 -0.002129224111
195.05 195 195.1 0.0004010437531
195.15 195.1 195.2 -0.0003623850737
195.25 195.2 195.3 -0.001556531474
195.35 195.3 195.4 4.795046864e-05
195.45 195.4 195.5 -0.0006158752616
195.55 195.5 195.6 -0.001276662341
195.65 195.6 195.7 0.0009491647553
195.75 195.7 195.8 0.001262881444
195.85 195.8 195.9 0.001158533066
195.95 195.9 196 0.001524036085
196.05 196 196.1 -0.002330776994
196.15 196.1 196.2 0.002416844817
196.25 196.2 196.3 0.000878641708
196.35 196.3 196.4 0.00033469193
196.45 196.4 196.5 -0.001543617561
196.55 196.5 196.6 0.0007995968986
196.65 196.6 196.7 0.001294859758
196.75 196.7 196.8 0.001373449459
196.85 196.8 196.9 0.001311948916
196.95 196.9 197 -0.0001373045984
197.05 197 197.1 -0.0008407677287
197.15 197.1 197.2 0.00172463358
197.25 197.2 197.3 -0.001618807965
197.35 197.3 197.4 0.002041431423
197.45 197.4 197.5 0.001667339637
197.55 197.5 197.6 0.002400194435
197.65 197.6 197.7 9.36364922e-05
197.75 197.7 197.8 0.00088312774
197.85 197.8 197.9 0.0008759024065
197.95 197.9 198 0.0009133994465
198.05 198 198.1 -0.001433404979
198.15 198.1 198.2 0.0001567101071
198.25 198.2 198.3 0.0004266868782
198.35 198.3 198.4 -0.0002248347849
198.45 198.4 198.5 -0.001633889657
198.55 198.5 198.6 -0.0008849617978
198.65 198.6 198.7 -0.002056612578
198.75 198.7 198.8 -0.00183809393
198.85 198.8 198.9 0.002309458244
198.95 198.9 199 -0.0001377441688
199.05 199 199.1 -0.0002446096536
199.15 199.1 199.2 -0.002074780329
199.25 199.2 199.3 -0.001656858007
199.35 199.3 199.4 0.0001051987624
199.45 199.4 199.5 0.0008074646015
199.55 199.5 199.6 0.0002810002083
199.65 199.6 199.7 0.0004870728114
199.75 199.7 199.8 0.0007534894311
199.85 199.8 199.9 -0.00184066275
199.95 199.9 200 -0.0001536617978
