# Columns: s_cen(1) s_min(2) s_max(3) xi_iso(4)
0.05 0 0.1 65.47332655
0.15 0.1 0.2 10.56930573
0.25 0.2 0.3 15.69891242
0.35 0.3 0.4 18.37262386
0.45 0.4 0.5 19.47013901
0.55 0.5 0.6 21.94193849
0.65 0.6 0.7 23.90712914
0.75 0.7 0.8 21.60651031
0.85 0.8 0.9 21.71152324
0.95 0.9 1 21.38329583
1.05 1 1.1 19.05085945
1.15 1.1 1.2 18.72622034
1.25 1.2 1.3 18.03759301
1.35 1.3 1.4 18.0777969
1.45 1.4 1.5 17.33160989
1.55 1.5 1.6 15.6615611
1.65 1.6 1.7 14.94806368
1.75 1.7 1.8 14.14124425
1.85 1.8 1.9 13.05068057
1.95 1.9 2 12.68515931
2.05 2 2.1 11.70911764
2.15 2.1 2.2 11.06661302
2.25 2.2 2.3 10.41456493
2.35 2.3 2.4 9.736032477
2.45 2.4 2.5 9.118847514
2.55 2.5 2.6 8.501848186
2.65 2.6 2.7 8.335452417
2.75 2.7 2.8 7.840192359
2.85 2.8 2.9 7.254718891
2.95 2.9 3 7.023279124
3.05 3 3.1 6.522832351
3.15 3.1 3.2 6.287301893
3.25 3.2 3.3 6.173587501
3.35 3.3 3.4 5.669050051
3.45 3.4 3.5 5.515817235
3.55 3.5 3.6 5.295782746
3.65 3.6 3.7 5.29012646
3.75 3.7 3.8 5.0855031
3.85 3.8 3.9 4.820894566
3.95 3.9 4 4.685171612
4.05 4 4.1 4.534424699
4.15 4.1 4.2 4.434472024
4.25 4.2 4.3 4.227565405
4.35 4.3 4.4 4.115523925
4.45 4.4 4.5 3.909602905
4.55 4.5 4.6 3.807768987
4.65 4.6 4.7 3.654869433
4.75 4.7 4.8 3.524106652
4.85 4.8 4.9 3.473356911
4.95 4.9 5 3.394980665
5.05 5 5.1 3.32323724
5.15 5.1 5.2 3.273822253
5.25 5.2 5.3 3.138869306
5.35 5.3 5.4 3.032311929
5.45 5.4 5.5 2.970950485
5.55 5.5 5.6 2.913847492
5.65 5.6 5.7 2.832539515
5.75 5.7 5.8 2.793646126
5.85 5.8 5.9 2.636810371
5.95 5.9 6 2.584204917
6.05 6 6.1 2.518685674
6.15 6.1 6.2 2.466269461
6.25 6.2 6.3 2.41671967
6.35 6.3 6.4 2.341036924
6.45 6.4 6.5 2.269448503
6.55 6.5 6.6 2.226464521
6.65 6.6 6.7 2.154983259
6.75 6.7 6.8 2.077209546
6.85 6.8 6.9 1.997961351
6.95 6.9 7 2.013723363
7.05 7 7.1 2.008518301
7.15 7.1 7.2 1.92577685
7.25 7.2 7.3 1.891102952
7.35 7.3 7.4 1.787334715
7.45 7.4 7.5 1.807290532
7.55 7.5 7.6 1.769456212
7.65 7.6 7.7 1.723776246
7.75 7.7 7.8 1.689368898
7.85 7.8 7.9 1.649319846
7.95 7.9 8 1.605052717
8.05 8 8.1 1.59598609
8.15 8.1 8.2 1.549697397
8.25 8.2 8.3 1.490803709
8.35 8.3 8.4 1.492417892
8.45 8.4 8.5 1.482208252
8.55 8.5 8.6 1.412929286
8.65 8.6 8.7 1.415630002
8.75 8.7 8.8 1.366915306
8.85 8.8 8.9 1.384346225
8.95 8.9 9 1.353236658
9.05 9 9.1 1.288093491
9.15 9.1 9.2 1.240331204
9.25 9.2 9.3 1.24266348
9.35 9.3 9.4 1.203885165
9.45 9.4 9.5 1.229515926
9.55 9.5 9.6 1.134291909
9.65 9.6 9.7 1.167797968
9.75 9.7 9.8 1.109241545
9.85 9.8 9.9 1.113311632
9.95 9.9 10 1.066120619
10.05 10 10.1 1.064806163
10.15 10.1 10.2 1.03990052
10.25 10.2 10.3 1.019929889
10.35 10.3 10.4 1.027063207
10.45 10.4 10.5 0.9933767623
10.55 10.5 10.6 0.9855886851
10.65 10.6 10.7 0.9608989266
10.75 10.7 10.8 0.9490633489
10.85 10.8 10.9 0.958981059
10.95 10.9 11 0.9351150566
11.05 11 11.1 0.8878520738
11.15 11.1 11.2 0.9062132166
11.25 11.2 11.3 0.8816851361
11.35 11.3 11.4 0.8609654086
11.45 11.4 11.5 0.8541591361
11.55 11.5 11.6 0.8388376862
11.65 11.6 11.7 0.8358239703
11.75 11.7 11.8 0.8011035923
11.85 11.8 11.9 0.7904840116
11.95 11.9 12 0.7793845303
12.05 12 12.1 0.7703012448
12.15 12.1 12.2 0.7758091118
12.25 12.2 12.3 0.7617873906
12.35 12.3 12.4 0.7240714703
12.45 12.4 12.5 0.7204259983
12.55 12.5 12.6 0.7207337679
12.65 12.6 12.7 0.7058538652
12.75 12.7 12.8 0.6993032547
12.85 12.8 12.9 0.6962821041
12.95 12.9 13 0.6743718219
13.05 13 13.1 0.6457218235
13.15 13.1 13.2 0.6705070398
13.25 13.2 13.3 0.6398136417
13.35 13.3 13.4 0.6123407256
13.45 13.4 13.5 0.6151262674
13.55 13.5 13.6 0.6009798818
13.65 13.6 13.7 0.6140617189
13.75 13.7 13.8 0.6020117537
13.85 13.8 13.9 0.6000984635
13.95 13.9 14 0.601326474
14.05 14 14.1 0.5675493755
14.15 14.1 14.2 0.5571210782
14.25 14.2 14.3 0.5425458905
14.35 14.3 14.4 0.5506360991
14.45 14.4 14.5 0.5369697482
14.55 14.5 14.6 0.5427718672
14.65 14.6 14.7 0.52360463
14.75 14.7 14.8 0.5241948486
14.85 14.8 14.9 0.5037272398
14.95 14.9 15 0.5164534537
15.05 15 15.1 0.4953949291
15.15 15.1 15.2 0.4868450382
15.25 15.2 15.3 0.4900020114
15.35 15.3 15.4 0.4871638609
15.45 15.4 15.5 0.4750071375
15.55 15.5 15.6 0.4904974999
15.65 15.6 15.7 0.47068992
15.75 15.7 15.8 0.4704754626
15.85 15.8 15.9 0.4613520084
15.95 15.9 16 0.4573056192
16.05 16 16.1 0.4459970033
16.15 16.1 16.2 0.4326399371
16.25 16.2 16.3 0.4500535974
16.35 16.3 16.4 0.4311073671
16.45 16.4 16.5 0.4135369634
16.55 16.5 16.6 0.4076396611
16.65 16.6 16.7 0.4114519012
16.75 16.7 16.8 0.3984368039
16.85 16.8 16.9 0.4042227682
16.95 16.9 17 0.4033965885
17.05 17 17.1 0.3733206166
17.15 17.1 17.2 0.3912313723
17.25 17.2 17.3 0.3838359496
17.35 17.3 17.4 0.3832294591
17.45 17.4 17.5 0.3683721196
17.55 17.5 17.6 0.3825842402
17.65 17.6 17.7 0.3682677443
17.75 17.7 17.8 0.3650600921
17.85 17.8 17.9 0.3623708523
17.95 17.9 18 0.3440797597
18.05 18 18.1 0.3384176649
18.15 18.1 18.2 0.3336025131
18.25 18.2 18.3 0.3486443092
18.35 18.3 18.4 0.3464343985
18.45 18.4 18.5 0.3338541221
18.55 18.5 18.6 0.3101123593
18.65 18.6 18.7 0.3243282828
18.75 18.7 18.8 0.332660949
18.85 18.8 18.9 0.3236552263
18.95 18.9 19 0.2980680055
19.05 19 19.1 0.3175858418
19.15 19.1 19.2 0.3162336249
19.25 19.2 19.3 0.3083665329
19.35 19.3 19.4 0.3052755599
19.45 19.4 19.5 0.2897944007
19.55 19.5 19.6 0.3014461112
19.65 19.6 19.7 0.2946953373
19.75 19.7 19.8 0.2737880438
19.85 19.8 19.9 0.2953449166
19.95 19.9 20 0.2881460924
20.05 20 20.1 0.2897043878
20.15 20.1 20.2 0.2833545836
20.25 20.2 20.3 0.2677500051
20.35 20.3 20.4 0.2777216504
20.45 20.4 20.5 0.2750068181
20.55 20.5 20.6 0.2570457917
20.65 20.6 20.7 0.2636548705
20.75 20.7 20.8 0.2729699962
20.85 20.8 20.9 0.263367112
20.95 20.9 21 0.2637670547
21.05 21 21.1 0.2481830213
21.15 21.1 21.2 0.2637879836
21.25 21.2 21.3 0.2515417029
21.35 21.3 21.4 0.2536804633
21.45 21.4 21.5 0.2419736008
21.55 21.5 21.6 0.2310871352
21.65 21.6 21.7 0.2389961735
21.75 21.7 21.8 0.2408792206
21.85 21.8 21.9 0.2231416443
21.95 21.9 22 0.2329260481
22.05 22 22.1 0.2287927627
22.15 22.1 22.2 0.2322958433
22.25 22.2 22.3 0.2230449825
22.35 22.3 22.4 0.2219608513
22.45 22.4 22.5 0.2198155377
22.55 22.5 22.6 0.2121786079
22.65 22.6 22.7 0.2062375504
22.75 22.7 22.8 0.210246029
22.85 22.8 22.9 0.2038640459
22.95 22.9 23 0.2065124894
23.05 23 23.1 0.2009351258
23.15 23.1 23.2 0.2012925325
23.25 23.2 23.3 0.1919681355
23.35 23.3 23.4 0.2021052706
23.45 23.4 23.5 0.2072520444
23.55 23.5 23.6 0.2046264211
23.65 23.6 23.7 0.2050887356
23.75 23.7 23.8 0.2019308458
23.85 23.8 23.9 0.1878715708
23.95 23.9 24 0.1780544663
24.05 24 24.1 0.1897136222
24.15 24.1 24.2 0.1888926977
24.25 24.2 24.3 0.1836099954
24.35 24.3 24.4 0.1850607968
24.45 24.4 24.5 0.1846876508
24.55 24.5 24.6 0.1841633399
24.65 24.6 24.7 0.1828403829
24.75 24.7 24.8 0.1770466412
24.85 24.8 24.9 0.175270094
24.95 24.9 25 0.1815517256
25.05 25 25.1 0.1776301011
25.15 25.1 25.2 0.1684882242
25.25 25.2 25.3 0.1617115281
25.35 25.3 25.4 0.1695269829
25.45 25.4 25.5 0.1665429514
25.55 25.5 25.6 0.1606695739
25.65 25.6 25.7 0.1647058874
25.75 25.7 25.8 0.1624646179
25.85 25.8 25.9 0.1649978633
25.95 25.9 26 0.1730179818
26.05 26 26.1 0.1635794686
26.15 26.1 26.2 0.1623260952
26.25 26.2 26.3 0.1551827446
26.35 26.3 26.4 0.1592921971
26.45 26.4 26.5 0.1478523497
26.55 26.5 26.6 0.1506050417
26.65 26.6 26.7 0.1478529539
26.75 26.7 26.8 0.1513909605
26.85 26.8 26.9 0.1439680452
26.95 26.9 27 0.1478788308
27.05 27 27.1 0.1478720803
27.15 27.1 27.2 0.1437791199
27.25 27.2 27.3 0.1455423407
27.35 27.3 27.4 0.1423142082
27.45 27.4 27.5 0.1344905794
27.55 27.5 27.6 0.1443079519
27.65 27.6 27.7 0.1439652449
27.75 27.7 27.8 0.1423609663
27.85 27.8 27.9 0.1382039865
27.95 27.9 28 0.1409025438
28.05 28 28.1 0.1320059706
28.15 28.1 28.2 0.1321688728
28.25 28.2 28.3 0.1226101533
28.35 28.3 28.4 0.1307692103
28.45 28.4 28.5 0.1349144891
28.55 28.5 28.6 0.1304771561
28.65 28.6 28.7 0.1294892143
28.75 28.7 28.8 0.1297145493
28.85 28.8 28.9 0.1229622873
28.95 28.9 29 0.1272764172
29.05 29 29.1 0.1151419933
29.15 29.1 29.2 0.1277142019
29.25 29.2 29.3 0.1204982149
29.35 29.3 29.4 0.1251771458
29.45 29.4 29.5 0.1212129904
29.55 29.5 29.6 0.1131306535
29.65 29.6 29.7 0.1247236233
29.75 29.7 29.8 0.1148493518
29.85 29.8 29.9 0.1148565552
29.95 29.9 30 0.1211484142
30.05 30 30.1 0.1127450113
30.15 30.1 30.2 0.1103304737
30.25 30.2 30.3 0.1155732877
30.35 30.3 30.4 0.1105704284
30.45 30.4 30.5 0.1086160676
30.55 30.5 30.6 0.1117630415
30.65 30.6 30.7 0.1071408789
30.75 30.7 30.8 0.1112805552
30.85 30.8 30.9 0.1062301099
30.95 30.9 31 0.1043247221
31.05 31 31.1 0.1037640485
31.15 31.1 31.2 0.1006109678
31.25 31.2 31.3 0.1050069804
31.35 31.3 31.4 0.1061846781
31.45 31.4 31.5 0.09778920345
31.55 31.5 31.6 0.1014707354
31.65 31.6 31.7 0.09756991383
31.75 31.7 31.8 0.09418781952
31.85 31.8 31.9 0.1009250162
31.95 31.9 32 0.0890567111
32.05 32 32.1 0.1018424967
32.15 32.1 32.2 0.1029246296
32.25 32.2 32.3 0.0915840987
32.35 32.3 32.4 0.09265192028
32.45 32.4 32.5 0.09906524137
32.55 32.5 32.6 0.09447034184
32.65 32.6 32.7 0.1021008963
32.75 32.7 32.8 0.09136292117
32.85 32.8 32.9 0.08390428435
32.95 32.9 33 0.08748193648
33.05 33 33.1 0.08727768466
33.15 33.1 33.2 0.08881978911
33.25 33.2 33.3 0.08726922375
33.35 33.3 33.4 0.08298149158
33.45 33.4 33.5 0.09173697177
33.55 33.5 33.6 0.09286239352
33.65 33.6 33.7 0.08723859922
33.75 33.7 33.8 0.08717660844
33.85 33.8 33.9 0.08743753128
33.95 33.9 34 0.08883678167
34.05 34 34.1 0.08610595666
34.15 34.1 34.2 0.08596358641
34.25 34.2 34.3 0.07551544102
34.35 34.3 34.4 0.08677491258
34.45 34.4 34.5 0.07939014933
34.55 34.5 34.6 0.08501910723
34.65 34.6 34.7 0.08597068899
34.75 34.7 34.8 0.07857899364
34.85 34.8 34.9 0.08617010859
34.95 34.9 35 0.08217415873
35.05 35 35.1 0.07759859686
35.15 35.1 35.2 0.07666755145
35.25 35.2 35.3 0.07795701801
35.35 35.3 35.4 0.08230367236
35.45 35.4 35.5 0.07867458372
35.55 35.5 35.6 0.07645412963
35.65 35.6 35.7 0.08295810545
35.75 35.7 35.8 0.06953601428
35.85 35.8 35.9 0.07537859847
35.95 35.9 36 0.07146694299
36.05 36 36.1 0.07966111415
36.15 36.1 36.2 0.07500741279
36.25 36.2 36.3 0.06979636391
36.35 36.3 36.4 0.06784793948
36.45 36.4 36.5 0.06642349132
36.55 36.5 36.6 0.07296022845
36.65 36.6 36.7 0.07053667484
36.75 36.7 36.8 0.0702949545
36.85 36.8 36.9 0.06826185301
36.95 36.9 37 0.07191587678
37.05 37 37.1 0.06310303248
37.15 37.1 37.2 0.06128356792
37.25 37.2 37.3 0.07187547349
37.35 37.3 37.4 0.06125249896
37.45 37.4 37.5 0.06285240506
37.55 37.5 37.6 0.07222458681
37.65 37.6 37.7 0.06612191958
37.75 37.7 37.8 0.06627813955
37.85 37.8 37.9 0.06683849615
37.95 37.9 38 0.07121016568
38.05 38 38.1 0.06093731264
38.15 38.1 38.2 0.06244697384
38.25 38.2 38.3 0.06130384766
38.35 38.3 38.4 0.06099069368
38.45 38.4 38.5 0.0598881617
38.55 38.5 38.6 0.06072420204
38.65 38.6 38.7 0.06616551393
38.75 38.7 38.8 0.06050413986
38.85 38.8 38.9 0.06600725851
38.95 38.9 39 0.06034832405
39.05 39 39.1 0.06413914436
39.15 39.1 39.2 0.06325002078
39.25 39.2 39.3 0.06072387905
39.35 39.3 39.4 0.05272248164
39.45 39.4 39.5 0.0621988572
39.55 39.5 39.6 0.05986866686
39.65 39.6 39.7 0.0598533392
39.75 39.7 39.8 0.05743138394
39.85 39.8 39.9 0.05519863649
39.95 39.9 40 0.06074658385
40.05 40 40.1 0.05599251063
40.15 40.1 40.2 0.05483865972
40.25 40.2 40.3 0.06035712191
40.35 40.3 40.4 0.05975876056
40.45 40.4 40.5 0.05510477313
40.55 40.5 40.6 0.05619475289
40.65 40.6 40.7 0.05252927373
40.75 40.7 40.8 0.04943158384
40.85 40.8 40.9 0.05263424644
40.95 40.9 41 0.06422484968
41.05 41 41.1 0.05055465677
41.15 41.1 41.2 0.05430854475
41.25 41.2 41.3 0.05515029624
41.35 41.3 41.4 0.04722556245
41.45 41.4 41.5 0.05288543153
41.55 41.5 41.6 0.05396698855
41.65 41.6 41.7 0.05048835515
41.75 41.7 41.8 0.05251111913
41.85 41.8 41.9 0.04622371591
41.95 41.9 42 0.04291589911
42.05 42 42.1 0.0475806002
42.15 42.1 42.2 0.04410459697
42.25 42.2 42.3 0.04700220492
42.35 42.3 42.4 0.04951107554
42.45 42.4 42.5 0.04739758155
42.55 42.5 42.6 0.04681159448
42.65 42.6 42.7 0.04720442396
42.75 42.7 42.8 0.04522859511
42.85 42.8 42.9 0.04169772242
42.95 42.9 43 0.04311431605
43.05 43 43.1 0.04941811222
43.15 43.1 43.2 0.04480141748
43.25 43.2 43.3 0.04619351311
43.35 43.3 43.4 0.04423935417
43.45 43.4 43.5 0.04122275575
43.55 43.5 43.6 0.04406783432
43.65 43.6 43.7 0.04997167665
43.75 43.7 43.8 0.04072307815
43.85 43.8 43.9 0.04423246756
43.95 43.9 44 0.04670500938
44.05 44 44.1 0.04069937449
44.15 44.1 44.2 0.04626865142
44.25 44.2 44.3 0.04420347918
44.35 44.3 44.4 0.04141839265
44.45 44.4 44.5 0.04037621844
44.55 44.5 44.6 0.04229704496
44.65 44.6 44.7 0.03934494245
44.75 44.7 44.8 0.04689233598
44.85 44.8 44.9 0.04556861849
44.95 44.9 45 0.04226898441
45.05 45 45.1 0.03733689937
45.15 45.1 45.2 0.04359298759
45.25 45.2 45.3 0.03574928488
45.35 45.3 45.4 0.03616252866
45.45 45.4 45.5 0.03774561018
45.55 45.5 45.6 0.03819159428
45.65 45.6 45.7 0.03960673683
45.75 45.7 45.8 0.03427072728
45.85 45.8 45.9 0.04150486384
45.95 45.9 46 0.04485918512
46.05 46 46.1 0.03816381199
46.15 46.1 46.2 0.03917683677
46.25 46.2 46.3 0.03874324037
46.35 46.3 46.4 0.03628131648
46.45 46.4 46.5 0.04406414235
46.55 46.5 46.6 0.03667637739
46.65 46.6 46.7 0.03637218069
46.75 46.7 46.8 0.04087187963
46.85 46.8 46.9 0.03389077017
46.95 46.9 47 0.03703440638
47.05 47 47.1 0.03759706889
47.15 47.1 47.2 0.03273642586
47.25 47.2 47.3 0.03883492777
47.35 47.3 47.4 0.03409251525
47.45 47.4 47.5 0.03509623698
47.55 47.5 47.6 0.03631680227
47.65 47.6 47.7 0.03405501888
47.75 47.7 47.8 0.03375247429
47.85 47.8 47.9 0.03640595064
47.95 47.9 48 0.03684324845
48.05 48 48.1 0.03660444128
48.15 48.1 48.2 0.03453390781
48.25 48.2 48.3 0.03070739639
48.35 48.3 48.4 0.03511049459
48.45 48.4 48.5 0.03185483242
48.55 48.5 48.6 0.03479354612
48.65 48.6 48.7 0.03189181481
48.75 48.7 48.8 0.02933819184
48.85 48.8 48.9 0.03071326438
48.95 48.9 49 0.02979365589
49.05 49 49.1 0.03508369401
49.15 49.1 49.2 0.03034106659
49.25 49.2 49.3 0.03078540328
49.35 49.3 49.4 0.03367251215
49.45 49.4 49.5 0.02907299443
49.55 49.5 49.6 0.03184842093
49.65 49.6 49.7 0.03445769342
49.75 49.7 49.8 0.03398360919
49.85 49.8 49.9 0.0322499155
49.95 49.9 50 0.03486864535
50.05 50 50.1 0.02712377828
50.15 50.1 50.2 0.03220337452
50.25 50.2 50.3 0.02813798763
50.35 50.3 50.4 0.02923695809
50.45 50.4 50.5 0.03120015943
50.55 50.5 50.6 0.0274305218
50.65 50.6 50.7 0.02595856251
50.75 50.7 50.8 0.03025727379
50.85 50.8 50.9 0.02904832647
50.95 50.9 51 0.03085076492
51.05 51 51.1 0.03074142902
51.15 51.1 51.2 0.03347448163
51.25 51.2 51.3 0.03007178932
51.35 51.3 51.4 0.03144965048
51.45 51.4 51.5 0.02913975137
51.55 51.5 51.6 0.02631960263
51.65 51.6 51.7 0.02930855829
51.75 51.7 51.8 0.02909984576
51.85 51.8 51.9 0.02664630518
51.95 51.9 52 0.02465099487
52.05 52 52.1 0.02901393566
52.15 52.1 52.2 0.02547886211
52.25 52.2 52.3 0.03112658173
52.35 52.3 52.4 0.03050511908
52.45 52.4 52.5 0.03046830839
52.55 52.5 52.6 0.03267557678
52.65 52.6 52.7 0.02442668973
52.75 52.7 52.8 0.0261915632
52.85 52.8 52.9 0.02777530473
52.95 52.9 53 0.0267650814
53.05 53 53.1 0.02436493361
53.15 53.1 53.2 0.02519984214
53.25 53.2 53.3 0.02630762214
53.35 53.3 53.4 0.02896924532
53.45 53.4 53.5 0.02980241845
53.55 53.5 53.6 0.02371032115
53.65 53.6 53.7 0.02399522163
53.75 53.7 53.8 0.02422648937
53.85 53.8 53.9 0.02537544478
53.95 53.9 54 0.02360252066
54.05 54 54.1 0.02392335827
54.15 54.1 54.2 0.02560076857
54.25 54.2 54.3 0.02690605048
54.35 54.3 54.4 0.02275503633
54.45 54.4 54.5 0.02887299556
54.55 54.5 54.6 0.02465115854
54.65 54.6 54.7 0.02233272829
54.75 54.7 54.8 0.02530161452
54.85 54.8 54.9 0.02142660994
54.95 54.9 55 0.02494459376
55.05 55 55.1 0.02444986581
55.15 55.1 55.2 0.02249844504
55.25 55.2 55.3 0.02627948516
55.35 55.3 55.4 0.02604497152
55.45 55.4 55.5 0.02283784795
55.55 55.5 55.6 0.02134674291
55.65 55.6 55.7 0.02349034347
55.75 55.7 55.8 0.01931322089
55.85 55.8 55.9 0.02251591275
55.95 55.9 56 0.02387861547
56.05 56 56.1 0.02078455852
56.15 56.1 56.2 0.01731413538
56.25 56.2 56.3 0.02273814007
56.35 56.3 56.4 0.02248434753
56.45 56.4 56.5 0.02163951869
56.55 56.5 56.6 0.02043695285
56.65 56.6 56.7 0.01937302424
56.75 56.7 56.8 0.01714919044
56.85 56.8 56.9 0.02089953956
56.95 56.9 57 0.02327224434
57.05 57 57.1 0.01541699547
57.15 57.1 57.2 0.01973652857
57.25 57.2 57.3 0.0221223416
57.35 57.3 57.4 0.0213685276
57.45 57.4 57.5 0.01917184071
57.55 57.5 57.6 0.02144159306
57.65 57.6 57.7 0.02197881342
57.75 57.7 57.8 0.02438105562
57.85 57.8 57.9 0.01633266335
57.95 57.9 58 0.01853690079
58.05 58 58.1 0.0197296499
58.15 58.1 58.2 0.01688925166
58.25 58.2 58.3 0.02024768834
58.35 58.3 58.4 0.01509272841
58.45 58.4 58.5 0.01615523165
58.55 58.5 58.6 0.01889018996
58.65 58.6 58.7 0.01745310217
58.75 58.7 58.8 0.016615684
58.85 58.8 58.9 0.01698419084
58.95 58.9 59 0.01710508119
59.05 59 59.1 0.01954213108
59.15 59.1 59.2 0.01591920193
59.25 59.2 59.3 0.01993664045
59.35 59.3 59.4 0.01808379583
59.45 59.4 59.5 0.01709765196
59.55 59.5 59.6 0.01637942176
59.65 59.6 59.7 0.01567066829
59.75 59.7 59.8 0.01902808834
59.85 59.8 59.9 0.01543021573
59.95 59.9 60 0.01926100402
60.05 60 60.1 0.01726721299
60.15 60.1 60.2 0.01742122956
60.25 60.2 60.3 0.02253753737
60.35 60.3 60.4 0.01575627922
60.45 60.4 60.5 0.01714867667
60.55 60.5 60.6 0.01780867473
60.65 60.6 60.7 0.01955464961
60.75 60.7 60.8 0.01720073711
60.85 60.8 60.9 0.01990099993
60.95 60.9 61 0.0203970553
61.05 61 61.1 0.01631299017
61.15 61.1 61.2 0.01667834062
61.25 61.2 61.3 0.01581057291
61.35 61.3 61.4 0.01649631507
61.45 61.4 61.5 0.01709128589
61.55 61.5 61.6 0.02219014924
61.65 61.6 61.7 0.01434734501
61.75 61.7 61.8 0.01551214265
61.85 61.8 61.9 0.01616048622
61.95 61.9 62 0.01843183563
62.05 62 62.1 0.01244480495
62.15 62.1 62.2 0.01661404171
62.25 62.2 62.3 0.01344518078
62.35 62.3 62.4 0.01816913469
62.45 62.4 62.5 0.0166368371
62.55 62.5 62.6 0.01863237943
62.65 62.6 62.7 0.01075965874
62.75 62.7 62.8 0.01877314626
62.85 62.8 62.9 0.01582514847
62.95 62.9 63 0.01731457879
63.05 63 63.1 0.01385379587
63.15 63.1 63.2 0.01382727869
63.25 63.2 63.3 0.01583546698
63.35 63.3 63.4 0.01785092871
63.45 63.4 63.5 0.01531123668
63.55 63.5 63.6 0.01186464171
63.65 63.6 63.7 0.01035436206
63.75 63.7 63.8 0.01606374529
63.85 63.8 63.9 0.01172833514
63.95 63.9 64 0.01937395247
64.05 64 64.1 0.01302965303
64.15 64.1 64.2 0.01483819147
64.25 64.2 64.3 0.01549090445
64.35 64.3 64.4 0.01561855475
64.45 64.4 64.5 0.01505125294
64.55 64.5 64.6 0.0148233905
64.65 64.6 64.7 0.01578125413
64.75 64.7 64.8 0.01305243542
64.85 64.8 64.9 0.01832381258
64.95 64.9 65 0.01757037852
65.05 65 65.1 0.01241246458
65.15 65.1 65.2 0.01329306026
65.25 65.2 65.3 0.01236162611
65.35 65.3 65.4 0.01436884791
65.45 65.4 65.5 0.01067883266
65.55 65.5 65.6 0.01489590852
65.65 65.6 65.7 0.01586726143
65.75 65.7 65.8 0.01527791731
65.85 65.8 65.9 0.01468606734
65.95 65.9 66 0.01649347863
66.05 66 66.1 0.01345787965
66.15 66.1 66.2 0.01252781712
66.25 66.2 66.3 0.01416831205
66.35 66.3 66.4 0.01471677856
66.45 66.4 66.5 0.01930322604
66.55 66.5 66.6 0.01829495052
66.65 66.6 66.7 0.01618724521
66.75 66.7 66.8 0.01369755409
66.85 66.8 66.9 0.01193048954
66.95 66.9 67 0.01548617468
67.05 67 67.1 0.0161405711
67.15 67.1 67.2 0.01714414668
67.25 67.2 67.3 0.01565167448
67.35 67.3 67.4 0.01576523234
67.45 67.4 67.5 0.01347953336
67.55 67.5 67.6 0.01516115704
67.65 67.6 67.7 0.01226353922
67.75 67.7 67.8 0.01110866366
67.85 67.8 67.9 0.01453292253
67.95 67.9 68 0.01408323037
68.05 68 68.1 0.01546645678
68.15 68.1 68.2 0.01283322321
68.25 68.2 68.3 0.01315780009
68.35 68.3 68.4 0.01458280083
68.45 68.4 68.5 0.01340104808
68.55 68.5 68.6 0.01288910967
68.65 68.6 68.7 0.01442371619
68.75 68.7 68.8 0.0128155495
68.85 68.8 68.9 0.01217616866
68.95 68.9 69 0.01353648193
69.05 69 69.1 0.01301409106
69.15 69.1 69.2 0.01407522498
69.25 69.2 69.3 0.01585779094
69.35 69.3 69.4 0.01220330871
69.45 69.4 69.5 0.010102887
69.55 69.5 69.6 0.01198587443
69.65 69.6 69.7 0.01578233262
69.75 69.7 69.8 0.01359889735
69.85 69.8 69.9 0.01291195767
69.95 69.9 70 0.01311804077
70.05 70 70.1 0.01156989796
70.15 70.1 70.2 0.01374339324
70.25 70.2 70.3 0.01102100976
70.35 70.3 70.4 0.0123519987
70.45 70.4 70.5 0.01386509366
70.55 70.5 70.6 0.007877103461
70.65 70.6 70.7 0.01329708024
70.75 70.7 70.8 0.01484784712
70.85 70.8 70.9 0.01395355542
70.95 70.9 71 0.01394340404
71.05 71 71.1 0.01281597934
71.15 71.1 71.2 0.01376858143
71.25 71.2 71.3 0.009392687307
71.35 71.3 71.4 0.01171755597
71.45 71.4 71.5 0.008916731059
71.55 71.5 71.6 0.01209667902
71.65 71.6 71.7 0.01179952388
71.75 71.7 71.8 0.007056214891
71.85 71.8 71.9 0.01233302502
71.95 71.9 72 0.01571482624
72.05 72 72.1 0.01409113735
72.15 72.1 72.2 0.01006468529
72.25 72.2 72.3 0.01337007572
72.35 72.3 72.4 0.01040922889
72.45 72.4 72.5 0.00973327784
72.55 72.5 72.6 0.01259219333
72.65 72.6 72.7 0.01346978313
72.75 72.7 72.8 0.01151138984
72.85 72.8 72.9 0.01304016464
72.95 72.9 73 0.01183186352
73.05 73 73.1 0.01358703703
73.15 73.1 73.2 0.01354764863
73.25 73.2 73.3 0.01371229107
73.35 73.3 73.4 0.01370790143
73.45 73.4 73.5 0.01011561031
73.55 73.5 73.6 0.01091373933
73.65 73.6 73.7 0.0105212673
73.75 73.7 73.8 0.01018537514
73.85 73.8 73.9 0.009376373171
73.95 73.9 74 0.01167261353
74.05 74 74.1 0.01181488519
74.15 74.1 74.2 0.01198680515
74.25 74.2 74.3 0.01511697592
74.35 74.3 74.4 0.01016799489
74.45 74.4 74.5 0.01266355116
74.55 74.5 74.6 0.0110510948
74.65 74.6 74.7 0.01149708726
74.75 74.7 74.8 0.01351407088
74.85 74.8 74.9 0.009499100845
74.95 74.9 75 0.01515824069
75.05 75 75.1 0.01180370163
75.15 75.1 75.2 0.01060015561
75.25 75.2 75.3 0.01391598618
75.35 75.3 75.4 0.01451169045
75.45 75.4 75.5 0.01079155631
75.55 75.5 75.6 0.01143269084
75.65 75.6 75.7 0.01184331328
75.75 75.7 75.8 0.009130402783
75.85 75.8 75.9 0.01001148351
75.95 75.9 76 0.01145439348
76.05 76 76.1 0.01428177546
76.15 76.1 76.2 0.01244381479
76.25 76.2 76.3 0.01253671052
76.35 76.3 76.4 0.01232084547
76.45 76.4 76.5 0.01086868096
76.55 76.5 76.6 0.01381423717
76.65 76.6 76.7 0.008709686962
76.75 76.7 76.8 0.01193254616
76.85 76.8 76.9 0.009323897627
76.95 76.9 77 0.01286993639
77.05 77 77.1 0.01322890961
77.15 77.1 77.2 0.01165543057
77.25 77.2 77.3 0.01055506784
77.35 77.3 77.4 0.01204267003
77.45 77.4 77.5 0.01288831
77.55 77.5 77.6 0.01161806789
77.65 77.6 77.7 0.009640790384
77.75 77.7 77.8 0.009581344896
77.85 77.8 77.9 0.008676210547
77.95 77.9 78 0.01166486056
78.05 78 78.1 0.00992579042
78.15 78.1 78.2 0.01305647543
78.25 78.2 78.3 0.01083711724
78.35 78.3 78.4 0.01074312976
78.45 78.4 78.5 0.01100339506
78.55 78.5 78.6 0.009477769537
78.65 78.6 78.7 0.00972582259
78.75 78.7 78.8 0.01080535113
78.85 78.8 78.9 0.01012147738
78.95 78.9 79 0.00876034289
79.05 79 79.1 0.01202463224
79.15 79.1 79.2 0.008668884168
79.25 79.2 79.3 0.01154163285
79.35 79.3 79.4 0.007151892025
79.45 79.4 79.5 0.009602975415
79.55 79.5 79.6 0.007949164328
79.65 79.6 79.7 0.007204290154
79.75 79.7 79.8 0.01040254949
79.85 79.8 79.9 0.007420828737
79.95 79.9 80 0.008337885174
80.05 80 80.1 0.01235621723
80.15 80.1 80.2 0.008246670696
80.25 80.2 80.3 0.005929221369
80.35 80.3 80.4 0.006299019543
80.45 80.4 80.5 0.009920755675
80.55 80.5 80.6 0.0118610121
80.65 80.6 80.7 0.00908820909
80.75 80.7 80.8 0.009600550307
80.85 80.8 80.9 0.006233848688
80.95 80.9 81 0.005401829765
81.05 81 81.1 0.008658314478
81.15 81.1 81.2 0.00800274832
81.25 81.2 81.3 0.008036595316
81.35 81.3 81.4 0.008961094648
81.45 81.4 81.5 0.01230130268
81.55 81.5 81.6 0.008767321116
81.65 81.6 81.7 0.00714873595
81.75 81.7 81.8 0.009029817449
81.85 81.8 81.9 0.008019652696
81.95 81.9 82 0.007430681691
82.05 82 82.1 0.01081975232
82.15 82.1 82.2 0.007049525768
82.25 82.2 82.3 0.007233850617
82.35 82.3 82.4 0.00640644413
82.45 82.4 82.5 0.007279951306
82.55 82.5 82.6 0.006559631955
82.65 82.6 82.7 0.01068814396
82.75 82.7 82.8 0.008545249526
82.85 82.8 82.9 0.007041750987
82.95 82.9 83 0.008353514184
83.05 83 83.1 0.009776577929
83.15 83.1 83.2 0.009852640987
83.25 83.2 83.3 0.007149810416
83.35 83.3 83.4 0.009610986645
83.45 83.4 83.5 0.008144210786
83.55 83.5 83.6 0.008277779036
83.65 83.6 83.7 0.008985876682
83.75 83.7 83.8 0.009163421105
83.85 83.8 83.9 0.009814913241
83.95 83.9 84 0.01009022968
84.05 84 84.1 0.005580955934
84.15 84.1 84.2 0.006217981902
84.25 84.2 84.3 0.01139363332
84.35 84.3 84.4 0.006777518885
84.45 84.4 84.5 0.007670434122
84.55 84.5 84.6 0.007694170854
84.65 84.6 84.7 0.008900618867
84.75 84.7 84.8 0.009793622128
84.85 84.8 84.9 0.006929399595
84.95 84.9 85 0.007654535242
85.05 85 85.1 0.005223920432
85.15 85.1 85.2 0.007903307841
85.25 85.2 85.3 0.006362093163
85.35 85.3 85.4 0.009807061019
85.45 85.4 85.5 0.008354485572
85.55 85.5 85.6 0.008152565645
85.65 85.6 85.7 0.009727700637
85.75 85.7 85.8 0.00710278649
85.85 85.8 85.9 0.01065003176
85.95 85.9 86 0.007394187786
86.05 86 86.1 0.00765844785
86.15 86.1 86.2 0.006299751388
86.25 86.2 86.3 0.007705688538
86.35 86.3 86.4 0.007302991814
86.45 86.4 86.5 0.005767858372
86.55 86.5 86.6 0.00904505686
86.65 86.6 86.7 0.005826535095
86.75 86.7 86.8 0.00801662413
86.85 86.8 86.9 0.004807651826
86.95 86.9 87 0.01080594221
87.05 87 87.1 0.007821664885
87.15 87.1 87.2 0.00699153987
87.25 87.2 87.3 0.004568875745
87.35 87.3 87.4 0.006591173804
87.45 87.4 87.5 0.00832046411
87.55 87.5 87.6 0.008397242281
87.65 87.6 87.7 0.00822909493
87.75 87.7 87.8 0.01076119097
87.85 87.8 87.9 0.006558470395
87.95 87.9 88 0.005236014455
88.05 88 88.1 0.007627094132
88.15 88.1 88.2 0.009243314729
88.25 88.2 88.3 0.009411273509
88.35 88.3 88.4 0.01127248595
88.45 88.4 88.5 0.004806038314
88.55 88.5 88.6 0.006035534927
88.65 88.6 88.7 0.007029147051
88.75 88.7 88.8 0.007634448894
88.85 88.8 88.9 0.008888540656
88.95 88.9 89 0.007028346637
89.05 89 89.1 0.006483421191
89.15 89.1 89.2 0.00557130237
89.25 89.2 89.3 0.006092959697
89.35 89.3 89.4 0.006083812023
89.45 89.4 89.5 0.004201350736
89.55 89.5 89.6 0.009836925349
89.65 89.6 89.7 0.004605717957
89.75 89.7 89.8 0.008688416693
89.85 89.8 89.9 0.006724298455
89.95 89.9 90 0.007352215146
90.05 90 90.1 0.006399032538
90.15 90.1 90.2 0.008766519547
90.25 90.2 90.3 0.005421002404
90.35 90.3 90.4 0.006975202359
90.45 90.4 90.5 0.007199496833
90.55 90.5 90.6 0.004838343976
90.65 90.6 90.7 0.009751027457
90.75 90.7 90.8 0.006924439492
90.85 90.8 90.9 0.003707450142
90.95 90.9 91 0.007956371797
91.05 91 91.1 0.008623620489
91.15 91.1 91.2 0.007862631752
91.25 91.2 91.3 0.006632124237
91.35 91.3 91.4 0.00602413032
91.45 91.4 91.5 0.007525571267
91.55 91.5 91.6 0.007149418102
91.65 91.6 91.7 0.009428574707
91.75 91.7 91.8 0.00810873872
91.85 91.8 91.9 0.008125866511
91.95 91.9 92 0.007426657568
92.05 92 92.1 0.006437026816
92.15 92.1 92.2 0.006939453131
92.25 92.2 92.3 0.006098532307
92.35 92.3 92.4 0.009786782731
92.45 92.4 92.5 0.009384181171
92.55 92.5 92.6 0.005325274792
92.65 92.6 92.7 0.005235604243
92.75 92.7 92.8 0.005635419311
92.85 92.8 92.9 0.006762398198
92.95 92.9 93 0.006907821795
93.05 93 93.1 0.006243099067
93.15 93.1 93.2 0.007598608989
93.25 93.2 93.3 0.005640772978
93.35 93.3 93.4 0.00698475026
93.45 93.4 93.5 0.007902389617
93.55 93.5 93.6 0.007412698164
93.65 93.6 93.7 0.007881304449
93.75 93.7 93.8 0.00799397936
93.85 93.8 93.9 0.003113254442
93.95 93.9 94 0.006960433163
94.05 94 94.1 0.004715039513
94.15 94.1 94.2 0.004924167027
94.25 94.2 94.3 0.007401772414
94.35 94.3 94.4 0.006125774428
94.45 94.4 94.5 0.005195670273
94.55 94.5 94.6 0.006287056352
94.65 94.6 94.7 0.008226899985
94.75 94.7 94.8 0.006506844497
94.85 94.8 94.9 0.006045648117
94.95 94.9 95 0.006132527599
95.05 95 95.1 0.005417677272
95.15 95.1 95.2 0.006689760594
95.25 95.2 95.3 0.004188444124
95.35 95.3 95.4 0.00549063853
95.45 95.4 95.5 0.005461945404
95.55 95.5 95.6 0.005929762289
95.65 95.6 95.7 0.006756096982
95.75 95.7 95.8 0.004516217675
95.85 95.8 95.9 0.00345111673
95.95 95.9 96 0.00685518506
96.05 96 96.1 0.006535187863
96.15 96.1 96.2 0.00579937362
96.25 96.2 96.3 0.006994392164
96.35 96.3 96.4 0.005029650749
96.45 96.4 96.5 0.006892626754
96.55 96.5 96.6 0.007274532325
96.65 96.6 96.7 0.005417149391
96.75 96.7 96.8 0.006900110419
96.85 96.8 96.9 0.007782894266
96.95 96.9 97 0.005787883994
97.05 97 97.1 0.005572769637
97.15 97.1 97.2 0.004306551578
97.25 97.2 97.3 0.006793739006
97.35 97.3 97.4 0.007181708565
97.45 97.4 97.5 0.006134310335
97.55 97.5 97.6 0.001776139955
97.65 97.6 97.7 0.008120835499
97.75 97.7 97.8 0.0046230135
97.85 97.8 97.9 0.004921412228
97.95 97.9 98 0.004976806266
98.05 98 98.1 0.004803077535
98.15 98.1 98.2 0.00588049206
98.25 98.2 98.3 0.006853456232
98.35 98.3 98.4 0.005054536146
98.45 98.4 98.5 0.004702527415
98.55 98.5 98.6 0.006248706714
98.65 98.6 98.7 0.004063817394
98.75 98.7 98.8 0.003913089669
98.85 98.8 98.9 0.004305351479
98.95 98.9 99 0.005733776352
99.05 99 99.1 0.006506196988
99.15 99.1 99.2 0.005275047896
99.25 99.2 99.3 0.005562670167
99.35 99.3 99.4 0.004441818045
99.45 99.4 99.5 0.006641459225
99.55 99.5 99.6 0.008392660616
99.65 99.6 99.7 0.004889377799
99.75 99.7 99.8 0.005813503048
99.85 99.8 99.9 0.004203313406
99.95 99.9 100 0.002554538467
100.05 100 100.1 0.004966842142
100.15 100.1 100.2 0.005322699011
100.25 100.2 100.3 0.004734510562
100.35 100.3 100.4 0.005528734733
100.45 100.4 100.5 0.004559954244
100.55 100.5 100.6 0.003230206535
100.65 100.6 100.7 0.006662230197
100.75 100.7 100.8 0.007563132472
100.85 100.8 100.9 0.004550350319
100.95 100.9 101 0.00534314648
101.05 101 101.1 0.004399177048
101.15 101.1 101.2 0.004452768849
101.25 101.2 101.3 0.004134839192
101.35 101.3 101.4 0.003293384856
101.45 101.4 101.5 0.005827266466
101.55 101.5 101.6 0.004370230546
101.65 101.6 101.7 0.00370464531
101.75 101.7 101.8 0.005942055238
101.85 101.8 101.9 0.004643419392
101.95 101.9 102 0.007699375776
102.05 102 102.1 0.004184104802
102.15 102.1 102.2 0.005974236453
102.25 102.2 102.3 0.003420704188
102.35 102.3 102.4 0.002659655897
102.45 102.4 102.5 0.006432489781
102.55 102.5 102.6 0.006934270596
102.65 102.6 102.7 0.003884589807
102.75 102.7 102.8 0.003891308187
102.85 102.8 102.9 0.007120990843
102.95 102.9 103 0.002915319916
103.05 103 103.1 0.00407977085
103.15 103.1 103.2 0.004683486381
103.25 103.2 103.3 0.004757233011
103.35 103.3 103.4 0.002697936403
103.45 103.4 103.5 0.0053152217
103.55 103.5 103.6 0.005146488345
103.65 103.6 103.7 0.006557597249
103.75 103.7 103.8 0.006991999653
103.85 103.8 103.9 0.00368009646
103.95 103.9 104 0.003969577827
104.05 104 104.1 0.003878013854
104.15 104.1 104.2 0.004534101497
104.25 104.2 104.3 0.005958350424
104.35 104.3 104.4 0.00418985416
104.45 104.4 104.5 0.005426407026
104.55 104.5 104.6 0.005109066543
104.65 104.6 104.7 0.005526431616
104.75 104.7 104.8 0.007191866805
104.85 104.8 104.9 0.002068193656
104.95 104.9 105 0.006102238375
105.05 105 105.1 0.004568953754
105.15 105.1 105.2 0.001303521686
105.25 105.2 105.3 0.005539554249
105.35 105.3 105.4 0.004567054082
105.45 105.4 105.5 0.00311315972
105.55 105.5 105.6 0.004876607433
105.65 105.6 105.7 0.003056246569
105.75 105.7 105.8 0.00241265148
105.85 105.8 105.9 0.005442133478
105.95 105.9 106 0.003879370795
106.05 106 106.1 0.005078581296
106.15 106.1 106.2 0.004430113282
106.25 106.2 106.3 0.005384075869
106.35 106.3 106.4 0.005768967183
106.45 106.4 106.5 0.005520859844
106.55 106.5 106.6 0.004704238715
106.65 106.6 106.7 0.005171647192
106.75 106.7 106.8 0.004639674761
106.85 106.8 106.9 0.00137819251
106.95 106.9 107 0.003927111695
107.05 107 107.1 0.004102529139
107.15 107.1 107.2 0.003087774428
107.25 107.2 107.3 0.003556298149
107.35 107.3 107.4 0.003778814429
107.45 107.4 107.5 0.0003557533389
107.55 107.5 107.6 0.004226736349
107.65 107.6 107.7 0.005456994908
107.75 107.7 107.8 0.002875911337
107.85 107.8 107.9 0.004245832792
107.95 107.9 108 0.004306134585
108.05 108 108.1 0.003021838898
108.15 108.1 108.2 0.003089416276
108.25 108.2 108.3 0.003699963609
108.35 108.3 108.4 0.00247049097
108.45 108.4 108.5 0.004769691294
108.55 108.5 108.6 0.004872946773
108.65 108.6 108.7 0.005135765782
108.75 108.7 108.8 0.003482199021
108.85 108.8 108.9 0.004985427677
108.95 108.9 109 0.005159496105
109.05 109 109.1 0.004399434285
109.15 109.1 109.2 0.006991726695
109.25 109.2 109.3 0.002955080673
109.35 109.3 109.4 0.003262244084
109.45 109.4 109.5 0.002481586371
109.55 109.5 109.6 0.00201126826
109.65 109.6 109.7 0.001597100572
109.75 109.7 109.8 0.004339071737
109.85 109.8 109.9 0.003774839829
109.95 109.9 110 0.003436567075
110.05 110 110.1 0.001983929901
110.15 110.1 110.2 0.002901937998
110.25 110.2 110.3 0.001677561381
110.35 110.3 110.4 0.00578840847
110.45 110.4 110.5 0.001764689554
110.55 110.5 110.6 0.002690574235
110.65 110.6 110.7 0.002524285097
110.75 110.7 110.8 0.004113538815
110.85 110.8 110.9 0.005957880428
110.95 110.9 111 0.002144063857
111.05 111 111.1 0.003882581095
111.15 111.1 111.2 0.00129155012
111.25 111.2 111.3 0.002952342518
111.35 111.3 111.4 0.004071657848
111.45 111.4 111.5 0.004243169235
111.55 111.5 111.6 0.003100672269
111.65 111.6 111.7 0.001990885552
111.75 111.7 111.8 0.0005660783089
111.85 111.8 111.9 0.003958338834
111.95 111.9 112 0.003539117743
112.05 112 112.1 0.001254436343
112.15 112.1 112.2 0.002949795811
112.25 112.2 112.3 0.001343797218
112.35 112.3 112.4 0.003410465884
112.45 112.4 112.5 0.002925870379
112.55 112.5 112.6 0.002652648922
112.65 112.6 112.7 0.003801245553
112.75 112.7 112.8 0.001098507759
112.85 112.8 112.9 0.001551131657
112.95 112.9 113 0.004049410878
113.05 113 113.1 0.004585033604
113.15 113.1 113.2 0.004003632217
113.25 113.2 113.3 0.002444225156
113.35 113.3 113.4 0.004976700114
113.45 113.4 113.5 0.00288318352
113.55 113.5 113.6 0.002943330336
113.65 113.6 113.7 0.001011997462
113.75 113.7 113.8 0.003939221985
113.85 113.8 113.9 0.002097590442
113.95 113.9 114 0.002625471248
114.05 114 114.1 0.001696020917
114.15 114.1 114.2 0.0007670593699
114.25 114.2 114.3 0.002157694384
114.35 114.3 114.4 0.002096589408
114.45 114.4 114.5 0.0008289937226
114.55 114.5 114.6 0.002202581318
114.65 114.6 114.7 0.001849278563
114.75 114.7 114.8 0.003170157119
114.85 114.8 114.9 0.00309237373
114.95 114.9 115 0.003311881363
115.05 115 115.1 0.002270350702
115.15 115.1 115.2 0.001313895563
115.25 115.2 115.3 0.003519135533
115.35 115.3 115.4 0.002474536624
115.45 115.4 115.5 0.002158759042
115.55 115.5 115.6 0.004198173839
115.65 115.6 115.7 0.001174849073
115.75 115.7 115.8 -0.0002974568443
115.85 115.8 115.9 0.001140934952
115.95 115.9 116 0.002139238681
116.05 116 116.1 0.001680696508
116.15 116.1 116.2 0.001031548831
116.25 116.2 116.3 0.003119068797
116.35 116.3 116.4 -0.0002618718279
116.45 116.4 116.5 0.002757843954
116.55 116.5 116.6 0.002763819316
116.65 116.6 116.7 0.0007751201685
116.75 116.7 116.8 0.001888538677
116.85 116.8 116.9 0.001690757335
116.95 116.9 117 0.0006144417958
117.05 117 117.1 0.002015230177
117.15 117.1 117.2 0.0003817641884
117.25 117.2 117.3 0.002429179732
117.35 117.3 117.4 0.0007339455708
117.45 117.4 117.5 0.0004819081714
117.55 117.5 117.6 0.001009710746
117.65 117.6 117.7 0.001094441033
117.75 117.7 117.8 -0.0010813829
117.85 117.8 117.9 0.001828003866
117.95 117.9 118 0.0007541486577
118.05 118 118.1 -0.0001170638885
118.15 118.1 118.2 0.001774092055
118.25 118.2 118.3 0.0007562085533
118.35 118.3 118.4 0.001322889462
118.45 118.4 118.5 0.001989424791
118.55 118.5 118.6 9.034375471e-05
118.65 118.6 118.7 0.003300534534
118.75 118.7 118.8 0.001452790317
118.85 118.8 118.9 -0.0001938535812
118.95 118.9 119 0.001072719944
119.05 119 119.1 -0.001312237636
119.15 119.1 119.2 0.0009854334788
119.25 119.2 119.3 0.001575158137
119.35 119.3 119.4 0.00180561707
119.45 119.4 119.5 -0.0005213465723
119.55 119.5 119.6 0.0001350841943
119.65 119.6 119.7 0.003571444794
119.75 119.7 119.8 0.001383894875
119.85 119.8 119.9 -0.001317459693
119.95 119.9 120 -0.001023923207
120.05 120 120.1 0.001115370699
120.15 120.1 120.2 -0.0003427693152
120.25 120.2 120.3 0.002143465019
120.35 120.3 120.4 -0.001824678692
120.45 120.4 120.5 0.002077832586
120.55 120.5 120.6 2.940863655e-05
120.65 120.6 120.7 -0.001199210371
120.75 120.7 120.8 0.00112612363
120.85 120.8 120.9 0.0004266610953
120.95 120.9 121 -0.0003591650884
121.05 121 121.1 -0.00160003191
121.15 121.1 121.2 0.00296605744
121.25 121.2 121.3 0.0002473933016
121.35 121.3 121.4 -0.0002462236248
121.45 121.4 121.5 0.0009472158524
121.55 121.5 121.6 -0.0002461756985
121.65 121.6 121.7 0.002030745212
121.75 121.7 121.8 0.0006926722192
121.85 121.8 121.9 -0.0002781958831
121.95 121.9 122 0.001505891382
122.05 122 122.1 3.494421837e-05
122.15 122.1 122.2 -0.0001059690098
122.25 122.2 122.3 0.0003383866896
122.35 122.3 122.4 -0.002265851039
122.45 122.4 122.5 0.0003915208387
122.55 122.5 122.6 0.001415668676
122.65 122.6 122.7 -0.0007892030571
122.75 122.7 122.8 -0.000546906555
122.85 122.8 122.9 0.002608898619
122.95 122.9 123 0.001325739442
123.05 123 123.1 0.001471846844
123.15 123.1 123.2 0.001547530375
123.25 123.2 123.3 -0.0002903082695
123.35 123.3 123.4 0.001319266155
123.45 123.4 123.5 0.00143427315
123.55 123.5 123.6 0.001309101189
123.65 123.6 123.7 0.0004112739759
123.75 123.7 123.8 0.0007070331137
123.85 123.8 123.9 0.0004391980946
123.95 123.9 124 -0.0002381059275
124.05 124 124.1 0.001057201608
124.15 124.1 124.2 -0.002015948347
124.25 124.2 124.3 0.001120711174
124.35 124.3 124.4 -0.0008232913917
124.45 124.4 124.5 -0.001789115725
124.55 124.5 124.6 -0.0009598357721
124.65 124.6 124.7 -0.001506943041
124.75 124.7 124.8 -0.0008303035946
124.85 124.8 124.9 -0.0005670018512
124.95 124.9 125 -0.0008490232458
125.05 125 125.1 -0.0006791235194
125.15 125.1 125.2 0.0002519516709
125.25 125.2 125.3 -0.001342735027
125.35 125.3 125.4 -2.551486678e-05
125.45 125.4 125.5 0.0001286278455
125.55 125.5 125.6 -0.002394747791
125.65 125.6 125.7 0.001254191064
125.75 125.7 125.8 0.0006540355952
125.85 125.8 125.9 -0.001228346432
125.95 125.9 126 0.001039698892
126.05 126 126.1 -0.0010603793
126.15 126.1 126.2 -0.0004288590447
126.25 126.2 126.3 -0.001054089926
126.35 126.3 126.4 0.0009134405717
126.45 126.4 126.5 0.0001370657479
126.55 126.5 126.6 8.674835072e-05
126.65 126.6 126.7 -0.003221785882
126.75 126.7 126.8 -0.002005610231
126.85 126.8 126.9 -0.002784700009
126.95 126.9 127 -0.000163967791
127.05 127 127.1 -0.0003069664233
127.15 127.1 127.2 -0.002242714467
127.25 127.2 127.3 -0.001079482343
127.35 127.3 127.4 -5.947437503e-05
127.45 127.4 127.5 0.0004959951136
127.55 127.5 127.6 -0.001262999173
127.65 127.6 127.7 -0.00146144086
127.75 127.7 127.8 0.0007310448701
127.85 127.8 127.9 -0.002406580692
127.95 127.9 128 -0.0001726681734
128.05 128 128.1 -0.001068384332
128.15 128.1 128.2 -0.001538376548
128.25 128.2 128.3 0.0006706052501
128.35 128.3 128.4 0.0005816313444
128.45 128.4 128.5 0.001045303707
128.55 128.5 128.6 -0.001024768581
128.65 128.6 128.7 -0.002208133195
128.75 128.7 128.8 -2.459443284e-05
128.85 128.8 128.9 -0.0002178164904
128.95 128.9 129 -0.00053355675
129.05 129 129.1 -0.002005359561
129.15 129.1 129.2 0.00156029508
129.25 129.2 129.3 -0.002312864584
129.35 129.3 129.4 -0.001002335333
129.45 129.4 129.5 -0.001080033292
129.55 129.5 129.6 -0.002355382116
129.65 129.6 129.7 -0.002272158275
129.75 129.7 129.8 -0.000891857854
129.85 129.8 129.9 0.0001916461058
129.95 129.9 130 -0.002135055404
130.05 130 130.1 -0.00195026975
130.15 130.1 130.2 0.000482817851
130.25 130.2 130.3 3.726117408e-05
130.35 130.3 130.4 -0.001693642991
130.45 130.4 130.5 0.0004190906596
130.55 130.5 130.6 -0.002070844073
130.65 130.6 130.7 -0.0003621994761
130.75 130.7 130.8 -0.001685701823
130.85 130.8 130.9 -0.00180189107
130.95 130.9 131 -0.0002334893348
131.05 131 131.1 0.0009679778547
131.15 131.1 131.2 -0.0008703248226
131.25 131.2 131.3 0.0002045678674
131.35 131.3 131.4 -0.002281142813
131.45 131.4 131.5 -0.001275619729
131.55 131.5 131.6 -0.001561432026
131.65 131.6 131.7 -0.001824021707
131.75 131.7 131.8 0.0001203199416
131.85 131.8 131.9 0.0001537272498
131.95 131.9 132 0.0005848730346
132.05 132 132.1 -0.0002886211247
132.15 132.1 132.2 -0.00150355561
132.25 132.2 132.3 -0.002268582346
132.35 132.3 132.4 -0.0006882463792
132.45 132.4 132.5 4.446997893e-05
132.55 132.5 132.6 0.0003706237538
132.65 132.6 132.7 -0.001587266001
132.75 132.7 132.8 -0.001805082519
132.85 132.8 132.9 -0.0007680734302
132.95 132.9 133 -0.001886351111
133.05 133 133.1 -0.001442957332
133.15 133.1 133.2 -0.001372538772
133.25 133.2 133.3 -0.0007988316831
133.35 133.3 133.4 -0.0008018126489
133.45 133.4 133.5 -0.0015015172
133.55 133.5 133.6 -0.0008228123944
133.65 133.6 133.7 -0.001356686965
133.75 133.7 133.8 0.0006246967083
133.85 133.8 133.9 -0.0004050446568
133.95 133.9 134 -0.000481763149
134.05 134 134.1 -0.001110837483
134.15 134.1 134.2 -0.001056271863
134.25 134.2 134.3 -0.001050314297
134.35 134.3 134.4 -0.002101149058
134.45 134.4 134.5 0.0005224886597
134.55 134.5 134.6 0.0006064812913
134.65 134.6 134.7 -0.0004170291806
134.75 134.7 134.8 5.136105111e-05
134.85 134.8 134.9 -0.001207966611
134.95 134.9 135 -0.0004416459176
135.05 135 135.1 -0.002289876671
135.15 135.1 135.2 -0.001946439007
135.25 135.2 135.3 -0.0007885393385
135.35 135.3 135.4 -0.002127888344
135.45 135.4 135.5 -0.0009573512615
135.55 135.5 135.6 -0.0003487453615
135.65 135.6 135.7 -0.0007322664317
135.75 135.7 135.8 -0.002765199244
135.85 135.8 135.9 -0.001350491066
135.95 135.9 136 -0.001164350095
136.05 136 136.1 -0.0008993255214
136.15 136.1 136.2 -0.001410303435
136.25 136.2 136.3 -0.001861851228
136.35 136.3 136.4 0.0006157359851
136.45 136.4 136.5 0.0006062749827
136.55 136.5 136.6 0.0004852199178
136.65 136.6 136.7 -0.0006029718395
136.75 136.7 136.8 -0.0008491992712
136.85 136.8 136.9 -0.001578696959
136.95 136.9 137 -0.001826480475
137.05 137 137.1 0.000317827956
137.15 137.1 137.2 -0.001210493238
137.25 137.2 137.3 -0.0004869994741
137.35 137.3 137.4 -0.001637070369
137.45 137.4 137.5 -0.0009560865093
137.55 137.5 137.6 -0.0006095908968
137.65 137.6 137.7 -0.003211021313
137.75 137.7 137.8 -0.00202463659
137.85 137.8 137.9 -0.0009292813029
137.95 137.9 138 -0.002146710748
138.05 138 138.1 -8.016721036e-05
138.15 138.1 138.2 -0.001457478184
138.25 138.2 138.3 -0.0005712737364
138.35 138.3 138.4 -0.001986901131
138.45 138.4 138.5 0.0001155967939
138.55 138.5 138.6 -0.00168545127
138.65 138.6 138.7 -0.004065993196
138.75 138.7 138.8 -0.00112010203
138.85 138.8 138.9 0.0003609610441
138.95 138.9 139 -0.001716667842
139.05 139 139.1 -0.0008443104012
139.15 139.1 139.2 -2.92299939e-06
139.25 139.2 139.3 -0.002389790819
139.35 139.3 139.4 -0.000726128706
139.45 139.4 139.5 -0.002912029822
139.55 139.5 139.6 -0.002528880938
139.65 139.6 139.7 -0.0003504625291
139.75 139.7 139.8 -9.994797294e-05
139.85 139.8 139.9 -0.001053481841
139.95 139.9 140 -0.002744194953
140.05 140 140.1 3.290352522e-05
140.15 140.1 140.2 -0.001634775958
140.25 140.2 140.3 -0.001628831273
140.35 140.3 140.4 0.0009825313942
140.45 140.4 140.5 0.001776566624
140.55 140.5 140.6 -0.0009155588177
140.65 140.6 140.7 -0.002123474142
140.75 140.7 140.8 -0.001759568717
140.85 140.8 140.9 -0.001317210039
140.95 140.9 141 -0.0008447200581
141.05 141 141.1 -0.0008972870473
141.15 141.1 141.2 -0.002669691567
141.25 141.2 141.3 0.0003212042835
141.35 141.3 141.4 -0.0007027706761
141.45 141.4 141.5 0.001238610946
141.55 141.5 141.6 5.681928266e-05
141.65 141.6 141.7 0.0003780661589
141.75 141.7 141.8 -0.0004121552208
141.85 141.8 141.9 -0.002412548878
141.95 141.9 142 -0.00216589315
142.05 142 142.1 -0.0009682338735
142.15 142.1 142.2 -0.002266162725
142.25 142.2 142.3 -0.001605602481
142.35 142.3 142.4 -0.002446823274
142.45 142.4 142.5 -0.002211275068
142.55 142.5 142.6 -0.001151171003
142.65 142.6 142.7 -0.00126798672
142.75 142.7 142.8 -0.001099834341
142.85 142.8 142.9 -0.002195126041
142.95 142.9 143 -0.0002296648194
143.05 143 143.1 -2.369262825e-05
143.15 143.1 143.2 -0.001821883205
143.25 143.2 143.3 -0.001590056338
143.35 143.3 143.4 -0.0006980070285
143.45 143.4 143.5 0.0004157181687
143.55 143.5 143.6 -0.00225045643
143.65 143.6 143.7 -0.002214884143
143.75 143.7 143.8 -0.00281007215
143.85 143.8 143.9 -0.0006803527748
143.95 143.9 144 -0.00189598854
144.05 144 144.1 -0.000978672985
144.15 144.1 144.2 -0.0009384899592
144.25 144.2 144.3 -0.001566788052
144.35 144.3 144.4 -0.001931460117
144.45 144.4 144.5 -0.002043548186
144.55 144.5 144.6 -0.00159446053
144.65 144.6 144.7 -0.001818943931
144.75 144.7 144.8 -0.002222331255
144.85 144.8 144.9 -7.211166404e-05
144.95 144.9 145 -0.0001623842476
145.05 145 145.1 -0.002406049028
145.15 145.1 145.2 -0.003163269482
145.25 145.2 145.3 -0.0008485308401
145.35 145.3 145.4 -0.00134939903
145.45 145.4 145.5 0.0007144772059
145.55 145.5 145.6 -0.000240257565
145.65 145.6 145.7 -0.001802652652
145.75 145.7 145.8 -0.0008915915296
145.85 145.8 145.9 -0.001631745633
145.95 145.9 146 0.0001140949177
146.05 146 146.1 -0.0009878940418
146.15 146.1 146.2 -5.530349886e-05
146.25 146.2 146.3 -0.0008838042385
146.35 146.3 146.4 -0.001120152507
146.45 146.4 146.5 -0.002418764679
146.55 146.5 146.6 -0.001054827213
146.65 146.6 146.7 -0.001197460116
146.75 146.7 146.8 -0.0020734826
146.85 146.8 146.9 -0.001084665424
146.95 146.9 147 -0.0004357662692
147.05 147 147.1 -0.0009954911639
147.15 147.1 147.2 -0.002362019427
147.25 147.2 147.3 -0.001467327675
147.35 147.3 147.4 -0.003786222848
147.45 147.4 147.5 -0.0006904419462
147.55 147.5 147.6 -0.0007272775111
147.65 147.6 147.7 -0.002137568089
147.75 147.7 147.8 -0.0003663346107
147.85 147.8 147.9 -0.0004088769533
147.95 147.9 148 -0.002736213907
148.05 148 148.1 -0.001164900924
148.15 148.1 148.2 -0.00223908725
148.25 148.2 148.3 -0.0006410931414
148.35 148.3 148.4 -0.002615926506
148.45 148.4 148.5 -0.001943888353
148.55 148.5 148.6 0.0008650231329
148.65 148.6 148.7 -0.0005367988591
148.75 148.7 148.8 8.154394328e-05
148.85 148.8 148.9 -0.001668321042
148.95 148.9 149 -0.0008689823142
149.05 149 149.1 -6.706366733e-05
149.15 149.1 149.2 -0.002027816259
149.25 149.2 149.3 -0.001377101838
149.35 149.3 149.4 -0.0002847338388
149.45 149.4 149.5 -0.001692837842
149.55 149.5 149.6 -0.0001619498337
149.65 149.6 149.7 -0.001815441836
149.75 149.7 149.8 -0.001772698241
149.85 149.8 149.9 -0.002011010117
149.95 149.9 150 -0.002769728683
150.05 150 150.1 -0.001199270997
150.15 150.1 150.2 -0.001176975828
150.25 150.2 150.3 -0.001446416981
150.35 150.3 150.4 -0.000701000223
150.45 150.4 150.5 -0.001464912358
150.55 150.5 150.6 -0.0002751317724
150.65 150.6 150.7 -0.001248084258
150.75 150.7 150.8 -0.002181519789
150.85 150.8 150.9 -0.002311982636
150.95 150.9 151 -0.00263560854
151.05 151 151.1 -0.002818371761
151.15 151.1 151.2 -0.0003448474725
151.25 151.2 151.3 -0.001428122301
151.35 151.3 151.4 -0.002733576893
151.45 151.4 151.5 -0.001238602779
151.55 151.5 151.6 -0.001610181536
151.65 151.6 151.7 -0.002807190111
151.75 151.7 151.8 -0.0008259985813
151.85 151.8 151.9 -0.002013841628
151.95 151.9 152 -0.0006119637141
152.05 152 152.1 -0.001490433374
152.15 152.1 152.2 -0.002662105187
152.25 152.2 152.3 -0.0007588618397
152.35 152.3 152.4 -0.0009851764918
152.45 152.4 152.5 -0.0007665012572
152.55 152.5 152.6 -0.001938326271
152.65 152.6 152.7 -0.001648651356
152.75 152.7 152.8 -0.001682998238
152.85 152.8 152.9 -0.0004215518734
152.95 152.9 153 -0.0008733954894
153.05 153 153.1 -0.003007969462
153.15 153.1 153.2 -0.00081044681
153.25 153.2 153.3 -0.00216609911
153.35 153.3 153.4 0.0003435593296
153.45 153.4 153.5 -0.000221200383
153.55 153.5 153.6 -0.001007685565
153.65 153.6 153.7 -0.0008915266778
153.75 153.7 153.8 0.0003880827562
153.85 153.8 153.9 0.001118388949
153.95 153.9 154 0.0003184023448
154.05 154 154.1 -0.0006342920982
154.15 154.1 154.2 -0.001488093896
154.25 154.2 154.3 -0.002132188642
154.35 154.3 154.4 -0.001717534838
154.45 154.4 154.5 0.0002384941287
154.55 154.5 154.6 -0.00265503131
154.65 154.6 154.7 -0.000598709562
154.75 154.7 154.8 -0.001637902279
154.85 154.8 154.9 -0.001906206532
154.95 154.9 155 -0.001184564263
155.05 155 155.1 -0.0003288839133
155.15 155.1 155.2 -0.00332944186
155.25 155.2 155.3 -0.001989995577
155.35 155.3 155.4 -0.001952363687
155.45 155.4 155.5 -0.0009034870978
155.55 155.5 155.6 0.0006699076479
155.65 155.6 155.7 -0.0007398205801
155.75 155.7 155.8 -0.0009016330648
155.85 155.8 155.9 4.665922128e-05
155.95 155.9 156 -0.00163558464
156.05 156 156.1 -0.002019900265
156.15 156.1 156.2 -0.000508409214
156.25 156.2 156.3 -0.0009251565295
156.35 156.3 156.4 -0.002238175113
156.45 156.4 156.5 0.0002463885968
156.55 156.5 156.6 -0.001526143367
156.65 156.6 156.7 -0.0005036159096
156.75 156.7 156.8 -0.001062488669
156.85 156.8 156.9 -0.001727459531
156.95 156.9 157 -0.0007162890796
157.05 157 157.1 -0.001057584523
157.15 157.1 157.2 -0.0007100531137
157.25 157.2 157.3 -0.00109909263
157.35 157.3 157.4 -0.0001080607225
157.45 157.4 157.5 -0.0005679421481
157.55 157.5 157.6 4.006281955e-06
157.65 157.6 157.7 -0.00182685687
157.75 157.7 157.8 -0.001452001503
157.85 157.8 157.9 -0.0001202237257
157.95 157.9 158 -0.001477637115
158.05 158 158.1 0.0003029841754
158.15 158.1 158.2 -0.000813267337
158.25 158.2 158.3 -0.0002028069268
158.35 158.3 158.4 -0.0003459469002
158.45 158.4 158.5 -0.003392542907
158.55 158.5 158.6 -0.0005675165866
158.65 158.6 158.7 -0.001614425413
158.75 158.7 158.8 -0.001053465054
158.85 158.8 158.9 -0.0003857860562
158.95 158.9 159 -0.002076607361
159.05 159 159.1 -0.0009970047846
159.15 159.1 159.2 -0.001437386594
159.25 159.2 159.3 -0.002484914464
159.35 159.3 159.4 -0.001173849473
159.45 159.4 159.5 -0.001687932652
159.55 159.5 159.6 -0.002228184339
159.65 159.6 159.7 -0.001962054904
159.75 159.7 159.8 0.0001218530903
159.85 159.8 159.9 0.0002258917779
159.95 159.9 160 0.0003225430906
160.05 160 160.1 -0.0009758342951
160.15 160.1 160.2 -0.001149310739
160.25 160.2 160.3 -0.002971388364
160.35 160.3 160.4 -0.001167495895
160.45 160.4 160.5 -0.0009639458588
160.55 160.5 160.6 -0.0009038639598
160.65 160.6 160.7 0.001068844426
160.75 160.7 160.8 0.0001315242582
160.85 160.8 160.9 -0.0007168716912
160.95 160.9 161 -0.001393956516
161.05 161 161.1 -0.001987497423
161.15 161.1 161.2 -0.001312684482
161.25 161.2 161.3 -0.001791824654
161.35 161.3 161.4 -0.00149185326
161.45 161.4 161.5 -0.0008854637138
161.55 161.5 161.6 0.0002010402822
161.65 161.6 161.7 -0.0008856790244
161.75 161.7 161.8 -0.0005775256291
161.85 161.8 161.9 0.0002572706344
161.95 161.9 162 -0.001150018025
162.05 162 162.1 -0.001895406679
162.15 162.1 162.2 -0.0002745561724
162.25 162.2 162.3 -0.001515604846
162.35 162.3 162.4 0.0002228326931
162.45 162.4 162.5 -0.0001108621992
162.55 162.5 162.6 -0.001148191438
162.65 162.6 162.7 -0.0001887896025
162.75 162.7 162.8 -0.001187650599
162.85 162.8 162.9 -0.000742080809
162.95 162.9 163 -0.001621690706
163.05 163 163.1 3.490686215e-05
163.15 163.1 163.2 -0.001215235659
163.25 163.2 163.3 -0.00157754908
163.35 163.3 163.4 -0.0008809724889
163.45 163.4 163.5 0.0006643365673
163.55 163.5 163.6 -0.001034452951
163.65 163.6 163.7 -0.0008467514333
163.75 163.7 163.8 -0.000749183671
163.85 163.8 163.9 -0.001331445614
163.95 163.9 164 -0.002124660146
164.05 164 164.1 -0.001698933759
164.15 164.1 164.2 -3.032685887e-05
164.25 164.2 164.3 -0.000438112022
164.35 164.3 164.4 -0.000435870881
164.45 164.4 164.5 -0.00158898842
164.55 164.5 164.6 0.0005932869275
164.65 164.6 164.7 -0.001393435788
164.75 164.7 164.8 0.0005196484678
164.85 164.8 164.9 -0.001709729577
164.95 164.9 165 -0.0006426600077
165.05 165 165.1 0.0005196446921
165.15 165.1 165.2 -0.001561106849
165.25 165.2 165.3 0.0006745823204
165.35 165.3 165.4 -0.0003521987113
165.45 165.4 165.5 -0.0009022830385
165.55 165.5 165.6 0.0001972020377
165.65 165.6 165.7 -0.000254758471
165.75 165.7 165.8 -0.0001929883822
165.85 165.8 165.9 -0.0005447061332
165.95 165.9 166 -0.002336726645
166.05 166 166.1 0.0005580504599
166.15 166.1 166.2 -0.001680251081
166.25 166.2 166.3 -0.0009841486485
166.35 166.3 166.4 0.0002164166775
166.45 166.4 166.5 -0.002841035395
166.55 166.5 166.6 2.86438379e-06
166.65 166.6 166.7 -0.00194031264
166.75 166.7 166.8 -0.001655037544
166.85 166.8 166.9 -0.0002638286374
166.95 166.9 167 -0.0004040375819
167.05 167 167.1 0.001103621713
167.15 167.1 167.2 -0.0009291886975
167.25 167.2 167.3 -0.00144463422
167.35 167.3 167.4 -0.001096601483
167.45 167.4 167.5 -0.0008706285113
167.55 167.5 167.6 -0.00148981454
167.65 167.6 167.7 0.001261881343
167.75 167.7 167.8 0.0003448169367
167.85 167.8 167.9 0.00116637184
167.95 167.9 168 9.706284742e-05
168.05 168 168.1 0.0003048793944
168.15 168.1 168.2 -0.0002560667895
168.25 168.2 168.3 -0.0005026295299
168.35 168.3 168.4 -0.0003368835423
168.45 168.4 168.5 -0.0001290007128
168.55 168.5 168.6 -0.0003988975284
168.65 168.6 168.7 0.0003493764636
168.75 168.7 168.8 0.0004510184857
168.85 168.8 168.9 -0.0005925939212
168.95 168.9 169 0.0007377904016
169.05 169 169.1 -0.0006434242824
169.15 169.1 169.2 -0.0002610746187
169.25 169.2 169.3 0.0003414930117
169.35 169.3 169.4 -0.0005892367501
169.45 169.4 169.5 -0.0001971212965
169.55 169.5 169.6 -0.0008978949264
169.65 169.6 169.7 -0.001501199521
169.75 169.7 169.8 0.0004982179354
169.85 169.8 169.9 0.001736993286
169.95 169.9 170 -0.001041669788
170.05 170 170.1 -0.0003410663608
170.15 170.1 170.2 -0.000856542842
170.25 170.2 170.3 0.0008627356326
170.35 170.3 170.4 -0.0007872881958
170.45 170.4 170.5 -0.001426637041
170.55 170.5 170.6 -0.001094844527
170.65 170.6 170.7 -0.001124735608
170.75 170.7 170.8 -0.0003165098997
170.85 170.8 170.9 0.0002585460939
170.95 170.9 171 0.001339185209
171.05 171 171.1 -0.000330399697
171.15 171.1 171.2 -0.0007336803836
171.25 171.2 171.3 -0.001744168725
171.35 171.3 171.4 0.0003616657315
171.45 171.4 171.5 -0.0009563225521
171.55 171.5 171.6 -0.000445874314
171.65 171.6 171.7 -0.001820427854
171.75 171.7 171.8 0.002084188392
171.85 171.8 171.9 0.0001052566563
171.95 171.9 172 0.0008363388985
172.05 172 172.1 -0.001169574774
172.15 172.1 172.2 0.0004074379131
172.25 172.2 172.3 -0.001273005934
172.35 172.3 172.4 -0.000274508335
172.45 172.4 172.5 -0.0003217154664
172.55 172.5 172.6 0.0005753063423
172.65 172.6 172.7 -2.534258982e-05
172.75 172.7 172.8 -0.0006151039894
172.85 172.8 172.9 -0.001126365329
172.95 172.9 173 -0.0006727145813
173.05 173 173.1 -0.0005942270129
173.15 173.1 173.2 -0.0001178795785
173.25 173.2 173.3 -0.001595896526
173.35 173.3 173.4 0.001793913424
173.45 173.4 173.5 -0.001037494483
173.55 173.5 173.6 -0.0006925185378
173.65 173.6 173.7 -0.002468260202
173.75 173.7 173.8 -0.0009424346987
173.85 173.8 173.9 -0.0006553649682
173.95 173.9 174 -0.0001094647541
174.05 174 174.1 -0.002271498949
174.15 174.1 174.2 0.0005592472605
174.25 174.2 174.3 -3.633559805e-06
174.35 174.3 174.4 -0.0002338598275
174.45 174.4 174.5 -0.0009165259187
174.55 174.5 174.6 -0.0002993320669
174.65 174.6 174.7 -0.0009223390982
174.75 174.7 174.8 -0.001888387849
174.85 174.8 174.9 -0.0007295600414
174.95 174.9 175 -0.0003467625331
175.05 175 175.1 -0.0004228279368
175.15 175.1 175.2 -0.00161079993
175.25 175.2 175.3 0.0009908859137
175.35 175.3 175.4 0.0008804170797
175.45 175.4 175.5 0.0009657337067
175.55 175.5 175.6 -0.001371749301
175.65 175.6 175.7 0.00102546038
175.75 175.7 175.8 2.136011344e-06
175.85 175.8 175.9 0.0002021342383
175.95 175.9 176 -0.001449896175
176.05 176 176.1 -0.0005418580061
176.15 176.1 176.2 0.00194198547
176.25 176.2 176.3 0.0002232610959
176.35 176.3 176.4 -0.001171994037
176.45 176.4 176.5 -0.001428155015
176.55 176.5 176.6 -0.0001062262851
176.65 176.6 176.7 0.0003615308255
176.75 176.7 176.8 0.0006426976391
176.85 176.8 176.9 0.0004476720047
176.95 176.9 177 -0.0005180556719
177.05 177 177.1 0.0004632344201
177.15 177.1 177.2 -0.002355460464
177.25 177.2 177.3 6.826515447e-05
177.35 177.3 177.4 -0.001868605008
177.45 177.4 177.5 0.000221660501
177.55 177.5 177.6 0.000215635073
177.65 177.6 177.7 -0.0002195826264
177.75 177.7 177.8 -0.0009135578497
177.85 177.8 177.9 0.000412824402
177.95 177.9 178 -0.001075266767
178.05 178 178.1 0.0002372170009
178.15 178.1 178.2 -0.002935941005
178.25 178.2 178.3 -0.0004035336251
178.35 178.3 178.4 -0.0002632573878
178.45 178.4 178.5 -0.0009571962049
178.55 178.5 178.6 -0.0002674832305
178.65 178.6 178.7 -0.0005555517755
178.75 178.7 178.8 -0.002037159399
178.85 178.8 178.9 0.000667923469
178.95 178.9 179 0.001032867979
179.05 179 179.1 -0.0002886087818
179.15 179.1 179.2 -0.0007081504048
179.25 179.2 179.3 -0.0006089658725
179.35 179.3 179.4 -0.0008542026141
179.45 179.4 179.5 -0.00183563209
179.55 179.5 179.6 -0.0003304719484
179.65 179.6 179.7 -0.0003323281092
179.75 179.7 179.8 -0.0003068305247
179.85 179.8 179.9 -0.0001939981328
179.95 179.9 180 0.0003155906004
180.05 180 180.1 -0.0001054552745
180.15 180.1 180.2 -0.0009812143149
180.25 180.2 180.3 0.0008399702672
180.35 180.3 180.4 -0.001462017968
180.45 180.4 180.5 -0.0002521487858
180.55 180.5 180.6 0.001563495467
180.65 180.6 180.7 -0.0005615074402
180.75 180.7 180.8 -0.0001948258326
180.85 180.8 180.9 -0.0011041393
180.95 180.9 181 0.0002890513958
181.05 181 181.1 -0.0008128772152
181.15 181.1 181.2 -0.0005116383045
181.25 181.2 181.3 -0.0005552840173
181.35 181.3 181.4 -0.001601542173
181.45 181.4 181.5 0.0002990495417
181.55 181.5 181.6 -0.001183151681
181.65 181.6 181.7 0.0001367852636
181.75 181.7 181.8 -0.0001633154348
181.85 181.8 181.9 -0.00140805684
181.95 181.9 182 -0.0008179626177
182.05 182 182.1 -9.635426426e-05
182.15 182.1 182.2 0.0001101445732
182.25 182.2 182.3 -0.001271135519
182.35 182.3 182.4 -0.0009244369622
182.45 182.4 182.5 -0.000596132657
182.55 182.5 182.6 0.0009715545137
182.65 182.6 182.7 -0.00174453886
182.75 182.7 182.8 -0.001455032121
182.85 182.8 182.9 -0.0007981548818
182.95 182.9 183 -0.001525074858
183.05 183 183.1 0.0004280959637
183.15 183.1 183.2 -0.0001257162419
183.25 183.2 183.3 -0.0003736125083
183.35 183.3 183.4 -0.0004723680984
183.45 183.4 183.5 -0.0001613436764
183.55 183.5 183.6 0.001078733682
183.65 183.6 183.7 2.00155313e-05
183.75 183.7 183.8 -0.0003294881789
183.85 183.8 183.9 0.0001222143188
183.95 183.9 184 0.0001181149827
184.05 184 184.1 0.0004890572009
184.15 184.1 184.2 0.0006067189505
184.25 184.2 184.3 6.943807536e-05
184.35 184.3 184.4 -0.0006310853568
184.45 184.4 184.5 -0.0002411952134
184.55 184.5 184.6 -0.001522191522
184.65 184.6 184.7 -0.001431985436
184.75 184.7 184.8 -0.00154149303
184.85 184.8 184.9 0.0001923049405
184.95 184.9 185 -0.001789672752
185.05 185 185.1 -0.001125962427
185.15 185.1 185.2 0.000541005939
185.25 185.2 185.3 0.0003833774927
185.35 185.3 185.4 -0.0007958944871
185.45 185.4 185.5 0.0003289881289
185.55 185.5 185.6 -0.0009457953332
185.65 185.6 185.7 -0.002305289225
185.75 185.7 185.8 -0.0003232697882
185.85 185.8 185.9 -0.0004371207936
185.95 185.9 186 -0.0007906373799
186.05 186 186.1 -0.001200694276
186.15 186.1 186.2 -0.0002753840637
186.25 186.2 186.3 0.0001325056848
186.35 186.3 186.4 0.0007071774175
186.45 186.4 186.5 -0.0004668975859
186.55 186.5 186.6 -0.001293095117
186.65 186.6 186.7 -0.0009592561539
186.75 186.7 186.8 -0.0009446639557
186.85 186.8 186.9 0.0003918525061
186.95 186.9 187 0.0007797558786
187.05 187 187.1 -0.001217992965
187.15 187.1 187.2 -0.001312691651
187.25 187.2 187.3 0.0003136864319
187.35 187.3 187.4 -0.0001762270428
187.45 187.4 187.5 -0.002512148921
187.55 187.5 187.6 -0.001733578551
187.65 187.6 187.7 -0.001002935535
187.75 187.7 187.8 -0.0005277572548
187.85 187.8 187.9 -0.0003193705867
187.95 187.9 188 -0.0008673846919
188.05 188 188.1 -0.00116759848
188.15 188.1 188.2 -6.761160012e-05
188.25 188.2 188.3 -4.783274628e-05
188.35 188.3 188.4 -0.0001934309969
188.45 188.4 188.5 -0.0002254563404
188.55 188.5 188.6 -0.0009480650743
188.65 188.6 188.7 0.0006049496259
188.75 188.7 188.8 -0.0003579077057
188.85 188.8 188.9 -0.001620578863
188.95 188.9 189 -0.001084179531
189.05 189 189.1 -0.0008450999767
189.15 189.1 189.2 8.777129236e-05
189.25 189.2 189.3 -0.001965833091
189.35 189.3 189.4 0.0004303550904
189.45 189.4 189.5 -0.0009821523379
189.55 189.5 189.6 -0.001057840167
189.65 189.6 189.7 -0.0004926111935
189.75 189.7 189.8 -0.0003185536481
189.85 189.8 189.9 -0.001529610336
189.95 189.9 190 -0.001309290488
190.05 190 190.1 -0.0002713508954
190.15 190.1 190.2 -0.0005032008508
190.25 190.2 190.3 6.766337968e-05
190.35 190.3 190.4 -0.0001188874135
190.45 190.4 190.5 -0.0006258638982
190.55 190.5 190.6 1.257744227e-05
190.65 190.6 190.7 -0.002312795853
190.75 190.7 190.8 -0.0007906342802
190.85 190.8 190.9 -0.0005697537709
190.95 190.9 191 -0.0006941381902
191.05 191 191.1 0.0008702426085
191.15 191.1 191.2 -0.0002429651718
191.25 191.2 191.3 -0.0001421917479
191.35 191.3 191.4 -0.001241248865
191.45 191.4 191.5 -0.001628251275
191.55 191.5 191.6 -0.0005755043584
191.65 191.6 191.7 0.0002627837707
191.75 191.7 191.8 -0.0002996719249
191.85 191.8 191.9 -0.00117023922
191.95 191.9 192 -0.0008263865925
192.05 192 192.1 -0.0008046654858
192.15 192.1 192.2 -0.001132185169
192.25 192.2 192.3 -0.001395539657
192.35 192.3 192.4 -0.0004045545728
192.45 192.4 192.5 -0.0006439080437
192.55 192.5 192.6 -0.0003696482626
192.65 192.6 192.7 -0.0006307715814
192.75 192.7 192.8 -0.001385607582
192.85 192.8 192.9 -0.0009811829729
192.95 192.9 193 2.453530776e-05
193.05 193 193.1 -0.001457552739
193.15 193.1 193.2 0.001105592517
193.25 193.2 193.3 -0.0001484990115
193.35 193.3 193.4 8.346557027e-05
193.45 193.4 193.5 0.0008236318071
193.55 193.5 193.6 -0.001265027698
193.65 193.6 193.7 -0.0007959102901
193.75 193.7 193.8 -0.0005955782306
193.85 193.8 193.9 -0.001099326591
193.95 193.9 194 -0.0008285988798
194.05 194 194.1 -0.0002388390203
194.15 194.1 194.2 0.00113964641
194.25 194.2 194.3 -0.0006584471186
194.35 194.3 194.4 -0.0004196271558
194.45 194.4 194.5 -0.002039239887
194.55 194.5 194.6 -0.0003282888468
194.65 194.6 194.7 -0.001285377409
194.75 194.7 194.8 -0.001285015409
194.85 194.8 194.9 0.0003958692377
194.95 194.9 195 -0.0006888790575
195.05 195 195.1 -0.0003710057574
195.15 195.1 195.2 -0.001184594113
195.25 195.2 195.3 -0.001665492926
195.35 195.3 195.4 0.0002077907635
195.45 195.4 195.5 0.0003622009869
195.55 195.5 195.6 -0.0004756587008
195.65 195.6 195.7 2.827907397e-06
195.75 195.7 195.8 -7.549371923e-05
195.85 195.8 195.9 -0.002126505761
195.95 195.9 196 -0.0001451553608
196.05 196 196.1 -0.001838105531
196.15 196.1 196.2 0.0005666128651
196.25 196.2 196.3 -0.0004867952088
196.35 196.3 196.4 -0.0004749002378
196.45 196.4 196.5 -0.001577545456
196.55 196.5 196.6 9.760972091e-06
196.65 196.6 196.7 0.000335763524
196.75 196.7 196.8 -0.00110489731
196.85 196.8 196.9 -0.001014264254
196.95 196.9 197 0.0003201204207
197.05 197 197.1 -0.0006644521113
197.15 197.1 197.2 0.000473803508
197.25 197.2 197.3 0.0002701002644
197.35 197.3 197.4 -6.845867689e-05
197.45 197.4 197.5 -0.0002441249925
197.55 197.5 197.6 -0.000764008672
197.65 197.6 197.7 0.0002448047707
197.75 197.7 197.8 0.0005384047385
197.85 197.8 197.9 -9.113932895e-05
197.95 197.9 198 -0.001795621878
198.05 198 198.1 -0.0007674087731
198.15 198.1 198.2 -0.0009316317525
198.25 198.2 198.3 0.0007424390379
198.35 198.3 198.4 -0.001681715714
198.45 198.4 198.5 -0.000702307356
198.55 198.5 198.6 -0.0003998220022
198.65 198.6 198.7 -0.0004843724245
198.75 198.7 198.8 -0.0008371103092
198.85 198.8 198.9 -0.0008650064135
198.95 198.9 199 -0.0005380105174
199.05 199 199.1 -5.33243545e-05
199.15 199.1 199.2 -0.002144491942
199.25 199.2 199.3 -0.001493496125
199.35 199.3 199.4 0.0005229882843
199.45 199.4 199.5 0.0004840310138
199.55 199.5 199.6 0.0001385615237
199.65 199.6 199.7 -0.001031331994
199.75 199.7 199.8 0.0004746734663
199.85 199.8 199.9 2.123369211e-05
199.95 199.9 200 -0.0009815618098
